3493 450 600
181 549 0 0
180 549 0 0
179 549 0 0
178 549 0 0
177 549 0 0
176 549 0 0
175 549 0 0
174 549 0 0
173 549 0 0
172 549 0 0
171 549 0 0
170 549 0 0
169 549 0 0
168 549 0 0
167 549 0 0
166 549 0 0
165 549 0 0
164 549 0 0
186 548 0 0
185 548 0 0
184 548 0 0
183 548 0 0
182 548 0 0
181 548 0 0
180 548 0 0
179 548 0 0
178 548 0 0
177 548 0 0
176 548 0 0
175 548 0 0
174 548 0 0
173 548 0 0
172 548 0 0
171 548 0 0
170 548 0 0
169 548 0 0
168 548 0 0
167 548 0 0
166 548 0 0
165 548 0 0
164 548 0 0
163 548 0 0
190 547 0 0
189 547 0 0
188 547 0 0
187 547 0 0
186 547 0 0
185 547 0 0
184 547 0 0
183 547 0 0
182 547 0 0
181 547 0 0
180 547 0 0
179 547 0 0
178 547 0 0
177 547 0 0
176 547 0 0
175 547 0 0
174 547 0 0
173 547 0 0
172 547 0 0
171 547 0 0
170 547 0 0
169 547 0 0
168 547 0 0
167 547 0 0
166 547 0 0
165 547 0 0
164 547 0 0
163 547 0 0
162 547 0 0
161 547 0 0
190 546 0 0
189 546 0 0
188 546 0 0
187 546 0 0
186 546 0 0
185 546 0 0
184 546 0 0
183 546 0 0
182 546 0 0
181 546 0 0
180 546 0 0
179 546 0 0
178 546 0 0
177 546 0 0
176 546 0 0
175 546 0 0
174 546 0 0
173 546 0 0
172 546 0 0
171 546 0 0
170 546 0 0
169 546 0 0
168 546 0 0
167 546 0 0
166 546 0 0
165 546 0 0
164 546 0 0
163 546 0 0
162 546 0 0
161 546 0 0
195 545 0 0
194 545 0 0
193 545 0 0
192 545 0 0
191 545 0 0
190 545 0 0
189 545 0 0
188 545 0 0
187 545 0 0
186 545 0 0
185 545 0 0
184 545 0 0
183 545 0 0
182 545 0 0
181 545 0 0
180 545 0 0
179 545 0 0
178 545 0 0
177 545 0 0
176 545 0 0
175 545 0 0
174 545 0 0
173 545 0 0
172 545 0 0
171 545 0 0
170 545 0 0
169 545 0 0
168 545 0 0
167 545 0 0
166 545 0 0
165 545 0 0
164 545 0 0
163 545 0 0
200 544 0 0
199 544 0 0
198 544 0 0
197 544 0 0
196 544 0 0
195 544 0 0
194 544 0 0
193 544 0 0
192 544 0 0
191 544 0 0
190 544 0 0
189 544 0 0
188 544 0 0
187 544 0 0
186 544 0 0
185 544 0 0
184 544 0 0
183 544 0 0
182 544 0 0
181 544 0 0
180 544 0 0
179 544 0 0
178 544 0 0
177 544 0 0
176 544 0 0
175 544 0 0
174 544 0 0
173 544 0 0
172 544 0 0
171 544 0 0
170 544 0 0
169 544 0 0
168 544 0 0
167 544 0 0
166 544 0 0
165 544 0 0
164 544 0 0
204 543 0 0
203 543 0 0
202 543 0 0
201 543 0 0
200 543 0 0
199 543 0 0
198 543 0 0
197 543 0 0
196 543 0 0
195 543 0 0
194 543 0 0
193 543 0 0
192 543 0 0
191 543 0 0
190 543 0 0
189 543 0 0
188 543 0 0
187 543 0 0
186 543 0 0
185 543 0 0
184 543 0 0
183 543 0 0
182 543 0 0
208 542 0 0
207 542 0 0
206 542 0 0
205 542 0 0
204 542 0 0
203 542 0 0
202 542 0 0
201 542 0 0
200 542 0 0
199 542 0 0
198 542 0 0
197 542 0 0
196 542 0 0
195 542 0 0
194 542 0 0
193 542 0 0
192 542 0 0
191 542 0 0
190 542 0 0
189 542 0 0
188 542 0 0
187 542 0 0
208 541 0 0
207 541 0 0
206 541 0 0
205 541 0 0
204 541 0 0
203 541 0 0
202 541 0 0
201 541 0 0
200 541 0 0
199 541 0 0
198 541 0 0
197 541 0 0
196 541 0 0
195 541 0 0
194 541 0 0
193 541 0 0
192 541 0 0
191 541 0 0
190 541 0 0
189 541 0 0
188 541 0 0
187 541 0 0
213 540 0 0
212 540 0 0
211 540 0 0
210 540 0 0
209 540 0 0
208 540 0 0
207 540 0 0
206 540 0 0
205 540 0 0
204 540 0 0
203 540 0 0
202 540 0 0
201 540 0 0
200 540 0 0
199 540 0 0
198 540 0 0
197 540 0 0
196 540 0 0
195 540 0 0
194 540 0 0
193 540 0 0
192 540 0 0
191 540 0 0
219 539 0 0
218 539 0 0
217 539 0 0
216 539 0 0
215 539 0 0
214 539 0 0
213 539 0 0
212 539 0 0
211 539 0 0
210 539 0 0
209 539 0 0
208 539 0 0
207 539 0 0
206 539 0 0
205 539 0 0
204 539 0 0
203 539 0 0
202 539 0 0
201 539 0 0
200 539 0 0
199 539 0 0
198 539 0 0
197 539 0 0
196 539 0 0
228 538 0 0
227 538 0 0
226 538 0 0
225 538 0 0
224 538 0 0
223 538 0 0
222 538 0 0
221 538 0 0
220 538 0 0
219 538 0 0
218 538 0 0
217 538 0 0
216 538 0 0
215 538 0 0
214 538 0 0
213 538 0 0
212 538 0 0
211 538 0 0
210 538 0 0
209 538 0 0
208 538 0 0
207 538 0 0
206 538 0 0
205 538 0 0
204 538 0 0
203 538 0 0
202 538 0 0
201 538 0 0
236 537 0 0
235 537 0 0
234 537 0 0
233 537 0 0
232 537 0 0
231 537 0 0
230 537 0 0
229 537 0 0
228 537 0 0
227 537 0 0
226 537 0 0
225 537 0 0
224 537 0 0
223 537 0 0
222 537 0 0
221 537 0 0
220 537 0 0
219 537 0 0
218 537 0 0
217 537 0 0
216 537 0 0
215 537 0 0
214 537 0 0
213 537 0 0
212 537 0 0
211 537 0 0
210 537 0 0
209 537 0 0
208 537 0 0
207 537 0 0
206 537 0 0
205 537 0 0
244 536 0 0
243 536 0 0
242 536 0 0
241 536 0 0
240 536 0 0
239 536 0 0
238 536 0 0
237 536 0 0
236 536 0 0
235 536 0 0
234 536 0 0
233 536 0 0
232 536 0 0
231 536 0 0
230 536 0 0
229 536 0 0
228 536 0 0
227 536 0 0
226 536 0 0
225 536 0 0
224 536 0 0
223 536 0 0
222 536 0 0
221 536 0 0
220 536 0 0
219 536 0 0
218 536 0 0
217 536 0 0
216 536 0 0
215 536 0 0
214 536 0 0
213 536 0 0
212 536 0 0
211 536 0 0
210 536 0 0
209 536 0 0
244 535 0 0
243 535 0 0
242 535 0 0
241 535 0 0
240 535 0 0
239 535 0 0
238 535 0 0
237 535 0 0
236 535 0 0
235 535 0 0
234 535 0 0
233 535 0 0
232 535 0 0
231 535 0 0
230 535 0 0
229 535 0 0
228 535 0 0
227 535 0 0
226 535 0 0
225 535 0 0
224 535 0 0
223 535 0 0
222 535 0 0
221 535 0 0
220 535 0 0
219 535 0 0
218 535 0 0
217 535 0 0
216 535 0 0
215 535 0 0
214 535 0 0
213 535 0 0
212 535 0 0
211 535 0 0
210 535 0 0
209 535 0 0
252 534 0 0
251 534 0 0
250 534 0 0
249 534 0 0
248 534 0 0
247 534 0 0
246 534 0 0
245 534 0 0
244 534 0 0
243 534 0 0
242 534 0 0
241 534 0 0
240 534 0 0
239 534 0 0
238 534 0 0
237 534 0 0
236 534 0 0
235 534 0 0
234 534 0 0
233 534 0 0
232 534 0 0
231 534 0 0
230 534 0 0
229 534 0 0
228 534 0 0
227 534 0 0
226 534 0 0
225 534 0 0
224 534 0 0
223 534 0 0
222 534 0 0
221 534 0 0
220 534 0 0
219 534 0 0
218 534 0 0
217 534 0 0
216 534 0 0
215 534 0 0
214 534 0 0
259 533 0 0
258 533 0 0
257 533 0 0
256 533 0 0
255 533 0 0
254 533 0 0
253 533 0 0
252 533 0 0
251 533 0 0
250 533 0 0
249 533 0 0
248 533 0 0
247 533 0 0
246 533 0 0
245 533 0 0
244 533 0 0
243 533 0 0
242 533 0 0
241 533 0 0
240 533 0 0
239 533 0 0
238 533 0 0
237 533 0 0
236 533 0 0
235 533 0 0
234 533 0 0
233 533 0 0
232 533 0 0
231 533 0 0
230 533 0 0
229 533 0 0
228 533 0 0
227 533 0 0
226 533 0 0
225 533 0 0
224 533 0 0
223 533 0 0
222 533 0 0
221 533 0 0
220 533 0 0
268 532 0 0
267 532 0 0
266 532 0 0
265 532 0 0
264 532 0 0
263 532 0 0
262 532 0 0
261 532 0 0
260 532 0 0
259 532 0 0
258 532 0 0
257 532 0 0
256 532 0 0
255 532 0 0
254 532 0 0
253 532 0 0
252 532 0 0
251 532 0 0
250 532 0 0
249 532 0 0
248 532 0 0
247 532 0 0
246 532 0 0
245 532 0 0
244 532 0 0
243 532 0 0
242 532 0 0
241 532 0 0
240 532 0 0
239 532 0 0
238 532 0 0
237 532 0 0
236 532 0 0
235 532 0 0
234 532 0 0
233 532 0 0
232 532 0 0
231 532 0 0
230 532 0 0
229 532 0 0
277 531 0 0
276 531 0 0
275 531 0 0
274 531 0 0
273 531 0 0
272 531 0 0
271 531 0 0
270 531 0 0
269 531 0 0
268 531 0 0
267 531 0 0
266 531 0 0
265 531 0 0
264 531 0 0
263 531 0 0
262 531 0 0
261 531 0 0
260 531 0 0
259 531 0 0
258 531 0 0
257 531 0 0
256 531 0 0
255 531 0 0
254 531 0 0
253 531 0 0
252 531 0 0
251 531 0 0
250 531 0 0
249 531 0 0
248 531 0 0
247 531 0 0
246 531 0 0
245 531 0 0
244 531 0 0
243 531 0 0
242 531 0 0
241 531 0 0
240 531 0 0
239 531 0 0
238 531 0 0
237 531 0 0
277 530 0 0
276 530 0 0
275 530 0 0
274 530 0 0
273 530 0 0
272 530 0 0
271 530 0 0
270 530 0 0
269 530 0 0
268 530 0 0
267 530 0 0
266 530 0 0
265 530 0 0
264 530 0 0
263 530 0 0
262 530 0 0
261 530 0 0
260 530 0 0
259 530 0 0
258 530 0 0
257 530 0 0
256 530 0 0
255 530 0 0
254 530 0 0
253 530 0 0
252 530 0 0
251 530 0 0
250 530 0 0
249 530 0 0
248 530 0 0
247 530 0 0
246 530 0 0
245 530 0 0
244 530 0 0
243 530 0 0
242 530 0 0
241 530 0 0
240 530 0 0
239 530 0 0
238 530 0 0
237 530 0 0
285 529 0 0
284 529 0 0
283 529 0 0
282 529 0 0
281 529 0 0
280 529 0 0
279 529 0 0
278 529 0 0
277 529 0 0
276 529 0 0
275 529 0 0
274 529 0 0
273 529 0 0
272 529 0 0
271 529 0 0
270 529 0 0
269 529 0 0
268 529 0 0
267 529 0 0
266 529 0 0
265 529 0 0
264 529 0 0
263 529 0 0
262 529 0 0
261 529 0 0
260 529 0 0
259 529 0 0
258 529 0 0
257 529 0 0
256 529 0 0
255 529 0 0
254 529 0 0
253 529 0 0
252 529 0 0
251 529 0 0
250 529 0 0
249 529 0 0
248 529 0 0
247 529 0 0
246 529 0 0
245 529 0 0
294 528 0 0
293 528 0 0
292 528 0 0
291 528 0 0
290 528 0 0
289 528 0 0
288 528 0 0
287 528 0 0
286 528 0 0
285 528 0 0
284 528 0 0
283 528 0 0
282 528 0 0
281 528 0 0
280 528 0 0
279 528 0 0
278 528 0 0
277 528 0 0
276 528 0 0
275 528 0 0
274 528 0 0
273 528 0 0
272 528 0 0
271 528 0 0
270 528 0 0
269 528 0 0
268 528 0 0
267 528 0 0
266 528 0 0
265 528 0 0
264 528 0 0
263 528 0 0
262 528 0 0
261 528 0 0
260 528 0 0
259 528 0 0
258 528 0 0
257 528 0 0
256 528 0 0
255 528 0 0
254 528 0 0
253 528 0 0
301 527 0 0
300 527 0 0
299 527 0 0
298 527 0 0
297 527 0 0
296 527 0 0
295 527 0 0
294 527 0 0
293 527 0 0
292 527 0 0
291 527 0 0
290 527 0 0
289 527 0 0
288 527 0 0
287 527 0 0
286 527 0 0
285 527 0 0
284 527 0 0
283 527 0 0
282 527 0 0
281 527 0 0
280 527 0 0
279 527 0 0
278 527 0 0
277 527 0 0
276 527 0 0
275 527 0 0
274 527 0 0
273 527 0 0
272 527 0 0
271 527 0 0
270 527 0 0
269 527 0 0
268 527 0 0
267 527 0 0
266 527 0 0
265 527 0 0
264 527 0 0
263 527 0 0
262 527 0 0
261 527 0 0
260 527 0 0
310 526 0 0
309 526 0 0
308 526 0 0
307 526 0 0
306 526 0 0
305 526 0 0
304 526 0 0
303 526 0 0
302 526 0 0
301 526 0 0
300 526 0 0
299 526 0 0
298 526 0 0
297 526 0 0
296 526 0 0
295 526 0 0
294 526 0 0
293 526 0 0
292 526 0 0
291 526 0 0
290 526 0 0
289 526 0 0
288 526 0 0
287 526 0 0
286 526 0 0
285 526 0 0
284 526 0 0
283 526 0 0
282 526 0 0
281 526 0 0
280 526 0 0
279 526 0 0
278 526 0 0
277 526 0 0
276 526 0 0
275 526 0 0
274 526 0 0
273 526 0 0
272 526 0 0
271 526 0 0
270 526 0 0
269 526 0 0
318 525 0 0
317 525 0 0
316 525 0 0
315 525 0 0
314 525 0 0
313 525 0 0
312 525 0 0
311 525 0 0
310 525 0 0
309 525 0 0
308 525 0 0
307 525 0 0
306 525 0 0
305 525 0 0
304 525 0 0
303 525 0 0
302 525 0 0
301 525 0 0
300 525 0 0
299 525 0 0
298 525 0 0
297 525 0 0
296 525 0 0
295 525 0 0
294 525 0 0
293 525 0 0
292 525 0 0
291 525 0 0
290 525 0 0
289 525 0 0
288 525 0 0
287 525 0 0
286 525 0 0
285 525 0 0
284 525 0 0
283 525 0 0
282 525 0 0
281 525 0 0
280 525 0 0
279 525 0 0
278 525 0 0
318 524 0 0
317 524 0 0
316 524 0 0
315 524 0 0
314 524 0 0
313 524 0 0
312 524 0 0
311 524 0 0
310 524 0 0
309 524 0 0
308 524 0 0
307 524 0 0
306 524 0 0
305 524 0 0
304 524 0 0
303 524 0 0
302 524 0 0
301 524 0 0
300 524 0 0
299 524 0 0
298 524 0 0
297 524 0 0
296 524 0 0
295 524 0 0
294 524 0 0
293 524 0 0
292 524 0 0
291 524 0 0
290 524 0 0
289 524 0 0
288 524 0 0
287 524 0 0
286 524 0 0
285 524 0 0
284 524 0 0
283 524 0 0
282 524 0 0
281 524 0 0
280 524 0 0
279 524 0 0
278 524 0 0
327 523 0 0
326 523 0 0
325 523 0 0
324 523 0 0
323 523 0 0
322 523 0 0
321 523 0 0
320 523 0 0
319 523 0 0
318 523 0 0
317 523 0 0
316 523 0 0
315 523 0 0
314 523 0 0
313 523 0 0
312 523 0 0
311 523 0 0
310 523 0 0
309 523 0 0
308 523 0 0
307 523 0 0
306 523 0 0
305 523 0 0
304 523 0 0
303 523 0 0
302 523 0 0
301 523 0 0
300 523 0 0
299 523 0 0
298 523 0 0
297 523 0 0
296 523 0 0
295 523 0 0
294 523 0 0
293 523 0 0
292 523 0 0
291 523 0 0
290 523 0 0
289 523 0 0
288 523 0 0
287 523 0 0
286 523 0 0
335 522 0 0
334 522 0 0
333 522 0 0
332 522 0 0
331 522 0 0
330 522 0 0
329 522 0 0
328 522 0 0
327 522 0 0
326 522 0 0
325 522 0 0
324 522 0 0
323 522 0 0
322 522 0 0
321 522 0 0
320 522 0 0
319 522 0 0
318 522 0 0
317 522 0 0
316 522 0 0
315 522 0 0
314 522 0 0
313 522 0 0
312 522 0 0
311 522 0 0
310 522 0 0
309 522 0 0
308 522 0 0
307 522 0 0
306 522 0 0
305 522 0 0
304 522 0 0
303 522 0 0
302 522 0 0
301 522 0 0
300 522 0 0
299 522 0 0
298 522 0 0
297 522 0 0
296 522 0 0
295 522 0 0
343 521 0 0
342 521 0 0
341 521 0 0
340 521 0 0
339 521 0 0
338 521 0 0
337 521 0 0
336 521 0 0
335 521 0 0
334 521 0 0
333 521 0 0
332 521 0 0
331 521 0 0
330 521 0 0
329 521 0 0
328 521 0 0
327 521 0 0
326 521 0 0
325 521 0 0
324 521 0 0
323 521 0 0
322 521 0 0
321 521 0 0
320 521 0 0
319 521 0 0
318 521 0 0
317 521 0 0
316 521 0 0
315 521 0 0
314 521 0 0
313 521 0 0
312 521 0 0
311 521 0 0
310 521 0 0
309 521 0 0
308 521 0 0
307 521 0 0
306 521 0 0
305 521 0 0
304 521 0 0
303 521 0 0
302 521 0 0
351 520 0 0
350 520 0 0
349 520 0 0
348 520 0 0
347 520 0 0
346 520 0 0
345 520 0 0
344 520 0 0
343 520 0 0
342 520 0 0
341 520 0 0
340 520 0 0
339 520 0 0
338 520 0 0
337 520 0 0
336 520 0 0
335 520 0 0
334 520 0 0
333 520 0 0
332 520 0 0
331 520 0 0
330 520 0 0
329 520 0 0
328 520 0 0
327 520 0 0
326 520 0 0
325 520 0 0
324 520 0 0
323 520 0 0
322 520 0 0
321 520 0 0
320 520 0 0
319 520 0 0
318 520 0 0
317 520 0 0
316 520 0 0
315 520 0 0
314 520 0 0
313 520 0 0
312 520 0 0
311 520 0 0
359 519 0 0
358 519 0 0
357 519 0 0
356 519 0 0
355 519 0 0
354 519 0 0
353 519 0 0
352 519 0 0
351 519 0 0
350 519 0 0
349 519 0 0
348 519 0 0
347 519 0 0
346 519 0 0
345 519 0 0
344 519 0 0
343 519 0 0
342 519 0 0
341 519 0 0
340 519 0 0
339 519 0 0
338 519 0 0
337 519 0 0
336 519 0 0
335 519 0 0
334 519 0 0
333 519 0 0
332 519 0 0
331 519 0 0
330 519 0 0
329 519 0 0
328 519 0 0
327 519 0 0
326 519 0 0
325 519 0 0
324 519 0 0
323 519 0 0
322 519 0 0
321 519 0 0
320 519 0 0
319 519 0 0
359 518 0 0
358 518 0 0
357 518 0 0
356 518 0 0
355 518 0 0
354 518 0 0
353 518 0 0
352 518 0 0
351 518 0 0
350 518 0 0
349 518 0 0
348 518 0 0
347 518 0 0
346 518 0 0
345 518 0 0
344 518 0 0
343 518 0 0
342 518 0 0
341 518 0 0
340 518 0 0
339 518 0 0
338 518 0 0
337 518 0 0
336 518 0 0
335 518 0 0
334 518 0 0
333 518 0 0
332 518 0 0
331 518 0 0
330 518 0 0
329 518 0 0
328 518 0 0
327 518 0 0
326 518 0 0
325 518 0 0
324 518 0 0
323 518 0 0
322 518 0 0
321 518 0 0
320 518 0 0
319 518 0 0
367 517 0 0
366 517 0 0
365 517 0 0
364 517 0 0
363 517 0 0
362 517 0 0
361 517 0 0
360 517 0 0
359 517 0 0
358 517 0 0
357 517 0 0
356 517 0 0
355 517 0 0
354 517 0 0
353 517 0 0
352 517 0 0
351 517 0 0
350 517 0 0
349 517 0 0
348 517 0 0
347 517 0 0
346 517 0 0
345 517 0 0
344 517 0 0
343 517 0 0
342 517 0 0
341 517 0 0
340 517 0 0
339 517 0 0
338 517 0 0
337 517 0 0
336 517 0 0
335 517 0 0
334 517 0 0
333 517 0 0
332 517 0 0
331 517 0 0
330 517 0 0
329 517 0 0
328 517 0 0
376 516 0 0
375 516 0 0
374 516 0 0
373 516 0 0
372 516 0 0
371 516 0 0
370 516 0 0
369 516 0 0
368 516 0 0
367 516 0 0
366 516 0 0
365 516 0 0
364 516 0 0
363 516 0 0
362 516 0 0
361 516 0 0
360 516 0 0
359 516 0 0
358 516 0 0
357 516 0 0
356 516 0 0
355 516 0 0
354 516 0 0
353 516 0 0
352 516 0 0
351 516 0 0
350 516 0 0
349 516 0 0
348 516 0 0
347 516 0 0
346 516 0 0
345 516 0 0
344 516 0 0
343 516 0 0
342 516 0 0
341 516 0 0
340 516 0 0
339 516 0 0
338 516 0 0
337 516 0 0
336 516 0 0
385 515 0 0
384 515 0 0
383 515 0 0
382 515 0 0
381 515 0 0
380 515 0 0
379 515 0 0
378 515 0 0
377 515 0 0
376 515 0 0
375 515 0 0
374 515 0 0
373 515 0 0
372 515 0 0
371 515 0 0
370 515 0 0
369 515 0 0
368 515 0 0
367 515 0 0
366 515 0 0
365 515 0 0
364 515 0 0
363 515 0 0
362 515 0 0
361 515 0 0
360 515 0 0
359 515 0 0
358 515 0 0
357 515 0 0
356 515 0 0
355 515 0 0
354 515 0 0
353 515 0 0
352 515 0 0
351 515 0 0
350 515 0 0
349 515 0 0
348 515 0 0
347 515 0 0
346 515 0 0
345 515 0 0
344 515 0 0
387 514 0 0
386 514 0 0
385 514 0 0
384 514 0 0
383 514 0 0
382 514 0 0
381 514 0 0
380 514 0 0
379 514 0 0
378 514 0 0
377 514 0 0
376 514 0 0
375 514 0 0
374 514 0 0
373 514 0 0
372 514 0 0
371 514 0 0
370 514 0 0
369 514 0 0
368 514 0 0
367 514 0 0
366 514 0 0
365 514 0 0
364 514 0 0
363 514 0 0
362 514 0 0
361 514 0 0
360 514 0 0
359 514 0 0
358 514 0 0
357 514 0 0
356 514 0 0
355 514 0 0
354 514 0 0
353 514 0 0
352 514 0 0
387 513 0 0
386 513 0 0
385 513 0 0
384 513 0 0
383 513 0 0
382 513 0 0
381 513 0 0
380 513 0 0
379 513 0 0
378 513 0 0
377 513 0 0
376 513 0 0
375 513 0 0
374 513 0 0
373 513 0 0
372 513 0 0
371 513 0 0
370 513 0 0
369 513 0 0
368 513 0 0
367 513 0 0
366 513 0 0
365 513 0 0
364 513 0 0
363 513 0 0
362 513 0 0
361 513 0 0
360 513 0 0
359 513 0 0
358 513 0 0
357 513 0 0
356 513 0 0
355 513 0 0
354 513 0 0
353 513 0 0
352 513 0 0
388 512 0 0
387 512 0 0
386 512 0 0
385 512 0 0
384 512 0 0
383 512 0 0
382 512 0 0
381 512 0 0
380 512 0 0
379 512 0 0
378 512 0 0
377 512 0 0
376 512 0 0
375 512 0 0
374 512 0 0
373 512 0 0
372 512 0 0
371 512 0 0
370 512 0 0
369 512 0 0
368 512 0 0
367 512 0 0
366 512 0 0
365 512 0 0
364 512 0 0
363 512 0 0
362 512 0 0
361 512 0 0
360 512 0 0
387 511 0 0
386 511 0 0
385 511 0 0
384 511 0 0
383 511 0 0
382 511 0 0
381 511 0 0
380 511 0 0
379 511 0 0
378 511 0 0
377 511 0 0
376 511 0 0
375 511 0 0
374 511 0 0
373 511 0 0
372 511 0 0
371 511 0 0
370 511 0 0
369 511 0 0
368 511 0 0
385 510 0 0
384 510 0 0
383 510 0 0
382 510 0 0
381 510 0 0
380 510 0 0
379 510 0 0
378 510 0 0
377 510 0 0
213 320 0 1
214 319 0 1
213 319 0 1
212 319 0 1
214 318 0 1
213 318 0 1
212 318 0 1
215 317 0 1
214 317 0 1
213 317 0 1
212 317 0 1
211 317 0 1
210 317 0 1
215 316 0 1
214 316 0 1
213 316 0 1
212 316 0 1
211 316 0 1
210 316 0 1
215 315 0 1
214 315 0 1
213 315 0 1
212 315 0 1
211 315 0 1
210 315 0 1
215 314 0 1
214 314 0 1
213 314 0 1
212 314 0 1
211 314 0 1
210 314 0 1
215 313 0 1
214 313 0 1
213 313 0 1
212 313 0 1
211 313 0 1
210 313 0 1
215 312 0 1
214 312 0 1
213 312 0 1
212 312 0 1
211 312 0 1
210 312 0 1
215 311 0 1
214 311 0 1
213 311 0 1
212 311 0 1
211 311 0 1
210 311 0 1
215 310 0 1
214 310 0 1
213 310 0 1
212 310 0 1
211 310 0 1
210 310 0 1
215 309 0 1
214 309 0 1
213 309 0 1
212 309 0 1
211 309 0 1
210 309 0 1
215 308 0 1
214 308 0 1
213 308 0 1
212 308 0 1
211 308 0 1
210 308 0 1
215 307 0 1
214 307 0 1
213 307 0 1
212 307 0 1
211 307 0 1
210 307 0 1
215 306 0 1
214 306 0 1
213 306 0 1
212 306 0 1
211 306 0 1
210 306 0 1
215 305 0 1
214 305 0 1
213 305 0 1
212 305 0 1
211 305 0 1
210 305 0 1
215 304 0 1
214 304 0 1
213 304 0 1
212 304 0 1
211 304 0 1
210 304 0 1
217 303 0 1
216 303 0 1
215 303 0 1
214 303 0 1
213 303 0 1
212 303 0 1
211 303 0 1
210 303 0 1
217 302 0 1
216 302 0 1
215 302 0 1
214 302 0 1
213 302 0 1
212 302 0 1
211 302 0 1
210 302 0 1
217 301 0 1
216 301 0 1
215 301 0 1
214 301 0 1
213 301 0 1
212 301 0 1
217 300 0 1
216 300 0 1
215 300 0 1
214 300 0 1
213 300 0 1
212 300 0 1
217 299 0 1
216 299 0 1
215 299 0 1
214 299 0 1
213 299 0 1
212 299 0 1
217 298 0 1
216 298 0 1
215 298 0 1
214 298 0 1
213 298 0 1
212 298 0 1
217 297 0 1
216 297 0 1
215 297 0 1
214 297 0 1
213 297 0 1
212 297 0 1
217 296 0 1
216 296 0 1
215 296 0 1
214 296 0 1
213 296 0 1
212 296 0 1
217 295 0 1
216 295 0 1
215 295 0 1
214 295 0 1
213 295 0 1
212 295 0 1
217 294 0 1
216 294 0 1
215 294 0 1
214 294 0 1
213 294 0 1
212 294 0 1
217 293 0 1
216 293 0 1
215 293 0 1
214 293 0 1
213 293 0 1
212 293 0 1
217 292 0 1
216 292 0 1
215 292 0 1
214 292 0 1
213 292 0 1
212 292 0 1
217 291 0 1
216 291 0 1
215 291 0 1
214 291 0 1
213 291 0 1
212 291 0 1
218 290 0 1
217 290 0 1
216 290 0 1
215 290 0 1
214 290 0 1
213 290 0 1
212 290 0 1
218 289 0 1
217 289 0 1
216 289 0 1
215 289 0 1
214 289 0 1
213 289 0 1
218 288 0 1
217 288 0 1
216 288 0 1
215 288 0 1
214 288 0 1
213 288 0 1
218 287 0 1
217 287 0 1
216 287 0 1
215 287 0 1
214 287 0 1
213 287 0 1
218 286 0 1
217 286 0 1
216 286 0 1
215 286 0 1
214 286 0 1
213 286 0 1
218 285 0 1
217 285 0 1
216 285 0 1
215 285 0 1
214 285 0 1
213 285 0 1
218 284 0 1
217 284 0 1
216 284 0 1
215 284 0 1
214 284 0 1
213 284 0 1
218 283 0 1
217 283 0 1
216 283 0 1
215 283 0 1
214 283 0 1
213 283 0 1
218 282 0 1
217 282 0 1
216 282 0 1
215 282 0 1
214 282 0 1
213 282 0 1
218 281 0 1
217 281 0 1
216 281 0 1
215 281 0 1
214 281 0 1
213 281 0 1
218 280 0 1
217 280 0 1
216 280 0 1
215 280 0 1
214 280 0 1
213 280 0 1
218 279 0 1
217 279 0 1
216 279 0 1
215 279 0 1
214 279 0 1
213 279 0 1
218 278 0 1
217 278 0 1
216 278 0 1
215 278 0 1
214 278 0 1
213 278 0 1
217 277 0 1
216 277 0 1
215 277 0 1
214 277 0 1
213 277 0 1
212 277 0 1
217 276 0 1
216 276 0 1
215 276 0 1
214 276 0 1
213 276 0 1
212 276 0 1
217 275 0 1
216 275 0 1
215 275 0 1
214 275 0 1
213 275 0 1
212 275 0 1
217 274 0 1
216 274 0 1
215 274 0 1
214 274 0 1
213 274 0 1
212 274 0 1
217 273 0 1
216 273 0 1
215 273 0 1
214 273 0 1
213 273 0 1
212 273 0 1
217 272 0 1
216 272 0 1
215 272 0 1
214 272 0 1
213 272 0 1
212 272 0 1
217 271 0 1
216 271 0 1
215 271 0 1
214 271 0 1
213 271 0 1
212 271 0 1
217 270 0 1
216 270 0 1
215 270 0 1
214 270 0 1
213 270 0 1
212 270 0 1
217 269 0 1
216 269 0 1
215 269 0 1
214 269 0 1
213 269 0 1
212 269 0 1
217 268 0 1
216 268 0 1
215 268 0 1
214 268 0 1
213 268 0 1
212 268 0 1
217 267 0 1
216 267 0 1
215 267 0 1
214 267 0 1
213 267 0 1
212 267 0 1
217 266 0 1
216 266 0 1
215 266 0 1
214 266 0 1
213 266 0 1
212 266 0 1
217 265 0 1
216 265 0 1
215 265 0 1
214 265 0 1
213 265 0 1
212 265 0 1
217 264 0 1
216 264 0 1
215 264 0 1
214 264 0 1
213 264 0 1
212 264 0 1
217 263 0 1
216 263 0 1
215 263 0 1
214 263 0 1
213 263 0 1
212 263 0 1
215 262 0 1
214 262 0 1
213 262 0 1
212 262 0 1
211 262 0 1
210 262 0 1
215 261 0 1
214 261 0 1
213 261 0 1
212 261 0 1
211 261 0 1
210 261 0 1
215 260 0 1
214 260 0 1
213 260 0 1
212 260 0 1
211 260 0 1
210 260 0 1
215 259 0 1
214 259 0 1
213 259 0 1
212 259 0 1
211 259 0 1
210 259 0 1
215 258 0 1
214 258 0 1
213 258 0 1
212 258 0 1
211 258 0 1
210 258 0 1
215 257 0 1
214 257 0 1
213 257 0 1
212 257 0 1
211 257 0 1
210 257 0 1
215 256 0 1
214 256 0 1
213 256 0 1
212 256 0 1
211 256 0 1
210 256 0 1
215 255 0 1
214 255 0 1
213 255 0 1
212 255 0 1
211 255 0 1
210 255 0 1
215 254 0 1
214 254 0 1
213 254 0 1
212 254 0 1
211 254 0 1
210 254 0 1
215 253 0 1
214 253 0 1
213 253 0 1
212 253 0 1
211 253 0 1
210 253 0 1
215 252 0 1
214 252 0 1
213 252 0 1
212 252 0 1
211 252 0 1
210 252 0 1
215 251 0 1
214 251 0 1
213 251 0 1
212 251 0 1
211 251 0 1
210 251 0 1
215 250 0 1
214 250 0 1
213 250 0 1
212 250 0 1
211 250 0 1
210 250 0 1
215 249 0 1
214 249 0 1
213 249 0 1
212 249 0 1
211 249 0 1
210 249 0 1
215 248 0 1
214 248 0 1
213 248 0 1
212 248 0 1
211 248 0 1
210 248 0 1
214 247 0 1
213 247 0 1
212 247 0 1
211 247 0 1
210 247 0 1
209 247 0 1
214 246 0 1
213 246 0 1
212 246 0 1
211 246 0 1
210 246 0 1
209 246 0 1
214 245 0 1
213 245 0 1
212 245 0 1
211 245 0 1
210 245 0 1
209 245 0 1
214 244 0 1
213 244 0 1
212 244 0 1
211 244 0 1
210 244 0 1
209 244 0 1
214 243 0 1
213 243 0 1
212 243 0 1
211 243 0 1
210 243 0 1
209 243 0 1
214 242 0 1
213 242 0 1
212 242 0 1
211 242 0 1
210 242 0 1
209 242 0 1
214 241 0 1
213 241 0 1
212 241 0 1
211 241 0 1
210 241 0 1
209 241 0 1
214 240 0 1
213 240 0 1
212 240 0 1
211 240 0 1
210 240 0 1
209 240 0 1
214 239 0 1
213 239 0 1
212 239 0 1
211 239 0 1
210 239 0 1
209 239 0 1
214 238 0 1
213 238 0 1
212 238 0 1
211 238 0 1
210 238 0 1
209 238 0 1
409 237 0 0
408 237 0 0
214 237 0 1
213 237 0 1
212 237 0 1
211 237 0 1
210 237 0 1
209 237 0 1
410 236 0 0
409 236 0 0
408 236 0 0
407 236 0 0
406 236 0 0
405 236 0 0
214 236 0 1
213 236 0 1
212 236 0 1
211 236 0 1
210 236 0 1
209 236 0 1
410 235 0 0
409 235 0 0
408 235 0 0
407 235 0 0
406 235 0 0
405 235 0 0
214 235 0 1
213 235 0 1
212 235 0 1
211 235 0 1
210 235 0 1
209 235 0 1
411 234 0 0
410 234 0 0
409 234 0 0
408 234 0 0
407 234 0 0
406 234 0 0
405 234 0 0
404 234 0 0
214 234 0 1
213 234 0 1
212 234 0 1
211 234 0 1
210 234 0 1
209 234 0 1
411 233 0 0
410 233 0 0
409 233 0 0
408 233 0 0
407 233 0 0
406 233 0 0
405 233 0 0
404 233 0 0
403 233 0 0
402 233 0 0
213 233 0 1
212 233 0 1
211 233 0 1
210 233 0 1
209 233 0 1
208 233 0 1
410 232 0 0
409 232 0 0
408 232 0 0
407 232 0 0
406 232 0 0
405 232 0 0
404 232 0 0
403 232 0 0
402 232 0 0
401 232 0 0
213 232 0 1
212 232 0 1
211 232 0 1
210 232 0 1
209 232 0 1
208 232 0 1
409 231 0 0
408 231 0 0
407 231 0 0
406 231 0 0
405 231 0 0
404 231 0 0
403 231 0 0
402 231 0 0
401 231 0 0
213 231 0 1
212 231 0 1
211 231 0 1
210 231 0 1
209 231 0 1
208 231 0 1
409 230 0 0
408 230 0 0
407 230 0 0
406 230 0 0
405 230 0 0
404 230 0 0
403 230 0 0
402 230 0 0
401 230 0 0
213 230 0 1
212 230 0 1
211 230 0 1
210 230 0 1
209 230 0 1
208 230 0 1
405 229 0 0
404 229 0 0
403 229 0 0
402 229 0 0
401 229 0 0
400 229 0 0
213 229 0 1
212 229 0 1
211 229 0 1
210 229 0 1
209 229 0 1
208 229 0 1
405 228 0 0
404 228 0 0
403 228 0 0
402 228 0 0
401 228 0 0
400 228 0 0
399 228 0 0
213 228 0 1
212 228 0 1
211 228 0 1
210 228 0 1
209 228 0 1
208 228 0 1
404 227 0 0
403 227 0 0
402 227 0 0
401 227 0 0
400 227 0 0
399 227 0 0
398 227 0 0
397 227 0 0
213 227 0 1
212 227 0 1
211 227 0 1
210 227 0 1
209 227 0 1
208 227 0 1
403 226 0 0
402 226 0 0
401 226 0 0
400 226 0 0
399 226 0 0
398 226 0 0
397 226 0 0
396 226 0 0
213 226 0 1
212 226 0 1
211 226 0 1
210 226 0 1
209 226 0 1
208 226 0 1
401 225 0 0
400 225 0 0
399 225 0 0
398 225 0 0
397 225 0 0
396 225 0 0
395 225 0 0
213 225 0 1
212 225 0 1
211 225 0 1
210 225 0 1
209 225 0 1
208 225 0 1
401 224 0 0
400 224 0 0
399 224 0 0
398 224 0 0
397 224 0 0
396 224 0 0
395 224 0 0
213 224 0 1
212 224 0 1
211 224 0 1
210 224 0 1
209 224 0 1
208 224 0 1
400 223 0 0
399 223 0 0
398 223 0 0
397 223 0 0
396 223 0 0
395 223 0 0
394 223 0 0
393 223 0 0
213 223 0 1
212 223 0 1
211 223 0 1
210 223 0 1
209 223 0 1
208 223 0 1
399 222 0 0
398 222 0 0
397 222 0 0
396 222 0 0
395 222 0 0
394 222 0 0
393 222 0 0
392 222 0 0
391 222 0 0
213 222 0 1
212 222 0 1
211 222 0 1
210 222 0 1
209 222 0 1
208 222 0 1
398 221 0 0
397 221 0 0
396 221 0 0
395 221 0 0
394 221 0 0
393 221 0 0
392 221 0 0
391 221 0 0
390 221 0 0
213 221 0 1
212 221 0 1
211 221 0 1
210 221 0 1
209 221 0 1
208 221 0 1
395 220 0 0
394 220 0 0
393 220 0 0
392 220 0 0
391 220 0 0
390 220 0 0
389 220 0 0
388 220 0 0
213 220 0 1
212 220 0 1
211 220 0 1
210 220 0 1
209 220 0 1
208 220 0 1
394 219 0 0
393 219 0 0
392 219 0 0
391 219 0 0
390 219 0 0
389 219 0 0
388 219 0 0
387 219 0 0
386 219 0 0
213 219 0 1
212 219 0 1
211 219 0 1
210 219 0 1
209 219 0 1
208 219 0 1
394 218 0 0
393 218 0 0
392 218 0 0
391 218 0 0
390 218 0 0
389 218 0 0
388 218 0 0
387 218 0 0
386 218 0 0
213 218 0 1
212 218 0 1
211 218 0 1
210 218 0 1
209 218 0 1
208 218 0 1
393 217 0 0
392 217 0 0
391 217 0 0
390 217 0 0
389 217 0 0
388 217 0 0
387 217 0 0
386 217 0 0
385 217 0 0
384 217 0 0
212 217 0 1
211 217 0 1
210 217 0 1
209 217 0 1
208 217 0 1
207 217 0 1
390 216 0 0
389 216 0 0
388 216 0 0
387 216 0 0
386 216 0 0
385 216 0 0
384 216 0 0
383 216 0 0
212 216 0 1
211 216 0 1
210 216 0 1
209 216 0 1
208 216 0 1
207 216 0 1
389 215 0 0
388 215 0 0
387 215 0 0
386 215 0 0
385 215 0 0
384 215 0 0
383 215 0 0
382 215 0 0
212 215 0 1
211 215 0 1
210 215 0 1
209 215 0 1
208 215 0 1
207 215 0 1
388 214 0 0
387 214 0 0
386 214 0 0
385 214 0 0
384 214 0 0
383 214 0 0
382 214 0 0
381 214 0 0
380 214 0 0
379 214 0 0
212 214 0 1
211 214 0 1
210 214 0 1
209 214 0 1
208 214 0 1
207 214 0 1
388 213 0 0
387 213 0 0
386 213 0 0
385 213 0 0
384 213 0 0
383 213 0 0
382 213 0 0
381 213 0 0
380 213 0 0
379 213 0 0
212 213 0 1
211 213 0 1
210 213 0 1
209 213 0 1
208 213 0 1
207 213 0 1
385 212 0 0
384 212 0 0
383 212 0 0
382 212 0 0
381 212 0 0
380 212 0 0
379 212 0 0
378 212 0 0
212 212 0 1
211 212 0 1
210 212 0 1
209 212 0 1
208 212 0 1
207 212 0 1
384 211 0 0
383 211 0 0
382 211 0 0
381 211 0 0
380 211 0 0
379 211 0 0
378 211 0 0
377 211 0 0
212 211 0 1
211 211 0 1
210 211 0 1
209 211 0 1
208 211 0 1
207 211 0 1
383 210 0 0
382 210 0 0
381 210 0 0
380 210 0 0
379 210 0 0
378 210 0 0
377 210 0 0
376 210 0 0
375 210 0 0
374 210 0 0
212 210 0 1
211 210 0 1
210 210 0 1
209 210 0 1
208 210 0 1
207 210 0 1
381 209 0 0
380 209 0 0
379 209 0 0
378 209 0 0
377 209 0 0
376 209 0 0
375 209 0 0
374 209 0 0
373 209 0 0
212 209 0 1
211 209 0 1
210 209 0 1
209 209 0 1
208 209 0 1
207 209 0 1
379 208 0 0
378 208 0 0
377 208 0 0
376 208 0 0
375 208 0 0
374 208 0 0
373 208 0 0
372 208 0 0
213 208 0 1
212 208 0 1
211 208 0 1
210 208 0 1
209 208 0 1
208 208 0 1
207 208 0 1
379 207 0 0
378 207 0 0
377 207 0 0
376 207 0 0
375 207 0 0
374 207 0 0
373 207 0 0
372 207 0 0
213 207 0 1
212 207 0 1
211 207 0 1
210 207 0 1
209 207 0 1
208 207 0 1
207 207 0 1
378 206 0 0
377 206 0 0
376 206 0 0
375 206 0 0
374 206 0 0
373 206 0 0
372 206 0 0
371 206 0 0
370 206 0 0
369 206 0 0
213 206 0 1
212 206 0 1
211 206 0 1
210 206 0 1
209 206 0 1
208 206 0 1
376 205 0 0
375 205 0 0
374 205 0 0
373 205 0 0
372 205 0 0
371 205 0 0
370 205 0 0
369 205 0 0
368 205 0 0
213 205 0 1
212 205 0 1
211 205 0 1
210 205 0 1
209 205 0 1
208 205 0 1
374 204 0 0
373 204 0 0
372 204 0 0
371 204 0 0
370 204 0 0
369 204 0 0
368 204 0 0
367 204 0 0
212 204 0 1
211 204 0 1
210 204 0 1
209 204 0 1
373 203 0 0
372 203 0 0
371 203 0 0
370 203 0 0
369 203 0 0
368 203 0 0
367 203 0 0
366 203 0 0
365 203 0 0
364 203 0 0
211 203 0 1
210 203 0 1
373 202 0 0
372 202 0 0
371 202 0 0
370 202 0 0
369 202 0 0
368 202 0 0
367 202 0 0
366 202 0 0
365 202 0 0
364 202 0 0
211 202 0 1
210 202 0 1
371 201 0 0
370 201 0 0
369 201 0 0
368 201 0 0
367 201 0 0
366 201 0 0
365 201 0 0
364 201 0 0
363 201 0 0
370 200 0 0
369 200 0 0
368 200 0 0
367 200 0 0
366 200 0 0
365 200 0 0
364 200 0 0
363 200 0 0
362 200 0 0
368 199 0 0
367 199 0 0
366 199 0 0
365 199 0 0
364 199 0 0
363 199 0 0
362 199 0 0
361 199 0 0
360 199 0 0
366 198 0 0
365 198 0 0
364 198 0 0
363 198 0 0
362 198 0 0
361 198 0 0
360 198 0 0
359 198 0 0
358 198 0 0
363 197 0 0
362 197 0 0
361 197 0 0
360 197 0 0
359 197 0 0
358 197 0 0
357 197 0 0
363 196 0 0
362 196 0 0
361 196 0 0
360 196 0 0
359 196 0 0
358 196 0 0
357 196 0 0
362 195 0 0
361 195 0 0
360 195 0 0
359 195 0 0
358 195 0 0
357 195 0 0
356 195 0 0
355 195 0 0
361 194 0 0
360 194 0 0
359 194 0 0
358 194 0 0
357 194 0 0
356 194 0 0
355 194 0 0
354 194 0 0
353 194 0 0
359 193 0 0
358 193 0 0
357 193 0 0
356 193 0 0
355 193 0 0
354 193 0 0
353 193 0 0
352 193 0 0
357 192 0 0
356 192 0 0
355 192 0 0
354 192 0 0
353 192 0 0
352 192 0 0
351 192 0 0
350 192 0 0
357 191 0 0
356 191 0 0
355 191 0 0
354 191 0 0
353 191 0 0
352 191 0 0
351 191 0 0
350 191 0 0
356 190 0 0
355 190 0 0
354 190 0 0
353 190 0 0
352 190 0 0
351 190 0 0
350 190 0 0
349 190 0 0
354 189 0 0
353 189 0 0
352 189 0 0
351 189 0 0
350 189 0 0
349 189 0 0
348 189 0 0
347 189 0 0
352 188 0 0
351 188 0 0
350 188 0 0
349 188 0 0
348 188 0 0
347 188 0 0
346 188 0 0
345 188 0 0
351 187 0 0
350 187 0 0
349 187 0 0
348 187 0 0
347 187 0 0
346 187 0 0
345 187 0 0
344 187 0 0
349 186 0 0
348 186 0 0
347 186 0 0
346 186 0 0
345 186 0 0
344 186 0 0
343 186 0 0
342 186 0 0
341 186 0 0
349 185 0 0
348 185 0 0
347 185 0 0
346 185 0 0
345 185 0 0
344 185 0 0
343 185 0 0
342 185 0 0
341 185 0 0
348 184 0 0
347 184 0 0
346 184 0 0
345 184 0 0
344 184 0 0
343 184 0 0
342 184 0 0
341 184 0 0
340 184 0 0
346 183 0 0
345 183 0 0
344 183 0 0
343 183 0 0
342 183 0 0
341 183 0 0
340 183 0 0
339 183 0 0
344 182 0 0
343 182 0 0
342 182 0 0
341 182 0 0
340 182 0 0
339 182 0 0
338 182 0 0
337 182 0 0
336 182 0 0
343 181 0 0
342 181 0 0
341 181 0 0
340 181 0 0
339 181 0 0
338 181 0 0
337 181 0 0
336 181 0 0
335 181 0 0
343 180 0 0
342 180 0 0
341 180 0 0
340 180 0 0
339 180 0 0
338 180 0 0
337 180 0 0
336 180 0 0
335 180 0 0
340 179 0 0
339 179 0 0
338 179 0 0
337 179 0 0
336 179 0 0
335 179 0 0
334 179 0 0
339 178 0 0
338 178 0 0
337 178 0 0
336 178 0 0
335 178 0 0
334 178 0 0
333 178 0 0
332 178 0 0
331 178 0 0
338 177 0 0
337 177 0 0
336 177 0 0
335 177 0 0
334 177 0 0
333 177 0 0
332 177 0 0
331 177 0 0
330 177 0 0
335 176 0 0
334 176 0 0
333 176 0 0
332 176 0 0
331 176 0 0
330 176 0 0
329 176 0 0
334 175 0 0
333 175 0 0
332 175 0 0
331 175 0 0
330 175 0 0
329 175 0 0
328 175 0 0
327 175 0 0
326 175 0 0
334 174 0 0
333 174 0 0
332 174 0 0
331 174 0 0
330 174 0 0
329 174 0 0
328 174 0 0
327 174 0 0
326 174 0 0
333 173 0 0
332 173 0 0
331 173 0 0
330 173 0 0
329 173 0 0
328 173 0 0
327 173 0 0
326 173 0 0
325 173 0 0
330 172 0 0
329 172 0 0
328 172 0 0
327 172 0 0
326 172 0 0
325 172 0 0
324 172 0 0
329 171 0 0
328 171 0 0
327 171 0 0
326 171 0 0
325 171 0 0
324 171 0 0
323 171 0 0
322 171 0 0
328 170 0 0
327 170 0 0
326 170 0 0
325 170 0 0
324 170 0 0
323 170 0 0
322 170 0 0
321 170 0 0
320 170 0 0
319 170 0 0
325 169 0 0
324 169 0 0
323 169 0 0
322 169 0 0
321 169 0 0
320 169 0 0
319 169 0 0
318 169 0 0
325 168 0 0
324 168 0 0
323 168 0 0
322 168 0 0
321 168 0 0
320 168 0 0
319 168 0 0
318 168 0 0
324 167 0 0
323 167 0 0
322 167 0 0
321 167 0 0
320 167 0 0
319 167 0 0
318 167 0 0
317 167 0 0
323 166 0 0
322 166 0 0
321 166 0 0
320 166 0 0
319 166 0 0
318 166 0 0
317 166 0 0
316 166 0 0
315 166 0 0
314 166 0 0
321 165 0 0
320 165 0 0
319 165 0 0
318 165 0 0
317 165 0 0
316 165 0 0
315 165 0 0
314 165 0 0
313 165 0 0
319 164 0 0
318 164 0 0
317 164 0 0
316 164 0 0
315 164 0 0
314 164 0 0
313 164 0 0
312 164 0 0
319 163 0 0
318 163 0 0
317 163 0 0
316 163 0 0
315 163 0 0
314 163 0 0
313 163 0 0
312 163 0 0
318 162 0 0
317 162 0 0
316 162 0 0
315 162 0 0
314 162 0 0
313 162 0 0
312 162 0 0
311 162 0 0
310 162 0 0
309 162 0 0
316 161 0 0
315 161 0 0
314 161 0 0
313 161 0 0
312 161 0 0
311 161 0 0
310 161 0 0
309 161 0 0
308 161 0 0
314 160 0 0
313 160 0 0
312 160 0 0
311 160 0 0
310 160 0 0
309 160 0 0
308 160 0 0
307 160 0 0
313 159 0 0
312 159 0 0
311 159 0 0
310 159 0 0
309 159 0 0
308 159 0 0
307 159 0 0
306 159 0 0
305 159 0 0
304 159 0 0
311 158 0 0
310 158 0 0
309 158 0 0
308 158 0 0
307 158 0 0
306 158 0 0
305 158 0 0
304 158 0 0
303 158 0 0
311 157 0 0
310 157 0 0
309 157 0 0
308 157 0 0
307 157 0 0
306 157 0 0
305 157 0 0
304 157 0 0
303 157 0 0
310 156 0 0
309 156 0 0
308 156 0 0
307 156 0 0
306 156 0 0
305 156 0 0
304 156 0 0
303 156 0 0
302 156 0 0
308 155 0 0
307 155 0 0
306 155 0 0
305 155 0 0
304 155 0 0
303 155 0 0
302 155 0 0
301 155 0 0
300 155 0 0
306 154 0 0
305 154 0 0
304 154 0 0
303 154 0 0
302 154 0 0
301 154 0 0
300 154 0 0
299 154 0 0
298 154 0 0
305 153 0 0
304 153 0 0
303 153 0 0
302 153 0 0
301 153 0 0
300 153 0 0
299 153 0 0
298 153 0 0
297 153 0 0
305 152 0 0
304 152 0 0
303 152 0 0
302 152 0 0
301 152 0 0
300 152 0 0
299 152 0 0
298 152 0 0
297 152 0 0
303 151 0 0
302 151 0 0
301 151 0 0
300 151 0 0
299 151 0 0
298 151 0 0
297 151 0 0
296 151 0 0
295 151 0 0
301 150 0 0
300 150 0 0
299 150 0 0
298 150 0 0
297 150 0 0
296 150 0 0
295 150 0 0
294 150 0 0
293 150 0 0
85 150 0 0
84 150 0 0
300 149 0 0
299 149 0 0
298 149 0 0
297 149 0 0
296 149 0 0
295 149 0 0
294 149 0 0
293 149 0 0
292 149 0 0
86 149 0 0
85 149 0 0
84 149 0 0
83 149 0 0
297 148 0 0
296 148 0 0
295 148 0 0
294 148 0 0
293 148 0 0
292 148 0 0
291 148 0 0
290 148 0 0
87 148 0 0
86 148 0 0
85 148 0 0
84 148 0 0
83 148 0 0
82 148 0 0
296 147 0 0
295 147 0 0
294 147 0 0
293 147 0 0
292 147 0 0
291 147 0 0
290 147 0 0
289 147 0 0
88 147 0 0
87 147 0 0
86 147 0 0
85 147 0 0
84 147 0 0
83 147 0 0
296 146 0 0
295 146 0 0
294 146 0 0
293 146 0 0
292 146 0 0
291 146 0 0
290 146 0 0
289 146 0 0
88 146 0 0
87 146 0 0
86 146 0 0
85 146 0 0
84 146 0 0
83 146 0 0
295 145 0 0
294 145 0 0
293 145 0 0
292 145 0 0
291 145 0 0
290 145 0 0
289 145 0 0
288 145 0 0
287 145 0 0
286 145 0 0
285 145 0 0
89 145 0 0
88 145 0 0
87 145 0 0
86 145 0 0
85 145 0 0
84 145 0 0
292 144 0 0
291 144 0 0
290 144 0 0
289 144 0 0
288 144 0 0
287 144 0 0
286 144 0 0
285 144 0 0
284 144 0 0
283 144 0 0
282 144 0 0
91 144 0 0
90 144 0 0
89 144 0 0
88 144 0 0
87 144 0 0
86 144 0 0
291 143 0 0
290 143 0 0
289 143 0 0
288 143 0 0
287 143 0 0
286 143 0 0
285 143 0 0
284 143 0 0
283 143 0 0
282 143 0 0
281 143 0 0
92 143 0 0
91 143 0 0
90 143 0 0
89 143 0 0
88 143 0 0
87 143 0 0
290 142 0 0
289 142 0 0
288 142 0 0
287 142 0 0
286 142 0 0
285 142 0 0
284 142 0 0
283 142 0 0
282 142 0 0
281 142 0 0
280 142 0 0
93 142 0 0
92 142 0 0
91 142 0 0
90 142 0 0
89 142 0 0
88 142 0 0
290 141 0 0
289 141 0 0
288 141 0 0
287 141 0 0
286 141 0 0
285 141 0 0
284 141 0 0
283 141 0 0
282 141 0 0
281 141 0 0
280 141 0 0
93 141 0 0
92 141 0 0
91 141 0 0
90 141 0 0
89 141 0 0
88 141 0 0
288 140 0 0
287 140 0 0
286 140 0 0
285 140 0 0
284 140 0 0
283 140 0 0
282 140 0 0
281 140 0 0
94 140 0 0
93 140 0 0
92 140 0 0
91 140 0 0
90 140 0 0
89 140 0 0
285 139 0 0
284 139 0 0
283 139 0 0
282 139 0 0
96 139 0 0
95 139 0 0
94 139 0 0
93 139 0 0
92 139 0 0
91 139 0 0
90 139 0 0
97 138 0 0
96 138 0 0
95 138 0 0
94 138 0 0
93 138 0 0
92 138 0 0
98 137 0 0
97 137 0 0
96 137 0 0
95 137 0 0
94 137 0 0
93 137 0 0
99 136 0 0
98 136 0 0
97 136 0 0
96 136 0 0
95 136 0 0
94 136 0 0
99 135 0 0
98 135 0 0
97 135 0 0
96 135 0 0
95 135 0 0
94 135 0 0
100 134 0 0
99 134 0 0
98 134 0 0
97 134 0 0
96 134 0 0
95 134 0 0
102 133 0 0
101 133 0 0
100 133 0 0
99 133 0 0
98 133 0 0
97 133 0 0
103 132 0 0
102 132 0 0
101 132 0 0
100 132 0 0
99 132 0 0
98 132 0 0
104 131 0 0
103 131 0 0
102 131 0 0
101 131 0 0
100 131 0 0
99 131 0 0
104 130 0 0
103 130 0 0
102 130 0 0
101 130 0 0
100 130 0 0
99 130 0 0
105 129 0 0
104 129 0 0
103 129 0 0
102 129 0 0
101 129 0 0
100 129 0 0
107 128 0 0
106 128 0 0
105 128 0 0
104 128 0 0
103 128 0 0
102 128 0 0
101 128 0 0
108 127 0 0
107 127 0 0
106 127 0 0
105 127 0 0
104 127 0 0
103 127 0 0
109 126 0 0
108 126 0 0
107 126 0 0
106 126 0 0
105 126 0 0
104 126 0 0
110 125 0 0
109 125 0 0
108 125 0 0
107 125 0 0
106 125 0 0
105 125 0 0
110 124 0 0
109 124 0 0
108 124 0 0
107 124 0 0
106 124 0 0
105 124 0 0
111 123 0 0
110 123 0 0
109 123 0 0
108 123 0 0
107 123 0 0
106 123 0 0
113 122 0 0
112 122 0 0
111 122 0 0
110 122 0 0
109 122 0 0
108 122 0 0
114 121 0 0
113 121 0 0
112 121 0 0
111 121 0 0
110 121 0 0
109 121 0 0
115 120 0 0
114 120 0 0
113 120 0 0
112 120 0 0
111 120 0 0
110 120 0 0
116 119 0 0
115 119 0 0
114 119 0 0
113 119 0 0
112 119 0 0
111 119 0 0
116 118 0 0
115 118 0 0
114 118 0 0
113 118 0 0
112 118 0 0
111 118 0 0
118 117 0 0
117 117 0 0
116 117 0 0
115 117 0 0
114 117 0 0
113 117 0 0
112 117 0 0
119 116 0 0
118 116 0 0
117 116 0 0
116 116 0 0
115 116 0 0
114 116 0 0
120 115 0 0
119 115 0 0
118 115 0 0
117 115 0 0
116 115 0 0
115 115 0 0
121 114 0 0
120 114 0 0
119 114 0 0
118 114 0 0
117 114 0 0
116 114 0 0
121 113 0 0
120 113 0 0
119 113 0 0
118 113 0 0
117 113 0 0
116 113 0 0
123 112 0 0
122 112 0 0
121 112 0 0
120 112 0 0
119 112 0 0
118 112 0 0
117 112 0 0
124 111 0 0
123 111 0 0
122 111 0 0
121 111 0 0
120 111 0 0
119 111 0 0
125 110 0 0
124 110 0 0
123 110 0 0
122 110 0 0
121 110 0 0
120 110 0 0
127 109 0 0
126 109 0 0
125 109 0 0
124 109 0 0
123 109 0 0
122 109 0 0
121 109 0 0
129 108 0 0
128 108 0 0
127 108 0 0
126 108 0 0
125 108 0 0
124 108 0 0
123 108 0 0
122 108 0 0
129 107 0 0
128 107 0 0
127 107 0 0
126 107 0 0
125 107 0 0
124 107 0 0
123 107 0 0
122 107 0 0
130 106 0 0
129 106 0 0
128 106 0 0
127 106 0 0
126 106 0 0
125 106 0 0
124 106 0 0
130 105 0 0
129 105 0 0
128 105 0 0
127 105 0 0
126 105 0 0
125 105 0 0
131 104 0 0
130 104 0 0
129 104 0 0
128 104 0 0
127 104 0 0
126 104 0 0
132 103 0 0
131 103 0 0
130 103 0 0
129 103 0 0
128 103 0 0
127 103 0 0
132 102 0 0
131 102 0 0
130 102 0 0
129 102 0 0
128 102 0 0
127 102 0 0
134 101 0 0
133 101 0 0
132 101 0 0
131 101 0 0
130 101 0 0
129 101 0 0
128 101 0 0
135 100 0 0
134 100 0 0
133 100 0 0
132 100 0 0
131 100 0 0
130 100 0 0
136 99 0 0
135 99 0 0
134 99 0 0
133 99 0 0
132 99 0 0
131 99 0 0
137 98 0 0
136 98 0 0
135 98 0 0
134 98 0 0
133 98 0 0
132 98 0 0
138 97 0 0
137 97 0 0
136 97 0 0
135 97 0 0
134 97 0 0
133 97 0 0
138 96 0 0
137 96 0 0
136 96 0 0
135 96 0 0
134 96 0 0
133 96 0 0
140 95 0 0
139 95 0 0
138 95 0 0
137 95 0 0
136 95 0 0
135 95 0 0
141 94 0 0
140 94 0 0
139 94 0 0
138 94 0 0
137 94 0 0
136 94 0 0
142 93 0 0
141 93 0 0
140 93 0 0
139 93 0 0
138 93 0 0
137 93 0 0
143 92 0 0
142 92 0 0
141 92 0 0
140 92 0 0
139 92 0 0
138 92 0 0
143 91 0 0
142 91 0 0
141 91 0 0
140 91 0 0
139 91 0 0
138 91 0 0
145 90 0 0
144 90 0 0
143 90 0 0
142 90 0 0
141 90 0 0
140 90 0 0
139 90 0 0
146 89 0 0
145 89 0 0
144 89 0 0
143 89 0 0
142 89 0 0
141 89 0 0
147 88 0 0
146 88 0 0
145 88 0 0
144 88 0 0
143 88 0 0
142 88 0 0
148 87 0 0
147 87 0 0
146 87 0 0
145 87 0 0
144 87 0 0
143 87 0 0
149 86 0 0
148 86 0 0
147 86 0 0
146 86 0 0
145 86 0 0
144 86 0 0
149 85 0 0
148 85 0 0
147 85 0 0
146 85 0 0
145 85 0 0
144 85 0 0
151 84 0 0
150 84 0 0
149 84 0 0
148 84 0 0
147 84 0 0
146 84 0 0
152 83 0 0
151 83 0 0
150 83 0 0
149 83 0 0
148 83 0 0
147 83 0 0
153 82 0 0
152 82 0 0
151 82 0 0
150 82 0 0
149 82 0 0
148 82 0 0
154 81 0 0
153 81 0 0
152 81 0 0
151 81 0 0
150 81 0 0
149 81 0 0
154 80 0 0
153 80 0 0
152 80 0 0
151 80 0 0
150 80 0 0
149 80 0 0
156 79 0 0
155 79 0 0
154 79 0 0
153 79 0 0
152 79 0 0
151 79 0 0
150 79 0 0
157 78 0 0
156 78 0 0
155 78 0 0
154 78 0 0
153 78 0 0
152 78 0 0
158 77 0 0
157 77 0 0
156 77 0 0
155 77 0 0
154 77 0 0
153 77 0 0
159 76 0 0
158 76 0 0
157 76 0 0
156 76 0 0
155 76 0 0
154 76 0 0
160 75 0 0
159 75 0 0
158 75 0 0
157 75 0 0
156 75 0 0
155 75 0 0
160 74 0 0
159 74 0 0
158 74 0 0
157 74 0 0
156 74 0 0
155 74 0 0
162 73 0 0
161 73 0 0
160 73 0 0
159 73 0 0
158 73 0 0
157 73 0 0
163 72 0 0
162 72 0 0
161 72 0 0
160 72 0 0
159 72 0 0
158 72 0 0
164 71 0 0
163 71 0 0
162 71 0 0
161 71 0 0
160 71 0 0
159 71 0 0
165 70 0 0
164 70 0 0
163 70 0 0
162 70 0 0
161 70 0 0
160 70 0 0
167 69 0 0
166 69 0 0
165 69 0 0
164 69 0 0
163 69 0 0
162 69 0 0
161 69 0 0
167 68 0 0
166 68 0 0
165 68 0 0
164 68 0 0
163 68 0 0
162 68 0 0
161 68 0 0
168 67 0 0
167 67 0 0
166 67 0 0
165 67 0 0
164 67 0 0
163 67 0 0
173 66 0 0
172 66 0 0
171 66 0 0
170 66 0 0
169 66 0 0
168 66 0 0
167 66 0 0
166 66 0 0
165 66 0 0
164 66 0 0
175 65 0 0
174 65 0 0
173 65 0 0
172 65 0 0
171 65 0 0
170 65 0 0
169 65 0 0
168 65 0 0
167 65 0 0
166 65 0 0
165 65 0 0
176 64 0 0
175 64 0 0
174 64 0 0
173 64 0 0
172 64 0 0
171 64 0 0
170 64 0 0
169 64 0 0
168 64 0 0
167 64 0 0
166 64 0 0
176 63 0 0
175 63 0 0
174 63 0 0
173 63 0 0
172 63 0 0
171 63 0 0
170 63 0 0
169 63 0 0
168 63 0 0
167 63 0 0
166 63 0 0
178 62 0 0
177 62 0 0
176 62 0 0
175 62 0 0
174 62 0 0
173 62 0 0
172 62 0 0
171 62 0 0
170 62 0 0
169 62 0 0
168 62 0 0
176 61 0 0
175 61 0 0
174 61 0 0
173 61 0 0
172 61 0 0
171 61 0 0
170 61 0 0
169 61 0 0
175 60 0 0
174 60 0 0
173 60 0 0
172 60 0 0
