3130 640 480
459 479 0 0
458 479 0 0
457 479 0 0
456 479 0 0
455 479 0 0
454 479 0 0
453 479 0 0
461 478 0 0
460 478 0 0
459 478 0 0
458 478 0 0
457 478 0 0
456 478 0 0
455 478 0 0
454 478 0 0
461 477 0 0
460 477 0 0
459 477 0 0
458 477 0 0
457 477 0 0
456 477 0 0
455 477 0 0
454 477 0 0
462 476 0 0
461 476 0 0
460 476 0 0
459 476 0 0
458 476 0 0
457 476 0 0
456 476 0 0
455 476 0 0
463 475 0 0
462 475 0 0
461 475 0 0
460 475 0 0
459 475 0 0
458 475 0 0
457 475 0 0
465 474 0 0
464 474 0 0
463 474 0 0
462 474 0 0
461 474 0 0
460 474 0 0
459 474 0 0
458 474 0 0
465 473 0 0
464 473 0 0
463 473 0 0
462 473 0 0
461 473 0 0
460 473 0 0
459 473 0 0
458 473 0 0
466 472 0 0
465 472 0 0
464 472 0 0
463 472 0 0
462 472 0 0
461 472 0 0
460 472 0 0
459 472 0 0
467 471 0 0
466 471 0 0
465 471 0 0
464 471 0 0
463 471 0 0
462 471 0 0
461 471 0 0
460 471 0 0
469 470 0 0
468 470 0 0
467 470 0 0
466 470 0 0
465 470 0 0
464 470 0 0
463 470 0 0
462 470 0 0
470 469 0 0
469 469 0 0
468 469 0 0
467 469 0 0
466 469 0 0
465 469 0 0
464 469 0 0
470 468 0 0
469 468 0 0
468 468 0 0
467 468 0 0
466 468 0 0
465 468 0 0
464 468 0 0
472 467 0 0
471 467 0 0
470 467 0 0
469 467 0 0
468 467 0 0
467 467 0 0
466 467 0 0
474 466 0 0
473 466 0 0
472 466 0 0
471 466 0 0
470 466 0 0
469 466 0 0
468 466 0 0
467 466 0 0
475 465 0 0
474 465 0 0
473 465 0 0
472 465 0 0
471 465 0 0
470 465 0 0
469 465 0 0
468 465 0 0
475 464 0 0
474 464 0 0
473 464 0 0
472 464 0 0
471 464 0 0
470 464 0 0
469 464 0 0
468 464 0 0
475 463 0 0
474 463 0 0
473 463 0 0
472 463 0 0
471 463 0 0
470 463 0 0
476 462 0 0
475 462 0 0
474 462 0 0
473 462 0 0
472 462 0 0
471 462 0 0
479 461 0 0
478 461 0 0
477 461 0 0
476 461 0 0
475 461 0 0
474 461 0 0
473 461 0 0
472 461 0 0
479 460 0 0
478 460 0 0
477 460 0 0
476 460 0 0
475 460 0 0
474 460 0 0
473 460 0 0
472 460 0 0
480 459 0 0
479 459 0 0
478 459 0 0
477 459 0 0
476 459 0 0
475 459 0 0
474 459 0 0
473 459 0 0
482 458 0 0
481 458 0 0
480 458 0 0
479 458 0 0
478 458 0 0
477 458 0 0
476 458 0 0
475 458 0 0
483 457 0 0
482 457 0 0
481 457 0 0
480 457 0 0
479 457 0 0
478 457 0 0
477 457 0 0
476 457 0 0
484 456 0 0
483 456 0 0
482 456 0 0
481 456 0 0
480 456 0 0
479 456 0 0
478 456 0 0
477 456 0 0
484 455 0 0
483 455 0 0
482 455 0 0
481 455 0 0
480 455 0 0
479 455 0 0
478 455 0 0
477 455 0 0
486 454 0 0
485 454 0 0
484 454 0 0
483 454 0 0
482 454 0 0
481 454 0 0
480 454 0 0
479 454 0 0
487 453 0 0
486 453 0 0
485 453 0 0
484 453 0 0
483 453 0 0
482 453 0 0
481 453 0 0
480 453 0 0
488 452 0 0
487 452 0 0
486 452 0 0
485 452 0 0
484 452 0 0
483 452 0 0
482 452 0 0
481 452 0 0
488 451 0 0
487 451 0 0
486 451 0 0
485 451 0 0
484 451 0 0
483 451 0 0
482 451 0 0
481 451 0 0
489 450 0 0
488 450 0 0
487 450 0 0
486 450 0 0
485 450 0 0
484 450 0 0
483 450 0 0
491 449 0 0
490 449 0 0
489 449 0 0
488 449 0 0
487 449 0 0
486 449 0 0
485 449 0 0
484 449 0 0
492 448 0 0
491 448 0 0
490 448 0 0
489 448 0 0
488 448 0 0
487 448 0 0
486 448 0 0
485 448 0 0
492 447 0 0
491 447 0 0
490 447 0 0
489 447 0 0
488 447 0 0
487 447 0 0
486 447 0 0
485 447 0 0
493 446 0 0
492 446 0 0
491 446 0 0
490 446 0 0
489 446 0 0
488 446 0 0
487 446 0 0
495 445 0 0
494 445 0 0
493 445 0 0
492 445 0 0
491 445 0 0
490 445 0 0
489 445 0 0
488 445 0 0
496 444 0 0
495 444 0 0
494 444 0 0
493 444 0 0
492 444 0 0
491 444 0 0
490 444 0 0
489 444 0 0
497 443 0 0
496 443 0 0
495 443 0 0
494 443 0 0
493 443 0 0
492 443 0 0
491 443 0 0
490 443 0 0
497 442 0 0
496 442 0 0
495 442 0 0
494 442 0 0
493 442 0 0
492 442 0 0
491 442 0 0
490 442 0 0
499 441 0 0
498 441 0 0
497 441 0 0
496 441 0 0
495 441 0 0
494 441 0 0
493 441 0 0
492 441 0 0
500 440 0 0
499 440 0 0
498 440 0 0
497 440 0 0
496 440 0 0
495 440 0 0
494 440 0 0
493 440 0 0
501 439 0 0
500 439 0 0
499 439 0 0
498 439 0 0
497 439 0 0
496 439 0 0
495 439 0 0
494 439 0 0
501 438 0 0
500 438 0 0
499 438 0 0
498 438 0 0
497 438 0 0
496 438 0 0
495 438 0 0
494 438 0 0
502 437 0 0
501 437 0 0
500 437 0 0
499 437 0 0
498 437 0 0
497 437 0 0
504 436 0 0
503 436 0 0
502 436 0 0
501 436 0 0
500 436 0 0
499 436 0 0
498 436 0 0
505 435 0 0
504 435 0 0
503 435 0 0
502 435 0 0
501 435 0 0
500 435 0 0
499 435 0 0
498 435 0 0
505 434 0 0
504 434 0 0
503 434 0 0
502 434 0 0
501 434 0 0
500 434 0 0
499 434 0 0
498 434 0 0
506 433 0 0
505 433 0 0
504 433 0 0
503 433 0 0
502 433 0 0
501 433 0 0
500 433 0 0
508 432 0 0
507 432 0 0
506 432 0 0
505 432 0 0
504 432 0 0
503 432 0 0
502 432 0 0
501 432 0 0
509 431 0 0
508 431 0 0
507 431 0 0
506 431 0 0
505 431 0 0
504 431 0 0
503 431 0 0
512 430 0 0
511 430 0 0
510 430 0 0
509 430 0 0
508 430 0 0
507 430 0 0
506 430 0 0
505 430 0 0
512 429 0 0
511 429 0 0
510 429 0 0
509 429 0 0
508 429 0 0
507 429 0 0
506 429 0 0
505 429 0 0
513 428 0 0
512 428 0 0
511 428 0 0
510 428 0 0
509 428 0 0
508 428 0 0
507 428 0 0
506 428 0 0
514 427 0 0
513 427 0 0
512 427 0 0
511 427 0 0
510 427 0 0
509 427 0 0
508 427 0 0
507 427 0 0
515 426 0 0
514 426 0 0
513 426 0 0
512 426 0 0
511 426 0 0
510 426 0 0
509 426 0 0
515 425 0 0
514 425 0 0
513 425 0 0
512 425 0 0
511 425 0 0
510 425 0 0
509 425 0 0
517 424 0 0
516 424 0 0
515 424 0 0
514 424 0 0
513 424 0 0
512 424 0 0
511 424 0 0
510 424 0 0
518 423 0 0
517 423 0 0
516 423 0 0
515 423 0 0
514 423 0 0
513 423 0 0
512 423 0 0
511 423 0 0
519 422 0 0
518 422 0 0
517 422 0 0
516 422 0 0
515 422 0 0
514 422 0 0
513 422 0 0
519 421 0 0
518 421 0 0
517 421 0 0
516 421 0 0
515 421 0 0
514 421 0 0
513 421 0 0
521 420 0 0
520 420 0 0
519 420 0 0
518 420 0 0
517 420 0 0
516 420 0 0
515 420 0 0
514 420 0 0
522 419 0 0
521 419 0 0
520 419 0 0
519 419 0 0
518 419 0 0
517 419 0 0
516 419 0 0
515 419 0 0
523 418 0 0
522 418 0 0
521 418 0 0
520 418 0 0
519 418 0 0
518 418 0 0
517 418 0 0
516 418 0 0
525 417 0 0
524 417 0 0
523 417 0 0
522 417 0 0
521 417 0 0
520 417 0 0
519 417 0 0
518 417 0 0
525 416 0 0
524 416 0 0
523 416 0 0
522 416 0 0
521 416 0 0
520 416 0 0
519 416 0 0
518 416 0 0
526 415 0 0
525 415 0 0
524 415 0 0
523 415 0 0
522 415 0 0
521 415 0 0
520 415 0 0
519 415 0 0
527 414 0 0
526 414 0 0
525 414 0 0
524 414 0 0
523 414 0 0
522 414 0 0
521 414 0 0
520 414 0 0
528 413 0 0
527 413 0 0
526 413 0 0
525 413 0 0
524 413 0 0
523 413 0 0
522 413 0 0
528 412 0 0
527 412 0 0
526 412 0 0
525 412 0 0
524 412 0 0
523 412 0 0
522 412 0 0
530 411 0 0
529 411 0 0
528 411 0 0
527 411 0 0
526 411 0 0
525 411 0 0
524 411 0 0
523 411 0 0
531 410 0 0
530 410 0 0
529 410 0 0
528 410 0 0
527 410 0 0
526 410 0 0
525 410 0 0
524 410 0 0
532 409 0 0
531 409 0 0
530 409 0 0
529 409 0 0
528 409 0 0
527 409 0 0
526 409 0 0
532 408 0 0
531 408 0 0
530 408 0 0
529 408 0 0
528 408 0 0
527 408 0 0
526 408 0 0
534 407 0 0
533 407 0 0
532 407 0 0
531 407 0 0
530 407 0 0
529 407 0 0
528 407 0 0
527 407 0 0
535 406 0 0
534 406 0 0
533 406 0 0
532 406 0 0
531 406 0 0
530 406 0 0
529 406 0 0
528 406 0 0
536 405 0 0
535 405 0 0
534 405 0 0
533 405 0 0
532 405 0 0
531 405 0 0
530 405 0 0
529 405 0 0
538 404 0 0
537 404 0 0
536 404 0 0
535 404 0 0
534 404 0 0
533 404 0 0
532 404 0 0
531 404 0 0
538 403 0 0
537 403 0 0
536 403 0 0
535 403 0 0
534 403 0 0
533 403 0 0
532 403 0 0
531 403 0 0
539 402 0 0
538 402 0 0
537 402 0 0
536 402 0 0
535 402 0 0
534 402 0 0
533 402 0 0
532 402 0 0
540 401 0 0
539 401 0 0
538 401 0 0
537 401 0 0
536 401 0 0
535 401 0 0
534 401 0 0
533 401 0 0
541 400 0 0
540 400 0 0
539 400 0 0
538 400 0 0
537 400 0 0
536 400 0 0
541 399 0 0
540 399 0 0
539 399 0 0
538 399 0 0
537 399 0 0
536 399 0 0
543 398 0 0
542 398 0 0
541 398 0 0
540 398 0 0
539 398 0 0
538 398 0 0
537 398 0 0
544 397 0 0
543 397 0 0
542 397 0 0
541 397 0 0
540 397 0 0
539 397 0 0
545 396 0 0
544 396 0 0
543 396 0 0
542 396 0 0
541 396 0 0
540 396 0 0
545 395 0 0
544 395 0 0
543 395 0 0
542 395 0 0
541 395 0 0
540 395 0 0
547 394 0 0
546 394 0 0
545 394 0 0
544 394 0 0
543 394 0 0
542 394 0 0
541 394 0 0
548 393 0 0
547 393 0 0
546 393 0 0
545 393 0 0
544 393 0 0
543 393 0 0
542 393 0 0
551 392 0 0
550 392 0 0
549 392 0 0
548 392 0 0
547 392 0 0
546 392 0 0
545 392 0 0
544 392 0 0
552 391 0 0
551 391 0 0
550 391 0 0
549 391 0 0
548 391 0 0
547 391 0 0
546 391 0 0
545 391 0 0
552 390 0 0
551 390 0 0
550 390 0 0
549 390 0 0
548 390 0 0
547 390 0 0
546 390 0 0
545 390 0 0
553 389 0 0
552 389 0 0
551 389 0 0
550 389 0 0
549 389 0 0
548 389 0 0
547 389 0 0
546 389 0 0
554 388 0 0
553 388 0 0
552 388 0 0
551 388 0 0
550 388 0 0
549 388 0 0
548 388 0 0
556 387 0 0
555 387 0 0
554 387 0 0
553 387 0 0
552 387 0 0
551 387 0 0
550 387 0 0
549 387 0 0
556 386 0 0
555 386 0 0
554 386 0 0
553 386 0 0
552 386 0 0
551 386 0 0
550 386 0 0
549 386 0 0
557 385 0 0
556 385 0 0
555 385 0 0
554 385 0 0
553 385 0 0
552 385 0 0
551 385 0 0
550 385 0 0
558 384 0 0
557 384 0 0
556 384 0 0
555 384 0 0
554 384 0 0
553 384 0 0
552 384 0 0
560 383 0 0
559 383 0 0
558 383 0 0
557 383 0 0
556 383 0 0
555 383 0 0
554 383 0 0
553 383 0 0
560 382 0 0
559 382 0 0
558 382 0 0
557 382 0 0
556 382 0 0
555 382 0 0
554 382 0 0
553 382 0 0
561 381 0 0
560 381 0 0
559 381 0 0
558 381 0 0
557 381 0 0
556 381 0 0
555 381 0 0
554 381 0 0
562 380 0 0
561 380 0 0
560 380 0 0
559 380 0 0
558 380 0 0
557 380 0 0
556 380 0 0
555 380 0 0
564 379 0 0
563 379 0 0
562 379 0 0
561 379 0 0
560 379 0 0
559 379 0 0
558 379 0 0
557 379 0 0
565 378 0 0
564 378 0 0
563 378 0 0
562 378 0 0
561 378 0 0
560 378 0 0
559 378 0 0
558 378 0 0
565 377 0 0
564 377 0 0
563 377 0 0
562 377 0 0
561 377 0 0
560 377 0 0
559 377 0 0
558 377 0 0
566 376 0 0
565 376 0 0
564 376 0 0
563 376 0 0
562 376 0 0
561 376 0 0
560 376 0 0
559 376 0 0
566 375 0 0
565 375 0 0
564 375 0 0
563 375 0 0
562 375 0 0
561 375 0 0
566 374 0 0
565 374 0 0
564 374 0 0
563 374 0 0
562 374 0 0
561 374 0 0
566 373 0 0
565 373 0 0
564 373 0 0
563 373 0 0
562 373 0 0
561 373 0 0
566 372 0 0
565 372 0 0
564 372 0 0
563 372 0 0
562 372 0 0
561 372 0 0
567 371 0 0
566 371 0 0
565 371 0 0
564 371 0 0
563 371 0 0
562 371 0 0
566 370 0 0
565 370 0 0
564 370 0 0
563 370 0 0
566 369 0 0
565 369 0 0
564 369 0 0
563 369 0 0
565 368 0 0
320 307 0 1
319 307 0 1
322 306 0 1
321 306 0 1
320 306 0 1
319 306 0 1
318 306 0 1
317 306 0 1
323 305 0 1
322 305 0 1
321 305 0 1
320 305 0 1
319 305 0 1
318 305 0 1
317 305 0 1
316 305 0 1
323 304 0 1
322 304 0 1
321 304 0 1
320 304 0 1
319 304 0 1
318 304 0 1
317 304 0 1
316 304 0 1
322 303 0 1
321 303 0 1
320 303 0 1
319 303 0 1
318 303 0 1
317 303 0 1
316 303 0 1
315 303 0 1
320 302 0 1
319 302 0 1
318 302 0 1
317 302 0 1
316 302 0 1
315 302 0 1
320 301 0 1
319 301 0 1
318 301 0 1
317 301 0 1
316 301 0 1
315 301 0 1
320 300 0 1
319 300 0 1
318 300 0 1
317 300 0 1
316 300 0 1
315 300 0 1
320 299 0 1
319 299 0 1
318 299 0 1
317 299 0 1
316 299 0 1
315 299 0 1
320 298 0 1
319 298 0 1
318 298 0 1
317 298 0 1
316 298 0 1
315 298 0 1
320 297 0 1
319 297 0 1
318 297 0 1
317 297 0 1
316 297 0 1
315 297 0 1
320 296 0 1
319 296 0 1
318 296 0 1
317 296 0 1
316 296 0 1
315 296 0 1
320 295 0 1
319 295 0 1
318 295 0 1
317 295 0 1
316 295 0 1
315 295 0 1
319 294 0 1
318 294 0 1
317 294 0 1
316 294 0 1
315 294 0 1
314 294 0 1
313 294 0 1
319 293 0 1
318 293 0 1
317 293 0 1
316 293 0 1
315 293 0 1
314 293 0 1
313 293 0 1
319 292 0 1
318 292 0 1
317 292 0 1
316 292 0 1
315 292 0 1
314 292 0 1
313 292 0 1
319 291 0 1
318 291 0 1
317 291 0 1
316 291 0 1
315 291 0 1
314 291 0 1
313 291 0 1
319 290 0 1
318 290 0 1
317 290 0 1
316 290 0 1
315 290 0 1
314 290 0 1
313 290 0 1
319 289 0 1
318 289 0 1
317 289 0 1
316 289 0 1
315 289 0 1
314 289 0 1
313 289 0 1
319 288 0 1
318 288 0 1
317 288 0 1
316 288 0 1
315 288 0 1
314 288 0 1
313 288 0 1
319 287 0 1
318 287 0 1
317 287 0 1
316 287 0 1
315 287 0 1
314 287 0 1
313 287 0 1
318 286 0 1
317 286 0 1
316 286 0 1
315 286 0 1
314 286 0 1
313 286 0 1
312 286 0 1
318 285 0 1
317 285 0 1
316 285 0 1
315 285 0 1
314 285 0 1
313 285 0 1
312 285 0 1
318 284 0 1
317 284 0 1
316 284 0 1
315 284 0 1
314 284 0 1
313 284 0 1
312 284 0 1
318 283 0 1
317 283 0 1
316 283 0 1
315 283 0 1
314 283 0 1
313 283 0 1
312 283 0 1
318 282 0 1
317 282 0 1
316 282 0 1
315 282 0 1
314 282 0 1
313 282 0 1
312 282 0 1
318 281 0 1
317 281 0 1
316 281 0 1
315 281 0 1
314 281 0 1
313 281 0 1
312 281 0 1
318 280 0 1
317 280 0 1
316 280 0 1
315 280 0 1
314 280 0 1
313 280 0 1
312 280 0 1
316 279 0 1
315 279 0 1
314 279 0 1
313 279 0 1
312 279 0 1
311 279 0 1
316 278 0 1
315 278 0 1
314 278 0 1
313 278 0 1
312 278 0 1
311 278 0 1
316 277 0 1
315 277 0 1
314 277 0 1
313 277 0 1
312 277 0 1
311 277 0 1
316 276 0 1
315 276 0 1
314 276 0 1
313 276 0 1
312 276 0 1
311 276 0 1
316 275 0 1
315 275 0 1
314 275 0 1
313 275 0 1
312 275 0 1
311 275 0 1
316 274 0 1
315 274 0 1
314 274 0 1
313 274 0 1
312 274 0 1
311 274 0 1
316 273 0 1
315 273 0 1
314 273 0 1
313 273 0 1
312 273 0 1
311 273 0 1
316 272 0 1
315 272 0 1
314 272 0 1
313 272 0 1
312 272 0 1
311 272 0 1
310 272 0 1
315 271 0 1
314 271 0 1
313 271 0 1
312 271 0 1
311 271 0 1
310 271 0 1
315 270 0 1
314 270 0 1
313 270 0 1
312 270 0 1
311 270 0 1
310 270 0 1
315 269 0 1
314 269 0 1
313 269 0 1
312 269 0 1
311 269 0 1
310 269 0 1
315 268 0 1
314 268 0 1
313 268 0 1
312 268 0 1
311 268 0 1
310 268 0 1
315 267 0 1
314 267 0 1
313 267 0 1
312 267 0 1
311 267 0 1
310 267 0 1
315 266 0 1
314 266 0 1
313 266 0 1
312 266 0 1
311 266 0 1
310 266 0 1
315 265 0 1
314 265 0 1
313 265 0 1
312 265 0 1
311 265 0 1
310 265 0 1
314 264 0 1
313 264 0 1
312 264 0 1
311 264 0 1
310 264 0 1
309 264 0 1
308 264 0 1
314 263 0 1
313 263 0 1
312 263 0 1
311 263 0 1
310 263 0 1
309 263 0 1
308 263 0 1
314 262 0 1
313 262 0 1
312 262 0 1
311 262 0 1
310 262 0 1
309 262 0 1
308 262 0 1
314 261 0 1
313 261 0 1
312 261 0 1
311 261 0 1
310 261 0 1
309 261 0 1
308 261 0 1
314 260 0 1
313 260 0 1
312 260 0 1
311 260 0 1
310 260 0 1
309 260 0 1
308 260 0 1
314 259 0 1
313 259 0 1
312 259 0 1
311 259 0 1
310 259 0 1
309 259 0 1
308 259 0 1
314 258 0 1
313 258 0 1
312 258 0 1
311 258 0 1
310 258 0 1
309 258 0 1
308 258 0 1
312 257 0 1
311 257 0 1
310 257 0 1
309 257 0 1
308 257 0 1
307 257 0 1
312 256 0 1
311 256 0 1
310 256 0 1
309 256 0 1
308 256 0 1
307 256 0 1
312 255 0 1
311 255 0 1
310 255 0 1
309 255 0 1
308 255 0 1
307 255 0 1
312 254 0 1
311 254 0 1
310 254 0 1
309 254 0 1
308 254 0 1
307 254 0 1
312 253 0 1
311 253 0 1
310 253 0 1
309 253 0 1
308 253 0 1
307 253 0 1
312 252 0 1
311 252 0 1
310 252 0 1
309 252 0 1
308 252 0 1
307 252 0 1
312 251 0 1
311 251 0 1
310 251 0 1
309 251 0 1
308 251 0 1
307 251 0 1
312 250 0 1
311 250 0 1
310 250 0 1
309 250 0 1
308 250 0 1
307 250 0 1
311 249 0 1
310 249 0 1
309 249 0 1
308 249 0 1
307 249 0 1
306 249 0 1
311 248 0 1
310 248 0 1
309 248 0 1
308 248 0 1
307 248 0 1
306 248 0 1
311 247 0 1
310 247 0 1
309 247 0 1
308 247 0 1
307 247 0 1
306 247 0 1
311 246 0 1
310 246 0 1
309 246 0 1
308 246 0 1
307 246 0 1
306 246 0 1
311 245 0 1
310 245 0 1
309 245 0 1
308 245 0 1
307 245 0 1
306 245 0 1
311 244 0 1
310 244 0 1
309 244 0 1
308 244 0 1
307 244 0 1
306 244 0 1
311 243 0 1
310 243 0 1
309 243 0 1
308 243 0 1
307 243 0 1
306 243 0 1
311 242 0 1
310 242 0 1
309 242 0 1
308 242 0 1
307 242 0 1
306 242 0 1
311 241 0 1
310 241 0 1
309 241 0 1
308 241 0 1
307 241 0 1
306 241 0 1
310 240 0 1
309 240 0 1
308 240 0 1
307 240 0 1
306 240 0 1
305 240 0 1
304 240 0 1
310 239 0 1
309 239 0 1
308 239 0 1
307 239 0 1
306 239 0 1
305 239 0 1
304 239 0 1
310 238 0 1
309 238 0 1
308 238 0 1
307 238 0 1
306 238 0 1
305 238 0 1
304 238 0 1
310 237 0 1
309 237 0 1
308 237 0 1
307 237 0 1
306 237 0 1
305 237 0 1
304 237 0 1
310 236 0 1
309 236 0 1
308 236 0 1
307 236 0 1
306 236 0 1
305 236 0 1
304 236 0 1
310 235 0 1
309 235 0 1
308 235 0 1
307 235 0 1
306 235 0 1
305 235 0 1
304 235 0 1
310 234 0 1
309 234 0 1
308 234 0 1
307 234 0 1
306 234 0 1
305 234 0 1
304 234 0 1
310 233 0 1
309 233 0 1
308 233 0 1
307 233 0 1
306 233 0 1
305 233 0 1
304 233 0 1
309 232 0 1
308 232 0 1
307 232 0 1
306 232 0 1
305 232 0 1
304 232 0 1
303 232 0 1
309 231 0 1
308 231 0 1
307 231 0 1
306 231 0 1
305 231 0 1
304 231 0 1
303 231 0 1
309 230 0 1
308 230 0 1
307 230 0 1
306 230 0 1
305 230 0 1
304 230 0 1
303 230 0 1
309 229 0 1
308 229 0 1
307 229 0 1
306 229 0 1
305 229 0 1
304 229 0 1
303 229 0 1
309 228 0 1
308 228 0 1
307 228 0 1
306 228 0 1
305 228 0 1
304 228 0 1
303 228 0 1
309 227 0 1
308 227 0 1
307 227 0 1
306 227 0 1
305 227 0 1
304 227 0 1
303 227 0 1
309 226 0 1
308 226 0 1
307 226 0 1
306 226 0 1
305 226 0 1
304 226 0 1
303 226 0 1
309 225 0 1
308 225 0 1
307 225 0 1
306 225 0 1
305 225 0 1
304 225 0 1
303 225 0 1
307 224 0 1
306 224 0 1
305 224 0 1
304 224 0 1
303 224 0 1
302 224 0 1
307 223 0 1
306 223 0 1
305 223 0 1
304 223 0 1
303 223 0 1
302 223 0 1
307 222 0 1
306 222 0 1
305 222 0 1
304 222 0 1
303 222 0 1
302 222 0 1
307 221 0 1
306 221 0 1
305 221 0 1
304 221 0 1
303 221 0 1
302 221 0 1
307 220 0 1
306 220 0 1
305 220 0 1
304 220 0 1
303 220 0 1
302 220 0 1
307 219 0 1
306 219 0 1
305 219 0 1
304 219 0 1
303 219 0 1
302 219 0 1
307 218 0 1
306 218 0 1
305 218 0 1
304 218 0 1
303 218 0 1
302 218 0 1
307 217 0 1
306 217 0 1
305 217 0 1
304 217 0 1
303 217 0 1
302 217 0 1
306 216 0 1
305 216 0 1
304 216 0 1
303 216 0 1
302 216 0 1
301 216 0 1
300 216 0 1
306 215 0 1
305 215 0 1
304 215 0 1
303 215 0 1
302 215 0 1
301 215 0 1
300 215 0 1
306 214 0 1
305 214 0 1
304 214 0 1
303 214 0 1
302 214 0 1
301 214 0 1
300 214 0 1
306 213 0 1
305 213 0 1
304 213 0 1
303 213 0 1
302 213 0 1
301 213 0 1
300 213 0 1
306 212 0 1
305 212 0 1
304 212 0 1
303 212 0 1
302 212 0 1
301 212 0 1
300 212 0 1
306 211 0 1
305 211 0 1
304 211 0 1
303 211 0 1
302 211 0 1
301 211 0 1
300 211 0 1
306 210 0 1
305 210 0 1
304 210 0 1
303 210 0 1
302 210 0 1
301 210 0 1
300 210 0 1
299 210 0 1
306 209 0 1
305 209 0 1
304 209 0 1
303 209 0 1
302 209 0 1
301 209 0 1
300 209 0 1
299 209 0 1
305 208 0 1
304 208 0 1
303 208 0 1
302 208 0 1
301 208 0 1
300 208 0 1
299 208 0 1
305 207 0 1
304 207 0 1
303 207 0 1
302 207 0 1
301 207 0 1
300 207 0 1
299 207 0 1
305 206 0 1
304 206 0 1
303 206 0 1
302 206 0 1
301 206 0 1
300 206 0 1
299 206 0 1
305 205 0 1
304 205 0 1
303 205 0 1
302 205 0 1
301 205 0 1
300 205 0 1
299 205 0 1
305 204 0 1
304 204 0 1
303 204 0 1
302 204 0 1
301 204 0 1
300 204 0 1
299 204 0 1
305 203 0 1
304 203 0 1
303 203 0 1
302 203 0 1
301 203 0 1
300 203 0 1
299 203 0 1
303 202 0 1
302 202 0 1
301 202 0 1
300 202 0 1
299 202 0 1
298 202 0 1
303 201 0 1
302 201 0 1
301 201 0 1
300 201 0 1
299 201 0 1
298 201 0 1
303 200 0 1
302 200 0 1
301 200 0 1
300 200 0 1
299 200 0 1
298 200 0 1
303 199 0 1
302 199 0 1
301 199 0 1
300 199 0 1
299 199 0 1
298 199 0 1
303 198 0 1
302 198 0 1
301 198 0 1
300 198 0 1
299 198 0 1
298 198 0 1
303 197 0 1
302 197 0 1
301 197 0 1
300 197 0 1
299 197 0 1
298 197 0 1
303 196 0 1
302 196 0 1
301 196 0 1
300 196 0 1
299 196 0 1
298 196 0 1
303 195 0 1
302 195 0 1
301 195 0 1
300 195 0 1
299 195 0 1
298 195 0 1
302 194 0 1
301 194 0 1
300 194 0 1
299 194 0 1
298 194 0 1
297 194 0 1
302 193 0 1
301 193 0 1
300 193 0 1
299 193 0 1
298 193 0 1
297 193 0 1
302 192 0 1
301 192 0 1
300 192 0 1
299 192 0 1
298 192 0 1
297 192 0 1
302 191 0 1
301 191 0 1
300 191 0 1
299 191 0 1
298 191 0 1
297 191 0 1
302 190 0 1
301 190 0 1
300 190 0 1
299 190 0 1
298 190 0 1
297 190 0 1
302 189 0 1
301 189 0 1
300 189 0 1
299 189 0 1
298 189 0 1
297 189 0 1
302 188 0 1
301 188 0 1
300 188 0 1
299 188 0 1
298 188 0 1
297 188 0 1
302 187 0 1
301 187 0 1
300 187 0 1
299 187 0 1
298 187 0 1
297 187 0 1
301 186 0 1
300 186 0 1
299 186 0 1
298 186 0 1
297 186 0 1
296 186 0 1
295 186 0 1
301 185 0 1
300 185 0 1
299 185 0 1
298 185 0 1
297 185 0 1
296 185 0 1
295 185 0 1
301 184 0 1
300 184 0 1
299 184 0 1
298 184 0 1
297 184 0 1
296 184 0 1
295 184 0 1
301 183 0 1
300 183 0 1
299 183 0 1
298 183 0 1
297 183 0 1
296 183 0 1
295 183 0 1
301 182 0 1
300 182 0 1
299 182 0 1
298 182 0 1
297 182 0 1
296 182 0 1
295 182 0 1
301 181 0 1
300 181 0 1
299 181 0 1
298 181 0 1
297 181 0 1
296 181 0 1
295 181 0 1
301 180 0 1
300 180 0 1
299 180 0 1
298 180 0 1
297 180 0 1
296 180 0 1
295 180 0 1
301 179 0 1
300 179 0 1
299 179 0 1
298 179 0 1
297 179 0 1
296 179 0 1
295 179 0 1
301 178 0 1
300 178 0 1
299 178 0 1
298 178 0 1
297 178 0 1
296 178 0 1
295 178 0 1
299 177 0 1
298 177 0 1
297 177 0 1
296 177 0 1
295 177 0 1
294 177 0 1
299 176 0 1
298 176 0 1
297 176 0 1
296 176 0 1
295 176 0 1
294 176 0 1
293 176 0 1
298 175 0 1
297 175 0 1
296 175 0 1
295 175 0 1
294 175 0 1
293 175 0 1
298 174 0 1
297 174 0 1
296 174 0 1
295 174 0 1
294 174 0 1
293 174 0 1
298 173 0 1
297 173 0 1
296 173 0 1
295 173 0 1
294 173 0 1
293 173 0 1
297 172 0 1
296 172 0 1
295 172 0 1
294 172 0 1
296 171 0 1
295 171 0 1
296 170 0 1
295 170 0 1
87 162 0 0
87 161 0 0
89 160 0 0
88 160 0 0
87 160 0 0
86 160 0 0
90 159 0 0
89 159 0 0
88 159 0 0
87 159 0 0
86 159 0 0
85 159 0 0
90 158 0 0
89 158 0 0
88 158 0 0
87 158 0 0
86 158 0 0
85 158 0 0
90 157 0 0
89 157 0 0
88 157 0 0
87 157 0 0
86 157 0 0
85 157 0 0
90 156 0 0
89 156 0 0
88 156 0 0
87 156 0 0
86 156 0 0
85 156 0 0
90 155 0 0
89 155 0 0
88 155 0 0
87 155 0 0
86 155 0 0
85 155 0 0
90 154 0 0
89 154 0 0
88 154 0 0
87 154 0 0
86 154 0 0
85 154 0 0
90 153 0 0
89 153 0 0
88 153 0 0
87 153 0 0
86 153 0 0
85 153 0 0
90 152 0 0
89 152 0 0
88 152 0 0
87 152 0 0
86 152 0 0
85 152 0 0
90 151 0 0
89 151 0 0
88 151 0 0
87 151 0 0
86 151 0 0
85 151 0 0
90 150 0 0
89 150 0 0
88 150 0 0
87 150 0 0
86 150 0 0
85 150 0 0
90 149 0 0
89 149 0 0
88 149 0 0
87 149 0 0
86 149 0 0
85 149 0 0
90 148 0 0
89 148 0 0
88 148 0 0
87 148 0 0
86 148 0 0
85 148 0 0
90 147 0 0
89 147 0 0
88 147 0 0
87 147 0 0
86 147 0 0
85 147 0 0
90 146 0 0
89 146 0 0
88 146 0 0
87 146 0 0
86 146 0 0
85 146 0 0
90 145 0 0
89 145 0 0
88 145 0 0
87 145 0 0
86 145 0 0
85 145 0 0
90 144 0 0
89 144 0 0
88 144 0 0
87 144 0 0
86 144 0 0
85 144 0 0
90 143 0 0
89 143 0 0
88 143 0 0
87 143 0 0
86 143 0 0
85 143 0 0
90 142 0 0
89 142 0 0
88 142 0 0
87 142 0 0
86 142 0 0
85 142 0 0
592 141 0 0
91 141 0 0
90 141 0 0
89 141 0 0
88 141 0 0
87 141 0 0
86 141 0 0
592 140 0 0
91 140 0 0
90 140 0 0
89 140 0 0
88 140 0 0
87 140 0 0
86 140 0 0
593 139 0 0
592 139 0 0
591 139 0 0
91 139 0 0
90 139 0 0
89 139 0 0
88 139 0 0
87 139 0 0
86 139 0 0
595 138 0 0
594 138 0 0
593 138 0 0
592 138 0 0
591 138 0 0
590 138 0 0
589 138 0 0
91 138 0 0
90 138 0 0
89 138 0 0
88 138 0 0
87 138 0 0
86 138 0 0
593 137 0 0
592 137 0 0
591 137 0 0
590 137 0 0
589 137 0 0
588 137 0 0
93 137 0 0
92 137 0 0
91 137 0 0
90 137 0 0
89 137 0 0
88 137 0 0
87 137 0 0
592 136 0 0
591 136 0 0
590 136 0 0
589 136 0 0
588 136 0 0
587 136 0 0
94 136 0 0
93 136 0 0
92 136 0 0
91 136 0 0
90 136 0 0
89 136 0 0
88 136 0 0
592 135 0 0
591 135 0 0
590 135 0 0
589 135 0 0
588 135 0 0
587 135 0 0
94 135 0 0
93 135 0 0
92 135 0 0
91 135 0 0
90 135 0 0
89 135 0 0
88 135 0 0
591 134 0 0
590 134 0 0
589 134 0 0
588 134 0 0
587 134 0 0
586 134 0 0
585 134 0 0
94 134 0 0
93 134 0 0
92 134 0 0
91 134 0 0
90 134 0 0
89 134 0 0
88 134 0 0
591 133 0 0
590 133 0 0
589 133 0 0
588 133 0 0
587 133 0 0
586 133 0 0
585 133 0 0
95 133 0 0
94 133 0 0
93 133 0 0
92 133 0 0
91 133 0 0
90 133 0 0
590 132 0 0
589 132 0 0
588 132 0 0
587 132 0 0
586 132 0 0
585 132 0 0
584 132 0 0
95 132 0 0
94 132 0 0
93 132 0 0
92 132 0 0
91 132 0 0
90 132 0 0
590 131 0 0
589 131 0 0
588 131 0 0
587 131 0 0
586 131 0 0
585 131 0 0
584 131 0 0
95 131 0 0
94 131 0 0
93 131 0 0
92 131 0 0
91 131 0 0
90 131 0 0
588 130 0 0
587 130 0 0
586 130 0 0
585 130 0 0
584 130 0 0
583 130 0 0
97 130 0 0
96 130 0 0
95 130 0 0
94 130 0 0
93 130 0 0
92 130 0 0
91 130 0 0
588 129 0 0
587 129 0 0
586 129 0 0
585 129 0 0
584 129 0 0
583 129 0 0
97 129 0 0
96 129 0 0
95 129 0 0
94 129 0 0
93 129 0 0
92 129 0 0
91 129 0 0
587 128 0 0
586 128 0 0
585 128 0 0
584 128 0 0
583 128 0 0
582 128 0 0
581 128 0 0
98 128 0 0
97 128 0 0
96 128 0 0
95 128 0 0
94 128 0 0
93 128 0 0
92 128 0 0
587 127 0 0
586 127 0 0
585 127 0 0
584 127 0 0
583 127 0 0
582 127 0 0
581 127 0 0
98 127 0 0
97 127 0 0
96 127 0 0
95 127 0 0
94 127 0 0
93 127 0 0
92 127 0 0
586 126 0 0
585 126 0 0
584 126 0 0
583 126 0 0
582 126 0 0
581 126 0 0
580 126 0 0
99 126 0 0
98 126 0 0
97 126 0 0
96 126 0 0
95 126 0 0
94 126 0 0
584 125 0 0
583 125 0 0
582 125 0 0
581 125 0 0
580 125 0 0
579 125 0 0
99 125 0 0
98 125 0 0
97 125 0 0
96 125 0 0
95 125 0 0
94 125 0 0
583 124 0 0
582 124 0 0
581 124 0 0
580 124 0 0
579 124 0 0
578 124 0 0
100 124 0 0
99 124 0 0
98 124 0 0
97 124 0 0
96 124 0 0
95 124 0 0
583 123 0 0
582 123 0 0
581 123 0 0
580 123 0 0
579 123 0 0
578 123 0 0
577 123 0 0
576 123 0 0
100 123 0 0
99 123 0 0
98 123 0 0
97 123 0 0
96 123 0 0
95 123 0 0
583 122 0 0
582 122 0 0
581 122 0 0
580 122 0 0
579 122 0 0
578 122 0 0
577 122 0 0
576 122 0 0
100 122 0 0
99 122 0 0
98 122 0 0
97 122 0 0
96 122 0 0
95 122 0 0
582 121 0 0
581 121 0 0
580 121 0 0
579 121 0 0
578 121 0 0
577 121 0 0
576 121 0 0
575 121 0 0
102 121 0 0
101 121 0 0
100 121 0 0
99 121 0 0
98 121 0 0
97 121 0 0
96 121 0 0
580 120 0 0
579 120 0 0
578 120 0 0
577 120 0 0
576 120 0 0
575 120 0 0
574 120 0 0
103 120 0 0
102 120 0 0
101 120 0 0
100 120 0 0
99 120 0 0
98 120 0 0
97 120 0 0
96 120 0 0
579 119 0 0
578 119 0 0
577 119 0 0
576 119 0 0
575 119 0 0
574 119 0 0
573 119 0 0
572 119 0 0
103 119 0 0
102 119 0 0
101 119 0 0
100 119 0 0
99 119 0 0
98 119 0 0
579 118 0 0
578 118 0 0
577 118 0 0
576 118 0 0
575 118 0 0
574 118 0 0
573 118 0 0
572 118 0 0
103 118 0 0
102 118 0 0
101 118 0 0
100 118 0 0
99 118 0 0
98 118 0 0
578 117 0 0
577 117 0 0
576 117 0 0
575 117 0 0
574 117 0 0
573 117 0 0
572 117 0 0
104 117 0 0
103 117 0 0
102 117 0 0
101 117 0 0
100 117 0 0
99 117 0 0
577 116 0 0
576 116 0 0
575 116 0 0
574 116 0 0
573 116 0 0
572 116 0 0
571 116 0 0
104 116 0 0
103 116 0 0
102 116 0 0
101 116 0 0
100 116 0 0
99 116 0 0
575 115 0 0
574 115 0 0
573 115 0 0
572 115 0 0
571 115 0 0
570 115 0 0
106 115 0 0
105 115 0 0
104 115 0 0
103 115 0 0
102 115 0 0
101 115 0 0
100 115 0 0
575 114 0 0
574 114 0 0
573 114 0 0
572 114 0 0
571 114 0 0
570 114 0 0
106 114 0 0
105 114 0 0
104 114 0 0
103 114 0 0
102 114 0 0
101 114 0 0
100 114 0 0
574 113 0 0
573 113 0 0
572 113 0 0
571 113 0 0
570 113 0 0
569 113 0 0
568 113 0 0
106 113 0 0
105 113 0 0
104 113 0 0
103 113 0 0
102 113 0 0
101 113 0 0
100 113 0 0
573 112 0 0
572 112 0 0
571 112 0 0
570 112 0 0
569 112 0 0
568 112 0 0
567 112 0 0
107 112 0 0
106 112 0 0
105 112 0 0
104 112 0 0
103 112 0 0
102 112 0 0
101 112 0 0
573 111 0 0
572 111 0 0
571 111 0 0
570 111 0 0
569 111 0 0
568 111 0 0
567 111 0 0
566 111 0 0
108 111 0 0
107 111 0 0
106 111 0 0
105 111 0 0
104 111 0 0
103 111 0 0
571 110 0 0
570 110 0 0
569 110 0 0
568 110 0 0
567 110 0 0
566 110 0 0
108 110 0 0
107 110 0 0
106 110 0 0
105 110 0 0
104 110 0 0
103 110 0 0
571 109 0 0
570 109 0 0
569 109 0 0
568 109 0 0
567 109 0 0
566 109 0 0
108 109 0 0
107 109 0 0
106 109 0 0
105 109 0 0
104 109 0 0
103 109 0 0
570 108 0 0
569 108 0 0
568 108 0 0
567 108 0 0
566 108 0 0
565 108 0 0
110 108 0 0
109 108 0 0
108 108 0 0
107 108 0 0
106 108 0 0
105 108 0 0
104 108 0 0
569 107 0 0
568 107 0 0
567 107 0 0
566 107 0 0
565 107 0 0
564 107 0 0
563 107 0 0
110 107 0 0
109 107 0 0
108 107 0 0
107 107 0 0
106 107 0 0
105 107 0 0
104 107 0 0
567 106 0 0
566 106 0 0
565 106 0 0
564 106 0 0
563 106 0 0
562 106 0 0
111 106 0 0
110 106 0 0
109 106 0 0
108 106 0 0
107 106 0 0
106 106 0 0
105 106 0 0
567 105 0 0
566 105 0 0
565 105 0 0
564 105 0 0
563 105 0 0
562 105 0 0
111 105 0 0
110 105 0 0
109 105 0 0
108 105 0 0
107 105 0 0
106 105 0 0
105 105 0 0
566 104 0 0
565 104 0 0
564 104 0 0
563 104 0 0
562 104 0 0
561 104 0 0
111 104 0 0
110 104 0 0
109 104 0 0
108 104 0 0
107 104 0 0
106 104 0 0
105 104 0 0
566 103 0 0
565 103 0 0
564 103 0 0
563 103 0 0
562 103 0 0
561 103 0 0
560 103 0 0
559 103 0 0
112 103 0 0
111 103 0 0
110 103 0 0
109 103 0 0
108 103 0 0
107 103 0 0
565 102 0 0
564 102 0 0
563 102 0 0
562 102 0 0
561 102 0 0
560 102 0 0
559 102 0 0
558 102 0 0
113 102 0 0
112 102 0 0
111 102 0 0
110 102 0 0
109 102 0 0
108 102 0 0
565 101 0 0
564 101 0 0
563 101 0 0
562 101 0 0
561 101 0 0
560 101 0 0
559 101 0 0
558 101 0 0
113 101 0 0
112 101 0 0
111 101 0 0
110 101 0 0
109 101 0 0
108 101 0 0
564 100 0 0
563 100 0 0
562 100 0 0
561 100 0 0
560 100 0 0
559 100 0 0
558 100 0 0
113 100 0 0
112 100 0 0
111 100 0 0
110 100 0 0
109 100 0 0
108 100 0 0
562 99 0 0
561 99 0 0
560 99 0 0
559 99 0 0
558 99 0 0
557 99 0 0
115 99 0 0
114 99 0 0
113 99 0 0
112 99 0 0
111 99 0 0
110 99 0 0
109 99 0 0
561 98 0 0
560 98 0 0
559 98 0 0
558 98 0 0
557 98 0 0
556 98 0 0
555 98 0 0
115 98 0 0
114 98 0 0
113 98 0 0
112 98 0 0
111 98 0 0
110 98 0 0
109 98 0 0
560 97 0 0
559 97 0 0
558 97 0 0
557 97 0 0
556 97 0 0
555 97 0 0
554 97 0 0
116 97 0 0
115 97 0 0
114 97 0 0
113 97 0 0
112 97 0 0
111 97 0 0
560 96 0 0
559 96 0 0
558 96 0 0
557 96 0 0
556 96 0 0
555 96 0 0
554 96 0 0
116 96 0 0
115 96 0 0
114 96 0 0
113 96 0 0
112 96 0 0
111 96 0 0
558 95 0 0
557 95 0 0
556 95 0 0
555 95 0 0
554 95 0 0
553 95 0 0
117 95 0 0
116 95 0 0
115 95 0 0
114 95 0 0
113 95 0 0
112 95 0 0
111 95 0 0
558 94 0 0
557 94 0 0
556 94 0 0
555 94 0 0
554 94 0 0
553 94 0 0
552 94 0 0
117 94 0 0
116 94 0 0
115 94 0 0
114 94 0 0
113 94 0 0
112 94 0 0
557 93 0 0
556 93 0 0
555 93 0 0
554 93 0 0
553 93 0 0
552 93 0 0
119 93 0 0
118 93 0 0
117 93 0 0
116 93 0 0
115 93 0 0
114 93 0 0
113 93 0 0
557 92 0 0
556 92 0 0
555 92 0 0
554 92 0 0
553 92 0 0
552 92 0 0
119 92 0 0
118 92 0 0
117 92 0 0
116 92 0 0
115 92 0 0
114 92 0 0
113 92 0 0
556 91 0 0
555 91 0 0
554 91 0 0
553 91 0 0
552 91 0 0
551 91 0 0
550 91 0 0
119 91 0 0
118 91 0 0
117 91 0 0
116 91 0 0
115 91 0 0
114 91 0 0
113 91 0 0
554 90 0 0
553 90 0 0
552 90 0 0
551 90 0 0
550 90 0 0
549 90 0 0
120 90 0 0
119 90 0 0
118 90 0 0
117 90 0 0
116 90 0 0
115 90 0 0
114 90 0 0
553 89 0 0
552 89 0 0
551 89 0 0
550 89 0 0
549 89 0 0
548 89 0 0
120 89 0 0
119 89 0 0
118 89 0 0
117 89 0 0
116 89 0 0
115 89 0 0
114 89 0 0
553 88 0 0
552 88 0 0
551 88 0 0
550 88 0 0
549 88 0 0
548 88 0 0
120 88 0 0
119 88 0 0
118 88 0 0
117 88 0 0
116 88 0 0
115 88 0 0
114 88 0 0
552 87 0 0
551 87 0 0
550 87 0 0
549 87 0 0
548 87 0 0
547 87 0 0
546 87 0 0
121 87 0 0
120 87 0 0
119 87 0 0
118 87 0 0
117 87 0 0
116 87 0 0
552 86 0 0
551 86 0 0
550 86 0 0
549 86 0 0
548 86 0 0
547 86 0 0
546 86 0 0
545 86 0 0
123 86 0 0
122 86 0 0
121 86 0 0
120 86 0 0
119 86 0 0
118 86 0 0
117 86 0 0
116 86 0 0
551 85 0 0
550 85 0 0
549 85 0 0
548 85 0 0
547 85 0 0
546 85 0 0
545 85 0 0
544 85 0 0
123 85 0 0
122 85 0 0
121 85 0 0
120 85 0 0
119 85 0 0
118 85 0 0
117 85 0 0
549 84 0 0
548 84 0 0
547 84 0 0
546 84 0 0
545 84 0 0
544 84 0 0
124 84 0 0
123 84 0 0
122 84 0 0
121 84 0 0
120 84 0 0
119 84 0 0
118 84 0 0
549 83 0 0
548 83 0 0
547 83 0 0
546 83 0 0
545 83 0 0
544 83 0 0
124 83 0 0
123 83 0 0
122 83 0 0
121 83 0 0
120 83 0 0
119 83 0 0
118 83 0 0
548 82 0 0
547 82 0 0
546 82 0 0
545 82 0 0
544 82 0 0
543 82 0 0
542 82 0 0
124 82 0 0
123 82 0 0
122 82 0 0
121 82 0 0
120 82 0 0
119 82 0 0
118 82 0 0
547 81 0 0
546 81 0 0
545 81 0 0
544 81 0 0
543 81 0 0
542 81 0 0
541 81 0 0
125 81 0 0
124 81 0 0
123 81 0 0
122 81 0 0
121 81 0 0
120 81 0 0
545 80 0 0
544 80 0 0
543 80 0 0
542 80 0 0
541 80 0 0
540 80 0 0
125 80 0 0
124 80 0 0
123 80 0 0
122 80 0 0
121 80 0 0
120 80 0 0
545 79 0 0
544 79 0 0
543 79 0 0
542 79 0 0
541 79 0 0
540 79 0 0
125 79 0 0
124 79 0 0
123 79 0 0
122 79 0 0
121 79 0 0
120 79 0 0
544 78 0 0
543 78 0 0
542 78 0 0
541 78 0 0
540 78 0 0
539 78 0 0
126 78 0 0
125 78 0 0
124 78 0 0
123 78 0 0
122 78 0 0
121 78 0 0
544 77 0 0
543 77 0 0
542 77 0 0
541 77 0 0
540 77 0 0
539 77 0 0
538 77 0 0
537 77 0 0
128 77 0 0
127 77 0 0
126 77 0 0
125 77 0 0
124 77 0 0
123 77 0 0
122 77 0 0
543 76 0 0
542 76 0 0
541 76 0 0
540 76 0 0
539 76 0 0
538 76 0 0
537 76 0 0
128 76 0 0
127 76 0 0
126 76 0 0
125 76 0 0
124 76 0 0
123 76 0 0
122 76 0 0
543 75 0 0
542 75 0 0
541 75 0 0
540 75 0 0
539 75 0 0
538 75 0 0
537 75 0 0
128 75 0 0
127 75 0 0
126 75 0 0
125 75 0 0
124 75 0 0
123 75 0 0
122 75 0 0
541 74 0 0
540 74 0 0
539 74 0 0
538 74 0 0
537 74 0 0
536 74 0 0
129 74 0 0
128 74 0 0
127 74 0 0
126 74 0 0
125 74 0 0
124 74 0 0
540 73 0 0
539 73 0 0
538 73 0 0
537 73 0 0
536 73 0 0
535 73 0 0
129 73 0 0
128 73 0 0
127 73 0 0
126 73 0 0
125 73 0 0
124 73 0 0
539 72 0 0
538 72 0 0
537 72 0 0
536 72 0 0
535 72 0 0
534 72 0 0
533 72 0 0
130 72 0 0
129 72 0 0
128 72 0 0
127 72 0 0
126 72 0 0
125 72 0 0
538 71 0 0
537 71 0 0
536 71 0 0
535 71 0 0
534 71 0 0
533 71 0 0
532 71 0 0
130 71 0 0
129 71 0 0
128 71 0 0
127 71 0 0
126 71 0 0
125 71 0 0
538 70 0 0
537 70 0 0
536 70 0 0
535 70 0 0
534 70 0 0
533 70 0 0
532 70 0 0
130 70 0 0
129 70 0 0
128 70 0 0
127 70 0 0
126 70 0 0
125 70 0 0
538 69 0 0
537 69 0 0
536 69 0 0
535 69 0 0
534 69 0 0
533 69 0 0
532 69 0 0
531 69 0 0
132 69 0 0
131 69 0 0
130 69 0 0
129 69 0 0
128 69 0 0
127 69 0 0
126 69 0 0
536 68 0 0
535 68 0 0
534 68 0 0
533 68 0 0
532 68 0 0
531 68 0 0
530 68 0 0
529 68 0 0
133 68 0 0
132 68 0 0
131 68 0 0
130 68 0 0
129 68 0 0
128 68 0 0
127 68 0 0
535 67 0 0
534 67 0 0
533 67 0 0
532 67 0 0
531 67 0 0
530 67 0 0
529 67 0 0
528 67 0 0
133 67 0 0
132 67 0 0
131 67 0 0
130 67 0 0
129 67 0 0
128 67 0 0
127 67 0 0
535 66 0 0
534 66 0 0
533 66 0 0
532 66 0 0
531 66 0 0
530 66 0 0
529 66 0 0
528 66 0 0
133 66 0 0
132 66 0 0
131 66 0 0
130 66 0 0
129 66 0 0
128 66 0 0
127 66 0 0
534 65 0 0
533 65 0 0
532 65 0 0
531 65 0 0
530 65 0 0
529 65 0 0
528 65 0 0
527 65 0 0
134 65 0 0
133 65 0 0
132 65 0 0
131 65 0 0
130 65 0 0
129 65 0 0
532 64 0 0
531 64 0 0
530 64 0 0
529 64 0 0
528 64 0 0
527 64 0 0
134 64 0 0
133 64 0 0
132 64 0 0
131 64 0 0
130 64 0 0
129 64 0 0
531 63 0 0
530 63 0 0
529 63 0 0
528 63 0 0
527 63 0 0
526 63 0 0
136 63 0 0
135 63 0 0
134 63 0 0
133 63 0 0
132 63 0 0
131 63 0 0
130 63 0 0
531 62 0 0
530 62 0 0
529 62 0 0
528 62 0 0
527 62 0 0
526 62 0 0
136 62 0 0
135 62 0 0
134 62 0 0
133 62 0 0
132 62 0 0
131 62 0 0
130 62 0 0
530 61 0 0
529 61 0 0
528 61 0 0
527 61 0 0
526 61 0 0
525 61 0 0
524 61 0 0
137 61 0 0
136 61 0 0
135 61 0 0
134 61 0 0
133 61 0 0
132 61 0 0
131 61 0 0
130 61 0 0
528 60 0 0
527 60 0 0
526 60 0 0
525 60 0 0
524 60 0 0
523 60 0 0
522 60 0 0
521 60 0 0
520 60 0 0
137 60 0 0
136 60 0 0
135 60 0 0
134 60 0 0
133 60 0 0
132 60 0 0
131 60 0 0
528 59 0 0
527 59 0 0
526 59 0 0
525 59 0 0
524 59 0 0
523 59 0 0
522 59 0 0
521 59 0 0
520 59 0 0
519 59 0 0
138 59 0 0
137 59 0 0
136 59 0 0
135 59 0 0
134 59 0 0
133 59 0 0
527 58 0 0
526 58 0 0
525 58 0 0
524 58 0 0
523 58 0 0
522 58 0 0
521 58 0 0
520 58 0 0
519 58 0 0
518 58 0 0
138 58 0 0
137 58 0 0
136 58 0 0
135 58 0 0
134 58 0 0
133 58 0 0
527 57 0 0
526 57 0 0
525 57 0 0
524 57 0 0
523 57 0 0
522 57 0 0
521 57 0 0
520 57 0 0
519 57 0 0
518 57 0 0
138 57 0 0
137 57 0 0
136 57 0 0
135 57 0 0
134 57 0 0
133 57 0 0
526 56 0 0
525 56 0 0
524 56 0 0
523 56 0 0
522 56 0 0
521 56 0 0
520 56 0 0
519 56 0 0
518 56 0 0
517 56 0 0
516 56 0 0
139 56 0 0
138 56 0 0
137 56 0 0
136 56 0 0
135 56 0 0
134 56 0 0
523 55 0 0
522 55 0 0
521 55 0 0
520 55 0 0
519 55 0 0
518 55 0 0
139 55 0 0
138 55 0 0
137 55 0 0
136 55 0 0
135 55 0 0
134 55 0 0
519 54 0 0
141 54 0 0
140 54 0 0
139 54 0 0
138 54 0 0
137 54 0 0
136 54 0 0
135 54 0 0
519 53 0 0
141 53 0 0
140 53 0 0
139 53 0 0
138 53 0 0
137 53 0 0
136 53 0 0
135 53 0 0
142 52 0 0
141 52 0 0
140 52 0 0
139 52 0 0
138 52 0 0
137 52 0 0
142 51 0 0
141 51 0 0
140 51 0 0
139 51 0 0
138 51 0 0
137 51 0 0
143 50 0 0
142 50 0 0
141 50 0 0
140 50 0 0
139 50 0 0
138 50 0 0
143 49 0 0
142 49 0 0
141 49 0 0
140 49 0 0
139 49 0 0
138 49 0 0
143 48 0 0
142 48 0 0
141 48 0 0
140 48 0 0
139 48 0 0
138 48 0 0
145 47 0 0
144 47 0 0
143 47 0 0
142 47 0 0
141 47 0 0
140 47 0 0
139 47 0 0
145 46 0 0
144 46 0 0
143 46 0 0
142 46 0 0
141 46 0 0
140 46 0 0
139 46 0 0
146 45 0 0
145 45 0 0
144 45 0 0
143 45 0 0
142 45 0 0
141 45 0 0
140 45 0 0
146 44 0 0
145 44 0 0
144 44 0 0
143 44 0 0
142 44 0 0
141 44 0 0
140 44 0 0
147 43 0 0
146 43 0 0
145 43 0 0
144 43 0 0
143 43 0 0
142 43 0 0
149 42 0 0
148 42 0 0
147 42 0 0
146 42 0 0
145 42 0 0
144 42 0 0
143 42 0 0
142 42 0 0
151 41 0 0
150 41 0 0
149 41 0 0
148 41 0 0
147 41 0 0
146 41 0 0
145 41 0 0
144 41 0 0
143 41 0 0
151 40 0 0
150 40 0 0
149 40 0 0
148 40 0 0
147 40 0 0
146 40 0 0
145 40 0 0
144 40 0 0
143 40 0 0
152 39 0 0
151 39 0 0
150 39 0 0
149 39 0 0
148 39 0 0
147 39 0 0
146 39 0 0
145 39 0 0
144 39 0 0
154 38 0 0
153 38 0 0
152 38 0 0
151 38 0 0
150 38 0 0
149 38 0 0
148 38 0 0
147 38 0 0
146 38 0 0
152 37 0 0
151 37 0 0
150 37 0 0
149 37 0 0
148 37 0 0
147 37 0 0
152 36 0 0
151 36 0 0
150 36 0 0
149 36 0 0
148 36 0 0
147 36 0 0
151 35 0 0
150 35 0 0
