3571 640 480
522 426 0 0
522 425 0 0
523 424 0 0
522 424 0 0
521 424 0 0
520 424 0 0
525 423 0 0
524 423 0 0
523 423 0 0
522 423 0 0
521 423 0 0
520 423 0 0
519 423 0 0
525 422 0 0
524 422 0 0
523 422 0 0
522 422 0 0
521 422 0 0
520 422 0 0
519 422 0 0
525 421 0 0
524 421 0 0
523 421 0 0
522 421 0 0
521 421 0 0
520 421 0 0
519 421 0 0
525 420 0 0
524 420 0 0
523 420 0 0
522 420 0 0
521 420 0 0
520 420 0 0
519 420 0 0
525 419 0 0
524 419 0 0
523 419 0 0
522 419 0 0
521 419 0 0
520 419 0 0
519 419 0 0
526 418 0 0
525 418 0 0
524 418 0 0
523 418 0 0
522 418 0 0
521 418 0 0
520 418 0 0
526 417 0 0
525 417 0 0
524 417 0 0
523 417 0 0
522 417 0 0
521 417 0 0
520 417 0 0
526 416 0 0
525 416 0 0
524 416 0 0
523 416 0 0
522 416 0 0
521 416 0 0
520 416 0 0
526 415 0 0
525 415 0 0
524 415 0 0
523 415 0 0
522 415 0 0
521 415 0 0
520 415 0 0
527 414 0 0
526 414 0 0
525 414 0 0
524 414 0 0
523 414 0 0
522 414 0 0
527 413 0 0
526 413 0 0
525 413 0 0
524 413 0 0
523 413 0 0
522 413 0 0
527 412 0 0
526 412 0 0
525 412 0 0
524 412 0 0
523 412 0 0
522 412 0 0
528 411 0 0
527 411 0 0
526 411 0 0
525 411 0 0
524 411 0 0
523 411 0 0
528 410 0 0
527 410 0 0
526 410 0 0
525 410 0 0
524 410 0 0
523 410 0 0
528 409 0 0
527 409 0 0
526 409 0 0
525 409 0 0
524 409 0 0
523 409 0 0
528 408 0 0
527 408 0 0
526 408 0 0
525 408 0 0
524 408 0 0
523 408 0 0
530 407 0 0
529 407 0 0
528 407 0 0
527 407 0 0
526 407 0 0
525 407 0 0
524 407 0 0
530 406 0 0
529 406 0 0
528 406 0 0
527 406 0 0
526 406 0 0
525 406 0 0
524 406 0 0
530 405 0 0
529 405 0 0
528 405 0 0
527 405 0 0
526 405 0 0
525 405 0 0
524 405 0 0
531 404 0 0
530 404 0 0
529 404 0 0
528 404 0 0
527 404 0 0
526 404 0 0
531 403 0 0
530 403 0 0
529 403 0 0
528 403 0 0
527 403 0 0
526 403 0 0
531 402 0 0
530 402 0 0
529 402 0 0
528 402 0 0
527 402 0 0
526 402 0 0
531 401 0 0
530 401 0 0
529 401 0 0
528 401 0 0
527 401 0 0
526 401 0 0
532 400 0 0
531 400 0 0
530 400 0 0
529 400 0 0
528 400 0 0
527 400 0 0
532 399 0 0
531 399 0 0
530 399 0 0
529 399 0 0
528 399 0 0
527 399 0 0
532 398 0 0
531 398 0 0
530 398 0 0
529 398 0 0
528 398 0 0
527 398 0 0
532 397 0 0
531 397 0 0
530 397 0 0
529 397 0 0
528 397 0 0
527 397 0 0
534 396 0 0
533 396 0 0
532 396 0 0
531 396 0 0
530 396 0 0
529 396 0 0
528 396 0 0
534 395 0 0
533 395 0 0
532 395 0 0
531 395 0 0
530 395 0 0
529 395 0 0
528 395 0 0
534 394 0 0
533 394 0 0
532 394 0 0
531 394 0 0
530 394 0 0
529 394 0 0
528 394 0 0
535 393 0 0
534 393 0 0
533 393 0 0
532 393 0 0
531 393 0 0
530 393 0 0
529 393 0 0
528 393 0 0
535 392 0 0
534 392 0 0
533 392 0 0
532 392 0 0
531 392 0 0
530 392 0 0
529 392 0 0
535 391 0 0
534 391 0 0
533 391 0 0
532 391 0 0
531 391 0 0
530 391 0 0
529 391 0 0
535 390 0 0
534 390 0 0
533 390 0 0
532 390 0 0
531 390 0 0
530 390 0 0
529 390 0 0
536 389 0 0
535 389 0 0
534 389 0 0
533 389 0 0
532 389 0 0
531 389 0 0
536 388 0 0
535 388 0 0
534 388 0 0
533 388 0 0
532 388 0 0
531 388 0 0
536 387 0 0
535 387 0 0
534 387 0 0
533 387 0 0
532 387 0 0
531 387 0 0
536 386 0 0
535 386 0 0
534 386 0 0
533 386 0 0
532 386 0 0
531 386 0 0
538 385 0 0
537 385 0 0
536 385 0 0
535 385 0 0
534 385 0 0
533 385 0 0
532 385 0 0
538 384 0 0
537 384 0 0
536 384 0 0
535 384 0 0
534 384 0 0
533 384 0 0
532 384 0 0
538 383 0 0
537 383 0 0
536 383 0 0
535 383 0 0
534 383 0 0
533 383 0 0
532 383 0 0
538 382 0 0
537 382 0 0
536 382 0 0
535 382 0 0
534 382 0 0
533 382 0 0
532 382 0 0
539 381 0 0
538 381 0 0
537 381 0 0
536 381 0 0
535 381 0 0
534 381 0 0
533 381 0 0
539 380 0 0
538 380 0 0
537 380 0 0
536 380 0 0
535 380 0 0
534 380 0 0
533 380 0 0
539 379 0 0
538 379 0 0
537 379 0 0
536 379 0 0
535 379 0 0
534 379 0 0
533 379 0 0
540 378 0 0
539 378 0 0
538 378 0 0
537 378 0 0
536 378 0 0
535 378 0 0
540 377 0 0
539 377 0 0
538 377 0 0
537 377 0 0
536 377 0 0
535 377 0 0
540 376 0 0
539 376 0 0
538 376 0 0
537 376 0 0
536 376 0 0
535 376 0 0
540 375 0 0
539 375 0 0
538 375 0 0
537 375 0 0
536 375 0 0
535 375 0 0
541 374 0 0
540 374 0 0
539 374 0 0
538 374 0 0
537 374 0 0
536 374 0 0
541 373 0 0
540 373 0 0
539 373 0 0
538 373 0 0
537 373 0 0
536 373 0 0
541 372 0 0
540 372 0 0
539 372 0 0
538 372 0 0
537 372 0 0
536 372 0 0
543 371 0 0
542 371 0 0
541 371 0 0
540 371 0 0
539 371 0 0
538 371 0 0
537 371 0 0
543 370 0 0
542 370 0 0
541 370 0 0
540 370 0 0
539 370 0 0
538 370 0 0
537 370 0 0
543 369 0 0
542 369 0 0
541 369 0 0
540 369 0 0
539 369 0 0
538 369 0 0
537 369 0 0
543 368 0 0
542 368 0 0
541 368 0 0
540 368 0 0
539 368 0 0
538 368 0 0
537 368 0 0
544 367 0 0
543 367 0 0
542 367 0 0
541 367 0 0
540 367 0 0
539 367 0 0
544 366 0 0
543 366 0 0
542 366 0 0
541 366 0 0
540 366 0 0
539 366 0 0
544 365 0 0
543 365 0 0
542 365 0 0
541 365 0 0
540 365 0 0
539 365 0 0
544 364 0 0
543 364 0 0
542 364 0 0
541 364 0 0
540 364 0 0
539 364 0 0
545 363 0 0
544 363 0 0
543 363 0 0
542 363 0 0
541 363 0 0
540 363 0 0
545 362 0 0
544 362 0 0
543 362 0 0
542 362 0 0
541 362 0 0
540 362 0 0
545 361 0 0
544 361 0 0
543 361 0 0
542 361 0 0
541 361 0 0
540 361 0 0
545 360 0 0
544 360 0 0
543 360 0 0
542 360 0 0
541 360 0 0
540 360 0 0
547 359 0 0
546 359 0 0
545 359 0 0
544 359 0 0
543 359 0 0
542 359 0 0
541 359 0 0
547 358 0 0
546 358 0 0
545 358 0 0
544 358 0 0
543 358 0 0
542 358 0 0
541 358 0 0
547 357 0 0
546 357 0 0
545 357 0 0
544 357 0 0
543 357 0 0
542 357 0 0
541 357 0 0
547 356 0 0
546 356 0 0
545 356 0 0
544 356 0 0
543 356 0 0
542 356 0 0
541 356 0 0
548 355 0 0
547 355 0 0
546 355 0 0
545 355 0 0
544 355 0 0
543 355 0 0
542 355 0 0
548 354 0 0
547 354 0 0
546 354 0 0
545 354 0 0
544 354 0 0
543 354 0 0
542 354 0 0
549 353 0 0
548 353 0 0
547 353 0 0
546 353 0 0
545 353 0 0
544 353 0 0
543 353 0 0
542 353 0 0
549 352 0 0
548 352 0 0
547 352 0 0
546 352 0 0
545 352 0 0
544 352 0 0
549 351 0 0
548 351 0 0
547 351 0 0
546 351 0 0
545 351 0 0
544 351 0 0
549 350 0 0
548 350 0 0
547 350 0 0
546 350 0 0
545 350 0 0
544 350 0 0
549 349 0 0
548 349 0 0
547 349 0 0
546 349 0 0
545 349 0 0
544 349 0 0
551 348 0 0
550 348 0 0
549 348 0 0
548 348 0 0
547 348 0 0
546 348 0 0
545 348 0 0
551 347 0 0
550 347 0 0
549 347 0 0
548 347 0 0
547 347 0 0
546 347 0 0
545 347 0 0
551 346 0 0
550 346 0 0
549 346 0 0
548 346 0 0
547 346 0 0
546 346 0 0
545 346 0 0
551 345 0 0
550 345 0 0
549 345 0 0
548 345 0 0
547 345 0 0
546 345 0 0
545 345 0 0
552 344 0 0
551 344 0 0
550 344 0 0
549 344 0 0
548 344 0 0
547 344 0 0
546 344 0 0
552 343 0 0
551 343 0 0
550 343 0 0
549 343 0 0
548 343 0 0
547 343 0 0
546 343 0 0
552 342 0 0
551 342 0 0
550 342 0 0
549 342 0 0
548 342 0 0
547 342 0 0
546 342 0 0
552 341 0 0
551 341 0 0
550 341 0 0
549 341 0 0
548 341 0 0
547 341 0 0
546 341 0 0
553 340 0 0
552 340 0 0
551 340 0 0
550 340 0 0
549 340 0 0
548 340 0 0
553 339 0 0
552 339 0 0
551 339 0 0
550 339 0 0
549 339 0 0
548 339 0 0
553 338 0 0
552 338 0 0
551 338 0 0
550 338 0 0
549 338 0 0
548 338 0 0
553 337 0 0
552 337 0 0
551 337 0 0
550 337 0 0
549 337 0 0
548 337 0 0
554 336 0 0
553 336 0 0
552 336 0 0
551 336 0 0
550 336 0 0
549 336 0 0
554 335 0 0
553 335 0 0
552 335 0 0
551 335 0 0
550 335 0 0
549 335 0 0
554 334 0 0
553 334 0 0
552 334 0 0
551 334 0 0
550 334 0 0
549 334 0 0
554 333 0 0
553 333 0 0
552 333 0 0
551 333 0 0
550 333 0 0
549 333 0 0
556 332 0 0
555 332 0 0
554 332 0 0
553 332 0 0
552 332 0 0
551 332 0 0
550 332 0 0
556 331 0 0
555 331 0 0
554 331 0 0
553 331 0 0
552 331 0 0
551 331 0 0
550 331 0 0
556 330 0 0
555 330 0 0
554 330 0 0
553 330 0 0
552 330 0 0
551 330 0 0
550 330 0 0
557 329 0 0
556 329 0 0
555 329 0 0
554 329 0 0
553 329 0 0
552 329 0 0
557 328 0 0
556 328 0 0
555 328 0 0
554 328 0 0
553 328 0 0
552 328 0 0
557 327 0 0
556 327 0 0
555 327 0 0
554 327 0 0
553 327 0 0
552 327 0 0
558 326 0 0
557 326 0 0
556 326 0 0
555 326 0 0
554 326 0 0
553 326 0 0
558 325 0 0
557 325 0 0
556 325 0 0
555 325 0 0
554 325 0 0
553 325 0 0
558 324 0 0
557 324 0 0
556 324 0 0
555 324 0 0
554 324 0 0
553 324 0 0
558 323 0 0
557 323 0 0
556 323 0 0
555 323 0 0
554 323 0 0
553 323 0 0
560 322 0 0
559 322 0 0
558 322 0 0
557 322 0 0
556 322 0 0
555 322 0 0
554 322 0 0
560 321 0 0
559 321 0 0
558 321 0 0
557 321 0 0
556 321 0 0
555 321 0 0
554 321 0 0
560 320 0 0
559 320 0 0
558 320 0 0
557 320 0 0
556 320 0 0
555 320 0 0
554 320 0 0
560 319 0 0
559 319 0 0
558 319 0 0
557 319 0 0
556 319 0 0
555 319 0 0
554 319 0 0
561 318 0 0
560 318 0 0
559 318 0 0
558 318 0 0
557 318 0 0
556 318 0 0
555 318 0 0
561 317 0 0
560 317 0 0
559 317 0 0
558 317 0 0
557 317 0 0
556 317 0 0
555 317 0 0
561 316 0 0
560 316 0 0
559 316 0 0
558 316 0 0
557 316 0 0
556 316 0 0
555 316 0 0
561 315 0 0
560 315 0 0
559 315 0 0
558 315 0 0
557 315 0 0
556 315 0 0
555 315 0 0
562 314 0 0
561 314 0 0
560 314 0 0
559 314 0 0
558 314 0 0
557 314 0 0
562 313 0 0
561 313 0 0
560 313 0 0
559 313 0 0
558 313 0 0
557 313 0 0
562 312 0 0
561 312 0 0
560 312 0 0
559 312 0 0
558 312 0 0
557 312 0 0
564 311 0 0
563 311 0 0
562 311 0 0
561 311 0 0
560 311 0 0
559 311 0 0
558 311 0 0
557 311 0 0
564 310 0 0
563 310 0 0
562 310 0 0
561 310 0 0
560 310 0 0
559 310 0 0
558 310 0 0
564 309 0 0
563 309 0 0
562 309 0 0
561 309 0 0
560 309 0 0
559 309 0 0
558 309 0 0
564 308 0 0
563 308 0 0
562 308 0 0
561 308 0 0
560 308 0 0
559 308 0 0
558 308 0 0
565 307 0 0
564 307 0 0
563 307 0 0
562 307 0 0
561 307 0 0
560 307 0 0
559 307 0 0
565 306 0 0
564 306 0 0
563 306 0 0
562 306 0 0
561 306 0 0
560 306 0 0
559 306 0 0
565 305 0 0
564 305 0 0
563 305 0 0
562 305 0 0
561 305 0 0
560 305 0 0
559 305 0 0
565 304 0 0
564 304 0 0
563 304 0 0
562 304 0 0
561 304 0 0
560 304 0 0
559 304 0 0
566 303 0 0
565 303 0 0
564 303 0 0
563 303 0 0
562 303 0 0
561 303 0 0
566 302 0 0
565 302 0 0
564 302 0 0
563 302 0 0
562 302 0 0
561 302 0 0
566 301 0 0
565 301 0 0
564 301 0 0
563 301 0 0
562 301 0 0
561 301 0 0
566 300 0 0
565 300 0 0
564 300 0 0
563 300 0 0
562 300 0 0
561 300 0 0
567 299 0 0
566 299 0 0
565 299 0 0
564 299 0 0
563 299 0 0
562 299 0 0
567 298 0 0
566 298 0 0
565 298 0 0
564 298 0 0
563 298 0 0
562 298 0 0
567 297 0 0
566 297 0 0
565 297 0 0
564 297 0 0
563 297 0 0
562 297 0 0
569 296 0 0
568 296 0 0
567 296 0 0
566 296 0 0
565 296 0 0
564 296 0 0
563 296 0 0
569 295 0 0
568 295 0 0
567 295 0 0
566 295 0 0
565 295 0 0
564 295 0 0
563 295 0 0
569 294 0 0
568 294 0 0
567 294 0 0
566 294 0 0
565 294 0 0
564 294 0 0
563 294 0 0
569 293 0 0
568 293 0 0
567 293 0 0
566 293 0 0
565 293 0 0
564 293 0 0
563 293 0 0
570 292 0 0
569 292 0 0
568 292 0 0
567 292 0 0
566 292 0 0
565 292 0 0
570 291 0 0
569 291 0 0
568 291 0 0
567 291 0 0
566 291 0 0
565 291 0 0
570 290 0 0
569 290 0 0
568 290 0 0
567 290 0 0
566 290 0 0
565 290 0 0
571 289 0 0
570 289 0 0
569 289 0 0
568 289 0 0
567 289 0 0
566 289 0 0
571 288 0 0
570 288 0 0
569 288 0 0
568 288 0 0
567 288 0 0
566 288 0 0
571 287 0 0
570 287 0 0
569 287 0 0
568 287 0 0
567 287 0 0
566 287 0 0
571 286 0 0
570 286 0 0
569 286 0 0
568 286 0 0
567 286 0 0
566 286 0 0
573 285 0 0
572 285 0 0
571 285 0 0
570 285 0 0
569 285 0 0
568 285 0 0
567 285 0 0
573 284 0 0
572 284 0 0
571 284 0 0
570 284 0 0
569 284 0 0
568 284 0 0
567 284 0 0
573 283 0 0
572 283 0 0
571 283 0 0
570 283 0 0
569 283 0 0
568 283 0 0
567 283 0 0
573 282 0 0
572 282 0 0
571 282 0 0
570 282 0 0
569 282 0 0
568 282 0 0
567 282 0 0
574 281 0 0
573 281 0 0
572 281 0 0
571 281 0 0
570 281 0 0
569 281 0 0
568 281 0 0
574 280 0 0
573 280 0 0
572 280 0 0
571 280 0 0
570 280 0 0
569 280 0 0
568 280 0 0
574 279 0 0
573 279 0 0
572 279 0 0
571 279 0 0
570 279 0 0
569 279 0 0
568 279 0 0
574 278 0 0
573 278 0 0
572 278 0 0
571 278 0 0
570 278 0 0
569 278 0 0
568 278 0 0
574 277 0 0
573 277 0 0
572 277 0 0
571 277 0 0
570 277 0 0
569 277 0 0
568 277 0 0
574 276 0 0
573 276 0 0
572 276 0 0
571 276 0 0
570 276 0 0
569 276 0 0
568 276 0 0
575 275 0 0
574 275 0 0
573 275 0 0
572 275 0 0
571 275 0 0
570 275 0 0
575 274 0 0
574 274 0 0
573 274 0 0
572 274 0 0
571 274 0 0
570 274 0 0
574 273 0 0
573 273 0 0
572 273 0 0
571 273 0 0
573 272 0 0
572 272 0 0
362 270 0 1
362 269 0 1
363 268 0 1
362 268 0 1
361 268 0 1
360 268 0 1
359 268 0 1
365 267 0 1
364 267 0 1
363 267 0 1
362 267 0 1
361 267 0 1
360 267 0 1
359 267 0 1
358 267 0 1
363 266 0 1
362 266 0 1
361 266 0 1
360 266 0 1
359 266 0 1
358 266 0 1
357 266 0 1
356 266 0 1
363 265 0 1
362 265 0 1
361 265 0 1
360 265 0 1
359 265 0 1
358 265 0 1
357 265 0 1
356 265 0 1
362 264 0 1
361 264 0 1
360 264 0 1
359 264 0 1
358 264 0 1
357 264 0 1
356 264 0 1
355 264 0 1
354 264 0 1
361 263 0 1
360 263 0 1
359 263 0 1
358 263 0 1
357 263 0 1
356 263 0 1
355 263 0 1
354 263 0 1
353 263 0 1
358 262 0 1
357 262 0 1
356 262 0 1
355 262 0 1
354 262 0 1
353 262 0 1
352 262 0 1
351 262 0 1
358 261 0 1
357 261 0 1
356 261 0 1
355 261 0 1
354 261 0 1
353 261 0 1
352 261 0 1
351 261 0 1
357 260 0 1
356 260 0 1
355 260 0 1
354 260 0 1
353 260 0 1
352 260 0 1
351 260 0 1
357 259 0 1
356 259 0 1
355 259 0 1
354 259 0 1
353 259 0 1
352 259 0 1
351 259 0 1
355 258 0 1
354 258 0 1
353 258 0 1
352 258 0 1
351 258 0 1
350 258 0 1
355 257 0 1
354 257 0 1
353 257 0 1
352 257 0 1
351 257 0 1
350 257 0 1
355 256 0 1
354 256 0 1
353 256 0 1
352 256 0 1
351 256 0 1
350 256 0 1
354 255 0 1
353 255 0 1
352 255 0 1
351 255 0 1
350 255 0 1
349 255 0 1
353 254 0 1
352 254 0 1
351 254 0 1
350 254 0 1
349 254 0 1
348 254 0 1
347 254 0 1
353 253 0 1
352 253 0 1
351 253 0 1
350 253 0 1
349 253 0 1
348 253 0 1
347 253 0 1
353 252 0 1
352 252 0 1
351 252 0 1
350 252 0 1
349 252 0 1
348 252 0 1
347 252 0 1
352 251 0 1
351 251 0 1
350 251 0 1
349 251 0 1
348 251 0 1
347 251 0 1
346 251 0 1
352 250 0 1
351 250 0 1
350 250 0 1
349 250 0 1
348 250 0 1
347 250 0 1
346 250 0 1
350 249 0 1
349 249 0 1
348 249 0 1
347 249 0 1
346 249 0 1
345 249 0 1
350 248 0 1
349 248 0 1
348 248 0 1
347 248 0 1
346 248 0 1
345 248 0 1
350 247 0 1
349 247 0 1
348 247 0 1
347 247 0 1
346 247 0 1
345 247 0 1
349 246 0 1
348 246 0 1
347 246 0 1
346 246 0 1
345 246 0 1
344 246 0 1
343 246 0 1
348 245 0 1
347 245 0 1
346 245 0 1
345 245 0 1
344 245 0 1
343 245 0 1
342 245 0 1
348 244 0 1
347 244 0 1
346 244 0 1
345 244 0 1
344 244 0 1
343 244 0 1
342 244 0 1
348 243 0 1
347 243 0 1
346 243 0 1
345 243 0 1
344 243 0 1
343 243 0 1
342 243 0 1
346 242 0 1
345 242 0 1
344 242 0 1
343 242 0 1
342 242 0 1
341 242 0 1
346 241 0 1
345 241 0 1
344 241 0 1
343 241 0 1
342 241 0 1
341 241 0 1
345 240 0 1
344 240 0 1
343 240 0 1
342 240 0 1
341 240 0 1
340 240 0 1
345 239 0 1
344 239 0 1
343 239 0 1
342 239 0 1
341 239 0 1
340 239 0 1
345 238 0 1
344 238 0 1
343 238 0 1
342 238 0 1
341 238 0 1
340 238 0 1
344 237 0 1
343 237 0 1
342 237 0 1
341 237 0 1
340 237 0 1
339 237 0 1
338 237 0 1
342 236 0 1
341 236 0 1
340 236 0 1
339 236 0 1
338 236 0 1
337 236 0 1
342 235 0 1
341 235 0 1
340 235 0 1
339 235 0 1
338 235 0 1
337 235 0 1
342 234 0 1
341 234 0 1
340 234 0 1
339 234 0 1
338 234 0 1
337 234 0 1
341 233 0 1
340 233 0 1
339 233 0 1
338 233 0 1
337 233 0 1
336 233 0 1
341 232 0 1
340 232 0 1
339 232 0 1
338 232 0 1
337 232 0 1
336 232 0 1
340 231 0 1
339 231 0 1
338 231 0 1
337 231 0 1
336 231 0 1
335 231 0 1
334 231 0 1
340 230 0 1
339 230 0 1
338 230 0 1
337 230 0 1
336 230 0 1
335 230 0 1
334 230 0 1
340 229 0 1
339 229 0 1
338 229 0 1
337 229 0 1
336 229 0 1
335 229 0 1
334 229 0 1
339 228 0 1
338 228 0 1
337 228 0 1
336 228 0 1
335 228 0 1
334 228 0 1
333 228 0 1
339 227 0 1
338 227 0 1
337 227 0 1
336 227 0 1
335 227 0 1
334 227 0 1
333 227 0 1
339 226 0 1
338 226 0 1
337 226 0 1
336 226 0 1
335 226 0 1
334 226 0 1
333 226 0 1
337 225 0 1
336 225 0 1
335 225 0 1
334 225 0 1
333 225 0 1
332 225 0 1
337 224 0 1
336 224 0 1
335 224 0 1
334 224 0 1
333 224 0 1
332 224 0 1
336 223 0 1
335 223 0 1
334 223 0 1
333 223 0 1
332 223 0 1
331 223 0 1
330 223 0 1
336 222 0 1
335 222 0 1
334 222 0 1
333 222 0 1
332 222 0 1
331 222 0 1
330 222 0 1
336 221 0 1
335 221 0 1
334 221 0 1
333 221 0 1
332 221 0 1
331 221 0 1
330 221 0 1
335 220 0 1
334 220 0 1
333 220 0 1
332 220 0 1
331 220 0 1
330 220 0 1
329 220 0 1
335 219 0 1
334 219 0 1
333 219 0 1
332 219 0 1
331 219 0 1
330 219 0 1
329 219 0 1
328 219 0 1
333 218 0 1
332 218 0 1
331 218 0 1
330 218 0 1
329 218 0 1
328 218 0 1
333 217 0 1
332 217 0 1
331 217 0 1
330 217 0 1
329 217 0 1
328 217 0 1
332 216 0 1
331 216 0 1
330 216 0 1
329 216 0 1
328 216 0 1
327 216 0 1
332 215 0 1
331 215 0 1
330 215 0 1
329 215 0 1
328 215 0 1
327 215 0 1
331 214 0 1
330 214 0 1
329 214 0 1
328 214 0 1
327 214 0 1
326 214 0 1
325 214 0 1
331 213 0 1
330 213 0 1
329 213 0 1
328 213 0 1
327 213 0 1
326 213 0 1
325 213 0 1
331 212 0 1
330 212 0 1
329 212 0 1
328 212 0 1
327 212 0 1
326 212 0 1
325 212 0 1
329 211 0 1
328 211 0 1
327 211 0 1
326 211 0 1
325 211 0 1
324 211 0 1
329 210 0 1
328 210 0 1
327 210 0 1
326 210 0 1
325 210 0 1
324 210 0 1
323 210 0 1
329 209 0 1
328 209 0 1
327 209 0 1
326 209 0 1
325 209 0 1
324 209 0 1
323 209 0 1
328 208 0 1
327 208 0 1
326 208 0 1
325 208 0 1
324 208 0 1
323 208 0 1
143 208 0 0
327 207 0 1
326 207 0 1
325 207 0 1
324 207 0 1
323 207 0 1
322 207 0 1
321 207 0 1
145 207 0 0
144 207 0 0
143 207 0 0
142 207 0 0
327 206 0 1
326 206 0 1
325 206 0 1
324 206 0 1
323 206 0 1
322 206 0 1
321 206 0 1
146 206 0 0
145 206 0 0
144 206 0 0
143 206 0 0
142 206 0 0
141 206 0 0
140 206 0 0
326 205 0 1
325 205 0 1
324 205 0 1
323 205 0 1
322 205 0 1
321 205 0 1
320 205 0 1
146 205 0 0
145 205 0 0
144 205 0 0
143 205 0 0
142 205 0 0
141 205 0 0
140 205 0 0
326 204 0 1
325 204 0 1
324 204 0 1
323 204 0 1
322 204 0 1
321 204 0 1
320 204 0 1
146 204 0 0
145 204 0 0
144 204 0 0
143 204 0 0
142 204 0 0
141 204 0 0
140 204 0 0
326 203 0 1
325 203 0 1
324 203 0 1
323 203 0 1
322 203 0 1
321 203 0 1
320 203 0 1
146 203 0 0
145 203 0 0
144 203 0 0
143 203 0 0
142 203 0 0
141 203 0 0
140 203 0 0
324 202 0 1
323 202 0 1
322 202 0 1
321 202 0 1
320 202 0 1
319 202 0 1
146 202 0 0
145 202 0 0
144 202 0 0
143 202 0 0
142 202 0 0
141 202 0 0
140 202 0 0
324 201 0 1
323 201 0 1
322 201 0 1
321 201 0 1
320 201 0 1
319 201 0 1
318 201 0 1
317 201 0 1
146 201 0 0
145 201 0 0
144 201 0 0
143 201 0 0
142 201 0 0
141 201 0 0
140 201 0 0
324 200 0 1
323 200 0 1
322 200 0 1
321 200 0 1
320 200 0 1
319 200 0 1
318 200 0 1
317 200 0 1
146 200 0 0
145 200 0 0
144 200 0 0
143 200 0 0
142 200 0 0
141 200 0 0
140 200 0 0
323 199 0 1
322 199 0 1
321 199 0 1
320 199 0 1
319 199 0 1
318 199 0 1
317 199 0 1
146 199 0 0
145 199 0 0
144 199 0 0
143 199 0 0
142 199 0 0
141 199 0 0
140 199 0 0
322 198 0 1
321 198 0 1
320 198 0 1
319 198 0 1
318 198 0 1
317 198 0 1
316 198 0 1
146 198 0 0
145 198 0 0
144 198 0 0
143 198 0 0
142 198 0 0
141 198 0 0
140 198 0 0
322 197 0 1
321 197 0 1
320 197 0 1
319 197 0 1
318 197 0 1
317 197 0 1
316 197 0 1
146 197 0 0
145 197 0 0
144 197 0 0
143 197 0 0
142 197 0 0
141 197 0 0
140 197 0 0
322 196 0 1
321 196 0 1
320 196 0 1
319 196 0 1
318 196 0 1
317 196 0 1
316 196 0 1
146 196 0 0
145 196 0 0
144 196 0 0
143 196 0 0
142 196 0 0
141 196 0 0
140 196 0 0
322 195 0 1
321 195 0 1
320 195 0 1
319 195 0 1
318 195 0 1
317 195 0 1
316 195 0 1
146 195 0 0
145 195 0 0
144 195 0 0
143 195 0 0
142 195 0 0
141 195 0 0
140 195 0 0
320 194 0 1
319 194 0 1
318 194 0 1
317 194 0 1
316 194 0 1
315 194 0 1
146 194 0 0
145 194 0 0
144 194 0 0
143 194 0 0
142 194 0 0
141 194 0 0
140 194 0 0
319 193 0 1
318 193 0 1
317 193 0 1
316 193 0 1
315 193 0 1
314 193 0 1
313 193 0 1
146 193 0 0
145 193 0 0
144 193 0 0
143 193 0 0
142 193 0 0
141 193 0 0
140 193 0 0
319 192 0 1
318 192 0 1
317 192 0 1
316 192 0 1
315 192 0 1
314 192 0 1
313 192 0 1
312 192 0 1
146 192 0 0
145 192 0 0
144 192 0 0
143 192 0 0
142 192 0 0
141 192 0 0
140 192 0 0
319 191 0 1
318 191 0 1
317 191 0 1
316 191 0 1
315 191 0 1
314 191 0 1
313 191 0 1
312 191 0 1
146 191 0 0
145 191 0 0
144 191 0 0
143 191 0 0
142 191 0 0
141 191 0 0
140 191 0 0
318 190 0 1
317 190 0 1
316 190 0 1
315 190 0 1
314 190 0 1
313 190 0 1
312 190 0 1
146 190 0 0
145 190 0 0
144 190 0 0
143 190 0 0
142 190 0 0
141 190 0 0
140 190 0 0
316 189 0 1
315 189 0 1
314 189 0 1
313 189 0 1
146 189 0 0
145 189 0 0
144 189 0 0
143 189 0 0
142 189 0 0
141 189 0 0
140 189 0 0
315 188 0 1
146 188 0 0
145 188 0 0
144 188 0 0
143 188 0 0
142 188 0 0
141 188 0 0
140 188 0 0
315 187 0 1
146 187 0 0
145 187 0 0
144 187 0 0
143 187 0 0
142 187 0 0
141 187 0 0
140 187 0 0
146 186 0 0
145 186 0 0
144 186 0 0
143 186 0 0
142 186 0 0
141 186 0 0
140 186 0 0
146 185 0 0
145 185 0 0
144 185 0 0
143 185 0 0
142 185 0 0
141 185 0 0
140 185 0 0
146 184 0 0
145 184 0 0
144 184 0 0
143 184 0 0
142 184 0 0
141 184 0 0
140 184 0 0
146 183 0 0
145 183 0 0
144 183 0 0
143 183 0 0
142 183 0 0
141 183 0 0
140 183 0 0
146 182 0 0
145 182 0 0
144 182 0 0
143 182 0 0
142 182 0 0
141 182 0 0
140 182 0 0
146 181 0 0
145 181 0 0
144 181 0 0
143 181 0 0
142 181 0 0
141 181 0 0
140 181 0 0
146 180 0 0
145 180 0 0
144 180 0 0
143 180 0 0
142 180 0 0
141 180 0 0
140 180 0 0
146 179 0 0
145 179 0 0
144 179 0 0
143 179 0 0
142 179 0 0
141 179 0 0
140 179 0 0
146 178 0 0
145 178 0 0
144 178 0 0
143 178 0 0
142 178 0 0
141 178 0 0
140 178 0 0
146 177 0 0
145 177 0 0
144 177 0 0
143 177 0 0
142 177 0 0
141 177 0 0
140 177 0 0
147 176 0 0
146 176 0 0
145 176 0 0
144 176 0 0
143 176 0 0
142 176 0 0
147 175 0 0
146 175 0 0
145 175 0 0
144 175 0 0
143 175 0 0
142 175 0 0
147 174 0 0
146 174 0 0
145 174 0 0
144 174 0 0
143 174 0 0
142 174 0 0
147 173 0 0
146 173 0 0
145 173 0 0
144 173 0 0
143 173 0 0
142 173 0 0
147 172 0 0
146 172 0 0
145 172 0 0
144 172 0 0
143 172 0 0
142 172 0 0
147 171 0 0
146 171 0 0
145 171 0 0
144 171 0 0
143 171 0 0
142 171 0 0
147 170 0 0
146 170 0 0
145 170 0 0
144 170 0 0
143 170 0 0
142 170 0 0
558 169 0 0
557 169 0 0
147 169 0 0
146 169 0 0
145 169 0 0
144 169 0 0
143 169 0 0
142 169 0 0
560 168 0 0
559 168 0 0
558 168 0 0
557 168 0 0
556 168 0 0
555 168 0 0
149 168 0 0
148 168 0 0
147 168 0 0
146 168 0 0
145 168 0 0
144 168 0 0
143 168 0 0
561 167 0 0
560 167 0 0
559 167 0 0
558 167 0 0
557 167 0 0
556 167 0 0
555 167 0 0
554 167 0 0
149 167 0 0
148 167 0 0
147 167 0 0
146 167 0 0
145 167 0 0
144 167 0 0
143 167 0 0
560 166 0 0
559 166 0 0
558 166 0 0
557 166 0 0
556 166 0 0
555 166 0 0
554 166 0 0
553 166 0 0
149 166 0 0
148 166 0 0
147 166 0 0
146 166 0 0
145 166 0 0
144 166 0 0
143 166 0 0
560 165 0 0
559 165 0 0
558 165 0 0
557 165 0 0
556 165 0 0
555 165 0 0
554 165 0 0
553 165 0 0
149 165 0 0
148 165 0 0
147 165 0 0
146 165 0 0
145 165 0 0
144 165 0 0
143 165 0 0
558 164 0 0
557 164 0 0
556 164 0 0
555 164 0 0
554 164 0 0
553 164 0 0
552 164 0 0
149 164 0 0
148 164 0 0
147 164 0 0
146 164 0 0
145 164 0 0
144 164 0 0
143 164 0 0
557 163 0 0
556 163 0 0
555 163 0 0
554 163 0 0
553 163 0 0
552 163 0 0
551 163 0 0
550 163 0 0
149 163 0 0
148 163 0 0
147 163 0 0
146 163 0 0
145 163 0 0
144 163 0 0
143 163 0 0
556 162 0 0
555 162 0 0
554 162 0 0
553 162 0 0
552 162 0 0
551 162 0 0
550 162 0 0
549 162 0 0
149 162 0 0
148 162 0 0
147 162 0 0
146 162 0 0
145 162 0 0
144 162 0 0
143 162 0 0
556 161 0 0
555 161 0 0
554 161 0 0
553 161 0 0
552 161 0 0
551 161 0 0
550 161 0 0
549 161 0 0
149 161 0 0
148 161 0 0
147 161 0 0
146 161 0 0
145 161 0 0
144 161 0 0
143 161 0 0
554 160 0 0
553 160 0 0
552 160 0 0
551 160 0 0
550 160 0 0
549 160 0 0
548 160 0 0
150 160 0 0
149 160 0 0
148 160 0 0
147 160 0 0
146 160 0 0
145 160 0 0
144 160 0 0
553 159 0 0
552 159 0 0
551 159 0 0
550 159 0 0
549 159 0 0
548 159 0 0
547 159 0 0
546 159 0 0
545 159 0 0
150 159 0 0
149 159 0 0
148 159 0 0
147 159 0 0
146 159 0 0
145 159 0 0
144 159 0 0
551 158 0 0
550 158 0 0
549 158 0 0
548 158 0 0
547 158 0 0
546 158 0 0
545 158 0 0
544 158 0 0
150 158 0 0
149 158 0 0
148 158 0 0
147 158 0 0
146 158 0 0
145 158 0 0
144 158 0 0
551 157 0 0
550 157 0 0
549 157 0 0
548 157 0 0
547 157 0 0
546 157 0 0
545 157 0 0
544 157 0 0
150 157 0 0
149 157 0 0
148 157 0 0
147 157 0 0
146 157 0 0
145 157 0 0
144 157 0 0
549 156 0 0
548 156 0 0
547 156 0 0
546 156 0 0
545 156 0 0
544 156 0 0
543 156 0 0
542 156 0 0
150 156 0 0
149 156 0 0
148 156 0 0
147 156 0 0
146 156 0 0
145 156 0 0
144 156 0 0
548 155 0 0
547 155 0 0
546 155 0 0
545 155 0 0
544 155 0 0
543 155 0 0
542 155 0 0
541 155 0 0
150 155 0 0
149 155 0 0
148 155 0 0
147 155 0 0
146 155 0 0
145 155 0 0
144 155 0 0
547 154 0 0
546 154 0 0
545 154 0 0
544 154 0 0
543 154 0 0
542 154 0 0
541 154 0 0
540 154 0 0
150 154 0 0
149 154 0 0
148 154 0 0
147 154 0 0
146 154 0 0
145 154 0 0
144 154 0 0
547 153 0 0
546 153 0 0
545 153 0 0
544 153 0 0
543 153 0 0
542 153 0 0
541 153 0 0
540 153 0 0
150 153 0 0
149 153 0 0
148 153 0 0
147 153 0 0
146 153 0 0
145 153 0 0
144 153 0 0
545 152 0 0
544 152 0 0
543 152 0 0
542 152 0 0
541 152 0 0
540 152 0 0
539 152 0 0
151 152 0 0
150 152 0 0
149 152 0 0
148 152 0 0
147 152 0 0
146 152 0 0
544 151 0 0
543 151 0 0
542 151 0 0
541 151 0 0
540 151 0 0
539 151 0 0
538 151 0 0
537 151 0 0
151 151 0 0
150 151 0 0
149 151 0 0
148 151 0 0
147 151 0 0
146 151 0 0
543 150 0 0
542 150 0 0
541 150 0 0
540 150 0 0
539 150 0 0
538 150 0 0
537 150 0 0
536 150 0 0
151 150 0 0
150 150 0 0
149 150 0 0
148 150 0 0
147 150 0 0
146 150 0 0
541 149 0 0
540 149 0 0
539 149 0 0
538 149 0 0
537 149 0 0
536 149 0 0
535 149 0 0
534 149 0 0
533 149 0 0
151 149 0 0
150 149 0 0
149 149 0 0
148 149 0 0
147 149 0 0
146 149 0 0
541 148 0 0
540 148 0 0
539 148 0 0
538 148 0 0
537 148 0 0
536 148 0 0
535 148 0 0
534 148 0 0
533 148 0 0
151 148 0 0
150 148 0 0
149 148 0 0
148 148 0 0
147 148 0 0
146 148 0 0
539 147 0 0
538 147 0 0
537 147 0 0
536 147 0 0
535 147 0 0
534 147 0 0
533 147 0 0
532 147 0 0
151 147 0 0
150 147 0 0
149 147 0 0
148 147 0 0
147 147 0 0
146 147 0 0
538 146 0 0
537 146 0 0
536 146 0 0
535 146 0 0
534 146 0 0
533 146 0 0
532 146 0 0
531 146 0 0
151 146 0 0
150 146 0 0
149 146 0 0
148 146 0 0
147 146 0 0
146 146 0 0
536 145 0 0
535 145 0 0
534 145 0 0
533 145 0 0
532 145 0 0
531 145 0 0
530 145 0 0
529 145 0 0
152 145 0 0
151 145 0 0
150 145 0 0
149 145 0 0
148 145 0 0
147 145 0 0
536 144 0 0
535 144 0 0
534 144 0 0
533 144 0 0
532 144 0 0
531 144 0 0
530 144 0 0
529 144 0 0
152 144 0 0
151 144 0 0
150 144 0 0
149 144 0 0
148 144 0 0
147 144 0 0
535 143 0 0
534 143 0 0
533 143 0 0
532 143 0 0
531 143 0 0
530 143 0 0
529 143 0 0
528 143 0 0
152 143 0 0
151 143 0 0
150 143 0 0
149 143 0 0
148 143 0 0
147 143 0 0
534 142 0 0
533 142 0 0
532 142 0 0
531 142 0 0
530 142 0 0
529 142 0 0
528 142 0 0
527 142 0 0
152 142 0 0
151 142 0 0
150 142 0 0
149 142 0 0
148 142 0 0
147 142 0 0
532 141 0 0
531 141 0 0
530 141 0 0
529 141 0 0
528 141 0 0
527 141 0 0
526 141 0 0
152 141 0 0
151 141 0 0
150 141 0 0
149 141 0 0
148 141 0 0
147 141 0 0
532 140 0 0
531 140 0 0
530 140 0 0
529 140 0 0
528 140 0 0
527 140 0 0
526 140 0 0
152 140 0 0
151 140 0 0
150 140 0 0
149 140 0 0
148 140 0 0
147 140 0 0
531 139 0 0
530 139 0 0
529 139 0 0
528 139 0 0
527 139 0 0
526 139 0 0
525 139 0 0
524 139 0 0
152 139 0 0
151 139 0 0
150 139 0 0
149 139 0 0
148 139 0 0
147 139 0 0
530 138 0 0
529 138 0 0
528 138 0 0
527 138 0 0
526 138 0 0
525 138 0 0
524 138 0 0
523 138 0 0
522 138 0 0
152 138 0 0
151 138 0 0
150 138 0 0
149 138 0 0
148 138 0 0
147 138 0 0
527 137 0 0
526 137 0 0
525 137 0 0
524 137 0 0
523 137 0 0
522 137 0 0
521 137 0 0
520 137 0 0
154 137 0 0
153 137 0 0
152 137 0 0
151 137 0 0
150 137 0 0
149 137 0 0
148 137 0 0
526 136 0 0
525 136 0 0
524 136 0 0
523 136 0 0
522 136 0 0
521 136 0 0
520 136 0 0
519 136 0 0
154 136 0 0
153 136 0 0
152 136 0 0
151 136 0 0
150 136 0 0
149 136 0 0
148 136 0 0
526 135 0 0
525 135 0 0
524 135 0 0
523 135 0 0
522 135 0 0
521 135 0 0
520 135 0 0
519 135 0 0
154 135 0 0
153 135 0 0
152 135 0 0
151 135 0 0
150 135 0 0
149 135 0 0
148 135 0 0
525 134 0 0
524 134 0 0
523 134 0 0
522 134 0 0
521 134 0 0
520 134 0 0
519 134 0 0
518 134 0 0
154 134 0 0
153 134 0 0
152 134 0 0
151 134 0 0
150 134 0 0
149 134 0 0
148 134 0 0
523 133 0 0
522 133 0 0
521 133 0 0
520 133 0 0
519 133 0 0
518 133 0 0
517 133 0 0
516 133 0 0
154 133 0 0
153 133 0 0
152 133 0 0
151 133 0 0
150 133 0 0
149 133 0 0
148 133 0 0
522 132 0 0
521 132 0 0
520 132 0 0
519 132 0 0
518 132 0 0
517 132 0 0
516 132 0 0
515 132 0 0
154 132 0 0
153 132 0 0
152 132 0 0
151 132 0 0
150 132 0 0
149 132 0 0
148 132 0 0
522 131 0 0
521 131 0 0
520 131 0 0
519 131 0 0
518 131 0 0
517 131 0 0
516 131 0 0
515 131 0 0
154 131 0 0
153 131 0 0
152 131 0 0
151 131 0 0
150 131 0 0
149 131 0 0
148 131 0 0
521 130 0 0
520 130 0 0
519 130 0 0
518 130 0 0
517 130 0 0
516 130 0 0
515 130 0 0
514 130 0 0
154 130 0 0
153 130 0 0
152 130 0 0
151 130 0 0
150 130 0 0
149 130 0 0
148 130 0 0
519 129 0 0
518 129 0 0
517 129 0 0
516 129 0 0
515 129 0 0
514 129 0 0
513 129 0 0
155 129 0 0
154 129 0 0
153 129 0 0
152 129 0 0
151 129 0 0
150 129 0 0
518 128 0 0
517 128 0 0
516 128 0 0
515 128 0 0
514 128 0 0
513 128 0 0
512 128 0 0
511 128 0 0
155 128 0 0
154 128 0 0
153 128 0 0
152 128 0 0
151 128 0 0
150 128 0 0
518 127 0 0
517 127 0 0
516 127 0 0
515 127 0 0
514 127 0 0
513 127 0 0
512 127 0 0
511 127 0 0
155 127 0 0
154 127 0 0
153 127 0 0
152 127 0 0
151 127 0 0
150 127 0 0
517 126 0 0
516 126 0 0
515 126 0 0
514 126 0 0
513 126 0 0
512 126 0 0
511 126 0 0
510 126 0 0
155 126 0 0
154 126 0 0
153 126 0 0
152 126 0 0
151 126 0 0
150 126 0 0
515 125 0 0
514 125 0 0
513 125 0 0
512 125 0 0
511 125 0 0
510 125 0 0
509 125 0 0
508 125 0 0
507 125 0 0
155 125 0 0
154 125 0 0
153 125 0 0
152 125 0 0
151 125 0 0
150 125 0 0
513 124 0 0
512 124 0 0
511 124 0 0
510 124 0 0
509 124 0 0
508 124 0 0
507 124 0 0
506 124 0 0
155 124 0 0
154 124 0 0
153 124 0 0
152 124 0 0
151 124 0 0
150 124 0 0
512 123 0 0
511 123 0 0
510 123 0 0
509 123 0 0
508 123 0 0
507 123 0 0
506 123 0 0
505 123 0 0
155 123 0 0
154 123 0 0
153 123 0 0
152 123 0 0
151 123 0 0
150 123 0 0
512 122 0 0
511 122 0 0
510 122 0 0
509 122 0 0
508 122 0 0
507 122 0 0
506 122 0 0
505 122 0 0
155 122 0 0
154 122 0 0
153 122 0 0
152 122 0 0
151 122 0 0
150 122 0 0
510 121 0 0
509 121 0 0
508 121 0 0
507 121 0 0
506 121 0 0
505 121 0 0
504 121 0 0
503 121 0 0
156 121 0 0
155 121 0 0
154 121 0 0
153 121 0 0
152 121 0 0
151 121 0 0
509 120 0 0
508 120 0 0
507 120 0 0
506 120 0 0
505 120 0 0
504 120 0 0
503 120 0 0
502 120 0 0
156 120 0 0
155 120 0 0
154 120 0 0
153 120 0 0
152 120 0 0
151 120 0 0
508 119 0 0
507 119 0 0
506 119 0 0
505 119 0 0
504 119 0 0
503 119 0 0
502 119 0 0
501 119 0 0
156 119 0 0
155 119 0 0
154 119 0 0
153 119 0 0
152 119 0 0
151 119 0 0
508 118 0 0
507 118 0 0
506 118 0 0
505 118 0 0
504 118 0 0
503 118 0 0
502 118 0 0
501 118 0 0
156 118 0 0
155 118 0 0
154 118 0 0
153 118 0 0
152 118 0 0
151 118 0 0
506 117 0 0
505 117 0 0
504 117 0 0
503 117 0 0
502 117 0 0
501 117 0 0
500 117 0 0
156 117 0 0
155 117 0 0
154 117 0 0
153 117 0 0
152 117 0 0
151 117 0 0
505 116 0 0
504 116 0 0
503 116 0 0
502 116 0 0
501 116 0 0
500 116 0 0
499 116 0 0
498 116 0 0
156 116 0 0
155 116 0 0
154 116 0 0
153 116 0 0
152 116 0 0
151 116 0 0
504 115 0 0
503 115 0 0
502 115 0 0
501 115 0 0
500 115 0 0
499 115 0 0
498 115 0 0
497 115 0 0
496 115 0 0
156 115 0 0
155 115 0 0
154 115 0 0
153 115 0 0
152 115 0 0
151 115 0 0
504 114 0 0
503 114 0 0
502 114 0 0
501 114 0 0
500 114 0 0
499 114 0 0
498 114 0 0
497 114 0 0
496 114 0 0
156 114 0 0
155 114 0 0
154 114 0 0
153 114 0 0
152 114 0 0
151 114 0 0
501 113 0 0
500 113 0 0
499 113 0 0
498 113 0 0
497 113 0 0
496 113 0 0
495 113 0 0
494 113 0 0
156 113 0 0
155 113 0 0
154 113 0 0
153 113 0 0
152 113 0 0
151 113 0 0
500 112 0 0
499 112 0 0
498 112 0 0
497 112 0 0
496 112 0 0
495 112 0 0
494 112 0 0
493 112 0 0
158 112 0 0
157 112 0 0
156 112 0 0
155 112 0 0
154 112 0 0
153 112 0 0
152 112 0 0
499 111 0 0
498 111 0 0
497 111 0 0
496 111 0 0
495 111 0 0
494 111 0 0
493 111 0 0
492 111 0 0
158 111 0 0
157 111 0 0
156 111 0 0
155 111 0 0
154 111 0 0
153 111 0 0
152 111 0 0
497 110 0 0
496 110 0 0
495 110 0 0
494 110 0 0
493 110 0 0
492 110 0 0
491 110 0 0
490 110 0 0
158 110 0 0
157 110 0 0
156 110 0 0
155 110 0 0
154 110 0 0
153 110 0 0
152 110 0 0
497 109 0 0
496 109 0 0
495 109 0 0
494 109 0 0
493 109 0 0
492 109 0 0
491 109 0 0
490 109 0 0
158 109 0 0
157 109 0 0
156 109 0 0
155 109 0 0
154 109 0 0
153 109 0 0
152 109 0 0
496 108 0 0
495 108 0 0
494 108 0 0
493 108 0 0
492 108 0 0
491 108 0 0
490 108 0 0
489 108 0 0
488 108 0 0
158 108 0 0
157 108 0 0
156 108 0 0
155 108 0 0
154 108 0 0
153 108 0 0
152 108 0 0
493 107 0 0
492 107 0 0
491 107 0 0
490 107 0 0
489 107 0 0
488 107 0 0
487 107 0 0
158 107 0 0
157 107 0 0
156 107 0 0
155 107 0 0
154 107 0 0
153 107 0 0
152 107 0 0
492 106 0 0
491 106 0 0
490 106 0 0
489 106 0 0
488 106 0 0
487 106 0 0
486 106 0 0
485 106 0 0
158 106 0 0
157 106 0 0
156 106 0 0
155 106 0 0
154 106 0 0
153 106 0 0
152 106 0 0
492 105 0 0
491 105 0 0
490 105 0 0
489 105 0 0
488 105 0 0
487 105 0 0
486 105 0 0
485 105 0 0
158 105 0 0
157 105 0 0
156 105 0 0
155 105 0 0
154 105 0 0
153 105 0 0
152 105 0 0
491 104 0 0
490 104 0 0
489 104 0 0
488 104 0 0
487 104 0 0
486 104 0 0
485 104 0 0
484 104 0 0
159 104 0 0
158 104 0 0
157 104 0 0
156 104 0 0
155 104 0 0
154 104 0 0
153 104 0 0
489 103 0 0
488 103 0 0
487 103 0 0
486 103 0 0
485 103 0 0
484 103 0 0
483 103 0 0
159 103 0 0
158 103 0 0
157 103 0 0
156 103 0 0
155 103 0 0
154 103 0 0
153 103 0 0
488 102 0 0
487 102 0 0
486 102 0 0
485 102 0 0
484 102 0 0
483 102 0 0
482 102 0 0
481 102 0 0
159 102 0 0
158 102 0 0
157 102 0 0
156 102 0 0
155 102 0 0
154 102 0 0
153 102 0 0
488 101 0 0
487 101 0 0
486 101 0 0
485 101 0 0
484 101 0 0
483 101 0 0
482 101 0 0
481 101 0 0
159 101 0 0
158 101 0 0
157 101 0 0
156 101 0 0
155 101 0 0
154 101 0 0
153 101 0 0
487 100 0 0
486 100 0 0
485 100 0 0
484 100 0 0
483 100 0 0
482 100 0 0
481 100 0 0
480 100 0 0
159 100 0 0
158 100 0 0
157 100 0 0
156 100 0 0
155 100 0 0
154 100 0 0
153 100 0 0
486 99 0 0
485 99 0 0
484 99 0 0
483 99 0 0
482 99 0 0
481 99 0 0
480 99 0 0
479 99 0 0
159 99 0 0
158 99 0 0
157 99 0 0
156 99 0 0
155 99 0 0
154 99 0 0
153 99 0 0
484 98 0 0
483 98 0 0
482 98 0 0
481 98 0 0
480 98 0 0
479 98 0 0
478 98 0 0
477 98 0 0
476 98 0 0
159 98 0 0
158 98 0 0
157 98 0 0
156 98 0 0
155 98 0 0
154 98 0 0
153 98 0 0
482 97 0 0
481 97 0 0
480 97 0 0
479 97 0 0
478 97 0 0
477 97 0 0
476 97 0 0
475 97 0 0
160 97 0 0
159 97 0 0
158 97 0 0
157 97 0 0
156 97 0 0
155 97 0 0
482 96 0 0
481 96 0 0
480 96 0 0
479 96 0 0
478 96 0 0
477 96 0 0
476 96 0 0
475 96 0 0
160 96 0 0
159 96 0 0
158 96 0 0
157 96 0 0
156 96 0 0
155 96 0 0
480 95 0 0
479 95 0 0
478 95 0 0
477 95 0 0
476 95 0 0
475 95 0 0
474 95 0 0
473 95 0 0
160 95 0 0
159 95 0 0
158 95 0 0
157 95 0 0
156 95 0 0
155 95 0 0
479 94 0 0
478 94 0 0
477 94 0 0
476 94 0 0
475 94 0 0
474 94 0 0
473 94 0 0
472 94 0 0
160 94 0 0
159 94 0 0
158 94 0 0
157 94 0 0
156 94 0 0
155 94 0 0
478 93 0 0
477 93 0 0
476 93 0 0
475 93 0 0
474 93 0 0
473 93 0 0
472 93 0 0
471 93 0 0
160 93 0 0
159 93 0 0
158 93 0 0
157 93 0 0
156 93 0 0
155 93 0 0
478 92 0 0
477 92 0 0
476 92 0 0
475 92 0 0
474 92 0 0
473 92 0 0
472 92 0 0
471 92 0 0
160 92 0 0
159 92 0 0
158 92 0 0
157 92 0 0
156 92 0 0
155 92 0 0
476 91 0 0
475 91 0 0
474 91 0 0
473 91 0 0
472 91 0 0
471 91 0 0
470 91 0 0
160 91 0 0
159 91 0 0
158 91 0 0
157 91 0 0
156 91 0 0
155 91 0 0
475 90 0 0
474 90 0 0
473 90 0 0
472 90 0 0
471 90 0 0
470 90 0 0
469 90 0 0
468 90 0 0
160 90 0 0
159 90 0 0
158 90 0 0
157 90 0 0
156 90 0 0
155 90 0 0
474 89 0 0
473 89 0 0
472 89 0 0
471 89 0 0
470 89 0 0
469 89 0 0
468 89 0 0
467 89 0 0
162 89 0 0
161 89 0 0
160 89 0 0
159 89 0 0
158 89 0 0
157 89 0 0
156 89 0 0
474 88 0 0
473 88 0 0
472 88 0 0
471 88 0 0
470 88 0 0
469 88 0 0
468 88 0 0
467 88 0 0
162 88 0 0
161 88 0 0
160 88 0 0
159 88 0 0
158 88 0 0
157 88 0 0
156 88 0 0
472 87 0 0
471 87 0 0
470 87 0 0
469 87 0 0
468 87 0 0
467 87 0 0
466 87 0 0
162 87 0 0
161 87 0 0
160 87 0 0
159 87 0 0
158 87 0 0
157 87 0 0
156 87 0 0
471 86 0 0
470 86 0 0
469 86 0 0
468 86 0 0
467 86 0 0
466 86 0 0
465 86 0 0
464 86 0 0
162 86 0 0
161 86 0 0
160 86 0 0
159 86 0 0
158 86 0 0
157 86 0 0
156 86 0 0
470 85 0 0
469 85 0 0
468 85 0 0
467 85 0 0
466 85 0 0
465 85 0 0
464 85 0 0
463 85 0 0
462 85 0 0
162 85 0 0
161 85 0 0
160 85 0 0
159 85 0 0
158 85 0 0
157 85 0 0
156 85 0 0
467 84 0 0
466 84 0 0
465 84 0 0
464 84 0 0
463 84 0 0
462 84 0 0
461 84 0 0
460 84 0 0
162 84 0 0
161 84 0 0
160 84 0 0
159 84 0 0
158 84 0 0
157 84 0 0
156 84 0 0
467 83 0 0
466 83 0 0
465 83 0 0
464 83 0 0
463 83 0 0
462 83 0 0
461 83 0 0
460 83 0 0
162 83 0 0
161 83 0 0
160 83 0 0
159 83 0 0
158 83 0 0
157 83 0 0
156 83 0 0
466 82 0 0
465 82 0 0
464 82 0 0
463 82 0 0
462 82 0 0
461 82 0 0
460 82 0 0
459 82 0 0
162 82 0 0
161 82 0 0
160 82 0 0
159 82 0 0
158 82 0 0
157 82 0 0
156 82 0 0
465 81 0 0
464 81 0 0
463 81 0 0
462 81 0 0
461 81 0 0
460 81 0 0
459 81 0 0
458 81 0 0
163 81 0 0
162 81 0 0
161 81 0 0
160 81 0 0
159 81 0 0
158 81 0 0
157 81 0 0
463 80 0 0
462 80 0 0
461 80 0 0
460 80 0 0
459 80 0 0
458 80 0 0
457 80 0 0
163 80 0 0
162 80 0 0
161 80 0 0
160 80 0 0
159 80 0 0
158 80 0 0
157 80 0 0
463 79 0 0
462 79 0 0
461 79 0 0
460 79 0 0
459 79 0 0
458 79 0 0
457 79 0 0
163 79 0 0
162 79 0 0
161 79 0 0
160 79 0 0
159 79 0 0
158 79 0 0
157 79 0 0
462 78 0 0
461 78 0 0
460 78 0 0
459 78 0 0
458 78 0 0
457 78 0 0
456 78 0 0
455 78 0 0
163 78 0 0
162 78 0 0
161 78 0 0
160 78 0 0
159 78 0 0
158 78 0 0
157 78 0 0
461 77 0 0
460 77 0 0
459 77 0 0
458 77 0 0
457 77 0 0
456 77 0 0
455 77 0 0
454 77 0 0
163 77 0 0
162 77 0 0
161 77 0 0
160 77 0 0
159 77 0 0
158 77 0 0
157 77 0 0
459 76 0 0
458 76 0 0
457 76 0 0
456 76 0 0
455 76 0 0
454 76 0 0
453 76 0 0
163 76 0 0
162 76 0 0
161 76 0 0
160 76 0 0
159 76 0 0
158 76 0 0
157 76 0 0
459 75 0 0
458 75 0 0
457 75 0 0
456 75 0 0
455 75 0 0
454 75 0 0
453 75 0 0
163 75 0 0
162 75 0 0
161 75 0 0
160 75 0 0
159 75 0 0
158 75 0 0
157 75 0 0
458 74 0 0
457 74 0 0
456 74 0 0
455 74 0 0
454 74 0 0
453 74 0 0
452 74 0 0
451 74 0 0
450 74 0 0
163 74 0 0
162 74 0 0
161 74 0 0
160 74 0 0
159 74 0 0
158 74 0 0
157 74 0 0
456 73 0 0
455 73 0 0
454 73 0 0
453 73 0 0
452 73 0 0
451 73 0 0
450 73 0 0
449 73 0 0
164 73 0 0
163 73 0 0
162 73 0 0
161 73 0 0
160 73 0 0
159 73 0 0
454 72 0 0
453 72 0 0
452 72 0 0
451 72 0 0
450 72 0 0
449 72 0 0
448 72 0 0
447 72 0 0
164 72 0 0
163 72 0 0
162 72 0 0
161 72 0 0
160 72 0 0
159 72 0 0
453 71 0 0
452 71 0 0
451 71 0 0
450 71 0 0
449 71 0 0
448 71 0 0
447 71 0 0
446 71 0 0
164 71 0 0
163 71 0 0
162 71 0 0
161 71 0 0
160 71 0 0
159 71 0 0
453 70 0 0
452 70 0 0
451 70 0 0
450 70 0 0
449 70 0 0
448 70 0 0
447 70 0 0
446 70 0 0
164 70 0 0
163 70 0 0
162 70 0 0
161 70 0 0
160 70 0 0
159 70 0 0
452 69 0 0
451 69 0 0
450 69 0 0
449 69 0 0
448 69 0 0
447 69 0 0
446 69 0 0
445 69 0 0
164 69 0 0
163 69 0 0
162 69 0 0
161 69 0 0
160 69 0 0
159 69 0 0
450 68 0 0
449 68 0 0
448 68 0 0
447 68 0 0
446 68 0 0
445 68 0 0
444 68 0 0
164 68 0 0
163 68 0 0
162 68 0 0
161 68 0 0
160 68 0 0
159 68 0 0
449 67 0 0
448 67 0 0
447 67 0 0
446 67 0 0
445 67 0 0
444 67 0 0
443 67 0 0
442 67 0 0
164 67 0 0
163 67 0 0
162 67 0 0
161 67 0 0
160 67 0 0
159 67 0 0
449 66 0 0
448 66 0 0
447 66 0 0
446 66 0 0
445 66 0 0
444 66 0 0
443 66 0 0
442 66 0 0
164 66 0 0
163 66 0 0
162 66 0 0
161 66 0 0
160 66 0 0
159 66 0 0
448 65 0 0
447 65 0 0
446 65 0 0
445 65 0 0
444 65 0 0
443 65 0 0
442 65 0 0
441 65 0 0
166 65 0 0
165 65 0 0
164 65 0 0
163 65 0 0
162 65 0 0
161 65 0 0
160 65 0 0
446 64 0 0
445 64 0 0
444 64 0 0
443 64 0 0
442 64 0 0
441 64 0 0
440 64 0 0
439 64 0 0
438 64 0 0
166 64 0 0
165 64 0 0
164 64 0 0
163 64 0 0
162 64 0 0
161 64 0 0
160 64 0 0
444 63 0 0
443 63 0 0
442 63 0 0
441 63 0 0
440 63 0 0
439 63 0 0
438 63 0 0
437 63 0 0
166 63 0 0
165 63 0 0
164 63 0 0
163 63 0 0
162 63 0 0
161 63 0 0
160 63 0 0
444 62 0 0
443 62 0 0
442 62 0 0
441 62 0 0
440 62 0 0
439 62 0 0
438 62 0 0
437 62 0 0
166 62 0 0
165 62 0 0
164 62 0 0
163 62 0 0
162 62 0 0
161 62 0 0
160 62 0 0
443 61 0 0
442 61 0 0
441 61 0 0
440 61 0 0
439 61 0 0
438 61 0 0
437 61 0 0
436 61 0 0
166 61 0 0
165 61 0 0
164 61 0 0
163 61 0 0
162 61 0 0
161 61 0 0
160 61 0 0
441 60 0 0
440 60 0 0
439 60 0 0
438 60 0 0
437 60 0 0
436 60 0 0
435 60 0 0
434 60 0 0
166 60 0 0
165 60 0 0
164 60 0 0
163 60 0 0
162 60 0 0
161 60 0 0
160 60 0 0
440 59 0 0
439 59 0 0
438 59 0 0
437 59 0 0
436 59 0 0
435 59 0 0
434 59 0 0
433 59 0 0
432 59 0 0
166 59 0 0
165 59 0 0
164 59 0 0
163 59 0 0
162 59 0 0
161 59 0 0
160 59 0 0
439 58 0 0
438 58 0 0
437 58 0 0
436 58 0 0
435 58 0 0
434 58 0 0
433 58 0 0
432 58 0 0
431 58 0 0
430 58 0 0
429 58 0 0
167 58 0 0
166 58 0 0
165 58 0 0
164 58 0 0
163 58 0 0
162 58 0 0
161 58 0 0
439 57 0 0
438 57 0 0
437 57 0 0
436 57 0 0
435 57 0 0
434 57 0 0
433 57 0 0
432 57 0 0
431 57 0 0
430 57 0 0
429 57 0 0
167 57 0 0
166 57 0 0
165 57 0 0
164 57 0 0
163 57 0 0
162 57 0 0
161 57 0 0
437 56 0 0
436 56 0 0
435 56 0 0
434 56 0 0
433 56 0 0
432 56 0 0
431 56 0 0
430 56 0 0
429 56 0 0
428 56 0 0
167 56 0 0
166 56 0 0
165 56 0 0
164 56 0 0
163 56 0 0
162 56 0 0
161 56 0 0
436 55 0 0
435 55 0 0
434 55 0 0
433 55 0 0
432 55 0 0
431 55 0 0
430 55 0 0
429 55 0 0
428 55 0 0
427 55 0 0
167 55 0 0
166 55 0 0
165 55 0 0
164 55 0 0
163 55 0 0
162 55 0 0
161 55 0 0
433 54 0 0
432 54 0 0
431 54 0 0
430 54 0 0
429 54 0 0
428 54 0 0
427 54 0 0
426 54 0 0
425 54 0 0
167 54 0 0
166 54 0 0
165 54 0 0
164 54 0 0
163 54 0 0
162 54 0 0
161 54 0 0
433 53 0 0
432 53 0 0
431 53 0 0
430 53 0 0
429 53 0 0
428 53 0 0
427 53 0 0
426 53 0 0
425 53 0 0
167 53 0 0
166 53 0 0
165 53 0 0
164 53 0 0
163 53 0 0
162 53 0 0
161 53 0 0
431 52 0 0
430 52 0 0
429 52 0 0
428 52 0 0
427 52 0 0
167 52 0 0
166 52 0 0
165 52 0 0
164 52 0 0
163 52 0 0
162 52 0 0
161 52 0 0
428 51 0 0
167 51 0 0
166 51 0 0
165 51 0 0
164 51 0 0
163 51 0 0
162 51 0 0
161 51 0 0
168 50 0 0
167 50 0 0
166 50 0 0
165 50 0 0
164 50 0 0
163 50 0 0
168 49 0 0
167 49 0 0
166 49 0 0
165 49 0 0
164 49 0 0
163 49 0 0
168 48 0 0
167 48 0 0
166 48 0 0
165 48 0 0
164 48 0 0
163 48 0 0
168 47 0 0
167 47 0 0
166 47 0 0
165 47 0 0
164 47 0 0
163 47 0 0
168 46 0 0
167 46 0 0
166 46 0 0
165 46 0 0
164 46 0 0
163 46 0 0
168 45 0 0
167 45 0 0
166 45 0 0
165 45 0 0
164 45 0 0
163 45 0 0
168 44 0 0
167 44 0 0
166 44 0 0
165 44 0 0
164 44 0 0
163 44 0 0
167 43 0 0
166 43 0 0
165 43 0 0
164 43 0 0
166 42 0 0
165 42 0 0
