3598 450 600
252 532 0 0
251 532 0 0
253 531 0 0
252 531 0 0
251 531 0 0
250 531 0 0
249 531 0 0
253 530 0 0
252 530 0 0
251 530 0 0
250 530 0 0
249 530 0 0
256 529 0 0
255 529 0 0
254 529 0 0
253 529 0 0
252 529 0 0
251 529 0 0
250 529 0 0
249 529 0 0
248 529 0 0
257 528 0 0
256 528 0 0
255 528 0 0
254 528 0 0
253 528 0 0
252 528 0 0
251 528 0 0
250 528 0 0
249 528 0 0
259 527 0 0
258 527 0 0
257 527 0 0
256 527 0 0
255 527 0 0
254 527 0 0
253 527 0 0
252 527 0 0
251 527 0 0
263 526 0 0
262 526 0 0
261 526 0 0
260 526 0 0
259 526 0 0
258 526 0 0
257 526 0 0
256 526 0 0
255 526 0 0
254 526 0 0
253 526 0 0
267 525 0 0
266 525 0 0
265 525 0 0
264 525 0 0
263 525 0 0
262 525 0 0
261 525 0 0
260 525 0 0
259 525 0 0
258 525 0 0
257 525 0 0
256 525 0 0
255 525 0 0
254 525 0 0
267 524 0 0
266 524 0 0
265 524 0 0
264 524 0 0
263 524 0 0
262 524 0 0
261 524 0 0
260 524 0 0
259 524 0 0
258 524 0 0
257 524 0 0
256 524 0 0
255 524 0 0
254 524 0 0
269 523 0 0
268 523 0 0
267 523 0 0
266 523 0 0
265 523 0 0
264 523 0 0
263 523 0 0
262 523 0 0
261 523 0 0
260 523 0 0
259 523 0 0
258 523 0 0
257 523 0 0
273 522 0 0
272 522 0 0
271 522 0 0
270 522 0 0
269 522 0 0
268 522 0 0
267 522 0 0
266 522 0 0
265 522 0 0
264 522 0 0
263 522 0 0
262 522 0 0
261 522 0 0
260 522 0 0
259 522 0 0
258 522 0 0
277 521 0 0
276 521 0 0
275 521 0 0
274 521 0 0
273 521 0 0
272 521 0 0
271 521 0 0
270 521 0 0
269 521 0 0
268 521 0 0
267 521 0 0
266 521 0 0
265 521 0 0
264 521 0 0
263 521 0 0
262 521 0 0
261 521 0 0
260 521 0 0
280 520 0 0
279 520 0 0
278 520 0 0
277 520 0 0
276 520 0 0
275 520 0 0
274 520 0 0
273 520 0 0
272 520 0 0
271 520 0 0
270 520 0 0
269 520 0 0
268 520 0 0
267 520 0 0
266 520 0 0
265 520 0 0
264 520 0 0
284 519 0 0
283 519 0 0
282 519 0 0
281 519 0 0
280 519 0 0
279 519 0 0
278 519 0 0
277 519 0 0
276 519 0 0
275 519 0 0
274 519 0 0
273 519 0 0
272 519 0 0
271 519 0 0
270 519 0 0
269 519 0 0
268 519 0 0
284 518 0 0
283 518 0 0
282 518 0 0
281 518 0 0
280 518 0 0
279 518 0 0
278 518 0 0
277 518 0 0
276 518 0 0
275 518 0 0
274 518 0 0
273 518 0 0
272 518 0 0
271 518 0 0
270 518 0 0
269 518 0 0
268 518 0 0
286 517 0 0
285 517 0 0
284 517 0 0
283 517 0 0
282 517 0 0
281 517 0 0
280 517 0 0
279 517 0 0
278 517 0 0
277 517 0 0
276 517 0 0
275 517 0 0
274 517 0 0
273 517 0 0
272 517 0 0
271 517 0 0
270 517 0 0
290 516 0 0
289 516 0 0
288 516 0 0
287 516 0 0
286 516 0 0
285 516 0 0
284 516 0 0
283 516 0 0
282 516 0 0
281 516 0 0
280 516 0 0
279 516 0 0
278 516 0 0
277 516 0 0
276 516 0 0
275 516 0 0
274 516 0 0
294 515 0 0
293 515 0 0
292 515 0 0
291 515 0 0
290 515 0 0
289 515 0 0
288 515 0 0
287 515 0 0
286 515 0 0
285 515 0 0
284 515 0 0
283 515 0 0
282 515 0 0
281 515 0 0
280 515 0 0
279 515 0 0
278 515 0 0
297 514 0 0
296 514 0 0
295 514 0 0
294 514 0 0
293 514 0 0
292 514 0 0
291 514 0 0
290 514 0 0
289 514 0 0
288 514 0 0
287 514 0 0
286 514 0 0
285 514 0 0
284 514 0 0
283 514 0 0
282 514 0 0
281 514 0 0
297 513 0 0
296 513 0 0
295 513 0 0
294 513 0 0
293 513 0 0
292 513 0 0
291 513 0 0
290 513 0 0
289 513 0 0
288 513 0 0
287 513 0 0
286 513 0 0
285 513 0 0
284 513 0 0
283 513 0 0
282 513 0 0
281 513 0 0
301 512 0 0
300 512 0 0
299 512 0 0
298 512 0 0
297 512 0 0
296 512 0 0
295 512 0 0
294 512 0 0
293 512 0 0
292 512 0 0
291 512 0 0
290 512 0 0
289 512 0 0
288 512 0 0
287 512 0 0
286 512 0 0
285 512 0 0
305 511 0 0
304 511 0 0
303 511 0 0
302 511 0 0
301 511 0 0
300 511 0 0
299 511 0 0
298 511 0 0
297 511 0 0
296 511 0 0
295 511 0 0
294 511 0 0
293 511 0 0
292 511 0 0
291 511 0 0
290 511 0 0
289 511 0 0
288 511 0 0
287 511 0 0
307 510 0 0
306 510 0 0
305 510 0 0
304 510 0 0
303 510 0 0
302 510 0 0
301 510 0 0
300 510 0 0
299 510 0 0
298 510 0 0
297 510 0 0
296 510 0 0
295 510 0 0
294 510 0 0
293 510 0 0
292 510 0 0
291 510 0 0
311 509 0 0
310 509 0 0
309 509 0 0
308 509 0 0
307 509 0 0
306 509 0 0
305 509 0 0
304 509 0 0
303 509 0 0
302 509 0 0
301 509 0 0
300 509 0 0
299 509 0 0
298 509 0 0
297 509 0 0
296 509 0 0
295 509 0 0
314 508 0 0
313 508 0 0
312 508 0 0
311 508 0 0
310 508 0 0
309 508 0 0
308 508 0 0
307 508 0 0
306 508 0 0
305 508 0 0
304 508 0 0
303 508 0 0
302 508 0 0
301 508 0 0
300 508 0 0
299 508 0 0
298 508 0 0
314 507 0 0
313 507 0 0
312 507 0 0
311 507 0 0
310 507 0 0
309 507 0 0
308 507 0 0
307 507 0 0
306 507 0 0
305 507 0 0
304 507 0 0
303 507 0 0
302 507 0 0
301 507 0 0
300 507 0 0
299 507 0 0
298 507 0 0
318 506 0 0
317 506 0 0
316 506 0 0
315 506 0 0
314 506 0 0
313 506 0 0
312 506 0 0
311 506 0 0
310 506 0 0
309 506 0 0
308 506 0 0
307 506 0 0
306 506 0 0
305 506 0 0
304 506 0 0
303 506 0 0
302 506 0 0
322 505 0 0
321 505 0 0
320 505 0 0
319 505 0 0
318 505 0 0
317 505 0 0
316 505 0 0
315 505 0 0
314 505 0 0
313 505 0 0
312 505 0 0
311 505 0 0
310 505 0 0
309 505 0 0
308 505 0 0
307 505 0 0
306 505 0 0
305 505 0 0
304 505 0 0
324 504 0 0
323 504 0 0
322 504 0 0
321 504 0 0
320 504 0 0
319 504 0 0
318 504 0 0
317 504 0 0
316 504 0 0
315 504 0 0
314 504 0 0
313 504 0 0
312 504 0 0
311 504 0 0
310 504 0 0
309 504 0 0
308 504 0 0
328 503 0 0
327 503 0 0
326 503 0 0
325 503 0 0
324 503 0 0
323 503 0 0
322 503 0 0
321 503 0 0
320 503 0 0
319 503 0 0
318 503 0 0
317 503 0 0
316 503 0 0
315 503 0 0
314 503 0 0
313 503 0 0
312 503 0 0
328 502 0 0
327 502 0 0
326 502 0 0
325 502 0 0
324 502 0 0
323 502 0 0
322 502 0 0
321 502 0 0
320 502 0 0
319 502 0 0
318 502 0 0
317 502 0 0
316 502 0 0
315 502 0 0
314 502 0 0
313 502 0 0
312 502 0 0
332 501 0 0
331 501 0 0
330 501 0 0
329 501 0 0
328 501 0 0
327 501 0 0
326 501 0 0
325 501 0 0
324 501 0 0
323 501 0 0
322 501 0 0
321 501 0 0
320 501 0 0
319 501 0 0
318 501 0 0
317 501 0 0
316 501 0 0
315 501 0 0
335 500 0 0
334 500 0 0
333 500 0 0
332 500 0 0
331 500 0 0
330 500 0 0
329 500 0 0
328 500 0 0
327 500 0 0
326 500 0 0
325 500 0 0
324 500 0 0
323 500 0 0
322 500 0 0
321 500 0 0
320 500 0 0
319 500 0 0
339 499 0 0
338 499 0 0
337 499 0 0
336 499 0 0
335 499 0 0
334 499 0 0
333 499 0 0
332 499 0 0
331 499 0 0
330 499 0 0
329 499 0 0
328 499 0 0
327 499 0 0
326 499 0 0
325 499 0 0
324 499 0 0
323 499 0 0
343 498 0 0
342 498 0 0
341 498 0 0
340 498 0 0
339 498 0 0
338 498 0 0
337 498 0 0
336 498 0 0
335 498 0 0
334 498 0 0
333 498 0 0
332 498 0 0
331 498 0 0
330 498 0 0
329 498 0 0
328 498 0 0
327 498 0 0
326 498 0 0
325 498 0 0
345 497 0 0
344 497 0 0
343 497 0 0
342 497 0 0
341 497 0 0
340 497 0 0
339 497 0 0
338 497 0 0
337 497 0 0
336 497 0 0
335 497 0 0
334 497 0 0
333 497 0 0
332 497 0 0
331 497 0 0
330 497 0 0
329 497 0 0
345 496 0 0
344 496 0 0
343 496 0 0
342 496 0 0
341 496 0 0
340 496 0 0
339 496 0 0
338 496 0 0
337 496 0 0
336 496 0 0
335 496 0 0
334 496 0 0
333 496 0 0
332 496 0 0
331 496 0 0
330 496 0 0
329 496 0 0
349 495 0 0
348 495 0 0
347 495 0 0
346 495 0 0
345 495 0 0
344 495 0 0
343 495 0 0
342 495 0 0
341 495 0 0
340 495 0 0
339 495 0 0
338 495 0 0
337 495 0 0
336 495 0 0
335 495 0 0
334 495 0 0
333 495 0 0
352 494 0 0
351 494 0 0
350 494 0 0
349 494 0 0
348 494 0 0
347 494 0 0
346 494 0 0
345 494 0 0
344 494 0 0
343 494 0 0
342 494 0 0
341 494 0 0
340 494 0 0
339 494 0 0
338 494 0 0
337 494 0 0
336 494 0 0
356 493 0 0
355 493 0 0
354 493 0 0
353 493 0 0
352 493 0 0
351 493 0 0
350 493 0 0
349 493 0 0
348 493 0 0
347 493 0 0
346 493 0 0
345 493 0 0
344 493 0 0
343 493 0 0
342 493 0 0
341 493 0 0
340 493 0 0
360 492 0 0
359 492 0 0
358 492 0 0
357 492 0 0
356 492 0 0
355 492 0 0
354 492 0 0
353 492 0 0
352 492 0 0
351 492 0 0
350 492 0 0
349 492 0 0
348 492 0 0
347 492 0 0
346 492 0 0
345 492 0 0
344 492 0 0
343 492 0 0
342 492 0 0
360 491 0 0
359 491 0 0
358 491 0 0
357 491 0 0
356 491 0 0
355 491 0 0
354 491 0 0
353 491 0 0
352 491 0 0
351 491 0 0
350 491 0 0
349 491 0 0
348 491 0 0
347 491 0 0
346 491 0 0
345 491 0 0
344 491 0 0
343 491 0 0
342 491 0 0
362 490 0 0
361 490 0 0
360 490 0 0
359 490 0 0
358 490 0 0
357 490 0 0
356 490 0 0
355 490 0 0
354 490 0 0
353 490 0 0
352 490 0 0
351 490 0 0
350 490 0 0
349 490 0 0
348 490 0 0
347 490 0 0
346 490 0 0
366 489 0 0
365 489 0 0
364 489 0 0
363 489 0 0
362 489 0 0
361 489 0 0
360 489 0 0
359 489 0 0
358 489 0 0
357 489 0 0
356 489 0 0
355 489 0 0
354 489 0 0
353 489 0 0
352 489 0 0
351 489 0 0
350 489 0 0
370 488 0 0
369 488 0 0
368 488 0 0
367 488 0 0
366 488 0 0
365 488 0 0
364 488 0 0
363 488 0 0
362 488 0 0
361 488 0 0
360 488 0 0
359 488 0 0
358 488 0 0
357 488 0 0
356 488 0 0
355 488 0 0
354 488 0 0
353 488 0 0
373 487 0 0
372 487 0 0
371 487 0 0
370 487 0 0
369 487 0 0
368 487 0 0
367 487 0 0
366 487 0 0
365 487 0 0
364 487 0 0
363 487 0 0
362 487 0 0
361 487 0 0
360 487 0 0
359 487 0 0
358 487 0 0
357 487 0 0
377 486 0 0
376 486 0 0
375 486 0 0
374 486 0 0
373 486 0 0
372 486 0 0
371 486 0 0
370 486 0 0
369 486 0 0
368 486 0 0
367 486 0 0
366 486 0 0
365 486 0 0
364 486 0 0
363 486 0 0
362 486 0 0
361 486 0 0
377 485 0 0
376 485 0 0
375 485 0 0
374 485 0 0
373 485 0 0
372 485 0 0
371 485 0 0
370 485 0 0
369 485 0 0
368 485 0 0
367 485 0 0
366 485 0 0
365 485 0 0
364 485 0 0
363 485 0 0
362 485 0 0
361 485 0 0
379 484 0 0
378 484 0 0
377 484 0 0
376 484 0 0
375 484 0 0
374 484 0 0
373 484 0 0
372 484 0 0
371 484 0 0
370 484 0 0
369 484 0 0
368 484 0 0
367 484 0 0
366 484 0 0
365 484 0 0
364 484 0 0
363 484 0 0
383 483 0 0
382 483 0 0
381 483 0 0
380 483 0 0
379 483 0 0
378 483 0 0
377 483 0 0
376 483 0 0
375 483 0 0
374 483 0 0
373 483 0 0
372 483 0 0
371 483 0 0
370 483 0 0
369 483 0 0
368 483 0 0
367 483 0 0
387 482 0 0
386 482 0 0
385 482 0 0
384 482 0 0
383 482 0 0
382 482 0 0
381 482 0 0
380 482 0 0
379 482 0 0
378 482 0 0
377 482 0 0
376 482 0 0
375 482 0 0
374 482 0 0
373 482 0 0
372 482 0 0
371 482 0 0
389 481 0 0
388 481 0 0
387 481 0 0
386 481 0 0
385 481 0 0
384 481 0 0
383 481 0 0
382 481 0 0
381 481 0 0
380 481 0 0
379 481 0 0
378 481 0 0
377 481 0 0
376 481 0 0
375 481 0 0
374 481 0 0
389 480 0 0
388 480 0 0
387 480 0 0
386 480 0 0
385 480 0 0
384 480 0 0
383 480 0 0
382 480 0 0
381 480 0 0
380 480 0 0
379 480 0 0
378 480 0 0
377 480 0 0
376 480 0 0
375 480 0 0
374 480 0 0
390 479 0 0
389 479 0 0
388 479 0 0
387 479 0 0
386 479 0 0
385 479 0 0
384 479 0 0
383 479 0 0
382 479 0 0
381 479 0 0
380 479 0 0
379 479 0 0
378 479 0 0
392 478 0 0
391 478 0 0
390 478 0 0
389 478 0 0
388 478 0 0
387 478 0 0
386 478 0 0
385 478 0 0
384 478 0 0
383 478 0 0
382 478 0 0
381 478 0 0
380 478 0 0
393 477 0 0
392 477 0 0
391 477 0 0
390 477 0 0
389 477 0 0
388 477 0 0
387 477 0 0
386 477 0 0
385 477 0 0
384 477 0 0
394 476 0 0
393 476 0 0
392 476 0 0
391 476 0 0
390 476 0 0
389 476 0 0
388 476 0 0
395 475 0 0
394 475 0 0
393 475 0 0
392 475 0 0
391 475 0 0
390 475 0 0
389 475 0 0
395 474 0 0
394 474 0 0
393 474 0 0
392 474 0 0
391 474 0 0
390 474 0 0
389 474 0 0
395 473 0 0
394 473 0 0
393 473 0 0
392 473 0 0
391 473 0 0
390 473 0 0
394 472 0 0
393 472 0 0
392 472 0 0
391 472 0 0
393 471 0 0
251 376 0 1
252 375 0 1
251 375 0 1
250 375 0 1
249 375 0 1
252 374 0 1
251 374 0 1
250 374 0 1
249 374 0 1
253 373 0 1
252 373 0 1
251 373 0 1
250 373 0 1
249 373 0 1
248 373 0 1
253 372 0 1
252 372 0 1
251 372 0 1
250 372 0 1
249 372 0 1
248 372 0 1
253 371 0 1
252 371 0 1
251 371 0 1
250 371 0 1
249 371 0 1
248 371 0 1
253 370 0 1
252 370 0 1
251 370 0 1
250 370 0 1
249 370 0 1
248 370 0 1
253 369 0 1
252 369 0 1
251 369 0 1
250 369 0 1
249 369 0 1
248 369 0 1
253 368 0 1
252 368 0 1
251 368 0 1
250 368 0 1
249 368 0 1
248 368 0 1
253 367 0 1
252 367 0 1
251 367 0 1
250 367 0 1
249 367 0 1
248 367 0 1
253 366 0 1
252 366 0 1
251 366 0 1
250 366 0 1
249 366 0 1
248 366 0 1
253 365 0 1
252 365 0 1
251 365 0 1
250 365 0 1
249 365 0 1
248 365 0 1
253 364 0 1
252 364 0 1
251 364 0 1
250 364 0 1
249 364 0 1
248 364 0 1
253 363 0 1
252 363 0 1
251 363 0 1
250 363 0 1
249 363 0 1
248 363 0 1
253 362 0 1
252 362 0 1
251 362 0 1
250 362 0 1
249 362 0 1
248 362 0 1
253 361 0 1
252 361 0 1
251 361 0 1
250 361 0 1
249 361 0 1
248 361 0 1
253 360 0 1
252 360 0 1
251 360 0 1
250 360 0 1
249 360 0 1
248 360 0 1
252 359 0 1
251 359 0 1
250 359 0 1
249 359 0 1
248 359 0 1
247 359 0 1
252 358 0 1
251 358 0 1
250 358 0 1
249 358 0 1
248 358 0 1
247 358 0 1
252 357 0 1
251 357 0 1
250 357 0 1
249 357 0 1
248 357 0 1
247 357 0 1
252 356 0 1
251 356 0 1
250 356 0 1
249 356 0 1
248 356 0 1
247 356 0 1
252 355 0 1
251 355 0 1
250 355 0 1
249 355 0 1
248 355 0 1
247 355 0 1
252 354 0 1
251 354 0 1
250 354 0 1
249 354 0 1
248 354 0 1
247 354 0 1
252 353 0 1
251 353 0 1
250 353 0 1
249 353 0 1
248 353 0 1
247 353 0 1
252 352 0 1
251 352 0 1
250 352 0 1
249 352 0 1
248 352 0 1
247 352 0 1
252 351 0 1
251 351 0 1
250 351 0 1
249 351 0 1
248 351 0 1
247 351 0 1
252 350 0 1
251 350 0 1
250 350 0 1
249 350 0 1
248 350 0 1
247 350 0 1
252 349 0 1
251 349 0 1
250 349 0 1
249 349 0 1
248 349 0 1
247 349 0 1
252 348 0 1
251 348 0 1
250 348 0 1
249 348 0 1
248 348 0 1
247 348 0 1
252 347 0 1
251 347 0 1
250 347 0 1
249 347 0 1
248 347 0 1
247 347 0 1
252 346 0 1
251 346 0 1
250 346 0 1
249 346 0 1
248 346 0 1
247 346 0 1
252 345 0 1
251 345 0 1
250 345 0 1
249 345 0 1
248 345 0 1
247 345 0 1
252 344 0 1
251 344 0 1
250 344 0 1
249 344 0 1
248 344 0 1
247 344 0 1
252 343 0 1
251 343 0 1
250 343 0 1
249 343 0 1
248 343 0 1
247 343 0 1
252 342 0 1
251 342 0 1
250 342 0 1
249 342 0 1
248 342 0 1
247 342 0 1
252 341 0 1
251 341 0 1
250 341 0 1
249 341 0 1
248 341 0 1
247 341 0 1
252 340 0 1
251 340 0 1
250 340 0 1
249 340 0 1
248 340 0 1
247 340 0 1
252 339 0 1
251 339 0 1
250 339 0 1
249 339 0 1
248 339 0 1
247 339 0 1
251 338 0 1
250 338 0 1
249 338 0 1
248 338 0 1
247 338 0 1
246 338 0 1
251 337 0 1
250 337 0 1
249 337 0 1
248 337 0 1
247 337 0 1
246 337 0 1
251 336 0 1
250 336 0 1
249 336 0 1
248 336 0 1
247 336 0 1
246 336 0 1
251 335 0 1
250 335 0 1
249 335 0 1
248 335 0 1
247 335 0 1
246 335 0 1
251 334 0 1
250 334 0 1
249 334 0 1
248 334 0 1
247 334 0 1
246 334 0 1
251 333 0 1
250 333 0 1
249 333 0 1
248 333 0 1
247 333 0 1
246 333 0 1
251 332 0 1
250 332 0 1
249 332 0 1
248 332 0 1
247 332 0 1
246 332 0 1
251 331 0 1
250 331 0 1
249 331 0 1
248 331 0 1
247 331 0 1
246 331 0 1
251 330 0 1
250 330 0 1
249 330 0 1
248 330 0 1
247 330 0 1
246 330 0 1
251 329 0 1
250 329 0 1
249 329 0 1
248 329 0 1
247 329 0 1
246 329 0 1
251 328 0 1
250 328 0 1
249 328 0 1
248 328 0 1
247 328 0 1
246 328 0 1
251 327 0 1
250 327 0 1
249 327 0 1
248 327 0 1
247 327 0 1
246 327 0 1
251 326 0 1
250 326 0 1
249 326 0 1
248 326 0 1
247 326 0 1
246 326 0 1
251 325 0 1
250 325 0 1
249 325 0 1
248 325 0 1
247 325 0 1
246 325 0 1
251 324 0 1
250 324 0 1
249 324 0 1
248 324 0 1
247 324 0 1
246 324 0 1
251 323 0 1
250 323 0 1
249 323 0 1
248 323 0 1
247 323 0 1
246 323 0 1
251 322 0 1
250 322 0 1
249 322 0 1
248 322 0 1
247 322 0 1
246 322 0 1
251 321 0 1
250 321 0 1
249 321 0 1
248 321 0 1
247 321 0 1
246 321 0 1
250 320 0 1
249 320 0 1
248 320 0 1
247 320 0 1
246 320 0 1
245 320 0 1
250 319 0 1
249 319 0 1
248 319 0 1
247 319 0 1
246 319 0 1
245 319 0 1
250 318 0 1
249 318 0 1
248 318 0 1
247 318 0 1
246 318 0 1
245 318 0 1
250 317 0 1
249 317 0 1
248 317 0 1
247 317 0 1
246 317 0 1
245 317 0 1
250 316 0 1
249 316 0 1
248 316 0 1
247 316 0 1
246 316 0 1
245 316 0 1
250 315 0 1
249 315 0 1
248 315 0 1
247 315 0 1
246 315 0 1
245 315 0 1
250 314 0 1
249 314 0 1
248 314 0 1
247 314 0 1
246 314 0 1
245 314 0 1
250 313 0 1
249 313 0 1
248 313 0 1
247 313 0 1
246 313 0 1
245 313 0 1
250 312 0 1
249 312 0 1
248 312 0 1
247 312 0 1
246 312 0 1
245 312 0 1
250 311 0 1
249 311 0 1
248 311 0 1
247 311 0 1
246 311 0 1
245 311 0 1
250 310 0 1
249 310 0 1
248 310 0 1
247 310 0 1
246 310 0 1
245 310 0 1
250 309 0 1
249 309 0 1
248 309 0 1
247 309 0 1
246 309 0 1
245 309 0 1
250 308 0 1
249 308 0 1
248 308 0 1
247 308 0 1
246 308 0 1
245 308 0 1
250 307 0 1
249 307 0 1
248 307 0 1
247 307 0 1
246 307 0 1
245 307 0 1
250 306 0 1
249 306 0 1
248 306 0 1
247 306 0 1
246 306 0 1
245 306 0 1
250 305 0 1
249 305 0 1
248 305 0 1
247 305 0 1
246 305 0 1
245 305 0 1
250 304 0 1
249 304 0 1
248 304 0 1
247 304 0 1
246 304 0 1
245 304 0 1
250 303 0 1
249 303 0 1
248 303 0 1
247 303 0 1
246 303 0 1
245 303 0 1
250 302 0 1
249 302 0 1
248 302 0 1
247 302 0 1
246 302 0 1
245 302 0 1
250 301 0 1
249 301 0 1
248 301 0 1
247 301 0 1
246 301 0 1
245 301 0 1
250 300 0 1
249 300 0 1
248 300 0 1
247 300 0 1
246 300 0 1
245 300 0 1
248 299 0 1
247 299 0 1
246 299 0 1
245 299 0 1
244 299 0 1
243 299 0 1
248 298 0 1
247 298 0 1
246 298 0 1
245 298 0 1
244 298 0 1
243 298 0 1
248 297 0 1
247 297 0 1
246 297 0 1
245 297 0 1
244 297 0 1
243 297 0 1
248 296 0 1
247 296 0 1
246 296 0 1
245 296 0 1
244 296 0 1
243 296 0 1
248 295 0 1
247 295 0 1
246 295 0 1
245 295 0 1
244 295 0 1
243 295 0 1
248 294 0 1
247 294 0 1
246 294 0 1
245 294 0 1
244 294 0 1
243 294 0 1
248 293 0 1
247 293 0 1
246 293 0 1
245 293 0 1
244 293 0 1
243 293 0 1
248 292 0 1
247 292 0 1
246 292 0 1
245 292 0 1
244 292 0 1
243 292 0 1
248 291 0 1
247 291 0 1
246 291 0 1
245 291 0 1
244 291 0 1
243 291 0 1
248 290 0 1
247 290 0 1
246 290 0 1
245 290 0 1
244 290 0 1
243 290 0 1
248 289 0 1
247 289 0 1
246 289 0 1
245 289 0 1
244 289 0 1
243 289 0 1
248 288 0 1
247 288 0 1
246 288 0 1
245 288 0 1
244 288 0 1
243 288 0 1
248 287 0 1
247 287 0 1
246 287 0 1
245 287 0 1
244 287 0 1
243 287 0 1
248 286 0 1
247 286 0 1
246 286 0 1
245 286 0 1
244 286 0 1
243 286 0 1
248 285 0 1
247 285 0 1
246 285 0 1
245 285 0 1
244 285 0 1
243 285 0 1
248 284 0 1
247 284 0 1
246 284 0 1
245 284 0 1
244 284 0 1
243 284 0 1
248 283 0 1
247 283 0 1
246 283 0 1
245 283 0 1
244 283 0 1
243 283 0 1
248 282 0 1
247 282 0 1
246 282 0 1
245 282 0 1
244 282 0 1
243 282 0 1
247 281 0 1
246 281 0 1
245 281 0 1
247 280 0 1
246 280 0 1
245 280 0 1
246 279 0 1
87 273 0 0
88 272 0 0
87 272 0 0
86 272 0 0
426 271 0 0
89 271 0 0
88 271 0 0
87 271 0 0
86 271 0 0
85 271 0 0
84 271 0 0
427 270 0 0
426 270 0 0
425 270 0 0
424 270 0 0
89 270 0 0
88 270 0 0
87 270 0 0
86 270 0 0
85 270 0 0
84 270 0 0
428 269 0 0
427 269 0 0
426 269 0 0
425 269 0 0
424 269 0 0
423 269 0 0
89 269 0 0
88 269 0 0
87 269 0 0
86 269 0 0
85 269 0 0
84 269 0 0
428 268 0 0
427 268 0 0
426 268 0 0
425 268 0 0
424 268 0 0
423 268 0 0
89 268 0 0
88 268 0 0
87 268 0 0
86 268 0 0
85 268 0 0
84 268 0 0
428 267 0 0
427 267 0 0
426 267 0 0
425 267 0 0
424 267 0 0
423 267 0 0
91 267 0 0
90 267 0 0
89 267 0 0
88 267 0 0
87 267 0 0
86 267 0 0
427 266 0 0
426 266 0 0
425 266 0 0
424 266 0 0
423 266 0 0
422 266 0 0
91 266 0 0
90 266 0 0
89 266 0 0
88 266 0 0
87 266 0 0
86 266 0 0
427 265 0 0
426 265 0 0
425 265 0 0
424 265 0 0
423 265 0 0
422 265 0 0
91 265 0 0
90 265 0 0
89 265 0 0
88 265 0 0
87 265 0 0
86 265 0 0
427 264 0 0
426 264 0 0
425 264 0 0
424 264 0 0
423 264 0 0
422 264 0 0
92 264 0 0
91 264 0 0
90 264 0 0
89 264 0 0
88 264 0 0
87 264 0 0
86 264 0 0
427 263 0 0
426 263 0 0
425 263 0 0
424 263 0 0
423 263 0 0
422 263 0 0
92 263 0 0
91 263 0 0
90 263 0 0
89 263 0 0
88 263 0 0
87 263 0 0
86 263 0 0
426 262 0 0
425 262 0 0
424 262 0 0
423 262 0 0
422 262 0 0
421 262 0 0
92 262 0 0
91 262 0 0
90 262 0 0
89 262 0 0
88 262 0 0
87 262 0 0
426 261 0 0
425 261 0 0
424 261 0 0
423 261 0 0
422 261 0 0
421 261 0 0
92 261 0 0
91 261 0 0
90 261 0 0
89 261 0 0
88 261 0 0
87 261 0 0
425 260 0 0
424 260 0 0
423 260 0 0
422 260 0 0
421 260 0 0
420 260 0 0
419 260 0 0
92 260 0 0
91 260 0 0
90 260 0 0
89 260 0 0
88 260 0 0
87 260 0 0
425 259 0 0
424 259 0 0
423 259 0 0
422 259 0 0
421 259 0 0
420 259 0 0
419 259 0 0
418 259 0 0
92 259 0 0
91 259 0 0
90 259 0 0
89 259 0 0
88 259 0 0
87 259 0 0
423 258 0 0
422 258 0 0
421 258 0 0
420 258 0 0
419 258 0 0
418 258 0 0
93 258 0 0
92 258 0 0
91 258 0 0
90 258 0 0
89 258 0 0
88 258 0 0
423 257 0 0
422 257 0 0
421 257 0 0
420 257 0 0
419 257 0 0
418 257 0 0
93 257 0 0
92 257 0 0
91 257 0 0
90 257 0 0
89 257 0 0
88 257 0 0
423 256 0 0
422 256 0 0
421 256 0 0
420 256 0 0
419 256 0 0
418 256 0 0
93 256 0 0
92 256 0 0
91 256 0 0
90 256 0 0
89 256 0 0
88 256 0 0
422 255 0 0
421 255 0 0
420 255 0 0
419 255 0 0
418 255 0 0
417 255 0 0
93 255 0 0
92 255 0 0
91 255 0 0
90 255 0 0
89 255 0 0
88 255 0 0
422 254 0 0
421 254 0 0
420 254 0 0
419 254 0 0
418 254 0 0
417 254 0 0
94 254 0 0
93 254 0 0
92 254 0 0
91 254 0 0
90 254 0 0
89 254 0 0
421 253 0 0
420 253 0 0
419 253 0 0
418 253 0 0
417 253 0 0
416 253 0 0
96 253 0 0
95 253 0 0
94 253 0 0
93 253 0 0
92 253 0 0
91 253 0 0
90 253 0 0
89 253 0 0
421 252 0 0
420 252 0 0
419 252 0 0
418 252 0 0
417 252 0 0
416 252 0 0
96 252 0 0
95 252 0 0
94 252 0 0
93 252 0 0
92 252 0 0
91 252 0 0
90 252 0 0
89 252 0 0
421 251 0 0
420 251 0 0
419 251 0 0
418 251 0 0
417 251 0 0
416 251 0 0
96 251 0 0
95 251 0 0
94 251 0 0
93 251 0 0
92 251 0 0
91 251 0 0
90 251 0 0
420 250 0 0
419 250 0 0
418 250 0 0
417 250 0 0
416 250 0 0
415 250 0 0
97 250 0 0
96 250 0 0
95 250 0 0
94 250 0 0
93 250 0 0
92 250 0 0
420 249 0 0
419 249 0 0
418 249 0 0
417 249 0 0
416 249 0 0
415 249 0 0
98 249 0 0
97 249 0 0
96 249 0 0
95 249 0 0
94 249 0 0
93 249 0 0
420 248 0 0
419 248 0 0
418 248 0 0
417 248 0 0
416 248 0 0
415 248 0 0
414 248 0 0
413 248 0 0
99 248 0 0
98 248 0 0
97 248 0 0
96 248 0 0
95 248 0 0
94 248 0 0
93 248 0 0
418 247 0 0
417 247 0 0
416 247 0 0
415 247 0 0
414 247 0 0
413 247 0 0
99 247 0 0
98 247 0 0
97 247 0 0
96 247 0 0
95 247 0 0
94 247 0 0
418 246 0 0
417 246 0 0
416 246 0 0
415 246 0 0
414 246 0 0
413 246 0 0
99 246 0 0
98 246 0 0
97 246 0 0
96 246 0 0
95 246 0 0
94 246 0 0
417 245 0 0
416 245 0 0
415 245 0 0
414 245 0 0
413 245 0 0
412 245 0 0
100 245 0 0
99 245 0 0
98 245 0 0
97 245 0 0
96 245 0 0
95 245 0 0
417 244 0 0
416 244 0 0
415 244 0 0
414 244 0 0
413 244 0 0
412 244 0 0
102 244 0 0
101 244 0 0
100 244 0 0
99 244 0 0
98 244 0 0
97 244 0 0
417 243 0 0
416 243 0 0
415 243 0 0
414 243 0 0
413 243 0 0
412 243 0 0
103 243 0 0
102 243 0 0
101 243 0 0
100 243 0 0
99 243 0 0
98 243 0 0
416 242 0 0
415 242 0 0
414 242 0 0
413 242 0 0
412 242 0 0
411 242 0 0
103 242 0 0
102 242 0 0
101 242 0 0
100 242 0 0
99 242 0 0
98 242 0 0
416 241 0 0
415 241 0 0
414 241 0 0
413 241 0 0
412 241 0 0
411 241 0 0
103 241 0 0
102 241 0 0
101 241 0 0
100 241 0 0
99 241 0 0
98 241 0 0
416 240 0 0
415 240 0 0
414 240 0 0
413 240 0 0
412 240 0 0
411 240 0 0
104 240 0 0
103 240 0 0
102 240 0 0
101 240 0 0
100 240 0 0
99 240 0 0
415 239 0 0
414 239 0 0
413 239 0 0
412 239 0 0
411 239 0 0
410 239 0 0
105 239 0 0
104 239 0 0
103 239 0 0
102 239 0 0
101 239 0 0
100 239 0 0
415 238 0 0
414 238 0 0
413 238 0 0
412 238 0 0
411 238 0 0
410 238 0 0
107 238 0 0
106 238 0 0
105 238 0 0
104 238 0 0
103 238 0 0
102 238 0 0
101 238 0 0
414 237 0 0
413 237 0 0
412 237 0 0
411 237 0 0
410 237 0 0
409 237 0 0
408 237 0 0
107 237 0 0
106 237 0 0
105 237 0 0
104 237 0 0
103 237 0 0
102 237 0 0
101 237 0 0
414 236 0 0
413 236 0 0
412 236 0 0
411 236 0 0
410 236 0 0
409 236 0 0
408 236 0 0
108 236 0 0
107 236 0 0
106 236 0 0
105 236 0 0
104 236 0 0
103 236 0 0
414 235 0 0
413 235 0 0
412 235 0 0
411 235 0 0
410 235 0 0
409 235 0 0
408 235 0 0
108 235 0 0
107 235 0 0
106 235 0 0
105 235 0 0
104 235 0 0
103 235 0 0
412 234 0 0
411 234 0 0
410 234 0 0
409 234 0 0
408 234 0 0
407 234 0 0
109 234 0 0
108 234 0 0
107 234 0 0
106 234 0 0
105 234 0 0
104 234 0 0
412 233 0 0
411 233 0 0
410 233 0 0
409 233 0 0
408 233 0 0
407 233 0 0
110 233 0 0
109 233 0 0
108 233 0 0
107 233 0 0
106 233 0 0
105 233 0 0
411 232 0 0
410 232 0 0
409 232 0 0
408 232 0 0
407 232 0 0
406 232 0 0
110 232 0 0
109 232 0 0
108 232 0 0
107 232 0 0
106 232 0 0
105 232 0 0
411 231 0 0
410 231 0 0
409 231 0 0
408 231 0 0
407 231 0 0
406 231 0 0
111 231 0 0
110 231 0 0
109 231 0 0
108 231 0 0
107 231 0 0
106 231 0 0
411 230 0 0
410 230 0 0
409 230 0 0
408 230 0 0
407 230 0 0
406 230 0 0
111 230 0 0
110 230 0 0
109 230 0 0
108 230 0 0
107 230 0 0
106 230 0 0
410 229 0 0
409 229 0 0
408 229 0 0
407 229 0 0
406 229 0 0
405 229 0 0
113 229 0 0
112 229 0 0
111 229 0 0
110 229 0 0
109 229 0 0
108 229 0 0
410 228 0 0
409 228 0 0
408 228 0 0
407 228 0 0
406 228 0 0
405 228 0 0
114 228 0 0
113 228 0 0
112 228 0 0
111 228 0 0
110 228 0 0
109 228 0 0
410 227 0 0
409 227 0 0
408 227 0 0
407 227 0 0
406 227 0 0
405 227 0 0
114 227 0 0
113 227 0 0
112 227 0 0
111 227 0 0
110 227 0 0
109 227 0 0
409 226 0 0
408 226 0 0
407 226 0 0
406 226 0 0
405 226 0 0
404 226 0 0
115 226 0 0
114 226 0 0
113 226 0 0
112 226 0 0
111 226 0 0
110 226 0 0
407 225 0 0
406 225 0 0
405 225 0 0
404 225 0 0
403 225 0 0
402 225 0 0
116 225 0 0
115 225 0 0
114 225 0 0
113 225 0 0
112 225 0 0
111 225 0 0
407 224 0 0
406 224 0 0
405 224 0 0
404 224 0 0
403 224 0 0
402 224 0 0
116 224 0 0
115 224 0 0
114 224 0 0
113 224 0 0
112 224 0 0
111 224 0 0
407 223 0 0
406 223 0 0
405 223 0 0
404 223 0 0
403 223 0 0
402 223 0 0
118 223 0 0
117 223 0 0
116 223 0 0
115 223 0 0
114 223 0 0
113 223 0 0
112 223 0 0
406 222 0 0
405 222 0 0
404 222 0 0
403 222 0 0
402 222 0 0
401 222 0 0
119 222 0 0
118 222 0 0
117 222 0 0
116 222 0 0
115 222 0 0
114 222 0 0
113 222 0 0
112 222 0 0
406 221 0 0
405 221 0 0
404 221 0 0
403 221 0 0
402 221 0 0
401 221 0 0
120 221 0 0
119 221 0 0
118 221 0 0
117 221 0 0
116 221 0 0
115 221 0 0
114 221 0 0
406 220 0 0
405 220 0 0
404 220 0 0
403 220 0 0
402 220 0 0
401 220 0 0
120 220 0 0
119 220 0 0
118 220 0 0
117 220 0 0
116 220 0 0
115 220 0 0
405 219 0 0
404 219 0 0
403 219 0 0
402 219 0 0
401 219 0 0
400 219 0 0
121 219 0 0
120 219 0 0
119 219 0 0
118 219 0 0
117 219 0 0
116 219 0 0
405 218 0 0
404 218 0 0
403 218 0 0
402 218 0 0
401 218 0 0
400 218 0 0
121 218 0 0
120 218 0 0
119 218 0 0
118 218 0 0
117 218 0 0
116 218 0 0
405 217 0 0
404 217 0 0
403 217 0 0
402 217 0 0
401 217 0 0
400 217 0 0
123 217 0 0
122 217 0 0
121 217 0 0
120 217 0 0
119 217 0 0
118 217 0 0
117 217 0 0
116 217 0 0
404 216 0 0
403 216 0 0
402 216 0 0
401 216 0 0
400 216 0 0
399 216 0 0
124 216 0 0
123 216 0 0
122 216 0 0
121 216 0 0
120 216 0 0
119 216 0 0
118 216 0 0
117 216 0 0
404 215 0 0
403 215 0 0
402 215 0 0
401 215 0 0
400 215 0 0
399 215 0 0
124 215 0 0
123 215 0 0
122 215 0 0
121 215 0 0
120 215 0 0
119 215 0 0
404 214 0 0
403 214 0 0
402 214 0 0
401 214 0 0
400 214 0 0
399 214 0 0
398 214 0 0
397 214 0 0
125 214 0 0
124 214 0 0
123 214 0 0
122 214 0 0
121 214 0 0
120 214 0 0
404 213 0 0
403 213 0 0
402 213 0 0
401 213 0 0
400 213 0 0
399 213 0 0
398 213 0 0
397 213 0 0
125 213 0 0
124 213 0 0
123 213 0 0
122 213 0 0
121 213 0 0
120 213 0 0
403 212 0 0
402 212 0 0
401 212 0 0
400 212 0 0
399 212 0 0
398 212 0 0
397 212 0 0
126 212 0 0
125 212 0 0
124 212 0 0
123 212 0 0
122 212 0 0
121 212 0 0
120 212 0 0
401 211 0 0
400 211 0 0
399 211 0 0
398 211 0 0
397 211 0 0
396 211 0 0
127 211 0 0
126 211 0 0
125 211 0 0
124 211 0 0
123 211 0 0
122 211 0 0
121 211 0 0
401 210 0 0
400 210 0 0
399 210 0 0
398 210 0 0
397 210 0 0
396 210 0 0
127 210 0 0
126 210 0 0
125 210 0 0
124 210 0 0
123 210 0 0
122 210 0 0
400 209 0 0
399 209 0 0
398 209 0 0
397 209 0 0
396 209 0 0
395 209 0 0
129 209 0 0
128 209 0 0
127 209 0 0
126 209 0 0
125 209 0 0
124 209 0 0
400 208 0 0
399 208 0 0
398 208 0 0
397 208 0 0
396 208 0 0
395 208 0 0
130 208 0 0
129 208 0 0
128 208 0 0
127 208 0 0
126 208 0 0
125 208 0 0
124 208 0 0
400 207 0 0
399 207 0 0
398 207 0 0
397 207 0 0
396 207 0 0
395 207 0 0
130 207 0 0
129 207 0 0
128 207 0 0
127 207 0 0
126 207 0 0
125 207 0 0
124 207 0 0
400 206 0 0
399 206 0 0
398 206 0 0
397 206 0 0
396 206 0 0
395 206 0 0
131 206 0 0
130 206 0 0
129 206 0 0
128 206 0 0
127 206 0 0
126 206 0 0
125 206 0 0
399 205 0 0
398 205 0 0
397 205 0 0
396 205 0 0
395 205 0 0
394 205 0 0
131 205 0 0
130 205 0 0
129 205 0 0
128 205 0 0
127 205 0 0
126 205 0 0
399 204 0 0
398 204 0 0
397 204 0 0
396 204 0 0
395 204 0 0
394 204 0 0
132 204 0 0
131 204 0 0
130 204 0 0
129 204 0 0
128 204 0 0
127 204 0 0
398 203 0 0
397 203 0 0
396 203 0 0
395 203 0 0
394 203 0 0
393 203 0 0
134 203 0 0
133 203 0 0
132 203 0 0
131 203 0 0
130 203 0 0
129 203 0 0
128 203 0 0
127 203 0 0
398 202 0 0
397 202 0 0
396 202 0 0
395 202 0 0
394 202 0 0
393 202 0 0
134 202 0 0
133 202 0 0
132 202 0 0
131 202 0 0
130 202 0 0
129 202 0 0
128 202 0 0
127 202 0 0
396 201 0 0
395 201 0 0
394 201 0 0
393 201 0 0
392 201 0 0
391 201 0 0
135 201 0 0
134 201 0 0
133 201 0 0
132 201 0 0
131 201 0 0
130 201 0 0
129 201 0 0
128 201 0 0
396 200 0 0
395 200 0 0
394 200 0 0
393 200 0 0
392 200 0 0
391 200 0 0
135 200 0 0
134 200 0 0
133 200 0 0
132 200 0 0
131 200 0 0
130 200 0 0
396 199 0 0
395 199 0 0
394 199 0 0
393 199 0 0
392 199 0 0
391 199 0 0
136 199 0 0
135 199 0 0
134 199 0 0
133 199 0 0
132 199 0 0
131 199 0 0
395 198 0 0
394 198 0 0
393 198 0 0
392 198 0 0
391 198 0 0
390 198 0 0
137 198 0 0
136 198 0 0
135 198 0 0
134 198 0 0
133 198 0 0
132 198 0 0
131 198 0 0
395 197 0 0
394 197 0 0
393 197 0 0
392 197 0 0
391 197 0 0
390 197 0 0
138 197 0 0
137 197 0 0
136 197 0 0
135 197 0 0
134 197 0 0
133 197 0 0
132 197 0 0
395 196 0 0
394 196 0 0
393 196 0 0
392 196 0 0
391 196 0 0
390 196 0 0
138 196 0 0
137 196 0 0
136 196 0 0
135 196 0 0
134 196 0 0
133 196 0 0
132 196 0 0
394 195 0 0
393 195 0 0
392 195 0 0
391 195 0 0
390 195 0 0
389 195 0 0
138 195 0 0
137 195 0 0
136 195 0 0
135 195 0 0
134 195 0 0
133 195 0 0
394 194 0 0
393 194 0 0
392 194 0 0
391 194 0 0
390 194 0 0
389 194 0 0
140 194 0 0
139 194 0 0
138 194 0 0
137 194 0 0
136 194 0 0
135 194 0 0
393 193 0 0
392 193 0 0
391 193 0 0
390 193 0 0
389 193 0 0
388 193 0 0
141 193 0 0
140 193 0 0
139 193 0 0
138 193 0 0
137 193 0 0
136 193 0 0
135 193 0 0
393 192 0 0
392 192 0 0
391 192 0 0
390 192 0 0
389 192 0 0
388 192 0 0
142 192 0 0
141 192 0 0
140 192 0 0
139 192 0 0
138 192 0 0
137 192 0 0
136 192 0 0
393 191 0 0
392 191 0 0
391 191 0 0
390 191 0 0
389 191 0 0
388 191 0 0
142 191 0 0
141 191 0 0
140 191 0 0
139 191 0 0
138 191 0 0
137 191 0 0
136 191 0 0
392 190 0 0
391 190 0 0
390 190 0 0
389 190 0 0
388 190 0 0
387 190 0 0
386 190 0 0
142 190 0 0
141 190 0 0
140 190 0 0
139 190 0 0
138 190 0 0
137 190 0 0
392 189 0 0
391 189 0 0
390 189 0 0
389 189 0 0
388 189 0 0
387 189 0 0
386 189 0 0
143 189 0 0
142 189 0 0
141 189 0 0
140 189 0 0
139 189 0 0
138 189 0 0
390 188 0 0
389 188 0 0
388 188 0 0
387 188 0 0
386 188 0 0
385 188 0 0
145 188 0 0
144 188 0 0
143 188 0 0
142 188 0 0
141 188 0 0
140 188 0 0
139 188 0 0
138 188 0 0
390 187 0 0
389 187 0 0
388 187 0 0
387 187 0 0
386 187 0 0
385 187 0 0
146 187 0 0
145 187 0 0
144 187 0 0
143 187 0 0
142 187 0 0
141 187 0 0
140 187 0 0
139 187 0 0
390 186 0 0
389 186 0 0
388 186 0 0
387 186 0 0
386 186 0 0
385 186 0 0
147 186 0 0
146 186 0 0
145 186 0 0
144 186 0 0
143 186 0 0
142 186 0 0
141 186 0 0
390 185 0 0
389 185 0 0
388 185 0 0
387 185 0 0
386 185 0 0
385 185 0 0
147 185 0 0
146 185 0 0
145 185 0 0
144 185 0 0
143 185 0 0
142 185 0 0
141 185 0 0
389 184 0 0
388 184 0 0
387 184 0 0
386 184 0 0
385 184 0 0
384 184 0 0
148 184 0 0
147 184 0 0
146 184 0 0
145 184 0 0
144 184 0 0
143 184 0 0
142 184 0 0
389 183 0 0
388 183 0 0
387 183 0 0
386 183 0 0
385 183 0 0
384 183 0 0
148 183 0 0
147 183 0 0
146 183 0 0
145 183 0 0
144 183 0 0
143 183 0 0
388 182 0 0
387 182 0 0
386 182 0 0
385 182 0 0
384 182 0 0
383 182 0 0
149 182 0 0
148 182 0 0
147 182 0 0
146 182 0 0
145 182 0 0
144 182 0 0
388 181 0 0
387 181 0 0
386 181 0 0
385 181 0 0
384 181 0 0
383 181 0 0
151 181 0 0
150 181 0 0
149 181 0 0
148 181 0 0
147 181 0 0
146 181 0 0
145 181 0 0
144 181 0 0
388 180 0 0
387 180 0 0
386 180 0 0
385 180 0 0
384 180 0 0
383 180 0 0
151 180 0 0
150 180 0 0
149 180 0 0
148 180 0 0
147 180 0 0
146 180 0 0
145 180 0 0
144 180 0 0
387 179 0 0
386 179 0 0
385 179 0 0
384 179 0 0
383 179 0 0
382 179 0 0
152 179 0 0
151 179 0 0
150 179 0 0
149 179 0 0
148 179 0 0
147 179 0 0
146 179 0 0
387 178 0 0
386 178 0 0
385 178 0 0
384 178 0 0
383 178 0 0
382 178 0 0
152 178 0 0
151 178 0 0
150 178 0 0
149 178 0 0
148 178 0 0
147 178 0 0
385 177 0 0
384 177 0 0
383 177 0 0
382 177 0 0
381 177 0 0
380 177 0 0
153 177 0 0
152 177 0 0
151 177 0 0
150 177 0 0
149 177 0 0
148 177 0 0
385 176 0 0
384 176 0 0
383 176 0 0
382 176 0 0
381 176 0 0
380 176 0 0
154 176 0 0
153 176 0 0
152 176 0 0
151 176 0 0
150 176 0 0
149 176 0 0
148 176 0 0
384 175 0 0
383 175 0 0
382 175 0 0
381 175 0 0
380 175 0 0
379 175 0 0
156 175 0 0
155 175 0 0
154 175 0 0
153 175 0 0
152 175 0 0
151 175 0 0
150 175 0 0
149 175 0 0
384 174 0 0
383 174 0 0
382 174 0 0
381 174 0 0
380 174 0 0
379 174 0 0
156 174 0 0
155 174 0 0
154 174 0 0
153 174 0 0
152 174 0 0
151 174 0 0
150 174 0 0
149 174 0 0
384 173 0 0
383 173 0 0
382 173 0 0
381 173 0 0
380 173 0 0
379 173 0 0
156 173 0 0
155 173 0 0
154 173 0 0
153 173 0 0
152 173 0 0
151 173 0 0
150 173 0 0
383 172 0 0
382 172 0 0
381 172 0 0
380 172 0 0
379 172 0 0
378 172 0 0
157 172 0 0
156 172 0 0
155 172 0 0
154 172 0 0
153 172 0 0
152 172 0 0
383 171 0 0
382 171 0 0
381 171 0 0
380 171 0 0
379 171 0 0
378 171 0 0
158 171 0 0
157 171 0 0
156 171 0 0
155 171 0 0
154 171 0 0
153 171 0 0
152 171 0 0
383 170 0 0
382 170 0 0
381 170 0 0
380 170 0 0
379 170 0 0
378 170 0 0
159 170 0 0
158 170 0 0
157 170 0 0
156 170 0 0
155 170 0 0
154 170 0 0
153 170 0 0
382 169 0 0
381 169 0 0
380 169 0 0
379 169 0 0
378 169 0 0
377 169 0 0
159 169 0 0
158 169 0 0
157 169 0 0
156 169 0 0
155 169 0 0
154 169 0 0
382 168 0 0
381 168 0 0
380 168 0 0
379 168 0 0
378 168 0 0
377 168 0 0
159 168 0 0
158 168 0 0
157 168 0 0
156 168 0 0
155 168 0 0
154 168 0 0
381 167 0 0
380 167 0 0
379 167 0 0
378 167 0 0
377 167 0 0
376 167 0 0
375 167 0 0
160 167 0 0
159 167 0 0
158 167 0 0
157 167 0 0
156 167 0 0
155 167 0 0
381 166 0 0
380 166 0 0
379 166 0 0
378 166 0 0
377 166 0 0
376 166 0 0
375 166 0 0
162 166 0 0
161 166 0 0
160 166 0 0
159 166 0 0
158 166 0 0
157 166 0 0
156 166 0 0
155 166 0 0
379 165 0 0
378 165 0 0
377 165 0 0
376 165 0 0
375 165 0 0
374 165 0 0
163 165 0 0
162 165 0 0
161 165 0 0
160 165 0 0
159 165 0 0
158 165 0 0
157 165 0 0
379 164 0 0
378 164 0 0
377 164 0 0
376 164 0 0
375 164 0 0
374 164 0 0
163 164 0 0
162 164 0 0
161 164 0 0
160 164 0 0
159 164 0 0
158 164 0 0
379 163 0 0
378 163 0 0
377 163 0 0
376 163 0 0
375 163 0 0
374 163 0 0
163 163 0 0
162 163 0 0
161 163 0 0
160 163 0 0
159 163 0 0
158 163 0 0
379 162 0 0
378 162 0 0
377 162 0 0
376 162 0 0
375 162 0 0
374 162 0 0
164 162 0 0
163 162 0 0
162 162 0 0
161 162 0 0
160 162 0 0
159 162 0 0
378 161 0 0
377 161 0 0
376 161 0 0
375 161 0 0
374 161 0 0
373 161 0 0
165 161 0 0
164 161 0 0
163 161 0 0
162 161 0 0
161 161 0 0
160 161 0 0
159 161 0 0
378 160 0 0
377 160 0 0
376 160 0 0
375 160 0 0
374 160 0 0
373 160 0 0
167 160 0 0
166 160 0 0
165 160 0 0
164 160 0 0
163 160 0 0
162 160 0 0
161 160 0 0
160 160 0 0
377 159 0 0
376 159 0 0
375 159 0 0
374 159 0 0
373 159 0 0
372 159 0 0
167 159 0 0
166 159 0 0
165 159 0 0
164 159 0 0
163 159 0 0
162 159 0 0
161 159 0 0
377 158 0 0
376 158 0 0
375 158 0 0
374 158 0 0
373 158 0 0
372 158 0 0
371 158 0 0
168 158 0 0
167 158 0 0
166 158 0 0
165 158 0 0
164 158 0 0
163 158 0 0
377 157 0 0
376 157 0 0
375 157 0 0
374 157 0 0
373 157 0 0
372 157 0 0
371 157 0 0
168 157 0 0
167 157 0 0
166 157 0 0
165 157 0 0
164 157 0 0
163 157 0 0
376 156 0 0
375 156 0 0
374 156 0 0
373 156 0 0
372 156 0 0
371 156 0 0
169 156 0 0
168 156 0 0
167 156 0 0
166 156 0 0
165 156 0 0
164 156 0 0
163 156 0 0
376 155 0 0
375 155 0 0
374 155 0 0
373 155 0 0
372 155 0 0
371 155 0 0
170 155 0 0
169 155 0 0
168 155 0 0
167 155 0 0
166 155 0 0
165 155 0 0
164 155 0 0
374 154 0 0
373 154 0 0
372 154 0 0
371 154 0 0
370 154 0 0
369 154 0 0
170 154 0 0
169 154 0 0
168 154 0 0
167 154 0 0
166 154 0 0
165 154 0 0
374 153 0 0
373 153 0 0
372 153 0 0
371 153 0 0
370 153 0 0
369 153 0 0
171 153 0 0
170 153 0 0
169 153 0 0
168 153 0 0
167 153 0 0
166 153 0 0
374 152 0 0
373 152 0 0
372 152 0 0
371 152 0 0
370 152 0 0
369 152 0 0
171 152 0 0
170 152 0 0
169 152 0 0
168 152 0 0
167 152 0 0
166 152 0 0
373 151 0 0
372 151 0 0
371 151 0 0
370 151 0 0
369 151 0 0
368 151 0 0
173 151 0 0
172 151 0 0
171 151 0 0
170 151 0 0
169 151 0 0
168 151 0 0
167 151 0 0
166 151 0 0
373 150 0 0
372 150 0 0
371 150 0 0
370 150 0 0
369 150 0 0
368 150 0 0
174 150 0 0
173 150 0 0
172 150 0 0
171 150 0 0
170 150 0 0
169 150 0 0
168 150 0 0
373 149 0 0
372 149 0 0
371 149 0 0
370 149 0 0
369 149 0 0
368 149 0 0
174 149 0 0
173 149 0 0
172 149 0 0
171 149 0 0
170 149 0 0
169 149 0 0
372 148 0 0
371 148 0 0
370 148 0 0
369 148 0 0
368 148 0 0
367 148 0 0
175 148 0 0
174 148 0 0
173 148 0 0
172 148 0 0
171 148 0 0
170 148 0 0
372 147 0 0
371 147 0 0
370 147 0 0
369 147 0 0
368 147 0 0
367 147 0 0
366 147 0 0
176 147 0 0
175 147 0 0
174 147 0 0
173 147 0 0
172 147 0 0
171 147 0 0
170 147 0 0
372 146 0 0
371 146 0 0
370 146 0 0
369 146 0 0
368 146 0 0
367 146 0 0
366 146 0 0
176 146 0 0
175 146 0 0
174 146 0 0
173 146 0 0
172 146 0 0
171 146 0 0
170 146 0 0
371 145 0 0
370 145 0 0
369 145 0 0
368 145 0 0
367 145 0 0
366 145 0 0
178 145 0 0
177 145 0 0
176 145 0 0
175 145 0 0
174 145 0 0
173 145 0 0
172 145 0 0
171 145 0 0
370 144 0 0
369 144 0 0
368 144 0 0
367 144 0 0
366 144 0 0
365 144 0 0
364 144 0 0
178 144 0 0
177 144 0 0
176 144 0 0
175 144 0 0
174 144 0 0
173 144 0 0
172 144 0 0
370 143 0 0
369 143 0 0
368 143 0 0
367 143 0 0
366 143 0 0
365 143 0 0
364 143 0 0
179 143 0 0
178 143 0 0
177 143 0 0
176 143 0 0
175 143 0 0
174 143 0 0
370 142 0 0
369 142 0 0
368 142 0 0
367 142 0 0
366 142 0 0
365 142 0 0
364 142 0 0
180 142 0 0
179 142 0 0
178 142 0 0
177 142 0 0
176 142 0 0
175 142 0 0
370 141 0 0
369 141 0 0
368 141 0 0
367 141 0 0
366 141 0 0
365 141 0 0
364 141 0 0
180 141 0 0
179 141 0 0
178 141 0 0
177 141 0 0
176 141 0 0
175 141 0 0
368 140 0 0
367 140 0 0
366 140 0 0
365 140 0 0
364 140 0 0
363 140 0 0
181 140 0 0
180 140 0 0
179 140 0 0
178 140 0 0
177 140 0 0
176 140 0 0
368 139 0 0
367 139 0 0
366 139 0 0
365 139 0 0
364 139 0 0
363 139 0 0
181 139 0 0
180 139 0 0
179 139 0 0
178 139 0 0
177 139 0 0
176 139 0 0
367 138 0 0
366 138 0 0
365 138 0 0
364 138 0 0
363 138 0 0
362 138 0 0
182 138 0 0
181 138 0 0
180 138 0 0
179 138 0 0
178 138 0 0
177 138 0 0
367 137 0 0
366 137 0 0
365 137 0 0
364 137 0 0
363 137 0 0
362 137 0 0
184 137 0 0
183 137 0 0
182 137 0 0
181 137 0 0
180 137 0 0
179 137 0 0
366 136 0 0
365 136 0 0
364 136 0 0
363 136 0 0
362 136 0 0
361 136 0 0
185 136 0 0
184 136 0 0
183 136 0 0
182 136 0 0
181 136 0 0
180 136 0 0
366 135 0 0
365 135 0 0
364 135 0 0
363 135 0 0
362 135 0 0
361 135 0 0
185 135 0 0
184 135 0 0
183 135 0 0
182 135 0 0
181 135 0 0
180 135 0 0
366 134 0 0
365 134 0 0
364 134 0 0
363 134 0 0
362 134 0 0
361 134 0 0
185 134 0 0
184 134 0 0
183 134 0 0
182 134 0 0
181 134 0 0
180 134 0 0
365 133 0 0
364 133 0 0
363 133 0 0
362 133 0 0
361 133 0 0
360 133 0 0
186 133 0 0
185 133 0 0
184 133 0 0
183 133 0 0
182 133 0 0
181 133 0 0
365 132 0 0
364 132 0 0
363 132 0 0
362 132 0 0
361 132 0 0
360 132 0 0
187 132 0 0
186 132 0 0
185 132 0 0
184 132 0 0
183 132 0 0
182 132 0 0
363 131 0 0
362 131 0 0
361 131 0 0
360 131 0 0
359 131 0 0
358 131 0 0
189 131 0 0
188 131 0 0
187 131 0 0
186 131 0 0
185 131 0 0
184 131 0 0
183 131 0 0
363 130 0 0
362 130 0 0
361 130 0 0
360 130 0 0
359 130 0 0
358 130 0 0
189 130 0 0
188 130 0 0
187 130 0 0
186 130 0 0
185 130 0 0
184 130 0 0
183 130 0 0
363 129 0 0
362 129 0 0
361 129 0 0
360 129 0 0
359 129 0 0
358 129 0 0
189 129 0 0
188 129 0 0
187 129 0 0
186 129 0 0
185 129 0 0
184 129 0 0
183 129 0 0
362 128 0 0
361 128 0 0
360 128 0 0
359 128 0 0
358 128 0 0
357 128 0 0
190 128 0 0
189 128 0 0
188 128 0 0
187 128 0 0
186 128 0 0
185 128 0 0
362 127 0 0
361 127 0 0
360 127 0 0
359 127 0 0
358 127 0 0
357 127 0 0
191 127 0 0
190 127 0 0
189 127 0 0
188 127 0 0
187 127 0 0
186 127 0 0
362 126 0 0
361 126 0 0
360 126 0 0
359 126 0 0
358 126 0 0
357 126 0 0
192 126 0 0
191 126 0 0
190 126 0 0
189 126 0 0
188 126 0 0
187 126 0 0
361 125 0 0
360 125 0 0
359 125 0 0
358 125 0 0
357 125 0 0
356 125 0 0
192 125 0 0
191 125 0 0
190 125 0 0
189 125 0 0
188 125 0 0
187 125 0 0
361 124 0 0
360 124 0 0
359 124 0 0
358 124 0 0
357 124 0 0
356 124 0 0
192 124 0 0
191 124 0 0
190 124 0 0
189 124 0 0
188 124 0 0
187 124 0 0
361 123 0 0
360 123 0 0
359 123 0 0
358 123 0 0
357 123 0 0
356 123 0 0
355 123 0 0
193 123 0 0
192 123 0 0
191 123 0 0
190 123 0 0
189 123 0 0
188 123 0 0
360 122 0 0
359 122 0 0
358 122 0 0
357 122 0 0
356 122 0 0
355 122 0 0
195 122 0 0
194 122 0 0
193 122 0 0
192 122 0 0
191 122 0 0
190 122 0 0
360 121 0 0
359 121 0 0
358 121 0 0
357 121 0 0
356 121 0 0
355 121 0 0
196 121 0 0
195 121 0 0
194 121 0 0
193 121 0 0
192 121 0 0
191 121 0 0
359 120 0 0
358 120 0 0
357 120 0 0
356 120 0 0
355 120 0 0
354 120 0 0
353 120 0 0
197 120 0 0
196 120 0 0
195 120 0 0
194 120 0 0
193 120 0 0
192 120 0 0
191 120 0 0
359 119 0 0
358 119 0 0
357 119 0 0
356 119 0 0
355 119 0 0
354 119 0 0
353 119 0 0
197 119 0 0
196 119 0 0
195 119 0 0
194 119 0 0
193 119 0 0
192 119 0 0
359 118 0 0
358 118 0 0
357 118 0 0
356 118 0 0
355 118 0 0
354 118 0 0
353 118 0 0
197 118 0 0
196 118 0 0
195 118 0 0
194 118 0 0
193 118 0 0
192 118 0 0
357 117 0 0
356 117 0 0
355 117 0 0
354 117 0 0
353 117 0 0
352 117 0 0
198 117 0 0
197 117 0 0
196 117 0 0
195 117 0 0
194 117 0 0
193 117 0 0
357 116 0 0
356 116 0 0
355 116 0 0
354 116 0 0
353 116 0 0
352 116 0 0
200 116 0 0
199 116 0 0
198 116 0 0
197 116 0 0
196 116 0 0
195 116 0 0
194 116 0 0
356 115 0 0
355 115 0 0
354 115 0 0
353 115 0 0
352 115 0 0
351 115 0 0
201 115 0 0
200 115 0 0
199 115 0 0
198 115 0 0
197 115 0 0
196 115 0 0
195 115 0 0
194 115 0 0
356 114 0 0
355 114 0 0
354 114 0 0
353 114 0 0
352 114 0 0
351 114 0 0
202 114 0 0
201 114 0 0
200 114 0 0
199 114 0 0
198 114 0 0
197 114 0 0
196 114 0 0
356 113 0 0
355 113 0 0
354 113 0 0
353 113 0 0
352 113 0 0
351 113 0 0
202 113 0 0
201 113 0 0
200 113 0 0
199 113 0 0
198 113 0 0
197 113 0 0
196 113 0 0
356 112 0 0
355 112 0 0
354 112 0 0
353 112 0 0
352 112 0 0
351 112 0 0
350 112 0 0
203 112 0 0
202 112 0 0
201 112 0 0
200 112 0 0
199 112 0 0
198 112 0 0
197 112 0 0
355 111 0 0
354 111 0 0
353 111 0 0
352 111 0 0
351 111 0 0
350 111 0 0
204 111 0 0
203 111 0 0
202 111 0 0
201 111 0 0
200 111 0 0
199 111 0 0
198 111 0 0
354 110 0 0
353 110 0 0
352 110 0 0
351 110 0 0
350 110 0 0
349 110 0 0
206 110 0 0
205 110 0 0
204 110 0 0
203 110 0 0
202 110 0 0
201 110 0 0
200 110 0 0
199 110 0 0
354 109 0 0
353 109 0 0
352 109 0 0
351 109 0 0
350 109 0 0
349 109 0 0
207 109 0 0
206 109 0 0
205 109 0 0
204 109 0 0
203 109 0 0
202 109 0 0
201 109 0 0
352 108 0 0
351 108 0 0
350 108 0 0
349 108 0 0
348 108 0 0
347 108 0 0
206 108 0 0
205 108 0 0
204 108 0 0
203 108 0 0
352 107 0 0
351 107 0 0
350 107 0 0
349 107 0 0
348 107 0 0
347 107 0 0
206 107 0 0
205 107 0 0
204 107 0 0
203 107 0 0
352 106 0 0
351 106 0 0
350 106 0 0
349 106 0 0
348 106 0 0
347 106 0 0
204 106 0 0
352 105 0 0
351 105 0 0
350 105 0 0
349 105 0 0
348 105 0 0
347 105 0 0
352 104 0 0
351 104 0 0
350 104 0 0
349 104 0 0
348 104 0 0
347 104 0 0
352 103 0 0
351 103 0 0
350 103 0 0
349 103 0 0
348 103 0 0
347 103 0 0
352 102 0 0
351 102 0 0
350 102 0 0
349 102 0 0
348 102 0 0
347 102 0 0
352 101 0 0
351 101 0 0
350 101 0 0
349 101 0 0
348 101 0 0
347 101 0 0
351 100 0 0
350 100 0 0
349 100 0 0
350 99 0 0
