3598 640 480
156 427 0 0
155 427 0 0
158 426 0 0
157 426 0 0
156 426 0 0
155 426 0 0
154 426 0 0
153 426 0 0
152 426 0 0
158 425 0 0
157 425 0 0
156 425 0 0
155 425 0 0
154 425 0 0
153 425 0 0
152 425 0 0
159 424 0 0
158 424 0 0
157 424 0 0
156 424 0 0
155 424 0 0
154 424 0 0
153 424 0 0
152 424 0 0
151 424 0 0
158 423 0 0
157 423 0 0
156 423 0 0
155 423 0 0
154 423 0 0
153 423 0 0
152 423 0 0
151 423 0 0
150 423 0 0
149 423 0 0
148 423 0 0
156 422 0 0
155 422 0 0
154 422 0 0
153 422 0 0
152 422 0 0
151 422 0 0
150 422 0 0
149 422 0 0
148 422 0 0
147 422 0 0
146 422 0 0
156 421 0 0
155 421 0 0
154 421 0 0
153 421 0 0
152 421 0 0
151 421 0 0
150 421 0 0
149 421 0 0
148 421 0 0
147 421 0 0
146 421 0 0
154 420 0 0
153 420 0 0
152 420 0 0
151 420 0 0
150 420 0 0
149 420 0 0
148 420 0 0
147 420 0 0
146 420 0 0
145 420 0 0
144 420 0 0
151 419 0 0
150 419 0 0
149 419 0 0
148 419 0 0
147 419 0 0
146 419 0 0
145 419 0 0
144 419 0 0
143 419 0 0
150 418 0 0
149 418 0 0
148 418 0 0
147 418 0 0
146 418 0 0
145 418 0 0
144 418 0 0
143 418 0 0
142 418 0 0
147 417 0 0
146 417 0 0
145 417 0 0
144 417 0 0
143 417 0 0
142 417 0 0
141 417 0 0
140 417 0 0
139 417 0 0
147 416 0 0
146 416 0 0
145 416 0 0
144 416 0 0
143 416 0 0
142 416 0 0
141 416 0 0
140 416 0 0
139 416 0 0
146 415 0 0
145 415 0 0
144 415 0 0
143 415 0 0
142 415 0 0
141 415 0 0
140 415 0 0
139 415 0 0
138 415 0 0
145 414 0 0
144 414 0 0
143 414 0 0
142 414 0 0
141 414 0 0
140 414 0 0
139 414 0 0
138 414 0 0
137 414 0 0
142 413 0 0
141 413 0 0
140 413 0 0
139 413 0 0
138 413 0 0
137 413 0 0
136 413 0 0
135 413 0 0
134 413 0 0
142 412 0 0
141 412 0 0
140 412 0 0
139 412 0 0
138 412 0 0
137 412 0 0
136 412 0 0
135 412 0 0
134 412 0 0
141 411 0 0
140 411 0 0
139 411 0 0
138 411 0 0
137 411 0 0
136 411 0 0
135 411 0 0
134 411 0 0
133 411 0 0
139 410 0 0
138 410 0 0
137 410 0 0
136 410 0 0
135 410 0 0
134 410 0 0
133 410 0 0
132 410 0 0
131 410 0 0
138 409 0 0
137 409 0 0
136 409 0 0
135 409 0 0
134 409 0 0
133 409 0 0
132 409 0 0
131 409 0 0
130 409 0 0
129 409 0 0
138 408 0 0
137 408 0 0
136 408 0 0
135 408 0 0
134 408 0 0
133 408 0 0
132 408 0 0
131 408 0 0
130 408 0 0
129 408 0 0
136 407 0 0
135 407 0 0
134 407 0 0
133 407 0 0
132 407 0 0
131 407 0 0
130 407 0 0
129 407 0 0
128 407 0 0
127 407 0 0
134 406 0 0
133 406 0 0
132 406 0 0
131 406 0 0
130 406 0 0
129 406 0 0
128 406 0 0
127 406 0 0
126 406 0 0
133 405 0 0
132 405 0 0
131 405 0 0
130 405 0 0
129 405 0 0
128 405 0 0
127 405 0 0
126 405 0 0
125 405 0 0
124 405 0 0
130 404 0 0
129 404 0 0
128 404 0 0
127 404 0 0
126 404 0 0
125 404 0 0
124 404 0 0
123 404 0 0
122 404 0 0
130 403 0 0
129 403 0 0
128 403 0 0
127 403 0 0
126 403 0 0
125 403 0 0
124 403 0 0
123 403 0 0
122 403 0 0
129 402 0 0
128 402 0 0
127 402 0 0
126 402 0 0
125 402 0 0
124 402 0 0
123 402 0 0
122 402 0 0
121 402 0 0
128 401 0 0
127 401 0 0
126 401 0 0
125 401 0 0
124 401 0 0
123 401 0 0
122 401 0 0
121 401 0 0
120 401 0 0
119 401 0 0
118 401 0 0
564 400 0 0
563 400 0 0
125 400 0 0
124 400 0 0
123 400 0 0
122 400 0 0
121 400 0 0
120 400 0 0
119 400 0 0
118 400 0 0
117 400 0 0
564 399 0 0
563 399 0 0
125 399 0 0
124 399 0 0
123 399 0 0
122 399 0 0
121 399 0 0
120 399 0 0
119 399 0 0
118 399 0 0
117 399 0 0
565 398 0 0
564 398 0 0
563 398 0 0
562 398 0 0
124 398 0 0
123 398 0 0
122 398 0 0
121 398 0 0
120 398 0 0
119 398 0 0
118 398 0 0
117 398 0 0
116 398 0 0
566 397 0 0
565 397 0 0
564 397 0 0
563 397 0 0
562 397 0 0
561 397 0 0
123 397 0 0
122 397 0 0
121 397 0 0
120 397 0 0
119 397 0 0
118 397 0 0
117 397 0 0
116 397 0 0
115 397 0 0
114 397 0 0
113 397 0 0
566 396 0 0
565 396 0 0
564 396 0 0
563 396 0 0
562 396 0 0
561 396 0 0
120 396 0 0
119 396 0 0
118 396 0 0
117 396 0 0
116 396 0 0
115 396 0 0
114 396 0 0
113 396 0 0
112 396 0 0
566 395 0 0
565 395 0 0
564 395 0 0
563 395 0 0
562 395 0 0
561 395 0 0
120 395 0 0
119 395 0 0
118 395 0 0
117 395 0 0
116 395 0 0
115 395 0 0
114 395 0 0
113 395 0 0
112 395 0 0
567 394 0 0
566 394 0 0
565 394 0 0
564 394 0 0
563 394 0 0
562 394 0 0
561 394 0 0
119 394 0 0
118 394 0 0
117 394 0 0
116 394 0 0
115 394 0 0
114 394 0 0
113 394 0 0
112 394 0 0
111 394 0 0
567 393 0 0
566 393 0 0
565 393 0 0
564 393 0 0
563 393 0 0
562 393 0 0
117 393 0 0
116 393 0 0
115 393 0 0
114 393 0 0
113 393 0 0
112 393 0 0
111 393 0 0
110 393 0 0
109 393 0 0
108 393 0 0
569 392 0 0
568 392 0 0
567 392 0 0
566 392 0 0
565 392 0 0
564 392 0 0
563 392 0 0
115 392 0 0
114 392 0 0
113 392 0 0
112 392 0 0
111 392 0 0
110 392 0 0
109 392 0 0
108 392 0 0
107 392 0 0
569 391 0 0
568 391 0 0
567 391 0 0
566 391 0 0
565 391 0 0
564 391 0 0
563 391 0 0
113 391 0 0
112 391 0 0
111 391 0 0
110 391 0 0
109 391 0 0
108 391 0 0
107 391 0 0
106 391 0 0
105 391 0 0
569 390 0 0
568 390 0 0
567 390 0 0
566 390 0 0
565 390 0 0
564 390 0 0
563 390 0 0
113 390 0 0
112 390 0 0
111 390 0 0
110 390 0 0
109 390 0 0
108 390 0 0
107 390 0 0
106 390 0 0
105 390 0 0
570 389 0 0
569 389 0 0
568 389 0 0
567 389 0 0
566 389 0 0
565 389 0 0
111 389 0 0
110 389 0 0
109 389 0 0
108 389 0 0
107 389 0 0
106 389 0 0
105 389 0 0
104 389 0 0
103 389 0 0
571 388 0 0
570 388 0 0
569 388 0 0
568 388 0 0
567 388 0 0
566 388 0 0
110 388 0 0
109 388 0 0
108 388 0 0
107 388 0 0
106 388 0 0
105 388 0 0
104 388 0 0
103 388 0 0
102 388 0 0
101 388 0 0
571 387 0 0
570 387 0 0
569 387 0 0
568 387 0 0
567 387 0 0
566 387 0 0
108 387 0 0
107 387 0 0
106 387 0 0
105 387 0 0
104 387 0 0
103 387 0 0
102 387 0 0
101 387 0 0
100 387 0 0
571 386 0 0
570 386 0 0
569 386 0 0
568 386 0 0
567 386 0 0
566 386 0 0
108 386 0 0
107 386 0 0
106 386 0 0
105 386 0 0
104 386 0 0
103 386 0 0
102 386 0 0
101 386 0 0
100 386 0 0
573 385 0 0
572 385 0 0
571 385 0 0
570 385 0 0
569 385 0 0
568 385 0 0
567 385 0 0
106 385 0 0
105 385 0 0
104 385 0 0
103 385 0 0
102 385 0 0
101 385 0 0
100 385 0 0
99 385 0 0
98 385 0 0
574 384 0 0
573 384 0 0
572 384 0 0
571 384 0 0
570 384 0 0
569 384 0 0
568 384 0 0
104 384 0 0
103 384 0 0
102 384 0 0
101 384 0 0
100 384 0 0
99 384 0 0
98 384 0 0
97 384 0 0
96 384 0 0
574 383 0 0
573 383 0 0
572 383 0 0
571 383 0 0
570 383 0 0
569 383 0 0
568 383 0 0
103 383 0 0
102 383 0 0
101 383 0 0
100 383 0 0
99 383 0 0
98 383 0 0
97 383 0 0
96 383 0 0
95 383 0 0
574 382 0 0
573 382 0 0
572 382 0 0
571 382 0 0
570 382 0 0
569 382 0 0
568 382 0 0
103 382 0 0
102 382 0 0
101 382 0 0
100 382 0 0
99 382 0 0
98 382 0 0
97 382 0 0
96 382 0 0
95 382 0 0
575 381 0 0
574 381 0 0
573 381 0 0
572 381 0 0
571 381 0 0
570 381 0 0
100 381 0 0
99 381 0 0
98 381 0 0
97 381 0 0
96 381 0 0
95 381 0 0
94 381 0 0
93 381 0 0
92 381 0 0
577 380 0 0
576 380 0 0
575 380 0 0
574 380 0 0
573 380 0 0
572 380 0 0
571 380 0 0
99 380 0 0
98 380 0 0
97 380 0 0
96 380 0 0
95 380 0 0
94 380 0 0
93 380 0 0
92 380 0 0
91 380 0 0
578 379 0 0
577 379 0 0
576 379 0 0
575 379 0 0
574 379 0 0
573 379 0 0
572 379 0 0
98 379 0 0
97 379 0 0
96 379 0 0
95 379 0 0
94 379 0 0
93 379 0 0
92 379 0 0
91 379 0 0
90 379 0 0
578 378 0 0
577 378 0 0
576 378 0 0
575 378 0 0
574 378 0 0
573 378 0 0
572 378 0 0
95 378 0 0
94 378 0 0
93 378 0 0
92 378 0 0
91 378 0 0
90 378 0 0
89 378 0 0
88 378 0 0
87 378 0 0
578 377 0 0
577 377 0 0
576 377 0 0
575 377 0 0
574 377 0 0
573 377 0 0
572 377 0 0
95 377 0 0
94 377 0 0
93 377 0 0
92 377 0 0
91 377 0 0
90 377 0 0
89 377 0 0
88 377 0 0
87 377 0 0
578 376 0 0
577 376 0 0
576 376 0 0
575 376 0 0
574 376 0 0
573 376 0 0
572 376 0 0
94 376 0 0
93 376 0 0
92 376 0 0
91 376 0 0
90 376 0 0
89 376 0 0
88 376 0 0
87 376 0 0
86 376 0 0
578 375 0 0
577 375 0 0
576 375 0 0
575 375 0 0
574 375 0 0
573 375 0 0
572 375 0 0
93 375 0 0
92 375 0 0
91 375 0 0
90 375 0 0
89 375 0 0
88 375 0 0
87 375 0 0
86 375 0 0
85 375 0 0
579 374 0 0
578 374 0 0
577 374 0 0
576 374 0 0
575 374 0 0
574 374 0 0
90 374 0 0
89 374 0 0
88 374 0 0
87 374 0 0
86 374 0 0
85 374 0 0
84 374 0 0
83 374 0 0
82 374 0 0
579 373 0 0
578 373 0 0
577 373 0 0
576 373 0 0
575 373 0 0
574 373 0 0
90 373 0 0
89 373 0 0
88 373 0 0
87 373 0 0
86 373 0 0
85 373 0 0
84 373 0 0
83 373 0 0
82 373 0 0
579 372 0 0
578 372 0 0
577 372 0 0
576 372 0 0
575 372 0 0
574 372 0 0
89 372 0 0
88 372 0 0
87 372 0 0
86 372 0 0
85 372 0 0
84 372 0 0
83 372 0 0
82 372 0 0
81 372 0 0
579 371 0 0
578 371 0 0
577 371 0 0
576 371 0 0
575 371 0 0
574 371 0 0
87 371 0 0
86 371 0 0
85 371 0 0
84 371 0 0
83 371 0 0
82 371 0 0
81 371 0 0
80 371 0 0
79 371 0 0
78 371 0 0
580 370 0 0
579 370 0 0
578 370 0 0
577 370 0 0
576 370 0 0
575 370 0 0
85 370 0 0
84 370 0 0
83 370 0 0
82 370 0 0
81 370 0 0
80 370 0 0
79 370 0 0
78 370 0 0
77 370 0 0
580 369 0 0
579 369 0 0
578 369 0 0
577 369 0 0
576 369 0 0
575 369 0 0
85 369 0 0
84 369 0 0
83 369 0 0
82 369 0 0
81 369 0 0
80 369 0 0
79 369 0 0
78 369 0 0
77 369 0 0
580 368 0 0
579 368 0 0
578 368 0 0
577 368 0 0
576 368 0 0
575 368 0 0
84 368 0 0
83 368 0 0
82 368 0 0
81 368 0 0
80 368 0 0
79 368 0 0
78 368 0 0
77 368 0 0
76 368 0 0
75 368 0 0
582 367 0 0
581 367 0 0
580 367 0 0
579 367 0 0
578 367 0 0
577 367 0 0
576 367 0 0
82 367 0 0
81 367 0 0
80 367 0 0
79 367 0 0
78 367 0 0
77 367 0 0
76 367 0 0
75 367 0 0
74 367 0 0
73 367 0 0
582 366 0 0
581 366 0 0
580 366 0 0
579 366 0 0
578 366 0 0
577 366 0 0
576 366 0 0
80 366 0 0
79 366 0 0
78 366 0 0
77 366 0 0
76 366 0 0
75 366 0 0
74 366 0 0
73 366 0 0
72 366 0 0
582 365 0 0
581 365 0 0
580 365 0 0
579 365 0 0
578 365 0 0
577 365 0 0
576 365 0 0
78 365 0 0
77 365 0 0
76 365 0 0
75 365 0 0
74 365 0 0
73 365 0 0
72 365 0 0
71 365 0 0
70 365 0 0
582 364 0 0
581 364 0 0
580 364 0 0
579 364 0 0
578 364 0 0
577 364 0 0
576 364 0 0
78 364 0 0
77 364 0 0
76 364 0 0
75 364 0 0
74 364 0 0
73 364 0 0
72 364 0 0
71 364 0 0
70 364 0 0
583 363 0 0
582 363 0 0
581 363 0 0
580 363 0 0
579 363 0 0
578 363 0 0
77 363 0 0
76 363 0 0
75 363 0 0
74 363 0 0
73 363 0 0
72 363 0 0
71 363 0 0
70 363 0 0
69 363 0 0
68 363 0 0
583 362 0 0
582 362 0 0
581 362 0 0
580 362 0 0
579 362 0 0
578 362 0 0
74 362 0 0
73 362 0 0
72 362 0 0
71 362 0 0
70 362 0 0
69 362 0 0
68 362 0 0
67 362 0 0
66 362 0 0
583 361 0 0
582 361 0 0
581 361 0 0
580 361 0 0
579 361 0 0
578 361 0 0
73 361 0 0
72 361 0 0
71 361 0 0
70 361 0 0
69 361 0 0
68 361 0 0
67 361 0 0
66 361 0 0
65 361 0 0
583 360 0 0
582 360 0 0
581 360 0 0
580 360 0 0
579 360 0 0
578 360 0 0
73 360 0 0
72 360 0 0
71 360 0 0
70 360 0 0
69 360 0 0
68 360 0 0
67 360 0 0
66 360 0 0
65 360 0 0
583 359 0 0
582 359 0 0
581 359 0 0
580 359 0 0
579 359 0 0
578 359 0 0
72 359 0 0
71 359 0 0
70 359 0 0
69 359 0 0
68 359 0 0
67 359 0 0
66 359 0 0
65 359 0 0
64 359 0 0
63 359 0 0
62 359 0 0
584 358 0 0
583 358 0 0
582 358 0 0
581 358 0 0
580 358 0 0
579 358 0 0
69 358 0 0
68 358 0 0
67 358 0 0
66 358 0 0
65 358 0 0
64 358 0 0
63 358 0 0
62 358 0 0
61 358 0 0
584 357 0 0
583 357 0 0
582 357 0 0
581 357 0 0
580 357 0 0
579 357 0 0
68 357 0 0
67 357 0 0
66 357 0 0
65 357 0 0
64 357 0 0
63 357 0 0
62 357 0 0
61 357 0 0
60 357 0 0
584 356 0 0
583 356 0 0
582 356 0 0
581 356 0 0
580 356 0 0
579 356 0 0
68 356 0 0
67 356 0 0
66 356 0 0
65 356 0 0
64 356 0 0
63 356 0 0
62 356 0 0
61 356 0 0
60 356 0 0
584 355 0 0
583 355 0 0
582 355 0 0
581 355 0 0
580 355 0 0
579 355 0 0
67 355 0 0
66 355 0 0
65 355 0 0
64 355 0 0
63 355 0 0
62 355 0 0
61 355 0 0
60 355 0 0
59 355 0 0
586 354 0 0
585 354 0 0
584 354 0 0
583 354 0 0
582 354 0 0
581 354 0 0
580 354 0 0
64 354 0 0
63 354 0 0
62 354 0 0
61 354 0 0
60 354 0 0
59 354 0 0
58 354 0 0
57 354 0 0
586 353 0 0
585 353 0 0
584 353 0 0
583 353 0 0
582 353 0 0
581 353 0 0
580 353 0 0
63 353 0 0
62 353 0 0
61 353 0 0
60 353 0 0
59 353 0 0
58 353 0 0
57 353 0 0
56 353 0 0
587 352 0 0
586 352 0 0
585 352 0 0
584 352 0 0
583 352 0 0
582 352 0 0
581 352 0 0
61 352 0 0
60 352 0 0
59 352 0 0
58 352 0 0
57 352 0 0
56 352 0 0
55 352 0 0
587 351 0 0
586 351 0 0
585 351 0 0
584 351 0 0
583 351 0 0
582 351 0 0
581 351 0 0
61 351 0 0
60 351 0 0
59 351 0 0
58 351 0 0
57 351 0 0
56 351 0 0
55 351 0 0
587 350 0 0
586 350 0 0
585 350 0 0
584 350 0 0
583 350 0 0
582 350 0 0
581 350 0 0
60 350 0 0
59 350 0 0
58 350 0 0
57 350 0 0
56 350 0 0
55 350 0 0
587 349 0 0
586 349 0 0
585 349 0 0
584 349 0 0
583 349 0 0
582 349 0 0
581 349 0 0
59 349 0 0
58 349 0 0
57 349 0 0
56 349 0 0
588 348 0 0
587 348 0 0
586 348 0 0
585 348 0 0
584 348 0 0
583 348 0 0
58 348 0 0
57 348 0 0
588 347 0 0
587 347 0 0
586 347 0 0
585 347 0 0
584 347 0 0
583 347 0 0
58 347 0 0
57 347 0 0
588 346 0 0
587 346 0 0
586 346 0 0
585 346 0 0
584 346 0 0
583 346 0 0
588 345 0 0
587 345 0 0
586 345 0 0
585 345 0 0
584 345 0 0
583 345 0 0
590 344 0 0
589 344 0 0
588 344 0 0
587 344 0 0
586 344 0 0
585 344 0 0
584 344 0 0
590 343 0 0
589 343 0 0
588 343 0 0
587 343 0 0
586 343 0 0
585 343 0 0
584 343 0 0
588 342 0 0
587 342 0 0
586 342 0 0
585 342 0 0
584 342 0 0
583 342 0 0
588 341 0 0
587 341 0 0
586 341 0 0
585 341 0 0
584 341 0 0
583 341 0 0
588 340 0 0
587 340 0 0
586 340 0 0
585 340 0 0
584 340 0 0
583 340 0 0
588 339 0 0
587 339 0 0
586 339 0 0
585 339 0 0
584 339 0 0
583 339 0 0
588 338 0 0
587 338 0 0
586 338 0 0
585 338 0 0
584 338 0 0
583 338 0 0
588 337 0 0
587 337 0 0
586 337 0 0
585 337 0 0
584 337 0 0
583 337 0 0
587 336 0 0
586 336 0 0
585 336 0 0
584 336 0 0
586 335 0 0
585 335 0 0
586 334 0 0
585 334 0 0
307 312 0 1
306 312 0 1
305 312 0 1
304 312 0 1
303 312 0 1
302 312 0 1
301 312 0 1
300 312 0 1
299 312 0 1
298 312 0 1
297 312 0 1
296 312 0 1
295 312 0 1
294 312 0 1
293 312 0 1
292 312 0 1
291 312 0 1
290 312 0 1
289 312 0 1
288 312 0 1
287 312 0 1
286 312 0 1
309 311 0 1
308 311 0 1
307 311 0 1
306 311 0 1
305 311 0 1
304 311 0 1
303 311 0 1
302 311 0 1
301 311 0 1
300 311 0 1
299 311 0 1
298 311 0 1
297 311 0 1
296 311 0 1
295 311 0 1
294 311 0 1
293 311 0 1
292 311 0 1
291 311 0 1
290 311 0 1
289 311 0 1
288 311 0 1
287 311 0 1
286 311 0 1
285 311 0 1
284 311 0 1
283 311 0 1
282 311 0 1
281 311 0 1
280 311 0 1
279 311 0 1
278 311 0 1
277 311 0 1
276 311 0 1
310 310 0 1
309 310 0 1
308 310 0 1
307 310 0 1
306 310 0 1
305 310 0 1
304 310 0 1
303 310 0 1
302 310 0 1
301 310 0 1
300 310 0 1
299 310 0 1
298 310 0 1
297 310 0 1
296 310 0 1
295 310 0 1
294 310 0 1
293 310 0 1
292 310 0 1
291 310 0 1
290 310 0 1
289 310 0 1
288 310 0 1
287 310 0 1
286 310 0 1
285 310 0 1
284 310 0 1
283 310 0 1
282 310 0 1
281 310 0 1
280 310 0 1
279 310 0 1
278 310 0 1
277 310 0 1
276 310 0 1
275 310 0 1
274 310 0 1
273 310 0 1
272 310 0 1
271 310 0 1
270 310 0 1
269 310 0 1
268 310 0 1
267 310 0 1
309 309 0 1
308 309 0 1
307 309 0 1
306 309 0 1
305 309 0 1
304 309 0 1
303 309 0 1
302 309 0 1
301 309 0 1
300 309 0 1
299 309 0 1
298 309 0 1
297 309 0 1
296 309 0 1
295 309 0 1
294 309 0 1
293 309 0 1
292 309 0 1
291 309 0 1
290 309 0 1
289 309 0 1
288 309 0 1
287 309 0 1
286 309 0 1
285 309 0 1
284 309 0 1
283 309 0 1
282 309 0 1
281 309 0 1
280 309 0 1
279 309 0 1
278 309 0 1
277 309 0 1
276 309 0 1
275 309 0 1
274 309 0 1
273 309 0 1
272 309 0 1
271 309 0 1
270 309 0 1
269 309 0 1
268 309 0 1
267 309 0 1
266 309 0 1
265 309 0 1
264 309 0 1
263 309 0 1
262 309 0 1
261 309 0 1
260 309 0 1
259 309 0 1
258 309 0 1
257 309 0 1
256 309 0 1
309 308 0 1
308 308 0 1
307 308 0 1
306 308 0 1
305 308 0 1
304 308 0 1
303 308 0 1
302 308 0 1
301 308 0 1
300 308 0 1
299 308 0 1
298 308 0 1
297 308 0 1
296 308 0 1
295 308 0 1
294 308 0 1
293 308 0 1
292 308 0 1
291 308 0 1
290 308 0 1
289 308 0 1
288 308 0 1
287 308 0 1
286 308 0 1
285 308 0 1
284 308 0 1
283 308 0 1
282 308 0 1
281 308 0 1
280 308 0 1
279 308 0 1
278 308 0 1
277 308 0 1
276 308 0 1
275 308 0 1
274 308 0 1
273 308 0 1
272 308 0 1
271 308 0 1
270 308 0 1
269 308 0 1
268 308 0 1
267 308 0 1
266 308 0 1
265 308 0 1
264 308 0 1
263 308 0 1
262 308 0 1
261 308 0 1
260 308 0 1
259 308 0 1
258 308 0 1
257 308 0 1
256 308 0 1
307 307 0 1
306 307 0 1
305 307 0 1
304 307 0 1
303 307 0 1
302 307 0 1
301 307 0 1
300 307 0 1
299 307 0 1
298 307 0 1
297 307 0 1
296 307 0 1
295 307 0 1
294 307 0 1
293 307 0 1
292 307 0 1
291 307 0 1
290 307 0 1
289 307 0 1
288 307 0 1
287 307 0 1
286 307 0 1
285 307 0 1
284 307 0 1
283 307 0 1
282 307 0 1
281 307 0 1
280 307 0 1
279 307 0 1
278 307 0 1
277 307 0 1
276 307 0 1
275 307 0 1
274 307 0 1
273 307 0 1
272 307 0 1
271 307 0 1
270 307 0 1
269 307 0 1
268 307 0 1
267 307 0 1
266 307 0 1
265 307 0 1
264 307 0 1
263 307 0 1
262 307 0 1
261 307 0 1
260 307 0 1
259 307 0 1
258 307 0 1
257 307 0 1
256 307 0 1
255 307 0 1
254 307 0 1
253 307 0 1
252 307 0 1
251 307 0 1
250 307 0 1
249 307 0 1
248 307 0 1
247 307 0 1
285 306 0 1
284 306 0 1
283 306 0 1
282 306 0 1
281 306 0 1
280 306 0 1
279 306 0 1
278 306 0 1
277 306 0 1
276 306 0 1
275 306 0 1
274 306 0 1
273 306 0 1
272 306 0 1
271 306 0 1
270 306 0 1
269 306 0 1
268 306 0 1
267 306 0 1
266 306 0 1
265 306 0 1
264 306 0 1
263 306 0 1
262 306 0 1
261 306 0 1
260 306 0 1
259 306 0 1
258 306 0 1
257 306 0 1
256 306 0 1
255 306 0 1
254 306 0 1
253 306 0 1
252 306 0 1
251 306 0 1
250 306 0 1
249 306 0 1
248 306 0 1
247 306 0 1
246 306 0 1
245 306 0 1
244 306 0 1
243 306 0 1
242 306 0 1
241 306 0 1
240 306 0 1
239 306 0 1
238 306 0 1
237 306 0 1
275 305 0 1
274 305 0 1
273 305 0 1
272 305 0 1
271 305 0 1
270 305 0 1
269 305 0 1
268 305 0 1
267 305 0 1
266 305 0 1
265 305 0 1
264 305 0 1
263 305 0 1
262 305 0 1
261 305 0 1
260 305 0 1
259 305 0 1
258 305 0 1
257 305 0 1
256 305 0 1
255 305 0 1
254 305 0 1
253 305 0 1
252 305 0 1
251 305 0 1
250 305 0 1
249 305 0 1
248 305 0 1
247 305 0 1
246 305 0 1
245 305 0 1
244 305 0 1
243 305 0 1
242 305 0 1
241 305 0 1
240 305 0 1
239 305 0 1
238 305 0 1
237 305 0 1
236 305 0 1
235 305 0 1
234 305 0 1
233 305 0 1
232 305 0 1
275 304 0 1
274 304 0 1
273 304 0 1
272 304 0 1
271 304 0 1
270 304 0 1
269 304 0 1
268 304 0 1
267 304 0 1
266 304 0 1
265 304 0 1
264 304 0 1
263 304 0 1
262 304 0 1
261 304 0 1
260 304 0 1
259 304 0 1
258 304 0 1
257 304 0 1
256 304 0 1
255 304 0 1
254 304 0 1
253 304 0 1
252 304 0 1
251 304 0 1
250 304 0 1
249 304 0 1
248 304 0 1
247 304 0 1
246 304 0 1
245 304 0 1
244 304 0 1
243 304 0 1
242 304 0 1
241 304 0 1
240 304 0 1
239 304 0 1
238 304 0 1
237 304 0 1
236 304 0 1
235 304 0 1
234 304 0 1
233 304 0 1
232 304 0 1
266 303 0 1
265 303 0 1
264 303 0 1
263 303 0 1
262 303 0 1
261 303 0 1
260 303 0 1
259 303 0 1
258 303 0 1
257 303 0 1
256 303 0 1
255 303 0 1
254 303 0 1
253 303 0 1
252 303 0 1
251 303 0 1
250 303 0 1
249 303 0 1
248 303 0 1
247 303 0 1
246 303 0 1
245 303 0 1
244 303 0 1
243 303 0 1
242 303 0 1
241 303 0 1
240 303 0 1
239 303 0 1
238 303 0 1
237 303 0 1
236 303 0 1
235 303 0 1
234 303 0 1
233 303 0 1
232 303 0 1
231 303 0 1
230 303 0 1
229 303 0 1
228 303 0 1
255 302 0 1
254 302 0 1
253 302 0 1
252 302 0 1
251 302 0 1
250 302 0 1
249 302 0 1
248 302 0 1
247 302 0 1
246 302 0 1
245 302 0 1
244 302 0 1
243 302 0 1
242 302 0 1
241 302 0 1
240 302 0 1
239 302 0 1
238 302 0 1
237 302 0 1
236 302 0 1
235 302 0 1
234 302 0 1
233 302 0 1
232 302 0 1
231 302 0 1
230 302 0 1
229 302 0 1
228 302 0 1
227 302 0 1
226 302 0 1
225 302 0 1
246 301 0 1
245 301 0 1
244 301 0 1
243 301 0 1
242 301 0 1
241 301 0 1
240 301 0 1
239 301 0 1
238 301 0 1
237 301 0 1
236 301 0 1
235 301 0 1
234 301 0 1
233 301 0 1
232 301 0 1
231 301 0 1
230 301 0 1
229 301 0 1
228 301 0 1
227 301 0 1
226 301 0 1
225 301 0 1
224 301 0 1
223 301 0 1
222 301 0 1
221 301 0 1
246 300 0 1
245 300 0 1
244 300 0 1
243 300 0 1
242 300 0 1
241 300 0 1
240 300 0 1
239 300 0 1
238 300 0 1
237 300 0 1
236 300 0 1
235 300 0 1
234 300 0 1
233 300 0 1
232 300 0 1
231 300 0 1
230 300 0 1
229 300 0 1
228 300 0 1
227 300 0 1
226 300 0 1
225 300 0 1
224 300 0 1
223 300 0 1
222 300 0 1
221 300 0 1
236 299 0 1
235 299 0 1
234 299 0 1
233 299 0 1
232 299 0 1
231 299 0 1
230 299 0 1
229 299 0 1
228 299 0 1
227 299 0 1
226 299 0 1
225 299 0 1
224 299 0 1
223 299 0 1
222 299 0 1
221 299 0 1
220 299 0 1
219 299 0 1
218 299 0 1
217 299 0 1
231 298 0 1
230 298 0 1
229 298 0 1
228 298 0 1
227 298 0 1
226 298 0 1
225 298 0 1
224 298 0 1
223 298 0 1
222 298 0 1
221 298 0 1
220 298 0 1
219 298 0 1
218 298 0 1
217 298 0 1
216 298 0 1
215 298 0 1
227 297 0 1
226 297 0 1
225 297 0 1
224 297 0 1
223 297 0 1
222 297 0 1
221 297 0 1
220 297 0 1
219 297 0 1
218 297 0 1
217 297 0 1
216 297 0 1
215 297 0 1
214 297 0 1
213 297 0 1
212 297 0 1
211 297 0 1
224 296 0 1
223 296 0 1
222 296 0 1
221 296 0 1
220 296 0 1
219 296 0 1
218 296 0 1
217 296 0 1
216 296 0 1
215 296 0 1
214 296 0 1
213 296 0 1
212 296 0 1
211 296 0 1
210 296 0 1
209 296 0 1
208 296 0 1
224 295 0 1
223 295 0 1
222 295 0 1
221 295 0 1
220 295 0 1
219 295 0 1
218 295 0 1
217 295 0 1
216 295 0 1
215 295 0 1
214 295 0 1
213 295 0 1
212 295 0 1
211 295 0 1
210 295 0 1
209 295 0 1
208 295 0 1
220 294 0 1
219 294 0 1
218 294 0 1
217 294 0 1
216 294 0 1
215 294 0 1
214 294 0 1
213 294 0 1
212 294 0 1
211 294 0 1
210 294 0 1
209 294 0 1
208 294 0 1
207 294 0 1
206 294 0 1
205 294 0 1
204 294 0 1
218 293 0 1
217 293 0 1
216 293 0 1
215 293 0 1
214 293 0 1
213 293 0 1
212 293 0 1
211 293 0 1
210 293 0 1
209 293 0 1
208 293 0 1
207 293 0 1
206 293 0 1
205 293 0 1
204 293 0 1
203 293 0 1
202 293 0 1
214 292 0 1
213 292 0 1
212 292 0 1
211 292 0 1
210 292 0 1
209 292 0 1
208 292 0 1
207 292 0 1
206 292 0 1
205 292 0 1
204 292 0 1
203 292 0 1
202 292 0 1
201 292 0 1
200 292 0 1
199 292 0 1
214 291 0 1
213 291 0 1
212 291 0 1
211 291 0 1
210 291 0 1
209 291 0 1
208 291 0 1
207 291 0 1
206 291 0 1
205 291 0 1
204 291 0 1
203 291 0 1
202 291 0 1
201 291 0 1
200 291 0 1
199 291 0 1
210 290 0 1
209 290 0 1
208 290 0 1
207 290 0 1
206 290 0 1
205 290 0 1
204 290 0 1
203 290 0 1
202 290 0 1
201 290 0 1
200 290 0 1
199 290 0 1
198 290 0 1
197 290 0 1
196 290 0 1
207 289 0 1
206 289 0 1
205 289 0 1
204 289 0 1
203 289 0 1
202 289 0 1
201 289 0 1
200 289 0 1
199 289 0 1
198 289 0 1
197 289 0 1
196 289 0 1
195 289 0 1
194 289 0 1
203 288 0 1
202 288 0 1
201 288 0 1
200 288 0 1
199 288 0 1
198 288 0 1
197 288 0 1
196 288 0 1
195 288 0 1
194 288 0 1
193 288 0 1
192 288 0 1
191 288 0 1
203 287 0 1
202 287 0 1
201 287 0 1
200 287 0 1
199 287 0 1
198 287 0 1
197 287 0 1
196 287 0 1
195 287 0 1
194 287 0 1
193 287 0 1
192 287 0 1
191 287 0 1
201 286 0 1
200 286 0 1
199 286 0 1
198 286 0 1
197 286 0 1
196 286 0 1
195 286 0 1
194 286 0 1
193 286 0 1
192 286 0 1
191 286 0 1
190 286 0 1
189 286 0 1
198 285 0 1
197 285 0 1
196 285 0 1
195 285 0 1
194 285 0 1
193 285 0 1
192 285 0 1
191 285 0 1
190 285 0 1
189 285 0 1
188 285 0 1
187 285 0 1
186 285 0 1
195 284 0 1
194 284 0 1
193 284 0 1
192 284 0 1
191 284 0 1
190 284 0 1
189 284 0 1
188 284 0 1
187 284 0 1
186 284 0 1
185 284 0 1
194 283 0 1
193 283 0 1
192 283 0 1
191 283 0 1
190 283 0 1
189 283 0 1
188 283 0 1
187 283 0 1
186 283 0 1
185 283 0 1
184 283 0 1
183 283 0 1
182 283 0 1
181 283 0 1
194 282 0 1
193 282 0 1
192 282 0 1
191 282 0 1
190 282 0 1
189 282 0 1
188 282 0 1
187 282 0 1
186 282 0 1
185 282 0 1
184 282 0 1
183 282 0 1
182 282 0 1
181 282 0 1
190 281 0 1
189 281 0 1
188 281 0 1
187 281 0 1
186 281 0 1
185 281 0 1
184 281 0 1
183 281 0 1
182 281 0 1
181 281 0 1
180 281 0 1
179 281 0 1
178 281 0 1
188 280 0 1
187 280 0 1
186 280 0 1
185 280 0 1
184 280 0 1
183 280 0 1
182 280 0 1
181 280 0 1
180 280 0 1
179 280 0 1
178 280 0 1
177 280 0 1
176 280 0 1
185 279 0 1
184 279 0 1
183 279 0 1
182 279 0 1
181 279 0 1
180 279 0 1
179 279 0 1
178 279 0 1
177 279 0 1
176 279 0 1
175 279 0 1
174 279 0 1
185 278 0 1
184 278 0 1
183 278 0 1
182 278 0 1
181 278 0 1
180 278 0 1
179 278 0 1
178 278 0 1
177 278 0 1
176 278 0 1
175 278 0 1
174 278 0 1
184 277 0 1
183 277 0 1
182 277 0 1
181 277 0 1
180 277 0 1
179 277 0 1
178 277 0 1
177 277 0 1
176 277 0 1
175 277 0 1
174 277 0 1
173 277 0 1
172 277 0 1
171 277 0 1
170 277 0 1
180 276 0 1
179 276 0 1
178 276 0 1
177 276 0 1
176 276 0 1
175 276 0 1
174 276 0 1
173 276 0 1
172 276 0 1
171 276 0 1
170 276 0 1
169 276 0 1
168 276 0 1
177 275 0 1
176 275 0 1
175 275 0 1
174 275 0 1
173 275 0 1
172 275 0 1
171 275 0 1
170 275 0 1
169 275 0 1
168 275 0 1
167 275 0 1
177 274 0 1
176 274 0 1
175 274 0 1
174 274 0 1
173 274 0 1
172 274 0 1
171 274 0 1
170 274 0 1
169 274 0 1
168 274 0 1
167 274 0 1
176 273 0 1
175 273 0 1
174 273 0 1
173 273 0 1
172 273 0 1
171 273 0 1
170 273 0 1
169 273 0 1
168 273 0 1
167 273 0 1
166 273 0 1
165 273 0 1
164 273 0 1
173 272 0 1
172 272 0 1
171 272 0 1
170 272 0 1
169 272 0 1
168 272 0 1
167 272 0 1
166 272 0 1
165 272 0 1
164 272 0 1
163 272 0 1
162 272 0 1
161 272 0 1
169 271 0 1
168 271 0 1
167 271 0 1
166 271 0 1
165 271 0 1
164 271 0 1
163 271 0 1
162 271 0 1
161 271 0 1
160 271 0 1
159 271 0 1
158 271 0 1
157 271 0 1
167 270 0 1
166 270 0 1
165 270 0 1
164 270 0 1
163 270 0 1
162 270 0 1
161 270 0 1
160 270 0 1
159 270 0 1
158 270 0 1
157 270 0 1
156 270 0 1
167 269 0 1
166 269 0 1
165 269 0 1
164 269 0 1
163 269 0 1
162 269 0 1
161 269 0 1
160 269 0 1
159 269 0 1
158 269 0 1
157 269 0 1
156 269 0 1
166 268 0 1
165 268 0 1
164 268 0 1
163 268 0 1
162 268 0 1
161 268 0 1
160 268 0 1
159 268 0 1
158 268 0 1
157 268 0 1
156 268 0 1
155 268 0 1
154 268 0 1
153 268 0 1
163 267 0 1
162 267 0 1
161 267 0 1
160 267 0 1
159 267 0 1
158 267 0 1
157 267 0 1
156 267 0 1
155 267 0 1
154 267 0 1
153 267 0 1
152 267 0 1
151 267 0 1
160 266 0 1
159 266 0 1
158 266 0 1
157 266 0 1
156 266 0 1
155 266 0 1
154 266 0 1
153 266 0 1
152 266 0 1
151 266 0 1
150 266 0 1
149 266 0 1
148 266 0 1
160 265 0 1
159 265 0 1
158 265 0 1
157 265 0 1
156 265 0 1
155 265 0 1
154 265 0 1
153 265 0 1
152 265 0 1
151 265 0 1
150 265 0 1
149 265 0 1
148 265 0 1
158 264 0 1
157 264 0 1
156 264 0 1
155 264 0 1
154 264 0 1
153 264 0 1
152 264 0 1
151 264 0 1
150 264 0 1
149 264 0 1
148 264 0 1
147 264 0 1
146 264 0 1
155 263 0 1
154 263 0 1
153 263 0 1
152 263 0 1
151 263 0 1
150 263 0 1
149 263 0 1
148 263 0 1
147 263 0 1
146 263 0 1
145 263 0 1
144 263 0 1
143 263 0 1
152 262 0 1
151 262 0 1
150 262 0 1
149 262 0 1
148 262 0 1
147 262 0 1
146 262 0 1
145 262 0 1
144 262 0 1
143 262 0 1
142 262 0 1
141 262 0 1
140 262 0 1
152 261 0 1
151 261 0 1
150 261 0 1
149 261 0 1
148 261 0 1
147 261 0 1
146 261 0 1
145 261 0 1
144 261 0 1
143 261 0 1
142 261 0 1
141 261 0 1
140 261 0 1
150 260 0 1
149 260 0 1
148 260 0 1
147 260 0 1
146 260 0 1
145 260 0 1
144 260 0 1
143 260 0 1
142 260 0 1
141 260 0 1
140 260 0 1
139 260 0 1
138 260 0 1
147 259 0 1
146 259 0 1
145 259 0 1
144 259 0 1
143 259 0 1
142 259 0 1
141 259 0 1
140 259 0 1
139 259 0 1
138 259 0 1
137 259 0 1
145 258 0 1
144 258 0 1
143 258 0 1
142 258 0 1
141 258 0 1
140 258 0 1
139 258 0 1
138 258 0 1
137 258 0 1
136 258 0 1
135 258 0 1
134 258 0 1
142 257 0 1
141 257 0 1
140 257 0 1
139 257 0 1
138 257 0 1
137 257 0 1
136 257 0 1
135 257 0 1
134 257 0 1
133 257 0 1
142 256 0 1
141 256 0 1
140 256 0 1
139 256 0 1
138 256 0 1
137 256 0 1
136 256 0 1
135 256 0 1
134 256 0 1
133 256 0 1
139 255 0 1
138 255 0 1
137 255 0 1
136 255 0 1
135 255 0 1
134 255 0 1
133 255 0 1
132 255 0 1
131 255 0 1
137 254 0 1
136 254 0 1
135 254 0 1
134 254 0 1
133 254 0 1
132 254 0 1
131 254 0 1
136 253 0 1
135 253 0 1
134 253 0 1
133 253 0 1
136 252 0 1
135 252 0 1
134 252 0 1
133 252 0 1
134 251 0 1
285 171 0 0
284 171 0 0
285 170 0 0
284 170 0 0
290 169 0 0
289 169 0 0
288 169 0 0
287 169 0 0
286 169 0 0
285 169 0 0
284 169 0 0
283 169 0 0
282 169 0 0
296 168 0 0
295 168 0 0
294 168 0 0
293 168 0 0
292 168 0 0
291 168 0 0
290 168 0 0
289 168 0 0
288 168 0 0
287 168 0 0
286 168 0 0
285 168 0 0
284 168 0 0
283 168 0 0
282 168 0 0
281 168 0 0
301 167 0 0
300 167 0 0
299 167 0 0
298 167 0 0
297 167 0 0
296 167 0 0
295 167 0 0
294 167 0 0
293 167 0 0
292 167 0 0
291 167 0 0
290 167 0 0
289 167 0 0
288 167 0 0
287 167 0 0
286 167 0 0
285 167 0 0
284 167 0 0
283 167 0 0
282 167 0 0
306 166 0 0
305 166 0 0
304 166 0 0
303 166 0 0
302 166 0 0
301 166 0 0
300 166 0 0
299 166 0 0
298 166 0 0
297 166 0 0
296 166 0 0
295 166 0 0
294 166 0 0
293 166 0 0
292 166 0 0
291 166 0 0
290 166 0 0
289 166 0 0
288 166 0 0
287 166 0 0
286 166 0 0
285 166 0 0
284 166 0 0
306 165 0 0
305 165 0 0
304 165 0 0
303 165 0 0
302 165 0 0
301 165 0 0
300 165 0 0
299 165 0 0
298 165 0 0
297 165 0 0
296 165 0 0
295 165 0 0
294 165 0 0
293 165 0 0
292 165 0 0
291 165 0 0
290 165 0 0
289 165 0 0
288 165 0 0
287 165 0 0
286 165 0 0
285 165 0 0
284 165 0 0
311 164 0 0
310 164 0 0
309 164 0 0
308 164 0 0
307 164 0 0
306 164 0 0
305 164 0 0
304 164 0 0
303 164 0 0
302 164 0 0
301 164 0 0
300 164 0 0
299 164 0 0
298 164 0 0
297 164 0 0
296 164 0 0
295 164 0 0
294 164 0 0
293 164 0 0
292 164 0 0
291 164 0 0
290 164 0 0
289 164 0 0
288 164 0 0
287 164 0 0
286 164 0 0
316 163 0 0
315 163 0 0
314 163 0 0
313 163 0 0
312 163 0 0
311 163 0 0
310 163 0 0
309 163 0 0
308 163 0 0
307 163 0 0
306 163 0 0
305 163 0 0
304 163 0 0
303 163 0 0
302 163 0 0
301 163 0 0
300 163 0 0
299 163 0 0
298 163 0 0
297 163 0 0
296 163 0 0
295 163 0 0
294 163 0 0
293 163 0 0
292 163 0 0
291 163 0 0
322 162 0 0
321 162 0 0
320 162 0 0
319 162 0 0
318 162 0 0
317 162 0 0
316 162 0 0
315 162 0 0
314 162 0 0
313 162 0 0
312 162 0 0
311 162 0 0
310 162 0 0
309 162 0 0
308 162 0 0
307 162 0 0
306 162 0 0
305 162 0 0
304 162 0 0
303 162 0 0
302 162 0 0
301 162 0 0
300 162 0 0
299 162 0 0
298 162 0 0
297 162 0 0
322 161 0 0
321 161 0 0
320 161 0 0
319 161 0 0
318 161 0 0
317 161 0 0
316 161 0 0
315 161 0 0
314 161 0 0
313 161 0 0
312 161 0 0
311 161 0 0
310 161 0 0
309 161 0 0
308 161 0 0
307 161 0 0
306 161 0 0
305 161 0 0
304 161 0 0
303 161 0 0
302 161 0 0
301 161 0 0
300 161 0 0
299 161 0 0
298 161 0 0
297 161 0 0
327 160 0 0
326 160 0 0
325 160 0 0
324 160 0 0
323 160 0 0
322 160 0 0
321 160 0 0
320 160 0 0
319 160 0 0
318 160 0 0
317 160 0 0
316 160 0 0
315 160 0 0
314 160 0 0
313 160 0 0
312 160 0 0
311 160 0 0
310 160 0 0
309 160 0 0
308 160 0 0
307 160 0 0
306 160 0 0
305 160 0 0
304 160 0 0
303 160 0 0
302 160 0 0
332 159 0 0
331 159 0 0
330 159 0 0
329 159 0 0
328 159 0 0
327 159 0 0
326 159 0 0
325 159 0 0
324 159 0 0
323 159 0 0
322 159 0 0
321 159 0 0
320 159 0 0
319 159 0 0
318 159 0 0
317 159 0 0
316 159 0 0
315 159 0 0
314 159 0 0
313 159 0 0
312 159 0 0
311 159 0 0
310 159 0 0
309 159 0 0
308 159 0 0
307 159 0 0
337 158 0 0
336 158 0 0
335 158 0 0
334 158 0 0
333 158 0 0
332 158 0 0
331 158 0 0
330 158 0 0
329 158 0 0
328 158 0 0
327 158 0 0
326 158 0 0
325 158 0 0
324 158 0 0
323 158 0 0
322 158 0 0
321 158 0 0
320 158 0 0
319 158 0 0
318 158 0 0
317 158 0 0
316 158 0 0
315 158 0 0
314 158 0 0
313 158 0 0
312 158 0 0
337 157 0 0
336 157 0 0
335 157 0 0
334 157 0 0
333 157 0 0
332 157 0 0
331 157 0 0
330 157 0 0
329 157 0 0
328 157 0 0
327 157 0 0
326 157 0 0
325 157 0 0
324 157 0 0
323 157 0 0
322 157 0 0
321 157 0 0
320 157 0 0
319 157 0 0
318 157 0 0
317 157 0 0
316 157 0 0
315 157 0 0
314 157 0 0
313 157 0 0
312 157 0 0
342 156 0 0
341 156 0 0
340 156 0 0
339 156 0 0
338 156 0 0
337 156 0 0
336 156 0 0
335 156 0 0
334 156 0 0
333 156 0 0
332 156 0 0
331 156 0 0
330 156 0 0
329 156 0 0
328 156 0 0
327 156 0 0
326 156 0 0
325 156 0 0
324 156 0 0
323 156 0 0
322 156 0 0
321 156 0 0
320 156 0 0
319 156 0 0
318 156 0 0
317 156 0 0
348 155 0 0
347 155 0 0
346 155 0 0
345 155 0 0
344 155 0 0
343 155 0 0
342 155 0 0
341 155 0 0
340 155 0 0
339 155 0 0
338 155 0 0
337 155 0 0
336 155 0 0
335 155 0 0
334 155 0 0
333 155 0 0
332 155 0 0
331 155 0 0
330 155 0 0
329 155 0 0
328 155 0 0
327 155 0 0
326 155 0 0
325 155 0 0
324 155 0 0
323 155 0 0
353 154 0 0
352 154 0 0
351 154 0 0
350 154 0 0
349 154 0 0
348 154 0 0
347 154 0 0
346 154 0 0
345 154 0 0
344 154 0 0
343 154 0 0
342 154 0 0
341 154 0 0
340 154 0 0
339 154 0 0
338 154 0 0
337 154 0 0
336 154 0 0
335 154 0 0
334 154 0 0
333 154 0 0
332 154 0 0
331 154 0 0
330 154 0 0
329 154 0 0
328 154 0 0
353 153 0 0
352 153 0 0
351 153 0 0
350 153 0 0
349 153 0 0
348 153 0 0
347 153 0 0
346 153 0 0
345 153 0 0
344 153 0 0
343 153 0 0
342 153 0 0
341 153 0 0
340 153 0 0
339 153 0 0
338 153 0 0
337 153 0 0
336 153 0 0
335 153 0 0
334 153 0 0
333 153 0 0
332 153 0 0
331 153 0 0
330 153 0 0
329 153 0 0
328 153 0 0
358 152 0 0
357 152 0 0
356 152 0 0
355 152 0 0
354 152 0 0
353 152 0 0
352 152 0 0
351 152 0 0
350 152 0 0
349 152 0 0
348 152 0 0
347 152 0 0
346 152 0 0
345 152 0 0
344 152 0 0
343 152 0 0
342 152 0 0
341 152 0 0
340 152 0 0
339 152 0 0
338 152 0 0
337 152 0 0
336 152 0 0
335 152 0 0
334 152 0 0
333 152 0 0
363 151 0 0
362 151 0 0
361 151 0 0
360 151 0 0
359 151 0 0
358 151 0 0
357 151 0 0
356 151 0 0
355 151 0 0
354 151 0 0
353 151 0 0
352 151 0 0
351 151 0 0
350 151 0 0
349 151 0 0
348 151 0 0
347 151 0 0
346 151 0 0
345 151 0 0
344 151 0 0
343 151 0 0
342 151 0 0
341 151 0 0
340 151 0 0
339 151 0 0
338 151 0 0
368 150 0 0
367 150 0 0
366 150 0 0
365 150 0 0
364 150 0 0
363 150 0 0
362 150 0 0
361 150 0 0
360 150 0 0
359 150 0 0
358 150 0 0
357 150 0 0
356 150 0 0
355 150 0 0
354 150 0 0
353 150 0 0
352 150 0 0
351 150 0 0
350 150 0 0
349 150 0 0
348 150 0 0
347 150 0 0
346 150 0 0
345 150 0 0
344 150 0 0
343 150 0 0
374 149 0 0
373 149 0 0
372 149 0 0
371 149 0 0
370 149 0 0
369 149 0 0
368 149 0 0
367 149 0 0
366 149 0 0
365 149 0 0
364 149 0 0
363 149 0 0
362 149 0 0
361 149 0 0
360 149 0 0
359 149 0 0
358 149 0 0
357 149 0 0
356 149 0 0
355 149 0 0
354 149 0 0
353 149 0 0
352 149 0 0
351 149 0 0
350 149 0 0
349 149 0 0
374 148 0 0
373 148 0 0
372 148 0 0
371 148 0 0
370 148 0 0
369 148 0 0
368 148 0 0
367 148 0 0
366 148 0 0
365 148 0 0
364 148 0 0
363 148 0 0
362 148 0 0
361 148 0 0
360 148 0 0
359 148 0 0
358 148 0 0
357 148 0 0
356 148 0 0
355 148 0 0
354 148 0 0
353 148 0 0
352 148 0 0
351 148 0 0
350 148 0 0
349 148 0 0
379 147 0 0
378 147 0 0
377 147 0 0
376 147 0 0
375 147 0 0
374 147 0 0
373 147 0 0
372 147 0 0
371 147 0 0
370 147 0 0
369 147 0 0
368 147 0 0
367 147 0 0
366 147 0 0
365 147 0 0
364 147 0 0
363 147 0 0
362 147 0 0
361 147 0 0
360 147 0 0
359 147 0 0
358 147 0 0
357 147 0 0
356 147 0 0
355 147 0 0
354 147 0 0
384 146 0 0
383 146 0 0
382 146 0 0
381 146 0 0
380 146 0 0
379 146 0 0
378 146 0 0
377 146 0 0
376 146 0 0
375 146 0 0
374 146 0 0
373 146 0 0
372 146 0 0
371 146 0 0
370 146 0 0
369 146 0 0
368 146 0 0
367 146 0 0
366 146 0 0
365 146 0 0
364 146 0 0
363 146 0 0
362 146 0 0
361 146 0 0
360 146 0 0
359 146 0 0
389 145 0 0
388 145 0 0
387 145 0 0
386 145 0 0
385 145 0 0
384 145 0 0
383 145 0 0
382 145 0 0
381 145 0 0
380 145 0 0
379 145 0 0
378 145 0 0
377 145 0 0
376 145 0 0
375 145 0 0
374 145 0 0
373 145 0 0
372 145 0 0
371 145 0 0
370 145 0 0
369 145 0 0
368 145 0 0
367 145 0 0
366 145 0 0
365 145 0 0
364 145 0 0
389 144 0 0
388 144 0 0
387 144 0 0
386 144 0 0
385 144 0 0
384 144 0 0
383 144 0 0
382 144 0 0
381 144 0 0
380 144 0 0
379 144 0 0
378 144 0 0
377 144 0 0
376 144 0 0
375 144 0 0
374 144 0 0
373 144 0 0
372 144 0 0
371 144 0 0
370 144 0 0
369 144 0 0
368 144 0 0
367 144 0 0
366 144 0 0
365 144 0 0
364 144 0 0
394 143 0 0
393 143 0 0
392 143 0 0
391 143 0 0
390 143 0 0
389 143 0 0
388 143 0 0
387 143 0 0
386 143 0 0
385 143 0 0
384 143 0 0
383 143 0 0
382 143 0 0
381 143 0 0
380 143 0 0
379 143 0 0
378 143 0 0
377 143 0 0
376 143 0 0
375 143 0 0
374 143 0 0
373 143 0 0
372 143 0 0
371 143 0 0
370 143 0 0
369 143 0 0
400 142 0 0
399 142 0 0
398 142 0 0
397 142 0 0
396 142 0 0
395 142 0 0
394 142 0 0
393 142 0 0
392 142 0 0
391 142 0 0
390 142 0 0
389 142 0 0
388 142 0 0
387 142 0 0
386 142 0 0
385 142 0 0
384 142 0 0
383 142 0 0
382 142 0 0
381 142 0 0
380 142 0 0
379 142 0 0
378 142 0 0
377 142 0 0
376 142 0 0
375 142 0 0
405 141 0 0
404 141 0 0
403 141 0 0
402 141 0 0
401 141 0 0
400 141 0 0
399 141 0 0
398 141 0 0
397 141 0 0
396 141 0 0
395 141 0 0
394 141 0 0
393 141 0 0
392 141 0 0
391 141 0 0
390 141 0 0
389 141 0 0
388 141 0 0
387 141 0 0
386 141 0 0
385 141 0 0
384 141 0 0
383 141 0 0
382 141 0 0
381 141 0 0
380 141 0 0
405 140 0 0
404 140 0 0
403 140 0 0
402 140 0 0
401 140 0 0
400 140 0 0
399 140 0 0
398 140 0 0
397 140 0 0
396 140 0 0
395 140 0 0
394 140 0 0
393 140 0 0
392 140 0 0
391 140 0 0
390 140 0 0
389 140 0 0
388 140 0 0
387 140 0 0
386 140 0 0
385 140 0 0
384 140 0 0
383 140 0 0
382 140 0 0
381 140 0 0
380 140 0 0
410 139 0 0
409 139 0 0
408 139 0 0
407 139 0 0
406 139 0 0
405 139 0 0
404 139 0 0
403 139 0 0
402 139 0 0
401 139 0 0
400 139 0 0
399 139 0 0
398 139 0 0
397 139 0 0
396 139 0 0
395 139 0 0
394 139 0 0
393 139 0 0
392 139 0 0
391 139 0 0
390 139 0 0
389 139 0 0
388 139 0 0
387 139 0 0
386 139 0 0
385 139 0 0
415 138 0 0
414 138 0 0
413 138 0 0
412 138 0 0
411 138 0 0
410 138 0 0
409 138 0 0
408 138 0 0
407 138 0 0
406 138 0 0
405 138 0 0
404 138 0 0
403 138 0 0
402 138 0 0
401 138 0 0
400 138 0 0
399 138 0 0
398 138 0 0
397 138 0 0
396 138 0 0
395 138 0 0
394 138 0 0
393 138 0 0
392 138 0 0
391 138 0 0
390 138 0 0
420 137 0 0
419 137 0 0
418 137 0 0
417 137 0 0
416 137 0 0
415 137 0 0
414 137 0 0
413 137 0 0
412 137 0 0
411 137 0 0
410 137 0 0
409 137 0 0
408 137 0 0
407 137 0 0
406 137 0 0
405 137 0 0
404 137 0 0
403 137 0 0
402 137 0 0
401 137 0 0
400 137 0 0
399 137 0 0
398 137 0 0
397 137 0 0
396 137 0 0
395 137 0 0
426 136 0 0
425 136 0 0
424 136 0 0
423 136 0 0
422 136 0 0
421 136 0 0
420 136 0 0
419 136 0 0
418 136 0 0
417 136 0 0
416 136 0 0
415 136 0 0
414 136 0 0
413 136 0 0
412 136 0 0
411 136 0 0
410 136 0 0
409 136 0 0
408 136 0 0
407 136 0 0
406 136 0 0
405 136 0 0
404 136 0 0
403 136 0 0
402 136 0 0
401 136 0 0
426 135 0 0
425 135 0 0
424 135 0 0
423 135 0 0
422 135 0 0
421 135 0 0
420 135 0 0
419 135 0 0
418 135 0 0
417 135 0 0
416 135 0 0
415 135 0 0
414 135 0 0
413 135 0 0
412 135 0 0
411 135 0 0
410 135 0 0
409 135 0 0
408 135 0 0
407 135 0 0
406 135 0 0
405 135 0 0
404 135 0 0
403 135 0 0
402 135 0 0
401 135 0 0
431 134 0 0
430 134 0 0
429 134 0 0
428 134 0 0
427 134 0 0
426 134 0 0
425 134 0 0
424 134 0 0
423 134 0 0
422 134 0 0
421 134 0 0
420 134 0 0
419 134 0 0
418 134 0 0
417 134 0 0
416 134 0 0
415 134 0 0
414 134 0 0
413 134 0 0
412 134 0 0
411 134 0 0
410 134 0 0
409 134 0 0
408 134 0 0
407 134 0 0
406 134 0 0
436 133 0 0
435 133 0 0
434 133 0 0
433 133 0 0
432 133 0 0
431 133 0 0
430 133 0 0
429 133 0 0
428 133 0 0
427 133 0 0
426 133 0 0
425 133 0 0
424 133 0 0
423 133 0 0
422 133 0 0
421 133 0 0
420 133 0 0
419 133 0 0
418 133 0 0
417 133 0 0
416 133 0 0
415 133 0 0
414 133 0 0
413 133 0 0
412 133 0 0
411 133 0 0
441 132 0 0
440 132 0 0
439 132 0 0
438 132 0 0
437 132 0 0
436 132 0 0
435 132 0 0
434 132 0 0
433 132 0 0
432 132 0 0
431 132 0 0
430 132 0 0
429 132 0 0
428 132 0 0
427 132 0 0
426 132 0 0
425 132 0 0
424 132 0 0
423 132 0 0
422 132 0 0
421 132 0 0
420 132 0 0
419 132 0 0
418 132 0 0
417 132 0 0
416 132 0 0
441 131 0 0
440 131 0 0
439 131 0 0
438 131 0 0
437 131 0 0
436 131 0 0
435 131 0 0
434 131 0 0
433 131 0 0
432 131 0 0
431 131 0 0
430 131 0 0
429 131 0 0
428 131 0 0
427 131 0 0
426 131 0 0
425 131 0 0
424 131 0 0
423 131 0 0
422 131 0 0
421 131 0 0
420 131 0 0
419 131 0 0
418 131 0 0
417 131 0 0
416 131 0 0
446 130 0 0
445 130 0 0
444 130 0 0
443 130 0 0
442 130 0 0
441 130 0 0
440 130 0 0
439 130 0 0
438 130 0 0
437 130 0 0
436 130 0 0
435 130 0 0
434 130 0 0
433 130 0 0
432 130 0 0
431 130 0 0
430 130 0 0
429 130 0 0
428 130 0 0
427 130 0 0
426 130 0 0
425 130 0 0
424 130 0 0
423 130 0 0
422 130 0 0
421 130 0 0
452 129 0 0
451 129 0 0
450 129 0 0
449 129 0 0
448 129 0 0
447 129 0 0
446 129 0 0
445 129 0 0
444 129 0 0
443 129 0 0
442 129 0 0
441 129 0 0
440 129 0 0
439 129 0 0
438 129 0 0
437 129 0 0
436 129 0 0
435 129 0 0
434 129 0 0
433 129 0 0
432 129 0 0
431 129 0 0
430 129 0 0
429 129 0 0
428 129 0 0
427 129 0 0
457 128 0 0
456 128 0 0
455 128 0 0
454 128 0 0
453 128 0 0
452 128 0 0
451 128 0 0
450 128 0 0
449 128 0 0
448 128 0 0
447 128 0 0
446 128 0 0
445 128 0 0
444 128 0 0
443 128 0 0
442 128 0 0
441 128 0 0
440 128 0 0
439 128 0 0
438 128 0 0
437 128 0 0
436 128 0 0
435 128 0 0
434 128 0 0
433 128 0 0
432 128 0 0
457 127 0 0
456 127 0 0
455 127 0 0
454 127 0 0
453 127 0 0
452 127 0 0
451 127 0 0
450 127 0 0
449 127 0 0
448 127 0 0
447 127 0 0
446 127 0 0
445 127 0 0
444 127 0 0
443 127 0 0
442 127 0 0
441 127 0 0
440 127 0 0
439 127 0 0
438 127 0 0
437 127 0 0
436 127 0 0
435 127 0 0
434 127 0 0
433 127 0 0
432 127 0 0
462 126 0 0
461 126 0 0
460 126 0 0
459 126 0 0
458 126 0 0
457 126 0 0
456 126 0 0
455 126 0 0
454 126 0 0
453 126 0 0
452 126 0 0
451 126 0 0
450 126 0 0
449 126 0 0
448 126 0 0
447 126 0 0
446 126 0 0
445 126 0 0
444 126 0 0
443 126 0 0
442 126 0 0
441 126 0 0
440 126 0 0
439 126 0 0
438 126 0 0
437 126 0 0
467 125 0 0
466 125 0 0
465 125 0 0
464 125 0 0
463 125 0 0
462 125 0 0
461 125 0 0
460 125 0 0
459 125 0 0
458 125 0 0
457 125 0 0
456 125 0 0
455 125 0 0
454 125 0 0
453 125 0 0
452 125 0 0
451 125 0 0
450 125 0 0
449 125 0 0
448 125 0 0
447 125 0 0
446 125 0 0
445 125 0 0
444 125 0 0
443 125 0 0
442 125 0 0
472 124 0 0
471 124 0 0
470 124 0 0
469 124 0 0
468 124 0 0
467 124 0 0
466 124 0 0
465 124 0 0
464 124 0 0
463 124 0 0
462 124 0 0
461 124 0 0
460 124 0 0
459 124 0 0
458 124 0 0
457 124 0 0
456 124 0 0
455 124 0 0
454 124 0 0
453 124 0 0
452 124 0 0
451 124 0 0
450 124 0 0
449 124 0 0
448 124 0 0
447 124 0 0
478 123 0 0
477 123 0 0
476 123 0 0
475 123 0 0
474 123 0 0
473 123 0 0
472 123 0 0
471 123 0 0
470 123 0 0
469 123 0 0
468 123 0 0
467 123 0 0
466 123 0 0
465 123 0 0
464 123 0 0
463 123 0 0
462 123 0 0
461 123 0 0
460 123 0 0
459 123 0 0
458 123 0 0
457 123 0 0
456 123 0 0
455 123 0 0
454 123 0 0
453 123 0 0
478 122 0 0
477 122 0 0
476 122 0 0
475 122 0 0
474 122 0 0
473 122 0 0
472 122 0 0
471 122 0 0
470 122 0 0
469 122 0 0
468 122 0 0
467 122 0 0
466 122 0 0
465 122 0 0
464 122 0 0
463 122 0 0
462 122 0 0
461 122 0 0
460 122 0 0
459 122 0 0
458 122 0 0
457 122 0 0
456 122 0 0
455 122 0 0
454 122 0 0
453 122 0 0
482 121 0 0
481 121 0 0
480 121 0 0
479 121 0 0
478 121 0 0
477 121 0 0
476 121 0 0
475 121 0 0
474 121 0 0
473 121 0 0
472 121 0 0
471 121 0 0
470 121 0 0
469 121 0 0
468 121 0 0
467 121 0 0
466 121 0 0
465 121 0 0
464 121 0 0
463 121 0 0
462 121 0 0
461 121 0 0
460 121 0 0
459 121 0 0
458 121 0 0
484 120 0 0
483 120 0 0
482 120 0 0
481 120 0 0
480 120 0 0
479 120 0 0
478 120 0 0
477 120 0 0
476 120 0 0
475 120 0 0
474 120 0 0
473 120 0 0
472 120 0 0
471 120 0 0
470 120 0 0
469 120 0 0
468 120 0 0
467 120 0 0
466 120 0 0
465 120 0 0
464 120 0 0
463 120 0 0
486 119 0 0
485 119 0 0
484 119 0 0
483 119 0 0
482 119 0 0
481 119 0 0
480 119 0 0
479 119 0 0
478 119 0 0
477 119 0 0
476 119 0 0
475 119 0 0
474 119 0 0
473 119 0 0
472 119 0 0
471 119 0 0
470 119 0 0
469 119 0 0
468 119 0 0
486 118 0 0
485 118 0 0
484 118 0 0
483 118 0 0
482 118 0 0
481 118 0 0
480 118 0 0
479 118 0 0
478 118 0 0
477 118 0 0
476 118 0 0
475 118 0 0
474 118 0 0
473 118 0 0
472 118 0 0
471 118 0 0
470 118 0 0
469 118 0 0
468 118 0 0
487 117 0 0
486 117 0 0
485 117 0 0
484 117 0 0
483 117 0 0
482 117 0 0
481 117 0 0
480 117 0 0
479 117 0 0
478 117 0 0
477 117 0 0
476 117 0 0
475 117 0 0
474 117 0 0
473 117 0 0
486 116 0 0
485 116 0 0
484 116 0 0
483 116 0 0
482 116 0 0
481 116 0 0
480 116 0 0
479 116 0 0
484 115 0 0
483 115 0 0
484 114 0 0
483 114 0 0
