5254 640 480
597 441 0 0
599 440 0 0
598 440 0 0
597 440 0 0
596 440 0 0
600 439 0 0
599 439 0 0
598 439 0 0
597 439 0 0
596 439 0 0
595 439 0 0
594 439 0 0
600 438 0 0
599 438 0 0
598 438 0 0
597 438 0 0
596 438 0 0
595 438 0 0
594 438 0 0
600 437 0 0
599 437 0 0
598 437 0 0
597 437 0 0
596 437 0 0
595 437 0 0
594 437 0 0
600 436 0 0
599 436 0 0
598 436 0 0
597 436 0 0
596 436 0 0
595 436 0 0
594 436 0 0
600 435 0 0
599 435 0 0
598 435 0 0
597 435 0 0
596 435 0 0
595 435 0 0
594 435 0 0
600 434 0 0
599 434 0 0
598 434 0 0
597 434 0 0
596 434 0 0
595 434 0 0
594 434 0 0
600 433 0 0
599 433 0 0
598 433 0 0
597 433 0 0
596 433 0 0
595 433 0 0
594 433 0 0
600 432 0 0
599 432 0 0
598 432 0 0
597 432 0 0
596 432 0 0
595 432 0 0
594 432 0 0
600 431 0 0
599 431 0 0
598 431 0 0
597 431 0 0
596 431 0 0
595 431 0 0
594 431 0 0
600 430 0 0
599 430 0 0
598 430 0 0
597 430 0 0
596 430 0 0
595 430 0 0
594 430 0 0
600 429 0 0
599 429 0 0
598 429 0 0
597 429 0 0
596 429 0 0
595 429 0 0
594 429 0 0
600 428 0 0
599 428 0 0
598 428 0 0
597 428 0 0
596 428 0 0
595 428 0 0
594 428 0 0
600 427 0 0
599 427 0 0
598 427 0 0
597 427 0 0
596 427 0 0
595 427 0 0
594 427 0 0
600 426 0 0
599 426 0 0
598 426 0 0
597 426 0 0
596 426 0 0
595 426 0 0
594 426 0 0
600 425 0 0
599 425 0 0
598 425 0 0
597 425 0 0
596 425 0 0
595 425 0 0
594 425 0 0
600 424 0 0
599 424 0 0
598 424 0 0
597 424 0 0
596 424 0 0
595 424 0 0
594 424 0 0
600 423 0 0
599 423 0 0
598 423 0 0
597 423 0 0
596 423 0 0
595 423 0 0
594 423 0 0
600 422 0 0
599 422 0 0
598 422 0 0
597 422 0 0
596 422 0 0
595 422 0 0
594 422 0 0
600 421 0 0
599 421 0 0
598 421 0 0
597 421 0 0
596 421 0 0
595 421 0 0
594 421 0 0
600 420 0 0
599 420 0 0
598 420 0 0
597 420 0 0
596 420 0 0
595 420 0 0
594 420 0 0
600 419 0 0
599 419 0 0
598 419 0 0
597 419 0 0
596 419 0 0
595 419 0 0
594 419 0 0
600 418 0 0
599 418 0 0
598 418 0 0
597 418 0 0
596 418 0 0
595 418 0 0
594 418 0 0
600 417 0 0
599 417 0 0
598 417 0 0
597 417 0 0
596 417 0 0
595 417 0 0
594 417 0 0
600 416 0 0
599 416 0 0
598 416 0 0
597 416 0 0
596 416 0 0
595 416 0 0
594 416 0 0
600 415 0 0
599 415 0 0
598 415 0 0
597 415 0 0
596 415 0 0
595 415 0 0
594 415 0 0
600 414 0 0
599 414 0 0
598 414 0 0
597 414 0 0
596 414 0 0
595 414 0 0
594 414 0 0
600 413 0 0
599 413 0 0
598 413 0 0
597 413 0 0
596 413 0 0
595 413 0 0
594 413 0 0
600 412 0 0
599 412 0 0
598 412 0 0
597 412 0 0
596 412 0 0
595 412 0 0
594 412 0 0
600 411 0 0
599 411 0 0
598 411 0 0
597 411 0 0
596 411 0 0
595 411 0 0
594 411 0 0
600 410 0 0
599 410 0 0
598 410 0 0
597 410 0 0
596 410 0 0
595 410 0 0
594 410 0 0
600 409 0 0
599 409 0 0
598 409 0 0
597 409 0 0
596 409 0 0
595 409 0 0
594 409 0 0
600 408 0 0
599 408 0 0
598 408 0 0
597 408 0 0
596 408 0 0
595 408 0 0
594 408 0 0
600 407 0 0
599 407 0 0
598 407 0 0
597 407 0 0
596 407 0 0
595 407 0 0
594 407 0 0
600 406 0 0
599 406 0 0
598 406 0 0
597 406 0 0
596 406 0 0
595 406 0 0
594 406 0 0
600 405 0 0
599 405 0 0
598 405 0 0
597 405 0 0
596 405 0 0
595 405 0 0
594 405 0 0
600 404 0 0
599 404 0 0
598 404 0 0
597 404 0 0
596 404 0 0
595 404 0 0
594 404 0 0
600 403 0 0
599 403 0 0
598 403 0 0
597 403 0 0
596 403 0 0
595 403 0 0
594 403 0 0
600 402 0 0
599 402 0 0
598 402 0 0
597 402 0 0
596 402 0 0
595 402 0 0
594 402 0 0
600 401 0 0
599 401 0 0
598 401 0 0
597 401 0 0
596 401 0 0
595 401 0 0
594 401 0 0
600 400 0 0
599 400 0 0
598 400 0 0
597 400 0 0
596 400 0 0
595 400 0 0
594 400 0 0
600 399 0 0
599 399 0 0
598 399 0 0
597 399 0 0
596 399 0 0
595 399 0 0
594 399 0 0
600 398 0 0
599 398 0 0
598 398 0 0
597 398 0 0
596 398 0 0
595 398 0 0
594 398 0 0
600 397 0 0
599 397 0 0
598 397 0 0
597 397 0 0
596 397 0 0
595 397 0 0
594 397 0 0
600 396 0 0
599 396 0 0
598 396 0 0
597 396 0 0
596 396 0 0
595 396 0 0
594 396 0 0
600 395 0 0
599 395 0 0
598 395 0 0
597 395 0 0
596 395 0 0
595 395 0 0
594 395 0 0
600 394 0 0
599 394 0 0
598 394 0 0
597 394 0 0
596 394 0 0
595 394 0 0
594 394 0 0
600 393 0 0
599 393 0 0
598 393 0 0
597 393 0 0
596 393 0 0
595 393 0 0
594 393 0 0
600 392 0 0
599 392 0 0
598 392 0 0
597 392 0 0
596 392 0 0
595 392 0 0
594 392 0 0
600 391 0 0
599 391 0 0
598 391 0 0
597 391 0 0
596 391 0 0
595 391 0 0
594 391 0 0
600 390 0 0
599 390 0 0
598 390 0 0
597 390 0 0
596 390 0 0
595 390 0 0
594 390 0 0
600 389 0 0
599 389 0 0
598 389 0 0
597 389 0 0
596 389 0 0
595 389 0 0
594 389 0 0
600 388 0 0
599 388 0 0
598 388 0 0
597 388 0 0
596 388 0 0
595 388 0 0
594 388 0 0
600 387 0 0
599 387 0 0
598 387 0 0
597 387 0 0
596 387 0 0
595 387 0 0
594 387 0 0
600 386 0 0
599 386 0 0
598 386 0 0
597 386 0 0
596 386 0 0
595 386 0 0
594 386 0 0
600 385 0 0
599 385 0 0
598 385 0 0
597 385 0 0
596 385 0 0
595 385 0 0
594 385 0 0
600 384 0 0
599 384 0 0
598 384 0 0
597 384 0 0
596 384 0 0
595 384 0 0
594 384 0 0
600 383 0 0
599 383 0 0
598 383 0 0
597 383 0 0
596 383 0 0
595 383 0 0
594 383 0 0
600 382 0 0
599 382 0 0
598 382 0 0
597 382 0 0
596 382 0 0
595 382 0 0
594 382 0 0
600 381 0 0
599 381 0 0
598 381 0 0
597 381 0 0
596 381 0 0
595 381 0 0
594 381 0 0
600 380 0 0
599 380 0 0
598 380 0 0
597 380 0 0
596 380 0 0
595 380 0 0
594 380 0 0
600 379 0 0
599 379 0 0
598 379 0 0
597 379 0 0
596 379 0 0
595 379 0 0
594 379 0 0
600 378 0 0
599 378 0 0
598 378 0 0
597 378 0 0
596 378 0 0
595 378 0 0
594 378 0 0
600 377 0 0
599 377 0 0
598 377 0 0
597 377 0 0
596 377 0 0
595 377 0 0
594 377 0 0
600 376 0 0
599 376 0 0
598 376 0 0
597 376 0 0
596 376 0 0
595 376 0 0
594 376 0 0
600 375 0 0
599 375 0 0
598 375 0 0
597 375 0 0
596 375 0 0
595 375 0 0
594 375 0 0
600 374 0 0
599 374 0 0
598 374 0 0
597 374 0 0
596 374 0 0
595 374 0 0
594 374 0 0
600 373 0 0
599 373 0 0
598 373 0 0
597 373 0 0
596 373 0 0
595 373 0 0
594 373 0 0
600 372 0 0
599 372 0 0
598 372 0 0
597 372 0 0
596 372 0 0
595 372 0 0
594 372 0 0
600 371 0 0
599 371 0 0
598 371 0 0
597 371 0 0
596 371 0 0
595 371 0 0
594 371 0 0
600 370 0 0
599 370 0 0
598 370 0 0
597 370 0 0
596 370 0 0
595 370 0 0
594 370 0 0
600 369 0 0
599 369 0 0
598 369 0 0
597 369 0 0
596 369 0 0
595 369 0 0
594 369 0 0
600 368 0 0
599 368 0 0
598 368 0 0
597 368 0 0
596 368 0 0
595 368 0 0
594 368 0 0
600 367 0 0
599 367 0 0
598 367 0 0
597 367 0 0
596 367 0 0
595 367 0 0
594 367 0 0
600 366 0 0
599 366 0 0
598 366 0 0
597 366 0 0
596 366 0 0
595 366 0 0
594 366 0 0
600 365 0 0
599 365 0 0
598 365 0 0
597 365 0 0
596 365 0 0
595 365 0 0
594 365 0 0
600 364 0 0
599 364 0 0
598 364 0 0
597 364 0 0
596 364 0 0
595 364 0 0
594 364 0 0
600 363 0 0
599 363 0 0
598 363 0 0
597 363 0 0
596 363 0 0
595 363 0 0
594 363 0 0
600 362 0 0
599 362 0 0
598 362 0 0
597 362 0 0
596 362 0 0
595 362 0 0
594 362 0 0
600 361 0 0
599 361 0 0
598 361 0 0
597 361 0 0
596 361 0 0
595 361 0 0
594 361 0 0
600 360 0 0
599 360 0 0
598 360 0 0
597 360 0 0
596 360 0 0
595 360 0 0
594 360 0 0
600 359 0 0
599 359 0 0
598 359 0 0
597 359 0 0
596 359 0 0
595 359 0 0
594 359 0 0
600 358 0 0
599 358 0 0
598 358 0 0
597 358 0 0
596 358 0 0
595 358 0 0
594 358 0 0
600 357 0 0
599 357 0 0
598 357 0 0
597 357 0 0
596 357 0 0
595 357 0 0
594 357 0 0
600 356 0 0
599 356 0 0
598 356 0 0
597 356 0 0
596 356 0 0
595 356 0 0
594 356 0 0
600 355 0 0
599 355 0 0
598 355 0 0
597 355 0 0
596 355 0 0
595 355 0 0
594 355 0 0
600 354 0 0
599 354 0 0
598 354 0 0
597 354 0 0
596 354 0 0
595 354 0 0
594 354 0 0
600 353 0 0
599 353 0 0
598 353 0 0
597 353 0 0
596 353 0 0
595 353 0 0
594 353 0 0
600 352 0 0
599 352 0 0
598 352 0 0
597 352 0 0
596 352 0 0
595 352 0 0
594 352 0 0
600 351 0 0
599 351 0 0
598 351 0 0
597 351 0 0
596 351 0 0
595 351 0 0
594 351 0 0
600 350 0 0
599 350 0 0
598 350 0 0
597 350 0 0
596 350 0 0
595 350 0 0
594 350 0 0
600 349 0 0
599 349 0 0
598 349 0 0
597 349 0 0
596 349 0 0
595 349 0 0
594 349 0 0
600 348 0 0
599 348 0 0
598 348 0 0
597 348 0 0
596 348 0 0
595 348 0 0
594 348 0 0
600 347 0 0
599 347 0 0
598 347 0 0
597 347 0 0
596 347 0 0
595 347 0 0
594 347 0 0
600 346 0 0
599 346 0 0
598 346 0 0
597 346 0 0
596 346 0 0
595 346 0 0
594 346 0 0
600 345 0 0
599 345 0 0
598 345 0 0
597 345 0 0
596 345 0 0
595 345 0 0
594 345 0 0
600 344 0 0
599 344 0 0
598 344 0 0
597 344 0 0
596 344 0 0
595 344 0 0
594 344 0 0
600 343 0 0
599 343 0 0
598 343 0 0
597 343 0 0
596 343 0 0
595 343 0 0
594 343 0 0
600 342 0 0
599 342 0 0
598 342 0 0
597 342 0 0
596 342 0 0
595 342 0 0
594 342 0 0
600 341 0 0
599 341 0 0
598 341 0 0
597 341 0 0
596 341 0 0
595 341 0 0
594 341 0 0
600 340 0 0
599 340 0 0
598 340 0 0
597 340 0 0
596 340 0 0
595 340 0 0
594 340 0 0
600 339 0 0
599 339 0 0
598 339 0 0
597 339 0 0
596 339 0 0
595 339 0 0
594 339 0 0
600 338 0 0
599 338 0 0
598 338 0 0
597 338 0 0
596 338 0 0
595 338 0 0
594 338 0 0
600 337 0 0
599 337 0 0
598 337 0 0
597 337 0 0
596 337 0 0
595 337 0 0
594 337 0 0
599 336 0 0
598 336 0 0
597 336 0 0
596 336 0 0
595 336 0 0
594 336 0 0
593 336 0 0
599 335 0 0
598 335 0 0
597 335 0 0
596 335 0 0
595 335 0 0
594 335 0 0
593 335 0 0
599 334 0 0
598 334 0 0
597 334 0 0
596 334 0 0
595 334 0 0
594 334 0 0
593 334 0 0
599 333 0 0
598 333 0 0
597 333 0 0
596 333 0 0
595 333 0 0
594 333 0 0
593 333 0 0
599 332 0 0
598 332 0 0
597 332 0 0
596 332 0 0
595 332 0 0
594 332 0 0
593 332 0 0
599 331 0 0
598 331 0 0
597 331 0 0
596 331 0 0
595 331 0 0
594 331 0 0
593 331 0 0
599 330 0 0
598 330 0 0
597 330 0 0
596 330 0 0
595 330 0 0
594 330 0 0
593 330 0 0
599 329 0 0
598 329 0 0
597 329 0 0
596 329 0 0
595 329 0 0
594 329 0 0
593 329 0 0
599 328 0 0
598 328 0 0
597 328 0 0
596 328 0 0
595 328 0 0
594 328 0 0
593 328 0 0
599 327 0 0
598 327 0 0
597 327 0 0
596 327 0 0
595 327 0 0
594 327 0 0
593 327 0 0
599 326 0 0
598 326 0 0
597 326 0 0
596 326 0 0
595 326 0 0
594 326 0 0
593 326 0 0
599 325 0 0
598 325 0 0
597 325 0 0
596 325 0 0
595 325 0 0
594 325 0 0
593 325 0 0
599 324 0 0
598 324 0 0
597 324 0 0
596 324 0 0
595 324 0 0
594 324 0 0
593 324 0 0
597 323 0 0
596 323 0 0
595 323 0 0
594 323 0 0
593 323 0 0
592 323 0 0
597 322 0 0
596 322 0 0
595 322 0 0
594 322 0 0
593 322 0 0
592 322 0 0
597 321 0 0
596 321 0 0
595 321 0 0
594 321 0 0
593 321 0 0
592 321 0 0
597 320 0 0
596 320 0 0
595 320 0 0
594 320 0 0
593 320 0 0
592 320 0 0
597 319 0 0
596 319 0 0
595 319 0 0
594 319 0 0
593 319 0 0
592 319 0 0
597 318 0 0
596 318 0 0
595 318 0 0
594 318 0 0
593 318 0 0
592 318 0 0
597 317 0 0
596 317 0 0
595 317 0 0
594 317 0 0
593 317 0 0
592 317 0 0
597 316 0 0
596 316 0 0
595 316 0 0
594 316 0 0
593 316 0 0
592 316 0 0
597 315 0 0
596 315 0 0
595 315 0 0
594 315 0 0
593 315 0 0
592 315 0 0
597 314 0 0
596 314 0 0
595 314 0 0
594 314 0 0
593 314 0 0
592 314 0 0
597 313 0 0
596 313 0 0
595 313 0 0
594 313 0 0
593 313 0 0
592 313 0 0
597 312 0 0
596 312 0 0
595 312 0 0
594 312 0 0
593 312 0 0
592 312 0 0
597 311 0 0
596 311 0 0
595 311 0 0
594 311 0 0
593 311 0 0
592 311 0 0
597 310 0 0
596 310 0 0
595 310 0 0
594 310 0 0
593 310 0 0
592 310 0 0
596 309 0 0
595 309 0 0
594 309 0 0
593 309 0 0
592 309 0 0
591 309 0 0
596 308 0 0
595 308 0 0
594 308 0 0
593 308 0 0
592 308 0 0
591 308 0 0
596 307 0 0
595 307 0 0
594 307 0 0
593 307 0 0
592 307 0 0
591 307 0 0
596 306 0 0
595 306 0 0
594 306 0 0
593 306 0 0
592 306 0 0
591 306 0 0
596 305 0 0
595 305 0 0
594 305 0 0
593 305 0 0
592 305 0 0
591 305 0 0
596 304 0 0
595 304 0 0
594 304 0 0
593 304 0 0
592 304 0 0
591 304 0 0
596 303 0 0
595 303 0 0
594 303 0 0
593 303 0 0
592 303 0 0
591 303 0 0
596 302 0 0
595 302 0 0
594 302 0 0
593 302 0 0
592 302 0 0
591 302 0 0
596 301 0 0
595 301 0 0
594 301 0 0
593 301 0 0
592 301 0 0
591 301 0 0
596 300 0 0
595 300 0 0
594 300 0 0
593 300 0 0
592 300 0 0
591 300 0 0
596 299 0 0
595 299 0 0
594 299 0 0
593 299 0 0
592 299 0 0
591 299 0 0
596 298 0 0
595 298 0 0
594 298 0 0
593 298 0 0
592 298 0 0
591 298 0 0
596 297 0 0
595 297 0 0
594 297 0 0
593 297 0 0
592 297 0 0
591 297 0 0
596 296 0 0
595 296 0 0
594 296 0 0
593 296 0 0
592 296 0 0
591 296 0 0
596 295 0 0
595 295 0 0
594 295 0 0
593 295 0 0
592 295 0 0
591 295 0 0
595 294 0 0
594 294 0 0
593 294 0 0
592 294 0 0
591 294 0 0
590 294 0 0
589 294 0 0
595 293 0 0
594 293 0 0
593 293 0 0
592 293 0 0
591 293 0 0
590 293 0 0
589 293 0 0
595 292 0 0
594 292 0 0
593 292 0 0
592 292 0 0
591 292 0 0
590 292 0 0
589 292 0 0
595 291 0 0
594 291 0 0
593 291 0 0
592 291 0 0
591 291 0 0
590 291 0 0
589 291 0 0
595 290 0 0
594 290 0 0
593 290 0 0
592 290 0 0
591 290 0 0
590 290 0 0
589 290 0 0
595 289 0 0
594 289 0 0
593 289 0 0
592 289 0 0
591 289 0 0
590 289 0 0
589 289 0 0
595 288 0 0
594 288 0 0
593 288 0 0
592 288 0 0
591 288 0 0
590 288 0 0
589 288 0 0
595 287 0 0
594 287 0 0
593 287 0 0
592 287 0 0
591 287 0 0
590 287 0 0
589 287 0 0
595 286 0 0
594 286 0 0
593 286 0 0
592 286 0 0
591 286 0 0
590 286 0 0
589 286 0 0
595 285 0 0
594 285 0 0
593 285 0 0
592 285 0 0
591 285 0 0
590 285 0 0
589 285 0 0
595 284 0 0
594 284 0 0
593 284 0 0
592 284 0 0
591 284 0 0
590 284 0 0
589 284 0 0
595 283 0 0
594 283 0 0
593 283 0 0
592 283 0 0
591 283 0 0
590 283 0 0
589 283 0 0
595 282 0 0
594 282 0 0
593 282 0 0
592 282 0 0
591 282 0 0
590 282 0 0
589 282 0 0
595 281 0 0
594 281 0 0
593 281 0 0
592 281 0 0
591 281 0 0
590 281 0 0
589 281 0 0
272 281 0 1
593 280 0 0
592 280 0 0
591 280 0 0
590 280 0 0
589 280 0 0
588 280 0 0
273 280 0 1
272 280 0 1
271 280 0 1
593 279 0 0
592 279 0 0
591 279 0 0
590 279 0 0
589 279 0 0
588 279 0 0
275 279 0 1
274 279 0 1
273 279 0 1
272 279 0 1
271 279 0 1
270 279 0 1
269 279 0 1
593 278 0 0
592 278 0 0
591 278 0 0
590 278 0 0
589 278 0 0
588 278 0 0
275 278 0 1
274 278 0 1
273 278 0 1
272 278 0 1
271 278 0 1
270 278 0 1
269 278 0 1
593 277 0 0
592 277 0 0
591 277 0 0
590 277 0 0
589 277 0 0
588 277 0 0
276 277 0 1
275 277 0 1
274 277 0 1
273 277 0 1
272 277 0 1
271 277 0 1
270 277 0 1
269 277 0 1
593 276 0 0
592 276 0 0
591 276 0 0
590 276 0 0
589 276 0 0
588 276 0 0
276 276 0 1
275 276 0 1
274 276 0 1
273 276 0 1
272 276 0 1
271 276 0 1
593 275 0 0
592 275 0 0
591 275 0 0
590 275 0 0
589 275 0 0
588 275 0 0
277 275 0 1
276 275 0 1
275 275 0 1
274 275 0 1
273 275 0 1
272 275 0 1
593 274 0 0
592 274 0 0
591 274 0 0
590 274 0 0
589 274 0 0
588 274 0 0
277 274 0 1
276 274 0 1
275 274 0 1
274 274 0 1
273 274 0 1
272 274 0 1
593 273 0 0
592 273 0 0
591 273 0 0
590 273 0 0
589 273 0 0
588 273 0 0
279 273 0 1
278 273 0 1
277 273 0 1
276 273 0 1
275 273 0 1
274 273 0 1
273 273 0 1
272 273 0 1
593 272 0 0
592 272 0 0
591 272 0 0
590 272 0 0
589 272 0 0
588 272 0 0
280 272 0 1
279 272 0 1
278 272 0 1
277 272 0 1
276 272 0 1
275 272 0 1
274 272 0 1
273 272 0 1
593 271 0 0
592 271 0 0
591 271 0 0
590 271 0 0
589 271 0 0
588 271 0 0
280 271 0 1
279 271 0 1
278 271 0 1
277 271 0 1
276 271 0 1
275 271 0 1
274 271 0 1
85 271 0 0
593 270 0 0
592 270 0 0
591 270 0 0
590 270 0 0
589 270 0 0
588 270 0 0
281 270 0 1
280 270 0 1
279 270 0 1
278 270 0 1
277 270 0 1
276 270 0 1
86 270 0 0
85 270 0 0
84 270 0 0
83 270 0 0
593 269 0 0
592 269 0 0
591 269 0 0
590 269 0 0
589 269 0 0
588 269 0 0
281 269 0 1
280 269 0 1
279 269 0 1
278 269 0 1
277 269 0 1
276 269 0 1
86 269 0 0
85 269 0 0
84 269 0 0
83 269 0 0
593 268 0 0
592 268 0 0
591 268 0 0
590 268 0 0
589 268 0 0
588 268 0 0
283 268 0 1
282 268 0 1
281 268 0 1
280 268 0 1
279 268 0 1
278 268 0 1
277 268 0 1
87 268 0 0
86 268 0 0
85 268 0 0
84 268 0 0
83 268 0 0
82 268 0 0
592 267 0 0
591 267 0 0
590 267 0 0
589 267 0 0
588 267 0 0
587 267 0 0
284 267 0 1
283 267 0 1
282 267 0 1
281 267 0 1
280 267 0 1
279 267 0 1
278 267 0 1
86 267 0 0
85 267 0 0
84 267 0 0
83 267 0 0
82 267 0 0
81 267 0 0
592 266 0 0
591 266 0 0
590 266 0 0
589 266 0 0
588 266 0 0
587 266 0 0
284 266 0 1
283 266 0 1
282 266 0 1
281 266 0 1
280 266 0 1
279 266 0 1
278 266 0 1
86 266 0 0
85 266 0 0
84 266 0 0
83 266 0 0
82 266 0 0
81 266 0 0
592 265 0 0
591 265 0 0
590 265 0 0
589 265 0 0
588 265 0 0
587 265 0 0
284 265 0 1
283 265 0 1
282 265 0 1
281 265 0 1
280 265 0 1
279 265 0 1
278 265 0 1
86 265 0 0
85 265 0 0
84 265 0 0
83 265 0 0
82 265 0 0
81 265 0 0
592 264 0 0
591 264 0 0
590 264 0 0
589 264 0 0
588 264 0 0
587 264 0 0
285 264 0 1
284 264 0 1
283 264 0 1
282 264 0 1
281 264 0 1
280 264 0 1
86 264 0 0
85 264 0 0
84 264 0 0
83 264 0 0
82 264 0 0
81 264 0 0
592 263 0 0
591 263 0 0
590 263 0 0
589 263 0 0
588 263 0 0
587 263 0 0
286 263 0 1
285 263 0 1
284 263 0 1
283 263 0 1
282 263 0 1
281 263 0 1
86 263 0 0
85 263 0 0
84 263 0 0
83 263 0 0
82 263 0 0
81 263 0 0
592 262 0 0
591 262 0 0
590 262 0 0
589 262 0 0
588 262 0 0
587 262 0 0
288 262 0 1
287 262 0 1
286 262 0 1
285 262 0 1
284 262 0 1
283 262 0 1
282 262 0 1
86 262 0 0
85 262 0 0
84 262 0 0
83 262 0 0
82 262 0 0
81 262 0 0
592 261 0 0
591 261 0 0
590 261 0 0
589 261 0 0
588 261 0 0
587 261 0 0
288 261 0 1
287 261 0 1
286 261 0 1
285 261 0 1
284 261 0 1
283 261 0 1
282 261 0 1
86 261 0 0
85 261 0 0
84 261 0 0
83 261 0 0
82 261 0 0
81 261 0 0
592 260 0 0
591 260 0 0
590 260 0 0
589 260 0 0
588 260 0 0
587 260 0 0
289 260 0 1
288 260 0 1
287 260 0 1
286 260 0 1
285 260 0 1
284 260 0 1
283 260 0 1
282 260 0 1
86 260 0 0
85 260 0 0
84 260 0 0
83 260 0 0
82 260 0 0
81 260 0 0
592 259 0 0
591 259 0 0
590 259 0 0
589 259 0 0
588 259 0 0
587 259 0 0
290 259 0 1
289 259 0 1
288 259 0 1
287 259 0 1
286 259 0 1
285 259 0 1
284 259 0 1
86 259 0 0
85 259 0 0
84 259 0 0
83 259 0 0
82 259 0 0
81 259 0 0
592 258 0 0
591 258 0 0
590 258 0 0
589 258 0 0
588 258 0 0
587 258 0 0
292 258 0 1
291 258 0 1
290 258 0 1
289 258 0 1
288 258 0 1
287 258 0 1
286 258 0 1
285 258 0 1
86 258 0 0
85 258 0 0
84 258 0 0
83 258 0 0
82 258 0 0
81 258 0 0
592 257 0 0
591 257 0 0
590 257 0 0
589 257 0 0
588 257 0 0
587 257 0 0
293 257 0 1
292 257 0 1
291 257 0 1
290 257 0 1
289 257 0 1
288 257 0 1
287 257 0 1
286 257 0 1
86 257 0 0
85 257 0 0
84 257 0 0
83 257 0 0
82 257 0 0
81 257 0 0
592 256 0 0
591 256 0 0
590 256 0 0
589 256 0 0
588 256 0 0
587 256 0 0
293 256 0 1
292 256 0 1
291 256 0 1
290 256 0 1
289 256 0 1
288 256 0 1
287 256 0 1
286 256 0 1
86 256 0 0
85 256 0 0
84 256 0 0
83 256 0 0
82 256 0 0
81 256 0 0
592 255 0 0
591 255 0 0
590 255 0 0
589 255 0 0
588 255 0 0
587 255 0 0
293 255 0 1
292 255 0 1
291 255 0 1
290 255 0 1
289 255 0 1
288 255 0 1
287 255 0 1
86 255 0 0
85 255 0 0
84 255 0 0
83 255 0 0
82 255 0 0
81 255 0 0
592 254 0 0
591 254 0 0
590 254 0 0
589 254 0 0
588 254 0 0
587 254 0 0
586 254 0 0
585 254 0 0
294 254 0 1
293 254 0 1
292 254 0 1
291 254 0 1
290 254 0 1
289 254 0 1
86 254 0 0
85 254 0 0
84 254 0 0
83 254 0 0
82 254 0 0
81 254 0 0
591 253 0 0
590 253 0 0
589 253 0 0
588 253 0 0
587 253 0 0
586 253 0 0
585 253 0 0
296 253 0 1
295 253 0 1
294 253 0 1
293 253 0 1
292 253 0 1
291 253 0 1
290 253 0 1
289 253 0 1
86 253 0 0
85 253 0 0
84 253 0 0
83 253 0 0
82 253 0 0
81 253 0 0
591 252 0 0
590 252 0 0
589 252 0 0
588 252 0 0
587 252 0 0
586 252 0 0
585 252 0 0
296 252 0 1
295 252 0 1
294 252 0 1
293 252 0 1
292 252 0 1
291 252 0 1
290 252 0 1
289 252 0 1
86 252 0 0
85 252 0 0
84 252 0 0
83 252 0 0
82 252 0 0
81 252 0 0
591 251 0 0
590 251 0 0
589 251 0 0
588 251 0 0
587 251 0 0
586 251 0 0
585 251 0 0
297 251 0 1
296 251 0 1
295 251 0 1
294 251 0 1
293 251 0 1
292 251 0 1
291 251 0 1
290 251 0 1
86 251 0 0
85 251 0 0
84 251 0 0
83 251 0 0
82 251 0 0
81 251 0 0
591 250 0 0
590 250 0 0
589 250 0 0
588 250 0 0
587 250 0 0
586 250 0 0
585 250 0 0
297 250 0 1
296 250 0 1
295 250 0 1
294 250 0 1
293 250 0 1
292 250 0 1
291 250 0 1
86 250 0 0
85 250 0 0
84 250 0 0
83 250 0 0
82 250 0 0
81 250 0 0
591 249 0 0
590 249 0 0
589 249 0 0
588 249 0 0
587 249 0 0
586 249 0 0
585 249 0 0
298 249 0 1
297 249 0 1
296 249 0 1
295 249 0 1
294 249 0 1
293 249 0 1
86 249 0 0
85 249 0 0
84 249 0 0
83 249 0 0
82 249 0 0
81 249 0 0
591 248 0 0
590 248 0 0
589 248 0 0
588 248 0 0
587 248 0 0
586 248 0 0
585 248 0 0
298 248 0 1
297 248 0 1
296 248 0 1
295 248 0 1
294 248 0 1
293 248 0 1
86 248 0 0
85 248 0 0
84 248 0 0
83 248 0 0
82 248 0 0
81 248 0 0
591 247 0 0
590 247 0 0
589 247 0 0
588 247 0 0
587 247 0 0
586 247 0 0
585 247 0 0
299 247 0 1
298 247 0 1
297 247 0 1
296 247 0 1
295 247 0 1
294 247 0 1
86 247 0 0
85 247 0 0
84 247 0 0
83 247 0 0
82 247 0 0
81 247 0 0
591 246 0 0
590 246 0 0
589 246 0 0
588 246 0 0
587 246 0 0
586 246 0 0
585 246 0 0
301 246 0 1
300 246 0 1
299 246 0 1
298 246 0 1
297 246 0 1
296 246 0 1
295 246 0 1
85 246 0 0
84 246 0 0
83 246 0 0
82 246 0 0
81 246 0 0
80 246 0 0
79 246 0 0
591 245 0 0
590 245 0 0
589 245 0 0
588 245 0 0
587 245 0 0
586 245 0 0
585 245 0 0
302 245 0 1
301 245 0 1
300 245 0 1
299 245 0 1
298 245 0 1
297 245 0 1
85 245 0 0
84 245 0 0
83 245 0 0
82 245 0 0
81 245 0 0
80 245 0 0
79 245 0 0
591 244 0 0
590 244 0 0
589 244 0 0
588 244 0 0
587 244 0 0
586 244 0 0
585 244 0 0
303 244 0 1
302 244 0 1
301 244 0 1
300 244 0 1
299 244 0 1
298 244 0 1
297 244 0 1
85 244 0 0
84 244 0 0
83 244 0 0
82 244 0 0
81 244 0 0
80 244 0 0
79 244 0 0
591 243 0 0
590 243 0 0
589 243 0 0
588 243 0 0
587 243 0 0
586 243 0 0
585 243 0 0
303 243 0 1
302 243 0 1
301 243 0 1
300 243 0 1
299 243 0 1
298 243 0 1
297 243 0 1
85 243 0 0
84 243 0 0
83 243 0 0
82 243 0 0
81 243 0 0
80 243 0 0
79 243 0 0
591 242 0 0
590 242 0 0
589 242 0 0
588 242 0 0
587 242 0 0
586 242 0 0
585 242 0 0
305 242 0 1
304 242 0 1
303 242 0 1
302 242 0 1
301 242 0 1
300 242 0 1
299 242 0 1
298 242 0 1
85 242 0 0
84 242 0 0
83 242 0 0
82 242 0 0
81 242 0 0
80 242 0 0
79 242 0 0
591 241 0 0
590 241 0 0
589 241 0 0
588 241 0 0
587 241 0 0
586 241 0 0
585 241 0 0
305 241 0 1
304 241 0 1
303 241 0 1
302 241 0 1
301 241 0 1
300 241 0 1
299 241 0 1
85 241 0 0
84 241 0 0
83 241 0 0
82 241 0 0
81 241 0 0
80 241 0 0
79 241 0 0
590 240 0 0
589 240 0 0
588 240 0 0
587 240 0 0
586 240 0 0
585 240 0 0
584 240 0 0
306 240 0 1
305 240 0 1
304 240 0 1
303 240 0 1
302 240 0 1
301 240 0 1
300 240 0 1
85 240 0 0
84 240 0 0
83 240 0 0
82 240 0 0
81 240 0 0
80 240 0 0
79 240 0 0
590 239 0 0
589 239 0 0
588 239 0 0
587 239 0 0
586 239 0 0
585 239 0 0
584 239 0 0
306 239 0 1
305 239 0 1
304 239 0 1
303 239 0 1
302 239 0 1
301 239 0 1
300 239 0 1
85 239 0 0
84 239 0 0
83 239 0 0
82 239 0 0
81 239 0 0
80 239 0 0
79 239 0 0
590 238 0 0
589 238 0 0
588 238 0 0
587 238 0 0
586 238 0 0
585 238 0 0
584 238 0 0
307 238 0 1
306 238 0 1
305 238 0 1
304 238 0 1
303 238 0 1
302 238 0 1
85 238 0 0
84 238 0 0
83 238 0 0
82 238 0 0
81 238 0 0
80 238 0 0
79 238 0 0
590 237 0 0
589 237 0 0
588 237 0 0
587 237 0 0
586 237 0 0
585 237 0 0
584 237 0 0
309 237 0 1
308 237 0 1
307 237 0 1
306 237 0 1
305 237 0 1
304 237 0 1
303 237 0 1
85 237 0 0
84 237 0 0
83 237 0 0
82 237 0 0
81 237 0 0
80 237 0 0
79 237 0 0
590 236 0 0
589 236 0 0
588 236 0 0
587 236 0 0
586 236 0 0
585 236 0 0
584 236 0 0
310 236 0 1
309 236 0 1
308 236 0 1
307 236 0 1
306 236 0 1
305 236 0 1
304 236 0 1
303 236 0 1
85 236 0 0
84 236 0 0
83 236 0 0
82 236 0 0
81 236 0 0
80 236 0 0
79 236 0 0
590 235 0 0
589 235 0 0
588 235 0 0
587 235 0 0
586 235 0 0
585 235 0 0
584 235 0 0
310 235 0 1
309 235 0 1
308 235 0 1
307 235 0 1
306 235 0 1
305 235 0 1
304 235 0 1
303 235 0 1
85 235 0 0
84 235 0 0
83 235 0 0
82 235 0 0
81 235 0 0
80 235 0 0
79 235 0 0
590 234 0 0
589 234 0 0
588 234 0 0
587 234 0 0
586 234 0 0
585 234 0 0
584 234 0 0
311 234 0 1
310 234 0 1
309 234 0 1
308 234 0 1
307 234 0 1
306 234 0 1
305 234 0 1
304 234 0 1
85 234 0 0
84 234 0 0
83 234 0 0
82 234 0 0
81 234 0 0
80 234 0 0
79 234 0 0
590 233 0 0
589 233 0 0
588 233 0 0
587 233 0 0
586 233 0 0
585 233 0 0
584 233 0 0
311 233 0 1
310 233 0 1
309 233 0 1
308 233 0 1
307 233 0 1
306 233 0 1
85 233 0 0
84 233 0 0
83 233 0 0
82 233 0 0
81 233 0 0
80 233 0 0
79 233 0 0
590 232 0 0
589 232 0 0
588 232 0 0
587 232 0 0
586 232 0 0
585 232 0 0
584 232 0 0
312 232 0 1
311 232 0 1
310 232 0 1
309 232 0 1
308 232 0 1
307 232 0 1
85 232 0 0
84 232 0 0
83 232 0 0
82 232 0 0
81 232 0 0
80 232 0 0
79 232 0 0
590 231 0 0
589 231 0 0
588 231 0 0
587 231 0 0
586 231 0 0
585 231 0 0
584 231 0 0
314 231 0 1
313 231 0 1
312 231 0 1
311 231 0 1
310 231 0 1
309 231 0 1
308 231 0 1
85 231 0 0
84 231 0 0
83 231 0 0
82 231 0 0
81 231 0 0
80 231 0 0
79 231 0 0
590 230 0 0
589 230 0 0
588 230 0 0
587 230 0 0
586 230 0 0
585 230 0 0
584 230 0 0
314 230 0 1
313 230 0 1
312 230 0 1
311 230 0 1
310 230 0 1
309 230 0 1
308 230 0 1
85 230 0 0
84 230 0 0
83 230 0 0
82 230 0 0
81 230 0 0
80 230 0 0
79 230 0 0
590 229 0 0
589 229 0 0
588 229 0 0
587 229 0 0
586 229 0 0
585 229 0 0
584 229 0 0
315 229 0 1
314 229 0 1
313 229 0 1
312 229 0 1
311 229 0 1
310 229 0 1
85 229 0 0
84 229 0 0
83 229 0 0
82 229 0 0
81 229 0 0
80 229 0 0
79 229 0 0
590 228 0 0
589 228 0 0
588 228 0 0
587 228 0 0
586 228 0 0
585 228 0 0
584 228 0 0
316 228 0 1
315 228 0 1
314 228 0 1
313 228 0 1
312 228 0 1
311 228 0 1
310 228 0 1
85 228 0 0
84 228 0 0
83 228 0 0
82 228 0 0
81 228 0 0
80 228 0 0
79 228 0 0
590 227 0 0
589 227 0 0
588 227 0 0
587 227 0 0
586 227 0 0
585 227 0 0
584 227 0 0
318 227 0 1
317 227 0 1
316 227 0 1
315 227 0 1
314 227 0 1
313 227 0 1
312 227 0 1
311 227 0 1
85 227 0 0
84 227 0 0
83 227 0 0
82 227 0 0
81 227 0 0
80 227 0 0
79 227 0 0
590 226 0 0
589 226 0 0
588 226 0 0
587 226 0 0
586 226 0 0
585 226 0 0
584 226 0 0
318 226 0 1
317 226 0 1
316 226 0 1
315 226 0 1
314 226 0 1
313 226 0 1
312 226 0 1
311 226 0 1
85 226 0 0
84 226 0 0
83 226 0 0
82 226 0 0
81 226 0 0
80 226 0 0
79 226 0 0
588 225 0 0
587 225 0 0
586 225 0 0
585 225 0 0
584 225 0 0
583 225 0 0
318 225 0 1
317 225 0 1
316 225 0 1
315 225 0 1
314 225 0 1
313 225 0 1
312 225 0 1
84 225 0 0
83 225 0 0
82 225 0 0
81 225 0 0
80 225 0 0
79 225 0 0
78 225 0 0
588 224 0 0
587 224 0 0
586 224 0 0
585 224 0 0
584 224 0 0
583 224 0 0
319 224 0 1
318 224 0 1
317 224 0 1
316 224 0 1
315 224 0 1
314 224 0 1
313 224 0 1
84 224 0 0
83 224 0 0
82 224 0 0
81 224 0 0
80 224 0 0
79 224 0 0
78 224 0 0
588 223 0 0
587 223 0 0
586 223 0 0
585 223 0 0
584 223 0 0
583 223 0 0
320 223 0 1
319 223 0 1
318 223 0 1
317 223 0 1
316 223 0 1
315 223 0 1
84 223 0 0
83 223 0 0
82 223 0 0
81 223 0 0
80 223 0 0
79 223 0 0
78 223 0 0
588 222 0 0
587 222 0 0
586 222 0 0
585 222 0 0
584 222 0 0
583 222 0 0
320 222 0 1
319 222 0 1
318 222 0 1
317 222 0 1
316 222 0 1
315 222 0 1
84 222 0 0
83 222 0 0
82 222 0 0
81 222 0 0
80 222 0 0
79 222 0 0
78 222 0 0
588 221 0 0
587 221 0 0
586 221 0 0
585 221 0 0
584 221 0 0
583 221 0 0
322 221 0 1
321 221 0 1
320 221 0 1
319 221 0 1
318 221 0 1
317 221 0 1
316 221 0 1
84 221 0 0
83 221 0 0
82 221 0 0
81 221 0 0
80 221 0 0
79 221 0 0
78 221 0 0
588 220 0 0
587 220 0 0
586 220 0 0
585 220 0 0
584 220 0 0
583 220 0 0
323 220 0 1
322 220 0 1
321 220 0 1
320 220 0 1
319 220 0 1
318 220 0 1
317 220 0 1
84 220 0 0
83 220 0 0
82 220 0 0
81 220 0 0
80 220 0 0
79 220 0 0
78 220 0 0
588 219 0 0
587 219 0 0
586 219 0 0
585 219 0 0
584 219 0 0
583 219 0 0
324 219 0 1
323 219 0 1
322 219 0 1
321 219 0 1
320 219 0 1
319 219 0 1
318 219 0 1
317 219 0 1
84 219 0 0
83 219 0 0
82 219 0 0
81 219 0 0
80 219 0 0
79 219 0 0
78 219 0 0
588 218 0 0
587 218 0 0
586 218 0 0
585 218 0 0
584 218 0 0
583 218 0 0
326 218 0 1
325 218 0 1
324 218 0 1
323 218 0 1
322 218 0 1
321 218 0 1
320 218 0 1
319 218 0 1
84 218 0 0
83 218 0 0
82 218 0 0
81 218 0 0
80 218 0 0
79 218 0 0
78 218 0 0
588 217 0 0
587 217 0 0
586 217 0 0
585 217 0 0
584 217 0 0
583 217 0 0
326 217 0 1
325 217 0 1
324 217 0 1
323 217 0 1
322 217 0 1
321 217 0 1
320 217 0 1
319 217 0 1
84 217 0 0
83 217 0 0
82 217 0 0
81 217 0 0
80 217 0 0
79 217 0 0
78 217 0 0
588 216 0 0
587 216 0 0
586 216 0 0
585 216 0 0
584 216 0 0
583 216 0 0
326 216 0 1
325 216 0 1
324 216 0 1
323 216 0 1
322 216 0 1
321 216 0 1
320 216 0 1
84 216 0 0
83 216 0 0
82 216 0 0
81 216 0 0
80 216 0 0
79 216 0 0
78 216 0 0
588 215 0 0
587 215 0 0
586 215 0 0
585 215 0 0
584 215 0 0
583 215 0 0
327 215 0 1
326 215 0 1
325 215 0 1
324 215 0 1
323 215 0 1
322 215 0 1
321 215 0 1
84 215 0 0
83 215 0 0
82 215 0 0
81 215 0 0
80 215 0 0
79 215 0 0
78 215 0 0
588 214 0 0
587 214 0 0
586 214 0 0
585 214 0 0
584 214 0 0
583 214 0 0
328 214 0 1
327 214 0 1
326 214 0 1
325 214 0 1
324 214 0 1
323 214 0 1
84 214 0 0
83 214 0 0
82 214 0 0
81 214 0 0
80 214 0 0
79 214 0 0
78 214 0 0
588 213 0 0
587 213 0 0
586 213 0 0
585 213 0 0
584 213 0 0
583 213 0 0
328 213 0 1
327 213 0 1
326 213 0 1
325 213 0 1
324 213 0 1
323 213 0 1
84 213 0 0
83 213 0 0
82 213 0 0
81 213 0 0
80 213 0 0
79 213 0 0
78 213 0 0
587 212 0 0
586 212 0 0
585 212 0 0
584 212 0 0
583 212 0 0
582 212 0 0
581 212 0 0
329 212 0 1
328 212 0 1
327 212 0 1
326 212 0 1
325 212 0 1
324 212 0 1
84 212 0 0
83 212 0 0
82 212 0 0
81 212 0 0
80 212 0 0
79 212 0 0
78 212 0 0
587 211 0 0
586 211 0 0
585 211 0 0
584 211 0 0
583 211 0 0
582 211 0 0
581 211 0 0
331 211 0 1
330 211 0 1
329 211 0 1
328 211 0 1
327 211 0 1
326 211 0 1
325 211 0 1
324 211 0 1
84 211 0 0
83 211 0 0
82 211 0 0
81 211 0 0
80 211 0 0
79 211 0 0
78 211 0 0
587 210 0 0
586 210 0 0
585 210 0 0
584 210 0 0
583 210 0 0
582 210 0 0
581 210 0 0
332 210 0 1
331 210 0 1
330 210 0 1
329 210 0 1
328 210 0 1
327 210 0 1
326 210 0 1
325 210 0 1
84 210 0 0
83 210 0 0
82 210 0 0
81 210 0 0
80 210 0 0
79 210 0 0
78 210 0 0
587 209 0 0
586 209 0 0
585 209 0 0
584 209 0 0
583 209 0 0
582 209 0 0
581 209 0 0
332 209 0 1
331 209 0 1
330 209 0 1
329 209 0 1
328 209 0 1
327 209 0 1
326 209 0 1
325 209 0 1
84 209 0 0
83 209 0 0
82 209 0 0
81 209 0 0
80 209 0 0
79 209 0 0
78 209 0 0
587 208 0 0
586 208 0 0
585 208 0 0
584 208 0 0
583 208 0 0
582 208 0 0
581 208 0 0
332 208 0 1
331 208 0 1
330 208 0 1
329 208 0 1
328 208 0 1
327 208 0 1
84 208 0 0
83 208 0 0
82 208 0 0
81 208 0 0
80 208 0 0
79 208 0 0
78 208 0 0
587 207 0 0
586 207 0 0
585 207 0 0
584 207 0 0
583 207 0 0
582 207 0 0
581 207 0 0
333 207 0 1
332 207 0 1
331 207 0 1
330 207 0 1
329 207 0 1
328 207 0 1
84 207 0 0
83 207 0 0
82 207 0 0
81 207 0 0
80 207 0 0
79 207 0 0
78 207 0 0
587 206 0 0
586 206 0 0
585 206 0 0
584 206 0 0
583 206 0 0
582 206 0 0
581 206 0 0
335 206 0 1
334 206 0 1
333 206 0 1
332 206 0 1
331 206 0 1
330 206 0 1
329 206 0 1
84 206 0 0
83 206 0 0
82 206 0 0
81 206 0 0
80 206 0 0
79 206 0 0
78 206 0 0
587 205 0 0
586 205 0 0
585 205 0 0
584 205 0 0
583 205 0 0
582 205 0 0
581 205 0 0
336 205 0 1
335 205 0 1
334 205 0 1
333 205 0 1
332 205 0 1
331 205 0 1
330 205 0 1
82 205 0 0
81 205 0 0
80 205 0 0
79 205 0 0
78 205 0 0
77 205 0 0
587 204 0 0
586 204 0 0
585 204 0 0
584 204 0 0
583 204 0 0
582 204 0 0
581 204 0 0
336 204 0 1
335 204 0 1
334 204 0 1
333 204 0 1
332 204 0 1
331 204 0 1
330 204 0 1
82 204 0 0
81 204 0 0
80 204 0 0
79 204 0 0
78 204 0 0
77 204 0 0
587 203 0 0
586 203 0 0
585 203 0 0
584 203 0 0
583 203 0 0
582 203 0 0
581 203 0 0
337 203 0 1
336 203 0 1
335 203 0 1
334 203 0 1
333 203 0 1
332 203 0 1
331 203 0 1
330 203 0 1
82 203 0 0
81 203 0 0
80 203 0 0
79 203 0 0
78 203 0 0
77 203 0 0
587 202 0 0
586 202 0 0
585 202 0 0
584 202 0 0
583 202 0 0
582 202 0 0
581 202 0 0
339 202 0 1
338 202 0 1
337 202 0 1
336 202 0 1
335 202 0 1
334 202 0 1
333 202 0 1
332 202 0 1
82 202 0 0
81 202 0 0
80 202 0 0
79 202 0 0
78 202 0 0
77 202 0 0
587 201 0 0
586 201 0 0
585 201 0 0
584 201 0 0
583 201 0 0
582 201 0 0
581 201 0 0
339 201 0 1
338 201 0 1
337 201 0 1
336 201 0 1
335 201 0 1
334 201 0 1
333 201 0 1
82 201 0 0
81 201 0 0
80 201 0 0
79 201 0 0
78 201 0 0
77 201 0 0
587 200 0 0
586 200 0 0
585 200 0 0
584 200 0 0
583 200 0 0
582 200 0 0
581 200 0 0
339 200 0 1
338 200 0 1
337 200 0 1
336 200 0 1
335 200 0 1
334 200 0 1
333 200 0 1
82 200 0 0
81 200 0 0
80 200 0 0
79 200 0 0
78 200 0 0
77 200 0 0
587 199 0 0
586 199 0 0
585 199 0 0
584 199 0 0
583 199 0 0
582 199 0 0
581 199 0 0
340 199 0 1
339 199 0 1
338 199 0 1
337 199 0 1
336 199 0 1
335 199 0 1
334 199 0 1
82 199 0 0
81 199 0 0
80 199 0 0
79 199 0 0
78 199 0 0
77 199 0 0
586 198 0 0
585 198 0 0
584 198 0 0
583 198 0 0
582 198 0 0
581 198 0 0
580 198 0 0
341 198 0 1
340 198 0 1
339 198 0 1
338 198 0 1
337 198 0 1
336 198 0 1
82 198 0 0
81 198 0 0
80 198 0 0
79 198 0 0
78 198 0 0
77 198 0 0
586 197 0 0
585 197 0 0
584 197 0 0
583 197 0 0
582 197 0 0
581 197 0 0
580 197 0 0
342 197 0 1
341 197 0 1
340 197 0 1
339 197 0 1
338 197 0 1
337 197 0 1
82 197 0 0
81 197 0 0
80 197 0 0
79 197 0 0
78 197 0 0
77 197 0 0
586 196 0 0
585 196 0 0
584 196 0 0
583 196 0 0
582 196 0 0
581 196 0 0
580 196 0 0
342 196 0 1
341 196 0 1
340 196 0 1
339 196 0 1
338 196 0 1
337 196 0 1
82 196 0 0
81 196 0 0
80 196 0 0
79 196 0 0
78 196 0 0
77 196 0 0
586 195 0 0
585 195 0 0
584 195 0 0
583 195 0 0
582 195 0 0
581 195 0 0
580 195 0 0
344 195 0 1
343 195 0 1
342 195 0 1
341 195 0 1
340 195 0 1
339 195 0 1
338 195 0 1
82 195 0 0
81 195 0 0
80 195 0 0
79 195 0 0
78 195 0 0
77 195 0 0
586 194 0 0
585 194 0 0
584 194 0 0
583 194 0 0
582 194 0 0
581 194 0 0
580 194 0 0
345 194 0 1
344 194 0 1
343 194 0 1
342 194 0 1
341 194 0 1
340 194 0 1
339 194 0 1
338 194 0 1
82 194 0 0
81 194 0 0
80 194 0 0
79 194 0 0
78 194 0 0
77 194 0 0
586 193 0 0
585 193 0 0
584 193 0 0
583 193 0 0
582 193 0 0
581 193 0 0
580 193 0 0
346 193 0 1
345 193 0 1
344 193 0 1
343 193 0 1
342 193 0 1
341 193 0 1
340 193 0 1
82 193 0 0
81 193 0 0
80 193 0 0
79 193 0 0
78 193 0 0
77 193 0 0
586 192 0 0
585 192 0 0
584 192 0 0
583 192 0 0
582 192 0 0
581 192 0 0
580 192 0 0
346 192 0 1
345 192 0 1
344 192 0 1
343 192 0 1
342 192 0 1
341 192 0 1
82 192 0 0
81 192 0 0
80 192 0 0
79 192 0 0
78 192 0 0
77 192 0 0
586 191 0 0
585 191 0 0
584 191 0 0
583 191 0 0
582 191 0 0
581 191 0 0
580 191 0 0
346 191 0 1
345 191 0 1
344 191 0 1
343 191 0 1
342 191 0 1
341 191 0 1
82 191 0 0
81 191 0 0
80 191 0 0
79 191 0 0
78 191 0 0
77 191 0 0
586 190 0 0
585 190 0 0
584 190 0 0
583 190 0 0
582 190 0 0
581 190 0 0
580 190 0 0
348 190 0 1
347 190 0 1
346 190 0 1
345 190 0 1
344 190 0 1
343 190 0 1
342 190 0 1
82 190 0 0
81 190 0 0
80 190 0 0
79 190 0 0
78 190 0 0
77 190 0 0
586 189 0 0
585 189 0 0
584 189 0 0
583 189 0 0
582 189 0 0
581 189 0 0
580 189 0 0
349 189 0 1
348 189 0 1
347 189 0 1
346 189 0 1
345 189 0 1
344 189 0 1
343 189 0 1
342 189 0 1
82 189 0 0
81 189 0 0
80 189 0 0
79 189 0 0
78 189 0 0
77 189 0 0
586 188 0 0
585 188 0 0
584 188 0 0
583 188 0 0
582 188 0 0
581 188 0 0
580 188 0 0
350 188 0 1
349 188 0 1
348 188 0 1
347 188 0 1
346 188 0 1
345 188 0 1
344 188 0 1
343 188 0 1
82 188 0 0
81 188 0 0
80 188 0 0
79 188 0 0
78 188 0 0
77 188 0 0
586 187 0 0
585 187 0 0
584 187 0 0
583 187 0 0
582 187 0 0
581 187 0 0
580 187 0 0
350 187 0 1
349 187 0 1
348 187 0 1
347 187 0 1
346 187 0 1
345 187 0 1
344 187 0 1
343 187 0 1
82 187 0 0
81 187 0 0
80 187 0 0
79 187 0 0
78 187 0 0
77 187 0 0
586 186 0 0
585 186 0 0
584 186 0 0
583 186 0 0
582 186 0 0
581 186 0 0
580 186 0 0
352 186 0 1
351 186 0 1
350 186 0 1
349 186 0 1
348 186 0 1
347 186 0 1
346 186 0 1
345 186 0 1
82 186 0 0
81 186 0 0
80 186 0 0
79 186 0 0
78 186 0 0
77 186 0 0
586 185 0 0
585 185 0 0
584 185 0 0
583 185 0 0
582 185 0 0
581 185 0 0
580 185 0 0
353 185 0 1
352 185 0 1
351 185 0 1
350 185 0 1
349 185 0 1
348 185 0 1
347 185 0 1
346 185 0 1
82 185 0 0
81 185 0 0
80 185 0 0
79 185 0 0
78 185 0 0
77 185 0 0
584 184 0 0
583 184 0 0
582 184 0 0
581 184 0 0
580 184 0 0
579 184 0 0
353 184 0 1
352 184 0 1
351 184 0 1
350 184 0 1
349 184 0 1
348 184 0 1
347 184 0 1
81 184 0 0
80 184 0 0
79 184 0 0
78 184 0 0
77 184 0 0
76 184 0 0
75 184 0 0
584 183 0 0
583 183 0 0
582 183 0 0
581 183 0 0
580 183 0 0
579 183 0 0
353 183 0 1
352 183 0 1
351 183 0 1
350 183 0 1
349 183 0 1
348 183 0 1
347 183 0 1
81 183 0 0
80 183 0 0
79 183 0 0
78 183 0 0
77 183 0 0
76 183 0 0
75 183 0 0
584 182 0 0
583 182 0 0
582 182 0 0
581 182 0 0
580 182 0 0
579 182 0 0
354 182 0 1
353 182 0 1
352 182 0 1
351 182 0 1
350 182 0 1
349 182 0 1
81 182 0 0
80 182 0 0
79 182 0 0
78 182 0 0
77 182 0 0
76 182 0 0
75 182 0 0
584 181 0 0
583 181 0 0
582 181 0 0
581 181 0 0
580 181 0 0
579 181 0 0
355 181 0 1
354 181 0 1
353 181 0 1
352 181 0 1
351 181 0 1
350 181 0 1
81 181 0 0
80 181 0 0
79 181 0 0
78 181 0 0
77 181 0 0
76 181 0 0
75 181 0 0
584 180 0 0
583 180 0 0
582 180 0 0
581 180 0 0
580 180 0 0
579 180 0 0
357 180 0 1
356 180 0 1
355 180 0 1
354 180 0 1
353 180 0 1
352 180 0 1
351 180 0 1
81 180 0 0
80 180 0 0
79 180 0 0
78 180 0 0
77 180 0 0
76 180 0 0
75 180 0 0
584 179 0 0
583 179 0 0
582 179 0 0
581 179 0 0
580 179 0 0
579 179 0 0
358 179 0 1
357 179 0 1
356 179 0 1
355 179 0 1
354 179 0 1
353 179 0 1
81 179 0 0
80 179 0 0
79 179 0 0
78 179 0 0
77 179 0 0
76 179 0 0
75 179 0 0
584 178 0 0
583 178 0 0
582 178 0 0
581 178 0 0
580 178 0 0
579 178 0 0
358 178 0 1
357 178 0 1
356 178 0 1
355 178 0 1
354 178 0 1
353 178 0 1
81 178 0 0
80 178 0 0
79 178 0 0
78 178 0 0
77 178 0 0
76 178 0 0
75 178 0 0
584 177 0 0
583 177 0 0
582 177 0 0
581 177 0 0
580 177 0 0
579 177 0 0
358 177 0 1
357 177 0 1
356 177 0 1
355 177 0 1
354 177 0 1
353 177 0 1
81 177 0 0
80 177 0 0
79 177 0 0
78 177 0 0
77 177 0 0
76 177 0 0
75 177 0 0
584 176 0 0
583 176 0 0
582 176 0 0
581 176 0 0
580 176 0 0
579 176 0 0
359 176 0 1
358 176 0 1
357 176 0 1
356 176 0 1
355 176 0 1
354 176 0 1
353 176 0 1
81 176 0 0
80 176 0 0
79 176 0 0
78 176 0 0
77 176 0 0
76 176 0 0
75 176 0 0
584 175 0 0
583 175 0 0
582 175 0 0
581 175 0 0
580 175 0 0
579 175 0 0
359 175 0 1
358 175 0 1
357 175 0 1
356 175 0 1
355 175 0 1
354 175 0 1
81 175 0 0
80 175 0 0
79 175 0 0
78 175 0 0
77 175 0 0
76 175 0 0
75 175 0 0
584 174 0 0
583 174 0 0
582 174 0 0
581 174 0 0
580 174 0 0
579 174 0 0
359 174 0 1
358 174 0 1
357 174 0 1
356 174 0 1
355 174 0 1
354 174 0 1
81 174 0 0
80 174 0 0
79 174 0 0
78 174 0 0
77 174 0 0
76 174 0 0
75 174 0 0
584 173 0 0
583 173 0 0
582 173 0 0
581 173 0 0
580 173 0 0
579 173 0 0
361 173 0 1
360 173 0 1
359 173 0 1
358 173 0 1
357 173 0 1
356 173 0 1
355 173 0 1
81 173 0 0
80 173 0 0
79 173 0 0
78 173 0 0
77 173 0 0
76 173 0 0
75 173 0 0
584 172 0 0
583 172 0 0
582 172 0 0
581 172 0 0
580 172 0 0
579 172 0 0
362 172 0 1
361 172 0 1
360 172 0 1
359 172 0 1
358 172 0 1
357 172 0 1
356 172 0 1
355 172 0 1
81 172 0 0
80 172 0 0
79 172 0 0
78 172 0 0
77 172 0 0
76 172 0 0
75 172 0 0
584 171 0 0
583 171 0 0
582 171 0 0
581 171 0 0
580 171 0 0
579 171 0 0
362 171 0 1
361 171 0 1
360 171 0 1
359 171 0 1
358 171 0 1
357 171 0 1
356 171 0 1
81 171 0 0
80 171 0 0
79 171 0 0
78 171 0 0
77 171 0 0
76 171 0 0
75 171 0 0
584 170 0 0
583 170 0 0
582 170 0 0
581 170 0 0
580 170 0 0
579 170 0 0
362 170 0 1
361 170 0 1
360 170 0 1
359 170 0 1
358 170 0 1
357 170 0 1
356 170 0 1
81 170 0 0
80 170 0 0
79 170 0 0
78 170 0 0
77 170 0 0
76 170 0 0
75 170 0 0
583 169 0 0
582 169 0 0
581 169 0 0
580 169 0 0
579 169 0 0
578 169 0 0
363 169 0 1
362 169 0 1
361 169 0 1
360 169 0 1
359 169 0 1
358 169 0 1
81 169 0 0
80 169 0 0
79 169 0 0
78 169 0 0
77 169 0 0
76 169 0 0
75 169 0 0
583 168 0 0
582 168 0 0
581 168 0 0
580 168 0 0
579 168 0 0
578 168 0 0
362 168 0 1
361 168 0 1
360 168 0 1
359 168 0 1
81 168 0 0
80 168 0 0
79 168 0 0
78 168 0 0
77 168 0 0
76 168 0 0
75 168 0 0
582 167 0 0
581 167 0 0
580 167 0 0
579 167 0 0
578 167 0 0
577 167 0 0
576 167 0 0
361 167 0 1
360 167 0 1
81 167 0 0
80 167 0 0
79 167 0 0
78 167 0 0
77 167 0 0
76 167 0 0
75 167 0 0
582 166 0 0
581 166 0 0
580 166 0 0
579 166 0 0
578 166 0 0
577 166 0 0
576 166 0 0
81 166 0 0
80 166 0 0
79 166 0 0
78 166 0 0
77 166 0 0
76 166 0 0
75 166 0 0
582 165 0 0
581 165 0 0
580 165 0 0
579 165 0 0
578 165 0 0
577 165 0 0
576 165 0 0
81 165 0 0
80 165 0 0
79 165 0 0
78 165 0 0
77 165 0 0
76 165 0 0
75 165 0 0
582 164 0 0
581 164 0 0
580 164 0 0
579 164 0 0
578 164 0 0
577 164 0 0
576 164 0 0
81 164 0 0
80 164 0 0
79 164 0 0
78 164 0 0
77 164 0 0
76 164 0 0
75 164 0 0
580 163 0 0
579 163 0 0
578 163 0 0
80 163 0 0
79 163 0 0
78 163 0 0
77 163 0 0
76 163 0 0
75 163 0 0
74 163 0 0
579 162 0 0
80 162 0 0
79 162 0 0
78 162 0 0
77 162 0 0
76 162 0 0
75 162 0 0
74 162 0 0
579 161 0 0
80 161 0 0
79 161 0 0
78 161 0 0
77 161 0 0
76 161 0 0
75 161 0 0
74 161 0 0
80 160 0 0
79 160 0 0
78 160 0 0
77 160 0 0
76 160 0 0
75 160 0 0
74 160 0 0
80 159 0 0
79 159 0 0
78 159 0 0
77 159 0 0
76 159 0 0
75 159 0 0
74 159 0 0
80 158 0 0
79 158 0 0
78 158 0 0
77 158 0 0
76 158 0 0
75 158 0 0
74 158 0 0
80 157 0 0
79 157 0 0
78 157 0 0
77 157 0 0
76 157 0 0
75 157 0 0
74 157 0 0
80 156 0 0
79 156 0 0
78 156 0 0
77 156 0 0
76 156 0 0
75 156 0 0
74 156 0 0
80 155 0 0
79 155 0 0
78 155 0 0
77 155 0 0
76 155 0 0
75 155 0 0
74 155 0 0
80 154 0 0
79 154 0 0
78 154 0 0
77 154 0 0
76 154 0 0
75 154 0 0
74 154 0 0
80 153 0 0
79 153 0 0
78 153 0 0
77 153 0 0
76 153 0 0
75 153 0 0
74 153 0 0
80 152 0 0
79 152 0 0
78 152 0 0
77 152 0 0
76 152 0 0
75 152 0 0
74 152 0 0
80 151 0 0
79 151 0 0
78 151 0 0
77 151 0 0
76 151 0 0
75 151 0 0
74 151 0 0
80 150 0 0
79 150 0 0
78 150 0 0
77 150 0 0
76 150 0 0
75 150 0 0
74 150 0 0
80 149 0 0
79 149 0 0
78 149 0 0
77 149 0 0
76 149 0 0
75 149 0 0
74 149 0 0
80 148 0 0
79 148 0 0
78 148 0 0
77 148 0 0
76 148 0 0
75 148 0 0
74 148 0 0
80 147 0 0
79 147 0 0
78 147 0 0
77 147 0 0
76 147 0 0
75 147 0 0
74 147 0 0
80 146 0 0
79 146 0 0
78 146 0 0
77 146 0 0
76 146 0 0
75 146 0 0
74 146 0 0
80 145 0 0
79 145 0 0
78 145 0 0
77 145 0 0
76 145 0 0
75 145 0 0
74 145 0 0
80 144 0 0
79 144 0 0
78 144 0 0
77 144 0 0
76 144 0 0
75 144 0 0
74 144 0 0
80 143 0 0
79 143 0 0
78 143 0 0
77 143 0 0
76 143 0 0
75 143 0 0
74 143 0 0
78 142 0 0
77 142 0 0
76 142 0 0
75 142 0 0
74 142 0 0
73 142 0 0
78 141 0 0
77 141 0 0
76 141 0 0
75 141 0 0
74 141 0 0
73 141 0 0
78 140 0 0
77 140 0 0
76 140 0 0
75 140 0 0
74 140 0 0
73 140 0 0
78 139 0 0
77 139 0 0
76 139 0 0
75 139 0 0
74 139 0 0
73 139 0 0
78 138 0 0
77 138 0 0
76 138 0 0
75 138 0 0
74 138 0 0
73 138 0 0
78 137 0 0
77 137 0 0
76 137 0 0
75 137 0 0
74 137 0 0
73 137 0 0
78 136 0 0
77 136 0 0
76 136 0 0
75 136 0 0
74 136 0 0
73 136 0 0
78 135 0 0
77 135 0 0
76 135 0 0
75 135 0 0
74 135 0 0
73 135 0 0
78 134 0 0
77 134 0 0
76 134 0 0
75 134 0 0
74 134 0 0
73 134 0 0
78 133 0 0
77 133 0 0
76 133 0 0
75 133 0 0
74 133 0 0
73 133 0 0
78 132 0 0
77 132 0 0
76 132 0 0
75 132 0 0
74 132 0 0
73 132 0 0
78 131 0 0
77 131 0 0
76 131 0 0
75 131 0 0
74 131 0 0
73 131 0 0
78 130 0 0
77 130 0 0
76 130 0 0
75 130 0 0
74 130 0 0
73 130 0 0
78 129 0 0
77 129 0 0
76 129 0 0
75 129 0 0
74 129 0 0
73 129 0 0
78 128 0 0
77 128 0 0
76 128 0 0
75 128 0 0
74 128 0 0
73 128 0 0
78 127 0 0
77 127 0 0
76 127 0 0
75 127 0 0
74 127 0 0
73 127 0 0
78 126 0 0
77 126 0 0
76 126 0 0
75 126 0 0
74 126 0 0
73 126 0 0
78 125 0 0
77 125 0 0
76 125 0 0
75 125 0 0
74 125 0 0
73 125 0 0
78 124 0 0
77 124 0 0
76 124 0 0
75 124 0 0
74 124 0 0
73 124 0 0
78 123 0 0
77 123 0 0
76 123 0 0
75 123 0 0
74 123 0 0
73 123 0 0
78 122 0 0
77 122 0 0
76 122 0 0
75 122 0 0
74 122 0 0
73 122 0 0
77 121 0 0
76 121 0 0
75 121 0 0
74 121 0 0
73 121 0 0
72 121 0 0
77 120 0 0
76 120 0 0
75 120 0 0
74 120 0 0
73 120 0 0
72 120 0 0
77 119 0 0
76 119 0 0
75 119 0 0
74 119 0 0
73 119 0 0
72 119 0 0
77 118 0 0
76 118 0 0
75 118 0 0
74 118 0 0
73 118 0 0
72 118 0 0
77 117 0 0
76 117 0 0
75 117 0 0
74 117 0 0
73 117 0 0
72 117 0 0
77 116 0 0
76 116 0 0
75 116 0 0
74 116 0 0
73 116 0 0
72 116 0 0
77 115 0 0
76 115 0 0
75 115 0 0
74 115 0 0
73 115 0 0
72 115 0 0
77 114 0 0
76 114 0 0
75 114 0 0
74 114 0 0
73 114 0 0
72 114 0 0
77 113 0 0
76 113 0 0
75 113 0 0
74 113 0 0
73 113 0 0
72 113 0 0
77 112 0 0
76 112 0 0
75 112 0 0
74 112 0 0
73 112 0 0
72 112 0 0
77 111 0 0
76 111 0 0
75 111 0 0
74 111 0 0
73 111 0 0
72 111 0 0
77 110 0 0
76 110 0 0
75 110 0 0
74 110 0 0
73 110 0 0
72 110 0 0
77 109 0 0
76 109 0 0
75 109 0 0
74 109 0 0
73 109 0 0
72 109 0 0
77 108 0 0
76 108 0 0
75 108 0 0
74 108 0 0
73 108 0 0
72 108 0 0
77 107 0 0
76 107 0 0
75 107 0 0
74 107 0 0
73 107 0 0
72 107 0 0
77 106 0 0
76 106 0 0
75 106 0 0
74 106 0 0
73 106 0 0
72 106 0 0
77 105 0 0
76 105 0 0
75 105 0 0
74 105 0 0
73 105 0 0
72 105 0 0
77 104 0 0
76 104 0 0
75 104 0 0
74 104 0 0
73 104 0 0
72 104 0 0
77 103 0 0
76 103 0 0
75 103 0 0
74 103 0 0
73 103 0 0
72 103 0 0
77 102 0 0
76 102 0 0
75 102 0 0
74 102 0 0
73 102 0 0
72 102 0 0
77 101 0 0
76 101 0 0
75 101 0 0
74 101 0 0
73 101 0 0
72 101 0 0
76 100 0 0
75 100 0 0
74 100 0 0
73 100 0 0
72 100 0 0
71 100 0 0
70 100 0 0
76 99 0 0
75 99 0 0
74 99 0 0
73 99 0 0
72 99 0 0
71 99 0 0
70 99 0 0
76 98 0 0
75 98 0 0
74 98 0 0
73 98 0 0
72 98 0 0
71 98 0 0
70 98 0 0
76 97 0 0
75 97 0 0
74 97 0 0
73 97 0 0
72 97 0 0
71 97 0 0
70 97 0 0
76 96 0 0
75 96 0 0
74 96 0 0
73 96 0 0
72 96 0 0
71 96 0 0
70 96 0 0
76 95 0 0
75 95 0 0
74 95 0 0
73 95 0 0
72 95 0 0
71 95 0 0
70 95 0 0
76 94 0 0
75 94 0 0
74 94 0 0
73 94 0 0
72 94 0 0
71 94 0 0
70 94 0 0
76 93 0 0
75 93 0 0
74 93 0 0
73 93 0 0
72 93 0 0
71 93 0 0
70 93 0 0
76 92 0 0
75 92 0 0
74 92 0 0
73 92 0 0
72 92 0 0
71 92 0 0
70 92 0 0
76 91 0 0
75 91 0 0
74 91 0 0
73 91 0 0
72 91 0 0
71 91 0 0
70 91 0 0
76 90 0 0
75 90 0 0
74 90 0 0
73 90 0 0
72 90 0 0
71 90 0 0
70 90 0 0
76 89 0 0
75 89 0 0
74 89 0 0
73 89 0 0
72 89 0 0
71 89 0 0
70 89 0 0
76 88 0 0
75 88 0 0
74 88 0 0
73 88 0 0
72 88 0 0
71 88 0 0
70 88 0 0
76 87 0 0
75 87 0 0
74 87 0 0
73 87 0 0
72 87 0 0
71 87 0 0
70 87 0 0
76 86 0 0
75 86 0 0
74 86 0 0
73 86 0 0
72 86 0 0
71 86 0 0
70 86 0 0
76 85 0 0
75 85 0 0
74 85 0 0
73 85 0 0
72 85 0 0
71 85 0 0
70 85 0 0
76 84 0 0
75 84 0 0
74 84 0 0
73 84 0 0
72 84 0 0
71 84 0 0
70 84 0 0
76 83 0 0
75 83 0 0
74 83 0 0
73 83 0 0
72 83 0 0
71 83 0 0
70 83 0 0
76 82 0 0
75 82 0 0
74 82 0 0
73 82 0 0
72 82 0 0
71 82 0 0
70 82 0 0
76 81 0 0
75 81 0 0
74 81 0 0
73 81 0 0
72 81 0 0
71 81 0 0
70 81 0 0
76 80 0 0
75 80 0 0
74 80 0 0
73 80 0 0
72 80 0 0
71 80 0 0
70 80 0 0
76 79 0 0
75 79 0 0
74 79 0 0
73 79 0 0
72 79 0 0
71 79 0 0
70 79 0 0
76 78 0 0
75 78 0 0
74 78 0 0
73 78 0 0
72 78 0 0
71 78 0 0
70 78 0 0
76 77 0 0
75 77 0 0
74 77 0 0
73 77 0 0
72 77 0 0
71 77 0 0
70 77 0 0
76 76 0 0
75 76 0 0
74 76 0 0
73 76 0 0
72 76 0 0
71 76 0 0
70 76 0 0
76 75 0 0
75 75 0 0
74 75 0 0
73 75 0 0
72 75 0 0
71 75 0 0
70 75 0 0
76 74 0 0
75 74 0 0
74 74 0 0
73 74 0 0
72 74 0 0
71 74 0 0
70 74 0 0
76 73 0 0
75 73 0 0
74 73 0 0
73 73 0 0
72 73 0 0
71 73 0 0
70 73 0 0
74 72 0 0
73 72 0 0
72 72 0 0
73 71 0 0
73 70 0 0
348 61 0 0
347 61 0 0
346 61 0 0
353 60 0 0
352 60 0 0
351 60 0 0
350 60 0 0
349 60 0 0
348 60 0 0
347 60 0 0
346 60 0 0
345 60 0 0
358 59 0 0
357 59 0 0
356 59 0 0
355 59 0 0
354 59 0 0
353 59 0 0
352 59 0 0
351 59 0 0
350 59 0 0
349 59 0 0
348 59 0 0
347 59 0 0
346 59 0 0
345 59 0 0
344 59 0 0
343 59 0 0
363 58 0 0
362 58 0 0
361 58 0 0
360 58 0 0
359 58 0 0
358 58 0 0
357 58 0 0
356 58 0 0
355 58 0 0
354 58 0 0
353 58 0 0
352 58 0 0
351 58 0 0
350 58 0 0
349 58 0 0
348 58 0 0
347 58 0 0
346 58 0 0
345 58 0 0
363 57 0 0
362 57 0 0
361 57 0 0
360 57 0 0
359 57 0 0
358 57 0 0
357 57 0 0
356 57 0 0
355 57 0 0
354 57 0 0
353 57 0 0
352 57 0 0
351 57 0 0
350 57 0 0
349 57 0 0
348 57 0 0
347 57 0 0
346 57 0 0
345 57 0 0
371 56 0 0
370 56 0 0
369 56 0 0
368 56 0 0
367 56 0 0
366 56 0 0
365 56 0 0
364 56 0 0
363 56 0 0
362 56 0 0
361 56 0 0
360 56 0 0
359 56 0 0
358 56 0 0
357 56 0 0
356 56 0 0
355 56 0 0
354 56 0 0
353 56 0 0
352 56 0 0
351 56 0 0
350 56 0 0
349 56 0 0
348 56 0 0
347 56 0 0
346 56 0 0
384 55 0 0
383 55 0 0
382 55 0 0
381 55 0 0
380 55 0 0
379 55 0 0
378 55 0 0
377 55 0 0
376 55 0 0
375 55 0 0
374 55 0 0
373 55 0 0
372 55 0 0
371 55 0 0
370 55 0 0
369 55 0 0
368 55 0 0
367 55 0 0
366 55 0 0
365 55 0 0
364 55 0 0
363 55 0 0
362 55 0 0
361 55 0 0
360 55 0 0
359 55 0 0
358 55 0 0
357 55 0 0
356 55 0 0
355 55 0 0
354 55 0 0
353 55 0 0
352 55 0 0
351 55 0 0
350 55 0 0
349 55 0 0
398 54 0 0
397 54 0 0
396 54 0 0
395 54 0 0
394 54 0 0
393 54 0 0
392 54 0 0
391 54 0 0
390 54 0 0
389 54 0 0
388 54 0 0
387 54 0 0
386 54 0 0
385 54 0 0
384 54 0 0
383 54 0 0
382 54 0 0
381 54 0 0
380 54 0 0
379 54 0 0
378 54 0 0
377 54 0 0
376 54 0 0
375 54 0 0
374 54 0 0
373 54 0 0
372 54 0 0
371 54 0 0
370 54 0 0
369 54 0 0
368 54 0 0
367 54 0 0
366 54 0 0
365 54 0 0
364 54 0 0
363 54 0 0
362 54 0 0
361 54 0 0
360 54 0 0
359 54 0 0
358 54 0 0
357 54 0 0
356 54 0 0
355 54 0 0
354 54 0 0
398 53 0 0
397 53 0 0
396 53 0 0
395 53 0 0
394 53 0 0
393 53 0 0
392 53 0 0
391 53 0 0
390 53 0 0
389 53 0 0
388 53 0 0
387 53 0 0
386 53 0 0
385 53 0 0
384 53 0 0
383 53 0 0
382 53 0 0
381 53 0 0
380 53 0 0
379 53 0 0
378 53 0 0
377 53 0 0
376 53 0 0
375 53 0 0
374 53 0 0
373 53 0 0
372 53 0 0
371 53 0 0
370 53 0 0
369 53 0 0
368 53 0 0
367 53 0 0
366 53 0 0
365 53 0 0
364 53 0 0
363 53 0 0
362 53 0 0
361 53 0 0
360 53 0 0
359 53 0 0
358 53 0 0
357 53 0 0
356 53 0 0
355 53 0 0
354 53 0 0
411 52 0 0
410 52 0 0
409 52 0 0
408 52 0 0
407 52 0 0
406 52 0 0
405 52 0 0
404 52 0 0
403 52 0 0
402 52 0 0
401 52 0 0
400 52 0 0
399 52 0 0
398 52 0 0
397 52 0 0
396 52 0 0
395 52 0 0
394 52 0 0
393 52 0 0
392 52 0 0
391 52 0 0
390 52 0 0
389 52 0 0
388 52 0 0
387 52 0 0
386 52 0 0
385 52 0 0
384 52 0 0
383 52 0 0
382 52 0 0
381 52 0 0
380 52 0 0
379 52 0 0
378 52 0 0
377 52 0 0
376 52 0 0
375 52 0 0
374 52 0 0
373 52 0 0
372 52 0 0
371 52 0 0
370 52 0 0
369 52 0 0
368 52 0 0
367 52 0 0
366 52 0 0
365 52 0 0
364 52 0 0
363 52 0 0
362 52 0 0
361 52 0 0
360 52 0 0
359 52 0 0
426 51 0 0
425 51 0 0
424 51 0 0
423 51 0 0
422 51 0 0
421 51 0 0
420 51 0 0
419 51 0 0
418 51 0 0
417 51 0 0
416 51 0 0
415 51 0 0
414 51 0 0
413 51 0 0
412 51 0 0
411 51 0 0
410 51 0 0
409 51 0 0
408 51 0 0
407 51 0 0
406 51 0 0
405 51 0 0
404 51 0 0
403 51 0 0
402 51 0 0
401 51 0 0
400 51 0 0
399 51 0 0
398 51 0 0
397 51 0 0
396 51 0 0
395 51 0 0
394 51 0 0
393 51 0 0
392 51 0 0
391 51 0 0
390 51 0 0
389 51 0 0
388 51 0 0
387 51 0 0
386 51 0 0
385 51 0 0
384 51 0 0
383 51 0 0
382 51 0 0
381 51 0 0
380 51 0 0
379 51 0 0
378 51 0 0
377 51 0 0
376 51 0 0
375 51 0 0
374 51 0 0
373 51 0 0
372 51 0 0
371 51 0 0
370 51 0 0
369 51 0 0
368 51 0 0
367 51 0 0
366 51 0 0
365 51 0 0
364 51 0 0
439 50 0 0
438 50 0 0
437 50 0 0
436 50 0 0
435 50 0 0
434 50 0 0
433 50 0 0
432 50 0 0
431 50 0 0
430 50 0 0
429 50 0 0
428 50 0 0
427 50 0 0
426 50 0 0
425 50 0 0
424 50 0 0
423 50 0 0
422 50 0 0
421 50 0 0
420 50 0 0
419 50 0 0
418 50 0 0
417 50 0 0
416 50 0 0
415 50 0 0
414 50 0 0
413 50 0 0
412 50 0 0
411 50 0 0
410 50 0 0
409 50 0 0
408 50 0 0
407 50 0 0
406 50 0 0
405 50 0 0
404 50 0 0
403 50 0 0
402 50 0 0
401 50 0 0
400 50 0 0
399 50 0 0
398 50 0 0
397 50 0 0
396 50 0 0
395 50 0 0
394 50 0 0
393 50 0 0
392 50 0 0
391 50 0 0
390 50 0 0
389 50 0 0
388 50 0 0
387 50 0 0
386 50 0 0
385 50 0 0
384 50 0 0
383 50 0 0
382 50 0 0
381 50 0 0
380 50 0 0
379 50 0 0
378 50 0 0
377 50 0 0
376 50 0 0
375 50 0 0
374 50 0 0
373 50 0 0
372 50 0 0
439 49 0 0
438 49 0 0
437 49 0 0
436 49 0 0
435 49 0 0
434 49 0 0
433 49 0 0
432 49 0 0
431 49 0 0
430 49 0 0
429 49 0 0
428 49 0 0
427 49 0 0
426 49 0 0
425 49 0 0
424 49 0 0
423 49 0 0
422 49 0 0
421 49 0 0
420 49 0 0
419 49 0 0
418 49 0 0
417 49 0 0
416 49 0 0
415 49 0 0
414 49 0 0
413 49 0 0
412 49 0 0
411 49 0 0
410 49 0 0
409 49 0 0
408 49 0 0
407 49 0 0
406 49 0 0
405 49 0 0
404 49 0 0
403 49 0 0
402 49 0 0
401 49 0 0
400 49 0 0
399 49 0 0
398 49 0 0
397 49 0 0
396 49 0 0
395 49 0 0
394 49 0 0
393 49 0 0
392 49 0 0
391 49 0 0
390 49 0 0
389 49 0 0
388 49 0 0
387 49 0 0
386 49 0 0
385 49 0 0
384 49 0 0
383 49 0 0
382 49 0 0
381 49 0 0
380 49 0 0
379 49 0 0
378 49 0 0
377 49 0 0
376 49 0 0
375 49 0 0
374 49 0 0
373 49 0 0
372 49 0 0
453 48 0 0
452 48 0 0
451 48 0 0
450 48 0 0
449 48 0 0
448 48 0 0
447 48 0 0
446 48 0 0
445 48 0 0
444 48 0 0
443 48 0 0
442 48 0 0
441 48 0 0
440 48 0 0
439 48 0 0
438 48 0 0
437 48 0 0
436 48 0 0
435 48 0 0
434 48 0 0
433 48 0 0
432 48 0 0
431 48 0 0
430 48 0 0
429 48 0 0
428 48 0 0
427 48 0 0
426 48 0 0
425 48 0 0
424 48 0 0
423 48 0 0
422 48 0 0
421 48 0 0
420 48 0 0
419 48 0 0
418 48 0 0
417 48 0 0
416 48 0 0
415 48 0 0
414 48 0 0
413 48 0 0
412 48 0 0
411 48 0 0
410 48 0 0
409 48 0 0
408 48 0 0
407 48 0 0
406 48 0 0
405 48 0 0
404 48 0 0
403 48 0 0
402 48 0 0
401 48 0 0
400 48 0 0
399 48 0 0
398 48 0 0
397 48 0 0
396 48 0 0
395 48 0 0
394 48 0 0
393 48 0 0
392 48 0 0
391 48 0 0
390 48 0 0
389 48 0 0
388 48 0 0
387 48 0 0
386 48 0 0
385 48 0 0
467 47 0 0
466 47 0 0
465 47 0 0
464 47 0 0
463 47 0 0
462 47 0 0
461 47 0 0
460 47 0 0
459 47 0 0
458 47 0 0
457 47 0 0
456 47 0 0
455 47 0 0
454 47 0 0
453 47 0 0
452 47 0 0
451 47 0 0
450 47 0 0
449 47 0 0
448 47 0 0
447 47 0 0
446 47 0 0
445 47 0 0
444 47 0 0
443 47 0 0
442 47 0 0
441 47 0 0
440 47 0 0
439 47 0 0
438 47 0 0
437 47 0 0
436 47 0 0
435 47 0 0
434 47 0 0
433 47 0 0
432 47 0 0
431 47 0 0
430 47 0 0
429 47 0 0
428 47 0 0
427 47 0 0
426 47 0 0
425 47 0 0
424 47 0 0
423 47 0 0
422 47 0 0
421 47 0 0
420 47 0 0
419 47 0 0
418 47 0 0
417 47 0 0
416 47 0 0
415 47 0 0
414 47 0 0
413 47 0 0
412 47 0 0
411 47 0 0
410 47 0 0
409 47 0 0
408 47 0 0
407 47 0 0
406 47 0 0
405 47 0 0
404 47 0 0
403 47 0 0
402 47 0 0
401 47 0 0
400 47 0 0
399 47 0 0
480 46 0 0
479 46 0 0
478 46 0 0
477 46 0 0
476 46 0 0
475 46 0 0
474 46 0 0
473 46 0 0
472 46 0 0
471 46 0 0
470 46 0 0
469 46 0 0
468 46 0 0
467 46 0 0
466 46 0 0
465 46 0 0
464 46 0 0
463 46 0 0
462 46 0 0
461 46 0 0
460 46 0 0
459 46 0 0
458 46 0 0
457 46 0 0
456 46 0 0
455 46 0 0
454 46 0 0
453 46 0 0
452 46 0 0
451 46 0 0
450 46 0 0
449 46 0 0
448 46 0 0
447 46 0 0
446 46 0 0
445 46 0 0
444 46 0 0
443 46 0 0
442 46 0 0
441 46 0 0
440 46 0 0
439 46 0 0
438 46 0 0
437 46 0 0
436 46 0 0
435 46 0 0
434 46 0 0
433 46 0 0
432 46 0 0
431 46 0 0
430 46 0 0
429 46 0 0
428 46 0 0
427 46 0 0
426 46 0 0
425 46 0 0
424 46 0 0
423 46 0 0
422 46 0 0
421 46 0 0
420 46 0 0
419 46 0 0
418 46 0 0
417 46 0 0
416 46 0 0
415 46 0 0
414 46 0 0
413 46 0 0
412 46 0 0
495 45 0 0
494 45 0 0
493 45 0 0
492 45 0 0
491 45 0 0
490 45 0 0
489 45 0 0
488 45 0 0
487 45 0 0
486 45 0 0
485 45 0 0
484 45 0 0
483 45 0 0
482 45 0 0
481 45 0 0
480 45 0 0
479 45 0 0
478 45 0 0
477 45 0 0
476 45 0 0
475 45 0 0
474 45 0 0
473 45 0 0
472 45 0 0
471 45 0 0
470 45 0 0
469 45 0 0
468 45 0 0
467 45 0 0
466 45 0 0
465 45 0 0
464 45 0 0
463 45 0 0
462 45 0 0
461 45 0 0
460 45 0 0
459 45 0 0
458 45 0 0
457 45 0 0
456 45 0 0
455 45 0 0
454 45 0 0
453 45 0 0
452 45 0 0
451 45 0 0
450 45 0 0
449 45 0 0
448 45 0 0
447 45 0 0
446 45 0 0
445 45 0 0
444 45 0 0
443 45 0 0
442 45 0 0
441 45 0 0
440 45 0 0
439 45 0 0
438 45 0 0
437 45 0 0
436 45 0 0
435 45 0 0
434 45 0 0
433 45 0 0
432 45 0 0
431 45 0 0
430 45 0 0
429 45 0 0
428 45 0 0
427 45 0 0
495 44 0 0
494 44 0 0
493 44 0 0
492 44 0 0
491 44 0 0
490 44 0 0
489 44 0 0
488 44 0 0
487 44 0 0
486 44 0 0
485 44 0 0
484 44 0 0
483 44 0 0
482 44 0 0
481 44 0 0
480 44 0 0
479 44 0 0
478 44 0 0
477 44 0 0
476 44 0 0
475 44 0 0
474 44 0 0
473 44 0 0
472 44 0 0
471 44 0 0
470 44 0 0
469 44 0 0
468 44 0 0
467 44 0 0
466 44 0 0
465 44 0 0
464 44 0 0
463 44 0 0
462 44 0 0
461 44 0 0
460 44 0 0
459 44 0 0
458 44 0 0
457 44 0 0
456 44 0 0
455 44 0 0
454 44 0 0
453 44 0 0
452 44 0 0
451 44 0 0
450 44 0 0
449 44 0 0
448 44 0 0
447 44 0 0
446 44 0 0
445 44 0 0
444 44 0 0
443 44 0 0
442 44 0 0
441 44 0 0
440 44 0 0
439 44 0 0
438 44 0 0
437 44 0 0
436 44 0 0
435 44 0 0
434 44 0 0
433 44 0 0
432 44 0 0
431 44 0 0
430 44 0 0
429 44 0 0
428 44 0 0
427 44 0 0
508 43 0 0
507 43 0 0
506 43 0 0
505 43 0 0
504 43 0 0
503 43 0 0
502 43 0 0
501 43 0 0
500 43 0 0
499 43 0 0
498 43 0 0
497 43 0 0
496 43 0 0
495 43 0 0
494 43 0 0
493 43 0 0
492 43 0 0
491 43 0 0
490 43 0 0
489 43 0 0
488 43 0 0
487 43 0 0
486 43 0 0
485 43 0 0
484 43 0 0
483 43 0 0
482 43 0 0
481 43 0 0
480 43 0 0
479 43 0 0
478 43 0 0
477 43 0 0
476 43 0 0
475 43 0 0
474 43 0 0
473 43 0 0
472 43 0 0
471 43 0 0
470 43 0 0
469 43 0 0
468 43 0 0
467 43 0 0
466 43 0 0
465 43 0 0
464 43 0 0
463 43 0 0
462 43 0 0
461 43 0 0
460 43 0 0
459 43 0 0
458 43 0 0
457 43 0 0
456 43 0 0
455 43 0 0
454 43 0 0
453 43 0 0
452 43 0 0
451 43 0 0
450 43 0 0
449 43 0 0
448 43 0 0
447 43 0 0
446 43 0 0
445 43 0 0
444 43 0 0
443 43 0 0
442 43 0 0
441 43 0 0
440 43 0 0
522 42 0 0
521 42 0 0
520 42 0 0
519 42 0 0
518 42 0 0
517 42 0 0
516 42 0 0
515 42 0 0
514 42 0 0
513 42 0 0
512 42 0 0
511 42 0 0
510 42 0 0
509 42 0 0
508 42 0 0
507 42 0 0
506 42 0 0
505 42 0 0
504 42 0 0
503 42 0 0
502 42 0 0
501 42 0 0
500 42 0 0
499 42 0 0
498 42 0 0
497 42 0 0
496 42 0 0
495 42 0 0
494 42 0 0
493 42 0 0
492 42 0 0
491 42 0 0
490 42 0 0
489 42 0 0
488 42 0 0
487 42 0 0
486 42 0 0
485 42 0 0
484 42 0 0
483 42 0 0
482 42 0 0
481 42 0 0
480 42 0 0
479 42 0 0
478 42 0 0
477 42 0 0
476 42 0 0
475 42 0 0
474 42 0 0
473 42 0 0
472 42 0 0
471 42 0 0
470 42 0 0
469 42 0 0
468 42 0 0
467 42 0 0
466 42 0 0
465 42 0 0
464 42 0 0
463 42 0 0
462 42 0 0
461 42 0 0
460 42 0 0
459 42 0 0
458 42 0 0
457 42 0 0
456 42 0 0
455 42 0 0
454 42 0 0
535 41 0 0
534 41 0 0
533 41 0 0
532 41 0 0
531 41 0 0
530 41 0 0
529 41 0 0
528 41 0 0
527 41 0 0
526 41 0 0
525 41 0 0
524 41 0 0
523 41 0 0
522 41 0 0
521 41 0 0
520 41 0 0
519 41 0 0
518 41 0 0
517 41 0 0
516 41 0 0
515 41 0 0
514 41 0 0
513 41 0 0
512 41 0 0
511 41 0 0
510 41 0 0
509 41 0 0
508 41 0 0
507 41 0 0
506 41 0 0
505 41 0 0
504 41 0 0
503 41 0 0
502 41 0 0
501 41 0 0
500 41 0 0
499 41 0 0
498 41 0 0
497 41 0 0
496 41 0 0
495 41 0 0
494 41 0 0
493 41 0 0
492 41 0 0
491 41 0 0
490 41 0 0
489 41 0 0
488 41 0 0
487 41 0 0
486 41 0 0
485 41 0 0
484 41 0 0
483 41 0 0
482 41 0 0
481 41 0 0
480 41 0 0
479 41 0 0
478 41 0 0
477 41 0 0
476 41 0 0
475 41 0 0
474 41 0 0
473 41 0 0
472 41 0 0
471 41 0 0
470 41 0 0
469 41 0 0
468 41 0 0
535 40 0 0
534 40 0 0
533 40 0 0
532 40 0 0
531 40 0 0
530 40 0 0
529 40 0 0
528 40 0 0
527 40 0 0
526 40 0 0
525 40 0 0
524 40 0 0
523 40 0 0
522 40 0 0
521 40 0 0
520 40 0 0
519 40 0 0
518 40 0 0
517 40 0 0
516 40 0 0
515 40 0 0
514 40 0 0
513 40 0 0
512 40 0 0
511 40 0 0
510 40 0 0
509 40 0 0
508 40 0 0
507 40 0 0
506 40 0 0
505 40 0 0
504 40 0 0
503 40 0 0
502 40 0 0
501 40 0 0
500 40 0 0
499 40 0 0
498 40 0 0
497 40 0 0
496 40 0 0
495 40 0 0
494 40 0 0
493 40 0 0
492 40 0 0
491 40 0 0
490 40 0 0
489 40 0 0
488 40 0 0
487 40 0 0
486 40 0 0
485 40 0 0
484 40 0 0
483 40 0 0
482 40 0 0
481 40 0 0
480 40 0 0
479 40 0 0
478 40 0 0
477 40 0 0
476 40 0 0
475 40 0 0
474 40 0 0
473 40 0 0
472 40 0 0
471 40 0 0
470 40 0 0
469 40 0 0
468 40 0 0
544 39 0 0
543 39 0 0
542 39 0 0
541 39 0 0
540 39 0 0
539 39 0 0
538 39 0 0
537 39 0 0
536 39 0 0
535 39 0 0
534 39 0 0
533 39 0 0
532 39 0 0
531 39 0 0
530 39 0 0
529 39 0 0
528 39 0 0
527 39 0 0
526 39 0 0
525 39 0 0
524 39 0 0
523 39 0 0
522 39 0 0
521 39 0 0
520 39 0 0
519 39 0 0
518 39 0 0
517 39 0 0
516 39 0 0
515 39 0 0
514 39 0 0
513 39 0 0
512 39 0 0
511 39 0 0
510 39 0 0
509 39 0 0
508 39 0 0
507 39 0 0
506 39 0 0
505 39 0 0
504 39 0 0
503 39 0 0
502 39 0 0
501 39 0 0
500 39 0 0
499 39 0 0
498 39 0 0
497 39 0 0
496 39 0 0
495 39 0 0
494 39 0 0
493 39 0 0
492 39 0 0
491 39 0 0
490 39 0 0
489 39 0 0
488 39 0 0
487 39 0 0
486 39 0 0
485 39 0 0
484 39 0 0
483 39 0 0
482 39 0 0
481 39 0 0
545 38 0 0
544 38 0 0
543 38 0 0
542 38 0 0
541 38 0 0
540 38 0 0
539 38 0 0
538 38 0 0
537 38 0 0
536 38 0 0
535 38 0 0
534 38 0 0
533 38 0 0
532 38 0 0
531 38 0 0
530 38 0 0
529 38 0 0
528 38 0 0
527 38 0 0
526 38 0 0
525 38 0 0
524 38 0 0
523 38 0 0
522 38 0 0
521 38 0 0
520 38 0 0
519 38 0 0
518 38 0 0
517 38 0 0
516 38 0 0
515 38 0 0
514 38 0 0
513 38 0 0
512 38 0 0
511 38 0 0
510 38 0 0
509 38 0 0
508 38 0 0
507 38 0 0
506 38 0 0
505 38 0 0
504 38 0 0
503 38 0 0
502 38 0 0
501 38 0 0
500 38 0 0
499 38 0 0
498 38 0 0
497 38 0 0
496 38 0 0
547 37 0 0
546 37 0 0
545 37 0 0
544 37 0 0
543 37 0 0
542 37 0 0
541 37 0 0
540 37 0 0
539 37 0 0
538 37 0 0
537 37 0 0
536 37 0 0
535 37 0 0
534 37 0 0
533 37 0 0
532 37 0 0
531 37 0 0
530 37 0 0
529 37 0 0
528 37 0 0
527 37 0 0
526 37 0 0
525 37 0 0
524 37 0 0
523 37 0 0
522 37 0 0
521 37 0 0
520 37 0 0
519 37 0 0
518 37 0 0
517 37 0 0
516 37 0 0
515 37 0 0
514 37 0 0
513 37 0 0
512 37 0 0
511 37 0 0
510 37 0 0
509 37 0 0
547 36 0 0
546 36 0 0
545 36 0 0
544 36 0 0
543 36 0 0
542 36 0 0
541 36 0 0
540 36 0 0
539 36 0 0
538 36 0 0
537 36 0 0
536 36 0 0
535 36 0 0
534 36 0 0
533 36 0 0
532 36 0 0
531 36 0 0
530 36 0 0
529 36 0 0
528 36 0 0
527 36 0 0
526 36 0 0
525 36 0 0
524 36 0 0
523 36 0 0
522 36 0 0
521 36 0 0
520 36 0 0
519 36 0 0
518 36 0 0
517 36 0 0
516 36 0 0
515 36 0 0
514 36 0 0
513 36 0 0
512 36 0 0
511 36 0 0
510 36 0 0
509 36 0 0
545 35 0 0
544 35 0 0
543 35 0 0
542 35 0 0
541 35 0 0
540 35 0 0
539 35 0 0
538 35 0 0
537 35 0 0
536 35 0 0
535 35 0 0
534 35 0 0
533 35 0 0
532 35 0 0
531 35 0 0
530 35 0 0
529 35 0 0
528 35 0 0
527 35 0 0
526 35 0 0
525 35 0 0
524 35 0 0
523 35 0 0
544 34 0 0
543 34 0 0
542 34 0 0
541 34 0 0
540 34 0 0
539 34 0 0
538 34 0 0
537 34 0 0
536 34 0 0
