2687 520 450
176 340 0 0
175 340 0 0
177 339 0 0
176 339 0 0
175 339 0 0
174 339 0 0
173 339 0 0
178 338 0 0
177 338 0 0
176 338 0 0
175 338 0 0
174 338 0 0
173 338 0 0
172 338 0 0
177 337 0 0
176 337 0 0
175 337 0 0
174 337 0 0
173 337 0 0
172 337 0 0
171 337 0 0
176 336 0 0
175 336 0 0
174 336 0 0
173 336 0 0
172 336 0 0
171 336 0 0
170 336 0 0
174 335 0 0
173 335 0 0
172 335 0 0
171 335 0 0
170 335 0 0
169 335 0 0
173 334 0 0
172 334 0 0
171 334 0 0
170 334 0 0
169 334 0 0
168 334 0 0
172 333 0 0
171 333 0 0
170 333 0 0
169 333 0 0
168 333 0 0
167 333 0 0
172 332 0 0
171 332 0 0
170 332 0 0
169 332 0 0
168 332 0 0
167 332 0 0
171 331 0 0
170 331 0 0
169 331 0 0
168 331 0 0
167 331 0 0
166 331 0 0
170 330 0 0
169 330 0 0
168 330 0 0
167 330 0 0
166 330 0 0
165 330 0 0
169 329 0 0
168 329 0 0
167 329 0 0
166 329 0 0
165 329 0 0
164 329 0 0
168 328 0 0
167 328 0 0
166 328 0 0
165 328 0 0
164 328 0 0
163 328 0 0
167 327 0 0
166 327 0 0
165 327 0 0
164 327 0 0
163 327 0 0
162 327 0 0
166 326 0 0
165 326 0 0
164 326 0 0
163 326 0 0
162 326 0 0
161 326 0 0
165 325 0 0
164 325 0 0
163 325 0 0
162 325 0 0
161 325 0 0
160 325 0 0
164 324 0 0
163 324 0 0
162 324 0 0
161 324 0 0
160 324 0 0
159 324 0 0
163 323 0 0
162 323 0 0
161 323 0 0
160 323 0 0
159 323 0 0
158 323 0 0
157 323 0 0
162 322 0 0
161 322 0 0
160 322 0 0
159 322 0 0
158 322 0 0
157 322 0 0
156 322 0 0
161 321 0 0
160 321 0 0
159 321 0 0
158 321 0 0
157 321 0 0
156 321 0 0
155 321 0 0
160 320 0 0
159 320 0 0
158 320 0 0
157 320 0 0
156 320 0 0
155 320 0 0
154 320 0 0
159 319 0 0
158 319 0 0
157 319 0 0
156 319 0 0
155 319 0 0
154 319 0 0
153 319 0 0
158 318 0 0
157 318 0 0
156 318 0 0
155 318 0 0
154 318 0 0
153 318 0 0
158 317 0 0
157 317 0 0
156 317 0 0
155 317 0 0
154 317 0 0
153 317 0 0
156 316 0 0
155 316 0 0
154 316 0 0
153 316 0 0
152 316 0 0
155 315 0 0
154 315 0 0
153 315 0 0
152 315 0 0
151 315 0 0
155 314 0 0
154 314 0 0
153 314 0 0
152 314 0 0
151 314 0 0
155 313 0 0
154 313 0 0
153 313 0 0
152 313 0 0
151 313 0 0
154 312 0 0
153 312 0 0
152 312 0 0
151 312 0 0
150 312 0 0
154 311 0 0
153 311 0 0
152 311 0 0
151 311 0 0
150 311 0 0
153 310 0 0
152 310 0 0
151 310 0 0
150 310 0 0
149 310 0 0
153 309 0 0
152 309 0 0
151 309 0 0
150 309 0 0
149 309 0 0
152 308 0 0
151 308 0 0
150 308 0 0
149 308 0 0
148 308 0 0
151 307 0 0
150 307 0 0
149 307 0 0
148 307 0 0
147 307 0 0
151 306 0 0
150 306 0 0
149 306 0 0
148 306 0 0
147 306 0 0
150 305 0 0
149 305 0 0
148 305 0 0
147 305 0 0
146 305 0 0
150 304 0 0
149 304 0 0
148 304 0 0
147 304 0 0
146 304 0 0
149 303 0 0
148 303 0 0
147 303 0 0
146 303 0 0
145 303 0 0
149 302 0 0
148 302 0 0
147 302 0 0
146 302 0 0
145 302 0 0
148 301 0 0
147 301 0 0
146 301 0 0
145 301 0 0
144 301 0 0
147 300 0 0
146 300 0 0
145 300 0 0
144 300 0 0
143 300 0 0
147 299 0 0
146 299 0 0
145 299 0 0
144 299 0 0
143 299 0 0
146 298 0 0
145 298 0 0
144 298 0 0
143 298 0 0
142 298 0 0
146 297 0 0
145 297 0 0
144 297 0 0
143 297 0 0
142 297 0 0
146 296 0 0
145 296 0 0
144 296 0 0
143 296 0 0
142 296 0 0
145 295 0 0
144 295 0 0
143 295 0 0
142 295 0 0
141 295 0 0
145 294 0 0
144 294 0 0
143 294 0 0
142 294 0 0
141 294 0 0
144 293 0 0
143 293 0 0
142 293 0 0
141 293 0 0
140 293 0 0
144 292 0 0
143 292 0 0
142 292 0 0
141 292 0 0
140 292 0 0
143 291 0 0
142 291 0 0
141 291 0 0
140 291 0 0
139 291 0 0
138 291 0 0
143 290 0 0
142 290 0 0
141 290 0 0
140 290 0 0
139 290 0 0
138 290 0 0
142 289 0 0
141 289 0 0
140 289 0 0
139 289 0 0
138 289 0 0
137 289 0 0
142 288 0 0
141 288 0 0
140 288 0 0
139 288 0 0
138 288 0 0
137 288 0 0
141 287 0 0
140 287 0 0
139 287 0 0
138 287 0 0
137 287 0 0
136 287 0 0
140 286 0 0
139 286 0 0
138 286 0 0
137 286 0 0
136 286 0 0
135 286 0 0
140 285 0 0
139 285 0 0
138 285 0 0
137 285 0 0
136 285 0 0
135 285 0 0
139 284 0 0
138 284 0 0
137 284 0 0
136 284 0 0
135 284 0 0
134 284 0 0
139 283 0 0
138 283 0 0
137 283 0 0
136 283 0 0
135 283 0 0
134 283 0 0
137 282 0 0
136 282 0 0
135 282 0 0
134 282 0 0
133 282 0 0
137 281 0 0
136 281 0 0
135 281 0 0
134 281 0 0
133 281 0 0
136 280 0 0
135 280 0 0
134 280 0 0
133 280 0 0
132 280 0 0
135 279 0 0
134 279 0 0
133 279 0 0
132 279 0 0
131 279 0 0
135 278 0 0
134 278 0 0
133 278 0 0
132 278 0 0
131 278 0 0
135 277 0 0
134 277 0 0
133 277 0 0
132 277 0 0
131 277 0 0
134 276 0 0
133 276 0 0
132 276 0 0
131 276 0 0
130 276 0 0
134 275 0 0
133 275 0 0
132 275 0 0
131 275 0 0
130 275 0 0
133 274 0 0
132 274 0 0
131 274 0 0
130 274 0 0
129 274 0 0
133 273 0 0
132 273 0 0
131 273 0 0
130 273 0 0
129 273 0 0
132 272 0 0
131 272 0 0
130 272 0 0
129 272 0 0
128 272 0 0
131 271 0 0
130 271 0 0
129 271 0 0
128 271 0 0
127 271 0 0
131 270 0 0
130 270 0 0
129 270 0 0
128 270 0 0
127 270 0 0
130 269 0 0
129 269 0 0
128 269 0 0
127 269 0 0
126 269 0 0
130 268 0 0
129 268 0 0
128 268 0 0
127 268 0 0
126 268 0 0
130 267 0 0
129 267 0 0
128 267 0 0
127 267 0 0
126 267 0 0
129 266 0 0
128 266 0 0
127 266 0 0
126 266 0 0
125 266 0 0
128 265 0 0
127 265 0 0
126 265 0 0
125 265 0 0
124 265 0 0
128 264 0 0
127 264 0 0
126 264 0 0
125 264 0 0
124 264 0 0
127 263 0 0
126 263 0 0
125 263 0 0
124 263 0 0
123 263 0 0
127 262 0 0
126 262 0 0
125 262 0 0
124 262 0 0
123 262 0 0
126 261 0 0
125 261 0 0
124 261 0 0
123 261 0 0
122 261 0 0
126 260 0 0
125 260 0 0
124 260 0 0
123 260 0 0
122 260 0 0
126 259 0 0
125 259 0 0
124 259 0 0
123 259 0 0
122 259 0 0
125 258 0 0
124 258 0 0
123 258 0 0
122 258 0 0
121 258 0 0
120 258 0 0
124 257 0 0
123 257 0 0
122 257 0 0
121 257 0 0
120 257 0 0
119 257 0 0
386 256 0 1
124 256 0 0
123 256 0 0
122 256 0 0
121 256 0 0
120 256 0 0
119 256 0 0
387 255 0 1
386 255 0 1
385 255 0 1
384 255 0 1
123 255 0 0
122 255 0 0
121 255 0 0
120 255 0 0
119 255 0 0
118 255 0 0
388 254 0 1
387 254 0 1
386 254 0 1
385 254 0 1
384 254 0 1
383 254 0 1
123 254 0 0
122 254 0 0
121 254 0 0
120 254 0 0
119 254 0 0
118 254 0 0
387 253 0 1
386 253 0 1
385 253 0 1
384 253 0 1
383 253 0 1
382 253 0 1
122 253 0 0
121 253 0 0
120 253 0 0
119 253 0 0
118 253 0 0
117 253 0 0
386 252 0 1
385 252 0 1
384 252 0 1
383 252 0 1
382 252 0 1
381 252 0 1
380 252 0 1
122 252 0 0
121 252 0 0
120 252 0 0
119 252 0 0
118 252 0 0
117 252 0 0
385 251 0 1
384 251 0 1
383 251 0 1
382 251 0 1
381 251 0 1
380 251 0 1
379 251 0 1
121 251 0 0
120 251 0 0
119 251 0 0
118 251 0 0
117 251 0 0
116 251 0 0
384 250 0 1
383 250 0 1
382 250 0 1
381 250 0 1
380 250 0 1
379 250 0 1
378 250 0 1
119 250 0 0
118 250 0 0
117 250 0 0
116 250 0 0
115 250 0 0
383 249 0 1
382 249 0 1
381 249 0 1
380 249 0 1
379 249 0 1
378 249 0 1
119 249 0 0
118 249 0 0
117 249 0 0
116 249 0 0
115 249 0 0
382 248 0 1
381 248 0 1
380 248 0 1
379 248 0 1
378 248 0 1
377 248 0 1
118 248 0 0
117 248 0 0
116 248 0 0
115 248 0 0
114 248 0 0
381 247 0 1
380 247 0 1
379 247 0 1
378 247 0 1
377 247 0 1
376 247 0 1
118 247 0 0
117 247 0 0
116 247 0 0
115 247 0 0
114 247 0 0
381 246 0 1
380 246 0 1
379 246 0 1
378 246 0 1
377 246 0 1
376 246 0 1
375 246 0 1
374 246 0 1
117 246 0 0
116 246 0 0
115 246 0 0
114 246 0 0
113 246 0 0
379 245 0 1
378 245 0 1
377 245 0 1
376 245 0 1
375 245 0 1
374 245 0 1
373 245 0 1
117 245 0 0
116 245 0 0
115 245 0 0
114 245 0 0
113 245 0 0
378 244 0 1
377 244 0 1
376 244 0 1
375 244 0 1
374 244 0 1
373 244 0 1
372 244 0 1
371 244 0 1
116 244 0 0
115 244 0 0
114 244 0 0
113 244 0 0
112 244 0 0
377 243 0 1
376 243 0 1
375 243 0 1
374 243 0 1
373 243 0 1
372 243 0 1
371 243 0 1
370 243 0 1
369 243 0 1
116 243 0 0
115 243 0 0
114 243 0 0
113 243 0 0
112 243 0 0
377 242 0 1
376 242 0 1
375 242 0 1
374 242 0 1
373 242 0 1
372 242 0 1
371 242 0 1
370 242 0 1
369 242 0 1
116 242 0 0
115 242 0 0
114 242 0 0
113 242 0 0
112 242 0 0
375 241 0 1
374 241 0 1
373 241 0 1
372 241 0 1
371 241 0 1
370 241 0 1
369 241 0 1
368 241 0 1
115 241 0 0
114 241 0 0
113 241 0 0
112 241 0 0
111 241 0 0
373 240 0 1
372 240 0 1
371 240 0 1
370 240 0 1
369 240 0 1
368 240 0 1
367 240 0 1
115 240 0 0
114 240 0 0
113 240 0 0
112 240 0 0
111 240 0 0
372 239 0 1
371 239 0 1
370 239 0 1
369 239 0 1
368 239 0 1
367 239 0 1
114 239 0 0
113 239 0 0
112 239 0 0
111 239 0 0
110 239 0 0
370 238 0 1
369 238 0 1
368 238 0 1
367 238 0 1
366 238 0 1
114 238 0 0
113 238 0 0
112 238 0 0
111 238 0 0
110 238 0 0
369 237 0 1
368 237 0 1
367 237 0 1
366 237 0 1
365 237 0 1
113 237 0 0
112 237 0 0
111 237 0 0
110 237 0 0
109 237 0 0
369 236 0 1
368 236 0 1
367 236 0 1
366 236 0 1
365 236 0 1
364 236 0 1
363 236 0 1
112 236 0 0
111 236 0 0
110 236 0 0
109 236 0 0
108 236 0 0
368 235 0 1
367 235 0 1
366 235 0 1
365 235 0 1
364 235 0 1
363 235 0 1
362 235 0 1
361 235 0 1
360 235 0 1
112 235 0 0
111 235 0 0
110 235 0 0
109 235 0 0
108 235 0 0
367 234 0 1
366 234 0 1
365 234 0 1
364 234 0 1
363 234 0 1
362 234 0 1
361 234 0 1
360 234 0 1
359 234 0 1
111 234 0 0
110 234 0 0
109 234 0 0
108 234 0 0
107 234 0 0
366 233 0 1
365 233 0 1
364 233 0 1
363 233 0 1
362 233 0 1
361 233 0 1
360 233 0 1
359 233 0 1
358 233 0 1
111 233 0 0
110 233 0 0
109 233 0 0
108 233 0 0
107 233 0 0
364 232 0 1
363 232 0 1
362 232 0 1
361 232 0 1
360 232 0 1
359 232 0 1
358 232 0 1
110 232 0 0
109 232 0 0
108 232 0 0
107 232 0 0
106 232 0 0
362 231 0 1
361 231 0 1
360 231 0 1
359 231 0 1
358 231 0 1
357 231 0 1
110 231 0 0
109 231 0 0
108 231 0 0
107 231 0 0
106 231 0 0
360 230 0 1
359 230 0 1
358 230 0 1
357 230 0 1
356 230 0 1
109 230 0 0
108 230 0 0
107 230 0 0
106 230 0 0
105 230 0 0
359 229 0 1
358 229 0 1
357 229 0 1
356 229 0 1
355 229 0 1
108 229 0 0
107 229 0 0
106 229 0 0
105 229 0 0
104 229 0 0
358 228 0 1
357 228 0 1
356 228 0 1
355 228 0 1
354 228 0 1
108 228 0 0
107 228 0 0
106 228 0 0
105 228 0 0
104 228 0 0
358 227 0 1
357 227 0 1
356 227 0 1
355 227 0 1
354 227 0 1
353 227 0 1
352 227 0 1
107 227 0 0
106 227 0 0
105 227 0 0
104 227 0 0
103 227 0 0
357 226 0 1
356 226 0 1
355 226 0 1
354 226 0 1
353 226 0 1
352 226 0 1
351 226 0 1
350 226 0 1
107 226 0 0
106 226 0 0
105 226 0 0
104 226 0 0
103 226 0 0
356 225 0 1
355 225 0 1
354 225 0 1
353 225 0 1
352 225 0 1
351 225 0 1
350 225 0 1
349 225 0 1
348 225 0 1
347 225 0 1
106 225 0 0
105 225 0 0
104 225 0 0
103 225 0 0
102 225 0 0
101 225 0 0
356 224 0 1
355 224 0 1
354 224 0 1
353 224 0 1
352 224 0 1
351 224 0 1
350 224 0 1
349 224 0 1
348 224 0 1
347 224 0 1
106 224 0 0
105 224 0 0
104 224 0 0
103 224 0 0
102 224 0 0
101 224 0 0
355 223 0 1
354 223 0 1
353 223 0 1
352 223 0 1
351 223 0 1
350 223 0 1
349 223 0 1
348 223 0 1
347 223 0 1
346 223 0 1
106 223 0 0
105 223 0 0
104 223 0 0
103 223 0 0
102 223 0 0
101 223 0 0
353 222 0 1
352 222 0 1
351 222 0 1
350 222 0 1
349 222 0 1
348 222 0 1
347 222 0 1
346 222 0 1
345 222 0 1
344 222 0 1
343 222 0 1
105 222 0 0
104 222 0 0
103 222 0 0
102 222 0 0
101 222 0 0
100 222 0 0
351 221 0 1
350 221 0 1
349 221 0 1
348 221 0 1
347 221 0 1
346 221 0 1
345 221 0 1
344 221 0 1
343 221 0 1
342 221 0 1
341 221 0 1
340 221 0 1
104 221 0 0
103 221 0 0
102 221 0 0
101 221 0 0
100 221 0 0
99 221 0 0
349 220 0 1
348 220 0 1
347 220 0 1
346 220 0 1
345 220 0 1
344 220 0 1
343 220 0 1
342 220 0 1
341 220 0 1
340 220 0 1
339 220 0 1
338 220 0 1
104 220 0 0
103 220 0 0
102 220 0 0
101 220 0 0
100 220 0 0
99 220 0 0
346 219 0 1
345 219 0 1
344 219 0 1
343 219 0 1
342 219 0 1
341 219 0 1
340 219 0 1
339 219 0 1
338 219 0 1
337 219 0 1
103 219 0 0
102 219 0 0
101 219 0 0
100 219 0 0
99 219 0 0
98 219 0 0
345 218 0 1
344 218 0 1
343 218 0 1
342 218 0 1
341 218 0 1
340 218 0 1
339 218 0 1
338 218 0 1
337 218 0 1
336 218 0 1
335 218 0 1
334 218 0 1
103 218 0 0
102 218 0 0
101 218 0 0
100 218 0 0
99 218 0 0
98 218 0 0
342 217 0 1
341 217 0 1
340 217 0 1
339 217 0 1
338 217 0 1
337 217 0 1
336 217 0 1
335 217 0 1
334 217 0 1
333 217 0 1
332 217 0 1
103 217 0 0
102 217 0 0
101 217 0 0
100 217 0 0
99 217 0 0
98 217 0 0
339 216 0 1
338 216 0 1
337 216 0 1
336 216 0 1
335 216 0 1
334 216 0 1
333 216 0 1
332 216 0 1
331 216 0 1
330 216 0 1
103 216 0 0
102 216 0 0
101 216 0 0
100 216 0 0
99 216 0 0
98 216 0 0
337 215 0 1
336 215 0 1
335 215 0 1
334 215 0 1
333 215 0 1
332 215 0 1
331 215 0 1
330 215 0 1
329 215 0 1
328 215 0 1
103 215 0 0
102 215 0 0
101 215 0 0
100 215 0 0
99 215 0 0
98 215 0 0
336 214 0 1
335 214 0 1
334 214 0 1
333 214 0 1
332 214 0 1
331 214 0 1
330 214 0 1
329 214 0 1
328 214 0 1
327 214 0 1
326 214 0 1
325 214 0 1
324 214 0 1
103 214 0 0
102 214 0 0
101 214 0 0
100 214 0 0
99 214 0 0
98 214 0 0
333 213 0 1
332 213 0 1
331 213 0 1
330 213 0 1
329 213 0 1
328 213 0 1
327 213 0 1
326 213 0 1
325 213 0 1
324 213 0 1
323 213 0 1
322 213 0 1
321 213 0 1
320 213 0 1
103 213 0 0
102 213 0 0
101 213 0 0
100 213 0 0
99 213 0 0
98 213 0 0
331 212 0 1
330 212 0 1
329 212 0 1
328 212 0 1
327 212 0 1
326 212 0 1
325 212 0 1
324 212 0 1
323 212 0 1
322 212 0 1
321 212 0 1
320 212 0 1
319 212 0 1
318 212 0 1
317 212 0 1
102 212 0 0
101 212 0 0
100 212 0 0
99 212 0 0
98 212 0 0
97 212 0 0
329 211 0 1
328 211 0 1
327 211 0 1
326 211 0 1
325 211 0 1
324 211 0 1
323 211 0 1
322 211 0 1
321 211 0 1
320 211 0 1
319 211 0 1
318 211 0 1
317 211 0 1
316 211 0 1
315 211 0 1
314 211 0 1
100 211 0 0
99 211 0 0
98 211 0 0
327 210 0 1
326 210 0 1
325 210 0 1
324 210 0 1
323 210 0 1
322 210 0 1
321 210 0 1
320 210 0 1
319 210 0 1
318 210 0 1
317 210 0 1
316 210 0 1
315 210 0 1
314 210 0 1
313 210 0 1
312 210 0 1
311 210 0 1
310 210 0 1
99 210 0 0
323 209 0 1
322 209 0 1
321 209 0 1
320 209 0 1
319 209 0 1
318 209 0 1
317 209 0 1
316 209 0 1
315 209 0 1
314 209 0 1
313 209 0 1
312 209 0 1
311 209 0 1
310 209 0 1
309 209 0 1
308 209 0 1
319 208 0 1
318 208 0 1
317 208 0 1
316 208 0 1
315 208 0 1
314 208 0 1
313 208 0 1
312 208 0 1
311 208 0 1
310 208 0 1
309 208 0 1
308 208 0 1
307 208 0 1
306 208 0 1
305 208 0 1
304 208 0 1
316 207 0 1
315 207 0 1
314 207 0 1
313 207 0 1
312 207 0 1
311 207 0 1
310 207 0 1
309 207 0 1
308 207 0 1
307 207 0 1
306 207 0 1
305 207 0 1
304 207 0 1
303 207 0 1
302 207 0 1
301 207 0 1
300 207 0 1
316 206 0 1
315 206 0 1
314 206 0 1
313 206 0 1
312 206 0 1
311 206 0 1
310 206 0 1
309 206 0 1
308 206 0 1
307 206 0 1
306 206 0 1
305 206 0 1
304 206 0 1
303 206 0 1
302 206 0 1
301 206 0 1
300 206 0 1
313 205 0 1
312 205 0 1
311 205 0 1
310 205 0 1
309 205 0 1
308 205 0 1
307 205 0 1
306 205 0 1
305 205 0 1
304 205 0 1
303 205 0 1
302 205 0 1
301 205 0 1
300 205 0 1
299 205 0 1
298 205 0 1
297 205 0 1
309 204 0 1
308 204 0 1
307 204 0 1
306 204 0 1
305 204 0 1
304 204 0 1
303 204 0 1
302 204 0 1
301 204 0 1
300 204 0 1
299 204 0 1
298 204 0 1
297 204 0 1
296 204 0 1
295 204 0 1
294 204 0 1
307 203 0 1
306 203 0 1
305 203 0 1
304 203 0 1
303 203 0 1
302 203 0 1
301 203 0 1
300 203 0 1
299 203 0 1
298 203 0 1
297 203 0 1
296 203 0 1
295 203 0 1
294 203 0 1
293 203 0 1
292 203 0 1
291 203 0 1
290 203 0 1
303 202 0 1
302 202 0 1
301 202 0 1
300 202 0 1
299 202 0 1
298 202 0 1
297 202 0 1
296 202 0 1
295 202 0 1
294 202 0 1
293 202 0 1
292 202 0 1
291 202 0 1
290 202 0 1
289 202 0 1
288 202 0 1
287 202 0 1
286 202 0 1
285 202 0 1
284 202 0 1
299 201 0 1
298 201 0 1
297 201 0 1
296 201 0 1
295 201 0 1
294 201 0 1
293 201 0 1
292 201 0 1
291 201 0 1
290 201 0 1
289 201 0 1
288 201 0 1
287 201 0 1
286 201 0 1
285 201 0 1
284 201 0 1
283 201 0 1
296 200 0 1
295 200 0 1
294 200 0 1
293 200 0 1
292 200 0 1
291 200 0 1
290 200 0 1
289 200 0 1
288 200 0 1
287 200 0 1
286 200 0 1
285 200 0 1
284 200 0 1
283 200 0 1
282 200 0 1
293 199 0 1
292 199 0 1
291 199 0 1
290 199 0 1
289 199 0 1
288 199 0 1
287 199 0 1
286 199 0 1
285 199 0 1
284 199 0 1
283 199 0 1
289 198 0 1
288 198 0 1
287 198 0 1
286 198 0 1
285 198 0 1
284 198 0 1
483 187 0 0
484 186 0 0
483 186 0 0
482 186 0 0
485 185 0 0
484 185 0 0
483 185 0 0
482 185 0 0
481 185 0 0
485 184 0 0
484 184 0 0
483 184 0 0
482 184 0 0
481 184 0 0
484 183 0 0
483 183 0 0
482 183 0 0
481 183 0 0
480 183 0 0
484 182 0 0
483 182 0 0
482 182 0 0
481 182 0 0
480 182 0 0
484 181 0 0
483 181 0 0
482 181 0 0
481 181 0 0
480 181 0 0
483 180 0 0
482 180 0 0
481 180 0 0
480 180 0 0
479 180 0 0
483 179 0 0
482 179 0 0
481 179 0 0
480 179 0 0
479 179 0 0
483 178 0 0
482 178 0 0
481 178 0 0
480 178 0 0
479 178 0 0
478 178 0 0
482 177 0 0
481 177 0 0
480 177 0 0
479 177 0 0
478 177 0 0
482 176 0 0
481 176 0 0
480 176 0 0
479 176 0 0
478 176 0 0
481 175 0 0
480 175 0 0
479 175 0 0
478 175 0 0
477 175 0 0
481 174 0 0
480 174 0 0
479 174 0 0
478 174 0 0
477 174 0 0
481 173 0 0
480 173 0 0
479 173 0 0
478 173 0 0
477 173 0 0
481 172 0 0
480 172 0 0
479 172 0 0
478 172 0 0
477 172 0 0
480 171 0 0
479 171 0 0
478 171 0 0
477 171 0 0
476 171 0 0
480 170 0 0
479 170 0 0
478 170 0 0
477 170 0 0
476 170 0 0
480 169 0 0
479 169 0 0
478 169 0 0
477 169 0 0
476 169 0 0
480 168 0 0
479 168 0 0
478 168 0 0
477 168 0 0
476 168 0 0
480 167 0 0
479 167 0 0
478 167 0 0
477 167 0 0
476 167 0 0
475 167 0 0
479 166 0 0
478 166 0 0
477 166 0 0
476 166 0 0
475 166 0 0
479 165 0 0
478 165 0 0
477 165 0 0
476 165 0 0
475 165 0 0
479 164 0 0
478 164 0 0
477 164 0 0
476 164 0 0
475 164 0 0
479 163 0 0
478 163 0 0
477 163 0 0
476 163 0 0
475 163 0 0
478 162 0 0
477 162 0 0
476 162 0 0
475 162 0 0
474 162 0 0
473 162 0 0
478 161 0 0
477 161 0 0
476 161 0 0
475 161 0 0
474 161 0 0
473 161 0 0
477 160 0 0
476 160 0 0
475 160 0 0
474 160 0 0
473 160 0 0
472 160 0 0
477 159 0 0
476 159 0 0
475 159 0 0
474 159 0 0
473 159 0 0
472 159 0 0
471 159 0 0
476 158 0 0
475 158 0 0
474 158 0 0
473 158 0 0
472 158 0 0
471 158 0 0
475 157 0 0
474 157 0 0
473 157 0 0
472 157 0 0
471 157 0 0
470 157 0 0
475 156 0 0
474 156 0 0
473 156 0 0
472 156 0 0
471 156 0 0
470 156 0 0
474 155 0 0
473 155 0 0
472 155 0 0
471 155 0 0
470 155 0 0
469 155 0 0
474 154 0 0
473 154 0 0
472 154 0 0
471 154 0 0
470 154 0 0
469 154 0 0
474 153 0 0
473 153 0 0
472 153 0 0
471 153 0 0
470 153 0 0
469 153 0 0
474 152 0 0
473 152 0 0
472 152 0 0
471 152 0 0
470 152 0 0
469 152 0 0
472 151 0 0
471 151 0 0
470 151 0 0
469 151 0 0
468 151 0 0
471 150 0 0
470 150 0 0
469 150 0 0
468 150 0 0
467 150 0 0
471 149 0 0
470 149 0 0
469 149 0 0
468 149 0 0
467 149 0 0
470 148 0 0
469 148 0 0
468 148 0 0
467 148 0 0
466 148 0 0
470 147 0 0
469 147 0 0
468 147 0 0
467 147 0 0
466 147 0 0
469 146 0 0
468 146 0 0
467 146 0 0
466 146 0 0
465 146 0 0
469 145 0 0
468 145 0 0
467 145 0 0
466 145 0 0
465 145 0 0
469 144 0 0
468 144 0 0
467 144 0 0
466 144 0 0
465 144 0 0
464 144 0 0
468 143 0 0
467 143 0 0
466 143 0 0
465 143 0 0
464 143 0 0
467 142 0 0
466 142 0 0
465 142 0 0
464 142 0 0
463 142 0 0
467 141 0 0
466 141 0 0
465 141 0 0
464 141 0 0
463 141 0 0
466 140 0 0
465 140 0 0
464 140 0 0
463 140 0 0
462 140 0 0
466 139 0 0
465 139 0 0
464 139 0 0
463 139 0 0
462 139 0 0
465 138 0 0
464 138 0 0
463 138 0 0
462 138 0 0
461 138 0 0
465 137 0 0
464 137 0 0
463 137 0 0
462 137 0 0
461 137 0 0
460 137 0 0
464 136 0 0
463 136 0 0
462 136 0 0
461 136 0 0
460 136 0 0
464 135 0 0
463 135 0 0
462 135 0 0
461 135 0 0
460 135 0 0
156 135 0 0
464 134 0 0
463 134 0 0
462 134 0 0
461 134 0 0
460 134 0 0
156 134 0 0
463 133 0 0
462 133 0 0
461 133 0 0
460 133 0 0
459 133 0 0
158 133 0 0
157 133 0 0
156 133 0 0
155 133 0 0
463 132 0 0
462 132 0 0
461 132 0 0
460 132 0 0
459 132 0 0
159 132 0 0
158 132 0 0
157 132 0 0
156 132 0 0
155 132 0 0
154 132 0 0
462 131 0 0
461 131 0 0
460 131 0 0
459 131 0 0
458 131 0 0
160 131 0 0
159 131 0 0
158 131 0 0
157 131 0 0
156 131 0 0
155 131 0 0
462 130 0 0
461 130 0 0
460 130 0 0
459 130 0 0
458 130 0 0
161 130 0 0
160 130 0 0
159 130 0 0
158 130 0 0
157 130 0 0
156 130 0 0
461 129 0 0
460 129 0 0
459 129 0 0
458 129 0 0
457 129 0 0
162 129 0 0
161 129 0 0
160 129 0 0
159 129 0 0
158 129 0 0
157 129 0 0
460 128 0 0
459 128 0 0
458 128 0 0
457 128 0 0
456 128 0 0
163 128 0 0
162 128 0 0
161 128 0 0
160 128 0 0
159 128 0 0
158 128 0 0
157 128 0 0
460 127 0 0
459 127 0 0
458 127 0 0
457 127 0 0
456 127 0 0
164 127 0 0
163 127 0 0
162 127 0 0
161 127 0 0
160 127 0 0
159 127 0 0
460 126 0 0
459 126 0 0
458 126 0 0
457 126 0 0
456 126 0 0
165 126 0 0
164 126 0 0
163 126 0 0
162 126 0 0
161 126 0 0
160 126 0 0
459 125 0 0
458 125 0 0
457 125 0 0
456 125 0 0
455 125 0 0
454 125 0 0
166 125 0 0
165 125 0 0
164 125 0 0
163 125 0 0
162 125 0 0
161 125 0 0
459 124 0 0
458 124 0 0
457 124 0 0
456 124 0 0
455 124 0 0
454 124 0 0
168 124 0 0
167 124 0 0
166 124 0 0
165 124 0 0
164 124 0 0
163 124 0 0
162 124 0 0
458 123 0 0
457 123 0 0
456 123 0 0
455 123 0 0
454 123 0 0
453 123 0 0
170 123 0 0
169 123 0 0
168 123 0 0
167 123 0 0
166 123 0 0
165 123 0 0
164 123 0 0
163 123 0 0
458 122 0 0
457 122 0 0
456 122 0 0
455 122 0 0
454 122 0 0
453 122 0 0
173 122 0 0
172 122 0 0
171 122 0 0
170 122 0 0
169 122 0 0
168 122 0 0
167 122 0 0
166 122 0 0
165 122 0 0
164 122 0 0
458 121 0 0
457 121 0 0
456 121 0 0
455 121 0 0
454 121 0 0
453 121 0 0
452 121 0 0
174 121 0 0
173 121 0 0
172 121 0 0
171 121 0 0
170 121 0 0
169 121 0 0
168 121 0 0
167 121 0 0
166 121 0 0
457 120 0 0
456 120 0 0
455 120 0 0
454 120 0 0
453 120 0 0
452 120 0 0
177 120 0 0
176 120 0 0
175 120 0 0
174 120 0 0
173 120 0 0
172 120 0 0
171 120 0 0
170 120 0 0
169 120 0 0
168 120 0 0
167 120 0 0
456 119 0 0
455 119 0 0
454 119 0 0
453 119 0 0
452 119 0 0
451 119 0 0
180 119 0 0
179 119 0 0
178 119 0 0
177 119 0 0
176 119 0 0
175 119 0 0
174 119 0 0
173 119 0 0
172 119 0 0
171 119 0 0
170 119 0 0
169 119 0 0
456 118 0 0
455 118 0 0
454 118 0 0
453 118 0 0
452 118 0 0
451 118 0 0
182 118 0 0
181 118 0 0
180 118 0 0
179 118 0 0
178 118 0 0
177 118 0 0
176 118 0 0
175 118 0 0
174 118 0 0
173 118 0 0
172 118 0 0
171 118 0 0
456 117 0 0
455 117 0 0
454 117 0 0
453 117 0 0
452 117 0 0
451 117 0 0
184 117 0 0
183 117 0 0
182 117 0 0
181 117 0 0
180 117 0 0
179 117 0 0
178 117 0 0
177 117 0 0
176 117 0 0
175 117 0 0
174 117 0 0
456 116 0 0
455 116 0 0
454 116 0 0
453 116 0 0
452 116 0 0
451 116 0 0
184 116 0 0
183 116 0 0
182 116 0 0
181 116 0 0
180 116 0 0
179 116 0 0
178 116 0 0
177 116 0 0
176 116 0 0
175 116 0 0
174 116 0 0
455 115 0 0
454 115 0 0
453 115 0 0
452 115 0 0
451 115 0 0
450 115 0 0
186 115 0 0
185 115 0 0
184 115 0 0
183 115 0 0
182 115 0 0
181 115 0 0
180 115 0 0
179 115 0 0
178 115 0 0
177 115 0 0
176 115 0 0
175 115 0 0
455 114 0 0
454 114 0 0
453 114 0 0
452 114 0 0
451 114 0 0
450 114 0 0
188 114 0 0
187 114 0 0
186 114 0 0
185 114 0 0
184 114 0 0
183 114 0 0
182 114 0 0
181 114 0 0
180 114 0 0
179 114 0 0
178 114 0 0
453 113 0 0
452 113 0 0
451 113 0 0
450 113 0 0
449 113 0 0
190 113 0 0
189 113 0 0
188 113 0 0
187 113 0 0
186 113 0 0
185 113 0 0
184 113 0 0
183 113 0 0
182 113 0 0
181 113 0 0
453 112 0 0
452 112 0 0
451 112 0 0
450 112 0 0
449 112 0 0
192 112 0 0
191 112 0 0
190 112 0 0
189 112 0 0
188 112 0 0
187 112 0 0
186 112 0 0
185 112 0 0
184 112 0 0
183 112 0 0
453 111 0 0
452 111 0 0
451 111 0 0
450 111 0 0
449 111 0 0
195 111 0 0
194 111 0 0
193 111 0 0
192 111 0 0
191 111 0 0
190 111 0 0
189 111 0 0
188 111 0 0
187 111 0 0
186 111 0 0
185 111 0 0
184 111 0 0
452 110 0 0
451 110 0 0
450 110 0 0
449 110 0 0
448 110 0 0
197 110 0 0
196 110 0 0
195 110 0 0
194 110 0 0
193 110 0 0
192 110 0 0
191 110 0 0
190 110 0 0
189 110 0 0
188 110 0 0
187 110 0 0
452 109 0 0
451 109 0 0
450 109 0 0
449 109 0 0
448 109 0 0
447 109 0 0
200 109 0 0
199 109 0 0
198 109 0 0
197 109 0 0
196 109 0 0
195 109 0 0
194 109 0 0
193 109 0 0
192 109 0 0
191 109 0 0
190 109 0 0
189 109 0 0
451 108 0 0
450 108 0 0
449 108 0 0
448 108 0 0
447 108 0 0
202 108 0 0
201 108 0 0
200 108 0 0
199 108 0 0
198 108 0 0
197 108 0 0
196 108 0 0
195 108 0 0
194 108 0 0
193 108 0 0
192 108 0 0
191 108 0 0
451 107 0 0
450 107 0 0
449 107 0 0
448 107 0 0
447 107 0 0
203 107 0 0
202 107 0 0
201 107 0 0
200 107 0 0
199 107 0 0
198 107 0 0
197 107 0 0
196 107 0 0
195 107 0 0
194 107 0 0
193 107 0 0
450 106 0 0
449 106 0 0
448 106 0 0
447 106 0 0
446 106 0 0
206 106 0 0
205 106 0 0
204 106 0 0
203 106 0 0
202 106 0 0
201 106 0 0
200 106 0 0
199 106 0 0
198 106 0 0
197 106 0 0
196 106 0 0
450 105 0 0
449 105 0 0
448 105 0 0
447 105 0 0
446 105 0 0
208 105 0 0
207 105 0 0
206 105 0 0
205 105 0 0
204 105 0 0
203 105 0 0
202 105 0 0
201 105 0 0
200 105 0 0
199 105 0 0
198 105 0 0
449 104 0 0
448 104 0 0
447 104 0 0
446 104 0 0
445 104 0 0
210 104 0 0
209 104 0 0
208 104 0 0
207 104 0 0
206 104 0 0
205 104 0 0
204 104 0 0
203 104 0 0
202 104 0 0
201 104 0 0
449 103 0 0
448 103 0 0
447 103 0 0
446 103 0 0
445 103 0 0
212 103 0 0
211 103 0 0
210 103 0 0
209 103 0 0
208 103 0 0
207 103 0 0
206 103 0 0
205 103 0 0
204 103 0 0
203 103 0 0
202 103 0 0
449 102 0 0
448 102 0 0
447 102 0 0
446 102 0 0
445 102 0 0
215 102 0 0
214 102 0 0
213 102 0 0
212 102 0 0
211 102 0 0
210 102 0 0
209 102 0 0
208 102 0 0
207 102 0 0
206 102 0 0
205 102 0 0
204 102 0 0
448 101 0 0
447 101 0 0
446 101 0 0
445 101 0 0
444 101 0 0
217 101 0 0
216 101 0 0
215 101 0 0
214 101 0 0
213 101 0 0
212 101 0 0
211 101 0 0
210 101 0 0
209 101 0 0
208 101 0 0
207 101 0 0
448 100 0 0
447 100 0 0
446 100 0 0
445 100 0 0
444 100 0 0
219 100 0 0
218 100 0 0
217 100 0 0
216 100 0 0
215 100 0 0
214 100 0 0
213 100 0 0
212 100 0 0
211 100 0 0
210 100 0 0
209 100 0 0
447 99 0 0
446 99 0 0
445 99 0 0
444 99 0 0
443 99 0 0
221 99 0 0
220 99 0 0
219 99 0 0
218 99 0 0
217 99 0 0
216 99 0 0
215 99 0 0
214 99 0 0
213 99 0 0
212 99 0 0
211 99 0 0
210 99 0 0
447 98 0 0
446 98 0 0
445 98 0 0
444 98 0 0
443 98 0 0
221 98 0 0
220 98 0 0
219 98 0 0
218 98 0 0
217 98 0 0
216 98 0 0
215 98 0 0
214 98 0 0
213 98 0 0
212 98 0 0
211 98 0 0
210 98 0 0
447 97 0 0
446 97 0 0
445 97 0 0
444 97 0 0
443 97 0 0
223 97 0 0
222 97 0 0
221 97 0 0
220 97 0 0
219 97 0 0
218 97 0 0
217 97 0 0
216 97 0 0
215 97 0 0
214 97 0 0
213 97 0 0
446 96 0 0
445 96 0 0
444 96 0 0
443 96 0 0
442 96 0 0
225 96 0 0
224 96 0 0
223 96 0 0
222 96 0 0
221 96 0 0
220 96 0 0
219 96 0 0
218 96 0 0
217 96 0 0
216 96 0 0
446 95 0 0
445 95 0 0
444 95 0 0
443 95 0 0
442 95 0 0
228 95 0 0
227 95 0 0
226 95 0 0
225 95 0 0
224 95 0 0
223 95 0 0
222 95 0 0
221 95 0 0
220 95 0 0
219 95 0 0
218 95 0 0
445 94 0 0
444 94 0 0
443 94 0 0
442 94 0 0
441 94 0 0
229 94 0 0
228 94 0 0
227 94 0 0
226 94 0 0
225 94 0 0
224 94 0 0
223 94 0 0
222 94 0 0
221 94 0 0
220 94 0 0
445 93 0 0
444 93 0 0
443 93 0 0
442 93 0 0
441 93 0 0
232 93 0 0
231 93 0 0
230 93 0 0
229 93 0 0
228 93 0 0
227 93 0 0
226 93 0 0
225 93 0 0
224 93 0 0
223 93 0 0
222 93 0 0
445 92 0 0
444 92 0 0
443 92 0 0
442 92 0 0
441 92 0 0
235 92 0 0
234 92 0 0
233 92 0 0
232 92 0 0
231 92 0 0
230 92 0 0
229 92 0 0
228 92 0 0
227 92 0 0
226 92 0 0
225 92 0 0
224 92 0 0
444 91 0 0
443 91 0 0
442 91 0 0
441 91 0 0
440 91 0 0
237 91 0 0
236 91 0 0
235 91 0 0
234 91 0 0
233 91 0 0
232 91 0 0
231 91 0 0
230 91 0 0
229 91 0 0
228 91 0 0
227 91 0 0
226 91 0 0
444 90 0 0
443 90 0 0
442 90 0 0
441 90 0 0
440 90 0 0
238 90 0 0
237 90 0 0
236 90 0 0
235 90 0 0
234 90 0 0
233 90 0 0
232 90 0 0
231 90 0 0
230 90 0 0
229 90 0 0
228 90 0 0
444 89 0 0
443 89 0 0
442 89 0 0
441 89 0 0
440 89 0 0
241 89 0 0
240 89 0 0
239 89 0 0
238 89 0 0
237 89 0 0
236 89 0 0
235 89 0 0
234 89 0 0
233 89 0 0
232 89 0 0
231 89 0 0
230 89 0 0
443 88 0 0
442 88 0 0
441 88 0 0
440 88 0 0
439 88 0 0
243 88 0 0
242 88 0 0
241 88 0 0
240 88 0 0
239 88 0 0
238 88 0 0
237 88 0 0
236 88 0 0
235 88 0 0
234 88 0 0
233 88 0 0
443 87 0 0
442 87 0 0
441 87 0 0
440 87 0 0
439 87 0 0
245 87 0 0
244 87 0 0
243 87 0 0
242 87 0 0
241 87 0 0
240 87 0 0
239 87 0 0
238 87 0 0
237 87 0 0
236 87 0 0
442 86 0 0
441 86 0 0
440 86 0 0
439 86 0 0
438 86 0 0
247 86 0 0
246 86 0 0
245 86 0 0
244 86 0 0
243 86 0 0
242 86 0 0
241 86 0 0
240 86 0 0
239 86 0 0
238 86 0 0
442 85 0 0
441 85 0 0
440 85 0 0
439 85 0 0
438 85 0 0
249 85 0 0
248 85 0 0
247 85 0 0
246 85 0 0
245 85 0 0
244 85 0 0
243 85 0 0
242 85 0 0
241 85 0 0
240 85 0 0
239 85 0 0
441 84 0 0
440 84 0 0
439 84 0 0
438 84 0 0
437 84 0 0
252 84 0 0
251 84 0 0
250 84 0 0
249 84 0 0
248 84 0 0
247 84 0 0
246 84 0 0
245 84 0 0
244 84 0 0
243 84 0 0
242 84 0 0
441 83 0 0
440 83 0 0
439 83 0 0
438 83 0 0
437 83 0 0
255 83 0 0
254 83 0 0
253 83 0 0
252 83 0 0
251 83 0 0
250 83 0 0
249 83 0 0
248 83 0 0
247 83 0 0
246 83 0 0
245 83 0 0
244 83 0 0
440 82 0 0
439 82 0 0
438 82 0 0
437 82 0 0
436 82 0 0
435 82 0 0
256 82 0 0
255 82 0 0
254 82 0 0
253 82 0 0
252 82 0 0
251 82 0 0
250 82 0 0
249 82 0 0
248 82 0 0
247 82 0 0
246 82 0 0
440 81 0 0
439 81 0 0
438 81 0 0
437 81 0 0
436 81 0 0
435 81 0 0
258 81 0 0
257 81 0 0
256 81 0 0
255 81 0 0
254 81 0 0
253 81 0 0
252 81 0 0
251 81 0 0
250 81 0 0
249 81 0 0
248 81 0 0
440 80 0 0
439 80 0 0
438 80 0 0
437 80 0 0
436 80 0 0
435 80 0 0
258 80 0 0
257 80 0 0
256 80 0 0
255 80 0 0
254 80 0 0
253 80 0 0
252 80 0 0
251 80 0 0
250 80 0 0
249 80 0 0
248 80 0 0
440 79 0 0
439 79 0 0
438 79 0 0
437 79 0 0
436 79 0 0
435 79 0 0
261 79 0 0
260 79 0 0
259 79 0 0
258 79 0 0
257 79 0 0
256 79 0 0
255 79 0 0
254 79 0 0
253 79 0 0
252 79 0 0
251 79 0 0
250 79 0 0
439 78 0 0
438 78 0 0
437 78 0 0
436 78 0 0
435 78 0 0
434 78 0 0
263 78 0 0
262 78 0 0
261 78 0 0
260 78 0 0
259 78 0 0
258 78 0 0
257 78 0 0
256 78 0 0
255 78 0 0
254 78 0 0
253 78 0 0
439 77 0 0
438 77 0 0
437 77 0 0
436 77 0 0
435 77 0 0
434 77 0 0
264 77 0 0
263 77 0 0
262 77 0 0
261 77 0 0
260 77 0 0
259 77 0 0
258 77 0 0
257 77 0 0
256 77 0 0
438 76 0 0
437 76 0 0
436 76 0 0
435 76 0 0
434 76 0 0
433 76 0 0
267 76 0 0
266 76 0 0
265 76 0 0
264 76 0 0
263 76 0 0
262 76 0 0
261 76 0 0
260 76 0 0
259 76 0 0
258 76 0 0
257 76 0 0
438 75 0 0
437 75 0 0
436 75 0 0
435 75 0 0
434 75 0 0
433 75 0 0
270 75 0 0
269 75 0 0
268 75 0 0
267 75 0 0
266 75 0 0
265 75 0 0
264 75 0 0
263 75 0 0
262 75 0 0
261 75 0 0
260 75 0 0
259 75 0 0
438 74 0 0
437 74 0 0
436 74 0 0
435 74 0 0
434 74 0 0
433 74 0 0
432 74 0 0
272 74 0 0
271 74 0 0
270 74 0 0
269 74 0 0
268 74 0 0
267 74 0 0
266 74 0 0
265 74 0 0
264 74 0 0
263 74 0 0
262 74 0 0
437 73 0 0
436 73 0 0
435 73 0 0
434 73 0 0
433 73 0 0
432 73 0 0
278 73 0 0
277 73 0 0
276 73 0 0
275 73 0 0
274 73 0 0
273 73 0 0
272 73 0 0
271 73 0 0
270 73 0 0
269 73 0 0
268 73 0 0
267 73 0 0
266 73 0 0
265 73 0 0
264 73 0 0
436 72 0 0
435 72 0 0
434 72 0 0
433 72 0 0
432 72 0 0
431 72 0 0
279 72 0 0
278 72 0 0
277 72 0 0
276 72 0 0
275 72 0 0
274 72 0 0
273 72 0 0
272 72 0 0
271 72 0 0
270 72 0 0
269 72 0 0
268 72 0 0
267 72 0 0
266 72 0 0
265 72 0 0
436 71 0 0
435 71 0 0
434 71 0 0
433 71 0 0
432 71 0 0
431 71 0 0
280 71 0 0
279 71 0 0
278 71 0 0
277 71 0 0
276 71 0 0
275 71 0 0
274 71 0 0
273 71 0 0
272 71 0 0
271 71 0 0
270 71 0 0
269 71 0 0
268 71 0 0
436 70 0 0
435 70 0 0
434 70 0 0
433 70 0 0
432 70 0 0
431 70 0 0
279 70 0 0
278 70 0 0
277 70 0 0
276 70 0 0
275 70 0 0
274 70 0 0
273 70 0 0
272 70 0 0
271 70 0 0
434 69 0 0
433 69 0 0
432 69 0 0
431 69 0 0
430 69 0 0
278 69 0 0
277 69 0 0
276 69 0 0
275 69 0 0
274 69 0 0
273 69 0 0
434 68 0 0
433 68 0 0
432 68 0 0
431 68 0 0
430 68 0 0
433 67 0 0
432 67 0 0
431 67 0 0
430 67 0 0
429 67 0 0
433 66 0 0
432 66 0 0
431 66 0 0
430 66 0 0
429 66 0 0
433 65 0 0
432 65 0 0
431 65 0 0
430 65 0 0
429 65 0 0
432 64 0 0
431 64 0 0
430 64 0 0
429 64 0 0
428 64 0 0
432 63 0 0
431 63 0 0
430 63 0 0
429 63 0 0
428 63 0 0
427 63 0 0
432 62 0 0
431 62 0 0
430 62 0 0
429 62 0 0
428 62 0 0
427 62 0 0
431 61 0 0
430 61 0 0
429 61 0 0
428 61 0 0
427 61 0 0
431 60 0 0
430 60 0 0
429 60 0 0
428 60 0 0
427 60 0 0
430 59 0 0
429 59 0 0
428 59 0 0
427 59 0 0
426 59 0 0
430 58 0 0
429 58 0 0
428 58 0 0
427 58 0 0
426 58 0 0
430 57 0 0
429 57 0 0
428 57 0 0
427 57 0 0
426 57 0 0
429 56 0 0
428 56 0 0
427 56 0 0
426 56 0 0
425 56 0 0
429 55 0 0
428 55 0 0
427 55 0 0
426 55 0 0
425 55 0 0
429 54 0 0
428 54 0 0
427 54 0 0
426 54 0 0
425 54 0 0
424 54 0 0
428 53 0 0
427 53 0 0
426 53 0 0
425 53 0 0
424 53 0 0
428 52 0 0
427 52 0 0
426 52 0 0
425 52 0 0
424 52 0 0
427 51 0 0
426 51 0 0
425 51 0 0
426 50 0 0
