2534 321 481
126 406 0 0
125 406 0 0
127 405 0 0
126 405 0 0
125 405 0 0
124 405 0 0
129 404 0 0
128 404 0 0
127 404 0 0
126 404 0 0
125 404 0 0
124 404 0 0
123 404 0 0
131 403 0 0
130 403 0 0
129 403 0 0
128 403 0 0
127 403 0 0
126 403 0 0
125 403 0 0
124 403 0 0
132 402 0 0
131 402 0 0
130 402 0 0
129 402 0 0
128 402 0 0
127 402 0 0
126 402 0 0
125 402 0 0
134 401 0 0
133 401 0 0
132 401 0 0
131 401 0 0
130 401 0 0
129 401 0 0
128 401 0 0
127 401 0 0
136 400 0 0
135 400 0 0
134 400 0 0
133 400 0 0
132 400 0 0
131 400 0 0
130 400 0 0
129 400 0 0
128 400 0 0
137 399 0 0
136 399 0 0
135 399 0 0
134 399 0 0
133 399 0 0
132 399 0 0
131 399 0 0
130 399 0 0
139 398 0 0
138 398 0 0
137 398 0 0
136 398 0 0
135 398 0 0
134 398 0 0
133 398 0 0
132 398 0 0
131 398 0 0
140 397 0 0
139 397 0 0
138 397 0 0
137 397 0 0
136 397 0 0
135 397 0 0
134 397 0 0
133 397 0 0
142 396 0 0
141 396 0 0
140 396 0 0
139 396 0 0
138 396 0 0
137 396 0 0
136 396 0 0
135 396 0 0
143 395 0 0
142 395 0 0
141 395 0 0
140 395 0 0
139 395 0 0
138 395 0 0
137 395 0 0
136 395 0 0
146 394 0 0
145 394 0 0
144 394 0 0
143 394 0 0
142 394 0 0
141 394 0 0
140 394 0 0
139 394 0 0
138 394 0 0
148 393 0 0
147 393 0 0
146 393 0 0
145 393 0 0
144 393 0 0
143 393 0 0
142 393 0 0
141 393 0 0
140 393 0 0
149 392 0 0
148 392 0 0
147 392 0 0
146 392 0 0
145 392 0 0
144 392 0 0
143 392 0 0
142 392 0 0
141 392 0 0
151 391 0 0
150 391 0 0
149 391 0 0
148 391 0 0
147 391 0 0
146 391 0 0
145 391 0 0
144 391 0 0
143 391 0 0
153 390 0 0
152 390 0 0
151 390 0 0
150 390 0 0
149 390 0 0
148 390 0 0
147 390 0 0
146 390 0 0
145 390 0 0
144 390 0 0
154 389 0 0
153 389 0 0
152 389 0 0
151 389 0 0
150 389 0 0
149 389 0 0
148 389 0 0
147 389 0 0
156 388 0 0
155 388 0 0
154 388 0 0
153 388 0 0
152 388 0 0
151 388 0 0
150 388 0 0
149 388 0 0
148 388 0 0
158 387 0 0
157 387 0 0
156 387 0 0
155 387 0 0
154 387 0 0
153 387 0 0
152 387 0 0
151 387 0 0
150 387 0 0
159 386 0 0
158 386 0 0
157 386 0 0
156 386 0 0
155 386 0 0
154 386 0 0
153 386 0 0
152 386 0 0
160 385 0 0
159 385 0 0
158 385 0 0
157 385 0 0
156 385 0 0
155 385 0 0
154 385 0 0
153 385 0 0
162 384 0 0
161 384 0 0
160 384 0 0
159 384 0 0
158 384 0 0
157 384 0 0
156 384 0 0
155 384 0 0
163 383 0 0
162 383 0 0
161 383 0 0
160 383 0 0
159 383 0 0
158 383 0 0
157 383 0 0
165 382 0 0
164 382 0 0
163 382 0 0
162 382 0 0
161 382 0 0
160 382 0 0
159 382 0 0
167 381 0 0
166 381 0 0
165 381 0 0
164 381 0 0
163 381 0 0
162 381 0 0
161 381 0 0
160 381 0 0
170 380 0 0
169 380 0 0
168 380 0 0
167 380 0 0
166 380 0 0
165 380 0 0
164 380 0 0
163 380 0 0
162 380 0 0
161 380 0 0
172 379 0 0
171 379 0 0
170 379 0 0
169 379 0 0
168 379 0 0
167 379 0 0
166 379 0 0
165 379 0 0
164 379 0 0
163 379 0 0
174 378 0 0
173 378 0 0
172 378 0 0
171 378 0 0
170 378 0 0
169 378 0 0
168 378 0 0
167 378 0 0
166 378 0 0
165 378 0 0
164 378 0 0
177 377 0 0
176 377 0 0
175 377 0 0
174 377 0 0
173 377 0 0
172 377 0 0
171 377 0 0
170 377 0 0
169 377 0 0
168 377 0 0
167 377 0 0
166 377 0 0
180 376 0 0
179 376 0 0
178 376 0 0
177 376 0 0
176 376 0 0
175 376 0 0
174 376 0 0
173 376 0 0
172 376 0 0
171 376 0 0
170 376 0 0
169 376 0 0
168 376 0 0
183 375 0 0
182 375 0 0
181 375 0 0
180 375 0 0
179 375 0 0
178 375 0 0
177 375 0 0
176 375 0 0
175 375 0 0
174 375 0 0
173 375 0 0
172 375 0 0
171 375 0 0
185 374 0 0
184 374 0 0
183 374 0 0
182 374 0 0
181 374 0 0
180 374 0 0
179 374 0 0
178 374 0 0
177 374 0 0
176 374 0 0
175 374 0 0
174 374 0 0
173 374 0 0
187 373 0 0
186 373 0 0
185 373 0 0
184 373 0 0
183 373 0 0
182 373 0 0
181 373 0 0
180 373 0 0
179 373 0 0
178 373 0 0
177 373 0 0
176 373 0 0
175 373 0 0
190 372 0 0
189 372 0 0
188 372 0 0
187 372 0 0
186 372 0 0
185 372 0 0
184 372 0 0
183 372 0 0
182 372 0 0
181 372 0 0
180 372 0 0
179 372 0 0
178 372 0 0
195 371 0 0
194 371 0 0
193 371 0 0
192 371 0 0
191 371 0 0
190 371 0 0
189 371 0 0
188 371 0 0
187 371 0 0
186 371 0 0
185 371 0 0
184 371 0 0
198 370 0 0
197 370 0 0
196 370 0 0
195 370 0 0
194 370 0 0
193 370 0 0
192 370 0 0
191 370 0 0
190 370 0 0
189 370 0 0
188 370 0 0
187 370 0 0
186 370 0 0
200 369 0 0
199 369 0 0
198 369 0 0
197 369 0 0
196 369 0 0
195 369 0 0
194 369 0 0
193 369 0 0
192 369 0 0
191 369 0 0
190 369 0 0
189 369 0 0
188 369 0 0
203 368 0 0
202 368 0 0
201 368 0 0
200 368 0 0
199 368 0 0
198 368 0 0
197 368 0 0
196 368 0 0
195 368 0 0
194 368 0 0
193 368 0 0
192 368 0 0
191 368 0 0
205 367 0 0
204 367 0 0
203 367 0 0
202 367 0 0
201 367 0 0
200 367 0 0
199 367 0 0
198 367 0 0
197 367 0 0
196 367 0 0
195 367 0 0
194 367 0 0
207 366 0 0
206 366 0 0
205 366 0 0
204 366 0 0
203 366 0 0
202 366 0 0
201 366 0 0
200 366 0 0
199 366 0 0
198 366 0 0
197 366 0 0
196 366 0 0
210 365 0 0
209 365 0 0
208 365 0 0
207 365 0 0
206 365 0 0
205 365 0 0
204 365 0 0
203 365 0 0
202 365 0 0
201 365 0 0
200 365 0 0
199 365 0 0
213 364 0 0
212 364 0 0
211 364 0 0
210 364 0 0
209 364 0 0
208 364 0 0
207 364 0 0
206 364 0 0
205 364 0 0
204 364 0 0
203 364 0 0
202 364 0 0
201 364 0 0
215 363 0 0
214 363 0 0
213 363 0 0
212 363 0 0
211 363 0 0
210 363 0 0
209 363 0 0
208 363 0 0
207 363 0 0
206 363 0 0
205 363 0 0
204 363 0 0
217 362 0 0
216 362 0 0
215 362 0 0
214 362 0 0
213 362 0 0
212 362 0 0
211 362 0 0
210 362 0 0
209 362 0 0
208 362 0 0
207 362 0 0
206 362 0 0
220 361 0 0
219 361 0 0
218 361 0 0
217 361 0 0
216 361 0 0
215 361 0 0
214 361 0 0
213 361 0 0
212 361 0 0
211 361 0 0
210 361 0 0
209 361 0 0
208 361 0 0
223 360 0 0
222 360 0 0
221 360 0 0
220 360 0 0
219 360 0 0
218 360 0 0
217 360 0 0
216 360 0 0
215 360 0 0
214 360 0 0
213 360 0 0
212 360 0 0
211 360 0 0
226 359 0 0
225 359 0 0
224 359 0 0
223 359 0 0
222 359 0 0
221 359 0 0
220 359 0 0
219 359 0 0
218 359 0 0
217 359 0 0
216 359 0 0
215 359 0 0
214 359 0 0
213 359 0 0
227 358 0 0
226 358 0 0
225 358 0 0
224 358 0 0
223 358 0 0
222 358 0 0
221 358 0 0
220 358 0 0
219 358 0 0
218 358 0 0
217 358 0 0
216 358 0 0
230 357 0 0
229 357 0 0
228 357 0 0
227 357 0 0
226 357 0 0
225 357 0 0
224 357 0 0
223 357 0 0
222 357 0 0
221 357 0 0
220 357 0 0
219 357 0 0
218 357 0 0
233 356 0 0
232 356 0 0
231 356 0 0
230 356 0 0
229 356 0 0
228 356 0 0
227 356 0 0
226 356 0 0
225 356 0 0
224 356 0 0
223 356 0 0
222 356 0 0
221 356 0 0
236 355 0 0
235 355 0 0
234 355 0 0
233 355 0 0
232 355 0 0
231 355 0 0
230 355 0 0
229 355 0 0
228 355 0 0
227 355 0 0
226 355 0 0
225 355 0 0
224 355 0 0
238 354 0 0
237 354 0 0
236 354 0 0
235 354 0 0
234 354 0 0
233 354 0 0
232 354 0 0
231 354 0 0
230 354 0 0
229 354 0 0
228 354 0 0
227 354 0 0
241 353 0 0
240 353 0 0
239 353 0 0
238 353 0 0
237 353 0 0
236 353 0 0
235 353 0 0
234 353 0 0
233 353 0 0
232 353 0 0
231 353 0 0
230 353 0 0
229 353 0 0
228 353 0 0
243 352 0 0
242 352 0 0
241 352 0 0
240 352 0 0
239 352 0 0
238 352 0 0
237 352 0 0
236 352 0 0
235 352 0 0
234 352 0 0
233 352 0 0
232 352 0 0
231 352 0 0
246 351 0 0
245 351 0 0
244 351 0 0
243 351 0 0
242 351 0 0
241 351 0 0
240 351 0 0
239 351 0 0
238 351 0 0
237 351 0 0
236 351 0 0
235 351 0 0
234 351 0 0
249 350 0 0
248 350 0 0
247 350 0 0
246 350 0 0
245 350 0 0
244 350 0 0
243 350 0 0
242 350 0 0
241 350 0 0
240 350 0 0
239 350 0 0
238 350 0 0
237 350 0 0
251 349 0 0
250 349 0 0
249 349 0 0
248 349 0 0
247 349 0 0
246 349 0 0
245 349 0 0
244 349 0 0
243 349 0 0
242 349 0 0
241 349 0 0
240 349 0 0
239 349 0 0
253 348 0 0
252 348 0 0
251 348 0 0
250 348 0 0
249 348 0 0
248 348 0 0
247 348 0 0
246 348 0 0
245 348 0 0
244 348 0 0
243 348 0 0
242 348 0 0
241 348 0 0
255 347 0 0
254 347 0 0
253 347 0 0
252 347 0 0
251 347 0 0
250 347 0 0
249 347 0 0
248 347 0 0
247 347 0 0
246 347 0 0
245 347 0 0
244 347 0 0
258 346 0 0
257 346 0 0
256 346 0 0
255 346 0 0
254 346 0 0
253 346 0 0
252 346 0 0
251 346 0 0
250 346 0 0
249 346 0 0
248 346 0 0
247 346 0 0
260 345 0 0
259 345 0 0
258 345 0 0
257 345 0 0
256 345 0 0
255 345 0 0
254 345 0 0
253 345 0 0
252 345 0 0
251 345 0 0
250 345 0 0
263 344 0 0
262 344 0 0
261 344 0 0
260 344 0 0
259 344 0 0
258 344 0 0
257 344 0 0
256 344 0 0
255 344 0 0
254 344 0 0
253 344 0 0
252 344 0 0
266 343 0 0
265 343 0 0
264 343 0 0
263 343 0 0
262 343 0 0
261 343 0 0
260 343 0 0
259 343 0 0
258 343 0 0
257 343 0 0
256 343 0 0
255 343 0 0
254 343 0 0
268 342 0 0
267 342 0 0
266 342 0 0
265 342 0 0
264 342 0 0
263 342 0 0
262 342 0 0
261 342 0 0
260 342 0 0
259 342 0 0
258 342 0 0
257 342 0 0
256 342 0 0
270 341 0 0
269 341 0 0
268 341 0 0
267 341 0 0
266 341 0 0
265 341 0 0
264 341 0 0
263 341 0 0
262 341 0 0
261 341 0 0
260 341 0 0
259 341 0 0
273 340 0 0
272 340 0 0
271 340 0 0
270 340 0 0
269 340 0 0
268 340 0 0
267 340 0 0
266 340 0 0
265 340 0 0
264 340 0 0
263 340 0 0
262 340 0 0
261 340 0 0
276 339 0 0
275 339 0 0
274 339 0 0
273 339 0 0
272 339 0 0
271 339 0 0
270 339 0 0
269 339 0 0
268 339 0 0
267 339 0 0
266 339 0 0
265 339 0 0
264 339 0 0
279 338 0 0
278 338 0 0
277 338 0 0
276 338 0 0
275 338 0 0
274 338 0 0
273 338 0 0
272 338 0 0
271 338 0 0
270 338 0 0
269 338 0 0
268 338 0 0
267 338 0 0
281 337 0 0
280 337 0 0
279 337 0 0
278 337 0 0
277 337 0 0
276 337 0 0
275 337 0 0
274 337 0 0
273 337 0 0
272 337 0 0
271 337 0 0
270 337 0 0
269 337 0 0
283 336 0 0
282 336 0 0
281 336 0 0
280 336 0 0
279 336 0 0
278 336 0 0
277 336 0 0
276 336 0 0
275 336 0 0
274 336 0 0
273 336 0 0
272 336 0 0
271 336 0 0
286 335 0 0
285 335 0 0
284 335 0 0
283 335 0 0
282 335 0 0
281 335 0 0
280 335 0 0
279 335 0 0
278 335 0 0
277 335 0 0
276 335 0 0
275 335 0 0
274 335 0 0
289 334 0 0
288 334 0 0
287 334 0 0
286 334 0 0
285 334 0 0
284 334 0 0
283 334 0 0
282 334 0 0
281 334 0 0
280 334 0 0
279 334 0 0
278 334 0 0
277 334 0 0
290 333 0 0
289 333 0 0
288 333 0 0
287 333 0 0
286 333 0 0
285 333 0 0
284 333 0 0
283 333 0 0
282 333 0 0
281 333 0 0
280 333 0 0
292 332 0 0
291 332 0 0
290 332 0 0
289 332 0 0
288 332 0 0
287 332 0 0
286 332 0 0
285 332 0 0
284 332 0 0
283 332 0 0
282 332 0 0
294 331 0 0
293 331 0 0
292 331 0 0
291 331 0 0
290 331 0 0
289 331 0 0
288 331 0 0
287 331 0 0
286 331 0 0
285 331 0 0
284 331 0 0
295 330 0 0
294 330 0 0
293 330 0 0
292 330 0 0
291 330 0 0
290 330 0 0
289 330 0 0
288 330 0 0
287 330 0 0
297 329 0 0
296 329 0 0
295 329 0 0
294 329 0 0
293 329 0 0
292 329 0 0
291 329 0 0
290 329 0 0
297 328 0 0
296 328 0 0
295 328 0 0
294 328 0 0
293 328 0 0
292 328 0 0
291 328 0 0
297 327 0 0
296 327 0 0
295 327 0 0
297 326 0 0
296 326 0 0
157 249 0 1
158 248 0 1
157 248 0 1
156 248 0 1
159 247 0 1
158 247 0 1
157 247 0 1
156 247 0 1
155 247 0 1
159 246 0 1
158 246 0 1
157 246 0 1
156 246 0 1
155 246 0 1
159 245 0 1
158 245 0 1
157 245 0 1
156 245 0 1
155 245 0 1
159 244 0 1
158 244 0 1
157 244 0 1
156 244 0 1
155 244 0 1
159 243 0 1
158 243 0 1
157 243 0 1
156 243 0 1
155 243 0 1
158 242 0 1
157 242 0 1
156 242 0 1
155 242 0 1
154 242 0 1
158 241 0 1
157 241 0 1
156 241 0 1
155 241 0 1
154 241 0 1
158 240 0 1
157 240 0 1
156 240 0 1
155 240 0 1
154 240 0 1
158 239 0 1
157 239 0 1
156 239 0 1
155 239 0 1
154 239 0 1
158 238 0 1
157 238 0 1
156 238 0 1
155 238 0 1
154 238 0 1
158 237 0 1
157 237 0 1
156 237 0 1
155 237 0 1
154 237 0 1
158 236 0 1
157 236 0 1
156 236 0 1
155 236 0 1
154 236 0 1
158 235 0 1
157 235 0 1
156 235 0 1
155 235 0 1
154 235 0 1
158 234 0 1
157 234 0 1
156 234 0 1
155 234 0 1
154 234 0 1
158 233 0 1
157 233 0 1
156 233 0 1
155 233 0 1
154 233 0 1
158 232 0 1
157 232 0 1
156 232 0 1
155 232 0 1
154 232 0 1
158 231 0 1
157 231 0 1
156 231 0 1
155 231 0 1
154 231 0 1
158 230 0 1
157 230 0 1
156 230 0 1
155 230 0 1
154 230 0 1
158 229 0 1
157 229 0 1
156 229 0 1
155 229 0 1
154 229 0 1
158 228 0 1
157 228 0 1
156 228 0 1
155 228 0 1
154 228 0 1
159 227 0 1
158 227 0 1
157 227 0 1
156 227 0 1
155 227 0 1
154 227 0 1
159 226 0 1
158 226 0 1
157 226 0 1
156 226 0 1
155 226 0 1
159 225 0 1
158 225 0 1
157 225 0 1
156 225 0 1
155 225 0 1
159 224 0 1
158 224 0 1
157 224 0 1
156 224 0 1
155 224 0 1
159 223 0 1
158 223 0 1
157 223 0 1
156 223 0 1
155 223 0 1
159 222 0 1
158 222 0 1
157 222 0 1
156 222 0 1
155 222 0 1
159 221 0 1
158 221 0 1
157 221 0 1
156 221 0 1
155 221 0 1
159 220 0 1
158 220 0 1
157 220 0 1
156 220 0 1
155 220 0 1
159 219 0 1
158 219 0 1
157 219 0 1
156 219 0 1
155 219 0 1
159 218 0 1
158 218 0 1
157 218 0 1
156 218 0 1
155 218 0 1
159 217 0 1
158 217 0 1
157 217 0 1
156 217 0 1
155 217 0 1
159 216 0 1
158 216 0 1
157 216 0 1
156 216 0 1
155 216 0 1
154 216 0 1
158 215 0 1
157 215 0 1
156 215 0 1
155 215 0 1
154 215 0 1
158 214 0 1
157 214 0 1
156 214 0 1
155 214 0 1
154 214 0 1
158 213 0 1
157 213 0 1
156 213 0 1
155 213 0 1
154 213 0 1
158 212 0 1
157 212 0 1
156 212 0 1
155 212 0 1
154 212 0 1
158 211 0 1
157 211 0 1
156 211 0 1
155 211 0 1
154 211 0 1
158 210 0 1
157 210 0 1
156 210 0 1
155 210 0 1
154 210 0 1
158 209 0 1
157 209 0 1
156 209 0 1
155 209 0 1
154 209 0 1
158 208 0 1
157 208 0 1
156 208 0 1
155 208 0 1
154 208 0 1
158 207 0 1
157 207 0 1
156 207 0 1
155 207 0 1
154 207 0 1
158 206 0 1
157 206 0 1
156 206 0 1
155 206 0 1
154 206 0 1
159 205 0 1
158 205 0 1
157 205 0 1
156 205 0 1
155 205 0 1
159 204 0 1
158 204 0 1
157 204 0 1
156 204 0 1
155 204 0 1
159 203 0 1
158 203 0 1
157 203 0 1
156 203 0 1
155 203 0 1
159 202 0 1
158 202 0 1
157 202 0 1
156 202 0 1
155 202 0 1
159 201 0 1
158 201 0 1
157 201 0 1
156 201 0 1
155 201 0 1
159 200 0 1
158 200 0 1
157 200 0 1
156 200 0 1
155 200 0 1
159 199 0 1
158 199 0 1
157 199 0 1
156 199 0 1
155 199 0 1
159 198 0 1
158 198 0 1
157 198 0 1
156 198 0 1
155 198 0 1
159 197 0 1
158 197 0 1
157 197 0 1
156 197 0 1
159 196 0 1
158 196 0 1
157 196 0 1
156 196 0 1
159 195 0 1
158 195 0 1
157 195 0 1
156 195 0 1
159 194 0 1
158 194 0 1
157 194 0 1
156 194 0 1
159 193 0 1
158 193 0 1
157 193 0 1
156 193 0 1
159 192 0 1
158 192 0 1
157 192 0 1
156 192 0 1
159 191 0 1
158 191 0 1
157 191 0 1
156 191 0 1
160 190 0 1
159 190 0 1
158 190 0 1
157 190 0 1
160 189 0 1
159 189 0 1
158 189 0 1
157 189 0 1
160 188 0 1
159 188 0 1
158 188 0 1
157 188 0 1
160 187 0 1
159 187 0 1
158 187 0 1
157 187 0 1
160 186 0 1
159 186 0 1
158 186 0 1
157 186 0 1
160 185 0 1
159 185 0 1
158 185 0 1
157 185 0 1
160 184 0 1
159 184 0 1
158 184 0 1
157 184 0 1
160 183 0 1
159 183 0 1
158 183 0 1
157 183 0 1
161 182 0 1
160 182 0 1
159 182 0 1
158 182 0 1
161 181 0 1
160 181 0 1
159 181 0 1
158 181 0 1
161 180 0 1
160 180 0 1
159 180 0 1
158 180 0 1
161 179 0 1
160 179 0 1
159 179 0 1
158 179 0 1
161 178 0 1
160 178 0 1
159 178 0 1
158 178 0 1
161 177 0 1
160 177 0 1
159 177 0 1
158 177 0 1
161 176 0 1
160 176 0 1
159 176 0 1
158 176 0 1
162 175 0 1
161 175 0 1
160 175 0 1
159 175 0 1
158 175 0 1
162 174 0 1
161 174 0 1
160 174 0 1
159 174 0 1
162 173 0 1
161 173 0 1
160 173 0 1
159 173 0 1
162 172 0 1
161 172 0 1
160 172 0 1
159 172 0 1
162 171 0 1
161 171 0 1
160 171 0 1
159 171 0 1
162 170 0 1
161 170 0 1
160 170 0 1
159 170 0 1
162 169 0 1
161 169 0 1
160 169 0 1
159 169 0 1
162 168 0 1
161 168 0 1
160 168 0 1
159 168 0 1
162 167 0 1
161 167 0 1
160 167 0 1
159 167 0 1
163 166 0 1
162 166 0 1
161 166 0 1
160 166 0 1
163 165 0 1
162 165 0 1
161 165 0 1
160 165 0 1
163 164 0 1
162 164 0 1
161 164 0 1
160 164 0 1
163 163 0 1
162 163 0 1
161 163 0 1
160 163 0 1
163 162 0 1
162 162 0 1
161 162 0 1
160 162 0 1
163 161 0 1
162 161 0 1
161 161 0 1
160 161 0 1
163 160 0 1
162 160 0 1
161 160 0 1
160 160 0 1
163 159 0 1
162 159 0 1
161 159 0 1
160 159 0 1
164 158 0 1
163 158 0 1
162 158 0 1
161 158 0 1
160 158 0 1
164 157 0 1
163 157 0 1
162 157 0 1
161 157 0 1
160 157 0 1
164 156 0 1
163 156 0 1
162 156 0 1
161 156 0 1
160 156 0 1
164 155 0 1
163 155 0 1
162 155 0 1
161 155 0 1
160 155 0 1
164 154 0 1
163 154 0 1
162 154 0 1
161 154 0 1
160 154 0 1
164 153 0 1
163 153 0 1
162 153 0 1
161 153 0 1
160 153 0 1
164 152 0 1
163 152 0 1
162 152 0 1
161 152 0 1
160 152 0 1
165 151 0 1
164 151 0 1
163 151 0 1
162 151 0 1
161 151 0 1
17 151 0 0
165 150 0 1
164 150 0 1
163 150 0 1
162 150 0 1
161 150 0 1
18 150 0 0
17 150 0 0
16 150 0 0
165 149 0 1
164 149 0 1
163 149 0 1
162 149 0 1
161 149 0 1
19 149 0 0
18 149 0 0
17 149 0 0
16 149 0 0
15 149 0 0
165 148 0 1
164 148 0 1
163 148 0 1
162 148 0 1
161 148 0 1
20 148 0 0
19 148 0 0
18 148 0 0
17 148 0 0
16 148 0 0
165 147 0 1
164 147 0 1
163 147 0 1
162 147 0 1
161 147 0 1
21 147 0 0
20 147 0 0
19 147 0 0
18 147 0 0
17 147 0 0
16 147 0 0
165 146 0 1
164 146 0 1
163 146 0 1
162 146 0 1
161 146 0 1
21 146 0 0
20 146 0 0
19 146 0 0
18 146 0 0
17 146 0 0
165 145 0 1
164 145 0 1
163 145 0 1
162 145 0 1
161 145 0 1
22 145 0 0
21 145 0 0
20 145 0 0
19 145 0 0
18 145 0 0
165 144 0 1
164 144 0 1
163 144 0 1
162 144 0 1
161 144 0 1
22 144 0 0
21 144 0 0
20 144 0 0
19 144 0 0
18 144 0 0
166 143 0 1
165 143 0 1
164 143 0 1
163 143 0 1
162 143 0 1
23 143 0 0
22 143 0 0
21 143 0 0
20 143 0 0
19 143 0 0
166 142 0 1
165 142 0 1
164 142 0 1
163 142 0 1
162 142 0 1
23 142 0 0
22 142 0 0
21 142 0 0
20 142 0 0
166 141 0 1
165 141 0 1
164 141 0 1
163 141 0 1
162 141 0 1
24 141 0 0
23 141 0 0
22 141 0 0
21 141 0 0
166 140 0 1
165 140 0 1
164 140 0 1
163 140 0 1
162 140 0 1
25 140 0 0
24 140 0 0
23 140 0 0
22 140 0 0
21 140 0 0
166 139 0 1
165 139 0 1
164 139 0 1
163 139 0 1
162 139 0 1
25 139 0 0
24 139 0 0
23 139 0 0
22 139 0 0
166 138 0 1
165 138 0 1
164 138 0 1
163 138 0 1
162 138 0 1
26 138 0 0
25 138 0 0
24 138 0 0
23 138 0 0
166 137 0 1
165 137 0 1
164 137 0 1
163 137 0 1
162 137 0 1
27 137 0 0
26 137 0 0
25 137 0 0
24 137 0 0
23 137 0 0
166 136 0 1
165 136 0 1
164 136 0 1
163 136 0 1
162 136 0 1
28 136 0 0
27 136 0 0
26 136 0 0
25 136 0 0
24 136 0 0
23 136 0 0
166 135 0 1
165 135 0 1
164 135 0 1
163 135 0 1
162 135 0 1
28 135 0 0
27 135 0 0
26 135 0 0
25 135 0 0
24 135 0 0
166 134 0 1
165 134 0 1
164 134 0 1
163 134 0 1
162 134 0 1
29 134 0 0
28 134 0 0
27 134 0 0
26 134 0 0
25 134 0 0
165 133 0 1
164 133 0 1
163 133 0 1
30 133 0 0
29 133 0 0
28 133 0 0
27 133 0 0
26 133 0 0
164 132 0 1
31 132 0 0
30 132 0 0
29 132 0 0
28 132 0 0
27 132 0 0
26 132 0 0
31 131 0 0
30 131 0 0
29 131 0 0
28 131 0 0
27 131 0 0
32 130 0 0
31 130 0 0
30 130 0 0
29 130 0 0
28 130 0 0
33 129 0 0
32 129 0 0
31 129 0 0
30 129 0 0
29 129 0 0
34 128 0 0
33 128 0 0
32 128 0 0
31 128 0 0
30 128 0 0
29 128 0 0
308 127 0 0
34 127 0 0
33 127 0 0
32 127 0 0
31 127 0 0
30 127 0 0
309 126 0 0
308 126 0 0
307 126 0 0
35 126 0 0
34 126 0 0
33 126 0 0
32 126 0 0
31 126 0 0
310 125 0 0
309 125 0 0
308 125 0 0
307 125 0 0
306 125 0 0
36 125 0 0
35 125 0 0
34 125 0 0
33 125 0 0
32 125 0 0
310 124 0 0
309 124 0 0
308 124 0 0
307 124 0 0
306 124 0 0
305 124 0 0
37 124 0 0
36 124 0 0
35 124 0 0
34 124 0 0
33 124 0 0
32 124 0 0
309 123 0 0
308 123 0 0
307 123 0 0
306 123 0 0
305 123 0 0
37 123 0 0
36 123 0 0
35 123 0 0
34 123 0 0
33 123 0 0
308 122 0 0
307 122 0 0
306 122 0 0
305 122 0 0
304 122 0 0
38 122 0 0
37 122 0 0
36 122 0 0
35 122 0 0
34 122 0 0
308 121 0 0
307 121 0 0
306 121 0 0
305 121 0 0
304 121 0 0
303 121 0 0
39 121 0 0
38 121 0 0
37 121 0 0
36 121 0 0
35 121 0 0
307 120 0 0
306 120 0 0
305 120 0 0
304 120 0 0
303 120 0 0
40 120 0 0
39 120 0 0
38 120 0 0
37 120 0 0
36 120 0 0
35 120 0 0
306 119 0 0
305 119 0 0
304 119 0 0
303 119 0 0
302 119 0 0
40 119 0 0
39 119 0 0
38 119 0 0
37 119 0 0
36 119 0 0
306 118 0 0
305 118 0 0
304 118 0 0
303 118 0 0
302 118 0 0
41 118 0 0
40 118 0 0
39 118 0 0
38 118 0 0
37 118 0 0
305 117 0 0
304 117 0 0
303 117 0 0
302 117 0 0
301 117 0 0
42 117 0 0
41 117 0 0
40 117 0 0
39 117 0 0
38 117 0 0
305 116 0 0
304 116 0 0
303 116 0 0
302 116 0 0
301 116 0 0
300 116 0 0
43 116 0 0
42 116 0 0
41 116 0 0
40 116 0 0
39 116 0 0
38 116 0 0
304 115 0 0
303 115 0 0
302 115 0 0
301 115 0 0
300 115 0 0
43 115 0 0
42 115 0 0
41 115 0 0
40 115 0 0
39 115 0 0
303 114 0 0
302 114 0 0
301 114 0 0
300 114 0 0
299 114 0 0
44 114 0 0
43 114 0 0
42 114 0 0
41 114 0 0
40 114 0 0
302 113 0 0
301 113 0 0
300 113 0 0
299 113 0 0
298 113 0 0
45 113 0 0
44 113 0 0
43 113 0 0
42 113 0 0
41 113 0 0
40 113 0 0
302 112 0 0
301 112 0 0
300 112 0 0
299 112 0 0
298 112 0 0
46 112 0 0
45 112 0 0
44 112 0 0
43 112 0 0
42 112 0 0
41 112 0 0
301 111 0 0
300 111 0 0
299 111 0 0
298 111 0 0
297 111 0 0
46 111 0 0
45 111 0 0
44 111 0 0
43 111 0 0
42 111 0 0
300 110 0 0
299 110 0 0
298 110 0 0
297 110 0 0
47 110 0 0
46 110 0 0
45 110 0 0
44 110 0 0
43 110 0 0
299 109 0 0
298 109 0 0
297 109 0 0
296 109 0 0
48 109 0 0
47 109 0 0
46 109 0 0
45 109 0 0
44 109 0 0
43 109 0 0
297 108 0 0
296 108 0 0
295 108 0 0
294 108 0 0
49 108 0 0
48 108 0 0
47 108 0 0
46 108 0 0
45 108 0 0
297 107 0 0
296 107 0 0
295 107 0 0
294 107 0 0
293 107 0 0
50 107 0 0
49 107 0 0
48 107 0 0
47 107 0 0
46 107 0 0
297 106 0 0
296 106 0 0
295 106 0 0
294 106 0 0
293 106 0 0
292 106 0 0
51 106 0 0
50 106 0 0
49 106 0 0
48 106 0 0
47 106 0 0
46 106 0 0
296 105 0 0
295 105 0 0
294 105 0 0
293 105 0 0
292 105 0 0
52 105 0 0
51 105 0 0
50 105 0 0
49 105 0 0
48 105 0 0
47 105 0 0
295 104 0 0
294 104 0 0
293 104 0 0
292 104 0 0
291 104 0 0
52 104 0 0
51 104 0 0
50 104 0 0
49 104 0 0
48 104 0 0
295 103 0 0
294 103 0 0
293 103 0 0
292 103 0 0
291 103 0 0
290 103 0 0
53 103 0 0
52 103 0 0
51 103 0 0
50 103 0 0
49 103 0 0
294 102 0 0
293 102 0 0
292 102 0 0
291 102 0 0
290 102 0 0
289 102 0 0
54 102 0 0
53 102 0 0
52 102 0 0
51 102 0 0
50 102 0 0
49 102 0 0
293 101 0 0
292 101 0 0
291 101 0 0
290 101 0 0
289 101 0 0
288 101 0 0
55 101 0 0
54 101 0 0
53 101 0 0
52 101 0 0
51 101 0 0
50 101 0 0
292 100 0 0
291 100 0 0
290 100 0 0
289 100 0 0
288 100 0 0
287 100 0 0
55 100 0 0
54 100 0 0
53 100 0 0
52 100 0 0
51 100 0 0
291 99 0 0
290 99 0 0
289 99 0 0
288 99 0 0
287 99 0 0
56 99 0 0
55 99 0 0
54 99 0 0
53 99 0 0
52 99 0 0
290 98 0 0
289 98 0 0
288 98 0 0
287 98 0 0
286 98 0 0
57 98 0 0
56 98 0 0
55 98 0 0
54 98 0 0
53 98 0 0
52 98 0 0
290 97 0 0
289 97 0 0
288 97 0 0
287 97 0 0
286 97 0 0
285 97 0 0
58 97 0 0
57 97 0 0
56 97 0 0
55 97 0 0
54 97 0 0
53 97 0 0
289 96 0 0
288 96 0 0
287 96 0 0
286 96 0 0
285 96 0 0
284 96 0 0
58 96 0 0
57 96 0 0
56 96 0 0
55 96 0 0
54 96 0 0
288 95 0 0
287 95 0 0
286 95 0 0
285 95 0 0
284 95 0 0
59 95 0 0
58 95 0 0
57 95 0 0
56 95 0 0
55 95 0 0
287 94 0 0
286 94 0 0
285 94 0 0
284 94 0 0
283 94 0 0
60 94 0 0
59 94 0 0
58 94 0 0
57 94 0 0
56 94 0 0
55 94 0 0
286 93 0 0
285 93 0 0
284 93 0 0
283 93 0 0
282 93 0 0
61 93 0 0
60 93 0 0
59 93 0 0
58 93 0 0
57 93 0 0
56 93 0 0
285 92 0 0
284 92 0 0
283 92 0 0
282 92 0 0
281 92 0 0
61 92 0 0
60 92 0 0
59 92 0 0
58 92 0 0
57 92 0 0
284 91 0 0
283 91 0 0
282 91 0 0
281 91 0 0
280 91 0 0
62 91 0 0
61 91 0 0
60 91 0 0
59 91 0 0
58 91 0 0
284 90 0 0
283 90 0 0
282 90 0 0
281 90 0 0
280 90 0 0
63 90 0 0
62 90 0 0
61 90 0 0
60 90 0 0
59 90 0 0
58 90 0 0
283 89 0 0
282 89 0 0
281 89 0 0
280 89 0 0
279 89 0 0
64 89 0 0
63 89 0 0
62 89 0 0
61 89 0 0
60 89 0 0
59 89 0 0
282 88 0 0
281 88 0 0
280 88 0 0
279 88 0 0
278 88 0 0
64 88 0 0
63 88 0 0
62 88 0 0
61 88 0 0
60 88 0 0
281 87 0 0
280 87 0 0
279 87 0 0
278 87 0 0
277 87 0 0
65 87 0 0
64 87 0 0
63 87 0 0
62 87 0 0
61 87 0 0
281 86 0 0
280 86 0 0
279 86 0 0
278 86 0 0
277 86 0 0
276 86 0 0
66 86 0 0
65 86 0 0
64 86 0 0
63 86 0 0
62 86 0 0
61 86 0 0
280 85 0 0
279 85 0 0
278 85 0 0
277 85 0 0
276 85 0 0
275 85 0 0
67 85 0 0
66 85 0 0
65 85 0 0
64 85 0 0
63 85 0 0
62 85 0 0
279 84 0 0
278 84 0 0
277 84 0 0
276 84 0 0
275 84 0 0
67 84 0 0
66 84 0 0
65 84 0 0
64 84 0 0
63 84 0 0
278 83 0 0
277 83 0 0
276 83 0 0
275 83 0 0
274 83 0 0
68 83 0 0
67 83 0 0
66 83 0 0
65 83 0 0
64 83 0 0
277 82 0 0
276 82 0 0
275 82 0 0
274 82 0 0
273 82 0 0
68 82 0 0
67 82 0 0
66 82 0 0
65 82 0 0
64 82 0 0
276 81 0 0
275 81 0 0
274 81 0 0
273 81 0 0
272 81 0 0
69 81 0 0
68 81 0 0
67 81 0 0
66 81 0 0
65 81 0 0
276 80 0 0
275 80 0 0
274 80 0 0
273 80 0 0
272 80 0 0
271 80 0 0
69 80 0 0
68 80 0 0
67 80 0 0
66 80 0 0
275 79 0 0
274 79 0 0
273 79 0 0
272 79 0 0
271 79 0 0
270 79 0 0
70 79 0 0
69 79 0 0
68 79 0 0
67 79 0 0
274 78 0 0
273 78 0 0
272 78 0 0
271 78 0 0
270 78 0 0
71 78 0 0
70 78 0 0
69 78 0 0
68 78 0 0
67 78 0 0
273 77 0 0
272 77 0 0
271 77 0 0
270 77 0 0
269 77 0 0
72 77 0 0
71 77 0 0
70 77 0 0
69 77 0 0
68 77 0 0
272 76 0 0
271 76 0 0
270 76 0 0
269 76 0 0
268 76 0 0
72 76 0 0
71 76 0 0
70 76 0 0
69 76 0 0
271 75 0 0
270 75 0 0
269 75 0 0
268 75 0 0
267 75 0 0
73 75 0 0
72 75 0 0
71 75 0 0
70 75 0 0
69 75 0 0
271 74 0 0
270 74 0 0
269 74 0 0
268 74 0 0
267 74 0 0
74 74 0 0
73 74 0 0
72 74 0 0
71 74 0 0
70 74 0 0
69 74 0 0
270 73 0 0
269 73 0 0
268 73 0 0
267 73 0 0
266 73 0 0
75 73 0 0
74 73 0 0
73 73 0 0
72 73 0 0
71 73 0 0
70 73 0 0
269 72 0 0
268 72 0 0
267 72 0 0
266 72 0 0
265 72 0 0
75 72 0 0
74 72 0 0
73 72 0 0
72 72 0 0
71 72 0 0
268 71 0 0
267 71 0 0
266 71 0 0
265 71 0 0
264 71 0 0
76 71 0 0
75 71 0 0
74 71 0 0
73 71 0 0
72 71 0 0
267 70 0 0
266 70 0 0
265 70 0 0
264 70 0 0
263 70 0 0
77 70 0 0
76 70 0 0
75 70 0 0
74 70 0 0
73 70 0 0
72 70 0 0
267 69 0 0
266 69 0 0
265 69 0 0
264 69 0 0
263 69 0 0
262 69 0 0
78 69 0 0
77 69 0 0
76 69 0 0
75 69 0 0
74 69 0 0
73 69 0 0
266 68 0 0
265 68 0 0
264 68 0 0
263 68 0 0
262 68 0 0
78 68 0 0
77 68 0 0
76 68 0 0
75 68 0 0
74 68 0 0
265 67 0 0
264 67 0 0
263 67 0 0
262 67 0 0
261 67 0 0
79 67 0 0
78 67 0 0
77 67 0 0
76 67 0 0
75 67 0 0
264 66 0 0
263 66 0 0
262 66 0 0
261 66 0 0
260 66 0 0
80 66 0 0
79 66 0 0
78 66 0 0
77 66 0 0
76 66 0 0
75 66 0 0
262 65 0 0
261 65 0 0
260 65 0 0
259 65 0 0
258 65 0 0
81 65 0 0
80 65 0 0
79 65 0 0
78 65 0 0
77 65 0 0
262 64 0 0
261 64 0 0
260 64 0 0
259 64 0 0
258 64 0 0
82 64 0 0
81 64 0 0
80 64 0 0
79 64 0 0
78 64 0 0
261 63 0 0
260 63 0 0
259 63 0 0
258 63 0 0
257 63 0 0
83 63 0 0
82 63 0 0
81 63 0 0
80 63 0 0
79 63 0 0
78 63 0 0
260 62 0 0
259 62 0 0
258 62 0 0
257 62 0 0
256 62 0 0
83 62 0 0
82 62 0 0
81 62 0 0
80 62 0 0
79 62 0 0
259 61 0 0
258 61 0 0
257 61 0 0
256 61 0 0
255 61 0 0
84 61 0 0
83 61 0 0
82 61 0 0
81 61 0 0
80 61 0 0
259 60 0 0
258 60 0 0
257 60 0 0
256 60 0 0
255 60 0 0
254 60 0 0
85 60 0 0
84 60 0 0
83 60 0 0
82 60 0 0
81 60 0 0
258 59 0 0
257 59 0 0
256 59 0 0
255 59 0 0
254 59 0 0
253 59 0 0
86 59 0 0
85 59 0 0
84 59 0 0
83 59 0 0
82 59 0 0
81 59 0 0
257 58 0 0
256 58 0 0
255 58 0 0
254 58 0 0
253 58 0 0
86 58 0 0
85 58 0 0
84 58 0 0
83 58 0 0
82 58 0 0
256 57 0 0
255 57 0 0
254 57 0 0
253 57 0 0
252 57 0 0
87 57 0 0
86 57 0 0
85 57 0 0
84 57 0 0
83 57 0 0
255 56 0 0
254 56 0 0
253 56 0 0
252 56 0 0
88 56 0 0
87 56 0 0
86 56 0 0
85 56 0 0
84 56 0 0
254 55 0 0
253 55 0 0
252 55 0 0
251 55 0 0
89 55 0 0
88 55 0 0
87 55 0 0
86 55 0 0
85 55 0 0
84 55 0 0
254 54 0 0
253 54 0 0
252 54 0 0
251 54 0 0
250 54 0 0
89 54 0 0
88 54 0 0
87 54 0 0
86 54 0 0
85 54 0 0
253 53 0 0
252 53 0 0
251 53 0 0
250 53 0 0
249 53 0 0
90 53 0 0
89 53 0 0
88 53 0 0
87 53 0 0
86 53 0 0
252 52 0 0
251 52 0 0
250 52 0 0
249 52 0 0
91 52 0 0
90 52 0 0
89 52 0 0
88 52 0 0
87 52 0 0
251 51 0 0
250 51 0 0
249 51 0 0
248 51 0 0
92 51 0 0
91 51 0 0
90 51 0 0
89 51 0 0
88 51 0 0
87 51 0 0
251 50 0 0
250 50 0 0
249 50 0 0
248 50 0 0
247 50 0 0
92 50 0 0
91 50 0 0
90 50 0 0
89 50 0 0
88 50 0 0
250 49 0 0
249 49 0 0
248 49 0 0
247 49 0 0
246 49 0 0
93 49 0 0
92 49 0 0
91 49 0 0
90 49 0 0
89 49 0 0
250 48 0 0
249 48 0 0
248 48 0 0
247 48 0 0
246 48 0 0
94 48 0 0
93 48 0 0
92 48 0 0
91 48 0 0
90 48 0 0
249 47 0 0
248 47 0 0
247 47 0 0
246 47 0 0
245 47 0 0
95 47 0 0
94 47 0 0
93 47 0 0
92 47 0 0
91 47 0 0
90 47 0 0
248 46 0 0
247 46 0 0
246 46 0 0
245 46 0 0
244 46 0 0
96 46 0 0
95 46 0 0
94 46 0 0
93 46 0 0
92 46 0 0
91 46 0 0
247 45 0 0
246 45 0 0
245 45 0 0
244 45 0 0
243 45 0 0
97 45 0 0
96 45 0 0
95 45 0 0
94 45 0 0
93 45 0 0
92 45 0 0
246 44 0 0
245 44 0 0
244 44 0 0
243 44 0 0
242 44 0 0
98 44 0 0
97 44 0 0
96 44 0 0
95 44 0 0
94 44 0 0
93 44 0 0
246 43 0 0
245 43 0 0
244 43 0 0
243 43 0 0
242 43 0 0
241 43 0 0
99 43 0 0
98 43 0 0
97 43 0 0
96 43 0 0
95 43 0 0
94 43 0 0
245 42 0 0
244 42 0 0
243 42 0 0
242 42 0 0
241 42 0 0
240 42 0 0
100 42 0 0
99 42 0 0
98 42 0 0
97 42 0 0
96 42 0 0
95 42 0 0
244 41 0 0
243 41 0 0
242 41 0 0
241 41 0 0
240 41 0 0
99 41 0 0
98 41 0 0
97 41 0 0
243 40 0 0
242 40 0 0
241 40 0 0
240 40 0 0
239 40 0 0
98 40 0 0
243 39 0 0
242 39 0 0
241 39 0 0
240 39 0 0
239 39 0 0
238 39 0 0
242 38 0 0
241 38 0 0
240 38 0 0
239 38 0 0
238 38 0 0
237 38 0 0
241 37 0 0
240 37 0 0
239 37 0 0
238 37 0 0
237 37 0 0
236 37 0 0
240 36 0 0
239 36 0 0
238 36 0 0
237 36 0 0
236 36 0 0
235 36 0 0
239 35 0 0
238 35 0 0
237 35 0 0
236 35 0 0
235 35 0 0
238 34 0 0
237 34 0 0
236 34 0 0
235 34 0 0
234 34 0 0
238 33 0 0
237 33 0 0
236 33 0 0
235 33 0 0
234 33 0 0
233 33 0 0
237 32 0 0
236 32 0 0
235 32 0 0
234 32 0 0
233 32 0 0
232 32 0 0
236 31 0 0
235 31 0 0
234 31 0 0
233 31 0 0
232 31 0 0
235 30 0 0
234 30 0 0
233 30 0 0
232 30 0 0
231 30 0 0
234 29 0 0
233 29 0 0
232 29 0 0
231 29 0 0
230 29 0 0
233 28 0 0
232 28 0 0
231 28 0 0
230 28 0 0
229 28 0 0
233 27 0 0
232 27 0 0
231 27 0 0
230 27 0 0
229 27 0 0
228 27 0 0
232 26 0 0
231 26 0 0
230 26 0 0
229 26 0 0
228 26 0 0
227 26 0 0
231 25 0 0
230 25 0 0
229 25 0 0
228 25 0 0
227 25 0 0
230 24 0 0
229 24 0 0
228 24 0 0
227 24 0 0
226 24 0 0
225 24 0 0
229 23 0 0
228 23 0 0
227 23 0 0
226 23 0 0
225 23 0 0
224 23 0 0
228 22 0 0
227 22 0 0
226 22 0 0
225 22 0 0
224 22 0 0
223 22 0 0
226 21 0 0
225 21 0 0
224 21 0 0
223 21 0 0
222 21 0 0
221 21 0 0
224 20 0 0
223 20 0 0
222 20 0 0
223 19 0 0
