3776 640 480
487 456 0 0
487 455 0 0
488 454 0 0
487 454 0 0
486 454 0 0
485 454 0 0
489 453 0 0
488 453 0 0
487 453 0 0
486 453 0 0
485 453 0 0
484 453 0 0
489 452 0 0
488 452 0 0
487 452 0 0
486 452 0 0
485 452 0 0
484 452 0 0
489 451 0 0
488 451 0 0
487 451 0 0
486 451 0 0
485 451 0 0
484 451 0 0
489 450 0 0
488 450 0 0
487 450 0 0
486 450 0 0
485 450 0 0
484 450 0 0
491 449 0 0
490 449 0 0
489 449 0 0
488 449 0 0
487 449 0 0
486 449 0 0
485 449 0 0
491 448 0 0
490 448 0 0
489 448 0 0
488 448 0 0
487 448 0 0
486 448 0 0
485 448 0 0
491 447 0 0
490 447 0 0
489 447 0 0
488 447 0 0
487 447 0 0
486 447 0 0
485 447 0 0
491 446 0 0
490 446 0 0
489 446 0 0
488 446 0 0
487 446 0 0
486 446 0 0
485 446 0 0
492 445 0 0
491 445 0 0
490 445 0 0
489 445 0 0
488 445 0 0
487 445 0 0
492 444 0 0
491 444 0 0
490 444 0 0
489 444 0 0
488 444 0 0
487 444 0 0
493 443 0 0
492 443 0 0
491 443 0 0
490 443 0 0
489 443 0 0
488 443 0 0
493 442 0 0
492 442 0 0
491 442 0 0
490 442 0 0
489 442 0 0
488 442 0 0
493 441 0 0
492 441 0 0
491 441 0 0
490 441 0 0
489 441 0 0
488 441 0 0
493 440 0 0
492 440 0 0
491 440 0 0
490 440 0 0
489 440 0 0
488 440 0 0
495 439 0 0
494 439 0 0
493 439 0 0
492 439 0 0
491 439 0 0
490 439 0 0
489 439 0 0
495 438 0 0
494 438 0 0
493 438 0 0
492 438 0 0
491 438 0 0
490 438 0 0
489 438 0 0
495 437 0 0
494 437 0 0
493 437 0 0
492 437 0 0
491 437 0 0
490 437 0 0
489 437 0 0
495 436 0 0
494 436 0 0
493 436 0 0
492 436 0 0
491 436 0 0
490 436 0 0
489 436 0 0
496 435 0 0
495 435 0 0
494 435 0 0
493 435 0 0
492 435 0 0
491 435 0 0
490 435 0 0
496 434 0 0
495 434 0 0
494 434 0 0
493 434 0 0
492 434 0 0
491 434 0 0
490 434 0 0
496 433 0 0
495 433 0 0
494 433 0 0
493 433 0 0
492 433 0 0
491 433 0 0
490 433 0 0
496 432 0 0
495 432 0 0
494 432 0 0
493 432 0 0
492 432 0 0
491 432 0 0
490 432 0 0
497 431 0 0
496 431 0 0
495 431 0 0
494 431 0 0
493 431 0 0
492 431 0 0
497 430 0 0
496 430 0 0
495 430 0 0
494 430 0 0
493 430 0 0
492 430 0 0
497 429 0 0
496 429 0 0
495 429 0 0
494 429 0 0
493 429 0 0
492 429 0 0
497 428 0 0
496 428 0 0
495 428 0 0
494 428 0 0
493 428 0 0
492 428 0 0
499 427 0 0
498 427 0 0
497 427 0 0
496 427 0 0
495 427 0 0
494 427 0 0
493 427 0 0
499 426 0 0
498 426 0 0
497 426 0 0
496 426 0 0
495 426 0 0
494 426 0 0
493 426 0 0
499 425 0 0
498 425 0 0
497 425 0 0
496 425 0 0
495 425 0 0
494 425 0 0
493 425 0 0
500 424 0 0
499 424 0 0
498 424 0 0
497 424 0 0
496 424 0 0
495 424 0 0
494 424 0 0
493 424 0 0
500 423 0 0
499 423 0 0
498 423 0 0
497 423 0 0
496 423 0 0
495 423 0 0
494 423 0 0
500 422 0 0
499 422 0 0
498 422 0 0
497 422 0 0
496 422 0 0
495 422 0 0
494 422 0 0
500 421 0 0
499 421 0 0
498 421 0 0
497 421 0 0
496 421 0 0
495 421 0 0
494 421 0 0
501 420 0 0
500 420 0 0
499 420 0 0
498 420 0 0
497 420 0 0
496 420 0 0
501 419 0 0
500 419 0 0
499 419 0 0
498 419 0 0
497 419 0 0
496 419 0 0
501 418 0 0
500 418 0 0
499 418 0 0
498 418 0 0
497 418 0 0
496 418 0 0
502 417 0 0
501 417 0 0
500 417 0 0
499 417 0 0
498 417 0 0
497 417 0 0
502 416 0 0
501 416 0 0
500 416 0 0
499 416 0 0
498 416 0 0
497 416 0 0
502 415 0 0
501 415 0 0
500 415 0 0
499 415 0 0
498 415 0 0
497 415 0 0
504 414 0 0
503 414 0 0
502 414 0 0
501 414 0 0
500 414 0 0
499 414 0 0
498 414 0 0
504 413 0 0
503 413 0 0
502 413 0 0
501 413 0 0
500 413 0 0
499 413 0 0
498 413 0 0
504 412 0 0
503 412 0 0
502 412 0 0
501 412 0 0
500 412 0 0
499 412 0 0
498 412 0 0
504 411 0 0
503 411 0 0
502 411 0 0
501 411 0 0
500 411 0 0
499 411 0 0
498 411 0 0
505 410 0 0
504 410 0 0
503 410 0 0
502 410 0 0
501 410 0 0
500 410 0 0
505 409 0 0
504 409 0 0
503 409 0 0
502 409 0 0
501 409 0 0
500 409 0 0
505 408 0 0
504 408 0 0
503 408 0 0
502 408 0 0
501 408 0 0
500 408 0 0
505 407 0 0
504 407 0 0
503 407 0 0
502 407 0 0
501 407 0 0
500 407 0 0
506 406 0 0
505 406 0 0
504 406 0 0
503 406 0 0
502 406 0 0
501 406 0 0
506 405 0 0
505 405 0 0
504 405 0 0
503 405 0 0
502 405 0 0
501 405 0 0
508 404 0 0
507 404 0 0
506 404 0 0
505 404 0 0
504 404 0 0
503 404 0 0
502 404 0 0
508 403 0 0
507 403 0 0
506 403 0 0
505 403 0 0
504 403 0 0
503 403 0 0
502 403 0 0
508 402 0 0
507 402 0 0
506 402 0 0
505 402 0 0
504 402 0 0
503 402 0 0
502 402 0 0
508 401 0 0
507 401 0 0
506 401 0 0
505 401 0 0
504 401 0 0
503 401 0 0
502 401 0 0
509 400 0 0
508 400 0 0
507 400 0 0
506 400 0 0
505 400 0 0
504 400 0 0
503 400 0 0
509 399 0 0
508 399 0 0
507 399 0 0
506 399 0 0
505 399 0 0
504 399 0 0
503 399 0 0
509 398 0 0
508 398 0 0
507 398 0 0
506 398 0 0
505 398 0 0
504 398 0 0
503 398 0 0
509 397 0 0
508 397 0 0
507 397 0 0
506 397 0 0
505 397 0 0
504 397 0 0
503 397 0 0
510 396 0 0
509 396 0 0
508 396 0 0
507 396 0 0
506 396 0 0
505 396 0 0
510 395 0 0
509 395 0 0
508 395 0 0
507 395 0 0
506 395 0 0
505 395 0 0
510 394 0 0
509 394 0 0
508 394 0 0
507 394 0 0
506 394 0 0
505 394 0 0
510 393 0 0
509 393 0 0
508 393 0 0
507 393 0 0
506 393 0 0
505 393 0 0
512 392 0 0
511 392 0 0
510 392 0 0
509 392 0 0
508 392 0 0
507 392 0 0
506 392 0 0
512 391 0 0
511 391 0 0
510 391 0 0
509 391 0 0
508 391 0 0
507 391 0 0
506 391 0 0
512 390 0 0
511 390 0 0
510 390 0 0
509 390 0 0
508 390 0 0
507 390 0 0
506 390 0 0
512 389 0 0
511 389 0 0
510 389 0 0
509 389 0 0
508 389 0 0
507 389 0 0
506 389 0 0
513 388 0 0
512 388 0 0
511 388 0 0
510 388 0 0
509 388 0 0
508 388 0 0
507 388 0 0
513 387 0 0
512 387 0 0
511 387 0 0
510 387 0 0
509 387 0 0
508 387 0 0
507 387 0 0
513 386 0 0
512 386 0 0
511 386 0 0
510 386 0 0
509 386 0 0
508 386 0 0
507 386 0 0
514 385 0 0
513 385 0 0
512 385 0 0
511 385 0 0
510 385 0 0
509 385 0 0
508 385 0 0
507 385 0 0
514 384 0 0
513 384 0 0
512 384 0 0
511 384 0 0
510 384 0 0
509 384 0 0
514 383 0 0
513 383 0 0
512 383 0 0
511 383 0 0
510 383 0 0
509 383 0 0
514 382 0 0
513 382 0 0
512 382 0 0
511 382 0 0
510 382 0 0
509 382 0 0
515 381 0 0
514 381 0 0
513 381 0 0
512 381 0 0
511 381 0 0
510 381 0 0
515 380 0 0
514 380 0 0
513 380 0 0
512 380 0 0
511 380 0 0
510 380 0 0
515 379 0 0
514 379 0 0
513 379 0 0
512 379 0 0
511 379 0 0
510 379 0 0
517 378 0 0
516 378 0 0
515 378 0 0
514 378 0 0
513 378 0 0
512 378 0 0
511 378 0 0
517 377 0 0
516 377 0 0
515 377 0 0
514 377 0 0
513 377 0 0
512 377 0 0
511 377 0 0
517 376 0 0
516 376 0 0
515 376 0 0
514 376 0 0
513 376 0 0
512 376 0 0
511 376 0 0
518 375 0 0
517 375 0 0
516 375 0 0
515 375 0 0
514 375 0 0
513 375 0 0
518 374 0 0
517 374 0 0
516 374 0 0
515 374 0 0
514 374 0 0
513 374 0 0
518 373 0 0
517 373 0 0
516 373 0 0
515 373 0 0
514 373 0 0
513 373 0 0
518 372 0 0
517 372 0 0
516 372 0 0
515 372 0 0
514 372 0 0
513 372 0 0
519 371 0 0
518 371 0 0
517 371 0 0
516 371 0 0
515 371 0 0
514 371 0 0
519 370 0 0
518 370 0 0
517 370 0 0
516 370 0 0
515 370 0 0
514 370 0 0
519 369 0 0
518 369 0 0
517 369 0 0
516 369 0 0
515 369 0 0
514 369 0 0
519 368 0 0
518 368 0 0
517 368 0 0
516 368 0 0
515 368 0 0
514 368 0 0
521 367 0 0
520 367 0 0
519 367 0 0
518 367 0 0
517 367 0 0
516 367 0 0
515 367 0 0
521 366 0 0
520 366 0 0
519 366 0 0
518 366 0 0
517 366 0 0
516 366 0 0
515 366 0 0
522 365 0 0
521 365 0 0
520 365 0 0
519 365 0 0
518 365 0 0
517 365 0 0
516 365 0 0
522 364 0 0
521 364 0 0
520 364 0 0
519 364 0 0
518 364 0 0
517 364 0 0
516 364 0 0
522 363 0 0
521 363 0 0
520 363 0 0
519 363 0 0
518 363 0 0
517 363 0 0
516 363 0 0
522 362 0 0
521 362 0 0
520 362 0 0
519 362 0 0
518 362 0 0
517 362 0 0
516 362 0 0
523 361 0 0
522 361 0 0
521 361 0 0
520 361 0 0
519 361 0 0
518 361 0 0
523 360 0 0
522 360 0 0
521 360 0 0
520 360 0 0
519 360 0 0
518 360 0 0
523 359 0 0
522 359 0 0
521 359 0 0
520 359 0 0
519 359 0 0
518 359 0 0
523 358 0 0
522 358 0 0
521 358 0 0
520 358 0 0
519 358 0 0
518 358 0 0
525 357 0 0
524 357 0 0
523 357 0 0
522 357 0 0
521 357 0 0
520 357 0 0
519 357 0 0
525 356 0 0
524 356 0 0
523 356 0 0
522 356 0 0
521 356 0 0
520 356 0 0
519 356 0 0
525 355 0 0
524 355 0 0
523 355 0 0
522 355 0 0
521 355 0 0
520 355 0 0
519 355 0 0
525 354 0 0
524 354 0 0
523 354 0 0
522 354 0 0
521 354 0 0
520 354 0 0
519 354 0 0
526 353 0 0
525 353 0 0
524 353 0 0
523 353 0 0
522 353 0 0
521 353 0 0
520 353 0 0
526 352 0 0
525 352 0 0
524 352 0 0
523 352 0 0
522 352 0 0
521 352 0 0
520 352 0 0
526 351 0 0
525 351 0 0
524 351 0 0
523 351 0 0
522 351 0 0
521 351 0 0
520 351 0 0
526 350 0 0
525 350 0 0
524 350 0 0
523 350 0 0
522 350 0 0
521 350 0 0
520 350 0 0
527 349 0 0
526 349 0 0
525 349 0 0
524 349 0 0
523 349 0 0
522 349 0 0
527 348 0 0
526 348 0 0
525 348 0 0
524 348 0 0
523 348 0 0
522 348 0 0
527 347 0 0
526 347 0 0
525 347 0 0
524 347 0 0
523 347 0 0
522 347 0 0
528 346 0 0
527 346 0 0
526 346 0 0
525 346 0 0
524 346 0 0
523 346 0 0
522 346 0 0
528 345 0 0
527 345 0 0
526 345 0 0
525 345 0 0
524 345 0 0
523 345 0 0
528 344 0 0
527 344 0 0
526 344 0 0
525 344 0 0
524 344 0 0
523 344 0 0
528 343 0 0
527 343 0 0
526 343 0 0
525 343 0 0
524 343 0 0
523 343 0 0
530 342 0 0
529 342 0 0
528 342 0 0
527 342 0 0
526 342 0 0
525 342 0 0
524 342 0 0
344 342 0 1
343 342 0 1
530 341 0 0
529 341 0 0
528 341 0 0
527 341 0 0
526 341 0 0
525 341 0 0
524 341 0 0
345 341 0 1
344 341 0 1
343 341 0 1
342 341 0 1
530 340 0 0
529 340 0 0
528 340 0 0
527 340 0 0
526 340 0 0
525 340 0 0
524 340 0 0
346 340 0 1
345 340 0 1
344 340 0 1
343 340 0 1
342 340 0 1
341 340 0 1
531 339 0 0
530 339 0 0
529 339 0 0
528 339 0 0
527 339 0 0
526 339 0 0
346 339 0 1
345 339 0 1
344 339 0 1
343 339 0 1
342 339 0 1
341 339 0 1
531 338 0 0
530 338 0 0
529 338 0 0
528 338 0 0
527 338 0 0
526 338 0 0
346 338 0 1
345 338 0 1
344 338 0 1
343 338 0 1
342 338 0 1
341 338 0 1
531 337 0 0
530 337 0 0
529 337 0 0
528 337 0 0
527 337 0 0
526 337 0 0
346 337 0 1
345 337 0 1
344 337 0 1
343 337 0 1
342 337 0 1
341 337 0 1
532 336 0 0
531 336 0 0
530 336 0 0
529 336 0 0
528 336 0 0
527 336 0 0
346 336 0 1
345 336 0 1
344 336 0 1
343 336 0 1
342 336 0 1
341 336 0 1
532 335 0 0
531 335 0 0
530 335 0 0
529 335 0 0
528 335 0 0
527 335 0 0
346 335 0 1
345 335 0 1
344 335 0 1
343 335 0 1
342 335 0 1
341 335 0 1
532 334 0 0
531 334 0 0
530 334 0 0
529 334 0 0
528 334 0 0
527 334 0 0
346 334 0 1
345 334 0 1
344 334 0 1
343 334 0 1
342 334 0 1
341 334 0 1
532 333 0 0
531 333 0 0
530 333 0 0
529 333 0 0
528 333 0 0
527 333 0 0
346 333 0 1
345 333 0 1
344 333 0 1
343 333 0 1
342 333 0 1
341 333 0 1
532 332 0 0
531 332 0 0
530 332 0 0
529 332 0 0
528 332 0 0
527 332 0 0
346 332 0 1
345 332 0 1
344 332 0 1
343 332 0 1
342 332 0 1
341 332 0 1
532 331 0 0
531 331 0 0
530 331 0 0
529 331 0 0
528 331 0 0
527 331 0 0
346 331 0 1
345 331 0 1
344 331 0 1
343 331 0 1
342 331 0 1
341 331 0 1
532 330 0 0
531 330 0 0
530 330 0 0
529 330 0 0
528 330 0 0
527 330 0 0
346 330 0 1
345 330 0 1
344 330 0 1
343 330 0 1
342 330 0 1
341 330 0 1
532 329 0 0
531 329 0 0
530 329 0 0
529 329 0 0
528 329 0 0
527 329 0 0
346 329 0 1
345 329 0 1
344 329 0 1
343 329 0 1
342 329 0 1
341 329 0 1
531 328 0 0
530 328 0 0
529 328 0 0
528 328 0 0
346 328 0 1
345 328 0 1
344 328 0 1
343 328 0 1
342 328 0 1
341 328 0 1
530 327 0 0
529 327 0 0
346 327 0 1
345 327 0 1
344 327 0 1
343 327 0 1
342 327 0 1
341 327 0 1
346 326 0 1
345 326 0 1
344 326 0 1
343 326 0 1
342 326 0 1
341 326 0 1
346 325 0 1
345 325 0 1
344 325 0 1
343 325 0 1
342 325 0 1
341 325 0 1
346 324 0 1
345 324 0 1
344 324 0 1
343 324 0 1
342 324 0 1
341 324 0 1
346 323 0 1
345 323 0 1
344 323 0 1
343 323 0 1
342 323 0 1
341 323 0 1
346 322 0 1
345 322 0 1
344 322 0 1
343 322 0 1
342 322 0 1
341 322 0 1
346 321 0 1
345 321 0 1
344 321 0 1
343 321 0 1
342 321 0 1
341 321 0 1
346 320 0 1
345 320 0 1
344 320 0 1
343 320 0 1
342 320 0 1
341 320 0 1
346 319 0 1
345 319 0 1
344 319 0 1
343 319 0 1
342 319 0 1
341 319 0 1
346 318 0 1
345 318 0 1
344 318 0 1
343 318 0 1
342 318 0 1
341 318 0 1
346 317 0 1
345 317 0 1
344 317 0 1
343 317 0 1
342 317 0 1
341 317 0 1
346 316 0 1
345 316 0 1
344 316 0 1
343 316 0 1
342 316 0 1
341 316 0 1
346 315 0 1
345 315 0 1
344 315 0 1
343 315 0 1
342 315 0 1
341 315 0 1
346 314 0 1
345 314 0 1
344 314 0 1
343 314 0 1
342 314 0 1
341 314 0 1
346 313 0 1
345 313 0 1
344 313 0 1
343 313 0 1
342 313 0 1
341 313 0 1
346 312 0 1
345 312 0 1
344 312 0 1
343 312 0 1
342 312 0 1
341 312 0 1
346 311 0 1
345 311 0 1
344 311 0 1
343 311 0 1
342 311 0 1
341 311 0 1
346 310 0 1
345 310 0 1
344 310 0 1
343 310 0 1
342 310 0 1
341 310 0 1
346 309 0 1
345 309 0 1
344 309 0 1
343 309 0 1
342 309 0 1
341 309 0 1
346 308 0 1
345 308 0 1
344 308 0 1
343 308 0 1
342 308 0 1
341 308 0 1
346 307 0 1
345 307 0 1
344 307 0 1
343 307 0 1
342 307 0 1
341 307 0 1
346 306 0 1
345 306 0 1
344 306 0 1
343 306 0 1
342 306 0 1
341 306 0 1
346 305 0 1
345 305 0 1
344 305 0 1
343 305 0 1
342 305 0 1
341 305 0 1
346 304 0 1
345 304 0 1
344 304 0 1
343 304 0 1
342 304 0 1
341 304 0 1
346 303 0 1
345 303 0 1
344 303 0 1
343 303 0 1
342 303 0 1
341 303 0 1
346 302 0 1
345 302 0 1
344 302 0 1
343 302 0 1
342 302 0 1
341 302 0 1
346 301 0 1
345 301 0 1
344 301 0 1
343 301 0 1
342 301 0 1
341 301 0 1
346 300 0 1
345 300 0 1
344 300 0 1
343 300 0 1
342 300 0 1
341 300 0 1
346 299 0 1
345 299 0 1
344 299 0 1
343 299 0 1
342 299 0 1
341 299 0 1
348 298 0 1
347 298 0 1
346 298 0 1
345 298 0 1
344 298 0 1
343 298 0 1
342 298 0 1
348 297 0 1
347 297 0 1
346 297 0 1
345 297 0 1
344 297 0 1
343 297 0 1
342 297 0 1
348 296 0 1
347 296 0 1
346 296 0 1
345 296 0 1
344 296 0 1
343 296 0 1
342 296 0 1
348 295 0 1
347 295 0 1
346 295 0 1
345 295 0 1
344 295 0 1
343 295 0 1
342 295 0 1
348 294 0 1
347 294 0 1
346 294 0 1
345 294 0 1
344 294 0 1
343 294 0 1
342 294 0 1
348 293 0 1
347 293 0 1
346 293 0 1
345 293 0 1
344 293 0 1
343 293 0 1
342 293 0 1
348 292 0 1
347 292 0 1
346 292 0 1
345 292 0 1
344 292 0 1
343 292 0 1
342 292 0 1
348 291 0 1
347 291 0 1
346 291 0 1
345 291 0 1
344 291 0 1
343 291 0 1
342 291 0 1
348 290 0 1
347 290 0 1
346 290 0 1
345 290 0 1
344 290 0 1
343 290 0 1
342 290 0 1
348 289 0 1
347 289 0 1
346 289 0 1
345 289 0 1
344 289 0 1
343 289 0 1
342 289 0 1
348 288 0 1
347 288 0 1
346 288 0 1
345 288 0 1
344 288 0 1
343 288 0 1
342 288 0 1
348 287 0 1
347 287 0 1
346 287 0 1
345 287 0 1
344 287 0 1
343 287 0 1
342 287 0 1
348 286 0 1
347 286 0 1
346 286 0 1
345 286 0 1
344 286 0 1
343 286 0 1
342 286 0 1
348 285 0 1
347 285 0 1
346 285 0 1
345 285 0 1
344 285 0 1
343 285 0 1
342 285 0 1
348 284 0 1
347 284 0 1
346 284 0 1
345 284 0 1
344 284 0 1
343 284 0 1
342 284 0 1
348 283 0 1
347 283 0 1
346 283 0 1
345 283 0 1
344 283 0 1
343 283 0 1
342 283 0 1
348 282 0 1
347 282 0 1
346 282 0 1
345 282 0 1
344 282 0 1
343 282 0 1
342 282 0 1
348 281 0 1
347 281 0 1
346 281 0 1
345 281 0 1
344 281 0 1
343 281 0 1
342 281 0 1
348 280 0 1
347 280 0 1
346 280 0 1
345 280 0 1
344 280 0 1
343 280 0 1
342 280 0 1
348 279 0 1
347 279 0 1
346 279 0 1
345 279 0 1
344 279 0 1
343 279 0 1
342 279 0 1
348 278 0 1
347 278 0 1
346 278 0 1
345 278 0 1
344 278 0 1
343 278 0 1
342 278 0 1
348 277 0 1
347 277 0 1
346 277 0 1
345 277 0 1
344 277 0 1
343 277 0 1
342 277 0 1
348 276 0 1
347 276 0 1
346 276 0 1
345 276 0 1
344 276 0 1
343 276 0 1
342 276 0 1
348 275 0 1
347 275 0 1
346 275 0 1
345 275 0 1
344 275 0 1
343 275 0 1
342 275 0 1
348 274 0 1
347 274 0 1
346 274 0 1
345 274 0 1
344 274 0 1
343 274 0 1
342 274 0 1
348 273 0 1
347 273 0 1
346 273 0 1
345 273 0 1
344 273 0 1
343 273 0 1
342 273 0 1
348 272 0 1
347 272 0 1
346 272 0 1
345 272 0 1
344 272 0 1
343 272 0 1
342 272 0 1
348 271 0 1
347 271 0 1
346 271 0 1
345 271 0 1
344 271 0 1
343 271 0 1
342 271 0 1
348 270 0 1
347 270 0 1
346 270 0 1
345 270 0 1
344 270 0 1
343 270 0 1
342 270 0 1
348 269 0 1
347 269 0 1
346 269 0 1
345 269 0 1
344 269 0 1
343 269 0 1
342 269 0 1
348 268 0 1
347 268 0 1
346 268 0 1
345 268 0 1
344 268 0 1
343 268 0 1
342 268 0 1
348 267 0 1
347 267 0 1
346 267 0 1
345 267 0 1
344 267 0 1
343 267 0 1
342 267 0 1
348 266 0 1
347 266 0 1
346 266 0 1
345 266 0 1
344 266 0 1
343 266 0 1
342 266 0 1
348 265 0 1
347 265 0 1
346 265 0 1
345 265 0 1
344 265 0 1
343 265 0 1
342 265 0 1
348 264 0 1
347 264 0 1
346 264 0 1
345 264 0 1
344 264 0 1
343 264 0 1
342 264 0 1
348 263 0 1
347 263 0 1
346 263 0 1
345 263 0 1
344 263 0 1
343 263 0 1
342 263 0 1
348 262 0 1
347 262 0 1
346 262 0 1
345 262 0 1
344 262 0 1
343 262 0 1
342 262 0 1
348 261 0 1
347 261 0 1
346 261 0 1
345 261 0 1
344 261 0 1
343 261 0 1
342 261 0 1
348 260 0 1
347 260 0 1
346 260 0 1
345 260 0 1
344 260 0 1
343 260 0 1
342 260 0 1
349 259 0 1
348 259 0 1
347 259 0 1
346 259 0 1
345 259 0 1
344 259 0 1
343 259 0 1
342 259 0 1
349 258 0 1
348 258 0 1
347 258 0 1
346 258 0 1
345 258 0 1
344 258 0 1
343 258 0 1
349 257 0 1
348 257 0 1
347 257 0 1
346 257 0 1
345 257 0 1
344 257 0 1
343 257 0 1
349 256 0 1
348 256 0 1
347 256 0 1
346 256 0 1
345 256 0 1
344 256 0 1
343 256 0 1
349 255 0 1
348 255 0 1
347 255 0 1
346 255 0 1
345 255 0 1
344 255 0 1
343 255 0 1
349 254 0 1
348 254 0 1
347 254 0 1
346 254 0 1
345 254 0 1
344 254 0 1
343 254 0 1
349 253 0 1
348 253 0 1
347 253 0 1
346 253 0 1
345 253 0 1
344 253 0 1
343 253 0 1
349 252 0 1
348 252 0 1
347 252 0 1
346 252 0 1
345 252 0 1
344 252 0 1
343 252 0 1
349 251 0 1
348 251 0 1
347 251 0 1
346 251 0 1
345 251 0 1
344 251 0 1
343 251 0 1
349 250 0 1
348 250 0 1
347 250 0 1
346 250 0 1
345 250 0 1
344 250 0 1
343 250 0 1
349 249 0 1
348 249 0 1
347 249 0 1
346 249 0 1
345 249 0 1
344 249 0 1
343 249 0 1
349 248 0 1
348 248 0 1
347 248 0 1
346 248 0 1
345 248 0 1
344 248 0 1
343 248 0 1
349 247 0 1
348 247 0 1
347 247 0 1
346 247 0 1
345 247 0 1
344 247 0 1
343 247 0 1
349 246 0 1
348 246 0 1
347 246 0 1
346 246 0 1
345 246 0 1
344 246 0 1
343 246 0 1
349 245 0 1
348 245 0 1
347 245 0 1
346 245 0 1
345 245 0 1
344 245 0 1
343 245 0 1
349 244 0 1
348 244 0 1
347 244 0 1
346 244 0 1
345 244 0 1
344 244 0 1
343 244 0 1
349 243 0 1
348 243 0 1
347 243 0 1
346 243 0 1
345 243 0 1
344 243 0 1
343 243 0 1
349 242 0 1
348 242 0 1
347 242 0 1
346 242 0 1
345 242 0 1
344 242 0 1
343 242 0 1
349 241 0 1
348 241 0 1
347 241 0 1
346 241 0 1
345 241 0 1
344 241 0 1
343 241 0 1
349 240 0 1
348 240 0 1
347 240 0 1
346 240 0 1
345 240 0 1
344 240 0 1
343 240 0 1
349 239 0 1
348 239 0 1
347 239 0 1
346 239 0 1
345 239 0 1
344 239 0 1
343 239 0 1
349 238 0 1
348 238 0 1
347 238 0 1
346 238 0 1
345 238 0 1
344 238 0 1
343 238 0 1
349 237 0 1
348 237 0 1
347 237 0 1
346 237 0 1
345 237 0 1
344 237 0 1
343 237 0 1
349 236 0 1
348 236 0 1
347 236 0 1
346 236 0 1
345 236 0 1
344 236 0 1
343 236 0 1
349 235 0 1
348 235 0 1
347 235 0 1
346 235 0 1
345 235 0 1
344 235 0 1
343 235 0 1
349 234 0 1
348 234 0 1
347 234 0 1
346 234 0 1
345 234 0 1
344 234 0 1
343 234 0 1
349 233 0 1
348 233 0 1
347 233 0 1
346 233 0 1
345 233 0 1
344 233 0 1
343 233 0 1
349 232 0 1
348 232 0 1
347 232 0 1
346 232 0 1
345 232 0 1
344 232 0 1
343 232 0 1
349 231 0 1
348 231 0 1
347 231 0 1
346 231 0 1
345 231 0 1
344 231 0 1
343 231 0 1
349 230 0 1
348 230 0 1
347 230 0 1
346 230 0 1
345 230 0 1
344 230 0 1
343 230 0 1
349 229 0 1
348 229 0 1
347 229 0 1
346 229 0 1
345 229 0 1
344 229 0 1
343 229 0 1
349 228 0 1
348 228 0 1
347 228 0 1
346 228 0 1
345 228 0 1
344 228 0 1
343 228 0 1
349 227 0 1
348 227 0 1
347 227 0 1
346 227 0 1
345 227 0 1
344 227 0 1
343 227 0 1
349 226 0 1
348 226 0 1
347 226 0 1
346 226 0 1
345 226 0 1
344 226 0 1
343 226 0 1
349 225 0 1
348 225 0 1
347 225 0 1
346 225 0 1
345 225 0 1
344 225 0 1
343 225 0 1
349 224 0 1
348 224 0 1
347 224 0 1
346 224 0 1
345 224 0 1
344 224 0 1
343 224 0 1
349 223 0 1
348 223 0 1
347 223 0 1
346 223 0 1
345 223 0 1
344 223 0 1
343 223 0 1
349 222 0 1
348 222 0 1
347 222 0 1
346 222 0 1
345 222 0 1
344 222 0 1
343 222 0 1
349 221 0 1
348 221 0 1
347 221 0 1
346 221 0 1
345 221 0 1
344 221 0 1
343 221 0 1
100 221 0 0
349 220 0 1
348 220 0 1
347 220 0 1
346 220 0 1
345 220 0 1
344 220 0 1
343 220 0 1
102 220 0 0
101 220 0 0
100 220 0 0
99 220 0 0
350 219 0 1
349 219 0 1
348 219 0 1
347 219 0 1
346 219 0 1
345 219 0 1
103 219 0 0
102 219 0 0
101 219 0 0
100 219 0 0
99 219 0 0
98 219 0 0
350 218 0 1
349 218 0 1
348 218 0 1
347 218 0 1
346 218 0 1
345 218 0 1
103 218 0 0
102 218 0 0
101 218 0 0
100 218 0 0
99 218 0 0
98 218 0 0
350 217 0 1
349 217 0 1
348 217 0 1
347 217 0 1
346 217 0 1
345 217 0 1
103 217 0 0
102 217 0 0
101 217 0 0
100 217 0 0
99 217 0 0
98 217 0 0
350 216 0 1
349 216 0 1
348 216 0 1
347 216 0 1
346 216 0 1
345 216 0 1
103 216 0 0
102 216 0 0
101 216 0 0
100 216 0 0
99 216 0 0
98 216 0 0
350 215 0 1
349 215 0 1
348 215 0 1
347 215 0 1
346 215 0 1
345 215 0 1
104 215 0 0
103 215 0 0
102 215 0 0
101 215 0 0
100 215 0 0
99 215 0 0
350 214 0 1
349 214 0 1
348 214 0 1
347 214 0 1
346 214 0 1
345 214 0 1
104 214 0 0
103 214 0 0
102 214 0 0
101 214 0 0
100 214 0 0
99 214 0 0
350 213 0 1
349 213 0 1
348 213 0 1
347 213 0 1
346 213 0 1
345 213 0 1
104 213 0 0
103 213 0 0
102 213 0 0
101 213 0 0
100 213 0 0
99 213 0 0
350 212 0 1
349 212 0 1
348 212 0 1
347 212 0 1
346 212 0 1
345 212 0 1
104 212 0 0
103 212 0 0
102 212 0 0
101 212 0 0
100 212 0 0
99 212 0 0
350 211 0 1
349 211 0 1
348 211 0 1
347 211 0 1
346 211 0 1
345 211 0 1
106 211 0 0
105 211 0 0
104 211 0 0
103 211 0 0
102 211 0 0
101 211 0 0
100 211 0 0
350 210 0 1
349 210 0 1
348 210 0 1
347 210 0 1
346 210 0 1
345 210 0 1
107 210 0 0
106 210 0 0
105 210 0 0
104 210 0 0
103 210 0 0
102 210 0 0
101 210 0 0
350 209 0 1
349 209 0 1
348 209 0 1
347 209 0 1
346 209 0 1
345 209 0 1
107 209 0 0
106 209 0 0
105 209 0 0
104 209 0 0
103 209 0 0
102 209 0 0
101 209 0 0
350 208 0 1
349 208 0 1
348 208 0 1
347 208 0 1
346 208 0 1
345 208 0 1
107 208 0 0
106 208 0 0
105 208 0 0
104 208 0 0
103 208 0 0
102 208 0 0
101 208 0 0
350 207 0 1
349 207 0 1
348 207 0 1
347 207 0 1
346 207 0 1
345 207 0 1
107 207 0 0
106 207 0 0
105 207 0 0
104 207 0 0
103 207 0 0
102 207 0 0
101 207 0 0
350 206 0 1
349 206 0 1
348 206 0 1
347 206 0 1
346 206 0 1
345 206 0 1
108 206 0 0
107 206 0 0
106 206 0 0
105 206 0 0
104 206 0 0
103 206 0 0
350 205 0 1
349 205 0 1
348 205 0 1
347 205 0 1
346 205 0 1
345 205 0 1
108 205 0 0
107 205 0 0
106 205 0 0
105 205 0 0
104 205 0 0
103 205 0 0
350 204 0 1
349 204 0 1
348 204 0 1
347 204 0 1
346 204 0 1
345 204 0 1
108 204 0 0
107 204 0 0
106 204 0 0
105 204 0 0
104 204 0 0
103 204 0 0
350 203 0 1
349 203 0 1
348 203 0 1
347 203 0 1
346 203 0 1
345 203 0 1
110 203 0 0
109 203 0 0
108 203 0 0
107 203 0 0
106 203 0 0
105 203 0 0
104 203 0 0
350 202 0 1
349 202 0 1
348 202 0 1
347 202 0 1
346 202 0 1
345 202 0 1
110 202 0 0
109 202 0 0
108 202 0 0
107 202 0 0
106 202 0 0
105 202 0 0
104 202 0 0
350 201 0 1
349 201 0 1
348 201 0 1
347 201 0 1
346 201 0 1
345 201 0 1
110 201 0 0
109 201 0 0
108 201 0 0
107 201 0 0
106 201 0 0
105 201 0 0
104 201 0 0
350 200 0 1
349 200 0 1
348 200 0 1
347 200 0 1
346 200 0 1
345 200 0 1
110 200 0 0
109 200 0 0
108 200 0 0
107 200 0 0
106 200 0 0
105 200 0 0
104 200 0 0
350 199 0 1
349 199 0 1
348 199 0 1
347 199 0 1
346 199 0 1
345 199 0 1
111 199 0 0
110 199 0 0
109 199 0 0
108 199 0 0
107 199 0 0
106 199 0 0
105 199 0 0
350 198 0 1
349 198 0 1
348 198 0 1
347 198 0 1
346 198 0 1
345 198 0 1
111 198 0 0
110 198 0 0
109 198 0 0
108 198 0 0
107 198 0 0
106 198 0 0
105 198 0 0
350 197 0 1
349 197 0 1
348 197 0 1
347 197 0 1
346 197 0 1
345 197 0 1
112 197 0 0
111 197 0 0
110 197 0 0
109 197 0 0
108 197 0 0
107 197 0 0
350 196 0 1
349 196 0 1
348 196 0 1
347 196 0 1
346 196 0 1
345 196 0 1
112 196 0 0
111 196 0 0
110 196 0 0
109 196 0 0
108 196 0 0
107 196 0 0
350 195 0 1
349 195 0 1
348 195 0 1
347 195 0 1
346 195 0 1
345 195 0 1
112 195 0 0
111 195 0 0
110 195 0 0
109 195 0 0
108 195 0 0
107 195 0 0
350 194 0 1
349 194 0 1
348 194 0 1
347 194 0 1
346 194 0 1
345 194 0 1
113 194 0 0
112 194 0 0
111 194 0 0
110 194 0 0
109 194 0 0
108 194 0 0
350 193 0 1
349 193 0 1
348 193 0 1
347 193 0 1
346 193 0 1
345 193 0 1
113 193 0 0
112 193 0 0
111 193 0 0
110 193 0 0
109 193 0 0
108 193 0 0
350 192 0 1
349 192 0 1
348 192 0 1
347 192 0 1
346 192 0 1
345 192 0 1
113 192 0 0
112 192 0 0
111 192 0 0
110 192 0 0
109 192 0 0
108 192 0 0
350 191 0 1
349 191 0 1
348 191 0 1
347 191 0 1
346 191 0 1
345 191 0 1
113 191 0 0
112 191 0 0
111 191 0 0
110 191 0 0
109 191 0 0
108 191 0 0
350 190 0 1
349 190 0 1
348 190 0 1
347 190 0 1
346 190 0 1
345 190 0 1
115 190 0 0
114 190 0 0
113 190 0 0
112 190 0 0
111 190 0 0
110 190 0 0
109 190 0 0
350 189 0 1
349 189 0 1
348 189 0 1
347 189 0 1
346 189 0 1
345 189 0 1
115 189 0 0
114 189 0 0
113 189 0 0
112 189 0 0
111 189 0 0
110 189 0 0
109 189 0 0
571 188 0 0
570 188 0 0
350 188 0 1
349 188 0 1
348 188 0 1
347 188 0 1
346 188 0 1
345 188 0 1
116 188 0 0
115 188 0 0
114 188 0 0
113 188 0 0
112 188 0 0
111 188 0 0
571 187 0 0
570 187 0 0
350 187 0 1
349 187 0 1
348 187 0 1
347 187 0 1
346 187 0 1
345 187 0 1
116 187 0 0
115 187 0 0
114 187 0 0
113 187 0 0
112 187 0 0
111 187 0 0
573 186 0 0
572 186 0 0
571 186 0 0
570 186 0 0
569 186 0 0
568 186 0 0
350 186 0 1
349 186 0 1
348 186 0 1
347 186 0 1
346 186 0 1
345 186 0 1
116 186 0 0
115 186 0 0
114 186 0 0
113 186 0 0
112 186 0 0
111 186 0 0
574 185 0 0
573 185 0 0
572 185 0 0
571 185 0 0
570 185 0 0
569 185 0 0
568 185 0 0
567 185 0 0
566 185 0 0
350 185 0 1
349 185 0 1
348 185 0 1
347 185 0 1
346 185 0 1
345 185 0 1
116 185 0 0
115 185 0 0
114 185 0 0
113 185 0 0
112 185 0 0
111 185 0 0
573 184 0 0
572 184 0 0
571 184 0 0
570 184 0 0
569 184 0 0
568 184 0 0
567 184 0 0
566 184 0 0
565 184 0 0
350 184 0 1
349 184 0 1
348 184 0 1
347 184 0 1
346 184 0 1
345 184 0 1
117 184 0 0
116 184 0 0
115 184 0 0
114 184 0 0
113 184 0 0
112 184 0 0
573 183 0 0
572 183 0 0
571 183 0 0
570 183 0 0
569 183 0 0
568 183 0 0
567 183 0 0
566 183 0 0
565 183 0 0
350 183 0 1
349 183 0 1
348 183 0 1
347 183 0 1
346 183 0 1
345 183 0 1
117 183 0 0
116 183 0 0
115 183 0 0
114 183 0 0
113 183 0 0
112 183 0 0
571 182 0 0
570 182 0 0
569 182 0 0
568 182 0 0
567 182 0 0
566 182 0 0
565 182 0 0
564 182 0 0
563 182 0 0
350 182 0 1
349 182 0 1
348 182 0 1
347 182 0 1
346 182 0 1
345 182 0 1
117 182 0 0
116 182 0 0
115 182 0 0
114 182 0 0
113 182 0 0
112 182 0 0
569 181 0 0
568 181 0 0
567 181 0 0
566 181 0 0
565 181 0 0
564 181 0 0
563 181 0 0
562 181 0 0
350 181 0 1
349 181 0 1
348 181 0 1
347 181 0 1
346 181 0 1
345 181 0 1
119 181 0 0
118 181 0 0
117 181 0 0
116 181 0 0
115 181 0 0
114 181 0 0
113 181 0 0
567 180 0 0
566 180 0 0
565 180 0 0
564 180 0 0
563 180 0 0
562 180 0 0
561 180 0 0
350 180 0 1
349 180 0 1
348 180 0 1
347 180 0 1
346 180 0 1
345 180 0 1
119 180 0 0
118 180 0 0
117 180 0 0
116 180 0 0
115 180 0 0
114 180 0 0
113 180 0 0
566 179 0 0
565 179 0 0
564 179 0 0
563 179 0 0
562 179 0 0
561 179 0 0
560 179 0 0
559 179 0 0
352 179 0 1
351 179 0 1
350 179 0 1
349 179 0 1
348 179 0 1
347 179 0 1
346 179 0 1
120 179 0 0
119 179 0 0
118 179 0 0
117 179 0 0
116 179 0 0
115 179 0 0
114 179 0 0
566 178 0 0
565 178 0 0
564 178 0 0
563 178 0 0
562 178 0 0
561 178 0 0
560 178 0 0
559 178 0 0
352 178 0 1
351 178 0 1
350 178 0 1
349 178 0 1
348 178 0 1
347 178 0 1
346 178 0 1
120 178 0 0
119 178 0 0
118 178 0 0
117 178 0 0
116 178 0 0
115 178 0 0
114 178 0 0
565 177 0 0
564 177 0 0
563 177 0 0
562 177 0 0
561 177 0 0
560 177 0 0
559 177 0 0
558 177 0 0
557 177 0 0
352 177 0 1
351 177 0 1
350 177 0 1
349 177 0 1
348 177 0 1
347 177 0 1
346 177 0 1
120 177 0 0
119 177 0 0
118 177 0 0
117 177 0 0
116 177 0 0
115 177 0 0
114 177 0 0
562 176 0 0
561 176 0 0
560 176 0 0
559 176 0 0
558 176 0 0
557 176 0 0
556 176 0 0
555 176 0 0
352 176 0 1
351 176 0 1
350 176 0 1
349 176 0 1
348 176 0 1
347 176 0 1
346 176 0 1
121 176 0 0
120 176 0 0
119 176 0 0
118 176 0 0
117 176 0 0
116 176 0 0
561 175 0 0
560 175 0 0
559 175 0 0
558 175 0 0
557 175 0 0
556 175 0 0
555 175 0 0
554 175 0 0
352 175 0 1
351 175 0 1
350 175 0 1
349 175 0 1
348 175 0 1
347 175 0 1
346 175 0 1
121 175 0 0
120 175 0 0
119 175 0 0
118 175 0 0
117 175 0 0
116 175 0 0
561 174 0 0
560 174 0 0
559 174 0 0
558 174 0 0
557 174 0 0
556 174 0 0
555 174 0 0
554 174 0 0
352 174 0 1
351 174 0 1
350 174 0 1
349 174 0 1
348 174 0 1
347 174 0 1
346 174 0 1
121 174 0 0
120 174 0 0
119 174 0 0
118 174 0 0
117 174 0 0
116 174 0 0
560 173 0 0
559 173 0 0
558 173 0 0
557 173 0 0
556 173 0 0
555 173 0 0
554 173 0 0
553 173 0 0
352 173 0 1
351 173 0 1
350 173 0 1
349 173 0 1
348 173 0 1
347 173 0 1
346 173 0 1
121 173 0 0
120 173 0 0
119 173 0 0
118 173 0 0
117 173 0 0
116 173 0 0
558 172 0 0
557 172 0 0
556 172 0 0
555 172 0 0
554 172 0 0
553 172 0 0
552 172 0 0
350 172 0 1
349 172 0 1
348 172 0 1
347 172 0 1
123 172 0 0
122 172 0 0
121 172 0 0
120 172 0 0
119 172 0 0
118 172 0 0
117 172 0 0
557 171 0 0
556 171 0 0
555 171 0 0
554 171 0 0
553 171 0 0
552 171 0 0
551 171 0 0
550 171 0 0
349 171 0 1
123 171 0 0
122 171 0 0
121 171 0 0
120 171 0 0
119 171 0 0
118 171 0 0
117 171 0 0
557 170 0 0
556 170 0 0
555 170 0 0
554 170 0 0
553 170 0 0
552 170 0 0
551 170 0 0
550 170 0 0
349 170 0 1
123 170 0 0
122 170 0 0
121 170 0 0
120 170 0 0
119 170 0 0
118 170 0 0
117 170 0 0
556 169 0 0
555 169 0 0
554 169 0 0
553 169 0 0
552 169 0 0
551 169 0 0
550 169 0 0
549 169 0 0
123 169 0 0
122 169 0 0
121 169 0 0
120 169 0 0
119 169 0 0
118 169 0 0
117 169 0 0
554 168 0 0
553 168 0 0
552 168 0 0
551 168 0 0
550 168 0 0
549 168 0 0
548 168 0 0
124 168 0 0
123 168 0 0
122 168 0 0
121 168 0 0
120 168 0 0
119 168 0 0
118 168 0 0
553 167 0 0
552 167 0 0
551 167 0 0
550 167 0 0
549 167 0 0
548 167 0 0
547 167 0 0
546 167 0 0
545 167 0 0
125 167 0 0
124 167 0 0
123 167 0 0
122 167 0 0
121 167 0 0
120 167 0 0
119 167 0 0
118 167 0 0
551 166 0 0
550 166 0 0
549 166 0 0
548 166 0 0
547 166 0 0
546 166 0 0
545 166 0 0
544 166 0 0
125 166 0 0
124 166 0 0
123 166 0 0
122 166 0 0
121 166 0 0
120 166 0 0
551 165 0 0
550 165 0 0
549 165 0 0
548 165 0 0
547 165 0 0
546 165 0 0
545 165 0 0
544 165 0 0
125 165 0 0
124 165 0 0
123 165 0 0
122 165 0 0
121 165 0 0
120 165 0 0
549 164 0 0
548 164 0 0
547 164 0 0
546 164 0 0
545 164 0 0
544 164 0 0
543 164 0 0
542 164 0 0
125 164 0 0
124 164 0 0
123 164 0 0
122 164 0 0
121 164 0 0
120 164 0 0
548 163 0 0
547 163 0 0
546 163 0 0
545 163 0 0
544 163 0 0
543 163 0 0
542 163 0 0
541 163 0 0
126 163 0 0
125 163 0 0
124 163 0 0
123 163 0 0
122 163 0 0
121 163 0 0
547 162 0 0
546 162 0 0
545 162 0 0
544 162 0 0
543 162 0 0
542 162 0 0
541 162 0 0
540 162 0 0
126 162 0 0
125 162 0 0
124 162 0 0
123 162 0 0
122 162 0 0
121 162 0 0
547 161 0 0
546 161 0 0
545 161 0 0
544 161 0 0
543 161 0 0
542 161 0 0
541 161 0 0
540 161 0 0
126 161 0 0
125 161 0 0
124 161 0 0
123 161 0 0
122 161 0 0
121 161 0 0
545 160 0 0
544 160 0 0
543 160 0 0
542 160 0 0
541 160 0 0
540 160 0 0
539 160 0 0
128 160 0 0
127 160 0 0
126 160 0 0
125 160 0 0
124 160 0 0
123 160 0 0
122 160 0 0
544 159 0 0
543 159 0 0
542 159 0 0
541 159 0 0
540 159 0 0
539 159 0 0
538 159 0 0
537 159 0 0
128 159 0 0
127 159 0 0
126 159 0 0
125 159 0 0
124 159 0 0
123 159 0 0
122 159 0 0
543 158 0 0
542 158 0 0
541 158 0 0
540 158 0 0
539 158 0 0
538 158 0 0
537 158 0 0
536 158 0 0
128 158 0 0
127 158 0 0
126 158 0 0
125 158 0 0
124 158 0 0
123 158 0 0
122 158 0 0
543 157 0 0
542 157 0 0
541 157 0 0
540 157 0 0
539 157 0 0
538 157 0 0
537 157 0 0
536 157 0 0
128 157 0 0
127 157 0 0
126 157 0 0
125 157 0 0
124 157 0 0
123 157 0 0
122 157 0 0
541 156 0 0
540 156 0 0
539 156 0 0
538 156 0 0
537 156 0 0
536 156 0 0
535 156 0 0
129 156 0 0
128 156 0 0
127 156 0 0
126 156 0 0
125 156 0 0
124 156 0 0
540 155 0 0
539 155 0 0
538 155 0 0
537 155 0 0
536 155 0 0
535 155 0 0
534 155 0 0
533 155 0 0
129 155 0 0
128 155 0 0
127 155 0 0
126 155 0 0
125 155 0 0
124 155 0 0
539 154 0 0
538 154 0 0
537 154 0 0
536 154 0 0
535 154 0 0
534 154 0 0
533 154 0 0
532 154 0 0
531 154 0 0
130 154 0 0
129 154 0 0
128 154 0 0
127 154 0 0
126 154 0 0
125 154 0 0
539 153 0 0
538 153 0 0
537 153 0 0
536 153 0 0
535 153 0 0
534 153 0 0
533 153 0 0
532 153 0 0
531 153 0 0
130 153 0 0
129 153 0 0
128 153 0 0
127 153 0 0
126 153 0 0
125 153 0 0
536 152 0 0
535 152 0 0
534 152 0 0
533 152 0 0
532 152 0 0
531 152 0 0
530 152 0 0
529 152 0 0
130 152 0 0
129 152 0 0
128 152 0 0
127 152 0 0
126 152 0 0
125 152 0 0
535 151 0 0
534 151 0 0
533 151 0 0
532 151 0 0
531 151 0 0
530 151 0 0
529 151 0 0
528 151 0 0
132 151 0 0
131 151 0 0
130 151 0 0
129 151 0 0
128 151 0 0
127 151 0 0
126 151 0 0
125 151 0 0
534 150 0 0
533 150 0 0
532 150 0 0
531 150 0 0
530 150 0 0
529 150 0 0
528 150 0 0
527 150 0 0
132 150 0 0
131 150 0 0
130 150 0 0
129 150 0 0
128 150 0 0
127 150 0 0
126 150 0 0
532 149 0 0
531 149 0 0
530 149 0 0
529 149 0 0
528 149 0 0
527 149 0 0
526 149 0 0
132 149 0 0
131 149 0 0
130 149 0 0
129 149 0 0
128 149 0 0
127 149 0 0
126 149 0 0
532 148 0 0
531 148 0 0
530 148 0 0
529 148 0 0
528 148 0 0
527 148 0 0
526 148 0 0
132 148 0 0
131 148 0 0
130 148 0 0
129 148 0 0
128 148 0 0
127 148 0 0
126 148 0 0
531 147 0 0
530 147 0 0
529 147 0 0
528 147 0 0
527 147 0 0
526 147 0 0
525 147 0 0
524 147 0 0
133 147 0 0
132 147 0 0
131 147 0 0
130 147 0 0
129 147 0 0
128 147 0 0
127 147 0 0
530 146 0 0
529 146 0 0
528 146 0 0
527 146 0 0
526 146 0 0
525 146 0 0
524 146 0 0
523 146 0 0
133 146 0 0
132 146 0 0
131 146 0 0
130 146 0 0
129 146 0 0
128 146 0 0
127 146 0 0
528 145 0 0
527 145 0 0
526 145 0 0
525 145 0 0
524 145 0 0
523 145 0 0
522 145 0 0
134 145 0 0
133 145 0 0
132 145 0 0
131 145 0 0
130 145 0 0
129 145 0 0
528 144 0 0
527 144 0 0
526 144 0 0
525 144 0 0
524 144 0 0
523 144 0 0
522 144 0 0
134 144 0 0
133 144 0 0
132 144 0 0
131 144 0 0
130 144 0 0
129 144 0 0
527 143 0 0
526 143 0 0
525 143 0 0
524 143 0 0
523 143 0 0
522 143 0 0
521 143 0 0
520 143 0 0
519 143 0 0
134 143 0 0
133 143 0 0
132 143 0 0
131 143 0 0
130 143 0 0
129 143 0 0
525 142 0 0
524 142 0 0
523 142 0 0
522 142 0 0
521 142 0 0
520 142 0 0
519 142 0 0
518 142 0 0
134 142 0 0
133 142 0 0
132 142 0 0
131 142 0 0
130 142 0 0
129 142 0 0
523 141 0 0
522 141 0 0
521 141 0 0
520 141 0 0
519 141 0 0
518 141 0 0
517 141 0 0
516 141 0 0
136 141 0 0
135 141 0 0
134 141 0 0
133 141 0 0
132 141 0 0
131 141 0 0
130 141 0 0
523 140 0 0
522 140 0 0
521 140 0 0
520 140 0 0
519 140 0 0
518 140 0 0
517 140 0 0
516 140 0 0
136 140 0 0
135 140 0 0
134 140 0 0
133 140 0 0
132 140 0 0
131 140 0 0
130 140 0 0
522 139 0 0
521 139 0 0
520 139 0 0
519 139 0 0
518 139 0 0
517 139 0 0
516 139 0 0
515 139 0 0
136 139 0 0
135 139 0 0
134 139 0 0
133 139 0 0
132 139 0 0
131 139 0 0
130 139 0 0
521 138 0 0
520 138 0 0
519 138 0 0
518 138 0 0
517 138 0 0
516 138 0 0
515 138 0 0
514 138 0 0
137 138 0 0
136 138 0 0
135 138 0 0
134 138 0 0
133 138 0 0
132 138 0 0
131 138 0 0
519 137 0 0
518 137 0 0
517 137 0 0
516 137 0 0
515 137 0 0
514 137 0 0
513 137 0 0
137 137 0 0
136 137 0 0
135 137 0 0
134 137 0 0
133 137 0 0
132 137 0 0
131 137 0 0
518 136 0 0
517 136 0 0
516 136 0 0
515 136 0 0
514 136 0 0
513 136 0 0
512 136 0 0
511 136 0 0
138 136 0 0
137 136 0 0
136 136 0 0
135 136 0 0
134 136 0 0
133 136 0 0
132 136 0 0
131 136 0 0
518 135 0 0
517 135 0 0
516 135 0 0
515 135 0 0
514 135 0 0
513 135 0 0
512 135 0 0
511 135 0 0
138 135 0 0
137 135 0 0
136 135 0 0
135 135 0 0
134 135 0 0
133 135 0 0
132 135 0 0
131 135 0 0
517 134 0 0
516 134 0 0
515 134 0 0
514 134 0 0
513 134 0 0
512 134 0 0
511 134 0 0
510 134 0 0
138 134 0 0
137 134 0 0
136 134 0 0
135 134 0 0
134 134 0 0
133 134 0 0
515 133 0 0
514 133 0 0
513 133 0 0
512 133 0 0
511 133 0 0
510 133 0 0
509 133 0 0
139 133 0 0
138 133 0 0
137 133 0 0
136 133 0 0
135 133 0 0
134 133 0 0
513 132 0 0
512 132 0 0
511 132 0 0
510 132 0 0
509 132 0 0
508 132 0 0
507 132 0 0
139 132 0 0
138 132 0 0
137 132 0 0
136 132 0 0
135 132 0 0
134 132 0 0
513 131 0 0
512 131 0 0
511 131 0 0
510 131 0 0
509 131 0 0
508 131 0 0
507 131 0 0
139 131 0 0
138 131 0 0
137 131 0 0
136 131 0 0
135 131 0 0
134 131 0 0
512 130 0 0
511 130 0 0
510 130 0 0
509 130 0 0
508 130 0 0
507 130 0 0
506 130 0 0
505 130 0 0
139 130 0 0
138 130 0 0
137 130 0 0
136 130 0 0
135 130 0 0
134 130 0 0
510 129 0 0
509 129 0 0
508 129 0 0
507 129 0 0
506 129 0 0
505 129 0 0
504 129 0 0
503 129 0 0
141 129 0 0
140 129 0 0
139 129 0 0
138 129 0 0
137 129 0 0
136 129 0 0
135 129 0 0
509 128 0 0
508 128 0 0
507 128 0 0
506 128 0 0
505 128 0 0
504 128 0 0
503 128 0 0
502 128 0 0
141 128 0 0
140 128 0 0
139 128 0 0
138 128 0 0
137 128 0 0
136 128 0 0
135 128 0 0
509 127 0 0
508 127 0 0
507 127 0 0
506 127 0 0
505 127 0 0
504 127 0 0
503 127 0 0
502 127 0 0
141 127 0 0
140 127 0 0
139 127 0 0
138 127 0 0
137 127 0 0
136 127 0 0
135 127 0 0
508 126 0 0
507 126 0 0
506 126 0 0
505 126 0 0
504 126 0 0
503 126 0 0
502 126 0 0
501 126 0 0
141 126 0 0
140 126 0 0
139 126 0 0
138 126 0 0
137 126 0 0
136 126 0 0
135 126 0 0
506 125 0 0
505 125 0 0
504 125 0 0
503 125 0 0
502 125 0 0
501 125 0 0
500 125 0 0
142 125 0 0
141 125 0 0
140 125 0 0
139 125 0 0
138 125 0 0
137 125 0 0
505 124 0 0
504 124 0 0
503 124 0 0
502 124 0 0
501 124 0 0
500 124 0 0
499 124 0 0
498 124 0 0
142 124 0 0
141 124 0 0
140 124 0 0
139 124 0 0
138 124 0 0
137 124 0 0
504 123 0 0
503 123 0 0
502 123 0 0
501 123 0 0
500 123 0 0
499 123 0 0
498 123 0 0
497 123 0 0
143 123 0 0
142 123 0 0
141 123 0 0
140 123 0 0
139 123 0 0
138 123 0 0
504 122 0 0
503 122 0 0
502 122 0 0
501 122 0 0
500 122 0 0
499 122 0 0
498 122 0 0
497 122 0 0
143 122 0 0
142 122 0 0
141 122 0 0
140 122 0 0
139 122 0 0
138 122 0 0
502 121 0 0
501 121 0 0
500 121 0 0
499 121 0 0
498 121 0 0
497 121 0 0
496 121 0 0
143 121 0 0
142 121 0 0
141 121 0 0
140 121 0 0
139 121 0 0
138 121 0 0
501 120 0 0
500 120 0 0
499 120 0 0
498 120 0 0
497 120 0 0
496 120 0 0
495 120 0 0
494 120 0 0
493 120 0 0
145 120 0 0
144 120 0 0
143 120 0 0
142 120 0 0
141 120 0 0
140 120 0 0
139 120 0 0
499 119 0 0
498 119 0 0
497 119 0 0
496 119 0 0
495 119 0 0
494 119 0 0
493 119 0 0
492 119 0 0
145 119 0 0
144 119 0 0
143 119 0 0
142 119 0 0
141 119 0 0
140 119 0 0
139 119 0 0
499 118 0 0
498 118 0 0
497 118 0 0
496 118 0 0
495 118 0 0
494 118 0 0
493 118 0 0
492 118 0 0
145 118 0 0
144 118 0 0
143 118 0 0
142 118 0 0
141 118 0 0
140 118 0 0
139 118 0 0
497 117 0 0
496 117 0 0
495 117 0 0
494 117 0 0
493 117 0 0
492 117 0 0
491 117 0 0
490 117 0 0
146 117 0 0
145 117 0 0
144 117 0 0
143 117 0 0
142 117 0 0
141 117 0 0
140 117 0 0
496 116 0 0
495 116 0 0
494 116 0 0
493 116 0 0
492 116 0 0
491 116 0 0
490 116 0 0
489 116 0 0
146 116 0 0
145 116 0 0
144 116 0 0
143 116 0 0
142 116 0 0
141 116 0 0
140 116 0 0
495 115 0 0
494 115 0 0
493 115 0 0
492 115 0 0
491 115 0 0
490 115 0 0
489 115 0 0
488 115 0 0
146 115 0 0
145 115 0 0
144 115 0 0
143 115 0 0
142 115 0 0
141 115 0 0
140 115 0 0
495 114 0 0
494 114 0 0
493 114 0 0
492 114 0 0
491 114 0 0
490 114 0 0
489 114 0 0
488 114 0 0
146 114 0 0
145 114 0 0
144 114 0 0
143 114 0 0
142 114 0 0
141 114 0 0
140 114 0 0
493 113 0 0
492 113 0 0
491 113 0 0
490 113 0 0
489 113 0 0
488 113 0 0
487 113 0 0
147 113 0 0
146 113 0 0
145 113 0 0
144 113 0 0
143 113 0 0
142 113 0 0
492 112 0 0
491 112 0 0
490 112 0 0
489 112 0 0
488 112 0 0
487 112 0 0
486 112 0 0
485 112 0 0
147 112 0 0
146 112 0 0
145 112 0 0
144 112 0 0
143 112 0 0
142 112 0 0
491 111 0 0
490 111 0 0
489 111 0 0
488 111 0 0
487 111 0 0
486 111 0 0
485 111 0 0
484 111 0 0
149 111 0 0
148 111 0 0
147 111 0 0
146 111 0 0
145 111 0 0
144 111 0 0
143 111 0 0
489 110 0 0
488 110 0 0
487 110 0 0
486 110 0 0
485 110 0 0
484 110 0 0
483 110 0 0
482 110 0 0
481 110 0 0
149 110 0 0
148 110 0 0
147 110 0 0
146 110 0 0
145 110 0 0
144 110 0 0
143 110 0 0
489 109 0 0
488 109 0 0
487 109 0 0
486 109 0 0
485 109 0 0
484 109 0 0
483 109 0 0
482 109 0 0
481 109 0 0
149 109 0 0
148 109 0 0
147 109 0 0
146 109 0 0
145 109 0 0
144 109 0 0
143 109 0 0
487 108 0 0
486 108 0 0
485 108 0 0
484 108 0 0
483 108 0 0
482 108 0 0
481 108 0 0
480 108 0 0
149 108 0 0
148 108 0 0
147 108 0 0
146 108 0 0
145 108 0 0
144 108 0 0
143 108 0 0
486 107 0 0
485 107 0 0
484 107 0 0
483 107 0 0
482 107 0 0
481 107 0 0
480 107 0 0
479 107 0 0
150 107 0 0
149 107 0 0
148 107 0 0
147 107 0 0
146 107 0 0
145 107 0 0
144 107 0 0
484 106 0 0
483 106 0 0
482 106 0 0
481 106 0 0
480 106 0 0
479 106 0 0
478 106 0 0
477 106 0 0
150 106 0 0
149 106 0 0
148 106 0 0
147 106 0 0
146 106 0 0
145 106 0 0
144 106 0 0
484 105 0 0
483 105 0 0
482 105 0 0
481 105 0 0
480 105 0 0
479 105 0 0
478 105 0 0
477 105 0 0
150 105 0 0
149 105 0 0
148 105 0 0
147 105 0 0
146 105 0 0
145 105 0 0
144 105 0 0
483 104 0 0
482 104 0 0
481 104 0 0
480 104 0 0
479 104 0 0
478 104 0 0
477 104 0 0
476 104 0 0
151 104 0 0
150 104 0 0
149 104 0 0
148 104 0 0
147 104 0 0
146 104 0 0
482 103 0 0
481 103 0 0
480 103 0 0
479 103 0 0
478 103 0 0
477 103 0 0
476 103 0 0
475 103 0 0
151 103 0 0
150 103 0 0
149 103 0 0
148 103 0 0
147 103 0 0
146 103 0 0
480 102 0 0
479 102 0 0
478 102 0 0
477 102 0 0
476 102 0 0
475 102 0 0
474 102 0 0
473 102 0 0
152 102 0 0
151 102 0 0
150 102 0 0
149 102 0 0
148 102 0 0
147 102 0 0
480 101 0 0
479 101 0 0
478 101 0 0
477 101 0 0
476 101 0 0
475 101 0 0
474 101 0 0
473 101 0 0
152 101 0 0
151 101 0 0
150 101 0 0
149 101 0 0
148 101 0 0
147 101 0 0
479 100 0 0
478 100 0 0
477 100 0 0
476 100 0 0
475 100 0 0
474 100 0 0
473 100 0 0
472 100 0 0
152 100 0 0
151 100 0 0
150 100 0 0
149 100 0 0
148 100 0 0
147 100 0 0
478 99 0 0
477 99 0 0
476 99 0 0
475 99 0 0
474 99 0 0
473 99 0 0
472 99 0 0
471 99 0 0
152 99 0 0
151 99 0 0
150 99 0 0
149 99 0 0
148 99 0 0
147 99 0 0
476 98 0 0
475 98 0 0
474 98 0 0
473 98 0 0
472 98 0 0
471 98 0 0
470 98 0 0
154 98 0 0
153 98 0 0
152 98 0 0
151 98 0 0
150 98 0 0
149 98 0 0
148 98 0 0
475 97 0 0
474 97 0 0
473 97 0 0
472 97 0 0
471 97 0 0
470 97 0 0
469 97 0 0
468 97 0 0
467 97 0 0
154 97 0 0
153 97 0 0
152 97 0 0
151 97 0 0
150 97 0 0
149 97 0 0
148 97 0 0
475 96 0 0
474 96 0 0
473 96 0 0
472 96 0 0
471 96 0 0
470 96 0 0
469 96 0 0
468 96 0 0
467 96 0 0
154 96 0 0
153 96 0 0
152 96 0 0
151 96 0 0
150 96 0 0
149 96 0 0
148 96 0 0
472 95 0 0
471 95 0 0
470 95 0 0
469 95 0 0
468 95 0 0
467 95 0 0
466 95 0 0
155 95 0 0
154 95 0 0
153 95 0 0
152 95 0 0
151 95 0 0
150 95 0 0
471 94 0 0
470 94 0 0
469 94 0 0
468 94 0 0
467 94 0 0
466 94 0 0
465 94 0 0
464 94 0 0
155 94 0 0
154 94 0 0
153 94 0 0
152 94 0 0
151 94 0 0
150 94 0 0
470 93 0 0
469 93 0 0
468 93 0 0
467 93 0 0
466 93 0 0
465 93 0 0
464 93 0 0
463 93 0 0
155 93 0 0
154 93 0 0
153 93 0 0
152 93 0 0
151 93 0 0
150 93 0 0
470 92 0 0
469 92 0 0
468 92 0 0
467 92 0 0
466 92 0 0
465 92 0 0
464 92 0 0
463 92 0 0
155 92 0 0
154 92 0 0
153 92 0 0
152 92 0 0
151 92 0 0
150 92 0 0
469 91 0 0
468 91 0 0
467 91 0 0
466 91 0 0
465 91 0 0
464 91 0 0
463 91 0 0
462 91 0 0
156 91 0 0
155 91 0 0
154 91 0 0
153 91 0 0
152 91 0 0
151 91 0 0
467 90 0 0
466 90 0 0
465 90 0 0
464 90 0 0
463 90 0 0
462 90 0 0
461 90 0 0
460 90 0 0
158 90 0 0
157 90 0 0
156 90 0 0
155 90 0 0
154 90 0 0
153 90 0 0
152 90 0 0
466 89 0 0
465 89 0 0
464 89 0 0
463 89 0 0
462 89 0 0
461 89 0 0
460 89 0 0
459 89 0 0
158 89 0 0
157 89 0 0
156 89 0 0
155 89 0 0
154 89 0 0
153 89 0 0
152 89 0 0
466 88 0 0
465 88 0 0
464 88 0 0
463 88 0 0
462 88 0 0
461 88 0 0
460 88 0 0
459 88 0 0
158 88 0 0
157 88 0 0
156 88 0 0
155 88 0 0
154 88 0 0
153 88 0 0
152 88 0 0
465 87 0 0
464 87 0 0
463 87 0 0
462 87 0 0
461 87 0 0
460 87 0 0
459 87 0 0
458 87 0 0
158 87 0 0
157 87 0 0
156 87 0 0
155 87 0 0
154 87 0 0
153 87 0 0
152 87 0 0
463 86 0 0
462 86 0 0
461 86 0 0
460 86 0 0
459 86 0 0
458 86 0 0
457 86 0 0
456 86 0 0
455 86 0 0
159 86 0 0
158 86 0 0
157 86 0 0
156 86 0 0
155 86 0 0
154 86 0 0
153 86 0 0
461 85 0 0
460 85 0 0
459 85 0 0
458 85 0 0
457 85 0 0
456 85 0 0
455 85 0 0
454 85 0 0
159 85 0 0
158 85 0 0
157 85 0 0
156 85 0 0
155 85 0 0
154 85 0 0
153 85 0 0
459 84 0 0
458 84 0 0
457 84 0 0
456 84 0 0
455 84 0 0
454 84 0 0
453 84 0 0
160 84 0 0
159 84 0 0
158 84 0 0
157 84 0 0
156 84 0 0
155 84 0 0
459 83 0 0
458 83 0 0
457 83 0 0
456 83 0 0
455 83 0 0
454 83 0 0
453 83 0 0
160 83 0 0
159 83 0 0
158 83 0 0
157 83 0 0
156 83 0 0
155 83 0 0
458 82 0 0
457 82 0 0
456 82 0 0
455 82 0 0
454 82 0 0
453 82 0 0
452 82 0 0
451 82 0 0
160 82 0 0
159 82 0 0
158 82 0 0
157 82 0 0
156 82 0 0
155 82 0 0
457 81 0 0
456 81 0 0
455 81 0 0
454 81 0 0
453 81 0 0
452 81 0 0
451 81 0 0
450 81 0 0
449 81 0 0
162 81 0 0
161 81 0 0
160 81 0 0
159 81 0 0
158 81 0 0
157 81 0 0
156 81 0 0
456 80 0 0
455 80 0 0
454 80 0 0
453 80 0 0
452 80 0 0
451 80 0 0
450 80 0 0
449 80 0 0
448 80 0 0
447 80 0 0
163 80 0 0
162 80 0 0
161 80 0 0
160 80 0 0
159 80 0 0
158 80 0 0
157 80 0 0
456 79 0 0
455 79 0 0
454 79 0 0
453 79 0 0
452 79 0 0
451 79 0 0
450 79 0 0
449 79 0 0
448 79 0 0
447 79 0 0
163 79 0 0
162 79 0 0
161 79 0 0
160 79 0 0
159 79 0 0
158 79 0 0
157 79 0 0
454 78 0 0
453 78 0 0
452 78 0 0
451 78 0 0
450 78 0 0
449 78 0 0
448 78 0 0
447 78 0 0
446 78 0 0
163 78 0 0
162 78 0 0
161 78 0 0
160 78 0 0
159 78 0 0
158 78 0 0
157 78 0 0
453 77 0 0
452 77 0 0
451 77 0 0
450 77 0 0
449 77 0 0
448 77 0 0
447 77 0 0
446 77 0 0
445 77 0 0
164 77 0 0
163 77 0 0
162 77 0 0
161 77 0 0
160 77 0 0
159 77 0 0
450 76 0 0
449 76 0 0
448 76 0 0
447 76 0 0
446 76 0 0
163 76 0 0
162 76 0 0
161 76 0 0
160 76 0 0
450 75 0 0
449 75 0 0
448 75 0 0
447 75 0 0
446 75 0 0
163 75 0 0
162 75 0 0
161 75 0 0
160 75 0 0
448 74 0 0
447 74 0 0
162 74 0 0
161 74 0 0
