2476 450 600
345 486 0 0
345 485 0 0
346 484 0 0
345 484 0 0
344 484 0 0
348 483 0 0
347 483 0 0
346 483 0 0
345 483 0 0
344 483 0 0
343 483 0 0
342 483 0 0
349 482 0 0
348 482 0 0
347 482 0 0
346 482 0 0
345 482 0 0
344 482 0 0
349 481 0 0
348 481 0 0
347 481 0 0
346 481 0 0
345 481 0 0
344 481 0 0
349 480 0 0
348 480 0 0
347 480 0 0
346 480 0 0
345 480 0 0
344 480 0 0
350 479 0 0
349 479 0 0
348 479 0 0
347 479 0 0
346 479 0 0
345 479 0 0
351 478 0 0
350 478 0 0
349 478 0 0
348 478 0 0
347 478 0 0
346 478 0 0
351 477 0 0
350 477 0 0
349 477 0 0
348 477 0 0
347 477 0 0
346 477 0 0
352 476 0 0
351 476 0 0
350 476 0 0
349 476 0 0
348 476 0 0
347 476 0 0
352 475 0 0
351 475 0 0
350 475 0 0
349 475 0 0
348 475 0 0
347 475 0 0
352 474 0 0
351 474 0 0
350 474 0 0
349 474 0 0
348 474 0 0
347 474 0 0
354 473 0 0
353 473 0 0
352 473 0 0
351 473 0 0
350 473 0 0
349 473 0 0
355 472 0 0
354 472 0 0
353 472 0 0
352 472 0 0
351 472 0 0
350 472 0 0
349 472 0 0
355 471 0 0
354 471 0 0
353 471 0 0
352 471 0 0
351 471 0 0
350 471 0 0
356 470 0 0
355 470 0 0
354 470 0 0
353 470 0 0
352 470 0 0
351 470 0 0
356 469 0 0
355 469 0 0
354 469 0 0
353 469 0 0
352 469 0 0
351 469 0 0
356 468 0 0
355 468 0 0
354 468 0 0
353 468 0 0
352 468 0 0
351 468 0 0
357 467 0 0
356 467 0 0
355 467 0 0
354 467 0 0
353 467 0 0
352 467 0 0
357 466 0 0
356 466 0 0
355 466 0 0
354 466 0 0
353 466 0 0
352 466 0 0
359 465 0 0
358 465 0 0
357 465 0 0
356 465 0 0
355 465 0 0
354 465 0 0
353 465 0 0
360 464 0 0
359 464 0 0
358 464 0 0
357 464 0 0
356 464 0 0
355 464 0 0
354 464 0 0
353 464 0 0
360 463 0 0
359 463 0 0
358 463 0 0
357 463 0 0
356 463 0 0
355 463 0 0
354 463 0 0
353 463 0 0
360 462 0 0
359 462 0 0
358 462 0 0
357 462 0 0
356 462 0 0
355 462 0 0
361 461 0 0
360 461 0 0
359 461 0 0
358 461 0 0
357 461 0 0
356 461 0 0
361 460 0 0
360 460 0 0
359 460 0 0
358 460 0 0
357 460 0 0
356 460 0 0
362 459 0 0
361 459 0 0
360 459 0 0
359 459 0 0
358 459 0 0
357 459 0 0
362 458 0 0
361 458 0 0
360 458 0 0
359 458 0 0
358 458 0 0
357 458 0 0
362 457 0 0
361 457 0 0
360 457 0 0
359 457 0 0
358 457 0 0
357 457 0 0
363 456 0 0
362 456 0 0
361 456 0 0
360 456 0 0
359 456 0 0
358 456 0 0
365 455 0 0
364 455 0 0
363 455 0 0
362 455 0 0
361 455 0 0
360 455 0 0
365 454 0 0
364 454 0 0
363 454 0 0
362 454 0 0
361 454 0 0
360 454 0 0
366 453 0 0
365 453 0 0
364 453 0 0
363 453 0 0
362 453 0 0
361 453 0 0
366 452 0 0
365 452 0 0
364 452 0 0
363 452 0 0
362 452 0 0
361 452 0 0
366 451 0 0
365 451 0 0
364 451 0 0
363 451 0 0
362 451 0 0
361 451 0 0
367 450 0 0
366 450 0 0
365 450 0 0
364 450 0 0
363 450 0 0
362 450 0 0
368 449 0 0
367 449 0 0
366 449 0 0
365 449 0 0
364 449 0 0
363 449 0 0
362 449 0 0
368 448 0 0
367 448 0 0
366 448 0 0
365 448 0 0
364 448 0 0
363 448 0 0
370 447 0 0
369 447 0 0
368 447 0 0
367 447 0 0
366 447 0 0
365 447 0 0
364 447 0 0
370 446 0 0
369 446 0 0
368 446 0 0
367 446 0 0
366 446 0 0
365 446 0 0
364 446 0 0
370 445 0 0
369 445 0 0
368 445 0 0
367 445 0 0
366 445 0 0
365 445 0 0
364 445 0 0
371 444 0 0
370 444 0 0
369 444 0 0
368 444 0 0
367 444 0 0
366 444 0 0
371 443 0 0
370 443 0 0
369 443 0 0
368 443 0 0
367 443 0 0
366 443 0 0
372 442 0 0
371 442 0 0
370 442 0 0
369 442 0 0
368 442 0 0
367 442 0 0
372 441 0 0
371 441 0 0
370 441 0 0
369 441 0 0
368 441 0 0
367 441 0 0
373 440 0 0
372 440 0 0
371 440 0 0
370 440 0 0
369 440 0 0
368 440 0 0
367 440 0 0
373 439 0 0
372 439 0 0
371 439 0 0
370 439 0 0
369 439 0 0
368 439 0 0
374 438 0 0
373 438 0 0
372 438 0 0
371 438 0 0
370 438 0 0
369 438 0 0
374 437 0 0
373 437 0 0
372 437 0 0
371 437 0 0
370 437 0 0
369 437 0 0
374 436 0 0
373 436 0 0
372 436 0 0
371 436 0 0
370 436 0 0
369 436 0 0
374 435 0 0
373 435 0 0
372 435 0 0
371 435 0 0
370 435 0 0
369 435 0 0
376 434 0 0
375 434 0 0
374 434 0 0
373 434 0 0
372 434 0 0
371 434 0 0
377 433 0 0
376 433 0 0
375 433 0 0
374 433 0 0
373 433 0 0
372 433 0 0
371 433 0 0
377 432 0 0
376 432 0 0
375 432 0 0
374 432 0 0
373 432 0 0
372 432 0 0
378 431 0 0
377 431 0 0
376 431 0 0
375 431 0 0
374 431 0 0
373 431 0 0
378 430 0 0
377 430 0 0
376 430 0 0
375 430 0 0
374 430 0 0
373 430 0 0
378 429 0 0
377 429 0 0
376 429 0 0
375 429 0 0
374 429 0 0
373 429 0 0
377 428 0 0
376 428 0 0
375 428 0 0
374 428 0 0
376 427 0 0
375 427 0 0
219 287 0 1
220 286 0 1
219 286 0 1
218 286 0 1
220 285 0 1
219 285 0 1
218 285 0 1
222 284 0 1
221 284 0 1
220 284 0 1
219 284 0 1
218 284 0 1
217 284 0 1
216 284 0 1
222 283 0 1
221 283 0 1
220 283 0 1
219 283 0 1
218 283 0 1
217 283 0 1
216 283 0 1
215 283 0 1
220 282 0 1
219 282 0 1
218 282 0 1
217 282 0 1
216 282 0 1
215 282 0 1
220 281 0 1
219 281 0 1
218 281 0 1
217 281 0 1
216 281 0 1
215 281 0 1
220 280 0 1
219 280 0 1
218 280 0 1
217 280 0 1
216 280 0 1
215 280 0 1
220 279 0 1
219 279 0 1
218 279 0 1
217 279 0 1
216 279 0 1
215 279 0 1
220 278 0 1
219 278 0 1
218 278 0 1
217 278 0 1
216 278 0 1
215 278 0 1
220 277 0 1
219 277 0 1
218 277 0 1
217 277 0 1
216 277 0 1
215 277 0 1
220 276 0 1
219 276 0 1
218 276 0 1
217 276 0 1
216 276 0 1
215 276 0 1
220 275 0 1
219 275 0 1
218 275 0 1
217 275 0 1
216 275 0 1
215 275 0 1
220 274 0 1
219 274 0 1
218 274 0 1
217 274 0 1
216 274 0 1
215 274 0 1
220 273 0 1
219 273 0 1
218 273 0 1
217 273 0 1
216 273 0 1
215 273 0 1
222 272 0 1
221 272 0 1
220 272 0 1
219 272 0 1
218 272 0 1
217 272 0 1
216 272 0 1
222 271 0 1
221 271 0 1
220 271 0 1
219 271 0 1
218 271 0 1
217 271 0 1
216 271 0 1
222 270 0 1
221 270 0 1
220 270 0 1
219 270 0 1
218 270 0 1
217 270 0 1
216 270 0 1
222 269 0 1
221 269 0 1
220 269 0 1
219 269 0 1
218 269 0 1
217 269 0 1
216 269 0 1
222 268 0 1
221 268 0 1
220 268 0 1
219 268 0 1
218 268 0 1
217 268 0 1
216 268 0 1
222 267 0 1
221 267 0 1
220 267 0 1
219 267 0 1
218 267 0 1
217 267 0 1
216 267 0 1
222 266 0 1
221 266 0 1
220 266 0 1
219 266 0 1
218 266 0 1
217 266 0 1
216 266 0 1
222 265 0 1
221 265 0 1
220 265 0 1
219 265 0 1
218 265 0 1
217 265 0 1
216 265 0 1
222 264 0 1
221 264 0 1
220 264 0 1
219 264 0 1
218 264 0 1
217 264 0 1
216 264 0 1
222 263 0 1
221 263 0 1
220 263 0 1
219 263 0 1
218 263 0 1
217 263 0 1
216 263 0 1
222 262 0 1
221 262 0 1
220 262 0 1
219 262 0 1
218 262 0 1
217 262 0 1
216 262 0 1
222 261 0 1
221 261 0 1
220 261 0 1
219 261 0 1
218 261 0 1
217 261 0 1
216 261 0 1
222 260 0 1
221 260 0 1
220 260 0 1
219 260 0 1
218 260 0 1
217 260 0 1
216 260 0 1
222 259 0 1
221 259 0 1
220 259 0 1
219 259 0 1
218 259 0 1
217 259 0 1
216 259 0 1
222 258 0 1
221 258 0 1
220 258 0 1
219 258 0 1
218 258 0 1
217 258 0 1
216 258 0 1
222 257 0 1
221 257 0 1
220 257 0 1
219 257 0 1
218 257 0 1
217 257 0 1
216 257 0 1
222 256 0 1
221 256 0 1
220 256 0 1
219 256 0 1
218 256 0 1
217 256 0 1
216 256 0 1
222 255 0 1
221 255 0 1
220 255 0 1
219 255 0 1
218 255 0 1
217 255 0 1
216 255 0 1
222 254 0 1
221 254 0 1
220 254 0 1
219 254 0 1
218 254 0 1
217 254 0 1
216 254 0 1
223 253 0 1
222 253 0 1
221 253 0 1
220 253 0 1
219 253 0 1
218 253 0 1
223 252 0 1
222 252 0 1
221 252 0 1
220 252 0 1
219 252 0 1
218 252 0 1
223 251 0 1
222 251 0 1
221 251 0 1
220 251 0 1
219 251 0 1
218 251 0 1
223 250 0 1
222 250 0 1
221 250 0 1
220 250 0 1
219 250 0 1
218 250 0 1
223 249 0 1
222 249 0 1
221 249 0 1
220 249 0 1
219 249 0 1
218 249 0 1
223 248 0 1
222 248 0 1
221 248 0 1
220 248 0 1
219 248 0 1
218 248 0 1
223 247 0 1
222 247 0 1
221 247 0 1
220 247 0 1
219 247 0 1
218 247 0 1
223 246 0 1
222 246 0 1
221 246 0 1
220 246 0 1
219 246 0 1
218 246 0 1
223 245 0 1
222 245 0 1
221 245 0 1
220 245 0 1
219 245 0 1
218 245 0 1
223 244 0 1
222 244 0 1
221 244 0 1
220 244 0 1
219 244 0 1
218 244 0 1
223 243 0 1
222 243 0 1
221 243 0 1
220 243 0 1
219 243 0 1
218 243 0 1
223 242 0 1
222 242 0 1
221 242 0 1
220 242 0 1
219 242 0 1
218 242 0 1
223 241 0 1
222 241 0 1
221 241 0 1
220 241 0 1
219 241 0 1
218 241 0 1
223 240 0 1
222 240 0 1
221 240 0 1
220 240 0 1
219 240 0 1
218 240 0 1
223 239 0 1
222 239 0 1
221 239 0 1
220 239 0 1
219 239 0 1
218 239 0 1
223 238 0 1
222 238 0 1
221 238 0 1
220 238 0 1
219 238 0 1
218 238 0 1
223 237 0 1
222 237 0 1
221 237 0 1
220 237 0 1
219 237 0 1
218 237 0 1
223 236 0 1
222 236 0 1
221 236 0 1
220 236 0 1
219 236 0 1
218 236 0 1
223 235 0 1
222 235 0 1
221 235 0 1
220 235 0 1
219 235 0 1
218 235 0 1
224 234 0 1
223 234 0 1
222 234 0 1
221 234 0 1
220 234 0 1
219 234 0 1
218 234 0 1
224 233 0 1
223 233 0 1
222 233 0 1
221 233 0 1
220 233 0 1
219 233 0 1
224 232 0 1
223 232 0 1
222 232 0 1
221 232 0 1
220 232 0 1
219 232 0 1
224 231 0 1
223 231 0 1
222 231 0 1
221 231 0 1
220 231 0 1
219 231 0 1
224 230 0 1
223 230 0 1
222 230 0 1
221 230 0 1
220 230 0 1
219 230 0 1
224 229 0 1
223 229 0 1
222 229 0 1
221 229 0 1
220 229 0 1
219 229 0 1
224 228 0 1
223 228 0 1
222 228 0 1
221 228 0 1
220 228 0 1
219 228 0 1
224 227 0 1
223 227 0 1
222 227 0 1
221 227 0 1
220 227 0 1
219 227 0 1
224 226 0 1
223 226 0 1
222 226 0 1
221 226 0 1
220 226 0 1
219 226 0 1
224 225 0 1
223 225 0 1
222 225 0 1
221 225 0 1
220 225 0 1
219 225 0 1
224 224 0 1
223 224 0 1
222 224 0 1
221 224 0 1
220 224 0 1
219 224 0 1
224 223 0 1
223 223 0 1
222 223 0 1
221 223 0 1
220 223 0 1
219 223 0 1
123 223 0 0
122 223 0 0
224 222 0 1
223 222 0 1
222 222 0 1
221 222 0 1
220 222 0 1
219 222 0 1
124 222 0 0
123 222 0 0
122 222 0 0
121 222 0 0
224 221 0 1
223 221 0 1
222 221 0 1
221 221 0 1
220 221 0 1
219 221 0 1
125 221 0 0
124 221 0 0
123 221 0 0
122 221 0 0
121 221 0 0
120 221 0 0
224 220 0 1
223 220 0 1
222 220 0 1
221 220 0 1
220 220 0 1
219 220 0 1
125 220 0 0
124 220 0 0
123 220 0 0
122 220 0 0
121 220 0 0
120 220 0 0
224 219 0 1
223 219 0 1
222 219 0 1
221 219 0 1
220 219 0 1
219 219 0 1
126 219 0 0
125 219 0 0
124 219 0 0
123 219 0 0
122 219 0 0
121 219 0 0
224 218 0 1
223 218 0 1
222 218 0 1
221 218 0 1
220 218 0 1
219 218 0 1
126 218 0 0
125 218 0 0
124 218 0 0
123 218 0 0
122 218 0 0
121 218 0 0
394 217 0 0
393 217 0 0
224 217 0 1
223 217 0 1
222 217 0 1
221 217 0 1
220 217 0 1
219 217 0 1
126 217 0 0
125 217 0 0
124 217 0 0
123 217 0 0
122 217 0 0
121 217 0 0
395 216 0 0
394 216 0 0
393 216 0 0
392 216 0 0
391 216 0 0
224 216 0 1
223 216 0 1
222 216 0 1
221 216 0 1
220 216 0 1
219 216 0 1
126 216 0 0
125 216 0 0
124 216 0 0
123 216 0 0
122 216 0 0
121 216 0 0
396 215 0 0
395 215 0 0
394 215 0 0
393 215 0 0
392 215 0 0
391 215 0 0
390 215 0 0
225 215 0 1
224 215 0 1
223 215 0 1
222 215 0 1
221 215 0 1
220 215 0 1
127 215 0 0
126 215 0 0
125 215 0 0
124 215 0 0
123 215 0 0
122 215 0 0
395 214 0 0
394 214 0 0
393 214 0 0
392 214 0 0
391 214 0 0
390 214 0 0
389 214 0 0
225 214 0 1
224 214 0 1
223 214 0 1
222 214 0 1
221 214 0 1
220 214 0 1
127 214 0 0
126 214 0 0
125 214 0 0
124 214 0 0
123 214 0 0
122 214 0 0
395 213 0 0
394 213 0 0
393 213 0 0
392 213 0 0
391 213 0 0
390 213 0 0
389 213 0 0
225 213 0 1
224 213 0 1
223 213 0 1
222 213 0 1
221 213 0 1
220 213 0 1
127 213 0 0
126 213 0 0
125 213 0 0
124 213 0 0
123 213 0 0
122 213 0 0
394 212 0 0
393 212 0 0
392 212 0 0
391 212 0 0
390 212 0 0
389 212 0 0
388 212 0 0
225 212 0 1
224 212 0 1
223 212 0 1
222 212 0 1
221 212 0 1
220 212 0 1
129 212 0 0
128 212 0 0
127 212 0 0
126 212 0 0
125 212 0 0
124 212 0 0
123 212 0 0
122 212 0 0
392 211 0 0
391 211 0 0
390 211 0 0
389 211 0 0
388 211 0 0
387 211 0 0
386 211 0 0
225 211 0 1
224 211 0 1
223 211 0 1
222 211 0 1
221 211 0 1
220 211 0 1
129 211 0 0
128 211 0 0
127 211 0 0
126 211 0 0
125 211 0 0
124 211 0 0
392 210 0 0
391 210 0 0
390 210 0 0
389 210 0 0
388 210 0 0
387 210 0 0
386 210 0 0
385 210 0 0
225 210 0 1
224 210 0 1
223 210 0 1
222 210 0 1
221 210 0 1
220 210 0 1
129 210 0 0
128 210 0 0
127 210 0 0
126 210 0 0
125 210 0 0
124 210 0 0
390 209 0 0
389 209 0 0
388 209 0 0
387 209 0 0
386 209 0 0
385 209 0 0
384 209 0 0
225 209 0 1
224 209 0 1
223 209 0 1
222 209 0 1
221 209 0 1
220 209 0 1
130 209 0 0
129 209 0 0
128 209 0 0
127 209 0 0
126 209 0 0
125 209 0 0
389 208 0 0
388 208 0 0
387 208 0 0
386 208 0 0
385 208 0 0
384 208 0 0
383 208 0 0
225 208 0 1
224 208 0 1
223 208 0 1
222 208 0 1
221 208 0 1
220 208 0 1
130 208 0 0
129 208 0 0
128 208 0 0
127 208 0 0
126 208 0 0
125 208 0 0
389 207 0 0
388 207 0 0
387 207 0 0
386 207 0 0
385 207 0 0
384 207 0 0
383 207 0 0
225 207 0 1
224 207 0 1
223 207 0 1
222 207 0 1
221 207 0 1
220 207 0 1
130 207 0 0
129 207 0 0
128 207 0 0
127 207 0 0
126 207 0 0
125 207 0 0
388 206 0 0
387 206 0 0
386 206 0 0
385 206 0 0
384 206 0 0
383 206 0 0
382 206 0 0
225 206 0 1
224 206 0 1
223 206 0 1
222 206 0 1
221 206 0 1
220 206 0 1
130 206 0 0
129 206 0 0
128 206 0 0
127 206 0 0
126 206 0 0
125 206 0 0
387 205 0 0
386 205 0 0
385 205 0 0
384 205 0 0
383 205 0 0
382 205 0 0
381 205 0 0
380 205 0 0
225 205 0 1
224 205 0 1
223 205 0 1
222 205 0 1
221 205 0 1
220 205 0 1
131 205 0 0
130 205 0 0
129 205 0 0
128 205 0 0
127 205 0 0
126 205 0 0
385 204 0 0
384 204 0 0
383 204 0 0
382 204 0 0
381 204 0 0
380 204 0 0
379 204 0 0
225 204 0 1
224 204 0 1
223 204 0 1
222 204 0 1
221 204 0 1
220 204 0 1
131 204 0 0
130 204 0 0
129 204 0 0
128 204 0 0
127 204 0 0
126 204 0 0
384 203 0 0
383 203 0 0
382 203 0 0
381 203 0 0
380 203 0 0
379 203 0 0
378 203 0 0
225 203 0 1
224 203 0 1
223 203 0 1
222 203 0 1
221 203 0 1
220 203 0 1
131 203 0 0
130 203 0 0
129 203 0 0
128 203 0 0
127 203 0 0
126 203 0 0
384 202 0 0
383 202 0 0
382 202 0 0
381 202 0 0
380 202 0 0
379 202 0 0
378 202 0 0
225 202 0 1
224 202 0 1
223 202 0 1
222 202 0 1
221 202 0 1
220 202 0 1
131 202 0 0
130 202 0 0
129 202 0 0
128 202 0 0
127 202 0 0
126 202 0 0
383 201 0 0
382 201 0 0
381 201 0 0
380 201 0 0
379 201 0 0
378 201 0 0
377 201 0 0
225 201 0 1
224 201 0 1
223 201 0 1
222 201 0 1
221 201 0 1
220 201 0 1
132 201 0 0
131 201 0 0
130 201 0 0
129 201 0 0
128 201 0 0
127 201 0 0
382 200 0 0
381 200 0 0
380 200 0 0
379 200 0 0
378 200 0 0
377 200 0 0
376 200 0 0
375 200 0 0
225 200 0 1
224 200 0 1
223 200 0 1
222 200 0 1
221 200 0 1
220 200 0 1
132 200 0 0
131 200 0 0
130 200 0 0
129 200 0 0
128 200 0 0
127 200 0 0
381 199 0 0
380 199 0 0
379 199 0 0
378 199 0 0
377 199 0 0
376 199 0 0
375 199 0 0
374 199 0 0
225 199 0 1
224 199 0 1
223 199 0 1
222 199 0 1
221 199 0 1
220 199 0 1
132 199 0 0
131 199 0 0
130 199 0 0
129 199 0 0
128 199 0 0
127 199 0 0
379 198 0 0
378 198 0 0
377 198 0 0
376 198 0 0
375 198 0 0
374 198 0 0
373 198 0 0
225 198 0 1
224 198 0 1
223 198 0 1
222 198 0 1
221 198 0 1
220 198 0 1
134 198 0 0
133 198 0 0
132 198 0 0
131 198 0 0
130 198 0 0
129 198 0 0
128 198 0 0
378 197 0 0
377 197 0 0
376 197 0 0
375 197 0 0
374 197 0 0
373 197 0 0
225 197 0 1
224 197 0 1
223 197 0 1
222 197 0 1
221 197 0 1
220 197 0 1
135 197 0 0
134 197 0 0
133 197 0 0
132 197 0 0
131 197 0 0
130 197 0 0
129 197 0 0
128 197 0 0
378 196 0 0
377 196 0 0
376 196 0 0
375 196 0 0
374 196 0 0
373 196 0 0
225 196 0 1
224 196 0 1
223 196 0 1
222 196 0 1
221 196 0 1
220 196 0 1
135 196 0 0
134 196 0 0
133 196 0 0
132 196 0 0
131 196 0 0
130 196 0 0
129 196 0 0
128 196 0 0
377 195 0 0
376 195 0 0
375 195 0 0
374 195 0 0
373 195 0 0
372 195 0 0
226 195 0 1
225 195 0 1
224 195 0 1
223 195 0 1
222 195 0 1
221 195 0 1
135 195 0 0
134 195 0 0
133 195 0 0
132 195 0 0
131 195 0 0
130 195 0 0
376 194 0 0
375 194 0 0
374 194 0 0
373 194 0 0
372 194 0 0
371 194 0 0
370 194 0 0
369 194 0 0
226 194 0 1
225 194 0 1
224 194 0 1
223 194 0 1
222 194 0 1
221 194 0 1
135 194 0 0
134 194 0 0
133 194 0 0
132 194 0 0
131 194 0 0
130 194 0 0
374 193 0 0
373 193 0 0
372 193 0 0
371 193 0 0
370 193 0 0
369 193 0 0
368 193 0 0
226 193 0 1
225 193 0 1
224 193 0 1
223 193 0 1
222 193 0 1
221 193 0 1
136 193 0 0
135 193 0 0
134 193 0 0
133 193 0 0
132 193 0 0
131 193 0 0
373 192 0 0
372 192 0 0
371 192 0 0
370 192 0 0
369 192 0 0
368 192 0 0
367 192 0 0
226 192 0 1
225 192 0 1
224 192 0 1
223 192 0 1
222 192 0 1
221 192 0 1
136 192 0 0
135 192 0 0
134 192 0 0
133 192 0 0
132 192 0 0
131 192 0 0
373 191 0 0
372 191 0 0
371 191 0 0
370 191 0 0
369 191 0 0
368 191 0 0
367 191 0 0
226 191 0 1
225 191 0 1
224 191 0 1
223 191 0 1
222 191 0 1
221 191 0 1
136 191 0 0
135 191 0 0
134 191 0 0
133 191 0 0
132 191 0 0
131 191 0 0
372 190 0 0
371 190 0 0
370 190 0 0
369 190 0 0
368 190 0 0
367 190 0 0
226 190 0 1
225 190 0 1
224 190 0 1
223 190 0 1
222 190 0 1
221 190 0 1
136 190 0 0
135 190 0 0
134 190 0 0
133 190 0 0
132 190 0 0
131 190 0 0
371 189 0 0
370 189 0 0
369 189 0 0
368 189 0 0
367 189 0 0
366 189 0 0
226 189 0 1
225 189 0 1
224 189 0 1
223 189 0 1
222 189 0 1
221 189 0 1
137 189 0 0
136 189 0 0
135 189 0 0
134 189 0 0
133 189 0 0
132 189 0 0
370 188 0 0
369 188 0 0
368 188 0 0
367 188 0 0
366 188 0 0
365 188 0 0
364 188 0 0
226 188 0 1
225 188 0 1
224 188 0 1
223 188 0 1
222 188 0 1
221 188 0 1
137 188 0 0
136 188 0 0
135 188 0 0
134 188 0 0
133 188 0 0
132 188 0 0
368 187 0 0
367 187 0 0
366 187 0 0
365 187 0 0
364 187 0 0
363 187 0 0
226 187 0 1
225 187 0 1
224 187 0 1
223 187 0 1
222 187 0 1
221 187 0 1
137 187 0 0
136 187 0 0
135 187 0 0
134 187 0 0
133 187 0 0
132 187 0 0
367 186 0 0
366 186 0 0
365 186 0 0
364 186 0 0
363 186 0 0
362 186 0 0
226 186 0 1
225 186 0 1
224 186 0 1
223 186 0 1
222 186 0 1
221 186 0 1
138 186 0 0
137 186 0 0
136 186 0 0
135 186 0 0
134 186 0 0
133 186 0 0
367 185 0 0
366 185 0 0
365 185 0 0
364 185 0 0
363 185 0 0
362 185 0 0
226 185 0 1
225 185 0 1
224 185 0 1
223 185 0 1
222 185 0 1
221 185 0 1
138 185 0 0
137 185 0 0
136 185 0 0
135 185 0 0
134 185 0 0
133 185 0 0
367 184 0 0
366 184 0 0
365 184 0 0
364 184 0 0
363 184 0 0
362 184 0 0
361 184 0 0
226 184 0 1
225 184 0 1
224 184 0 1
223 184 0 1
222 184 0 1
221 184 0 1
138 184 0 0
137 184 0 0
136 184 0 0
135 184 0 0
134 184 0 0
133 184 0 0
366 183 0 0
365 183 0 0
364 183 0 0
363 183 0 0
362 183 0 0
361 183 0 0
360 183 0 0
226 183 0 1
225 183 0 1
224 183 0 1
223 183 0 1
222 183 0 1
221 183 0 1
138 183 0 0
137 183 0 0
136 183 0 0
135 183 0 0
134 183 0 0
133 183 0 0
365 182 0 0
364 182 0 0
363 182 0 0
362 182 0 0
361 182 0 0
360 182 0 0
359 182 0 0
358 182 0 0
226 182 0 1
225 182 0 1
224 182 0 1
223 182 0 1
222 182 0 1
221 182 0 1
140 182 0 0
139 182 0 0
138 182 0 0
137 182 0 0
136 182 0 0
135 182 0 0
363 181 0 0
362 181 0 0
361 181 0 0
360 181 0 0
359 181 0 0
358 181 0 0
357 181 0 0
226 181 0 1
225 181 0 1
224 181 0 1
223 181 0 1
222 181 0 1
221 181 0 1
140 181 0 0
139 181 0 0
138 181 0 0
137 181 0 0
136 181 0 0
135 181 0 0
363 180 0 0
362 180 0 0
361 180 0 0
360 180 0 0
359 180 0 0
358 180 0 0
357 180 0 0
226 180 0 1
225 180 0 1
224 180 0 1
223 180 0 1
222 180 0 1
221 180 0 1
140 180 0 0
139 180 0 0
138 180 0 0
137 180 0 0
136 180 0 0
135 180 0 0
362 179 0 0
361 179 0 0
360 179 0 0
359 179 0 0
358 179 0 0
357 179 0 0
356 179 0 0
225 179 0 1
224 179 0 1
223 179 0 1
141 179 0 0
140 179 0 0
139 179 0 0
138 179 0 0
137 179 0 0
136 179 0 0
361 178 0 0
360 178 0 0
359 178 0 0
358 178 0 0
357 178 0 0
356 178 0 0
355 178 0 0
224 178 0 1
141 178 0 0
140 178 0 0
139 178 0 0
138 178 0 0
137 178 0 0
136 178 0 0
360 177 0 0
359 177 0 0
358 177 0 0
357 177 0 0
356 177 0 0
355 177 0 0
354 177 0 0
353 177 0 0
141 177 0 0
140 177 0 0
139 177 0 0
138 177 0 0
137 177 0 0
136 177 0 0
359 176 0 0
358 176 0 0
357 176 0 0
356 176 0 0
355 176 0 0
354 176 0 0
353 176 0 0
352 176 0 0
142 176 0 0
141 176 0 0
140 176 0 0
139 176 0 0
138 176 0 0
137 176 0 0
357 175 0 0
356 175 0 0
355 175 0 0
354 175 0 0
353 175 0 0
352 175 0 0
351 175 0 0
142 175 0 0
141 175 0 0
140 175 0 0
139 175 0 0
138 175 0 0
137 175 0 0
357 174 0 0
356 174 0 0
355 174 0 0
354 174 0 0
353 174 0 0
352 174 0 0
351 174 0 0
142 174 0 0
141 174 0 0
140 174 0 0
139 174 0 0
138 174 0 0
137 174 0 0
356 173 0 0
355 173 0 0
354 173 0 0
353 173 0 0
352 173 0 0
351 173 0 0
350 173 0 0
142 173 0 0
141 173 0 0
140 173 0 0
139 173 0 0
138 173 0 0
137 173 0 0
355 172 0 0
354 172 0 0
353 172 0 0
352 172 0 0
351 172 0 0
350 172 0 0
349 172 0 0
143 172 0 0
142 172 0 0
141 172 0 0
140 172 0 0
139 172 0 0
138 172 0 0
354 171 0 0
353 171 0 0
352 171 0 0
351 171 0 0
350 171 0 0
349 171 0 0
143 171 0 0
142 171 0 0
141 171 0 0
140 171 0 0
139 171 0 0
138 171 0 0
352 170 0 0
351 170 0 0
350 170 0 0
349 170 0 0
348 170 0 0
347 170 0 0
143 170 0 0
142 170 0 0
141 170 0 0
140 170 0 0
139 170 0 0
138 170 0 0
351 169 0 0
350 169 0 0
349 169 0 0
348 169 0 0
347 169 0 0
346 169 0 0
145 169 0 0
144 169 0 0
143 169 0 0
142 169 0 0
141 169 0 0
140 169 0 0
139 169 0 0
351 168 0 0
350 168 0 0
349 168 0 0
348 168 0 0
347 168 0 0
346 168 0 0
145 168 0 0
144 168 0 0
143 168 0 0
142 168 0 0
141 168 0 0
140 168 0 0
139 168 0 0
350 167 0 0
349 167 0 0
348 167 0 0
347 167 0 0
346 167 0 0
345 167 0 0
145 167 0 0
144 167 0 0
143 167 0 0
142 167 0 0
141 167 0 0
140 167 0 0
139 167 0 0
349 166 0 0
348 166 0 0
347 166 0 0
346 166 0 0
345 166 0 0
344 166 0 0
145 166 0 0
144 166 0 0
143 166 0 0
142 166 0 0
141 166 0 0
140 166 0 0
139 166 0 0
348 165 0 0
347 165 0 0
346 165 0 0
345 165 0 0
344 165 0 0
343 165 0 0
342 165 0 0
146 165 0 0
145 165 0 0
144 165 0 0
143 165 0 0
142 165 0 0
141 165 0 0
346 164 0 0
345 164 0 0
344 164 0 0
343 164 0 0
342 164 0 0
341 164 0 0
146 164 0 0
145 164 0 0
144 164 0 0
143 164 0 0
142 164 0 0
141 164 0 0
346 163 0 0
345 163 0 0
344 163 0 0
343 163 0 0
342 163 0 0
341 163 0 0
146 163 0 0
145 163 0 0
144 163 0 0
143 163 0 0
142 163 0 0
141 163 0 0
345 162 0 0
344 162 0 0
343 162 0 0
342 162 0 0
341 162 0 0
340 162 0 0
147 162 0 0
146 162 0 0
145 162 0 0
144 162 0 0
143 162 0 0
142 162 0 0
344 161 0 0
343 161 0 0
342 161 0 0
341 161 0 0
340 161 0 0
339 161 0 0
147 161 0 0
146 161 0 0
145 161 0 0
144 161 0 0
143 161 0 0
142 161 0 0
343 160 0 0
342 160 0 0
341 160 0 0
340 160 0 0
339 160 0 0
338 160 0 0
337 160 0 0
147 160 0 0
146 160 0 0
145 160 0 0
144 160 0 0
143 160 0 0
142 160 0 0
341 159 0 0
340 159 0 0
339 159 0 0
338 159 0 0
337 159 0 0
336 159 0 0
148 159 0 0
147 159 0 0
146 159 0 0
145 159 0 0
144 159 0 0
143 159 0 0
340 158 0 0
339 158 0 0
338 158 0 0
337 158 0 0
336 158 0 0
335 158 0 0
148 158 0 0
147 158 0 0
146 158 0 0
145 158 0 0
144 158 0 0
143 158 0 0
340 157 0 0
339 157 0 0
338 157 0 0
337 157 0 0
336 157 0 0
335 157 0 0
148 157 0 0
147 157 0 0
146 157 0 0
145 157 0 0
144 157 0 0
143 157 0 0
340 156 0 0
339 156 0 0
338 156 0 0
337 156 0 0
336 156 0 0
335 156 0 0
334 156 0 0
148 156 0 0
147 156 0 0
146 156 0 0
145 156 0 0
144 156 0 0
143 156 0 0
339 155 0 0
338 155 0 0
337 155 0 0
336 155 0 0
335 155 0 0
334 155 0 0
333 155 0 0
149 155 0 0
148 155 0 0
147 155 0 0
146 155 0 0
145 155 0 0
144 155 0 0
338 154 0 0
337 154 0 0
336 154 0 0
335 154 0 0
334 154 0 0
333 154 0 0
332 154 0 0
331 154 0 0
149 154 0 0
148 154 0 0
147 154 0 0
146 154 0 0
145 154 0 0
144 154 0 0
336 153 0 0
335 153 0 0
334 153 0 0
333 153 0 0
332 153 0 0
331 153 0 0
330 153 0 0
149 153 0 0
148 153 0 0
147 153 0 0
146 153 0 0
145 153 0 0
144 153 0 0
336 152 0 0
335 152 0 0
334 152 0 0
333 152 0 0
332 152 0 0
331 152 0 0
330 152 0 0
149 152 0 0
148 152 0 0
147 152 0 0
146 152 0 0
145 152 0 0
144 152 0 0
335 151 0 0
334 151 0 0
333 151 0 0
332 151 0 0
331 151 0 0
330 151 0 0
329 151 0 0
151 151 0 0
150 151 0 0
149 151 0 0
148 151 0 0
147 151 0 0
146 151 0 0
334 150 0 0
333 150 0 0
332 150 0 0
331 150 0 0
330 150 0 0
329 150 0 0
328 150 0 0
151 150 0 0
150 150 0 0
149 150 0 0
148 150 0 0
147 150 0 0
146 150 0 0
333 149 0 0
332 149 0 0
331 149 0 0
330 149 0 0
329 149 0 0
328 149 0 0
327 149 0 0
326 149 0 0
152 149 0 0
151 149 0 0
150 149 0 0
149 149 0 0
148 149 0 0
147 149 0 0
146 149 0 0
332 148 0 0
331 148 0 0
330 148 0 0
329 148 0 0
328 148 0 0
327 148 0 0
326 148 0 0
325 148 0 0
152 148 0 0
151 148 0 0
150 148 0 0
149 148 0 0
148 148 0 0
147 148 0 0
330 147 0 0
329 147 0 0
328 147 0 0
327 147 0 0
326 147 0 0
325 147 0 0
324 147 0 0
153 147 0 0
152 147 0 0
151 147 0 0
150 147 0 0
149 147 0 0
148 147 0 0
330 146 0 0
329 146 0 0
328 146 0 0
327 146 0 0
326 146 0 0
325 146 0 0
324 146 0 0
153 146 0 0
152 146 0 0
151 146 0 0
150 146 0 0
149 146 0 0
148 146 0 0
329 145 0 0
328 145 0 0
327 145 0 0
326 145 0 0
325 145 0 0
324 145 0 0
323 145 0 0
153 145 0 0
152 145 0 0
151 145 0 0
150 145 0 0
149 145 0 0
148 145 0 0
328 144 0 0
327 144 0 0
326 144 0 0
325 144 0 0
324 144 0 0
323 144 0 0
322 144 0 0
153 144 0 0
152 144 0 0
151 144 0 0
150 144 0 0
149 144 0 0
148 144 0 0
327 143 0 0
326 143 0 0
325 143 0 0
324 143 0 0
323 143 0 0
322 143 0 0
154 143 0 0
153 143 0 0
152 143 0 0
151 143 0 0
150 143 0 0
149 143 0 0
325 142 0 0
324 142 0 0
323 142 0 0
322 142 0 0
321 142 0 0
320 142 0 0
154 142 0 0
153 142 0 0
152 142 0 0
151 142 0 0
150 142 0 0
149 142 0 0
325 141 0 0
324 141 0 0
323 141 0 0
322 141 0 0
321 141 0 0
320 141 0 0
154 141 0 0
153 141 0 0
152 141 0 0
151 141 0 0
150 141 0 0
149 141 0 0
324 140 0 0
323 140 0 0
322 140 0 0
321 140 0 0
320 140 0 0
319 140 0 0
154 140 0 0
153 140 0 0
152 140 0 0
151 140 0 0
150 140 0 0
149 140 0 0
323 139 0 0
322 139 0 0
321 139 0 0
320 139 0 0
319 139 0 0
318 139 0 0
156 139 0 0
155 139 0 0
154 139 0 0
153 139 0 0
152 139 0 0
151 139 0 0
150 139 0 0
322 138 0 0
321 138 0 0
320 138 0 0
319 138 0 0
318 138 0 0
317 138 0 0
156 138 0 0
155 138 0 0
154 138 0 0
153 138 0 0
152 138 0 0
151 138 0 0
150 138 0 0
322 137 0 0
321 137 0 0
320 137 0 0
319 137 0 0
318 137 0 0
317 137 0 0
316 137 0 0
315 137 0 0
156 137 0 0
155 137 0 0
154 137 0 0
153 137 0 0
152 137 0 0
151 137 0 0
150 137 0 0
321 136 0 0
320 136 0 0
319 136 0 0
318 136 0 0
317 136 0 0
316 136 0 0
315 136 0 0
314 136 0 0
157 136 0 0
156 136 0 0
155 136 0 0
154 136 0 0
153 136 0 0
152 136 0 0
321 135 0 0
320 135 0 0
319 135 0 0
318 135 0 0
317 135 0 0
316 135 0 0
315 135 0 0
314 135 0 0
157 135 0 0
156 135 0 0
155 135 0 0
154 135 0 0
153 135 0 0
152 135 0 0
319 134 0 0
318 134 0 0
317 134 0 0
316 134 0 0
315 134 0 0
314 134 0 0
313 134 0 0
157 134 0 0
156 134 0 0
155 134 0 0
154 134 0 0
153 134 0 0
152 134 0 0
317 133 0 0
316 133 0 0
315 133 0 0
314 133 0 0
313 133 0 0
312 133 0 0
158 133 0 0
157 133 0 0
156 133 0 0
155 133 0 0
154 133 0 0
153 133 0 0
152 133 0 0
316 132 0 0
315 132 0 0
314 132 0 0
313 132 0 0
312 132 0 0
311 132 0 0
158 132 0 0
157 132 0 0
156 132 0 0
155 132 0 0
154 132 0 0
153 132 0 0
316 131 0 0
315 131 0 0
314 131 0 0
313 131 0 0
312 131 0 0
311 131 0 0
310 131 0 0
309 131 0 0
158 131 0 0
157 131 0 0
156 131 0 0
155 131 0 0
154 131 0 0
153 131 0 0
316 130 0 0
315 130 0 0
314 130 0 0
313 130 0 0
312 130 0 0
311 130 0 0
310 130 0 0
309 130 0 0
158 130 0 0
157 130 0 0
156 130 0 0
155 130 0 0
154 130 0 0
153 130 0 0
314 129 0 0
313 129 0 0
312 129 0 0
311 129 0 0
310 129 0 0
309 129 0 0
308 129 0 0
159 129 0 0
158 129 0 0
157 129 0 0
156 129 0 0
155 129 0 0
154 129 0 0
313 128 0 0
312 128 0 0
311 128 0 0
310 128 0 0
309 128 0 0
308 128 0 0
307 128 0 0
159 128 0 0
158 128 0 0
157 128 0 0
156 128 0 0
155 128 0 0
154 128 0 0
312 127 0 0
311 127 0 0
310 127 0 0
309 127 0 0
308 127 0 0
307 127 0 0
306 127 0 0
159 127 0 0
158 127 0 0
157 127 0 0
156 127 0 0
155 127 0 0
154 127 0 0
311 126 0 0
310 126 0 0
309 126 0 0
308 126 0 0
307 126 0 0
306 126 0 0
305 126 0 0
304 126 0 0
160 126 0 0
159 126 0 0
158 126 0 0
157 126 0 0
156 126 0 0
155 126 0 0
310 125 0 0
309 125 0 0
308 125 0 0
307 125 0 0
306 125 0 0
305 125 0 0
304 125 0 0
303 125 0 0
160 125 0 0
159 125 0 0
158 125 0 0
157 125 0 0
156 125 0 0
155 125 0 0
310 124 0 0
309 124 0 0
308 124 0 0
307 124 0 0
306 124 0 0
305 124 0 0
304 124 0 0
303 124 0 0
160 124 0 0
159 124 0 0
158 124 0 0
157 124 0 0
156 124 0 0
155 124 0 0
308 123 0 0
307 123 0 0
306 123 0 0
305 123 0 0
304 123 0 0
303 123 0 0
302 123 0 0
160 123 0 0
159 123 0 0
158 123 0 0
157 123 0 0
156 123 0 0
155 123 0 0
307 122 0 0
306 122 0 0
305 122 0 0
304 122 0 0
303 122 0 0
302 122 0 0
301 122 0 0
160 122 0 0
159 122 0 0
158 122 0 0
157 122 0 0
156 122 0 0
155 122 0 0
306 121 0 0
305 121 0 0
304 121 0 0
303 121 0 0
302 121 0 0
301 121 0 0
300 121 0 0
162 121 0 0
161 121 0 0
160 121 0 0
159 121 0 0
158 121 0 0
157 121 0 0
156 121 0 0
155 121 0 0
305 120 0 0
304 120 0 0
303 120 0 0
302 120 0 0
301 120 0 0
300 120 0 0
299 120 0 0
298 120 0 0
162 120 0 0
161 120 0 0
160 120 0 0
159 120 0 0
158 120 0 0
157 120 0 0
303 119 0 0
302 119 0 0
301 119 0 0
300 119 0 0
299 119 0 0
298 119 0 0
297 119 0 0
162 119 0 0
161 119 0 0
160 119 0 0
159 119 0 0
158 119 0 0
157 119 0 0
303 118 0 0
302 118 0 0
301 118 0 0
300 118 0 0
299 118 0 0
298 118 0 0
297 118 0 0
162 118 0 0
161 118 0 0
160 118 0 0
159 118 0 0
158 118 0 0
157 118 0 0
302 117 0 0
301 117 0 0
300 117 0 0
299 117 0 0
298 117 0 0
297 117 0 0
162 117 0 0
161 117 0 0
160 117 0 0
159 117 0 0
158 117 0 0
157 117 0 0
301 116 0 0
300 116 0 0
299 116 0 0
298 116 0 0
297 116 0 0
296 116 0 0
295 116 0 0
294 116 0 0
293 116 0 0
292 116 0 0
160 116 0 0
159 116 0 0
158 116 0 0
300 115 0 0
299 115 0 0
298 115 0 0
297 115 0 0
296 115 0 0
295 115 0 0
294 115 0 0
293 115 0 0
292 115 0 0
291 115 0 0
290 115 0 0
289 115 0 0
288 115 0 0
287 115 0 0
286 115 0 0
159 115 0 0
299 114 0 0
298 114 0 0
297 114 0 0
296 114 0 0
295 114 0 0
294 114 0 0
293 114 0 0
292 114 0 0
291 114 0 0
290 114 0 0
289 114 0 0
288 114 0 0
287 114 0 0
286 114 0 0
285 114 0 0
284 114 0 0
283 114 0 0
282 114 0 0
299 113 0 0
298 113 0 0
297 113 0 0
296 113 0 0
295 113 0 0
294 113 0 0
293 113 0 0
292 113 0 0
291 113 0 0
290 113 0 0
289 113 0 0
288 113 0 0
287 113 0 0
286 113 0 0
285 113 0 0
284 113 0 0
283 113 0 0
282 113 0 0
297 112 0 0
296 112 0 0
295 112 0 0
294 112 0 0
293 112 0 0
292 112 0 0
291 112 0 0
290 112 0 0
289 112 0 0
288 112 0 0
287 112 0 0
286 112 0 0
285 112 0 0
284 112 0 0
283 112 0 0
282 112 0 0
281 112 0 0
296 111 0 0
295 111 0 0
294 111 0 0
293 111 0 0
292 111 0 0
291 111 0 0
290 111 0 0
289 111 0 0
288 111 0 0
287 111 0 0
286 111 0 0
285 111 0 0
284 111 0 0
283 111 0 0
282 111 0 0
281 111 0 0
280 111 0 0
291 110 0 0
290 110 0 0
289 110 0 0
288 110 0 0
287 110 0 0
286 110 0 0
285 110 0 0
284 110 0 0
283 110 0 0
282 110 0 0
281 110 0 0
285 109 0 0
284 109 0 0
283 109 0 0
282 109 0 0
