3620 450 600
230 570 0 0
229 570 0 0
231 569 0 0
230 569 0 0
229 569 0 0
228 569 0 0
227 569 0 0
231 568 0 0
230 568 0 0
229 568 0 0
228 568 0 0
227 568 0 0
233 567 0 0
232 567 0 0
231 567 0 0
230 567 0 0
229 567 0 0
228 567 0 0
227 567 0 0
226 567 0 0
233 566 0 0
232 566 0 0
231 566 0 0
230 566 0 0
229 566 0 0
228 566 0 0
227 566 0 0
234 565 0 0
233 565 0 0
232 565 0 0
231 565 0 0
230 565 0 0
229 565 0 0
235 564 0 0
234 564 0 0
233 564 0 0
232 564 0 0
231 564 0 0
230 564 0 0
235 563 0 0
234 563 0 0
233 563 0 0
232 563 0 0
231 563 0 0
230 563 0 0
237 562 0 0
236 562 0 0
235 562 0 0
234 562 0 0
233 562 0 0
232 562 0 0
231 562 0 0
230 562 0 0
239 561 0 0
238 561 0 0
237 561 0 0
236 561 0 0
235 561 0 0
234 561 0 0
233 561 0 0
232 561 0 0
231 561 0 0
240 560 0 0
239 560 0 0
238 560 0 0
237 560 0 0
236 560 0 0
235 560 0 0
234 560 0 0
233 560 0 0
232 560 0 0
241 559 0 0
240 559 0 0
239 559 0 0
238 559 0 0
237 559 0 0
236 559 0 0
235 559 0 0
242 558 0 0
241 558 0 0
240 558 0 0
239 558 0 0
238 558 0 0
237 558 0 0
236 558 0 0
242 557 0 0
241 557 0 0
240 557 0 0
239 557 0 0
238 557 0 0
237 557 0 0
236 557 0 0
246 556 0 0
245 556 0 0
244 556 0 0
243 556 0 0
242 556 0 0
241 556 0 0
240 556 0 0
239 556 0 0
238 556 0 0
237 556 0 0
251 555 0 0
250 555 0 0
249 555 0 0
248 555 0 0
247 555 0 0
246 555 0 0
245 555 0 0
244 555 0 0
243 555 0 0
242 555 0 0
241 555 0 0
240 555 0 0
256 554 0 0
255 554 0 0
254 554 0 0
253 554 0 0
252 554 0 0
251 554 0 0
250 554 0 0
249 554 0 0
248 554 0 0
247 554 0 0
246 554 0 0
245 554 0 0
244 554 0 0
243 554 0 0
242 554 0 0
241 554 0 0
261 553 0 0
260 553 0 0
259 553 0 0
258 553 0 0
257 553 0 0
256 553 0 0
255 553 0 0
254 553 0 0
253 553 0 0
252 553 0 0
251 553 0 0
250 553 0 0
249 553 0 0
248 553 0 0
247 553 0 0
246 553 0 0
245 553 0 0
244 553 0 0
243 553 0 0
242 553 0 0
261 552 0 0
260 552 0 0
259 552 0 0
258 552 0 0
257 552 0 0
256 552 0 0
255 552 0 0
254 552 0 0
253 552 0 0
252 552 0 0
251 552 0 0
250 552 0 0
249 552 0 0
248 552 0 0
247 552 0 0
246 552 0 0
245 552 0 0
244 552 0 0
243 552 0 0
242 552 0 0
264 551 0 0
263 551 0 0
262 551 0 0
261 551 0 0
260 551 0 0
259 551 0 0
258 551 0 0
257 551 0 0
256 551 0 0
255 551 0 0
254 551 0 0
253 551 0 0
252 551 0 0
251 551 0 0
250 551 0 0
249 551 0 0
248 551 0 0
247 551 0 0
246 551 0 0
245 551 0 0
244 551 0 0
243 551 0 0
270 550 0 0
269 550 0 0
268 550 0 0
267 550 0 0
266 550 0 0
265 550 0 0
264 550 0 0
263 550 0 0
262 550 0 0
261 550 0 0
260 550 0 0
259 550 0 0
258 550 0 0
257 550 0 0
256 550 0 0
255 550 0 0
254 550 0 0
253 550 0 0
252 550 0 0
251 550 0 0
250 550 0 0
249 550 0 0
248 550 0 0
247 550 0 0
275 549 0 0
274 549 0 0
273 549 0 0
272 549 0 0
271 549 0 0
270 549 0 0
269 549 0 0
268 549 0 0
267 549 0 0
266 549 0 0
265 549 0 0
264 549 0 0
263 549 0 0
262 549 0 0
261 549 0 0
260 549 0 0
259 549 0 0
258 549 0 0
257 549 0 0
256 549 0 0
255 549 0 0
254 549 0 0
253 549 0 0
252 549 0 0
280 548 0 0
279 548 0 0
278 548 0 0
277 548 0 0
276 548 0 0
275 548 0 0
274 548 0 0
273 548 0 0
272 548 0 0
271 548 0 0
270 548 0 0
269 548 0 0
268 548 0 0
267 548 0 0
266 548 0 0
265 548 0 0
264 548 0 0
263 548 0 0
262 548 0 0
261 548 0 0
260 548 0 0
259 548 0 0
258 548 0 0
257 548 0 0
285 547 0 0
284 547 0 0
283 547 0 0
282 547 0 0
281 547 0 0
280 547 0 0
279 547 0 0
278 547 0 0
277 547 0 0
276 547 0 0
275 547 0 0
274 547 0 0
273 547 0 0
272 547 0 0
271 547 0 0
270 547 0 0
269 547 0 0
268 547 0 0
267 547 0 0
266 547 0 0
265 547 0 0
264 547 0 0
263 547 0 0
262 547 0 0
285 546 0 0
284 546 0 0
283 546 0 0
282 546 0 0
281 546 0 0
280 546 0 0
279 546 0 0
278 546 0 0
277 546 0 0
276 546 0 0
275 546 0 0
274 546 0 0
273 546 0 0
272 546 0 0
271 546 0 0
270 546 0 0
269 546 0 0
268 546 0 0
267 546 0 0
266 546 0 0
265 546 0 0
264 546 0 0
263 546 0 0
262 546 0 0
290 545 0 0
289 545 0 0
288 545 0 0
287 545 0 0
286 545 0 0
285 545 0 0
284 545 0 0
283 545 0 0
282 545 0 0
281 545 0 0
280 545 0 0
279 545 0 0
278 545 0 0
277 545 0 0
276 545 0 0
275 545 0 0
274 545 0 0
273 545 0 0
272 545 0 0
271 545 0 0
270 545 0 0
269 545 0 0
268 545 0 0
267 545 0 0
266 545 0 0
265 545 0 0
295 544 0 0
294 544 0 0
293 544 0 0
292 544 0 0
291 544 0 0
290 544 0 0
289 544 0 0
288 544 0 0
287 544 0 0
286 544 0 0
285 544 0 0
284 544 0 0
283 544 0 0
282 544 0 0
281 544 0 0
280 544 0 0
279 544 0 0
278 544 0 0
277 544 0 0
276 544 0 0
275 544 0 0
274 544 0 0
273 544 0 0
272 544 0 0
271 544 0 0
300 543 0 0
299 543 0 0
298 543 0 0
297 543 0 0
296 543 0 0
295 543 0 0
294 543 0 0
293 543 0 0
292 543 0 0
291 543 0 0
290 543 0 0
289 543 0 0
288 543 0 0
287 543 0 0
286 543 0 0
285 543 0 0
284 543 0 0
283 543 0 0
282 543 0 0
281 543 0 0
280 543 0 0
279 543 0 0
278 543 0 0
277 543 0 0
276 543 0 0
305 542 0 0
304 542 0 0
303 542 0 0
302 542 0 0
301 542 0 0
300 542 0 0
299 542 0 0
298 542 0 0
297 542 0 0
296 542 0 0
295 542 0 0
294 542 0 0
293 542 0 0
292 542 0 0
291 542 0 0
290 542 0 0
289 542 0 0
288 542 0 0
287 542 0 0
286 542 0 0
285 542 0 0
284 542 0 0
283 542 0 0
282 542 0 0
281 542 0 0
305 541 0 0
304 541 0 0
303 541 0 0
302 541 0 0
301 541 0 0
300 541 0 0
299 541 0 0
298 541 0 0
297 541 0 0
296 541 0 0
295 541 0 0
294 541 0 0
293 541 0 0
292 541 0 0
291 541 0 0
290 541 0 0
289 541 0 0
288 541 0 0
287 541 0 0
286 541 0 0
285 541 0 0
284 541 0 0
283 541 0 0
282 541 0 0
281 541 0 0
310 540 0 0
309 540 0 0
308 540 0 0
307 540 0 0
306 540 0 0
305 540 0 0
304 540 0 0
303 540 0 0
302 540 0 0
301 540 0 0
300 540 0 0
299 540 0 0
298 540 0 0
297 540 0 0
296 540 0 0
295 540 0 0
294 540 0 0
293 540 0 0
292 540 0 0
291 540 0 0
290 540 0 0
289 540 0 0
288 540 0 0
287 540 0 0
286 540 0 0
314 539 0 0
313 539 0 0
312 539 0 0
311 539 0 0
310 539 0 0
309 539 0 0
308 539 0 0
307 539 0 0
306 539 0 0
305 539 0 0
304 539 0 0
303 539 0 0
302 539 0 0
301 539 0 0
300 539 0 0
299 539 0 0
298 539 0 0
297 539 0 0
296 539 0 0
295 539 0 0
294 539 0 0
293 539 0 0
292 539 0 0
291 539 0 0
319 538 0 0
318 538 0 0
317 538 0 0
316 538 0 0
315 538 0 0
314 538 0 0
313 538 0 0
312 538 0 0
311 538 0 0
310 538 0 0
309 538 0 0
308 538 0 0
307 538 0 0
306 538 0 0
305 538 0 0
304 538 0 0
303 538 0 0
302 538 0 0
301 538 0 0
300 538 0 0
299 538 0 0
298 538 0 0
297 538 0 0
296 538 0 0
325 537 0 0
324 537 0 0
323 537 0 0
322 537 0 0
321 537 0 0
320 537 0 0
319 537 0 0
318 537 0 0
317 537 0 0
316 537 0 0
315 537 0 0
314 537 0 0
313 537 0 0
312 537 0 0
311 537 0 0
310 537 0 0
309 537 0 0
308 537 0 0
307 537 0 0
306 537 0 0
305 537 0 0
304 537 0 0
303 537 0 0
302 537 0 0
301 537 0 0
330 536 0 0
329 536 0 0
328 536 0 0
327 536 0 0
326 536 0 0
325 536 0 0
324 536 0 0
323 536 0 0
322 536 0 0
321 536 0 0
320 536 0 0
319 536 0 0
318 536 0 0
317 536 0 0
316 536 0 0
315 536 0 0
314 536 0 0
313 536 0 0
312 536 0 0
311 536 0 0
310 536 0 0
309 536 0 0
308 536 0 0
307 536 0 0
306 536 0 0
330 535 0 0
329 535 0 0
328 535 0 0
327 535 0 0
326 535 0 0
325 535 0 0
324 535 0 0
323 535 0 0
322 535 0 0
321 535 0 0
320 535 0 0
319 535 0 0
318 535 0 0
317 535 0 0
316 535 0 0
315 535 0 0
314 535 0 0
313 535 0 0
312 535 0 0
311 535 0 0
310 535 0 0
309 535 0 0
308 535 0 0
307 535 0 0
306 535 0 0
334 534 0 0
333 534 0 0
332 534 0 0
331 534 0 0
330 534 0 0
329 534 0 0
328 534 0 0
327 534 0 0
326 534 0 0
325 534 0 0
324 534 0 0
323 534 0 0
322 534 0 0
321 534 0 0
320 534 0 0
319 534 0 0
318 534 0 0
317 534 0 0
316 534 0 0
315 534 0 0
314 534 0 0
313 534 0 0
312 534 0 0
311 534 0 0
339 533 0 0
338 533 0 0
337 533 0 0
336 533 0 0
335 533 0 0
334 533 0 0
333 533 0 0
332 533 0 0
331 533 0 0
330 533 0 0
329 533 0 0
328 533 0 0
327 533 0 0
326 533 0 0
325 533 0 0
324 533 0 0
323 533 0 0
322 533 0 0
321 533 0 0
320 533 0 0
319 533 0 0
318 533 0 0
317 533 0 0
316 533 0 0
315 533 0 0
344 532 0 0
343 532 0 0
342 532 0 0
341 532 0 0
340 532 0 0
339 532 0 0
338 532 0 0
337 532 0 0
336 532 0 0
335 532 0 0
334 532 0 0
333 532 0 0
332 532 0 0
331 532 0 0
330 532 0 0
329 532 0 0
328 532 0 0
327 532 0 0
326 532 0 0
325 532 0 0
324 532 0 0
323 532 0 0
322 532 0 0
321 532 0 0
320 532 0 0
349 531 0 0
348 531 0 0
347 531 0 0
346 531 0 0
345 531 0 0
344 531 0 0
343 531 0 0
342 531 0 0
341 531 0 0
340 531 0 0
339 531 0 0
338 531 0 0
337 531 0 0
336 531 0 0
335 531 0 0
334 531 0 0
333 531 0 0
332 531 0 0
331 531 0 0
330 531 0 0
329 531 0 0
328 531 0 0
327 531 0 0
326 531 0 0
349 530 0 0
348 530 0 0
347 530 0 0
346 530 0 0
345 530 0 0
344 530 0 0
343 530 0 0
342 530 0 0
341 530 0 0
340 530 0 0
339 530 0 0
338 530 0 0
337 530 0 0
336 530 0 0
335 530 0 0
334 530 0 0
333 530 0 0
332 530 0 0
331 530 0 0
330 530 0 0
329 530 0 0
328 530 0 0
327 530 0 0
326 530 0 0
354 529 0 0
353 529 0 0
352 529 0 0
351 529 0 0
350 529 0 0
349 529 0 0
348 529 0 0
347 529 0 0
346 529 0 0
345 529 0 0
344 529 0 0
343 529 0 0
342 529 0 0
341 529 0 0
340 529 0 0
339 529 0 0
338 529 0 0
337 529 0 0
336 529 0 0
335 529 0 0
334 529 0 0
333 529 0 0
332 529 0 0
331 529 0 0
355 528 0 0
354 528 0 0
353 528 0 0
352 528 0 0
351 528 0 0
350 528 0 0
349 528 0 0
348 528 0 0
347 528 0 0
346 528 0 0
345 528 0 0
344 528 0 0
343 528 0 0
342 528 0 0
341 528 0 0
340 528 0 0
339 528 0 0
338 528 0 0
337 528 0 0
336 528 0 0
335 528 0 0
357 527 0 0
356 527 0 0
355 527 0 0
354 527 0 0
353 527 0 0
352 527 0 0
351 527 0 0
350 527 0 0
349 527 0 0
348 527 0 0
347 527 0 0
346 527 0 0
345 527 0 0
344 527 0 0
343 527 0 0
342 527 0 0
341 527 0 0
340 527 0 0
359 526 0 0
358 526 0 0
357 526 0 0
356 526 0 0
355 526 0 0
354 526 0 0
353 526 0 0
352 526 0 0
351 526 0 0
350 526 0 0
349 526 0 0
348 526 0 0
347 526 0 0
346 526 0 0
345 526 0 0
360 525 0 0
359 525 0 0
358 525 0 0
357 525 0 0
356 525 0 0
355 525 0 0
354 525 0 0
353 525 0 0
352 525 0 0
351 525 0 0
350 525 0 0
360 524 0 0
359 524 0 0
358 524 0 0
357 524 0 0
356 524 0 0
355 524 0 0
354 524 0 0
353 524 0 0
352 524 0 0
351 524 0 0
350 524 0 0
361 523 0 0
360 523 0 0
359 523 0 0
358 523 0 0
357 523 0 0
356 523 0 0
355 523 0 0
362 522 0 0
361 522 0 0
360 522 0 0
359 522 0 0
358 522 0 0
357 522 0 0
356 522 0 0
361 521 0 0
360 521 0 0
359 521 0 0
358 521 0 0
360 520 0 0
409 300 0 0
408 300 0 0
410 299 0 0
409 299 0 0
408 299 0 0
407 299 0 0
411 298 0 0
410 298 0 0
409 298 0 0
408 298 0 0
407 298 0 0
406 298 0 0
411 297 0 0
410 297 0 0
409 297 0 0
408 297 0 0
407 297 0 0
406 297 0 0
411 296 0 0
410 296 0 0
409 296 0 0
408 296 0 0
407 296 0 0
406 296 0 0
411 295 0 0
410 295 0 0
409 295 0 0
408 295 0 0
407 295 0 0
406 295 0 0
411 294 0 0
410 294 0 0
409 294 0 0
408 294 0 0
407 294 0 0
406 294 0 0
411 293 0 0
410 293 0 0
409 293 0 0
408 293 0 0
407 293 0 0
406 293 0 0
411 292 0 0
410 292 0 0
409 292 0 0
408 292 0 0
407 292 0 0
406 292 0 0
411 291 0 0
410 291 0 0
409 291 0 0
408 291 0 0
407 291 0 0
406 291 0 0
411 290 0 0
410 290 0 0
409 290 0 0
408 290 0 0
407 290 0 0
406 290 0 0
411 289 0 0
410 289 0 0
409 289 0 0
408 289 0 0
407 289 0 0
406 289 0 0
411 288 0 0
410 288 0 0
409 288 0 0
408 288 0 0
407 288 0 0
406 288 0 0
411 287 0 0
410 287 0 0
409 287 0 0
408 287 0 0
407 287 0 0
406 287 0 0
411 286 0 0
410 286 0 0
409 286 0 0
408 286 0 0
407 286 0 0
406 286 0 0
411 285 0 0
410 285 0 0
409 285 0 0
408 285 0 0
407 285 0 0
406 285 0 0
411 284 0 0
410 284 0 0
409 284 0 0
408 284 0 0
407 284 0 0
406 284 0 0
411 283 0 0
410 283 0 0
409 283 0 0
408 283 0 0
407 283 0 0
406 283 0 0
411 282 0 0
410 282 0 0
409 282 0 0
408 282 0 0
407 282 0 0
406 282 0 0
411 281 0 0
410 281 0 0
409 281 0 0
408 281 0 0
407 281 0 0
406 281 0 0
411 280 0 0
410 280 0 0
409 280 0 0
408 280 0 0
407 280 0 0
406 280 0 0
411 279 0 0
410 279 0 0
409 279 0 0
408 279 0 0
407 279 0 0
406 279 0 0
411 278 0 0
410 278 0 0
409 278 0 0
408 278 0 0
407 278 0 0
406 278 0 0
411 277 0 0
410 277 0 0
409 277 0 0
408 277 0 0
407 277 0 0
406 277 0 0
411 276 0 0
410 276 0 0
409 276 0 0
408 276 0 0
407 276 0 0
406 276 0 0
411 275 0 0
410 275 0 0
409 275 0 0
408 275 0 0
407 275 0 0
406 275 0 0
411 274 0 0
410 274 0 0
409 274 0 0
408 274 0 0
407 274 0 0
406 274 0 0
411 273 0 0
410 273 0 0
409 273 0 0
408 273 0 0
407 273 0 0
406 273 0 0
411 272 0 0
410 272 0 0
409 272 0 0
408 272 0 0
407 272 0 0
406 272 0 0
411 271 0 0
410 271 0 0
409 271 0 0
408 271 0 0
407 271 0 0
406 271 0 0
411 270 0 0
410 270 0 0
409 270 0 0
408 270 0 0
407 270 0 0
406 270 0 0
63 270 0 0
62 270 0 0
411 269 0 0
410 269 0 0
409 269 0 0
408 269 0 0
407 269 0 0
406 269 0 0
64 269 0 0
63 269 0 0
62 269 0 0
61 269 0 0
411 268 0 0
410 268 0 0
409 268 0 0
408 268 0 0
407 268 0 0
406 268 0 0
64 268 0 0
63 268 0 0
62 268 0 0
61 268 0 0
411 267 0 0
410 267 0 0
409 267 0 0
408 267 0 0
407 267 0 0
406 267 0 0
65 267 0 0
64 267 0 0
63 267 0 0
62 267 0 0
61 267 0 0
60 267 0 0
411 266 0 0
410 266 0 0
409 266 0 0
408 266 0 0
407 266 0 0
406 266 0 0
65 266 0 0
64 266 0 0
63 266 0 0
62 266 0 0
61 266 0 0
60 266 0 0
411 265 0 0
410 265 0 0
409 265 0 0
408 265 0 0
407 265 0 0
406 265 0 0
65 265 0 0
64 265 0 0
63 265 0 0
62 265 0 0
61 265 0 0
60 265 0 0
411 264 0 0
410 264 0 0
409 264 0 0
408 264 0 0
407 264 0 0
406 264 0 0
66 264 0 0
65 264 0 0
64 264 0 0
63 264 0 0
62 264 0 0
61 264 0 0
411 263 0 0
410 263 0 0
409 263 0 0
408 263 0 0
407 263 0 0
406 263 0 0
66 263 0 0
65 263 0 0
64 263 0 0
63 263 0 0
62 263 0 0
61 263 0 0
411 262 0 0
410 262 0 0
409 262 0 0
408 262 0 0
407 262 0 0
406 262 0 0
66 262 0 0
65 262 0 0
64 262 0 0
63 262 0 0
62 262 0 0
61 262 0 0
411 261 0 0
410 261 0 0
409 261 0 0
408 261 0 0
407 261 0 0
406 261 0 0
66 261 0 0
65 261 0 0
64 261 0 0
63 261 0 0
62 261 0 0
61 261 0 0
411 260 0 0
410 260 0 0
409 260 0 0
408 260 0 0
407 260 0 0
406 260 0 0
67 260 0 0
66 260 0 0
65 260 0 0
64 260 0 0
63 260 0 0
62 260 0 0
411 259 0 0
410 259 0 0
409 259 0 0
408 259 0 0
407 259 0 0
406 259 0 0
67 259 0 0
66 259 0 0
65 259 0 0
64 259 0 0
63 259 0 0
62 259 0 0
410 258 0 0
409 258 0 0
408 258 0 0
407 258 0 0
406 258 0 0
405 258 0 0
67 258 0 0
66 258 0 0
65 258 0 0
64 258 0 0
63 258 0 0
62 258 0 0
410 257 0 0
409 257 0 0
408 257 0 0
407 257 0 0
406 257 0 0
405 257 0 0
67 257 0 0
66 257 0 0
65 257 0 0
64 257 0 0
63 257 0 0
62 257 0 0
410 256 0 0
409 256 0 0
408 256 0 0
407 256 0 0
406 256 0 0
405 256 0 0
67 256 0 0
66 256 0 0
65 256 0 0
64 256 0 0
63 256 0 0
62 256 0 0
410 255 0 0
409 255 0 0
408 255 0 0
407 255 0 0
406 255 0 0
405 255 0 0
67 255 0 0
66 255 0 0
65 255 0 0
64 255 0 0
63 255 0 0
62 255 0 0
410 254 0 0
409 254 0 0
408 254 0 0
407 254 0 0
406 254 0 0
405 254 0 0
69 254 0 0
68 254 0 0
67 254 0 0
66 254 0 0
65 254 0 0
64 254 0 0
410 253 0 0
409 253 0 0
408 253 0 0
407 253 0 0
406 253 0 0
405 253 0 0
69 253 0 0
68 253 0 0
67 253 0 0
66 253 0 0
65 253 0 0
64 253 0 0
410 252 0 0
409 252 0 0
408 252 0 0
407 252 0 0
406 252 0 0
405 252 0 0
69 252 0 0
68 252 0 0
67 252 0 0
66 252 0 0
65 252 0 0
64 252 0 0
410 251 0 0
409 251 0 0
408 251 0 0
407 251 0 0
406 251 0 0
405 251 0 0
69 251 0 0
68 251 0 0
67 251 0 0
66 251 0 0
65 251 0 0
64 251 0 0
410 250 0 0
409 250 0 0
408 250 0 0
407 250 0 0
406 250 0 0
405 250 0 0
69 250 0 0
68 250 0 0
67 250 0 0
66 250 0 0
65 250 0 0
64 250 0 0
410 249 0 0
409 249 0 0
408 249 0 0
407 249 0 0
406 249 0 0
405 249 0 0
69 249 0 0
68 249 0 0
67 249 0 0
66 249 0 0
65 249 0 0
64 249 0 0
410 248 0 0
409 248 0 0
408 248 0 0
407 248 0 0
406 248 0 0
405 248 0 0
69 248 0 0
68 248 0 0
67 248 0 0
66 248 0 0
65 248 0 0
64 248 0 0
410 247 0 0
409 247 0 0
408 247 0 0
407 247 0 0
406 247 0 0
405 247 0 0
70 247 0 0
69 247 0 0
68 247 0 0
67 247 0 0
66 247 0 0
65 247 0 0
410 246 0 0
409 246 0 0
408 246 0 0
407 246 0 0
406 246 0 0
405 246 0 0
70 246 0 0
69 246 0 0
68 246 0 0
67 246 0 0
66 246 0 0
65 246 0 0
410 245 0 0
409 245 0 0
408 245 0 0
407 245 0 0
406 245 0 0
405 245 0 0
70 245 0 0
69 245 0 0
68 245 0 0
67 245 0 0
66 245 0 0
65 245 0 0
409 244 0 0
408 244 0 0
407 244 0 0
406 244 0 0
405 244 0 0
404 244 0 0
70 244 0 0
69 244 0 0
68 244 0 0
67 244 0 0
66 244 0 0
65 244 0 0
409 243 0 0
408 243 0 0
407 243 0 0
406 243 0 0
405 243 0 0
404 243 0 0
70 243 0 0
69 243 0 0
68 243 0 0
67 243 0 0
66 243 0 0
65 243 0 0
409 242 0 0
408 242 0 0
407 242 0 0
406 242 0 0
405 242 0 0
404 242 0 0
70 242 0 0
69 242 0 0
68 242 0 0
67 242 0 0
66 242 0 0
65 242 0 0
409 241 0 0
408 241 0 0
407 241 0 0
406 241 0 0
405 241 0 0
404 241 0 0
70 241 0 0
69 241 0 0
68 241 0 0
67 241 0 0
66 241 0 0
65 241 0 0
409 240 0 0
408 240 0 0
407 240 0 0
406 240 0 0
405 240 0 0
404 240 0 0
70 240 0 0
69 240 0 0
68 240 0 0
67 240 0 0
66 240 0 0
65 240 0 0
409 239 0 0
408 239 0 0
407 239 0 0
406 239 0 0
405 239 0 0
404 239 0 0
71 239 0 0
70 239 0 0
69 239 0 0
68 239 0 0
67 239 0 0
66 239 0 0
409 238 0 0
408 238 0 0
407 238 0 0
406 238 0 0
405 238 0 0
404 238 0 0
71 238 0 0
70 238 0 0
69 238 0 0
68 238 0 0
67 238 0 0
66 238 0 0
409 237 0 0
408 237 0 0
407 237 0 0
406 237 0 0
405 237 0 0
404 237 0 0
71 237 0 0
70 237 0 0
69 237 0 0
68 237 0 0
67 237 0 0
66 237 0 0
409 236 0 0
408 236 0 0
407 236 0 0
406 236 0 0
405 236 0 0
404 236 0 0
71 236 0 0
70 236 0 0
69 236 0 0
68 236 0 0
67 236 0 0
66 236 0 0
409 235 0 0
408 235 0 0
407 235 0 0
406 235 0 0
405 235 0 0
404 235 0 0
71 235 0 0
70 235 0 0
69 235 0 0
68 235 0 0
67 235 0 0
66 235 0 0
409 234 0 0
408 234 0 0
407 234 0 0
406 234 0 0
405 234 0 0
404 234 0 0
71 234 0 0
70 234 0 0
69 234 0 0
68 234 0 0
67 234 0 0
66 234 0 0
409 233 0 0
408 233 0 0
407 233 0 0
406 233 0 0
405 233 0 0
404 233 0 0
72 233 0 0
71 233 0 0
70 233 0 0
69 233 0 0
68 233 0 0
67 233 0 0
409 232 0 0
408 232 0 0
407 232 0 0
406 232 0 0
405 232 0 0
404 232 0 0
72 232 0 0
71 232 0 0
70 232 0 0
69 232 0 0
68 232 0 0
67 232 0 0
407 231 0 0
406 231 0 0
405 231 0 0
404 231 0 0
403 231 0 0
402 231 0 0
72 231 0 0
71 231 0 0
70 231 0 0
69 231 0 0
68 231 0 0
67 231 0 0
407 230 0 0
406 230 0 0
405 230 0 0
404 230 0 0
403 230 0 0
402 230 0 0
72 230 0 0
71 230 0 0
70 230 0 0
69 230 0 0
68 230 0 0
67 230 0 0
407 229 0 0
406 229 0 0
405 229 0 0
404 229 0 0
403 229 0 0
402 229 0 0
72 229 0 0
71 229 0 0
70 229 0 0
69 229 0 0
68 229 0 0
67 229 0 0
407 228 0 0
406 228 0 0
405 228 0 0
404 228 0 0
403 228 0 0
402 228 0 0
72 228 0 0
71 228 0 0
70 228 0 0
69 228 0 0
68 228 0 0
67 228 0 0
407 227 0 0
406 227 0 0
405 227 0 0
404 227 0 0
403 227 0 0
402 227 0 0
72 227 0 0
71 227 0 0
70 227 0 0
69 227 0 0
68 227 0 0
67 227 0 0
407 226 0 0
406 226 0 0
405 226 0 0
404 226 0 0
403 226 0 0
402 226 0 0
74 226 0 0
73 226 0 0
72 226 0 0
71 226 0 0
70 226 0 0
69 226 0 0
68 226 0 0
407 225 0 0
406 225 0 0
405 225 0 0
404 225 0 0
403 225 0 0
402 225 0 0
74 225 0 0
73 225 0 0
72 225 0 0
71 225 0 0
70 225 0 0
69 225 0 0
68 225 0 0
407 224 0 0
406 224 0 0
405 224 0 0
404 224 0 0
403 224 0 0
402 224 0 0
74 224 0 0
73 224 0 0
72 224 0 0
71 224 0 0
70 224 0 0
69 224 0 0
68 224 0 0
407 223 0 0
406 223 0 0
405 223 0 0
404 223 0 0
403 223 0 0
402 223 0 0
74 223 0 0
73 223 0 0
72 223 0 0
71 223 0 0
70 223 0 0
69 223 0 0
68 223 0 0
407 222 0 0
406 222 0 0
405 222 0 0
404 222 0 0
403 222 0 0
402 222 0 0
74 222 0 0
73 222 0 0
72 222 0 0
71 222 0 0
70 222 0 0
69 222 0 0
68 222 0 0
407 221 0 0
406 221 0 0
405 221 0 0
404 221 0 0
403 221 0 0
402 221 0 0
74 221 0 0
73 221 0 0
72 221 0 0
71 221 0 0
70 221 0 0
69 221 0 0
68 221 0 0
407 220 0 0
406 220 0 0
405 220 0 0
404 220 0 0
403 220 0 0
402 220 0 0
75 220 0 0
74 220 0 0
73 220 0 0
72 220 0 0
71 220 0 0
70 220 0 0
407 219 0 0
406 219 0 0
405 219 0 0
404 219 0 0
403 219 0 0
402 219 0 0
75 219 0 0
74 219 0 0
73 219 0 0
72 219 0 0
71 219 0 0
70 219 0 0
407 218 0 0
406 218 0 0
405 218 0 0
404 218 0 0
403 218 0 0
402 218 0 0
75 218 0 0
74 218 0 0
73 218 0 0
72 218 0 0
71 218 0 0
70 218 0 0
406 217 0 0
405 217 0 0
404 217 0 0
403 217 0 0
402 217 0 0
401 217 0 0
75 217 0 0
74 217 0 0
73 217 0 0
72 217 0 0
71 217 0 0
70 217 0 0
406 216 0 0
405 216 0 0
404 216 0 0
403 216 0 0
402 216 0 0
401 216 0 0
75 216 0 0
74 216 0 0
73 216 0 0
72 216 0 0
71 216 0 0
70 216 0 0
406 215 0 0
405 215 0 0
404 215 0 0
403 215 0 0
402 215 0 0
401 215 0 0
75 215 0 0
74 215 0 0
73 215 0 0
72 215 0 0
71 215 0 0
70 215 0 0
406 214 0 0
405 214 0 0
404 214 0 0
403 214 0 0
402 214 0 0
401 214 0 0
76 214 0 0
75 214 0 0
74 214 0 0
73 214 0 0
72 214 0 0
71 214 0 0
406 213 0 0
405 213 0 0
404 213 0 0
403 213 0 0
402 213 0 0
401 213 0 0
76 213 0 0
75 213 0 0
74 213 0 0
73 213 0 0
72 213 0 0
71 213 0 0
406 212 0 0
405 212 0 0
404 212 0 0
403 212 0 0
402 212 0 0
401 212 0 0
76 212 0 0
75 212 0 0
74 212 0 0
73 212 0 0
72 212 0 0
71 212 0 0
406 211 0 0
405 211 0 0
404 211 0 0
403 211 0 0
402 211 0 0
401 211 0 0
76 211 0 0
75 211 0 0
74 211 0 0
73 211 0 0
72 211 0 0
71 211 0 0
406 210 0 0
405 210 0 0
404 210 0 0
403 210 0 0
402 210 0 0
401 210 0 0
76 210 0 0
75 210 0 0
74 210 0 0
73 210 0 0
72 210 0 0
71 210 0 0
406 209 0 0
405 209 0 0
404 209 0 0
403 209 0 0
402 209 0 0
401 209 0 0
76 209 0 0
75 209 0 0
74 209 0 0
73 209 0 0
72 209 0 0
71 209 0 0
406 208 0 0
405 208 0 0
404 208 0 0
403 208 0 0
402 208 0 0
401 208 0 0
76 208 0 0
75 208 0 0
74 208 0 0
73 208 0 0
72 208 0 0
71 208 0 0
406 207 0 0
405 207 0 0
404 207 0 0
403 207 0 0
402 207 0 0
401 207 0 0
76 207 0 0
75 207 0 0
74 207 0 0
73 207 0 0
72 207 0 0
71 207 0 0
406 206 0 0
405 206 0 0
404 206 0 0
403 206 0 0
402 206 0 0
401 206 0 0
77 206 0 0
76 206 0 0
75 206 0 0
74 206 0 0
73 206 0 0
72 206 0 0
406 205 0 0
405 205 0 0
404 205 0 0
403 205 0 0
402 205 0 0
401 205 0 0
77 205 0 0
76 205 0 0
75 205 0 0
74 205 0 0
73 205 0 0
72 205 0 0
405 204 0 0
404 204 0 0
403 204 0 0
402 204 0 0
401 204 0 0
400 204 0 0
77 204 0 0
76 204 0 0
75 204 0 0
74 204 0 0
73 204 0 0
72 204 0 0
405 203 0 0
404 203 0 0
403 203 0 0
402 203 0 0
401 203 0 0
400 203 0 0
77 203 0 0
76 203 0 0
75 203 0 0
74 203 0 0
73 203 0 0
72 203 0 0
405 202 0 0
404 202 0 0
403 202 0 0
402 202 0 0
401 202 0 0
400 202 0 0
77 202 0 0
76 202 0 0
75 202 0 0
74 202 0 0
73 202 0 0
72 202 0 0
405 201 0 0
404 201 0 0
403 201 0 0
402 201 0 0
401 201 0 0
400 201 0 0
77 201 0 0
76 201 0 0
75 201 0 0
74 201 0 0
73 201 0 0
72 201 0 0
405 200 0 0
404 200 0 0
403 200 0 0
402 200 0 0
401 200 0 0
400 200 0 0
77 200 0 0
76 200 0 0
75 200 0 0
74 200 0 0
73 200 0 0
72 200 0 0
405 199 0 0
404 199 0 0
403 199 0 0
402 199 0 0
401 199 0 0
400 199 0 0
78 199 0 0
77 199 0 0
76 199 0 0
75 199 0 0
74 199 0 0
73 199 0 0
405 198 0 0
404 198 0 0
403 198 0 0
402 198 0 0
401 198 0 0
400 198 0 0
78 198 0 0
77 198 0 0
76 198 0 0
75 198 0 0
74 198 0 0
73 198 0 0
405 197 0 0
404 197 0 0
403 197 0 0
402 197 0 0
401 197 0 0
400 197 0 0
263 197 0 1
262 197 0 1
78 197 0 0
77 197 0 0
76 197 0 0
75 197 0 0
74 197 0 0
73 197 0 0
405 196 0 0
404 196 0 0
403 196 0 0
402 196 0 0
401 196 0 0
400 196 0 0
263 196 0 1
262 196 0 1
78 196 0 0
77 196 0 0
76 196 0 0
75 196 0 0
74 196 0 0
73 196 0 0
405 195 0 0
404 195 0 0
403 195 0 0
402 195 0 0
401 195 0 0
400 195 0 0
264 195 0 1
263 195 0 1
262 195 0 1
261 195 0 1
260 195 0 1
78 195 0 0
77 195 0 0
76 195 0 0
75 195 0 0
74 195 0 0
73 195 0 0
405 194 0 0
404 194 0 0
403 194 0 0
402 194 0 0
401 194 0 0
400 194 0 0
266 194 0 1
265 194 0 1
264 194 0 1
263 194 0 1
262 194 0 1
261 194 0 1
260 194 0 1
259 194 0 1
78 194 0 0
77 194 0 0
76 194 0 0
75 194 0 0
74 194 0 0
73 194 0 0
405 193 0 0
404 193 0 0
403 193 0 0
402 193 0 0
401 193 0 0
400 193 0 0
266 193 0 1
265 193 0 1
264 193 0 1
263 193 0 1
262 193 0 1
261 193 0 1
260 193 0 1
80 193 0 0
79 193 0 0
78 193 0 0
77 193 0 0
76 193 0 0
75 193 0 0
405 192 0 0
404 192 0 0
403 192 0 0
402 192 0 0
401 192 0 0
400 192 0 0
266 192 0 1
265 192 0 1
264 192 0 1
263 192 0 1
262 192 0 1
261 192 0 1
260 192 0 1
80 192 0 0
79 192 0 0
78 192 0 0
77 192 0 0
76 192 0 0
75 192 0 0
405 191 0 0
404 191 0 0
403 191 0 0
402 191 0 0
401 191 0 0
400 191 0 0
266 191 0 1
265 191 0 1
264 191 0 1
263 191 0 1
262 191 0 1
261 191 0 1
260 191 0 1
80 191 0 0
79 191 0 0
78 191 0 0
77 191 0 0
76 191 0 0
75 191 0 0
404 190 0 0
403 190 0 0
402 190 0 0
401 190 0 0
400 190 0 0
399 190 0 0
264 190 0 1
263 190 0 1
262 190 0 1
261 190 0 1
260 190 0 1
259 190 0 1
80 190 0 0
79 190 0 0
78 190 0 0
77 190 0 0
76 190 0 0
75 190 0 0
404 189 0 0
403 189 0 0
402 189 0 0
401 189 0 0
400 189 0 0
399 189 0 0
264 189 0 1
263 189 0 1
262 189 0 1
261 189 0 1
260 189 0 1
259 189 0 1
80 189 0 0
79 189 0 0
78 189 0 0
77 189 0 0
76 189 0 0
75 189 0 0
404 188 0 0
403 188 0 0
402 188 0 0
401 188 0 0
400 188 0 0
399 188 0 0
263 188 0 1
262 188 0 1
261 188 0 1
260 188 0 1
259 188 0 1
258 188 0 1
80 188 0 0
79 188 0 0
78 188 0 0
77 188 0 0
76 188 0 0
75 188 0 0
404 187 0 0
403 187 0 0
402 187 0 0
401 187 0 0
400 187 0 0
399 187 0 0
263 187 0 1
262 187 0 1
261 187 0 1
260 187 0 1
259 187 0 1
258 187 0 1
80 187 0 0
79 187 0 0
78 187 0 0
77 187 0 0
76 187 0 0
75 187 0 0
404 186 0 0
403 186 0 0
402 186 0 0
401 186 0 0
400 186 0 0
399 186 0 0
262 186 0 1
261 186 0 1
260 186 0 1
259 186 0 1
258 186 0 1
257 186 0 1
81 186 0 0
80 186 0 0
79 186 0 0
78 186 0 0
77 186 0 0
76 186 0 0
404 185 0 0
403 185 0 0
402 185 0 0
401 185 0 0
400 185 0 0
399 185 0 0
262 185 0 1
261 185 0 1
260 185 0 1
259 185 0 1
258 185 0 1
257 185 0 1
81 185 0 0
80 185 0 0
79 185 0 0
78 185 0 0
77 185 0 0
76 185 0 0
404 184 0 0
403 184 0 0
402 184 0 0
401 184 0 0
400 184 0 0
399 184 0 0
262 184 0 1
261 184 0 1
260 184 0 1
259 184 0 1
258 184 0 1
257 184 0 1
81 184 0 0
80 184 0 0
79 184 0 0
78 184 0 0
77 184 0 0
76 184 0 0
404 183 0 0
403 183 0 0
402 183 0 0
401 183 0 0
400 183 0 0
399 183 0 0
262 183 0 1
261 183 0 1
260 183 0 1
259 183 0 1
258 183 0 1
257 183 0 1
81 183 0 0
80 183 0 0
79 183 0 0
78 183 0 0
77 183 0 0
76 183 0 0
404 182 0 0
403 182 0 0
402 182 0 0
401 182 0 0
400 182 0 0
399 182 0 0
261 182 0 1
260 182 0 1
259 182 0 1
258 182 0 1
257 182 0 1
256 182 0 1
81 182 0 0
80 182 0 0
79 182 0 0
78 182 0 0
77 182 0 0
76 182 0 0
404 181 0 0
403 181 0 0
402 181 0 0
401 181 0 0
400 181 0 0
399 181 0 0
261 181 0 1
260 181 0 1
259 181 0 1
258 181 0 1
257 181 0 1
256 181 0 1
81 181 0 0
80 181 0 0
79 181 0 0
78 181 0 0
77 181 0 0
76 181 0 0
404 180 0 0
403 180 0 0
402 180 0 0
401 180 0 0
400 180 0 0
399 180 0 0
261 180 0 1
260 180 0 1
259 180 0 1
258 180 0 1
257 180 0 1
256 180 0 1
81 180 0 0
80 180 0 0
79 180 0 0
78 180 0 0
77 180 0 0
76 180 0 0
404 179 0 0
403 179 0 0
402 179 0 0
401 179 0 0
400 179 0 0
399 179 0 0
259 179 0 1
258 179 0 1
257 179 0 1
256 179 0 1
255 179 0 1
254 179 0 1
81 179 0 0
80 179 0 0
79 179 0 0
78 179 0 0
77 179 0 0
76 179 0 0
404 178 0 0
403 178 0 0
402 178 0 0
401 178 0 0
400 178 0 0
399 178 0 0
398 178 0 0
397 178 0 0
258 178 0 1
257 178 0 1
256 178 0 1
255 178 0 1
254 178 0 1
253 178 0 1
82 178 0 0
81 178 0 0
80 178 0 0
79 178 0 0
78 178 0 0
77 178 0 0
403 177 0 0
402 177 0 0
401 177 0 0
400 177 0 0
399 177 0 0
398 177 0 0
397 177 0 0
258 177 0 1
257 177 0 1
256 177 0 1
255 177 0 1
254 177 0 1
253 177 0 1
82 177 0 0
81 177 0 0
80 177 0 0
79 177 0 0
78 177 0 0
77 177 0 0
403 176 0 0
402 176 0 0
401 176 0 0
400 176 0 0
399 176 0 0
398 176 0 0
397 176 0 0
257 176 0 1
256 176 0 1
255 176 0 1
254 176 0 1
253 176 0 1
252 176 0 1
82 176 0 0
81 176 0 0
80 176 0 0
79 176 0 0
78 176 0 0
77 176 0 0
403 175 0 0
402 175 0 0
401 175 0 0
400 175 0 0
399 175 0 0
398 175 0 0
397 175 0 0
257 175 0 1
256 175 0 1
255 175 0 1
254 175 0 1
253 175 0 1
252 175 0 1
82 175 0 0
81 175 0 0
80 175 0 0
79 175 0 0
78 175 0 0
77 175 0 0
403 174 0 0
402 174 0 0
401 174 0 0
400 174 0 0
399 174 0 0
398 174 0 0
397 174 0 0
257 174 0 1
256 174 0 1
255 174 0 1
254 174 0 1
253 174 0 1
252 174 0 1
82 174 0 0
81 174 0 0
80 174 0 0
79 174 0 0
78 174 0 0
77 174 0 0
403 173 0 0
402 173 0 0
401 173 0 0
400 173 0 0
399 173 0 0
398 173 0 0
397 173 0 0
256 173 0 1
255 173 0 1
254 173 0 1
253 173 0 1
252 173 0 1
251 173 0 1
82 173 0 0
81 173 0 0
80 173 0 0
79 173 0 0
78 173 0 0
77 173 0 0
403 172 0 0
402 172 0 0
401 172 0 0
400 172 0 0
399 172 0 0
398 172 0 0
397 172 0 0
256 172 0 1
255 172 0 1
254 172 0 1
253 172 0 1
252 172 0 1
251 172 0 1
83 172 0 0
82 172 0 0
81 172 0 0
80 172 0 0
79 172 0 0
78 172 0 0
403 171 0 0
402 171 0 0
401 171 0 0
400 171 0 0
399 171 0 0
398 171 0 0
397 171 0 0
256 171 0 1
255 171 0 1
254 171 0 1
253 171 0 1
252 171 0 1
251 171 0 1
250 171 0 1
249 171 0 1
83 171 0 0
82 171 0 0
81 171 0 0
80 171 0 0
79 171 0 0
78 171 0 0
403 170 0 0
402 170 0 0
401 170 0 0
400 170 0 0
399 170 0 0
398 170 0 0
397 170 0 0
255 170 0 1
254 170 0 1
253 170 0 1
252 170 0 1
251 170 0 1
250 170 0 1
249 170 0 1
83 170 0 0
82 170 0 0
81 170 0 0
80 170 0 0
79 170 0 0
78 170 0 0
403 169 0 0
402 169 0 0
401 169 0 0
400 169 0 0
399 169 0 0
398 169 0 0
397 169 0 0
253 169 0 1
252 169 0 1
251 169 0 1
250 169 0 1
249 169 0 1
248 169 0 1
83 169 0 0
82 169 0 0
81 169 0 0
80 169 0 0
79 169 0 0
78 169 0 0
403 168 0 0
402 168 0 0
401 168 0 0
400 168 0 0
399 168 0 0
398 168 0 0
397 168 0 0
253 168 0 1
252 168 0 1
251 168 0 1
250 168 0 1
249 168 0 1
248 168 0 1
83 168 0 0
82 168 0 0
81 168 0 0
80 168 0 0
79 168 0 0
78 168 0 0
403 167 0 0
402 167 0 0
401 167 0 0
400 167 0 0
399 167 0 0
398 167 0 0
397 167 0 0
253 167 0 1
252 167 0 1
251 167 0 1
250 167 0 1
249 167 0 1
248 167 0 1
83 167 0 0
82 167 0 0
81 167 0 0
80 167 0 0
79 167 0 0
78 167 0 0
403 166 0 0
402 166 0 0
401 166 0 0
400 166 0 0
399 166 0 0
398 166 0 0
397 166 0 0
252 166 0 1
251 166 0 1
250 166 0 1
249 166 0 1
248 166 0 1
247 166 0 1
83 166 0 0
82 166 0 0
81 166 0 0
80 166 0 0
79 166 0 0
78 166 0 0
401 165 0 0
400 165 0 0
399 165 0 0
398 165 0 0
397 165 0 0
396 165 0 0
252 165 0 1
251 165 0 1
250 165 0 1
249 165 0 1
248 165 0 1
247 165 0 1
85 165 0 0
84 165 0 0
83 165 0 0
82 165 0 0
81 165 0 0
80 165 0 0
79 165 0 0
401 164 0 0
400 164 0 0
399 164 0 0
398 164 0 0
397 164 0 0
396 164 0 0
251 164 0 1
250 164 0 1
249 164 0 1
248 164 0 1
247 164 0 1
246 164 0 1
85 164 0 0
84 164 0 0
83 164 0 0
82 164 0 0
81 164 0 0
80 164 0 0
79 164 0 0
401 163 0 0
400 163 0 0
399 163 0 0
398 163 0 0
397 163 0 0
396 163 0 0
251 163 0 1
250 163 0 1
249 163 0 1
248 163 0 1
247 163 0 1
246 163 0 1
85 163 0 0
84 163 0 0
83 163 0 0
82 163 0 0
81 163 0 0
80 163 0 0
79 163 0 0
401 162 0 0
400 162 0 0
399 162 0 0
398 162 0 0
397 162 0 0
396 162 0 0
251 162 0 1
250 162 0 1
249 162 0 1
248 162 0 1
247 162 0 1
246 162 0 1
245 162 0 1
85 162 0 0
84 162 0 0
83 162 0 0
82 162 0 0
81 162 0 0
80 162 0 0
79 162 0 0
401 161 0 0
400 161 0 0
399 161 0 0
398 161 0 0
397 161 0 0
396 161 0 0
250 161 0 1
249 161 0 1
248 161 0 1
247 161 0 1
246 161 0 1
245 161 0 1
85 161 0 0
84 161 0 0
83 161 0 0
82 161 0 0
81 161 0 0
80 161 0 0
79 161 0 0
401 160 0 0
400 160 0 0
399 160 0 0
398 160 0 0
397 160 0 0
396 160 0 0
250 160 0 1
249 160 0 1
248 160 0 1
247 160 0 1
246 160 0 1
245 160 0 1
85 160 0 0
84 160 0 0
83 160 0 0
82 160 0 0
81 160 0 0
80 160 0 0
79 160 0 0
401 159 0 0
400 159 0 0
399 159 0 0
398 159 0 0
397 159 0 0
396 159 0 0
248 159 0 1
247 159 0 1
246 159 0 1
245 159 0 1
244 159 0 1
243 159 0 1
85 159 0 0
84 159 0 0
83 159 0 0
82 159 0 0
81 159 0 0
80 159 0 0
79 159 0 0
401 158 0 0
400 158 0 0
399 158 0 0
398 158 0 0
397 158 0 0
396 158 0 0
248 158 0 1
247 158 0 1
246 158 0 1
245 158 0 1
244 158 0 1
243 158 0 1
86 158 0 0
85 158 0 0
84 158 0 0
83 158 0 0
82 158 0 0
81 158 0 0
401 157 0 0
400 157 0 0
399 157 0 0
398 157 0 0
397 157 0 0
396 157 0 0
248 157 0 1
247 157 0 1
246 157 0 1
245 157 0 1
244 157 0 1
243 157 0 1
86 157 0 0
85 157 0 0
84 157 0 0
83 157 0 0
82 157 0 0
81 157 0 0
401 156 0 0
400 156 0 0
399 156 0 0
398 156 0 0
397 156 0 0
396 156 0 0
247 156 0 1
246 156 0 1
245 156 0 1
244 156 0 1
243 156 0 1
242 156 0 1
86 156 0 0
85 156 0 0
84 156 0 0
83 156 0 0
82 156 0 0
81 156 0 0
401 155 0 0
400 155 0 0
399 155 0 0
398 155 0 0
397 155 0 0
396 155 0 0
247 155 0 1
246 155 0 1
245 155 0 1
244 155 0 1
243 155 0 1
242 155 0 1
86 155 0 0
85 155 0 0
84 155 0 0
83 155 0 0
82 155 0 0
81 155 0 0
401 154 0 0
400 154 0 0
399 154 0 0
398 154 0 0
397 154 0 0
396 154 0 0
246 154 0 1
245 154 0 1
244 154 0 1
243 154 0 1
242 154 0 1
241 154 0 1
86 154 0 0
85 154 0 0
84 154 0 0
83 154 0 0
82 154 0 0
81 154 0 0
401 153 0 0
400 153 0 0
399 153 0 0
398 153 0 0
397 153 0 0
396 153 0 0
245 153 0 1
244 153 0 1
243 153 0 1
242 153 0 1
241 153 0 1
240 153 0 1
86 153 0 0
85 153 0 0
84 153 0 0
83 153 0 0
82 153 0 0
81 153 0 0
401 152 0 0
400 152 0 0
399 152 0 0
398 152 0 0
397 152 0 0
396 152 0 0
245 152 0 1
244 152 0 1
243 152 0 1
242 152 0 1
241 152 0 1
240 152 0 1
86 152 0 0
85 152 0 0
84 152 0 0
83 152 0 0
82 152 0 0
81 152 0 0
400 151 0 0
399 151 0 0
398 151 0 0
397 151 0 0
396 151 0 0
395 151 0 0
245 151 0 1
244 151 0 1
243 151 0 1
242 151 0 1
241 151 0 1
240 151 0 1
87 151 0 0
86 151 0 0
85 151 0 0
84 151 0 0
83 151 0 0
82 151 0 0
400 150 0 0
399 150 0 0
398 150 0 0
397 150 0 0
396 150 0 0
395 150 0 0
244 150 0 1
243 150 0 1
242 150 0 1
241 150 0 1
240 150 0 1
239 150 0 1
238 150 0 1
87 150 0 0
86 150 0 0
85 150 0 0
84 150 0 0
83 150 0 0
82 150 0 0
400 149 0 0
399 149 0 0
398 149 0 0
397 149 0 0
396 149 0 0
395 149 0 0
244 149 0 1
243 149 0 1
242 149 0 1
241 149 0 1
240 149 0 1
239 149 0 1
238 149 0 1
87 149 0 0
86 149 0 0
85 149 0 0
84 149 0 0
83 149 0 0
82 149 0 0
400 148 0 0
399 148 0 0
398 148 0 0
397 148 0 0
396 148 0 0
395 148 0 0
242 148 0 1
241 148 0 1
240 148 0 1
239 148 0 1
238 148 0 1
237 148 0 1
87 148 0 0
86 148 0 0
85 148 0 0
84 148 0 0
83 148 0 0
82 148 0 0
400 147 0 0
399 147 0 0
398 147 0 0
397 147 0 0
396 147 0 0
395 147 0 0
242 147 0 1
241 147 0 1
240 147 0 1
239 147 0 1
238 147 0 1
237 147 0 1
87 147 0 0
86 147 0 0
85 147 0 0
84 147 0 0
83 147 0 0
82 147 0 0
400 146 0 0
399 146 0 0
398 146 0 0
397 146 0 0
396 146 0 0
395 146 0 0
242 146 0 1
241 146 0 1
240 146 0 1
239 146 0 1
238 146 0 1
237 146 0 1
87 146 0 0
86 146 0 0
85 146 0 0
84 146 0 0
83 146 0 0
82 146 0 0
400 145 0 0
399 145 0 0
398 145 0 0
397 145 0 0
396 145 0 0
395 145 0 0
242 145 0 1
241 145 0 1
240 145 0 1
239 145 0 1
238 145 0 1
237 145 0 1
236 145 0 1
88 145 0 0
87 145 0 0
86 145 0 0
85 145 0 0
84 145 0 0
83 145 0 0
400 144 0 0
399 144 0 0
398 144 0 0
397 144 0 0
396 144 0 0
395 144 0 0
241 144 0 1
240 144 0 1
239 144 0 1
238 144 0 1
237 144 0 1
236 144 0 1
88 144 0 0
87 144 0 0
86 144 0 0
85 144 0 0
84 144 0 0
83 144 0 0
400 143 0 0
399 143 0 0
398 143 0 0
397 143 0 0
396 143 0 0
395 143 0 0
240 143 0 1
239 143 0 1
238 143 0 1
237 143 0 1
236 143 0 1
235 143 0 1
88 143 0 0
87 143 0 0
86 143 0 0
85 143 0 0
84 143 0 0
83 143 0 0
400 142 0 0
399 142 0 0
398 142 0 0
397 142 0 0
396 142 0 0
395 142 0 0
240 142 0 1
239 142 0 1
238 142 0 1
237 142 0 1
236 142 0 1
235 142 0 1
88 142 0 0
87 142 0 0
86 142 0 0
85 142 0 0
84 142 0 0
83 142 0 0
400 141 0 0
399 141 0 0
398 141 0 0
397 141 0 0
396 141 0 0
395 141 0 0
240 141 0 1
239 141 0 1
238 141 0 1
237 141 0 1
236 141 0 1
235 141 0 1
88 141 0 0
87 141 0 0
86 141 0 0
85 141 0 0
84 141 0 0
83 141 0 0
400 140 0 0
399 140 0 0
398 140 0 0
397 140 0 0
396 140 0 0
395 140 0 0
239 140 0 1
238 140 0 1
237 140 0 1
236 140 0 1
235 140 0 1
234 140 0 1
88 140 0 0
87 140 0 0
86 140 0 0
85 140 0 0
84 140 0 0
83 140 0 0
400 139 0 0
399 139 0 0
398 139 0 0
397 139 0 0
396 139 0 0
395 139 0 0
239 139 0 1
238 139 0 1
237 139 0 1
236 139 0 1
235 139 0 1
234 139 0 1
88 139 0 0
87 139 0 0
86 139 0 0
85 139 0 0
84 139 0 0
83 139 0 0
399 138 0 0
398 138 0 0
397 138 0 0
396 138 0 0
395 138 0 0
394 138 0 0
237 138 0 1
236 138 0 1
235 138 0 1
234 138 0 1
233 138 0 1
232 138 0 1
89 138 0 0
88 138 0 0
87 138 0 0
86 138 0 0
85 138 0 0
84 138 0 0
399 137 0 0
398 137 0 0
397 137 0 0
396 137 0 0
395 137 0 0
394 137 0 0
237 137 0 1
236 137 0 1
235 137 0 1
234 137 0 1
233 137 0 1
232 137 0 1
231 137 0 1
89 137 0 0
88 137 0 0
87 137 0 0
86 137 0 0
85 137 0 0
84 137 0 0
399 136 0 0
398 136 0 0
397 136 0 0
396 136 0 0
395 136 0 0
394 136 0 0
236 136 0 1
235 136 0 1
234 136 0 1
233 136 0 1
232 136 0 1
231 136 0 1
89 136 0 0
88 136 0 0
87 136 0 0
86 136 0 0
85 136 0 0
84 136 0 0
399 135 0 0
398 135 0 0
397 135 0 0
396 135 0 0
395 135 0 0
394 135 0 0
236 135 0 1
235 135 0 1
234 135 0 1
233 135 0 1
232 135 0 1
231 135 0 1
89 135 0 0
88 135 0 0
87 135 0 0
86 135 0 0
85 135 0 0
84 135 0 0
399 134 0 0
398 134 0 0
397 134 0 0
396 134 0 0
395 134 0 0
394 134 0 0
236 134 0 1
235 134 0 1
234 134 0 1
233 134 0 1
232 134 0 1
231 134 0 1
89 134 0 0
88 134 0 0
87 134 0 0
86 134 0 0
85 134 0 0
84 134 0 0
399 133 0 0
398 133 0 0
397 133 0 0
396 133 0 0
395 133 0 0
394 133 0 0
235 133 0 1
234 133 0 1
233 133 0 1
232 133 0 1
231 133 0 1
230 133 0 1
89 133 0 0
88 133 0 0
87 133 0 0
86 133 0 0
85 133 0 0
84 133 0 0
399 132 0 0
398 132 0 0
397 132 0 0
396 132 0 0
395 132 0 0
394 132 0 0
235 132 0 1
234 132 0 1
233 132 0 1
232 132 0 1
231 132 0 1
230 132 0 1
91 132 0 0
90 132 0 0
89 132 0 0
88 132 0 0
87 132 0 0
86 132 0 0
399 131 0 0
398 131 0 0
397 131 0 0
396 131 0 0
395 131 0 0
394 131 0 0
234 131 0 1
233 131 0 1
232 131 0 1
231 131 0 1
230 131 0 1
229 131 0 1
91 131 0 0
90 131 0 0
89 131 0 0
88 131 0 0
87 131 0 0
86 131 0 0
399 130 0 0
398 130 0 0
397 130 0 0
396 130 0 0
395 130 0 0
394 130 0 0
234 130 0 1
233 130 0 1
232 130 0 1
231 130 0 1
230 130 0 1
229 130 0 1
91 130 0 0
90 130 0 0
89 130 0 0
88 130 0 0
87 130 0 0
86 130 0 0
399 129 0 0
398 129 0 0
397 129 0 0
396 129 0 0
395 129 0 0
394 129 0 0
234 129 0 1
233 129 0 1
232 129 0 1
231 129 0 1
230 129 0 1
229 129 0 1
91 129 0 0
90 129 0 0
89 129 0 0
88 129 0 0
87 129 0 0
86 129 0 0
399 128 0 0
398 128 0 0
397 128 0 0
396 128 0 0
395 128 0 0
394 128 0 0
233 128 0 1
232 128 0 1
231 128 0 1
230 128 0 1
229 128 0 1
228 128 0 1
227 128 0 1
91 128 0 0
90 128 0 0
89 128 0 0
88 128 0 0
87 128 0 0
86 128 0 0
399 127 0 0
398 127 0 0
397 127 0 0
396 127 0 0
395 127 0 0
394 127 0 0
231 127 0 1
230 127 0 1
229 127 0 1
228 127 0 1
227 127 0 1
226 127 0 1
91 127 0 0
90 127 0 0
89 127 0 0
88 127 0 0
87 127 0 0
86 127 0 0
399 126 0 0
398 126 0 0
397 126 0 0
396 126 0 0
395 126 0 0
394 126 0 0
231 126 0 1
230 126 0 1
229 126 0 1
228 126 0 1
227 126 0 1
226 126 0 1
91 126 0 0
90 126 0 0
89 126 0 0
88 126 0 0
87 126 0 0
86 126 0 0
398 125 0 0
397 125 0 0
396 125 0 0
395 125 0 0
394 125 0 0
393 125 0 0
230 125 0 1
229 125 0 1
228 125 0 1
227 125 0 1
226 125 0 1
225 125 0 1
92 125 0 0
91 125 0 0
90 125 0 0
89 125 0 0
88 125 0 0
87 125 0 0
398 124 0 0
397 124 0 0
396 124 0 0
395 124 0 0
394 124 0 0
393 124 0 0
230 124 0 1
229 124 0 1
228 124 0 1
227 124 0 1
226 124 0 1
225 124 0 1
92 124 0 0
91 124 0 0
90 124 0 0
89 124 0 0
88 124 0 0
87 124 0 0
398 123 0 0
397 123 0 0
396 123 0 0
395 123 0 0
394 123 0 0
393 123 0 0
230 123 0 1
229 123 0 1
228 123 0 1
227 123 0 1
226 123 0 1
225 123 0 1
92 123 0 0
91 123 0 0
90 123 0 0
89 123 0 0
88 123 0 0
87 123 0 0
398 122 0 0
397 122 0 0
396 122 0 0
395 122 0 0
394 122 0 0
393 122 0 0
229 122 0 1
228 122 0 1
227 122 0 1
226 122 0 1
225 122 0 1
224 122 0 1
92 122 0 0
91 122 0 0
90 122 0 0
89 122 0 0
88 122 0 0
87 122 0 0
398 121 0 0
397 121 0 0
396 121 0 0
395 121 0 0
394 121 0 0
393 121 0 0
228 121 0 1
227 121 0 1
226 121 0 1
225 121 0 1
224 121 0 1
223 121 0 1
92 121 0 0
91 121 0 0
90 121 0 0
89 121 0 0
88 121 0 0
87 121 0 0
398 120 0 0
397 120 0 0
396 120 0 0
395 120 0 0
394 120 0 0
393 120 0 0
226 120 0 1
225 120 0 1
224 120 0 1
223 120 0 1
222 120 0 1
221 120 0 1
92 120 0 0
91 120 0 0
90 120 0 0
89 120 0 0
88 120 0 0
87 120 0 0
398 119 0 0
397 119 0 0
396 119 0 0
395 119 0 0
394 119 0 0
393 119 0 0
225 119 0 1
224 119 0 1
223 119 0 1
222 119 0 1
221 119 0 1
220 119 0 1
92 119 0 0
91 119 0 0
90 119 0 0
89 119 0 0
88 119 0 0
87 119 0 0
398 118 0 0
397 118 0 0
396 118 0 0
395 118 0 0
394 118 0 0
393 118 0 0
225 118 0 1
224 118 0 1
223 118 0 1
222 118 0 1
221 118 0 1
220 118 0 1
92 118 0 0
91 118 0 0
90 118 0 0
89 118 0 0
88 118 0 0
87 118 0 0
398 117 0 0
397 117 0 0
396 117 0 0
395 117 0 0
394 117 0 0
393 117 0 0
224 117 0 1
223 117 0 1
222 117 0 1
221 117 0 1
220 117 0 1
219 117 0 1
93 117 0 0
92 117 0 0
91 117 0 0
90 117 0 0
89 117 0 0
88 117 0 0
398 116 0 0
397 116 0 0
396 116 0 0
395 116 0 0
394 116 0 0
393 116 0 0
223 116 0 1
222 116 0 1
221 116 0 1
220 116 0 1
93 116 0 0
92 116 0 0
91 116 0 0
90 116 0 0
89 116 0 0
88 116 0 0
398 115 0 0
397 115 0 0
396 115 0 0
395 115 0 0
394 115 0 0
393 115 0 0
222 115 0 1
221 115 0 1
93 115 0 0
92 115 0 0
91 115 0 0
90 115 0 0
89 115 0 0
88 115 0 0
398 114 0 0
397 114 0 0
396 114 0 0
395 114 0 0
394 114 0 0
393 114 0 0
93 114 0 0
92 114 0 0
91 114 0 0
90 114 0 0
89 114 0 0
88 114 0 0
398 113 0 0
397 113 0 0
396 113 0 0
395 113 0 0
394 113 0 0
393 113 0 0
93 113 0 0
92 113 0 0
91 113 0 0
90 113 0 0
89 113 0 0
88 113 0 0
398 112 0 0
397 112 0 0
396 112 0 0
395 112 0 0
394 112 0 0
393 112 0 0
93 112 0 0
92 112 0 0
91 112 0 0
90 112 0 0
89 112 0 0
88 112 0 0
396 111 0 0
395 111 0 0
394 111 0 0
393 111 0 0
392 111 0 0
391 111 0 0
93 111 0 0
92 111 0 0
91 111 0 0
90 111 0 0
89 111 0 0
88 111 0 0
87 111 0 0
396 110 0 0
395 110 0 0
394 110 0 0
393 110 0 0
392 110 0 0
391 110 0 0
92 110 0 0
91 110 0 0
90 110 0 0
89 110 0 0
88 110 0 0
87 110 0 0
396 109 0 0
395 109 0 0
394 109 0 0
393 109 0 0
392 109 0 0
391 109 0 0
92 109 0 0
91 109 0 0
90 109 0 0
89 109 0 0
88 109 0 0
87 109 0 0
396 108 0 0
395 108 0 0
394 108 0 0
393 108 0 0
392 108 0 0
391 108 0 0
92 108 0 0
91 108 0 0
90 108 0 0
89 108 0 0
88 108 0 0
87 108 0 0
396 107 0 0
395 107 0 0
394 107 0 0
393 107 0 0
392 107 0 0
391 107 0 0
92 107 0 0
91 107 0 0
90 107 0 0
89 107 0 0
88 107 0 0
87 107 0 0
396 106 0 0
395 106 0 0
394 106 0 0
393 106 0 0
392 106 0 0
391 106 0 0
91 106 0 0
90 106 0 0
89 106 0 0
88 106 0 0
396 105 0 0
395 105 0 0
394 105 0 0
393 105 0 0
392 105 0 0
391 105 0 0
89 105 0 0
396 104 0 0
395 104 0 0
394 104 0 0
393 104 0 0
392 104 0 0
391 104 0 0
396 103 0 0
395 103 0 0
394 103 0 0
393 103 0 0
392 103 0 0
391 103 0 0
396 102 0 0
395 102 0 0
394 102 0 0
393 102 0 0
392 102 0 0
391 102 0 0
396 101 0 0
395 101 0 0
394 101 0 0
393 101 0 0
392 101 0 0
391 101 0 0
396 100 0 0
395 100 0 0
394 100 0 0
393 100 0 0
392 100 0 0
391 100 0 0
396 99 0 0
395 99 0 0
394 99 0 0
393 99 0 0
392 99 0 0
391 99 0 0
395 98 0 0
394 98 0 0
393 98 0 0
392 98 0 0
391 98 0 0
390 98 0 0
395 97 0 0
394 97 0 0
393 97 0 0
392 97 0 0
391 97 0 0
390 97 0 0
395 96 0 0
394 96 0 0
393 96 0 0
392 96 0 0
391 96 0 0
390 96 0 0
395 95 0 0
394 95 0 0
393 95 0 0
392 95 0 0
391 95 0 0
390 95 0 0
395 94 0 0
394 94 0 0
393 94 0 0
392 94 0 0
391 94 0 0
390 94 0 0
395 93 0 0
394 93 0 0
393 93 0 0
392 93 0 0
391 93 0 0
390 93 0 0
395 92 0 0
394 92 0 0
393 92 0 0
392 92 0 0
391 92 0 0
390 92 0 0
395 91 0 0
394 91 0 0
393 91 0 0
392 91 0 0
391 91 0 0
390 91 0 0
395 90 0 0
394 90 0 0
393 90 0 0
392 90 0 0
391 90 0 0
390 90 0 0
389 90 0 0
394 89 0 0
393 89 0 0
392 89 0 0
391 89 0 0
390 89 0 0
389 89 0 0
393 88 0 0
392 88 0 0
391 88 0 0
390 88 0 0
389 88 0 0
388 88 0 0
392 87 0 0
391 87 0 0
390 87 0 0
389 87 0 0
388 87 0 0
387 87 0 0
386 87 0 0
390 86 0 0
389 86 0 0
388 86 0 0
390 85 0 0
389 85 0 0
388 85 0 0
389 84 0 0
