2393 321 481
280 414 0 0
281 413 0 0
280 413 0 0
279 413 0 0
282 412 0 0
281 412 0 0
280 412 0 0
279 412 0 0
278 412 0 0
282 411 0 0
281 411 0 0
280 411 0 0
279 411 0 0
278 411 0 0
282 410 0 0
281 410 0 0
280 410 0 0
279 410 0 0
278 410 0 0
282 409 0 0
281 409 0 0
280 409 0 0
279 409 0 0
278 409 0 0
283 408 0 0
282 408 0 0
281 408 0 0
280 408 0 0
279 408 0 0
283 407 0 0
282 407 0 0
281 407 0 0
280 407 0 0
279 407 0 0
283 406 0 0
282 406 0 0
281 406 0 0
280 406 0 0
279 406 0 0
283 405 0 0
282 405 0 0
281 405 0 0
280 405 0 0
279 405 0 0
283 404 0 0
282 404 0 0
281 404 0 0
280 404 0 0
279 404 0 0
283 403 0 0
282 403 0 0
281 403 0 0
280 403 0 0
279 403 0 0
284 402 0 0
283 402 0 0
282 402 0 0
281 402 0 0
280 402 0 0
284 401 0 0
283 401 0 0
282 401 0 0
281 401 0 0
280 401 0 0
284 400 0 0
283 400 0 0
282 400 0 0
281 400 0 0
280 400 0 0
284 399 0 0
283 399 0 0
282 399 0 0
281 399 0 0
280 399 0 0
284 398 0 0
283 398 0 0
282 398 0 0
281 398 0 0
280 398 0 0
284 397 0 0
283 397 0 0
282 397 0 0
281 397 0 0
280 397 0 0
284 396 0 0
283 396 0 0
282 396 0 0
281 396 0 0
280 396 0 0
284 395 0 0
283 395 0 0
282 395 0 0
281 395 0 0
280 395 0 0
284 394 0 0
283 394 0 0
282 394 0 0
281 394 0 0
280 394 0 0
284 393 0 0
283 393 0 0
282 393 0 0
281 393 0 0
280 393 0 0
285 392 0 0
284 392 0 0
283 392 0 0
282 392 0 0
281 392 0 0
285 391 0 0
284 391 0 0
283 391 0 0
282 391 0 0
281 391 0 0
285 390 0 0
284 390 0 0
283 390 0 0
282 390 0 0
281 390 0 0
285 389 0 0
284 389 0 0
283 389 0 0
282 389 0 0
281 389 0 0
285 388 0 0
284 388 0 0
283 388 0 0
282 388 0 0
281 388 0 0
285 387 0 0
284 387 0 0
283 387 0 0
282 387 0 0
281 387 0 0
285 386 0 0
284 386 0 0
283 386 0 0
282 386 0 0
281 386 0 0
285 385 0 0
284 385 0 0
283 385 0 0
282 385 0 0
281 385 0 0
285 384 0 0
284 384 0 0
283 384 0 0
282 384 0 0
281 384 0 0
285 383 0 0
284 383 0 0
283 383 0 0
282 383 0 0
281 383 0 0
285 382 0 0
284 382 0 0
283 382 0 0
282 382 0 0
281 382 0 0
285 381 0 0
284 381 0 0
283 381 0 0
282 381 0 0
281 381 0 0
286 380 0 0
285 380 0 0
284 380 0 0
283 380 0 0
282 380 0 0
286 379 0 0
285 379 0 0
284 379 0 0
283 379 0 0
282 379 0 0
286 378 0 0
285 378 0 0
284 378 0 0
283 378 0 0
282 378 0 0
286 377 0 0
285 377 0 0
284 377 0 0
283 377 0 0
282 377 0 0
286 376 0 0
285 376 0 0
284 376 0 0
283 376 0 0
282 376 0 0
286 375 0 0
285 375 0 0
284 375 0 0
283 375 0 0
282 375 0 0
286 374 0 0
285 374 0 0
284 374 0 0
283 374 0 0
282 374 0 0
286 373 0 0
285 373 0 0
284 373 0 0
283 373 0 0
282 373 0 0
286 372 0 0
285 372 0 0
284 372 0 0
283 372 0 0
282 372 0 0
286 371 0 0
285 371 0 0
284 371 0 0
283 371 0 0
282 371 0 0
286 370 0 0
285 370 0 0
284 370 0 0
283 370 0 0
282 370 0 0
287 369 0 0
286 369 0 0
285 369 0 0
284 369 0 0
283 369 0 0
287 368 0 0
286 368 0 0
285 368 0 0
284 368 0 0
283 368 0 0
287 367 0 0
286 367 0 0
285 367 0 0
284 367 0 0
283 367 0 0
287 366 0 0
286 366 0 0
285 366 0 0
284 366 0 0
283 366 0 0
287 365 0 0
286 365 0 0
285 365 0 0
284 365 0 0
283 365 0 0
287 364 0 0
286 364 0 0
285 364 0 0
284 364 0 0
283 364 0 0
287 363 0 0
286 363 0 0
285 363 0 0
284 363 0 0
283 363 0 0
287 362 0 0
286 362 0 0
285 362 0 0
284 362 0 0
283 362 0 0
287 361 0 0
286 361 0 0
285 361 0 0
284 361 0 0
283 361 0 0
287 360 0 0
286 360 0 0
285 360 0 0
284 360 0 0
283 360 0 0
287 359 0 0
286 359 0 0
285 359 0 0
284 359 0 0
283 359 0 0
287 358 0 0
286 358 0 0
285 358 0 0
284 358 0 0
283 358 0 0
288 357 0 0
287 357 0 0
286 357 0 0
285 357 0 0
284 357 0 0
288 356 0 0
287 356 0 0
286 356 0 0
285 356 0 0
284 356 0 0
288 355 0 0
287 355 0 0
286 355 0 0
285 355 0 0
284 355 0 0
288 354 0 0
287 354 0 0
286 354 0 0
285 354 0 0
284 354 0 0
288 353 0 0
287 353 0 0
286 353 0 0
285 353 0 0
284 353 0 0
288 352 0 0
287 352 0 0
286 352 0 0
285 352 0 0
284 352 0 0
288 351 0 0
287 351 0 0
286 351 0 0
285 351 0 0
284 351 0 0
288 350 0 0
287 350 0 0
286 350 0 0
285 350 0 0
284 350 0 0
288 349 0 0
287 349 0 0
286 349 0 0
285 349 0 0
284 349 0 0
288 348 0 0
287 348 0 0
286 348 0 0
285 348 0 0
284 348 0 0
288 347 0 0
287 347 0 0
286 347 0 0
285 347 0 0
284 347 0 0
288 346 0 0
287 346 0 0
286 346 0 0
285 346 0 0
284 346 0 0
289 345 0 0
288 345 0 0
287 345 0 0
286 345 0 0
285 345 0 0
289 344 0 0
288 344 0 0
287 344 0 0
286 344 0 0
285 344 0 0
289 343 0 0
288 343 0 0
287 343 0 0
286 343 0 0
285 343 0 0
289 342 0 0
288 342 0 0
287 342 0 0
286 342 0 0
285 342 0 0
289 341 0 0
288 341 0 0
287 341 0 0
286 341 0 0
285 341 0 0
289 340 0 0
288 340 0 0
287 340 0 0
286 340 0 0
285 340 0 0
289 339 0 0
288 339 0 0
287 339 0 0
286 339 0 0
285 339 0 0
289 338 0 0
288 338 0 0
287 338 0 0
286 338 0 0
285 338 0 0
289 337 0 0
288 337 0 0
287 337 0 0
286 337 0 0
285 337 0 0
289 336 0 0
288 336 0 0
287 336 0 0
286 336 0 0
285 336 0 0
289 335 0 0
288 335 0 0
287 335 0 0
286 335 0 0
285 335 0 0
289 334 0 0
288 334 0 0
287 334 0 0
286 334 0 0
285 334 0 0
290 333 0 0
289 333 0 0
288 333 0 0
287 333 0 0
286 333 0 0
290 332 0 0
289 332 0 0
288 332 0 0
287 332 0 0
286 332 0 0
290 331 0 0
289 331 0 0
288 331 0 0
287 331 0 0
286 331 0 0
290 330 0 0
289 330 0 0
288 330 0 0
287 330 0 0
286 330 0 0
290 329 0 0
289 329 0 0
288 329 0 0
287 329 0 0
286 329 0 0
290 328 0 0
289 328 0 0
288 328 0 0
287 328 0 0
286 328 0 0
290 327 0 0
289 327 0 0
288 327 0 0
287 327 0 0
286 327 0 0
290 326 0 0
289 326 0 0
288 326 0 0
287 326 0 0
286 326 0 0
290 325 0 0
289 325 0 0
288 325 0 0
287 325 0 0
286 325 0 0
290 324 0 0
289 324 0 0
288 324 0 0
287 324 0 0
286 324 0 0
290 323 0 0
289 323 0 0
288 323 0 0
287 323 0 0
286 323 0 0
291 322 0 0
290 322 0 0
289 322 0 0
288 322 0 0
287 322 0 0
291 321 0 0
290 321 0 0
289 321 0 0
288 321 0 0
287 321 0 0
291 320 0 0
290 320 0 0
289 320 0 0
288 320 0 0
287 320 0 0
291 319 0 0
290 319 0 0
289 319 0 0
288 319 0 0
287 319 0 0
291 318 0 0
290 318 0 0
289 318 0 0
288 318 0 0
287 318 0 0
291 317 0 0
290 317 0 0
289 317 0 0
288 317 0 0
287 317 0 0
291 316 0 0
290 316 0 0
289 316 0 0
288 316 0 0
287 316 0 0
291 315 0 0
290 315 0 0
289 315 0 0
288 315 0 0
287 315 0 0
291 314 0 0
290 314 0 0
289 314 0 0
288 314 0 0
287 314 0 0
291 313 0 0
290 313 0 0
289 313 0 0
288 313 0 0
287 313 0 0
291 312 0 0
290 312 0 0
289 312 0 0
288 312 0 0
287 312 0 0
291 311 0 0
290 311 0 0
289 311 0 0
288 311 0 0
287 311 0 0
292 310 0 0
291 310 0 0
290 310 0 0
289 310 0 0
288 310 0 0
153 310 0 1
292 309 0 0
291 309 0 0
290 309 0 0
289 309 0 0
288 309 0 0
154 309 0 1
153 309 0 1
152 309 0 1
292 308 0 0
291 308 0 0
290 308 0 0
289 308 0 0
288 308 0 0
155 308 0 1
154 308 0 1
153 308 0 1
152 308 0 1
151 308 0 1
292 307 0 0
291 307 0 0
290 307 0 0
289 307 0 0
288 307 0 0
155 307 0 1
154 307 0 1
153 307 0 1
152 307 0 1
151 307 0 1
292 306 0 0
291 306 0 0
290 306 0 0
289 306 0 0
288 306 0 0
155 306 0 1
154 306 0 1
153 306 0 1
152 306 0 1
151 306 0 1
292 305 0 0
291 305 0 0
290 305 0 0
289 305 0 0
288 305 0 0
156 305 0 1
155 305 0 1
154 305 0 1
153 305 0 1
152 305 0 1
151 305 0 1
292 304 0 0
291 304 0 0
290 304 0 0
289 304 0 0
288 304 0 0
156 304 0 1
155 304 0 1
154 304 0 1
153 304 0 1
152 304 0 1
292 303 0 0
291 303 0 0
290 303 0 0
289 303 0 0
288 303 0 0
156 303 0 1
155 303 0 1
154 303 0 1
153 303 0 1
152 303 0 1
292 302 0 0
291 302 0 0
290 302 0 0
289 302 0 0
288 302 0 0
287 302 0 0
156 302 0 1
155 302 0 1
154 302 0 1
153 302 0 1
152 302 0 1
291 301 0 0
290 301 0 0
289 301 0 0
288 301 0 0
287 301 0 0
156 301 0 1
155 301 0 1
154 301 0 1
153 301 0 1
152 301 0 1
291 300 0 0
290 300 0 0
289 300 0 0
288 300 0 0
287 300 0 0
156 300 0 1
155 300 0 1
154 300 0 1
153 300 0 1
152 300 0 1
290 299 0 0
289 299 0 0
288 299 0 0
156 299 0 1
155 299 0 1
154 299 0 1
153 299 0 1
152 299 0 1
289 298 0 0
156 298 0 1
155 298 0 1
154 298 0 1
153 298 0 1
152 298 0 1
156 297 0 1
155 297 0 1
154 297 0 1
153 297 0 1
152 297 0 1
156 296 0 1
155 296 0 1
154 296 0 1
153 296 0 1
152 296 0 1
157 295 0 1
156 295 0 1
155 295 0 1
154 295 0 1
153 295 0 1
157 294 0 1
156 294 0 1
155 294 0 1
154 294 0 1
153 294 0 1
157 293 0 1
156 293 0 1
155 293 0 1
154 293 0 1
153 293 0 1
157 292 0 1
156 292 0 1
155 292 0 1
154 292 0 1
153 292 0 1
158 291 0 1
157 291 0 1
156 291 0 1
155 291 0 1
154 291 0 1
158 290 0 1
157 290 0 1
156 290 0 1
155 290 0 1
154 290 0 1
158 289 0 1
157 289 0 1
156 289 0 1
155 289 0 1
154 289 0 1
158 288 0 1
157 288 0 1
156 288 0 1
155 288 0 1
154 288 0 1
158 287 0 1
157 287 0 1
156 287 0 1
155 287 0 1
154 287 0 1
158 286 0 1
157 286 0 1
156 286 0 1
155 286 0 1
154 286 0 1
158 285 0 1
157 285 0 1
156 285 0 1
155 285 0 1
154 285 0 1
158 284 0 1
157 284 0 1
156 284 0 1
155 284 0 1
154 284 0 1
158 283 0 1
157 283 0 1
156 283 0 1
155 283 0 1
154 283 0 1
158 282 0 1
157 282 0 1
156 282 0 1
155 282 0 1
154 282 0 1
158 281 0 1
157 281 0 1
156 281 0 1
155 281 0 1
154 281 0 1
158 280 0 1
157 280 0 1
156 280 0 1
155 280 0 1
154 280 0 1
158 279 0 1
157 279 0 1
156 279 0 1
155 279 0 1
154 279 0 1
158 278 0 1
157 278 0 1
156 278 0 1
155 278 0 1
154 278 0 1
158 277 0 1
157 277 0 1
156 277 0 1
155 277 0 1
154 277 0 1
158 276 0 1
157 276 0 1
156 276 0 1
155 276 0 1
154 276 0 1
158 275 0 1
157 275 0 1
156 275 0 1
155 275 0 1
154 275 0 1
158 274 0 1
157 274 0 1
156 274 0 1
155 274 0 1
154 274 0 1
158 273 0 1
157 273 0 1
156 273 0 1
155 273 0 1
154 273 0 1
158 272 0 1
157 272 0 1
156 272 0 1
155 272 0 1
154 272 0 1
158 271 0 1
157 271 0 1
156 271 0 1
155 271 0 1
154 271 0 1
158 270 0 1
157 270 0 1
156 270 0 1
155 270 0 1
154 270 0 1
158 269 0 1
157 269 0 1
156 269 0 1
155 269 0 1
154 269 0 1
158 268 0 1
157 268 0 1
156 268 0 1
155 268 0 1
154 268 0 1
158 267 0 1
157 267 0 1
156 267 0 1
155 267 0 1
154 267 0 1
158 266 0 1
157 266 0 1
156 266 0 1
155 266 0 1
154 266 0 1
158 265 0 1
157 265 0 1
156 265 0 1
155 265 0 1
154 265 0 1
158 264 0 1
157 264 0 1
156 264 0 1
155 264 0 1
154 264 0 1
158 263 0 1
157 263 0 1
156 263 0 1
155 263 0 1
154 263 0 1
159 262 0 1
158 262 0 1
157 262 0 1
156 262 0 1
155 262 0 1
154 262 0 1
159 261 0 1
158 261 0 1
157 261 0 1
156 261 0 1
155 261 0 1
159 260 0 1
158 260 0 1
157 260 0 1
156 260 0 1
155 260 0 1
159 259 0 1
158 259 0 1
157 259 0 1
156 259 0 1
155 259 0 1
159 258 0 1
158 258 0 1
157 258 0 1
156 258 0 1
155 258 0 1
159 257 0 1
158 257 0 1
157 257 0 1
156 257 0 1
155 257 0 1
159 256 0 1
158 256 0 1
157 256 0 1
156 256 0 1
159 255 0 1
158 255 0 1
157 255 0 1
156 255 0 1
159 254 0 1
158 254 0 1
157 254 0 1
156 254 0 1
159 253 0 1
158 253 0 1
157 253 0 1
156 253 0 1
159 252 0 1
158 252 0 1
157 252 0 1
156 252 0 1
159 251 0 1
158 251 0 1
157 251 0 1
156 251 0 1
160 250 0 1
159 250 0 1
158 250 0 1
157 250 0 1
160 249 0 1
159 249 0 1
158 249 0 1
157 249 0 1
160 248 0 1
159 248 0 1
158 248 0 1
157 248 0 1
160 247 0 1
159 247 0 1
158 247 0 1
157 247 0 1
160 246 0 1
159 246 0 1
158 246 0 1
157 246 0 1
161 245 0 1
160 245 0 1
159 245 0 1
158 245 0 1
161 244 0 1
160 244 0 1
159 244 0 1
158 244 0 1
161 243 0 1
160 243 0 1
159 243 0 1
158 243 0 1
161 242 0 1
160 242 0 1
159 242 0 1
158 242 0 1
161 241 0 1
160 241 0 1
159 241 0 1
158 241 0 1
161 240 0 1
160 240 0 1
159 240 0 1
158 240 0 1
161 239 0 1
160 239 0 1
159 239 0 1
158 239 0 1
161 238 0 1
160 238 0 1
159 238 0 1
158 238 0 1
161 237 0 1
160 237 0 1
159 237 0 1
158 237 0 1
161 236 0 1
160 236 0 1
159 236 0 1
158 236 0 1
160 235 0 1
159 235 0 1
158 235 0 1
157 235 0 1
160 234 0 1
159 234 0 1
158 234 0 1
157 234 0 1
160 233 0 1
159 233 0 1
158 233 0 1
157 233 0 1
160 232 0 1
159 232 0 1
158 232 0 1
157 232 0 1
160 231 0 1
159 231 0 1
158 231 0 1
157 231 0 1
160 230 0 1
159 230 0 1
158 230 0 1
157 230 0 1
160 229 0 1
159 229 0 1
158 229 0 1
157 229 0 1
160 228 0 1
159 228 0 1
158 228 0 1
157 228 0 1
160 227 0 1
159 227 0 1
158 227 0 1
157 227 0 1
160 226 0 1
159 226 0 1
158 226 0 1
157 226 0 1
160 225 0 1
159 225 0 1
158 225 0 1
157 225 0 1
160 224 0 1
159 224 0 1
158 224 0 1
157 224 0 1
159 223 0 1
158 223 0 1
157 223 0 1
156 223 0 1
159 222 0 1
158 222 0 1
157 222 0 1
156 222 0 1
159 221 0 1
158 221 0 1
157 221 0 1
156 221 0 1
159 220 0 1
158 220 0 1
157 220 0 1
156 220 0 1
159 219 0 1
158 219 0 1
157 219 0 1
156 219 0 1
159 218 0 1
158 218 0 1
157 218 0 1
156 218 0 1
159 217 0 1
158 217 0 1
157 217 0 1
156 217 0 1
159 216 0 1
158 216 0 1
157 216 0 1
156 216 0 1
159 215 0 1
158 215 0 1
157 215 0 1
156 215 0 1
159 214 0 1
158 214 0 1
157 214 0 1
156 214 0 1
159 213 0 1
158 213 0 1
157 213 0 1
156 213 0 1
159 212 0 1
158 212 0 1
157 212 0 1
156 212 0 1
159 211 0 1
158 211 0 1
157 211 0 1
156 211 0 1
159 210 0 1
158 210 0 1
157 210 0 1
156 210 0 1
155 210 0 1
159 209 0 1
158 209 0 1
157 209 0 1
156 209 0 1
155 209 0 1
159 208 0 1
158 208 0 1
157 208 0 1
156 208 0 1
155 208 0 1
159 207 0 1
158 207 0 1
157 207 0 1
156 207 0 1
155 207 0 1
159 206 0 1
158 206 0 1
157 206 0 1
156 206 0 1
155 206 0 1
159 205 0 1
158 205 0 1
157 205 0 1
156 205 0 1
155 205 0 1
159 204 0 1
158 204 0 1
157 204 0 1
156 204 0 1
155 204 0 1
159 203 0 1
158 203 0 1
157 203 0 1
156 203 0 1
155 203 0 1
159 202 0 1
158 202 0 1
157 202 0 1
156 202 0 1
155 202 0 1
159 201 0 1
158 201 0 1
157 201 0 1
156 201 0 1
155 201 0 1
159 200 0 1
158 200 0 1
157 200 0 1
156 200 0 1
155 200 0 1
159 199 0 1
158 199 0 1
157 199 0 1
156 199 0 1
155 199 0 1
159 198 0 1
158 198 0 1
157 198 0 1
156 198 0 1
155 198 0 1
158 197 0 1
157 197 0 1
156 197 0 1
155 197 0 1
154 197 0 1
158 196 0 1
157 196 0 1
156 196 0 1
155 196 0 1
154 196 0 1
158 195 0 1
157 195 0 1
156 195 0 1
155 195 0 1
154 195 0 1
158 194 0 1
157 194 0 1
156 194 0 1
155 194 0 1
154 194 0 1
158 193 0 1
157 193 0 1
156 193 0 1
155 193 0 1
154 193 0 1
158 192 0 1
157 192 0 1
156 192 0 1
155 192 0 1
154 192 0 1
158 191 0 1
157 191 0 1
156 191 0 1
155 191 0 1
154 191 0 1
158 190 0 1
157 190 0 1
156 190 0 1
155 190 0 1
154 190 0 1
158 189 0 1
157 189 0 1
156 189 0 1
155 189 0 1
154 189 0 1
158 188 0 1
157 188 0 1
156 188 0 1
155 188 0 1
154 188 0 1
157 187 0 1
156 187 0 1
155 187 0 1
154 187 0 1
153 187 0 1
157 186 0 1
156 186 0 1
155 186 0 1
154 186 0 1
153 186 0 1
157 185 0 1
156 185 0 1
155 185 0 1
154 185 0 1
153 185 0 1
157 184 0 1
156 184 0 1
155 184 0 1
154 184 0 1
153 184 0 1
157 183 0 1
156 183 0 1
155 183 0 1
154 183 0 1
153 183 0 1
157 182 0 1
156 182 0 1
155 182 0 1
154 182 0 1
153 182 0 1
157 181 0 1
156 181 0 1
155 181 0 1
154 181 0 1
153 181 0 1
157 180 0 1
156 180 0 1
155 180 0 1
154 180 0 1
153 180 0 1
157 179 0 1
156 179 0 1
155 179 0 1
154 179 0 1
153 179 0 1
157 178 0 1
156 178 0 1
155 178 0 1
154 178 0 1
153 178 0 1
157 177 0 1
156 177 0 1
155 177 0 1
154 177 0 1
153 177 0 1
157 176 0 1
156 176 0 1
155 176 0 1
154 176 0 1
153 176 0 1
157 175 0 1
156 175 0 1
155 175 0 1
154 175 0 1
153 175 0 1
156 174 0 1
155 174 0 1
154 174 0 1
153 174 0 1
152 174 0 1
156 173 0 1
155 173 0 1
154 173 0 1
153 173 0 1
152 173 0 1
156 172 0 1
155 172 0 1
154 172 0 1
153 172 0 1
152 172 0 1
156 171 0 1
155 171 0 1
154 171 0 1
153 171 0 1
152 171 0 1
23 171 0 0
22 171 0 0
156 170 0 1
155 170 0 1
154 170 0 1
153 170 0 1
152 170 0 1
24 170 0 0
23 170 0 0
22 170 0 0
21 170 0 0
156 169 0 1
155 169 0 1
154 169 0 1
153 169 0 1
152 169 0 1
24 169 0 0
23 169 0 0
22 169 0 0
21 169 0 0
156 168 0 1
155 168 0 1
154 168 0 1
153 168 0 1
152 168 0 1
25 168 0 0
24 168 0 0
23 168 0 0
22 168 0 0
156 167 0 1
155 167 0 1
154 167 0 1
153 167 0 1
152 167 0 1
26 167 0 0
25 167 0 0
24 167 0 0
23 167 0 0
22 167 0 0
156 166 0 1
155 166 0 1
154 166 0 1
153 166 0 1
152 166 0 1
26 166 0 0
25 166 0 0
24 166 0 0
23 166 0 0
156 165 0 1
155 165 0 1
154 165 0 1
153 165 0 1
152 165 0 1
26 165 0 0
25 165 0 0
24 165 0 0
23 165 0 0
156 164 0 1
155 164 0 1
154 164 0 1
153 164 0 1
152 164 0 1
27 164 0 0
26 164 0 0
25 164 0 0
24 164 0 0
23 164 0 0
156 163 0 1
155 163 0 1
154 163 0 1
153 163 0 1
152 163 0 1
27 163 0 0
26 163 0 0
25 163 0 0
24 163 0 0
23 163 0 0
156 162 0 1
155 162 0 1
154 162 0 1
153 162 0 1
152 162 0 1
27 162 0 0
26 162 0 0
25 162 0 0
24 162 0 0
23 162 0 0
155 161 0 1
154 161 0 1
153 161 0 1
152 161 0 1
151 161 0 1
27 161 0 0
26 161 0 0
25 161 0 0
24 161 0 0
23 161 0 0
155 160 0 1
154 160 0 1
153 160 0 1
152 160 0 1
151 160 0 1
27 160 0 0
26 160 0 0
25 160 0 0
24 160 0 0
23 160 0 0
155 159 0 1
154 159 0 1
153 159 0 1
152 159 0 1
151 159 0 1
27 159 0 0
26 159 0 0
25 159 0 0
24 159 0 0
23 159 0 0
155 158 0 1
154 158 0 1
153 158 0 1
152 158 0 1
151 158 0 1
28 158 0 0
27 158 0 0
26 158 0 0
25 158 0 0
24 158 0 0
155 157 0 1
154 157 0 1
153 157 0 1
152 157 0 1
151 157 0 1
28 157 0 0
27 157 0 0
26 157 0 0
25 157 0 0
24 157 0 0
155 156 0 1
154 156 0 1
153 156 0 1
152 156 0 1
151 156 0 1
28 156 0 0
27 156 0 0
26 156 0 0
25 156 0 0
24 156 0 0
155 155 0 1
154 155 0 1
153 155 0 1
152 155 0 1
151 155 0 1
28 155 0 0
27 155 0 0
26 155 0 0
25 155 0 0
24 155 0 0
155 154 0 1
154 154 0 1
153 154 0 1
152 154 0 1
151 154 0 1
28 154 0 0
27 154 0 0
26 154 0 0
25 154 0 0
24 154 0 0
155 153 0 1
154 153 0 1
153 153 0 1
152 153 0 1
151 153 0 1
28 153 0 0
27 153 0 0
26 153 0 0
25 153 0 0
24 153 0 0
155 152 0 1
154 152 0 1
153 152 0 1
152 152 0 1
151 152 0 1
28 152 0 0
27 152 0 0
26 152 0 0
25 152 0 0
24 152 0 0
155 151 0 1
154 151 0 1
153 151 0 1
152 151 0 1
151 151 0 1
29 151 0 0
28 151 0 0
27 151 0 0
26 151 0 0
25 151 0 0
154 150 0 1
153 150 0 1
152 150 0 1
151 150 0 1
150 150 0 1
29 150 0 0
28 150 0 0
27 150 0 0
26 150 0 0
25 150 0 0
154 149 0 1
153 149 0 1
152 149 0 1
151 149 0 1
150 149 0 1
29 149 0 0
28 149 0 0
27 149 0 0
26 149 0 0
25 149 0 0
154 148 0 1
153 148 0 1
152 148 0 1
151 148 0 1
150 148 0 1
29 148 0 0
28 148 0 0
27 148 0 0
26 148 0 0
25 148 0 0
154 147 0 1
153 147 0 1
152 147 0 1
151 147 0 1
150 147 0 1
29 147 0 0
28 147 0 0
27 147 0 0
26 147 0 0
25 147 0 0
154 146 0 1
153 146 0 1
152 146 0 1
151 146 0 1
150 146 0 1
29 146 0 0
28 146 0 0
27 146 0 0
26 146 0 0
25 146 0 0
154 145 0 1
153 145 0 1
152 145 0 1
151 145 0 1
150 145 0 1
29 145 0 0
28 145 0 0
27 145 0 0
26 145 0 0
25 145 0 0
154 144 0 1
153 144 0 1
152 144 0 1
151 144 0 1
150 144 0 1
29 144 0 0
28 144 0 0
27 144 0 0
26 144 0 0
25 144 0 0
154 143 0 1
153 143 0 1
152 143 0 1
151 143 0 1
150 143 0 1
149 143 0 1
30 143 0 0
29 143 0 0
28 143 0 0
27 143 0 0
26 143 0 0
153 142 0 1
152 142 0 1
151 142 0 1
150 142 0 1
149 142 0 1
30 142 0 0
29 142 0 0
28 142 0 0
27 142 0 0
26 142 0 0
152 141 0 1
151 141 0 1
150 141 0 1
149 141 0 1
148 141 0 1
30 141 0 0
29 141 0 0
28 141 0 0
27 141 0 0
26 141 0 0
151 140 0 1
150 140 0 1
149 140 0 1
148 140 0 1
147 140 0 1
30 140 0 0
29 140 0 0
28 140 0 0
27 140 0 0
26 140 0 0
150 139 0 1
149 139 0 1
148 139 0 1
30 139 0 0
29 139 0 0
28 139 0 0
27 139 0 0
26 139 0 0
149 138 0 1
30 138 0 0
29 138 0 0
28 138 0 0
27 138 0 0
26 138 0 0
30 137 0 0
29 137 0 0
28 137 0 0
27 137 0 0
26 137 0 0
30 136 0 0
29 136 0 0
28 136 0 0
27 136 0 0
26 136 0 0
30 135 0 0
29 135 0 0
28 135 0 0
27 135 0 0
26 135 0 0
31 134 0 0
30 134 0 0
29 134 0 0
28 134 0 0
27 134 0 0
31 133 0 0
30 133 0 0
29 133 0 0
28 133 0 0
27 133 0 0
31 132 0 0
30 132 0 0
29 132 0 0
28 132 0 0
27 132 0 0
31 131 0 0
30 131 0 0
29 131 0 0
28 131 0 0
27 131 0 0
31 130 0 0
30 130 0 0
29 130 0 0
28 130 0 0
27 130 0 0
31 129 0 0
30 129 0 0
29 129 0 0
28 129 0 0
27 129 0 0
31 128 0 0
30 128 0 0
29 128 0 0
28 128 0 0
27 128 0 0
31 127 0 0
30 127 0 0
29 127 0 0
28 127 0 0
27 127 0 0
32 126 0 0
31 126 0 0
30 126 0 0
29 126 0 0
28 126 0 0
32 125 0 0
31 125 0 0
30 125 0 0
29 125 0 0
28 125 0 0
32 124 0 0
31 124 0 0
30 124 0 0
29 124 0 0
28 124 0 0
32 123 0 0
31 123 0 0
30 123 0 0
29 123 0 0
28 123 0 0
32 122 0 0
31 122 0 0
30 122 0 0
29 122 0 0
28 122 0 0
32 121 0 0
31 121 0 0
30 121 0 0
29 121 0 0
28 121 0 0
32 120 0 0
31 120 0 0
30 120 0 0
29 120 0 0
28 120 0 0
32 119 0 0
31 119 0 0
30 119 0 0
29 119 0 0
28 119 0 0
32 118 0 0
31 118 0 0
30 118 0 0
29 118 0 0
28 118 0 0
33 117 0 0
32 117 0 0
31 117 0 0
30 117 0 0
29 117 0 0
33 116 0 0
32 116 0 0
31 116 0 0
30 116 0 0
29 116 0 0
33 115 0 0
32 115 0 0
31 115 0 0
30 115 0 0
29 115 0 0
33 114 0 0
32 114 0 0
31 114 0 0
30 114 0 0
29 114 0 0
33 113 0 0
32 113 0 0
31 113 0 0
30 113 0 0
29 113 0 0
33 112 0 0
32 112 0 0
31 112 0 0
30 112 0 0
29 112 0 0
33 111 0 0
32 111 0 0
31 111 0 0
30 111 0 0
29 111 0 0
34 110 0 0
33 110 0 0
32 110 0 0
31 110 0 0
30 110 0 0
29 110 0 0
34 109 0 0
33 109 0 0
32 109 0 0
31 109 0 0
30 109 0 0
34 108 0 0
33 108 0 0
32 108 0 0
31 108 0 0
30 108 0 0
34 107 0 0
33 107 0 0
32 107 0 0
31 107 0 0
30 107 0 0
34 106 0 0
33 106 0 0
32 106 0 0
31 106 0 0
30 106 0 0
34 105 0 0
33 105 0 0
32 105 0 0
31 105 0 0
30 105 0 0
34 104 0 0
33 104 0 0
32 104 0 0
31 104 0 0
30 104 0 0
284 103 0 0
35 103 0 0
34 103 0 0
33 103 0 0
32 103 0 0
31 103 0 0
285 102 0 0
284 102 0 0
283 102 0 0
35 102 0 0
34 102 0 0
33 102 0 0
32 102 0 0
31 102 0 0
286 101 0 0
285 101 0 0
284 101 0 0
283 101 0 0
282 101 0 0
35 101 0 0
34 101 0 0
33 101 0 0
32 101 0 0
31 101 0 0
286 100 0 0
285 100 0 0
284 100 0 0
283 100 0 0
282 100 0 0
35 100 0 0
34 100 0 0
33 100 0 0
32 100 0 0
31 100 0 0
286 99 0 0
285 99 0 0
284 99 0 0
283 99 0 0
282 99 0 0
35 99 0 0
34 99 0 0
33 99 0 0
32 99 0 0
31 99 0 0
285 98 0 0
284 98 0 0
283 98 0 0
282 98 0 0
281 98 0 0
35 98 0 0
34 98 0 0
33 98 0 0
32 98 0 0
31 98 0 0
285 97 0 0
284 97 0 0
283 97 0 0
282 97 0 0
281 97 0 0
35 97 0 0
34 97 0 0
33 97 0 0
32 97 0 0
31 97 0 0
284 96 0 0
283 96 0 0
282 96 0 0
281 96 0 0
280 96 0 0
35 96 0 0
34 96 0 0
33 96 0 0
32 96 0 0
31 96 0 0
284 95 0 0
283 95 0 0
282 95 0 0
281 95 0 0
280 95 0 0
35 95 0 0
34 95 0 0
33 95 0 0
32 95 0 0
31 95 0 0
284 94 0 0
283 94 0 0
282 94 0 0
281 94 0 0
280 94 0 0
279 94 0 0
36 94 0 0
35 94 0 0
34 94 0 0
33 94 0 0
32 94 0 0
283 93 0 0
282 93 0 0
281 93 0 0
280 93 0 0
279 93 0 0
36 93 0 0
35 93 0 0
34 93 0 0
33 93 0 0
32 93 0 0
283 92 0 0
282 92 0 0
281 92 0 0
280 92 0 0
279 92 0 0
36 92 0 0
35 92 0 0
34 92 0 0
33 92 0 0
32 92 0 0
282 91 0 0
281 91 0 0
280 91 0 0
279 91 0 0
278 91 0 0
36 91 0 0
35 91 0 0
34 91 0 0
33 91 0 0
32 91 0 0
282 90 0 0
281 90 0 0
280 90 0 0
279 90 0 0
278 90 0 0
36 90 0 0
35 90 0 0
34 90 0 0
33 90 0 0
32 90 0 0
281 89 0 0
280 89 0 0
279 89 0 0
278 89 0 0
277 89 0 0
36 89 0 0
35 89 0 0
34 89 0 0
33 89 0 0
32 89 0 0
281 88 0 0
280 88 0 0
279 88 0 0
278 88 0 0
277 88 0 0
36 88 0 0
35 88 0 0
34 88 0 0
33 88 0 0
32 88 0 0
281 87 0 0
280 87 0 0
279 87 0 0
278 87 0 0
277 87 0 0
36 87 0 0
35 87 0 0
34 87 0 0
33 87 0 0
32 87 0 0
280 86 0 0
279 86 0 0
278 86 0 0
277 86 0 0
276 86 0 0
37 86 0 0
36 86 0 0
35 86 0 0
34 86 0 0
33 86 0 0
280 85 0 0
279 85 0 0
278 85 0 0
277 85 0 0
276 85 0 0
37 85 0 0
36 85 0 0
35 85 0 0
34 85 0 0
33 85 0 0
279 84 0 0
278 84 0 0
277 84 0 0
276 84 0 0
275 84 0 0
37 84 0 0
36 84 0 0
35 84 0 0
34 84 0 0
33 84 0 0
279 83 0 0
278 83 0 0
277 83 0 0
276 83 0 0
275 83 0 0
37 83 0 0
36 83 0 0
35 83 0 0
34 83 0 0
33 83 0 0
278 82 0 0
277 82 0 0
276 82 0 0
275 82 0 0
274 82 0 0
37 82 0 0
36 82 0 0
35 82 0 0
34 82 0 0
33 82 0 0
278 81 0 0
277 81 0 0
276 81 0 0
275 81 0 0
274 81 0 0
37 81 0 0
36 81 0 0
35 81 0 0
34 81 0 0
33 81 0 0
278 80 0 0
277 80 0 0
276 80 0 0
275 80 0 0
274 80 0 0
37 80 0 0
36 80 0 0
35 80 0 0
34 80 0 0
33 80 0 0
277 79 0 0
276 79 0 0
275 79 0 0
274 79 0 0
273 79 0 0
37 79 0 0
36 79 0 0
35 79 0 0
34 79 0 0
33 79 0 0
277 78 0 0
276 78 0 0
275 78 0 0
274 78 0 0
273 78 0 0
37 78 0 0
36 78 0 0
35 78 0 0
34 78 0 0
33 78 0 0
276 77 0 0
275 77 0 0
274 77 0 0
273 77 0 0
272 77 0 0
38 77 0 0
37 77 0 0
36 77 0 0
35 77 0 0
34 77 0 0
276 76 0 0
275 76 0 0
274 76 0 0
273 76 0 0
272 76 0 0
38 76 0 0
37 76 0 0
36 76 0 0
35 76 0 0
34 76 0 0
276 75 0 0
275 75 0 0
274 75 0 0
273 75 0 0
272 75 0 0
38 75 0 0
37 75 0 0
36 75 0 0
35 75 0 0
34 75 0 0
275 74 0 0
274 74 0 0
273 74 0 0
272 74 0 0
271 74 0 0
38 74 0 0
37 74 0 0
36 74 0 0
35 74 0 0
34 74 0 0
275 73 0 0
274 73 0 0
273 73 0 0
272 73 0 0
271 73 0 0
38 73 0 0
37 73 0 0
36 73 0 0
35 73 0 0
34 73 0 0
274 72 0 0
273 72 0 0
272 72 0 0
271 72 0 0
270 72 0 0
38 72 0 0
37 72 0 0
36 72 0 0
35 72 0 0
34 72 0 0
274 71 0 0
273 71 0 0
272 71 0 0
271 71 0 0
270 71 0 0
38 71 0 0
37 71 0 0
36 71 0 0
35 71 0 0
34 71 0 0
273 70 0 0
272 70 0 0
271 70 0 0
270 70 0 0
269 70 0 0
38 70 0 0
37 70 0 0
36 70 0 0
35 70 0 0
34 70 0 0
273 69 0 0
272 69 0 0
271 69 0 0
270 69 0 0
269 69 0 0
39 69 0 0
38 69 0 0
37 69 0 0
36 69 0 0
35 69 0 0
273 68 0 0
272 68 0 0
271 68 0 0
270 68 0 0
269 68 0 0
39 68 0 0
38 68 0 0
37 68 0 0
36 68 0 0
35 68 0 0
272 67 0 0
271 67 0 0
270 67 0 0
269 67 0 0
268 67 0 0
39 67 0 0
38 67 0 0
37 67 0 0
36 67 0 0
35 67 0 0
272 66 0 0
271 66 0 0
270 66 0 0
269 66 0 0
268 66 0 0
39 66 0 0
38 66 0 0
37 66 0 0
36 66 0 0
35 66 0 0
271 65 0 0
270 65 0 0
269 65 0 0
268 65 0 0
267 65 0 0
39 65 0 0
38 65 0 0
37 65 0 0
36 65 0 0
35 65 0 0
271 64 0 0
270 64 0 0
269 64 0 0
268 64 0 0
267 64 0 0
39 64 0 0
38 64 0 0
37 64 0 0
36 64 0 0
35 64 0 0
270 63 0 0
269 63 0 0
268 63 0 0
267 63 0 0
266 63 0 0
39 63 0 0
38 63 0 0
37 63 0 0
36 63 0 0
35 63 0 0
270 62 0 0
269 62 0 0
268 62 0 0
267 62 0 0
266 62 0 0
40 62 0 0
39 62 0 0
38 62 0 0
37 62 0 0
36 62 0 0
269 61 0 0
268 61 0 0
267 61 0 0
266 61 0 0
265 61 0 0
40 61 0 0
39 61 0 0
38 61 0 0
37 61 0 0
36 61 0 0
269 60 0 0
268 60 0 0
267 60 0 0
266 60 0 0
265 60 0 0
40 60 0 0
39 60 0 0
38 60 0 0
37 60 0 0
36 60 0 0
268 59 0 0
267 59 0 0
266 59 0 0
265 59 0 0
264 59 0 0
40 59 0 0
39 59 0 0
38 59 0 0
37 59 0 0
36 59 0 0
268 58 0 0
267 58 0 0
266 58 0 0
265 58 0 0
264 58 0 0
40 58 0 0
39 58 0 0
38 58 0 0
37 58 0 0
36 58 0 0
268 57 0 0
267 57 0 0
266 57 0 0
265 57 0 0
264 57 0 0
40 57 0 0
39 57 0 0
38 57 0 0
37 57 0 0
36 57 0 0
267 56 0 0
266 56 0 0
265 56 0 0
264 56 0 0
263 56 0 0
40 56 0 0
39 56 0 0
38 56 0 0
37 56 0 0
36 56 0 0
267 55 0 0
266 55 0 0
265 55 0 0
264 55 0 0
263 55 0 0
40 55 0 0
39 55 0 0
38 55 0 0
37 55 0 0
36 55 0 0
266 54 0 0
265 54 0 0
264 54 0 0
263 54 0 0
262 54 0 0
40 54 0 0
39 54 0 0
38 54 0 0
37 54 0 0
36 54 0 0
266 53 0 0
265 53 0 0
264 53 0 0
263 53 0 0
262 53 0 0
40 53 0 0
39 53 0 0
38 53 0 0
37 53 0 0
36 53 0 0
266 52 0 0
265 52 0 0
264 52 0 0
263 52 0 0
262 52 0 0
39 52 0 0
38 52 0 0
37 52 0 0
265 51 0 0
264 51 0 0
263 51 0 0
262 51 0 0
261 51 0 0
38 51 0 0
265 50 0 0
264 50 0 0
263 50 0 0
262 50 0 0
261 50 0 0
264 49 0 0
263 49 0 0
262 49 0 0
261 49 0 0
260 49 0 0
264 48 0 0
263 48 0 0
262 48 0 0
261 48 0 0
260 48 0 0
263 47 0 0
262 47 0 0
261 47 0 0
260 47 0 0
259 47 0 0
263 46 0 0
262 46 0 0
261 46 0 0
260 46 0 0
259 46 0 0
263 45 0 0
262 45 0 0
261 45 0 0
260 45 0 0
259 45 0 0
262 44 0 0
261 44 0 0
260 44 0 0
259 44 0 0
258 44 0 0
262 43 0 0
261 43 0 0
260 43 0 0
259 43 0 0
258 43 0 0
261 42 0 0
260 42 0 0
259 42 0 0
258 42 0 0
257 42 0 0
261 41 0 0
260 41 0 0
259 41 0 0
258 41 0 0
257 41 0 0
261 40 0 0
260 40 0 0
259 40 0 0
258 40 0 0
257 40 0 0
260 39 0 0
259 39 0 0
258 39 0 0
257 39 0 0
256 39 0 0
260 38 0 0
259 38 0 0
258 38 0 0
257 38 0 0
256 38 0 0
259 37 0 0
258 37 0 0
257 37 0 0
256 37 0 0
255 37 0 0
259 36 0 0
258 36 0 0
257 36 0 0
256 36 0 0
255 36 0 0
258 35 0 0
257 35 0 0
256 35 0 0
255 35 0 0
254 35 0 0
258 34 0 0
257 34 0 0
256 34 0 0
255 34 0 0
254 34 0 0
258 33 0 0
257 33 0 0
256 33 0 0
255 33 0 0
254 33 0 0
257 32 0 0
256 32 0 0
255 32 0 0
254 32 0 0
253 32 0 0
257 31 0 0
256 31 0 0
255 31 0 0
254 31 0 0
253 31 0 0
256 30 0 0
255 30 0 0
254 30 0 0
253 30 0 0
252 30 0 0
256 29 0 0
255 29 0 0
254 29 0 0
253 29 0 0
252 29 0 0
256 28 0 0
255 28 0 0
254 28 0 0
253 28 0 0
252 28 0 0
255 27 0 0
254 27 0 0
253 27 0 0
252 27 0 0
255 26 0 0
254 26 0 0
253 26 0 0
252 26 0 0
254 25 0 0
253 25 0 0
252 25 0 0
251 25 0 0
254 24 0 0
253 24 0 0
252 24 0 0
251 24 0 0
253 23 0 0
252 23 0 0
251 23 0 0
250 23 0 0
253 22 0 0
252 22 0 0
251 22 0 0
250 22 0 0
251 21 0 0
250 21 0 0
249 21 0 0
248 21 0 0
251 20 0 0
250 20 0 0
249 20 0 0
248 20 0 0
247 20 0 0
250 19 0 0
249 19 0 0
248 19 0 0
247 19 0 0
246 19 0 0
249 18 0 0
248 18 0 0
247 18 0 0
248 17 0 0
