3187 640 480
471 435 0 0
470 435 0 0
471 434 0 0
470 434 0 0
472 433 0 0
471 433 0 0
470 433 0 0
469 433 0 0
468 433 0 0
474 432 0 0
473 432 0 0
472 432 0 0
471 432 0 0
470 432 0 0
469 432 0 0
468 432 0 0
467 432 0 0
472 431 0 0
471 431 0 0
470 431 0 0
469 431 0 0
468 431 0 0
467 431 0 0
472 430 0 0
471 430 0 0
470 430 0 0
469 430 0 0
468 430 0 0
467 430 0 0
472 429 0 0
471 429 0 0
470 429 0 0
469 429 0 0
468 429 0 0
467 429 0 0
474 428 0 0
473 428 0 0
472 428 0 0
471 428 0 0
470 428 0 0
469 428 0 0
468 428 0 0
467 428 0 0
474 427 0 0
473 427 0 0
472 427 0 0
471 427 0 0
470 427 0 0
469 427 0 0
468 427 0 0
475 426 0 0
474 426 0 0
473 426 0 0
472 426 0 0
471 426 0 0
470 426 0 0
475 425 0 0
474 425 0 0
473 425 0 0
472 425 0 0
471 425 0 0
470 425 0 0
475 424 0 0
474 424 0 0
473 424 0 0
472 424 0 0
471 424 0 0
470 424 0 0
475 423 0 0
474 423 0 0
473 423 0 0
472 423 0 0
471 423 0 0
470 423 0 0
476 422 0 0
475 422 0 0
474 422 0 0
473 422 0 0
472 422 0 0
471 422 0 0
476 421 0 0
475 421 0 0
474 421 0 0
473 421 0 0
472 421 0 0
471 421 0 0
478 420 0 0
477 420 0 0
476 420 0 0
475 420 0 0
474 420 0 0
473 420 0 0
472 420 0 0
478 419 0 0
477 419 0 0
476 419 0 0
475 419 0 0
474 419 0 0
473 419 0 0
472 419 0 0
479 418 0 0
478 418 0 0
477 418 0 0
476 418 0 0
475 418 0 0
474 418 0 0
473 418 0 0
479 417 0 0
478 417 0 0
477 417 0 0
476 417 0 0
475 417 0 0
474 417 0 0
473 417 0 0
479 416 0 0
478 416 0 0
477 416 0 0
476 416 0 0
475 416 0 0
474 416 0 0
473 416 0 0
479 415 0 0
478 415 0 0
477 415 0 0
476 415 0 0
475 415 0 0
474 415 0 0
473 415 0 0
480 414 0 0
479 414 0 0
478 414 0 0
477 414 0 0
476 414 0 0
475 414 0 0
482 413 0 0
481 413 0 0
480 413 0 0
479 413 0 0
478 413 0 0
477 413 0 0
476 413 0 0
475 413 0 0
482 412 0 0
481 412 0 0
480 412 0 0
479 412 0 0
478 412 0 0
477 412 0 0
476 412 0 0
475 412 0 0
482 411 0 0
481 411 0 0
480 411 0 0
479 411 0 0
478 411 0 0
477 411 0 0
476 411 0 0
483 410 0 0
482 410 0 0
481 410 0 0
480 410 0 0
479 410 0 0
478 410 0 0
477 410 0 0
483 409 0 0
482 409 0 0
481 409 0 0
480 409 0 0
479 409 0 0
478 409 0 0
477 409 0 0
483 408 0 0
482 408 0 0
481 408 0 0
480 408 0 0
479 408 0 0
478 408 0 0
477 408 0 0
486 407 0 0
485 407 0 0
484 407 0 0
483 407 0 0
482 407 0 0
481 407 0 0
480 407 0 0
479 407 0 0
488 406 0 0
487 406 0 0
486 406 0 0
485 406 0 0
484 406 0 0
483 406 0 0
482 406 0 0
481 406 0 0
480 406 0 0
479 406 0 0
489 405 0 0
488 405 0 0
487 405 0 0
486 405 0 0
485 405 0 0
484 405 0 0
483 405 0 0
482 405 0 0
481 405 0 0
480 405 0 0
492 404 0 0
491 404 0 0
490 404 0 0
489 404 0 0
488 404 0 0
487 404 0 0
486 404 0 0
485 404 0 0
484 404 0 0
483 404 0 0
482 404 0 0
481 404 0 0
492 403 0 0
491 403 0 0
490 403 0 0
489 403 0 0
488 403 0 0
487 403 0 0
486 403 0 0
485 403 0 0
484 403 0 0
483 403 0 0
482 403 0 0
481 403 0 0
495 402 0 0
494 402 0 0
493 402 0 0
492 402 0 0
491 402 0 0
490 402 0 0
489 402 0 0
488 402 0 0
487 402 0 0
486 402 0 0
485 402 0 0
484 402 0 0
496 401 0 0
495 401 0 0
494 401 0 0
493 401 0 0
492 401 0 0
491 401 0 0
490 401 0 0
489 401 0 0
488 401 0 0
487 401 0 0
499 400 0 0
498 400 0 0
497 400 0 0
496 400 0 0
495 400 0 0
494 400 0 0
493 400 0 0
492 400 0 0
491 400 0 0
490 400 0 0
489 400 0 0
488 400 0 0
499 399 0 0
498 399 0 0
497 399 0 0
496 399 0 0
495 399 0 0
494 399 0 0
493 399 0 0
492 399 0 0
491 399 0 0
490 399 0 0
489 399 0 0
488 399 0 0
501 398 0 0
500 398 0 0
499 398 0 0
498 398 0 0
497 398 0 0
496 398 0 0
495 398 0 0
494 398 0 0
493 398 0 0
492 398 0 0
491 398 0 0
490 398 0 0
504 397 0 0
503 397 0 0
502 397 0 0
501 397 0 0
500 397 0 0
499 397 0 0
498 397 0 0
497 397 0 0
496 397 0 0
495 397 0 0
494 397 0 0
493 397 0 0
505 396 0 0
504 396 0 0
503 396 0 0
502 396 0 0
501 396 0 0
500 396 0 0
499 396 0 0
498 396 0 0
497 396 0 0
496 396 0 0
505 395 0 0
504 395 0 0
503 395 0 0
502 395 0 0
501 395 0 0
500 395 0 0
499 395 0 0
498 395 0 0
497 395 0 0
496 395 0 0
508 394 0 0
507 394 0 0
506 394 0 0
505 394 0 0
504 394 0 0
503 394 0 0
502 394 0 0
501 394 0 0
500 394 0 0
499 394 0 0
498 394 0 0
497 394 0 0
509 393 0 0
508 393 0 0
507 393 0 0
506 393 0 0
505 393 0 0
504 393 0 0
503 393 0 0
502 393 0 0
501 393 0 0
500 393 0 0
512 392 0 0
511 392 0 0
510 392 0 0
509 392 0 0
508 392 0 0
507 392 0 0
506 392 0 0
505 392 0 0
504 392 0 0
503 392 0 0
502 392 0 0
513 391 0 0
512 391 0 0
511 391 0 0
510 391 0 0
509 391 0 0
508 391 0 0
507 391 0 0
506 391 0 0
505 391 0 0
504 391 0 0
503 391 0 0
513 390 0 0
512 390 0 0
511 390 0 0
510 390 0 0
509 390 0 0
508 390 0 0
507 390 0 0
506 390 0 0
505 390 0 0
504 390 0 0
503 390 0 0
515 389 0 0
514 389 0 0
513 389 0 0
512 389 0 0
511 389 0 0
510 389 0 0
509 389 0 0
508 389 0 0
507 389 0 0
506 389 0 0
518 388 0 0
517 388 0 0
516 388 0 0
515 388 0 0
514 388 0 0
513 388 0 0
512 388 0 0
511 388 0 0
510 388 0 0
509 388 0 0
519 387 0 0
518 387 0 0
517 387 0 0
516 387 0 0
515 387 0 0
514 387 0 0
513 387 0 0
512 387 0 0
511 387 0 0
510 387 0 0
519 386 0 0
518 386 0 0
517 386 0 0
516 386 0 0
515 386 0 0
514 386 0 0
513 386 0 0
512 386 0 0
511 386 0 0
510 386 0 0
522 385 0 0
521 385 0 0
520 385 0 0
519 385 0 0
518 385 0 0
517 385 0 0
516 385 0 0
515 385 0 0
514 385 0 0
513 385 0 0
512 385 0 0
511 385 0 0
525 384 0 0
524 384 0 0
523 384 0 0
522 384 0 0
521 384 0 0
520 384 0 0
519 384 0 0
518 384 0 0
517 384 0 0
516 384 0 0
515 384 0 0
514 384 0 0
527 383 0 0
526 383 0 0
525 383 0 0
524 383 0 0
523 383 0 0
522 383 0 0
521 383 0 0
520 383 0 0
519 383 0 0
518 383 0 0
517 383 0 0
516 383 0 0
527 382 0 0
526 382 0 0
525 382 0 0
524 382 0 0
523 382 0 0
522 382 0 0
521 382 0 0
520 382 0 0
519 382 0 0
518 382 0 0
517 382 0 0
516 382 0 0
528 381 0 0
527 381 0 0
526 381 0 0
525 381 0 0
524 381 0 0
523 381 0 0
522 381 0 0
521 381 0 0
520 381 0 0
519 381 0 0
531 380 0 0
530 380 0 0
529 380 0 0
528 380 0 0
527 380 0 0
526 380 0 0
525 380 0 0
524 380 0 0
523 380 0 0
522 380 0 0
521 380 0 0
520 380 0 0
534 379 0 0
533 379 0 0
532 379 0 0
531 379 0 0
530 379 0 0
529 379 0 0
528 379 0 0
527 379 0 0
526 379 0 0
525 379 0 0
524 379 0 0
523 379 0 0
535 378 0 0
534 378 0 0
533 378 0 0
532 378 0 0
531 378 0 0
530 378 0 0
529 378 0 0
528 378 0 0
527 378 0 0
526 378 0 0
535 377 0 0
534 377 0 0
533 377 0 0
532 377 0 0
531 377 0 0
530 377 0 0
529 377 0 0
528 377 0 0
527 377 0 0
526 377 0 0
536 376 0 0
535 376 0 0
534 376 0 0
533 376 0 0
532 376 0 0
531 376 0 0
530 376 0 0
529 376 0 0
528 376 0 0
527 376 0 0
539 375 0 0
538 375 0 0
537 375 0 0
536 375 0 0
535 375 0 0
534 375 0 0
533 375 0 0
532 375 0 0
531 375 0 0
530 375 0 0
529 375 0 0
541 374 0 0
540 374 0 0
539 374 0 0
538 374 0 0
537 374 0 0
536 374 0 0
535 374 0 0
534 374 0 0
533 374 0 0
532 374 0 0
541 373 0 0
540 373 0 0
539 373 0 0
538 373 0 0
537 373 0 0
536 373 0 0
535 373 0 0
534 373 0 0
533 373 0 0
532 373 0 0
543 372 0 0
542 372 0 0
541 372 0 0
540 372 0 0
539 372 0 0
538 372 0 0
537 372 0 0
536 372 0 0
535 372 0 0
534 372 0 0
533 372 0 0
545 371 0 0
544 371 0 0
543 371 0 0
542 371 0 0
541 371 0 0
540 371 0 0
539 371 0 0
538 371 0 0
537 371 0 0
536 371 0 0
548 370 0 0
547 370 0 0
546 370 0 0
545 370 0 0
544 370 0 0
543 370 0 0
542 370 0 0
541 370 0 0
540 370 0 0
539 370 0 0
538 370 0 0
537 370 0 0
548 369 0 0
547 369 0 0
546 369 0 0
545 369 0 0
544 369 0 0
543 369 0 0
542 369 0 0
541 369 0 0
540 369 0 0
539 369 0 0
538 369 0 0
537 369 0 0
549 368 0 0
548 368 0 0
547 368 0 0
546 368 0 0
545 368 0 0
544 368 0 0
543 368 0 0
542 368 0 0
541 368 0 0
540 368 0 0
552 367 0 0
551 367 0 0
550 367 0 0
549 367 0 0
548 367 0 0
547 367 0 0
546 367 0 0
545 367 0 0
544 367 0 0
543 367 0 0
542 367 0 0
541 367 0 0
554 366 0 0
553 366 0 0
552 366 0 0
551 366 0 0
550 366 0 0
549 366 0 0
548 366 0 0
547 366 0 0
546 366 0 0
545 366 0 0
544 366 0 0
557 365 0 0
556 365 0 0
555 365 0 0
554 365 0 0
553 365 0 0
552 365 0 0
551 365 0 0
550 365 0 0
549 365 0 0
548 365 0 0
547 365 0 0
546 365 0 0
557 364 0 0
556 364 0 0
555 364 0 0
554 364 0 0
553 364 0 0
552 364 0 0
551 364 0 0
550 364 0 0
549 364 0 0
548 364 0 0
547 364 0 0
546 364 0 0
558 363 0 0
557 363 0 0
556 363 0 0
555 363 0 0
554 363 0 0
553 363 0 0
552 363 0 0
551 363 0 0
550 363 0 0
549 363 0 0
561 362 0 0
560 362 0 0
559 362 0 0
558 362 0 0
557 362 0 0
556 362 0 0
555 362 0 0
554 362 0 0
553 362 0 0
552 362 0 0
551 362 0 0
550 362 0 0
562 361 0 0
561 361 0 0
560 361 0 0
559 361 0 0
558 361 0 0
557 361 0 0
556 361 0 0
555 361 0 0
554 361 0 0
553 361 0 0
562 360 0 0
561 360 0 0
560 360 0 0
559 360 0 0
558 360 0 0
557 360 0 0
556 360 0 0
555 360 0 0
554 360 0 0
553 360 0 0
565 359 0 0
564 359 0 0
563 359 0 0
562 359 0 0
561 359 0 0
560 359 0 0
559 359 0 0
558 359 0 0
557 359 0 0
556 359 0 0
555 359 0 0
566 358 0 0
565 358 0 0
564 358 0 0
563 358 0 0
562 358 0 0
561 358 0 0
560 358 0 0
559 358 0 0
558 358 0 0
557 358 0 0
569 357 0 0
568 357 0 0
567 357 0 0
566 357 0 0
565 357 0 0
564 357 0 0
563 357 0 0
562 357 0 0
561 357 0 0
560 357 0 0
559 357 0 0
569 356 0 0
568 356 0 0
567 356 0 0
566 356 0 0
565 356 0 0
564 356 0 0
563 356 0 0
562 356 0 0
561 356 0 0
560 356 0 0
559 356 0 0
571 355 0 0
570 355 0 0
569 355 0 0
568 355 0 0
567 355 0 0
566 355 0 0
565 355 0 0
564 355 0 0
563 355 0 0
562 355 0 0
573 354 0 0
572 354 0 0
571 354 0 0
570 354 0 0
569 354 0 0
568 354 0 0
567 354 0 0
566 354 0 0
565 354 0 0
564 354 0 0
563 354 0 0
575 353 0 0
574 353 0 0
573 353 0 0
572 353 0 0
571 353 0 0
570 353 0 0
569 353 0 0
568 353 0 0
567 353 0 0
566 353 0 0
565 353 0 0
578 352 0 0
577 352 0 0
576 352 0 0
575 352 0 0
574 352 0 0
573 352 0 0
572 352 0 0
571 352 0 0
570 352 0 0
569 352 0 0
568 352 0 0
567 352 0 0
578 351 0 0
577 351 0 0
576 351 0 0
575 351 0 0
574 351 0 0
573 351 0 0
572 351 0 0
571 351 0 0
570 351 0 0
569 351 0 0
568 351 0 0
567 351 0 0
579 350 0 0
578 350 0 0
577 350 0 0
576 350 0 0
575 350 0 0
574 350 0 0
573 350 0 0
572 350 0 0
571 350 0 0
570 350 0 0
582 349 0 0
581 349 0 0
580 349 0 0
579 349 0 0
578 349 0 0
577 349 0 0
576 349 0 0
575 349 0 0
574 349 0 0
573 349 0 0
572 349 0 0
584 348 0 0
583 348 0 0
582 348 0 0
581 348 0 0
580 348 0 0
579 348 0 0
578 348 0 0
577 348 0 0
576 348 0 0
575 348 0 0
574 348 0 0
584 347 0 0
583 347 0 0
582 347 0 0
581 347 0 0
580 347 0 0
579 347 0 0
578 347 0 0
577 347 0 0
576 347 0 0
575 347 0 0
574 347 0 0
587 346 0 0
586 346 0 0
585 346 0 0
584 346 0 0
583 346 0 0
582 346 0 0
581 346 0 0
580 346 0 0
579 346 0 0
578 346 0 0
577 346 0 0
576 346 0 0
588 345 0 0
587 345 0 0
586 345 0 0
585 345 0 0
584 345 0 0
583 345 0 0
582 345 0 0
581 345 0 0
580 345 0 0
579 345 0 0
590 344 0 0
589 344 0 0
588 344 0 0
587 344 0 0
586 344 0 0
585 344 0 0
584 344 0 0
583 344 0 0
582 344 0 0
581 344 0 0
580 344 0 0
590 343 0 0
589 343 0 0
588 343 0 0
587 343 0 0
586 343 0 0
585 343 0 0
584 343 0 0
583 343 0 0
582 343 0 0
581 343 0 0
580 343 0 0
592 342 0 0
591 342 0 0
590 342 0 0
589 342 0 0
588 342 0 0
587 342 0 0
586 342 0 0
585 342 0 0
584 342 0 0
583 342 0 0
595 341 0 0
594 341 0 0
593 341 0 0
592 341 0 0
591 341 0 0
590 341 0 0
589 341 0 0
588 341 0 0
587 341 0 0
586 341 0 0
585 341 0 0
596 340 0 0
595 340 0 0
594 340 0 0
593 340 0 0
592 340 0 0
591 340 0 0
590 340 0 0
589 340 0 0
588 340 0 0
587 340 0 0
599 339 0 0
598 339 0 0
597 339 0 0
596 339 0 0
595 339 0 0
594 339 0 0
593 339 0 0
592 339 0 0
591 339 0 0
590 339 0 0
589 339 0 0
599 338 0 0
598 338 0 0
597 338 0 0
596 338 0 0
595 338 0 0
594 338 0 0
593 338 0 0
592 338 0 0
591 338 0 0
590 338 0 0
589 338 0 0
601 337 0 0
600 337 0 0
599 337 0 0
598 337 0 0
597 337 0 0
596 337 0 0
595 337 0 0
594 337 0 0
593 337 0 0
592 337 0 0
591 337 0 0
603 336 0 0
602 336 0 0
601 336 0 0
600 336 0 0
599 336 0 0
598 336 0 0
597 336 0 0
596 336 0 0
595 336 0 0
594 336 0 0
593 336 0 0
605 335 0 0
604 335 0 0
603 335 0 0
602 335 0 0
601 335 0 0
600 335 0 0
599 335 0 0
598 335 0 0
597 335 0 0
596 335 0 0
595 335 0 0
594 335 0 0
605 334 0 0
604 334 0 0
603 334 0 0
602 334 0 0
601 334 0 0
600 334 0 0
599 334 0 0
598 334 0 0
597 334 0 0
596 334 0 0
595 334 0 0
594 334 0 0
608 333 0 0
607 333 0 0
606 333 0 0
605 333 0 0
604 333 0 0
603 333 0 0
602 333 0 0
601 333 0 0
600 333 0 0
599 333 0 0
598 333 0 0
597 333 0 0
610 332 0 0
609 332 0 0
608 332 0 0
607 332 0 0
606 332 0 0
605 332 0 0
604 332 0 0
603 332 0 0
602 332 0 0
601 332 0 0
600 332 0 0
612 331 0 0
611 331 0 0
610 331 0 0
609 331 0 0
608 331 0 0
607 331 0 0
606 331 0 0
605 331 0 0
604 331 0 0
603 331 0 0
602 331 0 0
612 330 0 0
611 330 0 0
610 330 0 0
609 330 0 0
608 330 0 0
607 330 0 0
606 330 0 0
605 330 0 0
604 330 0 0
603 330 0 0
602 330 0 0
614 329 0 0
613 329 0 0
612 329 0 0
611 329 0 0
610 329 0 0
609 329 0 0
608 329 0 0
607 329 0 0
606 329 0 0
605 329 0 0
604 329 0 0
617 328 0 0
616 328 0 0
615 328 0 0
614 328 0 0
613 328 0 0
612 328 0 0
611 328 0 0
610 328 0 0
609 328 0 0
608 328 0 0
607 328 0 0
606 328 0 0
618 327 0 0
617 327 0 0
616 327 0 0
615 327 0 0
614 327 0 0
613 327 0 0
612 327 0 0
611 327 0 0
610 327 0 0
609 327 0 0
619 326 0 0
618 326 0 0
617 326 0 0
616 326 0 0
615 326 0 0
614 326 0 0
613 326 0 0
612 326 0 0
611 326 0 0
610 326 0 0
619 325 0 0
618 325 0 0
617 325 0 0
616 325 0 0
615 325 0 0
614 325 0 0
613 325 0 0
612 325 0 0
611 325 0 0
610 325 0 0
621 324 0 0
620 324 0 0
619 324 0 0
618 324 0 0
617 324 0 0
616 324 0 0
615 324 0 0
614 324 0 0
613 324 0 0
621 323 0 0
620 323 0 0
619 323 0 0
618 323 0 0
617 323 0 0
616 323 0 0
615 323 0 0
622 322 0 0
621 322 0 0
620 322 0 0
619 322 0 0
618 322 0 0
617 322 0 0
616 322 0 0
615 322 0 0
622 321 0 0
621 321 0 0
620 321 0 0
619 321 0 0
618 321 0 0
617 321 0 0
616 321 0 0
615 321 0 0
622 320 0 0
621 320 0 0
620 320 0 0
619 320 0 0
618 320 0 0
617 320 0 0
623 319 0 0
622 319 0 0
621 319 0 0
620 319 0 0
619 319 0 0
618 319 0 0
622 318 0 0
621 318 0 0
620 318 0 0
619 318 0 0
622 317 0 0
621 317 0 0
620 317 0 0
619 317 0 0
621 316 0 0
620 316 0 0
259 285 0 1
260 284 0 1
259 284 0 1
258 284 0 1
262 283 0 1
261 283 0 1
260 283 0 1
259 283 0 1
258 283 0 1
257 283 0 1
256 283 0 1
262 282 0 1
261 282 0 1
260 282 0 1
259 282 0 1
258 282 0 1
257 282 0 1
256 282 0 1
263 281 0 1
262 281 0 1
261 281 0 1
260 281 0 1
259 281 0 1
258 281 0 1
264 280 0 1
263 280 0 1
262 280 0 1
261 280 0 1
260 280 0 1
259 280 0 1
258 280 0 1
266 279 0 1
265 279 0 1
264 279 0 1
263 279 0 1
262 279 0 1
261 279 0 1
260 279 0 1
259 279 0 1
266 278 0 1
265 278 0 1
264 278 0 1
263 278 0 1
262 278 0 1
261 278 0 1
260 278 0 1
259 278 0 1
267 277 0 1
266 277 0 1
265 277 0 1
264 277 0 1
263 277 0 1
262 277 0 1
261 277 0 1
260 277 0 1
268 276 0 1
267 276 0 1
266 276 0 1
265 276 0 1
264 276 0 1
263 276 0 1
262 276 0 1
261 276 0 1
270 275 0 1
269 275 0 1
268 275 0 1
267 275 0 1
266 275 0 1
265 275 0 1
264 275 0 1
263 275 0 1
270 274 0 1
269 274 0 1
268 274 0 1
267 274 0 1
266 274 0 1
265 274 0 1
264 274 0 1
263 274 0 1
271 273 0 1
270 273 0 1
269 273 0 1
268 273 0 1
267 273 0 1
266 273 0 1
265 273 0 1
264 273 0 1
271 272 0 1
270 272 0 1
269 272 0 1
268 272 0 1
267 272 0 1
266 272 0 1
265 272 0 1
272 271 0 1
271 271 0 1
270 271 0 1
269 271 0 1
268 271 0 1
267 271 0 1
273 270 0 1
272 270 0 1
271 270 0 1
270 270 0 1
269 270 0 1
268 270 0 1
273 269 0 1
272 269 0 1
271 269 0 1
270 269 0 1
269 269 0 1
268 269 0 1
275 268 0 1
274 268 0 1
273 268 0 1
272 268 0 1
271 268 0 1
270 268 0 1
269 268 0 1
276 267 0 1
275 267 0 1
274 267 0 1
273 267 0 1
272 267 0 1
271 267 0 1
277 266 0 1
276 266 0 1
275 266 0 1
274 266 0 1
273 266 0 1
272 266 0 1
271 266 0 1
277 265 0 1
276 265 0 1
275 265 0 1
274 265 0 1
273 265 0 1
272 265 0 1
271 265 0 1
279 264 0 1
278 264 0 1
277 264 0 1
276 264 0 1
275 264 0 1
274 264 0 1
273 264 0 1
272 264 0 1
280 263 0 1
279 263 0 1
278 263 0 1
277 263 0 1
276 263 0 1
275 263 0 1
274 263 0 1
273 263 0 1
281 262 0 1
280 262 0 1
279 262 0 1
278 262 0 1
277 262 0 1
276 262 0 1
275 262 0 1
274 262 0 1
281 261 0 1
280 261 0 1
279 261 0 1
278 261 0 1
277 261 0 1
276 261 0 1
275 261 0 1
274 261 0 1
283 260 0 1
282 260 0 1
281 260 0 1
280 260 0 1
279 260 0 1
278 260 0 1
277 260 0 1
276 260 0 1
284 259 0 1
283 259 0 1
282 259 0 1
281 259 0 1
280 259 0 1
279 259 0 1
278 259 0 1
277 259 0 1
285 258 0 1
284 258 0 1
283 258 0 1
282 258 0 1
281 258 0 1
280 258 0 1
279 258 0 1
278 258 0 1
286 257 0 1
285 257 0 1
284 257 0 1
283 257 0 1
282 257 0 1
281 257 0 1
280 257 0 1
286 256 0 1
285 256 0 1
284 256 0 1
283 256 0 1
282 256 0 1
281 256 0 1
280 256 0 1
288 255 0 1
287 255 0 1
286 255 0 1
285 255 0 1
284 255 0 1
283 255 0 1
282 255 0 1
281 255 0 1
289 254 0 1
288 254 0 1
287 254 0 1
286 254 0 1
285 254 0 1
284 254 0 1
283 254 0 1
282 254 0 1
290 253 0 1
289 253 0 1
288 253 0 1
287 253 0 1
286 253 0 1
285 253 0 1
284 253 0 1
290 252 0 1
289 252 0 1
288 252 0 1
287 252 0 1
286 252 0 1
285 252 0 1
284 252 0 1
292 251 0 1
291 251 0 1
290 251 0 1
289 251 0 1
288 251 0 1
287 251 0 1
286 251 0 1
285 251 0 1
293 250 0 1
292 250 0 1
291 250 0 1
290 250 0 1
289 250 0 1
288 250 0 1
287 250 0 1
286 250 0 1
293 249 0 1
292 249 0 1
291 249 0 1
290 249 0 1
289 249 0 1
288 249 0 1
287 249 0 1
293 248 0 1
292 248 0 1
291 248 0 1
290 248 0 1
289 248 0 1
288 248 0 1
287 248 0 1
294 247 0 1
293 247 0 1
292 247 0 1
291 247 0 1
290 247 0 1
289 247 0 1
296 246 0 1
295 246 0 1
294 246 0 1
293 246 0 1
292 246 0 1
291 246 0 1
290 246 0 1
297 245 0 1
296 245 0 1
295 245 0 1
294 245 0 1
293 245 0 1
292 245 0 1
291 245 0 1
298 244 0 1
297 244 0 1
296 244 0 1
295 244 0 1
294 244 0 1
293 244 0 1
298 243 0 1
297 243 0 1
296 243 0 1
295 243 0 1
294 243 0 1
293 243 0 1
299 242 0 1
298 242 0 1
297 242 0 1
296 242 0 1
295 242 0 1
294 242 0 1
293 242 0 1
301 241 0 1
300 241 0 1
299 241 0 1
298 241 0 1
297 241 0 1
296 241 0 1
295 241 0 1
294 241 0 1
302 240 0 1
301 240 0 1
300 240 0 1
299 240 0 1
298 240 0 1
297 240 0 1
296 240 0 1
295 240 0 1
302 239 0 1
301 239 0 1
300 239 0 1
299 239 0 1
298 239 0 1
297 239 0 1
296 239 0 1
295 239 0 1
303 238 0 1
302 238 0 1
301 238 0 1
300 238 0 1
299 238 0 1
298 238 0 1
297 238 0 1
305 237 0 1
304 237 0 1
303 237 0 1
302 237 0 1
301 237 0 1
300 237 0 1
299 237 0 1
298 237 0 1
306 236 0 1
305 236 0 1
304 236 0 1
303 236 0 1
302 236 0 1
301 236 0 1
300 236 0 1
299 236 0 1
306 235 0 1
305 235 0 1
304 235 0 1
303 235 0 1
302 235 0 1
301 235 0 1
300 235 0 1
299 235 0 1
307 234 0 1
306 234 0 1
305 234 0 1
304 234 0 1
303 234 0 1
302 234 0 1
301 234 0 1
300 234 0 1
309 233 0 1
308 233 0 1
307 233 0 1
306 233 0 1
305 233 0 1
304 233 0 1
303 233 0 1
302 233 0 1
310 232 0 1
309 232 0 1
308 232 0 1
307 232 0 1
306 232 0 1
305 232 0 1
304 232 0 1
303 232 0 1
311 231 0 1
310 231 0 1
309 231 0 1
308 231 0 1
307 231 0 1
306 231 0 1
305 231 0 1
304 231 0 1
311 230 0 1
310 230 0 1
309 230 0 1
308 230 0 1
307 230 0 1
306 230 0 1
305 230 0 1
304 230 0 1
312 229 0 1
311 229 0 1
310 229 0 1
309 229 0 1
308 229 0 1
307 229 0 1
306 229 0 1
312 228 0 1
311 228 0 1
310 228 0 1
309 228 0 1
308 228 0 1
307 228 0 1
314 227 0 1
313 227 0 1
312 227 0 1
311 227 0 1
310 227 0 1
309 227 0 1
308 227 0 1
314 226 0 1
313 226 0 1
312 226 0 1
311 226 0 1
310 226 0 1
309 226 0 1
308 226 0 1
315 225 0 1
314 225 0 1
313 225 0 1
312 225 0 1
311 225 0 1
310 225 0 1
316 224 0 1
315 224 0 1
314 224 0 1
313 224 0 1
312 224 0 1
311 224 0 1
318 223 0 1
317 223 0 1
316 223 0 1
315 223 0 1
314 223 0 1
313 223 0 1
312 223 0 1
318 222 0 1
317 222 0 1
316 222 0 1
315 222 0 1
314 222 0 1
313 222 0 1
312 222 0 1
319 221 0 1
318 221 0 1
317 221 0 1
316 221 0 1
315 221 0 1
314 221 0 1
313 221 0 1
320 220 0 1
319 220 0 1
318 220 0 1
317 220 0 1
316 220 0 1
315 220 0 1
322 219 0 1
321 219 0 1
320 219 0 1
319 219 0 1
318 219 0 1
317 219 0 1
316 219 0 1
315 219 0 1
323 218 0 1
322 218 0 1
321 218 0 1
320 218 0 1
319 218 0 1
318 218 0 1
317 218 0 1
316 218 0 1
323 217 0 1
322 217 0 1
321 217 0 1
320 217 0 1
319 217 0 1
318 217 0 1
317 217 0 1
316 217 0 1
324 216 0 1
323 216 0 1
322 216 0 1
321 216 0 1
320 216 0 1
319 216 0 1
318 216 0 1
317 216 0 1
326 215 0 1
325 215 0 1
324 215 0 1
323 215 0 1
322 215 0 1
321 215 0 1
320 215 0 1
319 215 0 1
327 214 0 1
326 214 0 1
325 214 0 1
324 214 0 1
323 214 0 1
322 214 0 1
321 214 0 1
320 214 0 1
327 213 0 1
326 213 0 1
325 213 0 1
324 213 0 1
323 213 0 1
322 213 0 1
321 213 0 1
320 213 0 1
327 212 0 1
326 212 0 1
325 212 0 1
324 212 0 1
323 212 0 1
322 212 0 1
321 212 0 1
328 211 0 1
327 211 0 1
326 211 0 1
325 211 0 1
324 211 0 1
323 211 0 1
322 211 0 1
321 211 0 1
328 210 0 1
327 210 0 1
326 210 0 1
325 210 0 1
324 210 0 1
323 210 0 1
328 209 0 1
327 209 0 1
326 209 0 1
325 209 0 1
324 209 0 1
323 209 0 1
329 208 0 1
328 208 0 1
327 208 0 1
326 208 0 1
325 208 0 1
324 208 0 1
329 207 0 1
328 207 0 1
327 207 0 1
326 207 0 1
325 207 0 1
324 207 0 1
331 206 0 1
330 206 0 1
329 206 0 1
328 206 0 1
327 206 0 1
326 206 0 1
325 206 0 1
332 205 0 1
331 205 0 1
330 205 0 1
329 205 0 1
328 205 0 1
327 205 0 1
326 205 0 1
325 205 0 1
332 204 0 1
331 204 0 1
330 204 0 1
329 204 0 1
328 204 0 1
327 204 0 1
326 204 0 1
325 204 0 1
332 203 0 1
331 203 0 1
330 203 0 1
329 203 0 1
328 203 0 1
327 203 0 1
332 202 0 1
331 202 0 1
330 202 0 1
329 202 0 1
328 202 0 1
327 202 0 1
333 201 0 1
332 201 0 1
331 201 0 1
330 201 0 1
329 201 0 1
328 201 0 1
333 200 0 1
332 200 0 1
331 200 0 1
330 200 0 1
329 200 0 1
328 200 0 1
333 199 0 1
332 199 0 1
331 199 0 1
330 199 0 1
329 199 0 1
328 199 0 1
335 198 0 1
334 198 0 1
333 198 0 1
332 198 0 1
331 198 0 1
330 198 0 1
329 198 0 1
336 197 0 1
335 197 0 1
334 197 0 1
333 197 0 1
332 197 0 1
331 197 0 1
330 197 0 1
336 196 0 1
335 196 0 1
334 196 0 1
333 196 0 1
332 196 0 1
331 196 0 1
330 196 0 1
336 195 0 1
335 195 0 1
334 195 0 1
333 195 0 1
332 195 0 1
331 195 0 1
330 195 0 1
337 194 0 1
336 194 0 1
335 194 0 1
334 194 0 1
333 194 0 1
332 194 0 1
337 193 0 1
336 193 0 1
335 193 0 1
334 193 0 1
333 193 0 1
332 193 0 1
339 192 0 1
338 192 0 1
337 192 0 1
336 192 0 1
335 192 0 1
334 192 0 1
333 192 0 1
332 192 0 1
339 191 0 1
338 191 0 1
337 191 0 1
336 191 0 1
335 191 0 1
334 191 0 1
333 191 0 1
332 191 0 1
339 190 0 1
338 190 0 1
337 190 0 1
336 190 0 1
335 190 0 1
334 190 0 1
333 190 0 1
339 189 0 1
338 189 0 1
337 189 0 1
336 189 0 1
335 189 0 1
334 189 0 1
333 189 0 1
340 188 0 1
339 188 0 1
338 188 0 1
337 188 0 1
336 188 0 1
335 188 0 1
334 188 0 1
340 187 0 1
339 187 0 1
338 187 0 1
337 187 0 1
336 187 0 1
335 187 0 1
334 187 0 1
340 186 0 1
339 186 0 1
338 186 0 1
337 186 0 1
336 186 0 1
335 186 0 1
334 186 0 1
340 185 0 1
339 185 0 1
338 185 0 1
337 185 0 1
336 185 0 1
335 185 0 1
334 185 0 1
340 184 0 1
339 184 0 1
338 184 0 1
337 184 0 1
336 184 0 1
335 184 0 1
334 184 0 1
340 183 0 1
339 183 0 1
338 183 0 1
337 183 0 1
336 183 0 1
335 183 0 1
334 183 0 1
341 182 0 1
340 182 0 1
339 182 0 1
338 182 0 1
337 182 0 1
336 182 0 1
341 181 0 1
340 181 0 1
339 181 0 1
338 181 0 1
337 181 0 1
336 181 0 1
341 180 0 1
340 180 0 1
339 180 0 1
338 180 0 1
337 180 0 1
336 180 0 1
342 179 0 1
341 179 0 1
340 179 0 1
339 179 0 1
338 179 0 1
337 179 0 1
342 178 0 1
341 178 0 1
340 178 0 1
339 178 0 1
338 178 0 1
337 178 0 1
342 177 0 1
341 177 0 1
340 177 0 1
339 177 0 1
338 177 0 1
337 177 0 1
342 176 0 1
341 176 0 1
340 176 0 1
339 176 0 1
338 176 0 1
337 176 0 1
344 175 0 1
343 175 0 1
342 175 0 1
341 175 0 1
340 175 0 1
339 175 0 1
338 175 0 1
344 174 0 1
343 174 0 1
342 174 0 1
341 174 0 1
340 174 0 1
339 174 0 1
338 174 0 1
345 173 0 1
344 173 0 1
343 173 0 1
342 173 0 1
341 173 0 1
340 173 0 1
345 172 0 1
344 172 0 1
343 172 0 1
342 172 0 1
341 172 0 1
340 172 0 1
345 171 0 1
344 171 0 1
343 171 0 1
342 171 0 1
341 171 0 1
340 171 0 1
345 170 0 1
344 170 0 1
343 170 0 1
342 170 0 1
341 170 0 1
340 170 0 1
346 169 0 1
345 169 0 1
344 169 0 1
343 169 0 1
342 169 0 1
341 169 0 1
346 168 0 1
345 168 0 1
344 168 0 1
343 168 0 1
342 168 0 1
341 168 0 1
348 167 0 1
347 167 0 1
346 167 0 1
345 167 0 1
344 167 0 1
343 167 0 1
342 167 0 1
349 166 0 1
348 166 0 1
347 166 0 1
346 166 0 1
345 166 0 1
344 166 0 1
343 166 0 1
342 166 0 1
349 165 0 1
348 165 0 1
347 165 0 1
346 165 0 1
345 165 0 1
344 165 0 1
343 165 0 1
342 165 0 1
349 164 0 1
348 164 0 1
347 164 0 1
346 164 0 1
345 164 0 1
344 164 0 1
343 164 0 1
349 163 0 1
348 163 0 1
347 163 0 1
346 163 0 1
345 163 0 1
344 163 0 1
343 163 0 1
350 162 0 1
349 162 0 1
348 162 0 1
347 162 0 1
346 162 0 1
345 162 0 1
350 161 0 1
349 161 0 1
348 161 0 1
347 161 0 1
346 161 0 1
345 161 0 1
350 160 0 1
349 160 0 1
348 160 0 1
347 160 0 1
346 160 0 1
345 160 0 1
352 159 0 1
351 159 0 1
350 159 0 1
349 159 0 1
348 159 0 1
347 159 0 1
346 159 0 1
352 158 0 1
351 158 0 1
350 158 0 1
349 158 0 1
348 158 0 1
347 158 0 1
346 158 0 1
352 157 0 1
351 157 0 1
350 157 0 1
349 157 0 1
348 157 0 1
347 157 0 1
346 157 0 1
353 156 0 1
352 156 0 1
351 156 0 1
350 156 0 1
349 156 0 1
348 156 0 1
347 156 0 1
346 156 0 1
353 155 0 1
352 155 0 1
351 155 0 1
350 155 0 1
349 155 0 1
348 155 0 1
347 155 0 1
354 154 0 1
353 154 0 1
352 154 0 1
351 154 0 1
350 154 0 1
349 154 0 1
354 153 0 1
353 153 0 1
352 153 0 1
351 153 0 1
350 153 0 1
349 153 0 1
355 152 0 1
354 152 0 1
353 152 0 1
352 152 0 1
351 152 0 1
350 152 0 1
349 152 0 1
357 151 0 1
356 151 0 1
355 151 0 1
354 151 0 1
353 151 0 1
352 151 0 1
351 151 0 1
350 151 0 1
358 150 0 1
357 150 0 1
356 150 0 1
355 150 0 1
354 150 0 1
353 150 0 1
352 150 0 1
351 150 0 1
359 149 0 1
358 149 0 1
357 149 0 1
356 149 0 1
355 149 0 1
354 149 0 1
353 149 0 1
359 148 0 1
358 148 0 1
357 148 0 1
356 148 0 1
355 148 0 1
354 148 0 1
353 148 0 1
358 147 0 1
357 147 0 1
356 147 0 1
355 147 0 1
354 147 0 1
357 146 0 1
356 146 0 1
587 123 0 0
587 122 0 0
588 121 0 0
587 121 0 0
586 121 0 0
585 121 0 0
590 120 0 0
589 120 0 0
588 120 0 0
587 120 0 0
586 120 0 0
585 120 0 0
584 120 0 0
590 119 0 0
589 119 0 0
588 119 0 0
587 119 0 0
586 119 0 0
585 119 0 0
584 119 0 0
583 119 0 0
590 118 0 0
589 118 0 0
588 118 0 0
587 118 0 0
586 118 0 0
585 118 0 0
584 118 0 0
583 118 0 0
588 117 0 0
587 117 0 0
586 117 0 0
585 117 0 0
584 117 0 0
583 117 0 0
587 116 0 0
586 116 0 0
585 116 0 0
584 116 0 0
583 116 0 0
582 116 0 0
581 116 0 0
587 115 0 0
586 115 0 0
585 115 0 0
584 115 0 0
583 115 0 0
582 115 0 0
581 115 0 0
587 114 0 0
586 114 0 0
585 114 0 0
584 114 0 0
583 114 0 0
582 114 0 0
581 114 0 0
587 113 0 0
586 113 0 0
585 113 0 0
584 113 0 0
583 113 0 0
582 113 0 0
581 113 0 0
586 112 0 0
585 112 0 0
584 112 0 0
583 112 0 0
582 112 0 0
581 112 0 0
580 112 0 0
586 111 0 0
585 111 0 0
584 111 0 0
583 111 0 0
582 111 0 0
581 111 0 0
580 111 0 0
584 110 0 0
583 110 0 0
582 110 0 0
581 110 0 0
580 110 0 0
579 110 0 0
584 109 0 0
583 109 0 0
582 109 0 0
581 109 0 0
580 109 0 0
579 109 0 0
584 108 0 0
583 108 0 0
582 108 0 0
581 108 0 0
580 108 0 0
579 108 0 0
583 107 0 0
582 107 0 0
581 107 0 0
580 107 0 0
579 107 0 0
578 107 0 0
583 106 0 0
582 106 0 0
581 106 0 0
580 106 0 0
579 106 0 0
578 106 0 0
583 105 0 0
582 105 0 0
581 105 0 0
580 105 0 0
579 105 0 0
578 105 0 0
583 104 0 0
582 104 0 0
581 104 0 0
580 104 0 0
579 104 0 0
578 104 0 0
582 103 0 0
581 103 0 0
580 103 0 0
579 103 0 0
578 103 0 0
577 103 0 0
576 103 0 0
110 103 0 0
109 103 0 0
108 103 0 0
582 102 0 0
581 102 0 0
580 102 0 0
579 102 0 0
578 102 0 0
577 102 0 0
576 102 0 0
112 102 0 0
111 102 0 0
110 102 0 0
109 102 0 0
108 102 0 0
107 102 0 0
582 101 0 0
581 101 0 0
580 101 0 0
579 101 0 0
578 101 0 0
577 101 0 0
576 101 0 0
112 101 0 0
111 101 0 0
110 101 0 0
109 101 0 0
108 101 0 0
107 101 0 0
582 100 0 0
581 100 0 0
580 100 0 0
579 100 0 0
578 100 0 0
577 100 0 0
576 100 0 0
113 100 0 0
112 100 0 0
111 100 0 0
110 100 0 0
109 100 0 0
108 100 0 0
107 100 0 0
106 100 0 0
105 100 0 0
580 99 0 0
579 99 0 0
578 99 0 0
577 99 0 0
576 99 0 0
575 99 0 0
115 99 0 0
114 99 0 0
113 99 0 0
112 99 0 0
111 99 0 0
110 99 0 0
109 99 0 0
108 99 0 0
107 99 0 0
580 98 0 0
579 98 0 0
578 98 0 0
577 98 0 0
576 98 0 0
575 98 0 0
116 98 0 0
115 98 0 0
114 98 0 0
113 98 0 0
112 98 0 0
111 98 0 0
110 98 0 0
109 98 0 0
108 98 0 0
580 97 0 0
579 97 0 0
578 97 0 0
577 97 0 0
576 97 0 0
575 97 0 0
574 97 0 0
117 97 0 0
116 97 0 0
115 97 0 0
114 97 0 0
113 97 0 0
112 97 0 0
111 97 0 0
580 96 0 0
579 96 0 0
578 96 0 0
577 96 0 0
576 96 0 0
575 96 0 0
574 96 0 0
117 96 0 0
116 96 0 0
115 96 0 0
114 96 0 0
113 96 0 0
112 96 0 0
111 96 0 0
579 95 0 0
578 95 0 0
577 95 0 0
576 95 0 0
575 95 0 0
574 95 0 0
119 95 0 0
118 95 0 0
117 95 0 0
116 95 0 0
115 95 0 0
114 95 0 0
113 95 0 0
112 95 0 0
578 94 0 0
577 94 0 0
576 94 0 0
575 94 0 0
574 94 0 0
573 94 0 0
572 94 0 0
120 94 0 0
119 94 0 0
118 94 0 0
117 94 0 0
116 94 0 0
115 94 0 0
114 94 0 0
113 94 0 0
578 93 0 0
577 93 0 0
576 93 0 0
575 93 0 0
574 93 0 0
573 93 0 0
572 93 0 0
121 93 0 0
120 93 0 0
119 93 0 0
118 93 0 0
117 93 0 0
116 93 0 0
115 93 0 0
114 93 0 0
578 92 0 0
577 92 0 0
576 92 0 0
575 92 0 0
574 92 0 0
573 92 0 0
572 92 0 0
121 92 0 0
120 92 0 0
119 92 0 0
118 92 0 0
117 92 0 0
116 92 0 0
115 92 0 0
114 92 0 0
578 91 0 0
577 91 0 0
576 91 0 0
575 91 0 0
574 91 0 0
573 91 0 0
572 91 0 0
123 91 0 0
122 91 0 0
121 91 0 0
120 91 0 0
119 91 0 0
118 91 0 0
117 91 0 0
116 91 0 0
577 90 0 0
576 90 0 0
575 90 0 0
574 90 0 0
573 90 0 0
572 90 0 0
571 90 0 0
124 90 0 0
123 90 0 0
122 90 0 0
121 90 0 0
120 90 0 0
119 90 0 0
118 90 0 0
117 90 0 0
577 89 0 0
576 89 0 0
575 89 0 0
574 89 0 0
573 89 0 0
572 89 0 0
571 89 0 0
125 89 0 0
124 89 0 0
123 89 0 0
122 89 0 0
121 89 0 0
120 89 0 0
119 89 0 0
118 89 0 0
577 88 0 0
576 88 0 0
575 88 0 0
574 88 0 0
573 88 0 0
572 88 0 0
571 88 0 0
125 88 0 0
124 88 0 0
123 88 0 0
122 88 0 0
121 88 0 0
120 88 0 0
119 88 0 0
118 88 0 0
577 87 0 0
576 87 0 0
575 87 0 0
574 87 0 0
573 87 0 0
572 87 0 0
571 87 0 0
126 87 0 0
125 87 0 0
124 87 0 0
123 87 0 0
122 87 0 0
121 87 0 0
120 87 0 0
575 86 0 0
574 86 0 0
573 86 0 0
572 86 0 0
571 86 0 0
570 86 0 0
128 86 0 0
127 86 0 0
126 86 0 0
125 86 0 0
124 86 0 0
123 86 0 0
122 86 0 0
121 86 0 0
575 85 0 0
574 85 0 0
573 85 0 0
572 85 0 0
571 85 0 0
570 85 0 0
129 85 0 0
128 85 0 0
127 85 0 0
126 85 0 0
125 85 0 0
124 85 0 0
123 85 0 0
122 85 0 0
575 84 0 0
574 84 0 0
573 84 0 0
572 84 0 0
571 84 0 0
570 84 0 0
130 84 0 0
129 84 0 0
128 84 0 0
127 84 0 0
126 84 0 0
125 84 0 0
124 84 0 0
575 83 0 0
574 83 0 0
573 83 0 0
572 83 0 0
571 83 0 0
570 83 0 0
130 83 0 0
129 83 0 0
128 83 0 0
127 83 0 0
126 83 0 0
125 83 0 0
124 83 0 0
574 82 0 0
573 82 0 0
572 82 0 0
571 82 0 0
570 82 0 0
569 82 0 0
568 82 0 0
132 82 0 0
131 82 0 0
130 82 0 0
129 82 0 0
128 82 0 0
127 82 0 0
126 82 0 0
125 82 0 0
574 81 0 0
573 81 0 0
572 81 0 0
571 81 0 0
570 81 0 0
569 81 0 0
568 81 0 0
567 81 0 0
133 81 0 0
132 81 0 0
131 81 0 0
130 81 0 0
129 81 0 0
128 81 0 0
127 81 0 0
126 81 0 0
573 80 0 0
572 80 0 0
571 80 0 0
570 80 0 0
569 80 0 0
568 80 0 0
567 80 0 0
134 80 0 0
133 80 0 0
132 80 0 0
131 80 0 0
130 80 0 0
129 80 0 0
128 80 0 0
127 80 0 0
573 79 0 0
572 79 0 0
571 79 0 0
570 79 0 0
569 79 0 0
568 79 0 0
567 79 0 0
134 79 0 0
133 79 0 0
132 79 0 0
131 79 0 0
130 79 0 0
129 79 0 0
128 79 0 0
127 79 0 0
573 78 0 0
572 78 0 0
571 78 0 0
570 78 0 0
569 78 0 0
568 78 0 0
567 78 0 0
134 78 0 0
133 78 0 0
132 78 0 0
131 78 0 0
130 78 0 0
129 78 0 0
571 77 0 0
570 77 0 0
569 77 0 0
568 77 0 0
567 77 0 0
566 77 0 0
136 77 0 0
135 77 0 0
134 77 0 0
133 77 0 0
132 77 0 0
131 77 0 0
130 77 0 0
571 76 0 0
570 76 0 0
569 76 0 0
568 76 0 0
567 76 0 0
566 76 0 0
137 76 0 0
136 76 0 0
135 76 0 0
134 76 0 0
133 76 0 0
132 76 0 0
131 76 0 0
571 75 0 0
570 75 0 0
569 75 0 0
568 75 0 0
567 75 0 0
566 75 0 0
137 75 0 0
136 75 0 0
135 75 0 0
134 75 0 0
133 75 0 0
132 75 0 0
131 75 0 0
571 74 0 0
570 74 0 0
569 74 0 0
568 74 0 0
567 74 0 0
566 74 0 0
138 74 0 0
137 74 0 0
136 74 0 0
135 74 0 0
134 74 0 0
133 74 0 0
570 73 0 0
569 73 0 0
568 73 0 0
567 73 0 0
566 73 0 0
565 73 0 0
139 73 0 0
138 73 0 0
137 73 0 0
136 73 0 0
135 73 0 0
134 73 0 0
570 72 0 0
569 72 0 0
568 72 0 0
567 72 0 0
566 72 0 0
565 72 0 0
141 72 0 0
140 72 0 0
139 72 0 0
138 72 0 0
137 72 0 0
136 72 0 0
135 72 0 0
134 72 0 0
570 71 0 0
569 71 0 0
568 71 0 0
567 71 0 0
566 71 0 0
565 71 0 0
142 71 0 0
141 71 0 0
140 71 0 0
139 71 0 0
138 71 0 0
137 71 0 0
136 71 0 0
135 71 0 0
570 70 0 0
569 70 0 0
568 70 0 0
567 70 0 0
566 70 0 0
565 70 0 0
142 70 0 0
141 70 0 0
140 70 0 0
139 70 0 0
138 70 0 0
137 70 0 0
136 70 0 0
135 70 0 0
569 69 0 0
568 69 0 0
567 69 0 0
566 69 0 0
565 69 0 0
564 69 0 0
563 69 0 0
143 69 0 0
142 69 0 0
141 69 0 0
140 69 0 0
139 69 0 0
138 69 0 0
137 69 0 0
569 68 0 0
568 68 0 0
567 68 0 0
566 68 0 0
565 68 0 0
564 68 0 0
563 68 0 0
145 68 0 0
144 68 0 0
143 68 0 0
142 68 0 0
141 68 0 0
140 68 0 0
139 68 0 0
138 68 0 0
567 67 0 0
566 67 0 0
565 67 0 0
564 67 0 0
563 67 0 0
562 67 0 0
146 67 0 0
145 67 0 0
144 67 0 0
143 67 0 0
142 67 0 0
141 67 0 0
140 67 0 0
139 67 0 0
567 66 0 0
566 66 0 0
565 66 0 0
564 66 0 0
563 66 0 0
562 66 0 0
146 66 0 0
145 66 0 0
144 66 0 0
143 66 0 0
142 66 0 0
141 66 0 0
140 66 0 0
139 66 0 0
567 65 0 0
566 65 0 0
565 65 0 0
564 65 0 0
563 65 0 0
562 65 0 0
147 65 0 0
146 65 0 0
145 65 0 0
144 65 0 0
143 65 0 0
142 65 0 0
141 65 0 0
140 65 0 0
566 64 0 0
565 64 0 0
564 64 0 0
563 64 0 0
562 64 0 0
561 64 0 0
149 64 0 0
148 64 0 0
147 64 0 0
146 64 0 0
145 64 0 0
144 64 0 0
143 64 0 0
142 64 0 0
566 63 0 0
565 63 0 0
564 63 0 0
563 63 0 0
562 63 0 0
561 63 0 0
150 63 0 0
149 63 0 0
148 63 0 0
147 63 0 0
146 63 0 0
145 63 0 0
144 63 0 0
143 63 0 0
566 62 0 0
565 62 0 0
564 62 0 0
563 62 0 0
562 62 0 0
561 62 0 0
150 62 0 0
149 62 0 0
148 62 0 0
147 62 0 0
146 62 0 0
145 62 0 0
144 62 0 0
143 62 0 0
566 61 0 0
565 61 0 0
564 61 0 0
563 61 0 0
562 61 0 0
561 61 0 0
150 61 0 0
149 61 0 0
148 61 0 0
147 61 0 0
146 61 0 0
145 61 0 0
144 61 0 0
565 60 0 0
564 60 0 0
563 60 0 0
562 60 0 0
561 60 0 0
560 60 0 0
559 60 0 0
151 60 0 0
150 60 0 0
149 60 0 0
148 60 0 0
147 60 0 0
146 60 0 0
565 59 0 0
564 59 0 0
563 59 0 0
562 59 0 0
561 59 0 0
560 59 0 0
559 59 0 0
152 59 0 0
151 59 0 0
150 59 0 0
149 59 0 0
148 59 0 0
147 59 0 0
565 58 0 0
564 58 0 0
563 58 0 0
562 58 0 0
561 58 0 0
560 58 0 0
559 58 0 0
154 58 0 0
153 58 0 0
152 58 0 0
151 58 0 0
150 58 0 0
149 58 0 0
148 58 0 0
565 57 0 0
564 57 0 0
563 57 0 0
562 57 0 0
561 57 0 0
560 57 0 0
559 57 0 0
154 57 0 0
153 57 0 0
152 57 0 0
151 57 0 0
150 57 0 0
149 57 0 0
148 57 0 0
564 56 0 0
563 56 0 0
562 56 0 0
561 56 0 0
560 56 0 0
559 56 0 0
558 56 0 0
155 56 0 0
154 56 0 0
153 56 0 0
152 56 0 0
151 56 0 0
150 56 0 0
564 55 0 0
563 55 0 0
562 55 0 0
561 55 0 0
560 55 0 0
559 55 0 0
558 55 0 0
156 55 0 0
155 55 0 0
154 55 0 0
153 55 0 0
152 55 0 0
151 55 0 0
150 55 0 0
564 54 0 0
563 54 0 0
562 54 0 0
561 54 0 0
560 54 0 0
559 54 0 0
558 54 0 0
557 54 0 0
158 54 0 0
157 54 0 0
156 54 0 0
155 54 0 0
154 54 0 0
153 54 0 0
152 54 0 0
151 54 0 0
564 53 0 0
563 53 0 0
562 53 0 0
561 53 0 0
560 53 0 0
559 53 0 0
558 53 0 0
557 53 0 0
158 53 0 0
157 53 0 0
156 53 0 0
155 53 0 0
154 53 0 0
153 53 0 0
152 53 0 0
151 53 0 0
562 52 0 0
561 52 0 0
560 52 0 0
559 52 0 0
558 52 0 0
557 52 0 0
159 52 0 0
158 52 0 0
157 52 0 0
156 52 0 0
155 52 0 0
154 52 0 0
153 52 0 0
152 52 0 0
562 51 0 0
561 51 0 0
560 51 0 0
559 51 0 0
558 51 0 0
557 51 0 0
160 51 0 0
159 51 0 0
158 51 0 0
157 51 0 0
156 51 0 0
155 51 0 0
154 51 0 0
153 51 0 0
562 50 0 0
561 50 0 0
560 50 0 0
559 50 0 0
558 50 0 0
557 50 0 0
162 50 0 0
161 50 0 0
160 50 0 0
159 50 0 0
158 50 0 0
157 50 0 0
156 50 0 0
155 50 0 0
562 49 0 0
561 49 0 0
560 49 0 0
559 49 0 0
558 49 0 0
557 49 0 0
162 49 0 0
161 49 0 0
160 49 0 0
159 49 0 0
158 49 0 0
157 49 0 0
156 49 0 0
155 49 0 0
561 48 0 0
560 48 0 0
559 48 0 0
558 48 0 0
163 48 0 0
162 48 0 0
161 48 0 0
160 48 0 0
159 48 0 0
158 48 0 0
157 48 0 0
156 48 0 0
560 47 0 0
559 47 0 0
164 47 0 0
163 47 0 0
162 47 0 0
161 47 0 0
160 47 0 0
159 47 0 0
158 47 0 0
157 47 0 0
166 46 0 0
165 46 0 0
164 46 0 0
163 46 0 0
162 46 0 0
161 46 0 0
160 46 0 0
159 46 0 0
166 45 0 0
165 45 0 0
164 45 0 0
163 45 0 0
162 45 0 0
161 45 0 0
160 45 0 0
166 44 0 0
165 44 0 0
164 44 0 0
163 44 0 0
162 44 0 0
161 44 0 0
160 44 0 0
167 43 0 0
166 43 0 0
165 43 0 0
164 43 0 0
163 43 0 0
162 43 0 0
161 43 0 0
168 42 0 0
167 42 0 0
166 42 0 0
165 42 0 0
164 42 0 0
163 42 0 0
169 41 0 0
168 41 0 0
167 41 0 0
166 41 0 0
165 41 0 0
164 41 0 0
169 40 0 0
168 40 0 0
167 40 0 0
166 40 0 0
165 40 0 0
164 40 0 0
171 39 0 0
170 39 0 0
169 39 0 0
168 39 0 0
167 39 0 0
166 39 0 0
165 39 0 0
172 38 0 0
171 38 0 0
170 38 0 0
169 38 0 0
168 38 0 0
167 38 0 0
166 38 0 0
165 38 0 0
173 37 0 0
172 37 0 0
171 37 0 0
170 37 0 0
169 37 0 0
168 37 0 0
167 37 0 0
173 36 0 0
172 36 0 0
171 36 0 0
170 36 0 0
169 36 0 0
168 36 0 0
167 36 0 0
175 35 0 0
174 35 0 0
173 35 0 0
172 35 0 0
171 35 0 0
170 35 0 0
169 35 0 0
168 35 0 0
176 34 0 0
175 34 0 0
174 34 0 0
173 34 0 0
172 34 0 0
171 34 0 0
170 34 0 0
169 34 0 0
177 33 0 0
176 33 0 0
175 33 0 0
174 33 0 0
173 33 0 0
172 33 0 0
171 33 0 0
170 33 0 0
179 32 0 0
178 32 0 0
177 32 0 0
176 32 0 0
175 32 0 0
174 32 0 0
173 32 0 0
172 32 0 0
179 31 0 0
178 31 0 0
177 31 0 0
176 31 0 0
175 31 0 0
174 31 0 0
173 31 0 0
172 31 0 0
180 30 0 0
179 30 0 0
178 30 0 0
177 30 0 0
176 30 0 0
175 30 0 0
174 30 0 0
173 30 0 0
180 29 0 0
179 29 0 0
178 29 0 0
177 29 0 0
176 29 0 0
175 29 0 0
174 29 0 0
181 28 0 0
180 28 0 0
179 28 0 0
178 28 0 0
177 28 0 0
176 28 0 0
175 28 0 0
174 28 0 0
181 27 0 0
180 27 0 0
179 27 0 0
178 27 0 0
177 27 0 0
176 27 0 0
175 27 0 0
174 27 0 0
181 26 0 0
180 26 0 0
179 26 0 0
178 26 0 0
177 26 0 0
176 26 0 0
182 25 0 0
181 25 0 0
180 25 0 0
179 25 0 0
178 25 0 0
177 25 0 0
181 24 0 0
180 24 0 0
179 24 0 0
178 24 0 0
181 23 0 0
180 23 0 0
179 23 0 0
178 23 0 0
180 22 0 0
