2415 321 481
81 458 0 0
80 458 0 0
79 458 0 0
82 457 0 0
81 457 0 0
80 457 0 0
79 457 0 0
78 457 0 0
82 456 0 0
81 456 0 0
80 456 0 0
79 456 0 0
78 456 0 0
77 456 0 0
81 455 0 0
80 455 0 0
79 455 0 0
78 455 0 0
77 455 0 0
80 454 0 0
79 454 0 0
78 454 0 0
77 454 0 0
76 454 0 0
79 453 0 0
78 453 0 0
77 453 0 0
76 453 0 0
75 453 0 0
79 452 0 0
78 452 0 0
77 452 0 0
76 452 0 0
75 452 0 0
74 452 0 0
78 451 0 0
77 451 0 0
76 451 0 0
75 451 0 0
74 451 0 0
73 451 0 0
77 450 0 0
76 450 0 0
75 450 0 0
74 450 0 0
73 450 0 0
76 449 0 0
75 449 0 0
74 449 0 0
73 449 0 0
72 449 0 0
75 448 0 0
74 448 0 0
73 448 0 0
72 448 0 0
71 448 0 0
74 447 0 0
73 447 0 0
72 447 0 0
71 447 0 0
70 447 0 0
74 446 0 0
73 446 0 0
72 446 0 0
71 446 0 0
70 446 0 0
69 446 0 0
73 445 0 0
72 445 0 0
71 445 0 0
70 445 0 0
69 445 0 0
72 444 0 0
71 444 0 0
70 444 0 0
69 444 0 0
71 443 0 0
70 443 0 0
69 443 0 0
68 443 0 0
70 442 0 0
69 442 0 0
68 442 0 0
67 442 0 0
69 441 0 0
68 441 0 0
67 441 0 0
66 441 0 0
69 440 0 0
68 440 0 0
67 440 0 0
66 440 0 0
65 440 0 0
68 439 0 0
67 439 0 0
66 439 0 0
65 439 0 0
64 439 0 0
68 438 0 0
67 438 0 0
66 438 0 0
65 438 0 0
64 438 0 0
67 437 0 0
66 437 0 0
65 437 0 0
64 437 0 0
63 437 0 0
66 436 0 0
65 436 0 0
64 436 0 0
63 436 0 0
62 436 0 0
65 435 0 0
64 435 0 0
63 435 0 0
62 435 0 0
61 435 0 0
65 434 0 0
64 434 0 0
63 434 0 0
62 434 0 0
61 434 0 0
60 434 0 0
256 433 0 0
64 433 0 0
63 433 0 0
62 433 0 0
61 433 0 0
60 433 0 0
59 433 0 0
257 432 0 0
256 432 0 0
255 432 0 0
63 432 0 0
62 432 0 0
61 432 0 0
60 432 0 0
59 432 0 0
258 431 0 0
257 431 0 0
256 431 0 0
255 431 0 0
254 431 0 0
62 431 0 0
61 431 0 0
60 431 0 0
59 431 0 0
58 431 0 0
258 430 0 0
257 430 0 0
256 430 0 0
255 430 0 0
254 430 0 0
61 430 0 0
60 430 0 0
59 430 0 0
58 430 0 0
57 430 0 0
258 429 0 0
257 429 0 0
256 429 0 0
255 429 0 0
254 429 0 0
60 429 0 0
59 429 0 0
58 429 0 0
57 429 0 0
56 429 0 0
258 428 0 0
257 428 0 0
256 428 0 0
255 428 0 0
254 428 0 0
60 428 0 0
59 428 0 0
58 428 0 0
57 428 0 0
56 428 0 0
55 428 0 0
259 427 0 0
258 427 0 0
257 427 0 0
256 427 0 0
255 427 0 0
59 427 0 0
58 427 0 0
57 427 0 0
56 427 0 0
55 427 0 0
54 427 0 0
260 426 0 0
259 426 0 0
258 426 0 0
257 426 0 0
256 426 0 0
255 426 0 0
58 426 0 0
57 426 0 0
56 426 0 0
55 426 0 0
54 426 0 0
260 425 0 0
259 425 0 0
258 425 0 0
257 425 0 0
256 425 0 0
57 425 0 0
56 425 0 0
55 425 0 0
54 425 0 0
53 425 0 0
261 424 0 0
260 424 0 0
259 424 0 0
258 424 0 0
257 424 0 0
56 424 0 0
55 424 0 0
54 424 0 0
53 424 0 0
52 424 0 0
261 423 0 0
260 423 0 0
259 423 0 0
258 423 0 0
257 423 0 0
55 423 0 0
54 423 0 0
53 423 0 0
52 423 0 0
51 423 0 0
261 422 0 0
260 422 0 0
259 422 0 0
258 422 0 0
257 422 0 0
55 422 0 0
54 422 0 0
53 422 0 0
52 422 0 0
51 422 0 0
50 422 0 0
262 421 0 0
261 421 0 0
260 421 0 0
259 421 0 0
258 421 0 0
54 421 0 0
53 421 0 0
52 421 0 0
51 421 0 0
50 421 0 0
49 421 0 0
262 420 0 0
261 420 0 0
260 420 0 0
259 420 0 0
258 420 0 0
53 420 0 0
52 420 0 0
51 420 0 0
50 420 0 0
49 420 0 0
262 419 0 0
261 419 0 0
260 419 0 0
259 419 0 0
258 419 0 0
52 419 0 0
51 419 0 0
50 419 0 0
49 419 0 0
48 419 0 0
263 418 0 0
262 418 0 0
261 418 0 0
260 418 0 0
259 418 0 0
51 418 0 0
50 418 0 0
49 418 0 0
48 418 0 0
47 418 0 0
263 417 0 0
262 417 0 0
261 417 0 0
260 417 0 0
259 417 0 0
50 417 0 0
49 417 0 0
48 417 0 0
47 417 0 0
46 417 0 0
264 416 0 0
263 416 0 0
262 416 0 0
261 416 0 0
260 416 0 0
259 416 0 0
50 416 0 0
49 416 0 0
48 416 0 0
47 416 0 0
46 416 0 0
45 416 0 0
264 415 0 0
263 415 0 0
262 415 0 0
261 415 0 0
260 415 0 0
49 415 0 0
48 415 0 0
47 415 0 0
46 415 0 0
45 415 0 0
44 415 0 0
265 414 0 0
264 414 0 0
263 414 0 0
262 414 0 0
261 414 0 0
47 414 0 0
46 414 0 0
45 414 0 0
44 414 0 0
43 414 0 0
265 413 0 0
264 413 0 0
263 413 0 0
262 413 0 0
261 413 0 0
47 413 0 0
46 413 0 0
45 413 0 0
44 413 0 0
43 413 0 0
42 413 0 0
266 412 0 0
265 412 0 0
264 412 0 0
263 412 0 0
262 412 0 0
46 412 0 0
45 412 0 0
44 412 0 0
43 412 0 0
42 412 0 0
266 411 0 0
265 411 0 0
264 411 0 0
263 411 0 0
262 411 0 0
45 411 0 0
44 411 0 0
43 411 0 0
42 411 0 0
41 411 0 0
266 410 0 0
265 410 0 0
264 410 0 0
263 410 0 0
262 410 0 0
44 410 0 0
43 410 0 0
42 410 0 0
41 410 0 0
40 410 0 0
267 409 0 0
266 409 0 0
265 409 0 0
264 409 0 0
263 409 0 0
43 409 0 0
42 409 0 0
41 409 0 0
267 408 0 0
266 408 0 0
265 408 0 0
264 408 0 0
263 408 0 0
42 408 0 0
267 407 0 0
266 407 0 0
265 407 0 0
264 407 0 0
263 407 0 0
268 406 0 0
267 406 0 0
266 406 0 0
265 406 0 0
264 406 0 0
268 405 0 0
267 405 0 0
266 405 0 0
265 405 0 0
264 405 0 0
269 404 0 0
268 404 0 0
267 404 0 0
266 404 0 0
265 404 0 0
264 404 0 0
269 403 0 0
268 403 0 0
267 403 0 0
266 403 0 0
265 403 0 0
269 402 0 0
268 402 0 0
267 402 0 0
266 402 0 0
265 402 0 0
270 401 0 0
269 401 0 0
268 401 0 0
267 401 0 0
266 401 0 0
270 400 0 0
269 400 0 0
268 400 0 0
267 400 0 0
266 400 0 0
270 399 0 0
269 399 0 0
268 399 0 0
267 399 0 0
266 399 0 0
271 398 0 0
270 398 0 0
269 398 0 0
268 398 0 0
267 398 0 0
271 397 0 0
270 397 0 0
269 397 0 0
268 397 0 0
267 397 0 0
272 396 0 0
271 396 0 0
270 396 0 0
269 396 0 0
268 396 0 0
272 395 0 0
271 395 0 0
270 395 0 0
269 395 0 0
268 395 0 0
272 394 0 0
271 394 0 0
270 394 0 0
269 394 0 0
268 394 0 0
273 393 0 0
272 393 0 0
271 393 0 0
270 393 0 0
269 393 0 0
273 392 0 0
272 392 0 0
271 392 0 0
270 392 0 0
269 392 0 0
274 391 0 0
273 391 0 0
272 391 0 0
271 391 0 0
270 391 0 0
269 391 0 0
274 390 0 0
273 390 0 0
272 390 0 0
271 390 0 0
270 390 0 0
274 389 0 0
273 389 0 0
272 389 0 0
271 389 0 0
270 389 0 0
275 388 0 0
274 388 0 0
273 388 0 0
272 388 0 0
271 388 0 0
275 387 0 0
274 387 0 0
273 387 0 0
272 387 0 0
271 387 0 0
275 386 0 0
274 386 0 0
273 386 0 0
272 386 0 0
271 386 0 0
276 385 0 0
275 385 0 0
274 385 0 0
273 385 0 0
272 385 0 0
276 384 0 0
275 384 0 0
274 384 0 0
273 384 0 0
272 384 0 0
276 383 0 0
275 383 0 0
274 383 0 0
273 383 0 0
272 383 0 0
277 382 0 0
276 382 0 0
275 382 0 0
274 382 0 0
273 382 0 0
277 381 0 0
276 381 0 0
275 381 0 0
274 381 0 0
273 381 0 0
277 380 0 0
276 380 0 0
275 380 0 0
274 380 0 0
273 380 0 0
278 379 0 0
277 379 0 0
276 379 0 0
275 379 0 0
274 379 0 0
279 378 0 0
278 378 0 0
277 378 0 0
276 378 0 0
275 378 0 0
274 378 0 0
279 377 0 0
278 377 0 0
277 377 0 0
276 377 0 0
275 377 0 0
279 376 0 0
278 376 0 0
277 376 0 0
276 376 0 0
275 376 0 0
280 375 0 0
279 375 0 0
278 375 0 0
277 375 0 0
276 375 0 0
280 374 0 0
279 374 0 0
278 374 0 0
277 374 0 0
276 374 0 0
280 373 0 0
279 373 0 0
278 373 0 0
277 373 0 0
276 373 0 0
281 372 0 0
280 372 0 0
279 372 0 0
278 372 0 0
277 372 0 0
281 371 0 0
280 371 0 0
279 371 0 0
278 371 0 0
277 371 0 0
281 370 0 0
280 370 0 0
279 370 0 0
278 370 0 0
277 370 0 0
282 369 0 0
281 369 0 0
280 369 0 0
279 369 0 0
278 369 0 0
282 368 0 0
281 368 0 0
280 368 0 0
279 368 0 0
278 368 0 0
282 367 0 0
281 367 0 0
280 367 0 0
279 367 0 0
278 367 0 0
282 366 0 0
281 366 0 0
280 366 0 0
279 366 0 0
278 366 0 0
282 365 0 0
281 365 0 0
280 365 0 0
279 365 0 0
278 365 0 0
283 364 0 0
282 364 0 0
281 364 0 0
280 364 0 0
279 364 0 0
283 363 0 0
282 363 0 0
281 363 0 0
280 363 0 0
279 363 0 0
283 362 0 0
282 362 0 0
281 362 0 0
280 362 0 0
279 362 0 0
283 361 0 0
282 361 0 0
281 361 0 0
280 361 0 0
279 361 0 0
283 360 0 0
282 360 0 0
281 360 0 0
280 360 0 0
279 360 0 0
284 359 0 0
283 359 0 0
282 359 0 0
281 359 0 0
280 359 0 0
284 358 0 0
283 358 0 0
282 358 0 0
281 358 0 0
280 358 0 0
284 357 0 0
283 357 0 0
282 357 0 0
281 357 0 0
280 357 0 0
284 356 0 0
283 356 0 0
282 356 0 0
281 356 0 0
280 356 0 0
284 355 0 0
283 355 0 0
282 355 0 0
281 355 0 0
280 355 0 0
285 354 0 0
284 354 0 0
283 354 0 0
282 354 0 0
281 354 0 0
285 353 0 0
284 353 0 0
283 353 0 0
282 353 0 0
281 353 0 0
285 352 0 0
284 352 0 0
283 352 0 0
282 352 0 0
281 352 0 0
285 351 0 0
284 351 0 0
283 351 0 0
282 351 0 0
281 351 0 0
286 350 0 0
285 350 0 0
284 350 0 0
283 350 0 0
282 350 0 0
281 350 0 0
286 349 0 0
285 349 0 0
284 349 0 0
283 349 0 0
282 349 0 0
286 348 0 0
285 348 0 0
284 348 0 0
283 348 0 0
282 348 0 0
286 347 0 0
285 347 0 0
284 347 0 0
283 347 0 0
282 347 0 0
286 346 0 0
285 346 0 0
284 346 0 0
283 346 0 0
282 346 0 0
287 345 0 0
286 345 0 0
285 345 0 0
284 345 0 0
283 345 0 0
287 344 0 0
286 344 0 0
285 344 0 0
284 344 0 0
283 344 0 0
287 343 0 0
286 343 0 0
285 343 0 0
284 343 0 0
283 343 0 0
287 342 0 0
286 342 0 0
285 342 0 0
284 342 0 0
283 342 0 0
287 341 0 0
286 341 0 0
285 341 0 0
284 341 0 0
283 341 0 0
288 340 0 0
287 340 0 0
286 340 0 0
285 340 0 0
284 340 0 0
288 339 0 0
287 339 0 0
286 339 0 0
285 339 0 0
284 339 0 0
288 338 0 0
287 338 0 0
286 338 0 0
285 338 0 0
284 338 0 0
288 337 0 0
287 337 0 0
286 337 0 0
285 337 0 0
284 337 0 0
288 336 0 0
287 336 0 0
286 336 0 0
285 336 0 0
284 336 0 0
288 335 0 0
287 335 0 0
286 335 0 0
285 335 0 0
284 335 0 0
289 334 0 0
288 334 0 0
287 334 0 0
286 334 0 0
285 334 0 0
289 333 0 0
288 333 0 0
287 333 0 0
286 333 0 0
285 333 0 0
289 332 0 0
288 332 0 0
287 332 0 0
286 332 0 0
285 332 0 0
289 331 0 0
288 331 0 0
287 331 0 0
286 331 0 0
285 331 0 0
289 330 0 0
288 330 0 0
287 330 0 0
286 330 0 0
285 330 0 0
290 329 0 0
289 329 0 0
288 329 0 0
287 329 0 0
286 329 0 0
290 328 0 0
289 328 0 0
288 328 0 0
287 328 0 0
286 328 0 0
290 327 0 0
289 327 0 0
288 327 0 0
287 327 0 0
286 327 0 0
290 326 0 0
289 326 0 0
288 326 0 0
287 326 0 0
286 326 0 0
291 325 0 0
290 325 0 0
289 325 0 0
288 325 0 0
287 325 0 0
291 324 0 0
290 324 0 0
289 324 0 0
288 324 0 0
287 324 0 0
291 323 0 0
290 323 0 0
289 323 0 0
288 323 0 0
287 323 0 0
291 322 0 0
290 322 0 0
289 322 0 0
288 322 0 0
287 322 0 0
291 321 0 0
290 321 0 0
289 321 0 0
288 321 0 0
287 321 0 0
292 320 0 0
291 320 0 0
290 320 0 0
289 320 0 0
288 320 0 0
292 319 0 0
291 319 0 0
290 319 0 0
289 319 0 0
288 319 0 0
292 318 0 0
291 318 0 0
290 318 0 0
289 318 0 0
288 318 0 0
292 317 0 0
291 317 0 0
290 317 0 0
289 317 0 0
288 317 0 0
292 316 0 0
291 316 0 0
290 316 0 0
289 316 0 0
288 316 0 0
293 315 0 0
292 315 0 0
291 315 0 0
290 315 0 0
289 315 0 0
293 314 0 0
292 314 0 0
291 314 0 0
290 314 0 0
289 314 0 0
293 313 0 0
292 313 0 0
291 313 0 0
290 313 0 0
289 313 0 0
293 312 0 0
292 312 0 0
291 312 0 0
290 312 0 0
289 312 0 0
293 311 0 0
292 311 0 0
291 311 0 0
290 311 0 0
289 311 0 0
294 310 0 0
293 310 0 0
292 310 0 0
291 310 0 0
290 310 0 0
294 309 0 0
293 309 0 0
292 309 0 0
291 309 0 0
290 309 0 0
294 308 0 0
293 308 0 0
292 308 0 0
291 308 0 0
290 308 0 0
294 307 0 0
293 307 0 0
292 307 0 0
291 307 0 0
290 307 0 0
295 306 0 0
294 306 0 0
293 306 0 0
292 306 0 0
291 306 0 0
290 306 0 0
295 305 0 0
294 305 0 0
293 305 0 0
292 305 0 0
291 305 0 0
295 304 0 0
294 304 0 0
293 304 0 0
292 304 0 0
291 304 0 0
295 303 0 0
294 303 0 0
293 303 0 0
292 303 0 0
291 303 0 0
295 302 0 0
294 302 0 0
293 302 0 0
292 302 0 0
291 302 0 0
296 301 0 0
295 301 0 0
294 301 0 0
293 301 0 0
292 301 0 0
296 300 0 0
295 300 0 0
294 300 0 0
293 300 0 0
292 300 0 0
296 299 0 0
295 299 0 0
294 299 0 0
293 299 0 0
292 299 0 0
296 298 0 0
295 298 0 0
294 298 0 0
293 298 0 0
292 298 0 0
296 297 0 0
295 297 0 0
294 297 0 0
293 297 0 0
292 297 0 0
297 296 0 0
296 296 0 0
295 296 0 0
294 296 0 0
293 296 0 0
297 295 0 0
296 295 0 0
295 295 0 0
294 295 0 0
293 295 0 0
297 294 0 0
296 294 0 0
295 294 0 0
294 294 0 0
293 294 0 0
297 293 0 0
296 293 0 0
295 293 0 0
294 293 0 0
293 293 0 0
297 292 0 0
296 292 0 0
295 292 0 0
294 292 0 0
293 292 0 0
297 291 0 0
296 291 0 0
295 291 0 0
294 291 0 0
297 290 0 0
296 290 0 0
295 290 0 0
294 290 0 0
297 289 0 0
296 289 0 0
295 289 0 0
294 289 0 0
297 288 0 0
296 288 0 0
295 288 0 0
294 288 0 0
297 287 0 0
296 287 0 0
295 287 0 0
294 287 0 0
298 286 0 0
297 286 0 0
296 286 0 0
295 286 0 0
298 285 0 0
297 285 0 0
296 285 0 0
295 285 0 0
298 284 0 0
297 284 0 0
296 284 0 0
295 284 0 0
298 283 0 0
297 283 0 0
296 283 0 0
295 283 0 0
299 282 0 0
298 282 0 0
297 282 0 0
296 282 0 0
299 281 0 0
298 281 0 0
297 281 0 0
296 281 0 0
299 280 0 0
298 280 0 0
297 280 0 0
296 280 0 0
299 279 0 0
298 279 0 0
297 279 0 0
296 279 0 0
299 278 0 0
298 278 0 0
297 278 0 0
296 278 0 0
300 277 0 0
299 277 0 0
298 277 0 0
297 277 0 0
300 276 0 0
299 276 0 0
298 276 0 0
297 276 0 0
300 275 0 0
299 275 0 0
298 275 0 0
297 275 0 0
153 275 0 1
300 274 0 0
299 274 0 0
298 274 0 0
297 274 0 0
154 274 0 1
153 274 0 1
152 274 0 1
300 273 0 0
299 273 0 0
298 273 0 0
297 273 0 0
155 273 0 1
154 273 0 1
153 273 0 1
152 273 0 1
151 273 0 1
300 272 0 0
299 272 0 0
298 272 0 0
297 272 0 0
155 272 0 1
154 272 0 1
153 272 0 1
152 272 0 1
151 272 0 1
301 271 0 0
300 271 0 0
299 271 0 0
298 271 0 0
156 271 0 1
155 271 0 1
154 271 0 1
153 271 0 1
152 271 0 1
301 270 0 0
300 270 0 0
299 270 0 0
298 270 0 0
156 270 0 1
155 270 0 1
154 270 0 1
153 270 0 1
152 270 0 1
301 269 0 0
300 269 0 0
299 269 0 0
298 269 0 0
156 269 0 1
155 269 0 1
154 269 0 1
153 269 0 1
152 269 0 1
301 268 0 0
300 268 0 0
299 268 0 0
298 268 0 0
157 268 0 1
156 268 0 1
155 268 0 1
154 268 0 1
153 268 0 1
301 267 0 0
300 267 0 0
299 267 0 0
298 267 0 0
157 267 0 1
156 267 0 1
155 267 0 1
154 267 0 1
153 267 0 1
302 266 0 0
301 266 0 0
300 266 0 0
299 266 0 0
298 266 0 0
157 266 0 1
156 266 0 1
155 266 0 1
154 266 0 1
153 266 0 1
302 265 0 0
301 265 0 0
300 265 0 0
299 265 0 0
298 265 0 0
157 265 0 1
156 265 0 1
155 265 0 1
154 265 0 1
153 265 0 1
302 264 0 0
301 264 0 0
300 264 0 0
299 264 0 0
298 264 0 0
158 264 0 1
157 264 0 1
156 264 0 1
155 264 0 1
154 264 0 1
302 263 0 0
301 263 0 0
300 263 0 0
299 263 0 0
298 263 0 0
158 263 0 1
157 263 0 1
156 263 0 1
155 263 0 1
154 263 0 1
303 262 0 0
302 262 0 0
301 262 0 0
300 262 0 0
299 262 0 0
298 262 0 0
159 262 0 1
158 262 0 1
157 262 0 1
156 262 0 1
155 262 0 1
303 261 0 0
302 261 0 0
301 261 0 0
300 261 0 0
299 261 0 0
159 261 0 1
158 261 0 1
157 261 0 1
156 261 0 1
155 261 0 1
303 260 0 0
302 260 0 0
301 260 0 0
300 260 0 0
299 260 0 0
159 260 0 1
158 260 0 1
157 260 0 1
156 260 0 1
155 260 0 1
303 259 0 0
302 259 0 0
301 259 0 0
300 259 0 0
299 259 0 0
159 259 0 1
158 259 0 1
157 259 0 1
156 259 0 1
303 258 0 0
302 258 0 0
301 258 0 0
300 258 0 0
299 258 0 0
159 258 0 1
158 258 0 1
157 258 0 1
156 258 0 1
304 257 0 0
303 257 0 0
302 257 0 0
301 257 0 0
300 257 0 0
159 257 0 1
158 257 0 1
157 257 0 1
156 257 0 1
304 256 0 0
303 256 0 0
302 256 0 0
301 256 0 0
300 256 0 0
159 256 0 1
158 256 0 1
157 256 0 1
156 256 0 1
304 255 0 0
303 255 0 0
302 255 0 0
301 255 0 0
300 255 0 0
160 255 0 1
159 255 0 1
158 255 0 1
157 255 0 1
304 254 0 0
303 254 0 0
302 254 0 0
301 254 0 0
300 254 0 0
160 254 0 1
159 254 0 1
158 254 0 1
157 254 0 1
304 253 0 0
303 253 0 0
302 253 0 0
301 253 0 0
300 253 0 0
160 253 0 1
159 253 0 1
158 253 0 1
157 253 0 1
305 252 0 0
304 252 0 0
303 252 0 0
302 252 0 0
301 252 0 0
160 252 0 1
159 252 0 1
158 252 0 1
157 252 0 1
305 251 0 0
304 251 0 0
303 251 0 0
302 251 0 0
301 251 0 0
160 251 0 1
159 251 0 1
158 251 0 1
157 251 0 1
305 250 0 0
304 250 0 0
303 250 0 0
302 250 0 0
301 250 0 0
161 250 0 1
160 250 0 1
159 250 0 1
158 250 0 1
305 249 0 0
304 249 0 0
303 249 0 0
302 249 0 0
301 249 0 0
161 249 0 1
160 249 0 1
159 249 0 1
158 249 0 1
305 248 0 0
304 248 0 0
303 248 0 0
302 248 0 0
301 248 0 0
161 248 0 1
160 248 0 1
159 248 0 1
158 248 0 1
306 247 0 0
305 247 0 0
304 247 0 0
303 247 0 0
302 247 0 0
161 247 0 1
160 247 0 1
159 247 0 1
158 247 0 1
306 246 0 0
305 246 0 0
304 246 0 0
303 246 0 0
302 246 0 0
161 246 0 1
160 246 0 1
159 246 0 1
158 246 0 1
306 245 0 0
305 245 0 0
304 245 0 0
303 245 0 0
302 245 0 0
161 245 0 1
160 245 0 1
159 245 0 1
158 245 0 1
306 244 0 0
305 244 0 0
304 244 0 0
303 244 0 0
302 244 0 0
161 244 0 1
160 244 0 1
159 244 0 1
158 244 0 1
306 243 0 0
305 243 0 0
304 243 0 0
303 243 0 0
302 243 0 0
162 243 0 1
161 243 0 1
160 243 0 1
159 243 0 1
307 242 0 0
306 242 0 0
305 242 0 0
304 242 0 0
303 242 0 0
162 242 0 1
161 242 0 1
160 242 0 1
159 242 0 1
307 241 0 0
306 241 0 0
305 241 0 0
304 241 0 0
303 241 0 0
162 241 0 1
161 241 0 1
160 241 0 1
159 241 0 1
307 240 0 0
306 240 0 0
305 240 0 0
304 240 0 0
303 240 0 0
162 240 0 1
161 240 0 1
160 240 0 1
159 240 0 1
307 239 0 0
306 239 0 0
305 239 0 0
304 239 0 0
303 239 0 0
162 239 0 1
161 239 0 1
160 239 0 1
159 239 0 1
307 238 0 0
306 238 0 0
305 238 0 0
304 238 0 0
303 238 0 0
162 238 0 1
161 238 0 1
160 238 0 1
159 238 0 1
307 237 0 0
306 237 0 0
305 237 0 0
304 237 0 0
303 237 0 0
163 237 0 1
162 237 0 1
161 237 0 1
160 237 0 1
307 236 0 0
306 236 0 0
305 236 0 0
304 236 0 0
303 236 0 0
163 236 0 1
162 236 0 1
161 236 0 1
160 236 0 1
306 235 0 0
305 235 0 0
304 235 0 0
163 235 0 1
162 235 0 1
161 235 0 1
160 235 0 1
305 234 0 0
163 234 0 1
162 234 0 1
161 234 0 1
160 234 0 1
163 233 0 1
162 233 0 1
161 233 0 1
160 233 0 1
163 232 0 1
162 232 0 1
161 232 0 1
160 232 0 1
164 231 0 1
163 231 0 1
162 231 0 1
161 231 0 1
160 231 0 1
164 230 0 1
163 230 0 1
162 230 0 1
161 230 0 1
160 230 0 1
164 229 0 1
163 229 0 1
162 229 0 1
161 229 0 1
160 229 0 1
164 228 0 1
163 228 0 1
162 228 0 1
161 228 0 1
160 228 0 1
164 227 0 1
163 227 0 1
162 227 0 1
161 227 0 1
160 227 0 1
164 226 0 1
163 226 0 1
162 226 0 1
161 226 0 1
160 226 0 1
164 225 0 1
163 225 0 1
162 225 0 1
161 225 0 1
160 225 0 1
165 224 0 1
164 224 0 1
163 224 0 1
162 224 0 1
161 224 0 1
165 223 0 1
164 223 0 1
163 223 0 1
162 223 0 1
161 223 0 1
165 222 0 1
164 222 0 1
163 222 0 1
162 222 0 1
161 222 0 1
165 221 0 1
164 221 0 1
163 221 0 1
162 221 0 1
161 221 0 1
165 220 0 1
164 220 0 1
163 220 0 1
162 220 0 1
161 220 0 1
165 219 0 1
164 219 0 1
163 219 0 1
162 219 0 1
161 219 0 1
166 218 0 1
165 218 0 1
164 218 0 1
163 218 0 1
162 218 0 1
166 217 0 1
165 217 0 1
164 217 0 1
163 217 0 1
162 217 0 1
166 216 0 1
165 216 0 1
164 216 0 1
163 216 0 1
162 216 0 1
166 215 0 1
165 215 0 1
164 215 0 1
163 215 0 1
162 215 0 1
166 214 0 1
165 214 0 1
164 214 0 1
163 214 0 1
162 214 0 1
166 213 0 1
165 213 0 1
164 213 0 1
163 213 0 1
162 213 0 1
166 212 0 1
165 212 0 1
164 212 0 1
163 212 0 1
162 212 0 1
167 211 0 1
166 211 0 1
165 211 0 1
164 211 0 1
163 211 0 1
167 210 0 1
166 210 0 1
165 210 0 1
164 210 0 1
163 210 0 1
167 209 0 1
166 209 0 1
165 209 0 1
164 209 0 1
163 209 0 1
167 208 0 1
166 208 0 1
165 208 0 1
164 208 0 1
163 208 0 1
167 207 0 1
166 207 0 1
165 207 0 1
164 207 0 1
163 207 0 1
167 206 0 1
166 206 0 1
165 206 0 1
164 206 0 1
163 206 0 1
167 205 0 1
166 205 0 1
165 205 0 1
164 205 0 1
163 205 0 1
168 204 0 1
167 204 0 1
166 204 0 1
165 204 0 1
164 204 0 1
168 203 0 1
167 203 0 1
166 203 0 1
165 203 0 1
164 203 0 1
168 202 0 1
167 202 0 1
166 202 0 1
165 202 0 1
164 202 0 1
168 201 0 1
167 201 0 1
166 201 0 1
165 201 0 1
164 201 0 1
168 200 0 1
167 200 0 1
166 200 0 1
165 200 0 1
164 200 0 1
168 199 0 1
167 199 0 1
166 199 0 1
165 199 0 1
164 199 0 1
168 198 0 1
167 198 0 1
166 198 0 1
165 198 0 1
164 198 0 1
169 197 0 1
168 197 0 1
167 197 0 1
166 197 0 1
165 197 0 1
169 196 0 1
168 196 0 1
167 196 0 1
166 196 0 1
165 196 0 1
169 195 0 1
168 195 0 1
167 195 0 1
166 195 0 1
165 195 0 1
169 194 0 1
168 194 0 1
167 194 0 1
166 194 0 1
165 194 0 1
169 193 0 1
168 193 0 1
167 193 0 1
166 193 0 1
165 193 0 1
169 192 0 1
168 192 0 1
167 192 0 1
166 192 0 1
165 192 0 1
170 191 0 1
169 191 0 1
168 191 0 1
167 191 0 1
166 191 0 1
170 190 0 1
169 190 0 1
168 190 0 1
167 190 0 1
166 190 0 1
170 189 0 1
169 189 0 1
168 189 0 1
167 189 0 1
166 189 0 1
170 188 0 1
169 188 0 1
168 188 0 1
167 188 0 1
166 188 0 1
170 187 0 1
169 187 0 1
168 187 0 1
167 187 0 1
166 187 0 1
170 186 0 1
169 186 0 1
168 186 0 1
167 186 0 1
166 186 0 1
171 185 0 1
170 185 0 1
169 185 0 1
168 185 0 1
167 185 0 1
171 184 0 1
170 184 0 1
169 184 0 1
168 184 0 1
167 184 0 1
171 183 0 1
170 183 0 1
169 183 0 1
168 183 0 1
167 183 0 1
171 182 0 1
170 182 0 1
169 182 0 1
168 182 0 1
167 182 0 1
171 181 0 1
170 181 0 1
169 181 0 1
168 181 0 1
167 181 0 1
171 180 0 1
170 180 0 1
169 180 0 1
168 180 0 1
167 180 0 1
171 179 0 1
170 179 0 1
169 179 0 1
168 179 0 1
167 179 0 1
172 178 0 1
171 178 0 1
170 178 0 1
169 178 0 1
168 178 0 1
172 177 0 1
171 177 0 1
170 177 0 1
169 177 0 1
168 177 0 1
172 176 0 1
171 176 0 1
170 176 0 1
169 176 0 1
168 176 0 1
172 175 0 1
171 175 0 1
170 175 0 1
169 175 0 1
168 175 0 1
172 174 0 1
171 174 0 1
170 174 0 1
169 174 0 1
168 174 0 1
172 173 0 1
171 173 0 1
170 173 0 1
169 173 0 1
168 173 0 1
172 172 0 1
171 172 0 1
170 172 0 1
169 172 0 1
168 172 0 1
173 171 0 1
172 171 0 1
171 171 0 1
170 171 0 1
169 171 0 1
173 170 0 1
172 170 0 1
171 170 0 1
170 170 0 1
169 170 0 1
173 169 0 1
172 169 0 1
171 169 0 1
170 169 0 1
169 169 0 1
173 168 0 1
172 168 0 1
171 168 0 1
170 168 0 1
169 168 0 1
173 167 0 1
172 167 0 1
171 167 0 1
170 167 0 1
169 167 0 1
173 166 0 1
172 166 0 1
171 166 0 1
170 166 0 1
169 166 0 1
173 165 0 1
172 165 0 1
171 165 0 1
170 165 0 1
169 165 0 1
174 164 0 1
173 164 0 1
172 164 0 1
171 164 0 1
170 164 0 1
174 163 0 1
173 163 0 1
172 163 0 1
171 163 0 1
170 163 0 1
174 162 0 1
173 162 0 1
172 162 0 1
171 162 0 1
170 162 0 1
174 161 0 1
173 161 0 1
172 161 0 1
171 161 0 1
170 161 0 1
174 160 0 1
173 160 0 1
172 160 0 1
171 160 0 1
170 160 0 1
174 159 0 1
173 159 0 1
172 159 0 1
171 159 0 1
170 159 0 1
174 158 0 1
173 158 0 1
172 158 0 1
171 158 0 1
170 158 0 1
175 157 0 1
174 157 0 1
173 157 0 1
172 157 0 1
171 157 0 1
175 156 0 1
174 156 0 1
173 156 0 1
172 156 0 1
171 156 0 1
175 155 0 1
174 155 0 1
173 155 0 1
172 155 0 1
171 155 0 1
175 154 0 1
174 154 0 1
173 154 0 1
172 154 0 1
171 154 0 1
175 153 0 1
174 153 0 1
173 153 0 1
172 153 0 1
171 153 0 1
176 152 0 1
175 152 0 1
174 152 0 1
173 152 0 1
172 152 0 1
176 151 0 1
175 151 0 1
174 151 0 1
173 151 0 1
172 151 0 1
176 150 0 1
175 150 0 1
174 150 0 1
173 150 0 1
172 150 0 1
176 149 0 1
175 149 0 1
174 149 0 1
173 149 0 1
172 149 0 1
176 148 0 1
175 148 0 1
174 148 0 1
173 148 0 1
172 148 0 1
176 147 0 1
175 147 0 1
174 147 0 1
173 147 0 1
172 147 0 1
8 147 0 0
176 146 0 1
175 146 0 1
174 146 0 1
173 146 0 1
172 146 0 1
9 146 0 0
8 146 0 0
7 146 0 0
177 145 0 1
176 145 0 1
175 145 0 1
174 145 0 1
173 145 0 1
10 145 0 0
9 145 0 0
8 145 0 0
7 145 0 0
6 145 0 0
177 144 0 1
176 144 0 1
175 144 0 1
174 144 0 1
173 144 0 1
10 144 0 0
9 144 0 0
8 144 0 0
7 144 0 0
6 144 0 0
177 143 0 1
176 143 0 1
175 143 0 1
174 143 0 1
173 143 0 1
10 143 0 0
9 143 0 0
8 143 0 0
7 143 0 0
6 143 0 0
177 142 0 1
176 142 0 1
175 142 0 1
174 142 0 1
173 142 0 1
10 142 0 0
9 142 0 0
8 142 0 0
7 142 0 0
6 142 0 0
177 141 0 1
176 141 0 1
175 141 0 1
174 141 0 1
173 141 0 1
11 141 0 0
10 141 0 0
9 141 0 0
8 141 0 0
7 141 0 0
177 140 0 1
176 140 0 1
175 140 0 1
174 140 0 1
173 140 0 1
11 140 0 0
10 140 0 0
9 140 0 0
8 140 0 0
7 140 0 0
178 139 0 1
177 139 0 1
176 139 0 1
175 139 0 1
174 139 0 1
11 139 0 0
10 139 0 0
9 139 0 0
8 139 0 0
7 139 0 0
178 138 0 1
177 138 0 1
176 138 0 1
175 138 0 1
174 138 0 1
11 138 0 0
10 138 0 0
9 138 0 0
8 138 0 0
7 138 0 0
178 137 0 1
177 137 0 1
176 137 0 1
175 137 0 1
174 137 0 1
11 137 0 0
10 137 0 0
9 137 0 0
8 137 0 0
7 137 0 0
178 136 0 1
177 136 0 1
176 136 0 1
175 136 0 1
174 136 0 1
11 136 0 0
10 136 0 0
9 136 0 0
8 136 0 0
7 136 0 0
178 135 0 1
177 135 0 1
176 135 0 1
175 135 0 1
174 135 0 1
11 135 0 0
10 135 0 0
9 135 0 0
8 135 0 0
7 135 0 0
178 134 0 1
177 134 0 1
176 134 0 1
175 134 0 1
174 134 0 1
12 134 0 0
11 134 0 0
10 134 0 0
9 134 0 0
8 134 0 0
178 133 0 1
177 133 0 1
176 133 0 1
175 133 0 1
174 133 0 1
12 133 0 0
11 133 0 0
10 133 0 0
9 133 0 0
8 133 0 0
179 132 0 1
178 132 0 1
177 132 0 1
176 132 0 1
175 132 0 1
12 132 0 0
11 132 0 0
10 132 0 0
9 132 0 0
8 132 0 0
179 131 0 1
178 131 0 1
177 131 0 1
176 131 0 1
175 131 0 1
12 131 0 0
11 131 0 0
10 131 0 0
9 131 0 0
8 131 0 0
179 130 0 1
178 130 0 1
177 130 0 1
176 130 0 1
175 130 0 1
12 130 0 0
11 130 0 0
10 130 0 0
9 130 0 0
8 130 0 0
179 129 0 1
178 129 0 1
177 129 0 1
176 129 0 1
175 129 0 1
12 129 0 0
11 129 0 0
10 129 0 0
9 129 0 0
8 129 0 0
179 128 0 1
178 128 0 1
177 128 0 1
176 128 0 1
175 128 0 1
13 128 0 0
12 128 0 0
11 128 0 0
10 128 0 0
9 128 0 0
179 127 0 1
178 127 0 1
177 127 0 1
176 127 0 1
175 127 0 1
13 127 0 0
12 127 0 0
11 127 0 0
10 127 0 0
9 127 0 0
179 126 0 1
178 126 0 1
177 126 0 1
176 126 0 1
175 126 0 1
13 126 0 0
12 126 0 0
11 126 0 0
10 126 0 0
9 126 0 0
180 125 0 1
179 125 0 1
178 125 0 1
177 125 0 1
176 125 0 1
13 125 0 0
12 125 0 0
11 125 0 0
10 125 0 0
9 125 0 0
180 124 0 1
179 124 0 1
178 124 0 1
177 124 0 1
176 124 0 1
13 124 0 0
12 124 0 0
11 124 0 0
10 124 0 0
9 124 0 0
180 123 0 1
179 123 0 1
178 123 0 1
177 123 0 1
176 123 0 1
13 123 0 0
12 123 0 0
11 123 0 0
10 123 0 0
9 123 0 0
180 122 0 1
179 122 0 1
178 122 0 1
177 122 0 1
176 122 0 1
13 122 0 0
12 122 0 0
11 122 0 0
10 122 0 0
9 122 0 0
180 121 0 1
179 121 0 1
178 121 0 1
177 121 0 1
176 121 0 1
14 121 0 0
13 121 0 0
12 121 0 0
11 121 0 0
10 121 0 0
180 120 0 1
179 120 0 1
178 120 0 1
177 120 0 1
176 120 0 1
14 120 0 0
13 120 0 0
12 120 0 0
11 120 0 0
10 120 0 0
180 119 0 1
179 119 0 1
178 119 0 1
177 119 0 1
176 119 0 1
14 119 0 0
13 119 0 0
12 119 0 0
11 119 0 0
10 119 0 0
180 118 0 1
179 118 0 1
178 118 0 1
177 118 0 1
176 118 0 1
14 118 0 0
13 118 0 0
12 118 0 0
11 118 0 0
10 118 0 0
180 117 0 1
179 117 0 1
178 117 0 1
177 117 0 1
176 117 0 1
14 117 0 0
13 117 0 0
12 117 0 0
11 117 0 0
10 117 0 0
179 116 0 1
178 116 0 1
177 116 0 1
14 116 0 0
13 116 0 0
12 116 0 0
11 116 0 0
10 116 0 0
178 115 0 1
14 115 0 0
13 115 0 0
12 115 0 0
11 115 0 0
10 115 0 0
15 114 0 0
14 114 0 0
13 114 0 0
12 114 0 0
11 114 0 0
15 113 0 0
14 113 0 0
13 113 0 0
12 113 0 0
11 113 0 0
15 112 0 0
14 112 0 0
13 112 0 0
12 112 0 0
11 112 0 0
15 111 0 0
14 111 0 0
13 111 0 0
12 111 0 0
11 111 0 0
15 110 0 0
14 110 0 0
13 110 0 0
12 110 0 0
11 110 0 0
15 109 0 0
14 109 0 0
13 109 0 0
12 109 0 0
11 109 0 0
16 108 0 0
15 108 0 0
14 108 0 0
13 108 0 0
12 108 0 0
16 107 0 0
15 107 0 0
14 107 0 0
13 107 0 0
12 107 0 0
16 106 0 0
15 106 0 0
14 106 0 0
13 106 0 0
12 106 0 0
16 105 0 0
15 105 0 0
14 105 0 0
13 105 0 0
12 105 0 0
16 104 0 0
15 104 0 0
14 104 0 0
13 104 0 0
12 104 0 0
17 103 0 0
16 103 0 0
15 103 0 0
14 103 0 0
13 103 0 0
17 102 0 0
16 102 0 0
15 102 0 0
14 102 0 0
13 102 0 0
17 101 0 0
16 101 0 0
15 101 0 0
14 101 0 0
13 101 0 0
17 100 0 0
16 100 0 0
15 100 0 0
14 100 0 0
13 100 0 0
17 99 0 0
16 99 0 0
15 99 0 0
14 99 0 0
13 99 0 0
17 98 0 0
16 98 0 0
15 98 0 0
14 98 0 0
13 98 0 0
17 97 0 0
16 97 0 0
15 97 0 0
14 97 0 0
13 97 0 0
18 96 0 0
17 96 0 0
16 96 0 0
15 96 0 0
14 96 0 0
18 95 0 0
17 95 0 0
16 95 0 0
15 95 0 0
14 95 0 0
18 94 0 0
17 94 0 0
16 94 0 0
15 94 0 0
14 94 0 0
18 93 0 0
17 93 0 0
16 93 0 0
15 93 0 0
14 93 0 0
18 92 0 0
17 92 0 0
16 92 0 0
15 92 0 0
14 92 0 0
18 91 0 0
17 91 0 0
16 91 0 0
15 91 0 0
14 91 0 0
18 90 0 0
17 90 0 0
16 90 0 0
15 90 0 0
14 90 0 0
19 89 0 0
18 89 0 0
17 89 0 0
16 89 0 0
15 89 0 0
19 88 0 0
18 88 0 0
17 88 0 0
16 88 0 0
15 88 0 0
19 87 0 0
18 87 0 0
17 87 0 0
16 87 0 0
15 87 0 0
19 86 0 0
18 86 0 0
17 86 0 0
16 86 0 0
15 86 0 0
19 85 0 0
18 85 0 0
17 85 0 0
16 85 0 0
15 85 0 0
19 84 0 0
18 84 0 0
17 84 0 0
16 84 0 0
15 84 0 0
19 83 0 0
18 83 0 0
17 83 0 0
16 83 0 0
15 83 0 0
20 82 0 0
19 82 0 0
18 82 0 0
17 82 0 0
16 82 0 0
20 81 0 0
19 81 0 0
18 81 0 0
17 81 0 0
16 81 0 0
20 80 0 0
19 80 0 0
18 80 0 0
17 80 0 0
16 80 0 0
20 79 0 0
19 79 0 0
18 79 0 0
17 79 0 0
16 79 0 0
20 78 0 0
19 78 0 0
18 78 0 0
17 78 0 0
16 78 0 0
20 77 0 0
19 77 0 0
18 77 0 0
17 77 0 0
16 77 0 0
21 76 0 0
20 76 0 0
19 76 0 0
18 76 0 0
17 76 0 0
21 75 0 0
20 75 0 0
19 75 0 0
18 75 0 0
17 75 0 0
21 74 0 0
20 74 0 0
19 74 0 0
18 74 0 0
17 74 0 0
21 73 0 0
20 73 0 0
19 73 0 0
18 73 0 0
17 73 0 0
21 72 0 0
20 72 0 0
19 72 0 0
18 72 0 0
17 72 0 0
21 71 0 0
20 71 0 0
19 71 0 0
18 71 0 0
17 71 0 0
21 70 0 0
20 70 0 0
19 70 0 0
18 70 0 0
17 70 0 0
22 69 0 0
21 69 0 0
20 69 0 0
19 69 0 0
18 69 0 0
22 68 0 0
21 68 0 0
20 68 0 0
19 68 0 0
18 68 0 0
22 67 0 0
21 67 0 0
20 67 0 0
19 67 0 0
18 67 0 0
22 66 0 0
21 66 0 0
20 66 0 0
19 66 0 0
18 66 0 0
22 65 0 0
21 65 0 0
20 65 0 0
19 65 0 0
18 65 0 0
22 64 0 0
21 64 0 0
20 64 0 0
19 64 0 0
18 64 0 0
22 63 0 0
21 63 0 0
20 63 0 0
19 63 0 0
18 63 0 0
21 62 0 0
20 62 0 0
19 62 0 0
20 61 0 0
