2218 481 321
284 285 0 0
288 284 0 0
287 284 0 0
286 284 0 0
285 284 0 0
284 284 0 0
283 284 0 0
292 283 0 0
291 283 0 0
290 283 0 0
289 283 0 0
288 283 0 0
287 283 0 0
286 283 0 0
285 283 0 0
284 283 0 0
283 283 0 0
282 283 0 0
295 282 0 0
294 282 0 0
293 282 0 0
292 282 0 0
291 282 0 0
290 282 0 0
289 282 0 0
288 282 0 0
287 282 0 0
286 282 0 0
285 282 0 0
284 282 0 0
283 282 0 0
297 281 0 0
296 281 0 0
295 281 0 0
294 281 0 0
293 281 0 0
292 281 0 0
291 281 0 0
290 281 0 0
289 281 0 0
288 281 0 0
287 281 0 0
286 281 0 0
285 281 0 0
284 281 0 0
299 280 0 0
298 280 0 0
297 280 0 0
296 280 0 0
295 280 0 0
294 280 0 0
293 280 0 0
292 280 0 0
291 280 0 0
290 280 0 0
289 280 0 0
288 280 0 0
287 280 0 0
286 280 0 0
285 280 0 0
301 279 0 0
300 279 0 0
299 279 0 0
298 279 0 0
297 279 0 0
296 279 0 0
295 279 0 0
294 279 0 0
293 279 0 0
292 279 0 0
291 279 0 0
290 279 0 0
289 279 0 0
303 278 0 0
302 278 0 0
301 278 0 0
300 278 0 0
299 278 0 0
298 278 0 0
297 278 0 0
296 278 0 0
295 278 0 0
294 278 0 0
293 278 0 0
306 277 0 0
305 277 0 0
304 277 0 0
303 277 0 0
302 277 0 0
301 277 0 0
300 277 0 0
299 277 0 0
298 277 0 0
297 277 0 0
296 277 0 0
312 276 0 0
311 276 0 0
310 276 0 0
309 276 0 0
308 276 0 0
307 276 0 0
306 276 0 0
305 276 0 0
304 276 0 0
303 276 0 0
302 276 0 0
301 276 0 0
300 276 0 0
299 276 0 0
298 276 0 0
318 275 0 0
317 275 0 0
316 275 0 0
315 275 0 0
314 275 0 0
313 275 0 0
312 275 0 0
311 275 0 0
310 275 0 0
309 275 0 0
308 275 0 0
307 275 0 0
306 275 0 0
305 275 0 0
304 275 0 0
303 275 0 0
302 275 0 0
301 275 0 0
300 275 0 0
324 274 0 0
323 274 0 0
322 274 0 0
321 274 0 0
320 274 0 0
319 274 0 0
318 274 0 0
317 274 0 0
316 274 0 0
315 274 0 0
314 274 0 0
313 274 0 0
312 274 0 0
311 274 0 0
310 274 0 0
309 274 0 0
308 274 0 0
307 274 0 0
306 274 0 0
305 274 0 0
304 274 0 0
303 274 0 0
302 274 0 0
329 273 0 0
328 273 0 0
327 273 0 0
326 273 0 0
325 273 0 0
324 273 0 0
323 273 0 0
322 273 0 0
321 273 0 0
320 273 0 0
319 273 0 0
318 273 0 0
317 273 0 0
316 273 0 0
315 273 0 0
314 273 0 0
313 273 0 0
312 273 0 0
311 273 0 0
310 273 0 0
309 273 0 0
308 273 0 0
307 273 0 0
306 273 0 0
305 273 0 0
304 273 0 0
335 272 0 0
334 272 0 0
333 272 0 0
332 272 0 0
331 272 0 0
330 272 0 0
329 272 0 0
328 272 0 0
327 272 0 0
326 272 0 0
325 272 0 0
324 272 0 0
323 272 0 0
322 272 0 0
321 272 0 0
320 272 0 0
319 272 0 0
318 272 0 0
317 272 0 0
316 272 0 0
315 272 0 0
314 272 0 0
313 272 0 0
312 272 0 0
311 272 0 0
310 272 0 0
309 272 0 0
308 272 0 0
307 272 0 0
341 271 0 0
340 271 0 0
339 271 0 0
338 271 0 0
337 271 0 0
336 271 0 0
335 271 0 0
334 271 0 0
333 271 0 0
332 271 0 0
331 271 0 0
330 271 0 0
329 271 0 0
328 271 0 0
327 271 0 0
326 271 0 0
325 271 0 0
324 271 0 0
323 271 0 0
322 271 0 0
321 271 0 0
320 271 0 0
319 271 0 0
318 271 0 0
317 271 0 0
316 271 0 0
315 271 0 0
314 271 0 0
313 271 0 0
346 270 0 0
345 270 0 0
344 270 0 0
343 270 0 0
342 270 0 0
341 270 0 0
340 270 0 0
339 270 0 0
338 270 0 0
337 270 0 0
336 270 0 0
335 270 0 0
334 270 0 0
333 270 0 0
332 270 0 0
331 270 0 0
330 270 0 0
329 270 0 0
328 270 0 0
327 270 0 0
326 270 0 0
325 270 0 0
324 270 0 0
323 270 0 0
322 270 0 0
321 270 0 0
320 270 0 0
319 270 0 0
352 269 0 0
351 269 0 0
350 269 0 0
349 269 0 0
348 269 0 0
347 269 0 0
346 269 0 0
345 269 0 0
344 269 0 0
343 269 0 0
342 269 0 0
341 269 0 0
340 269 0 0
339 269 0 0
338 269 0 0
337 269 0 0
336 269 0 0
335 269 0 0
334 269 0 0
333 269 0 0
332 269 0 0
331 269 0 0
330 269 0 0
329 269 0 0
328 269 0 0
327 269 0 0
326 269 0 0
325 269 0 0
358 268 0 0
357 268 0 0
356 268 0 0
355 268 0 0
354 268 0 0
353 268 0 0
352 268 0 0
351 268 0 0
350 268 0 0
349 268 0 0
348 268 0 0
347 268 0 0
346 268 0 0
345 268 0 0
344 268 0 0
343 268 0 0
342 268 0 0
341 268 0 0
340 268 0 0
339 268 0 0
338 268 0 0
337 268 0 0
336 268 0 0
335 268 0 0
334 268 0 0
333 268 0 0
332 268 0 0
331 268 0 0
330 268 0 0
364 267 0 0
363 267 0 0
362 267 0 0
361 267 0 0
360 267 0 0
359 267 0 0
358 267 0 0
357 267 0 0
356 267 0 0
355 267 0 0
354 267 0 0
353 267 0 0
352 267 0 0
351 267 0 0
350 267 0 0
349 267 0 0
348 267 0 0
347 267 0 0
346 267 0 0
345 267 0 0
344 267 0 0
343 267 0 0
342 267 0 0
341 267 0 0
340 267 0 0
339 267 0 0
338 267 0 0
337 267 0 0
336 267 0 0
369 266 0 0
368 266 0 0
367 266 0 0
366 266 0 0
365 266 0 0
364 266 0 0
363 266 0 0
362 266 0 0
361 266 0 0
360 266 0 0
359 266 0 0
358 266 0 0
357 266 0 0
356 266 0 0
355 266 0 0
354 266 0 0
353 266 0 0
352 266 0 0
351 266 0 0
350 266 0 0
349 266 0 0
348 266 0 0
347 266 0 0
346 266 0 0
345 266 0 0
344 266 0 0
343 266 0 0
342 266 0 0
374 265 0 0
373 265 0 0
372 265 0 0
371 265 0 0
370 265 0 0
369 265 0 0
368 265 0 0
367 265 0 0
366 265 0 0
365 265 0 0
364 265 0 0
363 265 0 0
362 265 0 0
361 265 0 0
360 265 0 0
359 265 0 0
358 265 0 0
357 265 0 0
356 265 0 0
355 265 0 0
354 265 0 0
353 265 0 0
352 265 0 0
351 265 0 0
350 265 0 0
349 265 0 0
348 265 0 0
347 265 0 0
380 264 0 0
379 264 0 0
378 264 0 0
377 264 0 0
376 264 0 0
375 264 0 0
374 264 0 0
373 264 0 0
372 264 0 0
371 264 0 0
370 264 0 0
369 264 0 0
368 264 0 0
367 264 0 0
366 264 0 0
365 264 0 0
364 264 0 0
363 264 0 0
362 264 0 0
361 264 0 0
360 264 0 0
359 264 0 0
358 264 0 0
357 264 0 0
356 264 0 0
355 264 0 0
354 264 0 0
353 264 0 0
386 263 0 0
385 263 0 0
384 263 0 0
383 263 0 0
382 263 0 0
381 263 0 0
380 263 0 0
379 263 0 0
378 263 0 0
377 263 0 0
376 263 0 0
375 263 0 0
374 263 0 0
373 263 0 0
372 263 0 0
371 263 0 0
370 263 0 0
369 263 0 0
368 263 0 0
367 263 0 0
366 263 0 0
365 263 0 0
364 263 0 0
363 263 0 0
362 263 0 0
361 263 0 0
360 263 0 0
359 263 0 0
391 262 0 0
390 262 0 0
389 262 0 0
388 262 0 0
387 262 0 0
386 262 0 0
385 262 0 0
384 262 0 0
383 262 0 0
382 262 0 0
381 262 0 0
380 262 0 0
379 262 0 0
378 262 0 0
377 262 0 0
376 262 0 0
375 262 0 0
374 262 0 0
373 262 0 0
372 262 0 0
371 262 0 0
370 262 0 0
369 262 0 0
368 262 0 0
367 262 0 0
366 262 0 0
365 262 0 0
397 261 0 0
396 261 0 0
395 261 0 0
394 261 0 0
393 261 0 0
392 261 0 0
391 261 0 0
390 261 0 0
389 261 0 0
388 261 0 0
387 261 0 0
386 261 0 0
385 261 0 0
384 261 0 0
383 261 0 0
382 261 0 0
381 261 0 0
380 261 0 0
379 261 0 0
378 261 0 0
377 261 0 0
376 261 0 0
375 261 0 0
374 261 0 0
373 261 0 0
372 261 0 0
371 261 0 0
370 261 0 0
403 260 0 0
402 260 0 0
401 260 0 0
400 260 0 0
399 260 0 0
398 260 0 0
397 260 0 0
396 260 0 0
395 260 0 0
394 260 0 0
393 260 0 0
392 260 0 0
391 260 0 0
390 260 0 0
389 260 0 0
388 260 0 0
387 260 0 0
386 260 0 0
385 260 0 0
384 260 0 0
383 260 0 0
382 260 0 0
381 260 0 0
380 260 0 0
379 260 0 0
378 260 0 0
377 260 0 0
376 260 0 0
375 260 0 0
409 259 0 0
408 259 0 0
407 259 0 0
406 259 0 0
405 259 0 0
404 259 0 0
403 259 0 0
402 259 0 0
401 259 0 0
400 259 0 0
399 259 0 0
398 259 0 0
397 259 0 0
396 259 0 0
395 259 0 0
394 259 0 0
393 259 0 0
392 259 0 0
391 259 0 0
390 259 0 0
389 259 0 0
388 259 0 0
387 259 0 0
386 259 0 0
385 259 0 0
384 259 0 0
383 259 0 0
382 259 0 0
381 259 0 0
414 258 0 0
413 258 0 0
412 258 0 0
411 258 0 0
410 258 0 0
409 258 0 0
408 258 0 0
407 258 0 0
406 258 0 0
405 258 0 0
404 258 0 0
403 258 0 0
402 258 0 0
401 258 0 0
400 258 0 0
399 258 0 0
398 258 0 0
397 258 0 0
396 258 0 0
395 258 0 0
394 258 0 0
393 258 0 0
392 258 0 0
391 258 0 0
390 258 0 0
389 258 0 0
388 258 0 0
387 258 0 0
420 257 0 0
419 257 0 0
418 257 0 0
417 257 0 0
416 257 0 0
415 257 0 0
414 257 0 0
413 257 0 0
412 257 0 0
411 257 0 0
410 257 0 0
409 257 0 0
408 257 0 0
407 257 0 0
406 257 0 0
405 257 0 0
404 257 0 0
403 257 0 0
402 257 0 0
401 257 0 0
400 257 0 0
399 257 0 0
398 257 0 0
397 257 0 0
396 257 0 0
395 257 0 0
394 257 0 0
393 257 0 0
392 257 0 0
426 256 0 0
425 256 0 0
424 256 0 0
423 256 0 0
422 256 0 0
421 256 0 0
420 256 0 0
419 256 0 0
418 256 0 0
417 256 0 0
416 256 0 0
415 256 0 0
414 256 0 0
413 256 0 0
412 256 0 0
411 256 0 0
410 256 0 0
409 256 0 0
408 256 0 0
407 256 0 0
406 256 0 0
405 256 0 0
404 256 0 0
403 256 0 0
402 256 0 0
401 256 0 0
400 256 0 0
399 256 0 0
398 256 0 0
433 255 0 0
432 255 0 0
431 255 0 0
430 255 0 0
429 255 0 0
428 255 0 0
427 255 0 0
426 255 0 0
425 255 0 0
424 255 0 0
423 255 0 0
422 255 0 0
421 255 0 0
420 255 0 0
419 255 0 0
418 255 0 0
417 255 0 0
416 255 0 0
415 255 0 0
414 255 0 0
413 255 0 0
412 255 0 0
411 255 0 0
410 255 0 0
409 255 0 0
408 255 0 0
407 255 0 0
406 255 0 0
405 255 0 0
404 255 0 0
434 254 0 0
433 254 0 0
432 254 0 0
431 254 0 0
430 254 0 0
429 254 0 0
428 254 0 0
427 254 0 0
426 254 0 0
425 254 0 0
424 254 0 0
423 254 0 0
422 254 0 0
421 254 0 0
420 254 0 0
419 254 0 0
418 254 0 0
417 254 0 0
416 254 0 0
415 254 0 0
414 254 0 0
413 254 0 0
412 254 0 0
411 254 0 0
410 254 0 0
435 253 0 0
434 253 0 0
433 253 0 0
432 253 0 0
431 253 0 0
430 253 0 0
429 253 0 0
428 253 0 0
427 253 0 0
426 253 0 0
425 253 0 0
424 253 0 0
423 253 0 0
422 253 0 0
421 253 0 0
420 253 0 0
419 253 0 0
418 253 0 0
417 253 0 0
416 253 0 0
415 253 0 0
434 252 0 0
433 252 0 0
432 252 0 0
431 252 0 0
430 252 0 0
429 252 0 0
428 252 0 0
427 252 0 0
426 252 0 0
425 252 0 0
424 252 0 0
423 252 0 0
422 252 0 0
421 252 0 0
453 181 0 0
454 180 0 0
453 180 0 0
452 180 0 0
455 179 0 0
454 179 0 0
453 179 0 0
452 179 0 0
451 179 0 0
455 178 0 0
454 178 0 0
453 178 0 0
452 178 0 0
451 178 0 0
455 177 0 0
454 177 0 0
453 177 0 0
452 177 0 0
451 177 0 0
455 176 0 0
454 176 0 0
453 176 0 0
452 176 0 0
451 176 0 0
455 175 0 0
454 175 0 0
453 175 0 0
452 175 0 0
451 175 0 0
456 174 0 0
455 174 0 0
454 174 0 0
453 174 0 0
452 174 0 0
456 173 0 0
455 173 0 0
454 173 0 0
453 173 0 0
452 173 0 0
456 172 0 0
455 172 0 0
454 172 0 0
453 172 0 0
452 172 0 0
456 171 0 0
455 171 0 0
454 171 0 0
453 171 0 0
452 171 0 0
457 170 0 0
456 170 0 0
455 170 0 0
454 170 0 0
453 170 0 0
457 169 0 0
456 169 0 0
455 169 0 0
454 169 0 0
453 169 0 0
457 168 0 0
456 168 0 0
455 168 0 0
454 168 0 0
453 168 0 0
457 167 0 0
456 167 0 0
455 167 0 0
454 167 0 0
453 167 0 0
458 166 0 0
457 166 0 0
456 166 0 0
455 166 0 0
454 166 0 0
457 165 0 0
456 165 0 0
455 165 0 0
454 165 0 0
453 165 0 0
457 164 0 0
456 164 0 0
455 164 0 0
454 164 0 0
453 164 0 0
457 163 0 0
456 163 0 0
455 163 0 0
454 163 0 0
453 163 0 0
457 162 0 0
456 162 0 0
455 162 0 0
454 162 0 0
453 162 0 0
457 161 0 0
456 161 0 0
455 161 0 0
454 161 0 0
453 161 0 0
457 160 0 0
456 160 0 0
455 160 0 0
454 160 0 0
453 160 0 0
457 159 0 0
456 159 0 0
455 159 0 0
454 159 0 0
453 159 0 0
457 158 0 0
456 158 0 0
455 158 0 0
454 158 0 0
453 158 0 0
457 157 0 0
456 157 0 0
455 157 0 0
454 157 0 0
453 157 0 0
457 156 0 0
456 156 0 0
455 156 0 0
454 156 0 0
453 156 0 0
457 155 0 0
456 155 0 0
455 155 0 0
454 155 0 0
453 155 0 0
457 154 0 0
456 154 0 0
455 154 0 0
454 154 0 0
453 154 0 0
457 153 0 0
456 153 0 0
455 153 0 0
454 153 0 0
453 153 0 0
457 152 0 0
456 152 0 0
455 152 0 0
454 152 0 0
453 152 0 0
457 151 0 0
456 151 0 0
455 151 0 0
454 151 0 0
453 151 0 0
457 150 0 0
456 150 0 0
455 150 0 0
454 150 0 0
453 150 0 0
457 149 0 0
456 149 0 0
455 149 0 0
454 149 0 0
453 149 0 0
457 148 0 0
456 148 0 0
455 148 0 0
454 148 0 0
453 148 0 0
457 147 0 0
456 147 0 0
455 147 0 0
454 147 0 0
453 147 0 0
457 146 0 0
456 146 0 0
455 146 0 0
454 146 0 0
453 146 0 0
457 145 0 0
456 145 0 0
455 145 0 0
454 145 0 0
453 145 0 0
457 144 0 0
456 144 0 0
455 144 0 0
454 144 0 0
453 144 0 0
457 143 0 0
456 143 0 0
455 143 0 0
454 143 0 0
453 143 0 0
457 142 0 0
456 142 0 0
455 142 0 0
454 142 0 0
453 142 0 0
457 141 0 0
456 141 0 0
455 141 0 0
454 141 0 0
453 141 0 0
457 140 0 0
456 140 0 0
455 140 0 0
454 140 0 0
453 140 0 0
457 139 0 0
456 139 0 0
455 139 0 0
454 139 0 0
453 139 0 0
457 138 0 0
456 138 0 0
455 138 0 0
454 138 0 0
453 138 0 0
457 137 0 0
456 137 0 0
455 137 0 0
454 137 0 0
453 137 0 0
457 136 0 0
456 136 0 0
455 136 0 0
454 136 0 0
453 136 0 0
457 135 0 0
456 135 0 0
455 135 0 0
454 135 0 0
453 135 0 0
457 134 0 0
456 134 0 0
455 134 0 0
454 134 0 0
453 134 0 0
457 133 0 0
456 133 0 0
455 133 0 0
454 133 0 0
453 133 0 0
457 132 0 0
456 132 0 0
455 132 0 0
454 132 0 0
453 132 0 0
457 131 0 0
456 131 0 0
455 131 0 0
454 131 0 0
453 131 0 0
457 130 0 0
456 130 0 0
455 130 0 0
454 130 0 0
453 130 0 0
457 129 0 0
456 129 0 0
455 129 0 0
454 129 0 0
453 129 0 0
457 128 0 0
456 128 0 0
455 128 0 0
454 128 0 0
453 128 0 0
456 127 0 0
455 127 0 0
454 127 0 0
453 127 0 0
452 127 0 0
456 126 0 0
455 126 0 0
454 126 0 0
453 126 0 0
452 126 0 0
451 126 0 0
455 125 0 0
454 125 0 0
453 125 0 0
452 125 0 0
451 125 0 0
455 124 0 0
454 124 0 0
453 124 0 0
452 124 0 0
451 124 0 0
454 123 0 0
453 123 0 0
452 123 0 0
453 122 0 0
220 99 0 1
219 99 0 1
218 99 0 1
217 99 0 1
216 99 0 1
215 99 0 1
214 99 0 1
213 99 0 1
227 98 0 1
226 98 0 1
225 98 0 1
224 98 0 1
223 98 0 1
222 98 0 1
221 98 0 1
220 98 0 1
219 98 0 1
218 98 0 1
217 98 0 1
216 98 0 1
215 98 0 1
214 98 0 1
213 98 0 1
212 98 0 1
235 97 0 1
234 97 0 1
233 97 0 1
232 97 0 1
231 97 0 1
230 97 0 1
229 97 0 1
228 97 0 1
227 97 0 1
226 97 0 1
225 97 0 1
224 97 0 1
223 97 0 1
222 97 0 1
221 97 0 1
220 97 0 1
219 97 0 1
218 97 0 1
217 97 0 1
216 97 0 1
215 97 0 1
214 97 0 1
213 97 0 1
212 97 0 1
211 97 0 1
241 96 0 1
240 96 0 1
239 96 0 1
238 96 0 1
237 96 0 1
236 96 0 1
235 96 0 1
234 96 0 1
233 96 0 1
232 96 0 1
231 96 0 1
230 96 0 1
229 96 0 1
228 96 0 1
227 96 0 1
226 96 0 1
225 96 0 1
224 96 0 1
223 96 0 1
222 96 0 1
221 96 0 1
220 96 0 1
219 96 0 1
218 96 0 1
217 96 0 1
216 96 0 1
215 96 0 1
214 96 0 1
213 96 0 1
212 96 0 1
287 95 0 1
286 95 0 1
285 95 0 1
284 95 0 1
283 95 0 1
282 95 0 1
281 95 0 1
280 95 0 1
279 95 0 1
278 95 0 1
277 95 0 1
276 95 0 1
275 95 0 1
274 95 0 1
273 95 0 1
272 95 0 1
271 95 0 1
270 95 0 1
269 95 0 1
268 95 0 1
267 95 0 1
266 95 0 1
265 95 0 1
264 95 0 1
263 95 0 1
262 95 0 1
261 95 0 1
260 95 0 1
259 95 0 1
258 95 0 1
257 95 0 1
256 95 0 1
255 95 0 1
254 95 0 1
253 95 0 1
252 95 0 1
251 95 0 1
250 95 0 1
249 95 0 1
248 95 0 1
247 95 0 1
246 95 0 1
245 95 0 1
244 95 0 1
243 95 0 1
242 95 0 1
241 95 0 1
240 95 0 1
239 95 0 1
238 95 0 1
237 95 0 1
236 95 0 1
235 95 0 1
234 95 0 1
233 95 0 1
232 95 0 1
231 95 0 1
230 95 0 1
229 95 0 1
228 95 0 1
227 95 0 1
226 95 0 1
225 95 0 1
224 95 0 1
223 95 0 1
222 95 0 1
221 95 0 1
220 95 0 1
219 95 0 1
218 95 0 1
217 95 0 1
216 95 0 1
215 95 0 1
214 95 0 1
213 95 0 1
308 94 0 1
307 94 0 1
306 94 0 1
305 94 0 1
304 94 0 1
303 94 0 1
302 94 0 1
301 94 0 1
300 94 0 1
299 94 0 1
298 94 0 1
297 94 0 1
296 94 0 1
295 94 0 1
294 94 0 1
293 94 0 1
292 94 0 1
291 94 0 1
290 94 0 1
289 94 0 1
288 94 0 1
287 94 0 1
286 94 0 1
285 94 0 1
284 94 0 1
283 94 0 1
282 94 0 1
281 94 0 1
280 94 0 1
279 94 0 1
278 94 0 1
277 94 0 1
276 94 0 1
275 94 0 1
274 94 0 1
273 94 0 1
272 94 0 1
271 94 0 1
270 94 0 1
269 94 0 1
268 94 0 1
267 94 0 1
266 94 0 1
265 94 0 1
264 94 0 1
263 94 0 1
262 94 0 1
261 94 0 1
260 94 0 1
259 94 0 1
258 94 0 1
257 94 0 1
256 94 0 1
255 94 0 1
254 94 0 1
253 94 0 1
252 94 0 1
251 94 0 1
250 94 0 1
249 94 0 1
248 94 0 1
247 94 0 1
246 94 0 1
245 94 0 1
244 94 0 1
243 94 0 1
242 94 0 1
241 94 0 1
240 94 0 1
239 94 0 1
238 94 0 1
237 94 0 1
236 94 0 1
235 94 0 1
234 94 0 1
233 94 0 1
232 94 0 1
231 94 0 1
230 94 0 1
229 94 0 1
228 94 0 1
227 94 0 1
226 94 0 1
225 94 0 1
224 94 0 1
223 94 0 1
222 94 0 1
221 94 0 1
324 93 0 1
323 93 0 1
322 93 0 1
321 93 0 1
320 93 0 1
319 93 0 1
318 93 0 1
317 93 0 1
316 93 0 1
315 93 0 1
314 93 0 1
313 93 0 1
312 93 0 1
311 93 0 1
310 93 0 1
309 93 0 1
308 93 0 1
307 93 0 1
306 93 0 1
305 93 0 1
304 93 0 1
303 93 0 1
302 93 0 1
301 93 0 1
300 93 0 1
299 93 0 1
298 93 0 1
297 93 0 1
296 93 0 1
295 93 0 1
294 93 0 1
293 93 0 1
292 93 0 1
291 93 0 1
290 93 0 1
289 93 0 1
288 93 0 1
287 93 0 1
286 93 0 1
285 93 0 1
284 93 0 1
283 93 0 1
282 93 0 1
281 93 0 1
280 93 0 1
279 93 0 1
278 93 0 1
277 93 0 1
276 93 0 1
275 93 0 1
274 93 0 1
273 93 0 1
272 93 0 1
271 93 0 1
270 93 0 1
269 93 0 1
268 93 0 1
267 93 0 1
266 93 0 1
265 93 0 1
264 93 0 1
263 93 0 1
262 93 0 1
261 93 0 1
260 93 0 1
259 93 0 1
258 93 0 1
257 93 0 1
256 93 0 1
255 93 0 1
254 93 0 1
253 93 0 1
252 93 0 1
251 93 0 1
250 93 0 1
249 93 0 1
248 93 0 1
247 93 0 1
246 93 0 1
245 93 0 1
244 93 0 1
243 93 0 1
242 93 0 1
241 93 0 1
240 93 0 1
239 93 0 1
238 93 0 1
237 93 0 1
236 93 0 1
235 93 0 1
234 93 0 1
233 93 0 1
232 93 0 1
231 93 0 1
230 93 0 1
229 93 0 1
228 93 0 1
325 92 0 1
324 92 0 1
323 92 0 1
322 92 0 1
321 92 0 1
320 92 0 1
319 92 0 1
318 92 0 1
317 92 0 1
316 92 0 1
315 92 0 1
314 92 0 1
313 92 0 1
312 92 0 1
311 92 0 1
310 92 0 1
309 92 0 1
308 92 0 1
307 92 0 1
306 92 0 1
305 92 0 1
304 92 0 1
303 92 0 1
302 92 0 1
301 92 0 1
300 92 0 1
299 92 0 1
298 92 0 1
297 92 0 1
296 92 0 1
295 92 0 1
294 92 0 1
293 92 0 1
292 92 0 1
291 92 0 1
290 92 0 1
289 92 0 1
288 92 0 1
287 92 0 1
286 92 0 1
285 92 0 1
284 92 0 1
283 92 0 1
282 92 0 1
281 92 0 1
280 92 0 1
279 92 0 1
278 92 0 1
277 92 0 1
276 92 0 1
275 92 0 1
274 92 0 1
273 92 0 1
272 92 0 1
271 92 0 1
270 92 0 1
269 92 0 1
268 92 0 1
267 92 0 1
266 92 0 1
265 92 0 1
264 92 0 1
263 92 0 1
262 92 0 1
261 92 0 1
260 92 0 1
259 92 0 1
258 92 0 1
257 92 0 1
256 92 0 1
255 92 0 1
254 92 0 1
253 92 0 1
252 92 0 1
251 92 0 1
250 92 0 1
249 92 0 1
248 92 0 1
247 92 0 1
246 92 0 1
245 92 0 1
244 92 0 1
243 92 0 1
242 92 0 1
241 92 0 1
240 92 0 1
239 92 0 1
238 92 0 1
237 92 0 1
236 92 0 1
326 91 0 1
325 91 0 1
324 91 0 1
323 91 0 1
322 91 0 1
321 91 0 1
320 91 0 1
319 91 0 1
318 91 0 1
317 91 0 1
316 91 0 1
315 91 0 1
314 91 0 1
313 91 0 1
312 91 0 1
311 91 0 1
310 91 0 1
309 91 0 1
308 91 0 1
307 91 0 1
306 91 0 1
305 91 0 1
304 91 0 1
303 91 0 1
302 91 0 1
301 91 0 1
300 91 0 1
299 91 0 1
298 91 0 1
297 91 0 1
296 91 0 1
295 91 0 1
294 91 0 1
293 91 0 1
292 91 0 1
291 91 0 1
290 91 0 1
289 91 0 1
288 91 0 1
287 91 0 1
286 91 0 1
285 91 0 1
284 91 0 1
283 91 0 1
282 91 0 1
281 91 0 1
280 91 0 1
279 91 0 1
278 91 0 1
277 91 0 1
276 91 0 1
275 91 0 1
274 91 0 1
273 91 0 1
272 91 0 1
271 91 0 1
270 91 0 1
269 91 0 1
268 91 0 1
267 91 0 1
266 91 0 1
265 91 0 1
264 91 0 1
263 91 0 1
262 91 0 1
261 91 0 1
260 91 0 1
259 91 0 1
258 91 0 1
257 91 0 1
256 91 0 1
255 91 0 1
254 91 0 1
253 91 0 1
252 91 0 1
251 91 0 1
250 91 0 1
249 91 0 1
248 91 0 1
247 91 0 1
246 91 0 1
245 91 0 1
244 91 0 1
243 91 0 1
242 91 0 1
325 90 0 1
324 90 0 1
323 90 0 1
322 90 0 1
321 90 0 1
320 90 0 1
319 90 0 1
318 90 0 1
317 90 0 1
316 90 0 1
315 90 0 1
314 90 0 1
313 90 0 1
312 90 0 1
311 90 0 1
310 90 0 1
309 90 0 1
308 90 0 1
307 90 0 1
306 90 0 1
305 90 0 1
304 90 0 1
303 90 0 1
302 90 0 1
301 90 0 1
300 90 0 1
299 90 0 1
298 90 0 1
297 90 0 1
296 90 0 1
295 90 0 1
294 90 0 1
293 90 0 1
292 90 0 1
291 90 0 1
290 90 0 1
289 90 0 1
288 90 0 1
324 89 0 1
323 89 0 1
322 89 0 1
321 89 0 1
320 89 0 1
319 89 0 1
318 89 0 1
317 89 0 1
316 89 0 1
315 89 0 1
314 89 0 1
313 89 0 1
312 89 0 1
311 89 0 1
310 89 0 1
309 89 0 1
42 87 0 0
44 86 0 0
43 86 0 0
42 86 0 0
41 86 0 0
45 85 0 0
44 85 0 0
43 85 0 0
42 85 0 0
41 85 0 0
40 85 0 0
46 84 0 0
45 84 0 0
44 84 0 0
43 84 0 0
42 84 0 0
41 84 0 0
48 83 0 0
47 83 0 0
46 83 0 0
45 83 0 0
44 83 0 0
43 83 0 0
42 83 0 0
49 82 0 0
48 82 0 0
47 82 0 0
46 82 0 0
45 82 0 0
44 82 0 0
43 82 0 0
51 81 0 0
50 81 0 0
49 81 0 0
48 81 0 0
47 81 0 0
46 81 0 0
45 81 0 0
44 81 0 0
53 80 0 0
52 80 0 0
51 80 0 0
50 80 0 0
49 80 0 0
48 80 0 0
47 80 0 0
46 80 0 0
45 80 0 0
55 79 0 0
54 79 0 0
53 79 0 0
52 79 0 0
51 79 0 0
50 79 0 0
49 79 0 0
48 79 0 0
47 79 0 0
56 78 0 0
55 78 0 0
54 78 0 0
53 78 0 0
52 78 0 0
51 78 0 0
50 78 0 0
49 78 0 0
48 78 0 0
58 77 0 0
57 77 0 0
56 77 0 0
55 77 0 0
54 77 0 0
53 77 0 0
52 77 0 0
51 77 0 0
50 77 0 0
60 76 0 0
59 76 0 0
58 76 0 0
57 76 0 0
56 76 0 0
55 76 0 0
54 76 0 0
53 76 0 0
52 76 0 0
62 75 0 0
61 75 0 0
60 75 0 0
59 75 0 0
58 75 0 0
57 75 0 0
56 75 0 0
55 75 0 0
54 75 0 0
63 74 0 0
62 74 0 0
61 74 0 0
60 74 0 0
59 74 0 0
58 74 0 0
57 74 0 0
56 74 0 0
55 74 0 0
65 73 0 0
64 73 0 0
63 73 0 0
62 73 0 0
61 73 0 0
60 73 0 0
59 73 0 0
58 73 0 0
57 73 0 0
66 72 0 0
65 72 0 0
64 72 0 0
63 72 0 0
62 72 0 0
61 72 0 0
60 72 0 0
59 72 0 0
67 71 0 0
66 71 0 0
65 71 0 0
64 71 0 0
63 71 0 0
62 71 0 0
61 71 0 0
69 70 0 0
68 70 0 0
67 70 0 0
66 70 0 0
65 70 0 0
64 70 0 0
63 70 0 0
62 70 0 0
71 69 0 0
70 69 0 0
69 69 0 0
68 69 0 0
67 69 0 0
66 69 0 0
65 69 0 0
64 69 0 0
74 68 0 0
73 68 0 0
72 68 0 0
71 68 0 0
70 68 0 0
69 68 0 0
68 68 0 0
67 68 0 0
77 67 0 0
76 67 0 0
75 67 0 0
74 67 0 0
73 67 0 0
72 67 0 0
71 67 0 0
70 67 0 0
69 67 0 0
68 67 0 0
79 66 0 0
78 66 0 0
77 66 0 0
76 66 0 0
75 66 0 0
74 66 0 0
73 66 0 0
72 66 0 0
71 66 0 0
70 66 0 0
81 65 0 0
80 65 0 0
79 65 0 0
78 65 0 0
77 65 0 0
76 65 0 0
75 65 0 0
74 65 0 0
73 65 0 0
72 65 0 0
82 64 0 0
81 64 0 0
80 64 0 0
79 64 0 0
78 64 0 0
77 64 0 0
76 64 0 0
75 64 0 0
74 64 0 0
84 63 0 0
83 63 0 0
82 63 0 0
81 63 0 0
80 63 0 0
79 63 0 0
78 63 0 0
77 63 0 0
76 63 0 0
75 63 0 0
86 62 0 0
85 62 0 0
84 62 0 0
83 62 0 0
82 62 0 0
81 62 0 0
80 62 0 0
79 62 0 0
78 62 0 0
87 61 0 0
86 61 0 0
85 61 0 0
84 61 0 0
83 61 0 0
82 61 0 0
81 61 0 0
80 61 0 0
89 60 0 0
88 60 0 0
87 60 0 0
86 60 0 0
85 60 0 0
84 60 0 0
83 60 0 0
82 60 0 0
81 60 0 0
91 59 0 0
90 59 0 0
89 59 0 0
88 59 0 0
87 59 0 0
86 59 0 0
85 59 0 0
84 59 0 0
83 59 0 0
93 58 0 0
92 58 0 0
91 58 0 0
90 58 0 0
89 58 0 0
88 58 0 0
87 58 0 0
86 58 0 0
85 58 0 0
94 57 0 0
93 57 0 0
92 57 0 0
91 57 0 0
90 57 0 0
89 57 0 0
88 57 0 0
87 57 0 0
96 56 0 0
95 56 0 0
94 56 0 0
93 56 0 0
92 56 0 0
91 56 0 0
90 56 0 0
89 56 0 0
88 56 0 0
98 55 0 0
97 55 0 0
96 55 0 0
95 55 0 0
94 55 0 0
93 55 0 0
92 55 0 0
91 55 0 0
90 55 0 0
100 54 0 0
99 54 0 0
98 54 0 0
97 54 0 0
96 54 0 0
95 54 0 0
94 54 0 0
93 54 0 0
92 54 0 0
101 53 0 0
100 53 0 0
99 53 0 0
98 53 0 0
97 53 0 0
96 53 0 0
95 53 0 0
94 53 0 0
103 52 0 0
102 52 0 0
101 52 0 0
100 52 0 0
99 52 0 0
98 52 0 0
97 52 0 0
96 52 0 0
95 52 0 0
106 51 0 0
105 51 0 0
104 51 0 0
103 51 0 0
102 51 0 0
101 51 0 0
100 51 0 0
99 51 0 0
98 51 0 0
97 51 0 0
107 50 0 0
106 50 0 0
105 50 0 0
104 50 0 0
103 50 0 0
102 50 0 0
101 50 0 0
100 50 0 0
99 50 0 0
108 49 0 0
107 49 0 0
106 49 0 0
105 49 0 0
104 49 0 0
103 49 0 0
102 49 0 0
101 49 0 0
110 48 0 0
109 48 0 0
108 48 0 0
107 48 0 0
106 48 0 0
105 48 0 0
104 48 0 0
103 48 0 0
102 48 0 0
112 47 0 0
111 47 0 0
110 47 0 0
109 47 0 0
108 47 0 0
107 47 0 0
106 47 0 0
105 47 0 0
104 47 0 0
113 46 0 0
112 46 0 0
111 46 0 0
110 46 0 0
109 46 0 0
108 46 0 0
107 46 0 0
115 45 0 0
114 45 0 0
113 45 0 0
112 45 0 0
111 45 0 0
110 45 0 0
109 45 0 0
108 45 0 0
117 44 0 0
116 44 0 0
115 44 0 0
114 44 0 0
113 44 0 0
112 44 0 0
111 44 0 0
110 44 0 0
109 44 0 0
119 43 0 0
118 43 0 0
117 43 0 0
116 43 0 0
115 43 0 0
114 43 0 0
113 43 0 0
112 43 0 0
111 43 0 0
120 42 0 0
119 42 0 0
118 42 0 0
117 42 0 0
116 42 0 0
115 42 0 0
114 42 0 0
113 42 0 0
122 41 0 0
121 41 0 0
120 41 0 0
119 41 0 0
118 41 0 0
117 41 0 0
116 41 0 0
115 41 0 0
114 41 0 0
124 40 0 0
123 40 0 0
122 40 0 0
121 40 0 0
120 40 0 0
119 40 0 0
118 40 0 0
117 40 0 0
116 40 0 0
126 39 0 0
125 39 0 0
124 39 0 0
123 39 0 0
122 39 0 0
121 39 0 0
120 39 0 0
119 39 0 0
118 39 0 0
127 38 0 0
126 38 0 0
125 38 0 0
124 38 0 0
123 38 0 0
122 38 0 0
121 38 0 0
120 38 0 0
129 37 0 0
128 37 0 0
127 37 0 0
126 37 0 0
125 37 0 0
124 37 0 0
123 37 0 0
122 37 0 0
121 37 0 0
132 36 0 0
131 36 0 0
130 36 0 0
129 36 0 0
128 36 0 0
127 36 0 0
126 36 0 0
125 36 0 0
124 36 0 0
123 36 0 0
133 35 0 0
132 35 0 0
131 35 0 0
130 35 0 0
129 35 0 0
128 35 0 0
127 35 0 0
126 35 0 0
125 35 0 0
135 34 0 0
134 34 0 0
133 34 0 0
132 34 0 0
131 34 0 0
130 34 0 0
129 34 0 0
128 34 0 0
127 34 0 0
126 34 0 0
137 33 0 0
136 33 0 0
135 33 0 0
134 33 0 0
133 33 0 0
132 33 0 0
131 33 0 0
130 33 0 0
129 33 0 0
128 33 0 0
139 32 0 0
138 32 0 0
137 32 0 0
136 32 0 0
135 32 0 0
134 32 0 0
133 32 0 0
132 32 0 0
131 32 0 0
130 32 0 0
140 31 0 0
139 31 0 0
138 31 0 0
137 31 0 0
136 31 0 0
135 31 0 0
134 31 0 0
133 31 0 0
142 30 0 0
141 30 0 0
140 30 0 0
139 30 0 0
138 30 0 0
137 30 0 0
136 30 0 0
135 30 0 0
134 30 0 0
144 29 0 0
143 29 0 0
142 29 0 0
141 29 0 0
140 29 0 0
139 29 0 0
138 29 0 0
137 29 0 0
136 29 0 0
146 28 0 0
145 28 0 0
144 28 0 0
143 28 0 0
142 28 0 0
141 28 0 0
140 28 0 0
139 28 0 0
138 28 0 0
147 27 0 0
146 27 0 0
145 27 0 0
144 27 0 0
143 27 0 0
142 27 0 0
141 27 0 0
140 27 0 0
149 26 0 0
148 26 0 0
147 26 0 0
146 26 0 0
145 26 0 0
144 26 0 0
143 26 0 0
142 26 0 0
141 26 0 0
151 25 0 0
150 25 0 0
149 25 0 0
148 25 0 0
147 25 0 0
146 25 0 0
145 25 0 0
144 25 0 0
143 25 0 0
152 24 0 0
151 24 0 0
150 24 0 0
149 24 0 0
148 24 0 0
147 24 0 0
146 24 0 0
145 24 0 0
153 23 0 0
152 23 0 0
151 23 0 0
150 23 0 0
149 23 0 0
148 23 0 0
147 23 0 0
146 23 0 0
157 22 0 0
156 22 0 0
155 22 0 0
154 22 0 0
153 22 0 0
152 22 0 0
151 22 0 0
150 22 0 0
160 21 0 0
159 21 0 0
158 21 0 0
157 21 0 0
156 21 0 0
155 21 0 0
154 21 0 0
153 21 0 0
152 21 0 0
163 20 0 0
162 20 0 0
161 20 0 0
160 20 0 0
159 20 0 0
158 20 0 0
157 20 0 0
156 20 0 0
155 20 0 0
154 20 0 0
153 20 0 0
164 19 0 0
163 19 0 0
162 19 0 0
161 19 0 0
160 19 0 0
159 19 0 0
158 19 0 0
157 19 0 0
156 19 0 0
155 19 0 0
154 19 0 0
165 18 0 0
164 18 0 0
163 18 0 0
162 18 0 0
161 18 0 0
160 18 0 0
159 18 0 0
158 18 0 0
157 18 0 0
156 18 0 0
164 17 0 0
163 17 0 0
162 17 0 0
161 17 0 0
160 17 0 0
159 17 0 0
158 17 0 0
163 16 0 0
162 16 0 0
161 16 0 0
