3395 450 600
134 538 0 0
133 538 0 0
132 538 0 0
137 537 0 0
136 537 0 0
135 537 0 0
134 537 0 0
133 537 0 0
132 537 0 0
131 537 0 0
138 536 0 0
137 536 0 0
136 536 0 0
135 536 0 0
134 536 0 0
133 536 0 0
132 536 0 0
131 536 0 0
130 536 0 0
138 535 0 0
137 535 0 0
136 535 0 0
135 535 0 0
134 535 0 0
133 535 0 0
132 535 0 0
131 535 0 0
130 535 0 0
142 534 0 0
141 534 0 0
140 534 0 0
139 534 0 0
138 534 0 0
137 534 0 0
136 534 0 0
135 534 0 0
134 534 0 0
133 534 0 0
132 534 0 0
131 534 0 0
145 533 0 0
144 533 0 0
143 533 0 0
142 533 0 0
141 533 0 0
140 533 0 0
139 533 0 0
138 533 0 0
137 533 0 0
136 533 0 0
135 533 0 0
134 533 0 0
133 533 0 0
132 533 0 0
147 532 0 0
146 532 0 0
145 532 0 0
144 532 0 0
143 532 0 0
142 532 0 0
141 532 0 0
140 532 0 0
139 532 0 0
138 532 0 0
137 532 0 0
136 532 0 0
135 532 0 0
149 531 0 0
148 531 0 0
147 531 0 0
146 531 0 0
145 531 0 0
144 531 0 0
143 531 0 0
142 531 0 0
141 531 0 0
140 531 0 0
139 531 0 0
138 531 0 0
137 531 0 0
149 530 0 0
148 530 0 0
147 530 0 0
146 530 0 0
145 530 0 0
144 530 0 0
143 530 0 0
142 530 0 0
141 530 0 0
140 530 0 0
139 530 0 0
138 530 0 0
137 530 0 0
153 529 0 0
152 529 0 0
151 529 0 0
150 529 0 0
149 529 0 0
148 529 0 0
147 529 0 0
146 529 0 0
145 529 0 0
144 529 0 0
143 529 0 0
142 529 0 0
141 529 0 0
140 529 0 0
139 529 0 0
156 528 0 0
155 528 0 0
154 528 0 0
153 528 0 0
152 528 0 0
151 528 0 0
150 528 0 0
149 528 0 0
148 528 0 0
147 528 0 0
146 528 0 0
145 528 0 0
144 528 0 0
143 528 0 0
158 527 0 0
157 527 0 0
156 527 0 0
155 527 0 0
154 527 0 0
153 527 0 0
152 527 0 0
151 527 0 0
150 527 0 0
149 527 0 0
148 527 0 0
147 527 0 0
146 527 0 0
160 526 0 0
159 526 0 0
158 526 0 0
157 526 0 0
156 526 0 0
155 526 0 0
154 526 0 0
153 526 0 0
152 526 0 0
151 526 0 0
150 526 0 0
149 526 0 0
148 526 0 0
163 525 0 0
162 525 0 0
161 525 0 0
160 525 0 0
159 525 0 0
158 525 0 0
157 525 0 0
156 525 0 0
155 525 0 0
154 525 0 0
153 525 0 0
152 525 0 0
151 525 0 0
150 525 0 0
163 524 0 0
162 524 0 0
161 524 0 0
160 524 0 0
159 524 0 0
158 524 0 0
157 524 0 0
156 524 0 0
155 524 0 0
154 524 0 0
153 524 0 0
152 524 0 0
151 524 0 0
150 524 0 0
167 523 0 0
166 523 0 0
165 523 0 0
164 523 0 0
163 523 0 0
162 523 0 0
161 523 0 0
160 523 0 0
159 523 0 0
158 523 0 0
157 523 0 0
156 523 0 0
155 523 0 0
154 523 0 0
169 522 0 0
168 522 0 0
167 522 0 0
166 522 0 0
165 522 0 0
164 522 0 0
163 522 0 0
162 522 0 0
161 522 0 0
160 522 0 0
159 522 0 0
158 522 0 0
157 522 0 0
171 521 0 0
170 521 0 0
169 521 0 0
168 521 0 0
167 521 0 0
166 521 0 0
165 521 0 0
164 521 0 0
163 521 0 0
162 521 0 0
161 521 0 0
160 521 0 0
159 521 0 0
174 520 0 0
173 520 0 0
172 520 0 0
171 520 0 0
170 520 0 0
169 520 0 0
168 520 0 0
167 520 0 0
166 520 0 0
165 520 0 0
164 520 0 0
163 520 0 0
162 520 0 0
161 520 0 0
178 519 0 0
177 519 0 0
176 519 0 0
175 519 0 0
174 519 0 0
173 519 0 0
172 519 0 0
171 519 0 0
170 519 0 0
169 519 0 0
168 519 0 0
167 519 0 0
166 519 0 0
165 519 0 0
164 519 0 0
178 518 0 0
177 518 0 0
176 518 0 0
175 518 0 0
174 518 0 0
173 518 0 0
172 518 0 0
171 518 0 0
170 518 0 0
169 518 0 0
168 518 0 0
167 518 0 0
166 518 0 0
165 518 0 0
164 518 0 0
180 517 0 0
179 517 0 0
178 517 0 0
177 517 0 0
176 517 0 0
175 517 0 0
174 517 0 0
173 517 0 0
172 517 0 0
171 517 0 0
170 517 0 0
169 517 0 0
168 517 0 0
184 516 0 0
183 516 0 0
182 516 0 0
181 516 0 0
180 516 0 0
179 516 0 0
178 516 0 0
177 516 0 0
176 516 0 0
175 516 0 0
174 516 0 0
173 516 0 0
172 516 0 0
171 516 0 0
170 516 0 0
185 515 0 0
184 515 0 0
183 515 0 0
182 515 0 0
181 515 0 0
180 515 0 0
179 515 0 0
178 515 0 0
177 515 0 0
176 515 0 0
175 515 0 0
174 515 0 0
173 515 0 0
172 515 0 0
189 514 0 0
188 514 0 0
187 514 0 0
186 514 0 0
185 514 0 0
184 514 0 0
183 514 0 0
182 514 0 0
181 514 0 0
180 514 0 0
179 514 0 0
178 514 0 0
177 514 0 0
176 514 0 0
175 514 0 0
189 513 0 0
188 513 0 0
187 513 0 0
186 513 0 0
185 513 0 0
184 513 0 0
183 513 0 0
182 513 0 0
181 513 0 0
180 513 0 0
179 513 0 0
178 513 0 0
177 513 0 0
176 513 0 0
175 513 0 0
191 512 0 0
190 512 0 0
189 512 0 0
188 512 0 0
187 512 0 0
186 512 0 0
185 512 0 0
184 512 0 0
183 512 0 0
182 512 0 0
181 512 0 0
180 512 0 0
179 512 0 0
193 511 0 0
192 511 0 0
191 511 0 0
190 511 0 0
189 511 0 0
188 511 0 0
187 511 0 0
186 511 0 0
185 511 0 0
184 511 0 0
183 511 0 0
182 511 0 0
181 511 0 0
196 510 0 0
195 510 0 0
194 510 0 0
193 510 0 0
192 510 0 0
191 510 0 0
190 510 0 0
189 510 0 0
188 510 0 0
187 510 0 0
186 510 0 0
185 510 0 0
184 510 0 0
183 510 0 0
198 509 0 0
197 509 0 0
196 509 0 0
195 509 0 0
194 509 0 0
193 509 0 0
192 509 0 0
191 509 0 0
190 509 0 0
189 509 0 0
188 509 0 0
187 509 0 0
186 509 0 0
202 508 0 0
201 508 0 0
200 508 0 0
199 508 0 0
198 508 0 0
197 508 0 0
196 508 0 0
195 508 0 0
194 508 0 0
193 508 0 0
192 508 0 0
191 508 0 0
190 508 0 0
202 507 0 0
201 507 0 0
200 507 0 0
199 507 0 0
198 507 0 0
197 507 0 0
196 507 0 0
195 507 0 0
194 507 0 0
193 507 0 0
192 507 0 0
191 507 0 0
190 507 0 0
204 506 0 0
203 506 0 0
202 506 0 0
201 506 0 0
200 506 0 0
199 506 0 0
198 506 0 0
197 506 0 0
196 506 0 0
195 506 0 0
194 506 0 0
193 506 0 0
192 506 0 0
208 505 0 0
207 505 0 0
206 505 0 0
205 505 0 0
204 505 0 0
203 505 0 0
202 505 0 0
201 505 0 0
200 505 0 0
199 505 0 0
198 505 0 0
197 505 0 0
196 505 0 0
195 505 0 0
194 505 0 0
209 504 0 0
208 504 0 0
207 504 0 0
206 504 0 0
205 504 0 0
204 504 0 0
203 504 0 0
202 504 0 0
201 504 0 0
200 504 0 0
199 504 0 0
198 504 0 0
197 504 0 0
213 503 0 0
212 503 0 0
211 503 0 0
210 503 0 0
209 503 0 0
208 503 0 0
207 503 0 0
206 503 0 0
205 503 0 0
204 503 0 0
203 503 0 0
202 503 0 0
201 503 0 0
200 503 0 0
199 503 0 0
213 502 0 0
212 502 0 0
211 502 0 0
210 502 0 0
209 502 0 0
208 502 0 0
207 502 0 0
206 502 0 0
205 502 0 0
204 502 0 0
203 502 0 0
202 502 0 0
201 502 0 0
200 502 0 0
199 502 0 0
215 501 0 0
214 501 0 0
213 501 0 0
212 501 0 0
211 501 0 0
210 501 0 0
209 501 0 0
208 501 0 0
207 501 0 0
206 501 0 0
205 501 0 0
204 501 0 0
203 501 0 0
219 500 0 0
218 500 0 0
217 500 0 0
216 500 0 0
215 500 0 0
214 500 0 0
213 500 0 0
212 500 0 0
211 500 0 0
210 500 0 0
209 500 0 0
208 500 0 0
207 500 0 0
206 500 0 0
205 500 0 0
220 499 0 0
219 499 0 0
218 499 0 0
217 499 0 0
216 499 0 0
215 499 0 0
214 499 0 0
213 499 0 0
212 499 0 0
211 499 0 0
210 499 0 0
209 499 0 0
208 499 0 0
224 498 0 0
223 498 0 0
222 498 0 0
221 498 0 0
220 498 0 0
219 498 0 0
218 498 0 0
217 498 0 0
216 498 0 0
215 498 0 0
214 498 0 0
213 498 0 0
212 498 0 0
211 498 0 0
210 498 0 0
226 497 0 0
225 497 0 0
224 497 0 0
223 497 0 0
222 497 0 0
221 497 0 0
220 497 0 0
219 497 0 0
218 497 0 0
217 497 0 0
216 497 0 0
215 497 0 0
214 497 0 0
226 496 0 0
225 496 0 0
224 496 0 0
223 496 0 0
222 496 0 0
221 496 0 0
220 496 0 0
219 496 0 0
218 496 0 0
217 496 0 0
216 496 0 0
215 496 0 0
214 496 0 0
229 495 0 0
228 495 0 0
227 495 0 0
226 495 0 0
225 495 0 0
224 495 0 0
223 495 0 0
222 495 0 0
221 495 0 0
220 495 0 0
219 495 0 0
218 495 0 0
217 495 0 0
216 495 0 0
233 494 0 0
232 494 0 0
231 494 0 0
230 494 0 0
229 494 0 0
228 494 0 0
227 494 0 0
226 494 0 0
225 494 0 0
224 494 0 0
223 494 0 0
222 494 0 0
221 494 0 0
220 494 0 0
234 493 0 0
233 493 0 0
232 493 0 0
231 493 0 0
230 493 0 0
229 493 0 0
228 493 0 0
227 493 0 0
226 493 0 0
225 493 0 0
224 493 0 0
223 493 0 0
222 493 0 0
221 493 0 0
237 492 0 0
236 492 0 0
235 492 0 0
234 492 0 0
233 492 0 0
232 492 0 0
231 492 0 0
230 492 0 0
229 492 0 0
228 492 0 0
227 492 0 0
226 492 0 0
225 492 0 0
237 491 0 0
236 491 0 0
235 491 0 0
234 491 0 0
233 491 0 0
232 491 0 0
231 491 0 0
230 491 0 0
229 491 0 0
228 491 0 0
227 491 0 0
226 491 0 0
225 491 0 0
240 490 0 0
239 490 0 0
238 490 0 0
237 490 0 0
236 490 0 0
235 490 0 0
234 490 0 0
233 490 0 0
232 490 0 0
231 490 0 0
230 490 0 0
229 490 0 0
228 490 0 0
227 490 0 0
244 489 0 0
243 489 0 0
242 489 0 0
241 489 0 0
240 489 0 0
239 489 0 0
238 489 0 0
237 489 0 0
236 489 0 0
235 489 0 0
234 489 0 0
233 489 0 0
232 489 0 0
231 489 0 0
230 489 0 0
246 488 0 0
245 488 0 0
244 488 0 0
243 488 0 0
242 488 0 0
241 488 0 0
240 488 0 0
239 488 0 0
238 488 0 0
237 488 0 0
236 488 0 0
235 488 0 0
234 488 0 0
248 487 0 0
247 487 0 0
246 487 0 0
245 487 0 0
244 487 0 0
243 487 0 0
242 487 0 0
241 487 0 0
240 487 0 0
239 487 0 0
238 487 0 0
237 487 0 0
236 487 0 0
235 487 0 0
251 486 0 0
250 486 0 0
249 486 0 0
248 486 0 0
247 486 0 0
246 486 0 0
245 486 0 0
244 486 0 0
243 486 0 0
242 486 0 0
241 486 0 0
240 486 0 0
239 486 0 0
238 486 0 0
251 485 0 0
250 485 0 0
249 485 0 0
248 485 0 0
247 485 0 0
246 485 0 0
245 485 0 0
244 485 0 0
243 485 0 0
242 485 0 0
241 485 0 0
240 485 0 0
239 485 0 0
238 485 0 0
255 484 0 0
254 484 0 0
253 484 0 0
252 484 0 0
251 484 0 0
250 484 0 0
249 484 0 0
248 484 0 0
247 484 0 0
246 484 0 0
245 484 0 0
244 484 0 0
243 484 0 0
242 484 0 0
241 484 0 0
257 483 0 0
256 483 0 0
255 483 0 0
254 483 0 0
253 483 0 0
252 483 0 0
251 483 0 0
250 483 0 0
249 483 0 0
248 483 0 0
247 483 0 0
246 483 0 0
245 483 0 0
259 482 0 0
258 482 0 0
257 482 0 0
256 482 0 0
255 482 0 0
254 482 0 0
253 482 0 0
252 482 0 0
251 482 0 0
250 482 0 0
249 482 0 0
248 482 0 0
247 482 0 0
246 482 0 0
262 481 0 0
261 481 0 0
260 481 0 0
259 481 0 0
258 481 0 0
257 481 0 0
256 481 0 0
255 481 0 0
254 481 0 0
253 481 0 0
252 481 0 0
251 481 0 0
250 481 0 0
249 481 0 0
262 480 0 0
261 480 0 0
260 480 0 0
259 480 0 0
258 480 0 0
257 480 0 0
256 480 0 0
255 480 0 0
254 480 0 0
253 480 0 0
252 480 0 0
251 480 0 0
250 480 0 0
249 480 0 0
264 479 0 0
263 479 0 0
262 479 0 0
261 479 0 0
260 479 0 0
259 479 0 0
258 479 0 0
257 479 0 0
256 479 0 0
255 479 0 0
254 479 0 0
253 479 0 0
252 479 0 0
268 478 0 0
267 478 0 0
266 478 0 0
265 478 0 0
264 478 0 0
263 478 0 0
262 478 0 0
261 478 0 0
260 478 0 0
259 478 0 0
258 478 0 0
257 478 0 0
256 478 0 0
270 477 0 0
269 477 0 0
268 477 0 0
267 477 0 0
266 477 0 0
265 477 0 0
264 477 0 0
263 477 0 0
262 477 0 0
261 477 0 0
260 477 0 0
259 477 0 0
258 477 0 0
273 476 0 0
272 476 0 0
271 476 0 0
270 476 0 0
269 476 0 0
268 476 0 0
267 476 0 0
266 476 0 0
265 476 0 0
264 476 0 0
263 476 0 0
262 476 0 0
261 476 0 0
260 476 0 0
275 475 0 0
274 475 0 0
273 475 0 0
272 475 0 0
271 475 0 0
270 475 0 0
269 475 0 0
268 475 0 0
267 475 0 0
266 475 0 0
265 475 0 0
264 475 0 0
263 475 0 0
275 474 0 0
274 474 0 0
273 474 0 0
272 474 0 0
271 474 0 0
270 474 0 0
269 474 0 0
268 474 0 0
267 474 0 0
266 474 0 0
265 474 0 0
264 474 0 0
263 474 0 0
279 473 0 0
278 473 0 0
277 473 0 0
276 473 0 0
275 473 0 0
274 473 0 0
273 473 0 0
272 473 0 0
271 473 0 0
270 473 0 0
269 473 0 0
268 473 0 0
267 473 0 0
266 473 0 0
265 473 0 0
281 472 0 0
280 472 0 0
279 472 0 0
278 472 0 0
277 472 0 0
276 472 0 0
275 472 0 0
274 472 0 0
273 472 0 0
272 472 0 0
271 472 0 0
270 472 0 0
269 472 0 0
284 471 0 0
283 471 0 0
282 471 0 0
281 471 0 0
280 471 0 0
279 471 0 0
278 471 0 0
277 471 0 0
276 471 0 0
275 471 0 0
274 471 0 0
273 471 0 0
272 471 0 0
271 471 0 0
270 471 0 0
286 470 0 0
285 470 0 0
284 470 0 0
283 470 0 0
282 470 0 0
281 470 0 0
280 470 0 0
279 470 0 0
278 470 0 0
277 470 0 0
276 470 0 0
275 470 0 0
274 470 0 0
290 469 0 0
289 469 0 0
288 469 0 0
287 469 0 0
286 469 0 0
285 469 0 0
284 469 0 0
283 469 0 0
282 469 0 0
281 469 0 0
280 469 0 0
279 469 0 0
278 469 0 0
277 469 0 0
276 469 0 0
290 468 0 0
289 468 0 0
288 468 0 0
287 468 0 0
286 468 0 0
285 468 0 0
284 468 0 0
283 468 0 0
282 468 0 0
281 468 0 0
280 468 0 0
279 468 0 0
278 468 0 0
277 468 0 0
276 468 0 0
292 467 0 0
291 467 0 0
290 467 0 0
289 467 0 0
288 467 0 0
287 467 0 0
286 467 0 0
285 467 0 0
284 467 0 0
283 467 0 0
282 467 0 0
281 467 0 0
280 467 0 0
295 466 0 0
294 466 0 0
293 466 0 0
292 466 0 0
291 466 0 0
290 466 0 0
289 466 0 0
288 466 0 0
287 466 0 0
286 466 0 0
285 466 0 0
284 466 0 0
283 466 0 0
282 466 0 0
297 465 0 0
296 465 0 0
295 465 0 0
294 465 0 0
293 465 0 0
292 465 0 0
291 465 0 0
290 465 0 0
289 465 0 0
288 465 0 0
287 465 0 0
286 465 0 0
285 465 0 0
300 464 0 0
299 464 0 0
298 464 0 0
297 464 0 0
296 464 0 0
295 464 0 0
294 464 0 0
293 464 0 0
292 464 0 0
291 464 0 0
290 464 0 0
289 464 0 0
288 464 0 0
287 464 0 0
300 463 0 0
299 463 0 0
298 463 0 0
297 463 0 0
296 463 0 0
295 463 0 0
294 463 0 0
293 463 0 0
292 463 0 0
291 463 0 0
290 463 0 0
289 463 0 0
288 463 0 0
287 463 0 0
303 462 0 0
302 462 0 0
301 462 0 0
300 462 0 0
299 462 0 0
298 462 0 0
297 462 0 0
296 462 0 0
295 462 0 0
294 462 0 0
293 462 0 0
292 462 0 0
291 462 0 0
306 461 0 0
305 461 0 0
304 461 0 0
303 461 0 0
302 461 0 0
301 461 0 0
300 461 0 0
299 461 0 0
298 461 0 0
297 461 0 0
296 461 0 0
295 461 0 0
294 461 0 0
293 461 0 0
308 460 0 0
307 460 0 0
306 460 0 0
305 460 0 0
304 460 0 0
303 460 0 0
302 460 0 0
301 460 0 0
300 460 0 0
299 460 0 0
298 460 0 0
297 460 0 0
296 460 0 0
311 459 0 0
310 459 0 0
309 459 0 0
308 459 0 0
307 459 0 0
306 459 0 0
305 459 0 0
304 459 0 0
303 459 0 0
302 459 0 0
301 459 0 0
300 459 0 0
299 459 0 0
298 459 0 0
313 458 0 0
312 458 0 0
311 458 0 0
310 458 0 0
309 458 0 0
308 458 0 0
307 458 0 0
306 458 0 0
305 458 0 0
304 458 0 0
303 458 0 0
302 458 0 0
301 458 0 0
313 457 0 0
312 457 0 0
311 457 0 0
310 457 0 0
309 457 0 0
308 457 0 0
307 457 0 0
306 457 0 0
305 457 0 0
304 457 0 0
303 457 0 0
302 457 0 0
301 457 0 0
314 456 0 0
313 456 0 0
312 456 0 0
311 456 0 0
310 456 0 0
309 456 0 0
308 456 0 0
307 456 0 0
306 456 0 0
305 456 0 0
304 456 0 0
316 455 0 0
315 455 0 0
314 455 0 0
313 455 0 0
312 455 0 0
311 455 0 0
310 455 0 0
309 455 0 0
308 455 0 0
307 455 0 0
316 454 0 0
315 454 0 0
314 454 0 0
313 454 0 0
312 454 0 0
311 454 0 0
310 454 0 0
309 454 0 0
317 453 0 0
316 453 0 0
315 453 0 0
314 453 0 0
313 453 0 0
312 453 0 0
311 453 0 0
317 452 0 0
316 452 0 0
315 452 0 0
314 452 0 0
313 452 0 0
312 452 0 0
311 452 0 0
317 451 0 0
316 451 0 0
315 451 0 0
314 451 0 0
313 451 0 0
312 451 0 0
317 450 0 0
316 450 0 0
315 450 0 0
314 450 0 0
313 450 0 0
312 450 0 0
316 449 0 0
315 449 0 0
314 449 0 0
313 449 0 0
314 448 0 0
218 288 0 1
219 287 0 1
218 287 0 1
217 287 0 1
216 287 0 1
220 286 0 1
219 286 0 1
218 286 0 1
217 286 0 1
216 286 0 1
215 286 0 1
220 285 0 1
219 285 0 1
218 285 0 1
217 285 0 1
216 285 0 1
215 285 0 1
220 284 0 1
219 284 0 1
218 284 0 1
217 284 0 1
216 284 0 1
215 284 0 1
220 283 0 1
219 283 0 1
218 283 0 1
217 283 0 1
216 283 0 1
215 283 0 1
220 282 0 1
219 282 0 1
218 282 0 1
217 282 0 1
216 282 0 1
215 282 0 1
222 281 0 1
221 281 0 1
220 281 0 1
219 281 0 1
218 281 0 1
217 281 0 1
216 281 0 1
222 280 0 1
221 280 0 1
220 280 0 1
219 280 0 1
218 280 0 1
217 280 0 1
216 280 0 1
222 279 0 1
221 279 0 1
220 279 0 1
219 279 0 1
218 279 0 1
217 279 0 1
216 279 0 1
222 278 0 1
221 278 0 1
220 278 0 1
219 278 0 1
218 278 0 1
217 278 0 1
216 278 0 1
222 277 0 1
221 277 0 1
220 277 0 1
219 277 0 1
218 277 0 1
217 277 0 1
216 277 0 1
222 276 0 1
221 276 0 1
220 276 0 1
219 276 0 1
218 276 0 1
217 276 0 1
216 276 0 1
222 275 0 1
221 275 0 1
220 275 0 1
219 275 0 1
218 275 0 1
217 275 0 1
216 275 0 1
222 274 0 1
221 274 0 1
220 274 0 1
219 274 0 1
218 274 0 1
217 274 0 1
216 274 0 1
222 273 0 1
221 273 0 1
220 273 0 1
219 273 0 1
218 273 0 1
217 273 0 1
216 273 0 1
223 272 0 1
222 272 0 1
221 272 0 1
220 272 0 1
219 272 0 1
218 272 0 1
223 271 0 1
222 271 0 1
221 271 0 1
220 271 0 1
219 271 0 1
218 271 0 1
223 270 0 1
222 270 0 1
221 270 0 1
220 270 0 1
219 270 0 1
218 270 0 1
223 269 0 1
222 269 0 1
221 269 0 1
220 269 0 1
219 269 0 1
218 269 0 1
223 268 0 1
222 268 0 1
221 268 0 1
220 268 0 1
219 268 0 1
218 268 0 1
223 267 0 1
222 267 0 1
221 267 0 1
220 267 0 1
219 267 0 1
218 267 0 1
223 266 0 1
222 266 0 1
221 266 0 1
220 266 0 1
219 266 0 1
218 266 0 1
223 265 0 1
222 265 0 1
221 265 0 1
220 265 0 1
219 265 0 1
218 265 0 1
223 264 0 1
222 264 0 1
221 264 0 1
220 264 0 1
219 264 0 1
218 264 0 1
223 263 0 1
222 263 0 1
221 263 0 1
220 263 0 1
219 263 0 1
218 263 0 1
224 262 0 1
223 262 0 1
222 262 0 1
221 262 0 1
220 262 0 1
219 262 0 1
224 261 0 1
223 261 0 1
222 261 0 1
221 261 0 1
220 261 0 1
219 261 0 1
224 260 0 1
223 260 0 1
222 260 0 1
221 260 0 1
220 260 0 1
219 260 0 1
224 259 0 1
223 259 0 1
222 259 0 1
221 259 0 1
220 259 0 1
219 259 0 1
224 258 0 1
223 258 0 1
222 258 0 1
221 258 0 1
220 258 0 1
219 258 0 1
224 257 0 1
223 257 0 1
222 257 0 1
221 257 0 1
220 257 0 1
219 257 0 1
224 256 0 1
223 256 0 1
222 256 0 1
221 256 0 1
220 256 0 1
219 256 0 1
224 255 0 1
223 255 0 1
222 255 0 1
221 255 0 1
220 255 0 1
219 255 0 1
225 254 0 1
224 254 0 1
223 254 0 1
222 254 0 1
221 254 0 1
220 254 0 1
225 253 0 1
224 253 0 1
223 253 0 1
222 253 0 1
221 253 0 1
220 253 0 1
225 252 0 1
224 252 0 1
223 252 0 1
222 252 0 1
221 252 0 1
220 252 0 1
225 251 0 1
224 251 0 1
223 251 0 1
222 251 0 1
221 251 0 1
220 251 0 1
225 250 0 1
224 250 0 1
223 250 0 1
222 250 0 1
221 250 0 1
220 250 0 1
225 249 0 1
224 249 0 1
223 249 0 1
222 249 0 1
221 249 0 1
220 249 0 1
225 248 0 1
224 248 0 1
223 248 0 1
222 248 0 1
221 248 0 1
220 248 0 1
225 247 0 1
224 247 0 1
223 247 0 1
222 247 0 1
221 247 0 1
220 247 0 1
225 246 0 1
224 246 0 1
223 246 0 1
222 246 0 1
221 246 0 1
220 246 0 1
226 245 0 1
225 245 0 1
224 245 0 1
223 245 0 1
222 245 0 1
221 245 0 1
226 244 0 1
225 244 0 1
224 244 0 1
223 244 0 1
222 244 0 1
221 244 0 1
226 243 0 1
225 243 0 1
224 243 0 1
223 243 0 1
222 243 0 1
221 243 0 1
226 242 0 1
225 242 0 1
224 242 0 1
223 242 0 1
222 242 0 1
221 242 0 1
226 241 0 1
225 241 0 1
224 241 0 1
223 241 0 1
222 241 0 1
221 241 0 1
226 240 0 1
225 240 0 1
224 240 0 1
223 240 0 1
222 240 0 1
221 240 0 1
226 239 0 1
225 239 0 1
224 239 0 1
223 239 0 1
222 239 0 1
221 239 0 1
228 238 0 1
227 238 0 1
226 238 0 1
225 238 0 1
224 238 0 1
223 238 0 1
222 238 0 1
221 238 0 1
228 237 0 1
227 237 0 1
226 237 0 1
225 237 0 1
224 237 0 1
223 237 0 1
228 236 0 1
227 236 0 1
226 236 0 1
225 236 0 1
224 236 0 1
223 236 0 1
228 235 0 1
227 235 0 1
226 235 0 1
225 235 0 1
224 235 0 1
223 235 0 1
228 234 0 1
227 234 0 1
226 234 0 1
225 234 0 1
224 234 0 1
223 234 0 1
228 233 0 1
227 233 0 1
226 233 0 1
225 233 0 1
224 233 0 1
223 233 0 1
228 232 0 1
227 232 0 1
226 232 0 1
225 232 0 1
224 232 0 1
223 232 0 1
228 231 0 1
227 231 0 1
226 231 0 1
225 231 0 1
224 231 0 1
223 231 0 1
228 230 0 1
227 230 0 1
226 230 0 1
225 230 0 1
224 230 0 1
223 230 0 1
228 229 0 1
227 229 0 1
226 229 0 1
225 229 0 1
224 229 0 1
223 229 0 1
229 228 0 1
228 228 0 1
227 228 0 1
226 228 0 1
225 228 0 1
224 228 0 1
229 227 0 1
228 227 0 1
227 227 0 1
226 227 0 1
225 227 0 1
224 227 0 1
229 226 0 1
228 226 0 1
227 226 0 1
226 226 0 1
225 226 0 1
224 226 0 1
229 225 0 1
228 225 0 1
227 225 0 1
226 225 0 1
225 225 0 1
224 225 0 1
229 224 0 1
228 224 0 1
227 224 0 1
226 224 0 1
225 224 0 1
224 224 0 1
354 223 0 0
353 223 0 0
229 223 0 1
228 223 0 1
227 223 0 1
226 223 0 1
225 223 0 1
224 223 0 1
355 222 0 0
354 222 0 0
353 222 0 0
352 222 0 0
229 222 0 1
228 222 0 1
227 222 0 1
226 222 0 1
225 222 0 1
224 222 0 1
356 221 0 0
355 221 0 0
354 221 0 0
353 221 0 0
352 221 0 0
351 221 0 0
229 221 0 1
228 221 0 1
227 221 0 1
226 221 0 1
225 221 0 1
224 221 0 1
356 220 0 0
355 220 0 0
354 220 0 0
353 220 0 0
352 220 0 0
351 220 0 0
230 220 0 1
229 220 0 1
228 220 0 1
227 220 0 1
226 220 0 1
225 220 0 1
356 219 0 0
355 219 0 0
354 219 0 0
353 219 0 0
352 219 0 0
351 219 0 0
230 219 0 1
229 219 0 1
228 219 0 1
227 219 0 1
226 219 0 1
225 219 0 1
356 218 0 0
355 218 0 0
354 218 0 0
353 218 0 0
352 218 0 0
351 218 0 0
230 218 0 1
229 218 0 1
228 218 0 1
227 218 0 1
226 218 0 1
225 218 0 1
356 217 0 0
355 217 0 0
354 217 0 0
353 217 0 0
352 217 0 0
351 217 0 0
230 217 0 1
229 217 0 1
228 217 0 1
227 217 0 1
226 217 0 1
225 217 0 1
356 216 0 0
355 216 0 0
354 216 0 0
353 216 0 0
352 216 0 0
351 216 0 0
230 216 0 1
229 216 0 1
228 216 0 1
227 216 0 1
226 216 0 1
225 216 0 1
356 215 0 0
355 215 0 0
354 215 0 0
353 215 0 0
352 215 0 0
351 215 0 0
230 215 0 1
229 215 0 1
228 215 0 1
227 215 0 1
226 215 0 1
225 215 0 1
355 214 0 0
354 214 0 0
353 214 0 0
352 214 0 0
351 214 0 0
350 214 0 0
230 214 0 1
229 214 0 1
228 214 0 1
227 214 0 1
226 214 0 1
225 214 0 1
355 213 0 0
354 213 0 0
353 213 0 0
352 213 0 0
351 213 0 0
350 213 0 0
230 213 0 1
229 213 0 1
228 213 0 1
227 213 0 1
226 213 0 1
225 213 0 1
355 212 0 0
354 212 0 0
353 212 0 0
352 212 0 0
351 212 0 0
350 212 0 0
230 212 0 1
229 212 0 1
228 212 0 1
227 212 0 1
226 212 0 1
225 212 0 1
354 211 0 0
353 211 0 0
352 211 0 0
351 211 0 0
350 211 0 0
349 211 0 0
231 211 0 1
230 211 0 1
229 211 0 1
228 211 0 1
227 211 0 1
226 211 0 1
352 210 0 0
351 210 0 0
350 210 0 0
349 210 0 0
348 210 0 0
347 210 0 0
231 210 0 1
230 210 0 1
229 210 0 1
228 210 0 1
227 210 0 1
226 210 0 1
352 209 0 0
351 209 0 0
350 209 0 0
349 209 0 0
348 209 0 0
347 209 0 0
231 209 0 1
230 209 0 1
229 209 0 1
228 209 0 1
227 209 0 1
226 209 0 1
351 208 0 0
350 208 0 0
349 208 0 0
348 208 0 0
347 208 0 0
346 208 0 0
231 208 0 1
230 208 0 1
229 208 0 1
228 208 0 1
227 208 0 1
226 208 0 1
351 207 0 0
350 207 0 0
349 207 0 0
348 207 0 0
347 207 0 0
346 207 0 0
231 207 0 1
230 207 0 1
229 207 0 1
228 207 0 1
227 207 0 1
226 207 0 1
351 206 0 0
350 206 0 0
349 206 0 0
348 206 0 0
347 206 0 0
346 206 0 0
231 206 0 1
230 206 0 1
229 206 0 1
228 206 0 1
227 206 0 1
226 206 0 1
350 205 0 0
349 205 0 0
348 205 0 0
347 205 0 0
346 205 0 0
345 205 0 0
231 205 0 1
230 205 0 1
229 205 0 1
228 205 0 1
227 205 0 1
226 205 0 1
350 204 0 0
349 204 0 0
348 204 0 0
347 204 0 0
346 204 0 0
345 204 0 0
231 204 0 1
230 204 0 1
229 204 0 1
228 204 0 1
227 204 0 1
226 204 0 1
349 203 0 0
348 203 0 0
347 203 0 0
346 203 0 0
345 203 0 0
344 203 0 0
231 203 0 1
230 203 0 1
229 203 0 1
228 203 0 1
227 203 0 1
226 203 0 1
349 202 0 0
348 202 0 0
347 202 0 0
346 202 0 0
345 202 0 0
344 202 0 0
231 202 0 1
230 202 0 1
229 202 0 1
228 202 0 1
227 202 0 1
226 202 0 1
348 201 0 0
347 201 0 0
346 201 0 0
345 201 0 0
344 201 0 0
343 201 0 0
342 201 0 0
233 201 0 1
232 201 0 1
231 201 0 1
230 201 0 1
229 201 0 1
228 201 0 1
227 201 0 1
348 200 0 0
347 200 0 0
346 200 0 0
345 200 0 0
344 200 0 0
343 200 0 0
342 200 0 0
233 200 0 1
232 200 0 1
231 200 0 1
230 200 0 1
229 200 0 1
228 200 0 1
227 200 0 1
346 199 0 0
345 199 0 0
344 199 0 0
343 199 0 0
342 199 0 0
341 199 0 0
233 199 0 1
232 199 0 1
231 199 0 1
230 199 0 1
229 199 0 1
228 199 0 1
227 199 0 1
346 198 0 0
345 198 0 0
344 198 0 0
343 198 0 0
342 198 0 0
341 198 0 0
233 198 0 1
232 198 0 1
231 198 0 1
230 198 0 1
229 198 0 1
228 198 0 1
227 198 0 1
92 198 0 0
345 197 0 0
344 197 0 0
343 197 0 0
342 197 0 0
341 197 0 0
340 197 0 0
233 197 0 1
232 197 0 1
231 197 0 1
230 197 0 1
229 197 0 1
228 197 0 1
227 197 0 1
93 197 0 0
92 197 0 0
91 197 0 0
90 197 0 0
345 196 0 0
344 196 0 0
343 196 0 0
342 196 0 0
341 196 0 0
340 196 0 0
233 196 0 1
232 196 0 1
231 196 0 1
230 196 0 1
229 196 0 1
228 196 0 1
227 196 0 1
93 196 0 0
92 196 0 0
91 196 0 0
90 196 0 0
345 195 0 0
344 195 0 0
343 195 0 0
342 195 0 0
341 195 0 0
340 195 0 0
233 195 0 1
232 195 0 1
231 195 0 1
230 195 0 1
229 195 0 1
228 195 0 1
227 195 0 1
94 195 0 0
93 195 0 0
92 195 0 0
91 195 0 0
90 195 0 0
89 195 0 0
344 194 0 0
343 194 0 0
342 194 0 0
341 194 0 0
340 194 0 0
339 194 0 0
233 194 0 1
232 194 0 1
231 194 0 1
230 194 0 1
229 194 0 1
228 194 0 1
227 194 0 1
96 194 0 0
95 194 0 0
94 194 0 0
93 194 0 0
92 194 0 0
91 194 0 0
90 194 0 0
89 194 0 0
343 193 0 0
342 193 0 0
341 193 0 0
340 193 0 0
339 193 0 0
338 193 0 0
337 193 0 0
234 193 0 1
233 193 0 1
232 193 0 1
231 193 0 1
230 193 0 1
229 193 0 1
96 193 0 0
95 193 0 0
94 193 0 0
93 193 0 0
92 193 0 0
91 193 0 0
90 193 0 0
343 192 0 0
342 192 0 0
341 192 0 0
340 192 0 0
339 192 0 0
338 192 0 0
337 192 0 0
234 192 0 1
233 192 0 1
232 192 0 1
231 192 0 1
230 192 0 1
229 192 0 1
97 192 0 0
96 192 0 0
95 192 0 0
94 192 0 0
93 192 0 0
92 192 0 0
343 191 0 0
342 191 0 0
341 191 0 0
340 191 0 0
339 191 0 0
338 191 0 0
337 191 0 0
234 191 0 1
233 191 0 1
232 191 0 1
231 191 0 1
230 191 0 1
229 191 0 1
97 191 0 0
96 191 0 0
95 191 0 0
94 191 0 0
93 191 0 0
92 191 0 0
343 190 0 0
342 190 0 0
341 190 0 0
340 190 0 0
339 190 0 0
338 190 0 0
337 190 0 0
234 190 0 1
233 190 0 1
232 190 0 1
231 190 0 1
230 190 0 1
229 190 0 1
98 190 0 0
97 190 0 0
96 190 0 0
95 190 0 0
94 190 0 0
93 190 0 0
92 190 0 0
341 189 0 0
340 189 0 0
339 189 0 0
338 189 0 0
337 189 0 0
336 189 0 0
234 189 0 1
233 189 0 1
232 189 0 1
231 189 0 1
230 189 0 1
229 189 0 1
98 189 0 0
97 189 0 0
96 189 0 0
95 189 0 0
94 189 0 0
93 189 0 0
341 188 0 0
340 188 0 0
339 188 0 0
338 188 0 0
337 188 0 0
336 188 0 0
234 188 0 1
233 188 0 1
232 188 0 1
231 188 0 1
230 188 0 1
229 188 0 1
99 188 0 0
98 188 0 0
97 188 0 0
96 188 0 0
95 188 0 0
94 188 0 0
340 187 0 0
339 187 0 0
338 187 0 0
337 187 0 0
336 187 0 0
335 187 0 0
235 187 0 1
234 187 0 1
233 187 0 1
232 187 0 1
231 187 0 1
230 187 0 1
229 187 0 1
99 187 0 0
98 187 0 0
97 187 0 0
96 187 0 0
95 187 0 0
94 187 0 0
340 186 0 0
339 186 0 0
338 186 0 0
337 186 0 0
336 186 0 0
335 186 0 0
334 186 0 0
235 186 0 1
234 186 0 1
233 186 0 1
232 186 0 1
231 186 0 1
230 186 0 1
100 186 0 0
99 186 0 0
98 186 0 0
97 186 0 0
96 186 0 0
95 186 0 0
340 185 0 0
339 185 0 0
338 185 0 0
337 185 0 0
336 185 0 0
335 185 0 0
334 185 0 0
235 185 0 1
234 185 0 1
233 185 0 1
232 185 0 1
231 185 0 1
230 185 0 1
100 185 0 0
99 185 0 0
98 185 0 0
97 185 0 0
96 185 0 0
95 185 0 0
339 184 0 0
338 184 0 0
337 184 0 0
336 184 0 0
335 184 0 0
334 184 0 0
235 184 0 1
234 184 0 1
233 184 0 1
232 184 0 1
231 184 0 1
230 184 0 1
102 184 0 0
101 184 0 0
100 184 0 0
99 184 0 0
98 184 0 0
97 184 0 0
96 184 0 0
95 184 0 0
338 183 0 0
337 183 0 0
336 183 0 0
335 183 0 0
334 183 0 0
333 183 0 0
235 183 0 1
234 183 0 1
233 183 0 1
232 183 0 1
231 183 0 1
230 183 0 1
103 183 0 0
102 183 0 0
101 183 0 0
100 183 0 0
99 183 0 0
98 183 0 0
97 183 0 0
338 182 0 0
337 182 0 0
336 182 0 0
335 182 0 0
334 182 0 0
333 182 0 0
234 182 0 1
233 182 0 1
232 182 0 1
231 182 0 1
103 182 0 0
102 182 0 0
101 182 0 0
100 182 0 0
99 182 0 0
98 182 0 0
336 181 0 0
335 181 0 0
334 181 0 0
333 181 0 0
332 181 0 0
331 181 0 0
233 181 0 1
232 181 0 1
104 181 0 0
103 181 0 0
102 181 0 0
101 181 0 0
100 181 0 0
99 181 0 0
336 180 0 0
335 180 0 0
334 180 0 0
333 180 0 0
332 180 0 0
331 180 0 0
233 180 0 1
232 180 0 1
104 180 0 0
103 180 0 0
102 180 0 0
101 180 0 0
100 180 0 0
99 180 0 0
336 179 0 0
335 179 0 0
334 179 0 0
333 179 0 0
332 179 0 0
331 179 0 0
104 179 0 0
103 179 0 0
102 179 0 0
101 179 0 0
100 179 0 0
99 179 0 0
335 178 0 0
334 178 0 0
333 178 0 0
332 178 0 0
331 178 0 0
330 178 0 0
105 178 0 0
104 178 0 0
103 178 0 0
102 178 0 0
101 178 0 0
100 178 0 0
335 177 0 0
334 177 0 0
333 177 0 0
332 177 0 0
331 177 0 0
330 177 0 0
329 177 0 0
107 177 0 0
106 177 0 0
105 177 0 0
104 177 0 0
103 177 0 0
102 177 0 0
101 177 0 0
334 176 0 0
333 176 0 0
332 176 0 0
331 176 0 0
330 176 0 0
329 176 0 0
107 176 0 0
106 176 0 0
105 176 0 0
104 176 0 0
103 176 0 0
102 176 0 0
101 176 0 0
333 175 0 0
332 175 0 0
331 175 0 0
330 175 0 0
329 175 0 0
328 175 0 0
108 175 0 0
107 175 0 0
106 175 0 0
105 175 0 0
104 175 0 0
103 175 0 0
333 174 0 0
332 174 0 0
331 174 0 0
330 174 0 0
329 174 0 0
328 174 0 0
108 174 0 0
107 174 0 0
106 174 0 0
105 174 0 0
104 174 0 0
103 174 0 0
333 173 0 0
332 173 0 0
331 173 0 0
330 173 0 0
329 173 0 0
328 173 0 0
109 173 0 0
108 173 0 0
107 173 0 0
106 173 0 0
105 173 0 0
104 173 0 0
103 173 0 0
332 172 0 0
331 172 0 0
330 172 0 0
329 172 0 0
328 172 0 0
327 172 0 0
326 172 0 0
110 172 0 0
109 172 0 0
108 172 0 0
107 172 0 0
106 172 0 0
105 172 0 0
104 172 0 0
332 171 0 0
331 171 0 0
330 171 0 0
329 171 0 0
328 171 0 0
327 171 0 0
326 171 0 0
110 171 0 0
109 171 0 0
108 171 0 0
107 171 0 0
106 171 0 0
105 171 0 0
330 170 0 0
329 170 0 0
328 170 0 0
327 170 0 0
326 170 0 0
325 170 0 0
111 170 0 0
110 170 0 0
109 170 0 0
108 170 0 0
107 170 0 0
106 170 0 0
330 169 0 0
329 169 0 0
328 169 0 0
327 169 0 0
326 169 0 0
325 169 0 0
324 169 0 0
111 169 0 0
110 169 0 0
109 169 0 0
108 169 0 0
107 169 0 0
106 169 0 0
330 168 0 0
329 168 0 0
328 168 0 0
327 168 0 0
326 168 0 0
325 168 0 0
324 168 0 0
111 168 0 0
110 168 0 0
109 168 0 0
108 168 0 0
107 168 0 0
106 168 0 0
329 167 0 0
328 167 0 0
327 167 0 0
326 167 0 0
325 167 0 0
324 167 0 0
113 167 0 0
112 167 0 0
111 167 0 0
110 167 0 0
109 167 0 0
108 167 0 0
329 166 0 0
328 166 0 0
327 166 0 0
326 166 0 0
325 166 0 0
324 166 0 0
114 166 0 0
113 166 0 0
112 166 0 0
111 166 0 0
110 166 0 0
109 166 0 0
108 166 0 0
328 165 0 0
327 165 0 0
326 165 0 0
325 165 0 0
324 165 0 0
323 165 0 0
114 165 0 0
113 165 0 0
112 165 0 0
111 165 0 0
110 165 0 0
109 165 0 0
328 164 0 0
327 164 0 0
326 164 0 0
325 164 0 0
324 164 0 0
323 164 0 0
115 164 0 0
114 164 0 0
113 164 0 0
112 164 0 0
111 164 0 0
110 164 0 0
328 163 0 0
327 163 0 0
326 163 0 0
325 163 0 0
324 163 0 0
323 163 0 0
115 163 0 0
114 163 0 0
113 163 0 0
112 163 0 0
111 163 0 0
110 163 0 0
327 162 0 0
326 162 0 0
325 162 0 0
324 162 0 0
323 162 0 0
322 162 0 0
116 162 0 0
115 162 0 0
114 162 0 0
113 162 0 0
112 162 0 0
111 162 0 0
327 161 0 0
326 161 0 0
325 161 0 0
324 161 0 0
323 161 0 0
322 161 0 0
116 161 0 0
115 161 0 0
114 161 0 0
113 161 0 0
112 161 0 0
111 161 0 0
325 160 0 0
324 160 0 0
323 160 0 0
322 160 0 0
321 160 0 0
320 160 0 0
118 160 0 0
117 160 0 0
116 160 0 0
115 160 0 0
114 160 0 0
113 160 0 0
112 160 0 0
324 159 0 0
323 159 0 0
322 159 0 0
321 159 0 0
320 159 0 0
319 159 0 0
119 159 0 0
118 159 0 0
117 159 0 0
116 159 0 0
115 159 0 0
114 159 0 0
324 158 0 0
323 158 0 0
322 158 0 0
321 158 0 0
320 158 0 0
319 158 0 0
119 158 0 0
118 158 0 0
117 158 0 0
116 158 0 0
115 158 0 0
114 158 0 0
324 157 0 0
323 157 0 0
322 157 0 0
321 157 0 0
320 157 0 0
319 157 0 0
119 157 0 0
118 157 0 0
117 157 0 0
116 157 0 0
115 157 0 0
114 157 0 0
323 156 0 0
322 156 0 0
321 156 0 0
320 156 0 0
319 156 0 0
318 156 0 0
120 156 0 0
119 156 0 0
118 156 0 0
117 156 0 0
116 156 0 0
115 156 0 0
323 155 0 0
322 155 0 0
321 155 0 0
320 155 0 0
319 155 0 0
318 155 0 0
120 155 0 0
119 155 0 0
118 155 0 0
117 155 0 0
116 155 0 0
115 155 0 0
322 154 0 0
321 154 0 0
320 154 0 0
319 154 0 0
318 154 0 0
317 154 0 0
121 154 0 0
120 154 0 0
119 154 0 0
118 154 0 0
117 154 0 0
116 154 0 0
322 153 0 0
321 153 0 0
320 153 0 0
319 153 0 0
318 153 0 0
317 153 0 0
123 153 0 0
122 153 0 0
121 153 0 0
120 153 0 0
119 153 0 0
118 153 0 0
117 153 0 0
322 152 0 0
321 152 0 0
320 152 0 0
319 152 0 0
318 152 0 0
317 152 0 0
123 152 0 0
122 152 0 0
121 152 0 0
120 152 0 0
119 152 0 0
118 152 0 0
117 152 0 0
321 151 0 0
320 151 0 0
319 151 0 0
318 151 0 0
317 151 0 0
316 151 0 0
315 151 0 0
124 151 0 0
123 151 0 0
122 151 0 0
121 151 0 0
120 151 0 0
119 151 0 0
319 150 0 0
318 150 0 0
317 150 0 0
316 150 0 0
315 150 0 0
314 150 0 0
124 150 0 0
123 150 0 0
122 150 0 0
121 150 0 0
120 150 0 0
119 150 0 0
319 149 0 0
318 149 0 0
317 149 0 0
316 149 0 0
315 149 0 0
314 149 0 0
125 149 0 0
124 149 0 0
123 149 0 0
122 149 0 0
121 149 0 0
120 149 0 0
318 148 0 0
317 148 0 0
316 148 0 0
315 148 0 0
314 148 0 0
313 148 0 0
126 148 0 0
125 148 0 0
124 148 0 0
123 148 0 0
122 148 0 0
121 148 0 0
120 148 0 0
318 147 0 0
317 147 0 0
316 147 0 0
315 147 0 0
314 147 0 0
313 147 0 0
126 147 0 0
125 147 0 0
124 147 0 0
123 147 0 0
122 147 0 0
121 147 0 0
318 146 0 0
317 146 0 0
316 146 0 0
315 146 0 0
314 146 0 0
313 146 0 0
126 146 0 0
125 146 0 0
124 146 0 0
123 146 0 0
122 146 0 0
121 146 0 0
317 145 0 0
316 145 0 0
315 145 0 0
314 145 0 0
313 145 0 0
312 145 0 0
127 145 0 0
126 145 0 0
125 145 0 0
124 145 0 0
123 145 0 0
122 145 0 0
317 144 0 0
316 144 0 0
315 144 0 0
314 144 0 0
313 144 0 0
312 144 0 0
129 144 0 0
128 144 0 0
127 144 0 0
126 144 0 0
125 144 0 0
124 144 0 0
123 144 0 0
122 144 0 0
317 143 0 0
316 143 0 0
315 143 0 0
314 143 0 0
313 143 0 0
312 143 0 0
311 143 0 0
130 143 0 0
129 143 0 0
128 143 0 0
127 143 0 0
126 143 0 0
125 143 0 0
124 143 0 0
316 142 0 0
315 142 0 0
314 142 0 0
313 142 0 0
312 142 0 0
311 142 0 0
130 142 0 0
129 142 0 0
128 142 0 0
127 142 0 0
126 142 0 0
125 142 0 0
316 141 0 0
315 141 0 0
314 141 0 0
313 141 0 0
312 141 0 0
311 141 0 0
130 141 0 0
129 141 0 0
128 141 0 0
127 141 0 0
126 141 0 0
125 141 0 0
314 140 0 0
313 140 0 0
312 140 0 0
311 140 0 0
310 140 0 0
309 140 0 0
131 140 0 0
130 140 0 0
129 140 0 0
128 140 0 0
127 140 0 0
126 140 0 0
314 139 0 0
313 139 0 0
312 139 0 0
311 139 0 0
310 139 0 0
309 139 0 0
131 139 0 0
130 139 0 0
129 139 0 0
128 139 0 0
127 139 0 0
126 139 0 0
313 138 0 0
312 138 0 0
311 138 0 0
310 138 0 0
309 138 0 0
308 138 0 0
132 138 0 0
131 138 0 0
130 138 0 0
129 138 0 0
128 138 0 0
127 138 0 0
313 137 0 0
312 137 0 0
311 137 0 0
310 137 0 0
309 137 0 0
308 137 0 0
134 137 0 0
133 137 0 0
132 137 0 0
131 137 0 0
130 137 0 0
129 137 0 0
128 137 0 0
127 137 0 0
312 136 0 0
311 136 0 0
310 136 0 0
309 136 0 0
308 136 0 0
307 136 0 0
134 136 0 0
133 136 0 0
132 136 0 0
131 136 0 0
130 136 0 0
129 136 0 0
128 136 0 0
312 135 0 0
311 135 0 0
310 135 0 0
309 135 0 0
308 135 0 0
307 135 0 0
134 135 0 0
133 135 0 0
132 135 0 0
131 135 0 0
130 135 0 0
129 135 0 0
128 135 0 0
312 134 0 0
311 134 0 0
310 134 0 0
309 134 0 0
308 134 0 0
307 134 0 0
306 134 0 0
135 134 0 0
134 134 0 0
133 134 0 0
132 134 0 0
131 134 0 0
130 134 0 0
311 133 0 0
310 133 0 0
309 133 0 0
308 133 0 0
307 133 0 0
306 133 0 0
135 133 0 0
134 133 0 0
133 133 0 0
132 133 0 0
131 133 0 0
130 133 0 0
310 132 0 0
309 132 0 0
308 132 0 0
307 132 0 0
306 132 0 0
305 132 0 0
304 132 0 0
136 132 0 0
135 132 0 0
134 132 0 0
133 132 0 0
132 132 0 0
131 132 0 0
310 131 0 0
309 131 0 0
308 131 0 0
307 131 0 0
306 131 0 0
305 131 0 0
304 131 0 0
137 131 0 0
136 131 0 0
135 131 0 0
134 131 0 0
133 131 0 0
132 131 0 0
310 130 0 0
309 130 0 0
308 130 0 0
307 130 0 0
306 130 0 0
305 130 0 0
304 130 0 0
137 130 0 0
136 130 0 0
135 130 0 0
134 130 0 0
133 130 0 0
132 130 0 0
308 129 0 0
307 129 0 0
306 129 0 0
305 129 0 0
304 129 0 0
303 129 0 0
138 129 0 0
137 129 0 0
136 129 0 0
135 129 0 0
134 129 0 0
133 129 0 0
308 128 0 0
307 128 0 0
306 128 0 0
305 128 0 0
304 128 0 0
303 128 0 0
138 128 0 0
137 128 0 0
136 128 0 0
135 128 0 0
134 128 0 0
133 128 0 0
307 127 0 0
306 127 0 0
305 127 0 0
304 127 0 0
303 127 0 0
302 127 0 0
140 127 0 0
139 127 0 0
138 127 0 0
137 127 0 0
136 127 0 0
135 127 0 0
307 126 0 0
306 126 0 0
305 126 0 0
304 126 0 0
303 126 0 0
302 126 0 0
301 126 0 0
140 126 0 0
139 126 0 0
138 126 0 0
137 126 0 0
136 126 0 0
135 126 0 0
306 125 0 0
305 125 0 0
304 125 0 0
303 125 0 0
302 125 0 0
301 125 0 0
141 125 0 0
140 125 0 0
139 125 0 0
138 125 0 0
137 125 0 0
136 125 0 0
306 124 0 0
305 124 0 0
304 124 0 0
303 124 0 0
302 124 0 0
301 124 0 0
141 124 0 0
140 124 0 0
139 124 0 0
138 124 0 0
137 124 0 0
136 124 0 0
305 123 0 0
304 123 0 0
303 123 0 0
302 123 0 0
301 123 0 0
300 123 0 0
142 123 0 0
141 123 0 0
140 123 0 0
139 123 0 0
138 123 0 0
137 123 0 0
305 122 0 0
304 122 0 0
303 122 0 0
302 122 0 0
301 122 0 0
300 122 0 0
143 122 0 0
142 122 0 0
141 122 0 0
140 122 0 0
139 122 0 0
138 122 0 0
303 121 0 0
302 121 0 0
301 121 0 0
300 121 0 0
299 121 0 0
298 121 0 0
143 121 0 0
142 121 0 0
141 121 0 0
140 121 0 0
139 121 0 0
138 121 0 0
303 120 0 0
302 120 0 0
301 120 0 0
300 120 0 0
299 120 0 0
298 120 0 0
145 120 0 0
144 120 0 0
143 120 0 0
142 120 0 0
141 120 0 0
140 120 0 0
139 120 0 0
303 119 0 0
302 119 0 0
301 119 0 0
300 119 0 0
299 119 0 0
298 119 0 0
146 119 0 0
145 119 0 0
144 119 0 0
143 119 0 0
142 119 0 0
141 119 0 0
140 119 0 0
139 119 0 0
303 118 0 0
302 118 0 0
301 118 0 0
300 118 0 0
299 118 0 0
298 118 0 0
146 118 0 0
145 118 0 0
144 118 0 0
143 118 0 0
142 118 0 0
141 118 0 0
140 118 0 0
139 118 0 0
302 117 0 0
301 117 0 0
300 117 0 0
299 117 0 0
298 117 0 0
297 117 0 0
146 117 0 0
145 117 0 0
144 117 0 0
143 117 0 0
142 117 0 0
141 117 0 0
301 116 0 0
300 116 0 0
299 116 0 0
298 116 0 0
297 116 0 0
296 116 0 0
147 116 0 0
146 116 0 0
145 116 0 0
144 116 0 0
143 116 0 0
142 116 0 0
301 115 0 0
300 115 0 0
299 115 0 0
298 115 0 0
297 115 0 0
296 115 0 0
147 115 0 0
146 115 0 0
145 115 0 0
144 115 0 0
143 115 0 0
142 115 0 0
300 114 0 0
299 114 0 0
298 114 0 0
297 114 0 0
296 114 0 0
295 114 0 0
148 114 0 0
147 114 0 0
146 114 0 0
145 114 0 0
144 114 0 0
143 114 0 0
300 113 0 0
299 113 0 0
298 113 0 0
297 113 0 0
296 113 0 0
295 113 0 0
148 113 0 0
147 113 0 0
146 113 0 0
145 113 0 0
144 113 0 0
143 113 0 0
300 112 0 0
299 112 0 0
298 112 0 0
297 112 0 0
296 112 0 0
295 112 0 0
149 112 0 0
148 112 0 0
147 112 0 0
146 112 0 0
145 112 0 0
144 112 0 0
143 112 0 0
299 111 0 0
298 111 0 0
297 111 0 0
296 111 0 0
295 111 0 0
294 111 0 0
293 111 0 0
151 111 0 0
150 111 0 0
149 111 0 0
148 111 0 0
147 111 0 0
146 111 0 0
145 111 0 0
144 111 0 0
299 110 0 0
298 110 0 0
297 110 0 0
296 110 0 0
295 110 0 0
294 110 0 0
293 110 0 0
151 110 0 0
150 110 0 0
149 110 0 0
148 110 0 0
147 110 0 0
146 110 0 0
297 109 0 0
296 109 0 0
295 109 0 0
294 109 0 0
293 109 0 0
292 109 0 0
152 109 0 0
151 109 0 0
150 109 0 0
149 109 0 0
148 109 0 0
147 109 0 0
296 108 0 0
295 108 0 0
294 108 0 0
293 108 0 0
292 108 0 0
291 108 0 0
152 108 0 0
151 108 0 0
150 108 0 0
149 108 0 0
148 108 0 0
147 108 0 0
296 107 0 0
295 107 0 0
294 107 0 0
293 107 0 0
292 107 0 0
291 107 0 0
152 107 0 0
151 107 0 0
150 107 0 0
149 107 0 0
148 107 0 0
147 107 0 0
296 106 0 0
295 106 0 0
294 106 0 0
293 106 0 0
292 106 0 0
291 106 0 0
153 106 0 0
152 106 0 0
151 106 0 0
150 106 0 0
149 106 0 0
148 106 0 0
295 105 0 0
294 105 0 0
293 105 0 0
292 105 0 0
291 105 0 0
290 105 0 0
154 105 0 0
153 105 0 0
152 105 0 0
151 105 0 0
150 105 0 0
149 105 0 0
295 104 0 0
294 104 0 0
293 104 0 0
292 104 0 0
291 104 0 0
290 104 0 0
154 104 0 0
153 104 0 0
152 104 0 0
151 104 0 0
150 104 0 0
149 104 0 0
294 103 0 0
293 103 0 0
292 103 0 0
291 103 0 0
290 103 0 0
289 103 0 0
156 103 0 0
155 103 0 0
154 103 0 0
153 103 0 0
152 103 0 0
151 103 0 0
150 103 0 0
294 102 0 0
293 102 0 0
292 102 0 0
291 102 0 0
290 102 0 0
289 102 0 0
156 102 0 0
155 102 0 0
154 102 0 0
153 102 0 0
152 102 0 0
151 102 0 0
150 102 0 0
294 101 0 0
293 101 0 0
292 101 0 0
291 101 0 0
290 101 0 0
289 101 0 0
157 101 0 0
156 101 0 0
155 101 0 0
154 101 0 0
153 101 0 0
152 101 0 0
292 100 0 0
291 100 0 0
290 100 0 0
289 100 0 0
288 100 0 0
287 100 0 0
158 100 0 0
157 100 0 0
156 100 0 0
155 100 0 0
154 100 0 0
153 100 0 0
152 100 0 0
291 99 0 0
290 99 0 0
289 99 0 0
288 99 0 0
287 99 0 0
286 99 0 0
158 99 0 0
157 99 0 0
156 99 0 0
155 99 0 0
154 99 0 0
153 99 0 0
291 98 0 0
290 98 0 0
289 98 0 0
288 98 0 0
287 98 0 0
286 98 0 0
159 98 0 0
158 98 0 0
157 98 0 0
156 98 0 0
155 98 0 0
154 98 0 0
290 97 0 0
289 97 0 0
288 97 0 0
287 97 0 0
286 97 0 0
285 97 0 0
159 97 0 0
158 97 0 0
157 97 0 0
156 97 0 0
155 97 0 0
154 97 0 0
290 96 0 0
289 96 0 0
288 96 0 0
287 96 0 0
286 96 0 0
285 96 0 0
159 96 0 0
158 96 0 0
157 96 0 0
156 96 0 0
155 96 0 0
154 96 0 0
290 95 0 0
289 95 0 0
288 95 0 0
287 95 0 0
286 95 0 0
285 95 0 0
284 95 0 0
283 95 0 0
282 95 0 0
160 95 0 0
159 95 0 0
158 95 0 0
157 95 0 0
156 95 0 0
155 95 0 0
289 94 0 0
288 94 0 0
287 94 0 0
286 94 0 0
285 94 0 0
284 94 0 0
283 94 0 0
282 94 0 0
281 94 0 0
162 94 0 0
161 94 0 0
160 94 0 0
159 94 0 0
158 94 0 0
157 94 0 0
156 94 0 0
155 94 0 0
288 93 0 0
287 93 0 0
286 93 0 0
285 93 0 0
284 93 0 0
283 93 0 0
282 93 0 0
281 93 0 0
280 93 0 0
162 93 0 0
161 93 0 0
160 93 0 0
159 93 0 0
158 93 0 0
157 93 0 0
286 92 0 0
285 92 0 0
284 92 0 0
283 92 0 0
282 92 0 0
281 92 0 0
280 92 0 0
279 92 0 0
163 92 0 0
162 92 0 0
161 92 0 0
160 92 0 0
159 92 0 0
158 92 0 0
286 91 0 0
285 91 0 0
284 91 0 0
283 91 0 0
282 91 0 0
281 91 0 0
280 91 0 0
279 91 0 0
163 91 0 0
162 91 0 0
161 91 0 0
160 91 0 0
159 91 0 0
158 91 0 0
284 90 0 0
283 90 0 0
282 90 0 0
281 90 0 0
280 90 0 0
279 90 0 0
278 90 0 0
164 90 0 0
163 90 0 0
162 90 0 0
161 90 0 0
160 90 0 0
159 90 0 0
283 89 0 0
282 89 0 0
281 89 0 0
280 89 0 0
279 89 0 0
165 89 0 0
164 89 0 0
163 89 0 0
162 89 0 0
161 89 0 0
160 89 0 0
280 88 0 0
165 88 0 0
164 88 0 0
163 88 0 0
162 88 0 0
161 88 0 0
160 88 0 0
167 87 0 0
166 87 0 0
165 87 0 0
164 87 0 0
163 87 0 0
162 87 0 0
161 87 0 0
168 86 0 0
167 86 0 0
166 86 0 0
165 86 0 0
164 86 0 0
163 86 0 0
168 85 0 0
167 85 0 0
166 85 0 0
165 85 0 0
164 85 0 0
163 85 0 0
168 84 0 0
167 84 0 0
166 84 0 0
165 84 0 0
164 84 0 0
163 84 0 0
169 83 0 0
168 83 0 0
167 83 0 0
166 83 0 0
165 83 0 0
164 83 0 0
170 82 0 0
169 82 0 0
168 82 0 0
167 82 0 0
166 82 0 0
165 82 0 0
169 81 0 0
168 81 0 0
167 81 0 0
166 81 0 0
169 80 0 0
168 80 0 0
167 80 0 0
166 80 0 0
168 79 0 0
