3049 450 600
197 455 0 0
198 454 0 0
197 454 0 0
196 454 0 0
201 453 0 0
200 453 0 0
199 453 0 0
198 453 0 0
197 453 0 0
196 453 0 0
195 453 0 0
194 453 0 0
201 452 0 0
200 452 0 0
199 452 0 0
198 452 0 0
197 452 0 0
196 452 0 0
195 452 0 0
194 452 0 0
202 451 0 0
201 451 0 0
200 451 0 0
199 451 0 0
198 451 0 0
197 451 0 0
196 451 0 0
203 450 0 0
202 450 0 0
201 450 0 0
200 450 0 0
199 450 0 0
198 450 0 0
197 450 0 0
203 449 0 0
202 449 0 0
201 449 0 0
200 449 0 0
199 449 0 0
198 449 0 0
204 448 0 0
203 448 0 0
202 448 0 0
201 448 0 0
200 448 0 0
199 448 0 0
206 447 0 0
205 447 0 0
204 447 0 0
203 447 0 0
202 447 0 0
201 447 0 0
206 446 0 0
205 446 0 0
204 446 0 0
203 446 0 0
202 446 0 0
201 446 0 0
208 445 0 0
207 445 0 0
206 445 0 0
205 445 0 0
204 445 0 0
203 445 0 0
202 445 0 0
209 444 0 0
208 444 0 0
207 444 0 0
206 444 0 0
205 444 0 0
204 444 0 0
203 444 0 0
211 443 0 0
210 443 0 0
209 443 0 0
208 443 0 0
207 443 0 0
206 443 0 0
205 443 0 0
204 443 0 0
212 442 0 0
211 442 0 0
210 442 0 0
209 442 0 0
208 442 0 0
207 442 0 0
206 442 0 0
205 442 0 0
212 441 0 0
211 441 0 0
210 441 0 0
209 441 0 0
208 441 0 0
207 441 0 0
206 441 0 0
205 441 0 0
213 440 0 0
212 440 0 0
211 440 0 0
210 440 0 0
209 440 0 0
208 440 0 0
207 440 0 0
214 439 0 0
213 439 0 0
212 439 0 0
211 439 0 0
210 439 0 0
209 439 0 0
208 439 0 0
215 438 0 0
214 438 0 0
213 438 0 0
212 438 0 0
211 438 0 0
210 438 0 0
209 438 0 0
217 437 0 0
216 437 0 0
215 437 0 0
214 437 0 0
213 437 0 0
212 437 0 0
211 437 0 0
210 437 0 0
218 436 0 0
217 436 0 0
216 436 0 0
215 436 0 0
214 436 0 0
213 436 0 0
212 436 0 0
218 435 0 0
217 435 0 0
216 435 0 0
215 435 0 0
214 435 0 0
213 435 0 0
212 435 0 0
219 434 0 0
218 434 0 0
217 434 0 0
216 434 0 0
215 434 0 0
214 434 0 0
213 434 0 0
220 433 0 0
219 433 0 0
218 433 0 0
217 433 0 0
216 433 0 0
215 433 0 0
214 433 0 0
222 432 0 0
221 432 0 0
220 432 0 0
219 432 0 0
218 432 0 0
217 432 0 0
216 432 0 0
215 432 0 0
223 431 0 0
222 431 0 0
221 431 0 0
220 431 0 0
219 431 0 0
218 431 0 0
217 431 0 0
216 431 0 0
223 430 0 0
222 430 0 0
221 430 0 0
220 430 0 0
219 430 0 0
218 430 0 0
217 430 0 0
216 430 0 0
224 429 0 0
223 429 0 0
222 429 0 0
221 429 0 0
220 429 0 0
219 429 0 0
218 429 0 0
225 428 0 0
224 428 0 0
223 428 0 0
222 428 0 0
221 428 0 0
220 428 0 0
219 428 0 0
226 427 0 0
225 427 0 0
224 427 0 0
223 427 0 0
222 427 0 0
221 427 0 0
220 427 0 0
228 426 0 0
227 426 0 0
226 426 0 0
225 426 0 0
224 426 0 0
223 426 0 0
229 425 0 0
228 425 0 0
227 425 0 0
226 425 0 0
225 425 0 0
224 425 0 0
229 424 0 0
228 424 0 0
227 424 0 0
226 424 0 0
225 424 0 0
224 424 0 0
230 423 0 0
229 423 0 0
228 423 0 0
227 423 0 0
226 423 0 0
225 423 0 0
224 423 0 0
231 422 0 0
230 422 0 0
229 422 0 0
228 422 0 0
227 422 0 0
226 422 0 0
225 422 0 0
234 421 0 0
233 421 0 0
232 421 0 0
231 421 0 0
230 421 0 0
229 421 0 0
228 421 0 0
227 421 0 0
226 421 0 0
235 420 0 0
234 420 0 0
233 420 0 0
232 420 0 0
231 420 0 0
230 420 0 0
229 420 0 0
236 419 0 0
235 419 0 0
234 419 0 0
233 419 0 0
232 419 0 0
231 419 0 0
230 419 0 0
236 418 0 0
235 418 0 0
234 418 0 0
233 418 0 0
232 418 0 0
231 418 0 0
230 418 0 0
237 417 0 0
236 417 0 0
235 417 0 0
234 417 0 0
233 417 0 0
232 417 0 0
231 417 0 0
239 416 0 0
238 416 0 0
237 416 0 0
236 416 0 0
235 416 0 0
234 416 0 0
233 416 0 0
232 416 0 0
240 415 0 0
239 415 0 0
238 415 0 0
237 415 0 0
236 415 0 0
235 415 0 0
234 415 0 0
241 414 0 0
240 414 0 0
239 414 0 0
238 414 0 0
237 414 0 0
236 414 0 0
235 414 0 0
241 413 0 0
240 413 0 0
239 413 0 0
238 413 0 0
237 413 0 0
236 413 0 0
235 413 0 0
242 412 0 0
241 412 0 0
240 412 0 0
239 412 0 0
238 412 0 0
237 412 0 0
236 412 0 0
244 411 0 0
243 411 0 0
242 411 0 0
241 411 0 0
240 411 0 0
239 411 0 0
238 411 0 0
237 411 0 0
245 410 0 0
244 410 0 0
243 410 0 0
242 410 0 0
241 410 0 0
240 410 0 0
239 410 0 0
238 410 0 0
246 409 0 0
245 409 0 0
244 409 0 0
243 409 0 0
242 409 0 0
241 409 0 0
240 409 0 0
247 408 0 0
246 408 0 0
245 408 0 0
244 408 0 0
243 408 0 0
242 408 0 0
241 408 0 0
247 407 0 0
246 407 0 0
245 407 0 0
244 407 0 0
243 407 0 0
242 407 0 0
241 407 0 0
248 406 0 0
247 406 0 0
246 406 0 0
245 406 0 0
244 406 0 0
243 406 0 0
242 406 0 0
250 405 0 0
249 405 0 0
248 405 0 0
247 405 0 0
246 405 0 0
245 405 0 0
244 405 0 0
243 405 0 0
251 404 0 0
250 404 0 0
249 404 0 0
248 404 0 0
247 404 0 0
246 404 0 0
245 404 0 0
252 403 0 0
251 403 0 0
250 403 0 0
249 403 0 0
248 403 0 0
247 403 0 0
246 403 0 0
252 402 0 0
251 402 0 0
250 402 0 0
249 402 0 0
248 402 0 0
247 402 0 0
246 402 0 0
253 401 0 0
252 401 0 0
251 401 0 0
250 401 0 0
249 401 0 0
248 401 0 0
247 401 0 0
255 400 0 0
254 400 0 0
253 400 0 0
252 400 0 0
251 400 0 0
250 400 0 0
249 400 0 0
248 400 0 0
256 399 0 0
255 399 0 0
254 399 0 0
253 399 0 0
252 399 0 0
251 399 0 0
257 398 0 0
256 398 0 0
255 398 0 0
254 398 0 0
253 398 0 0
252 398 0 0
258 397 0 0
257 397 0 0
256 397 0 0
255 397 0 0
254 397 0 0
253 397 0 0
258 396 0 0
257 396 0 0
256 396 0 0
255 396 0 0
254 396 0 0
253 396 0 0
259 395 0 0
258 395 0 0
257 395 0 0
256 395 0 0
255 395 0 0
254 395 0 0
262 394 0 0
261 394 0 0
260 394 0 0
259 394 0 0
258 394 0 0
257 394 0 0
256 394 0 0
263 393 0 0
262 393 0 0
261 393 0 0
260 393 0 0
259 393 0 0
258 393 0 0
257 393 0 0
264 392 0 0
263 392 0 0
262 392 0 0
261 392 0 0
260 392 0 0
259 392 0 0
258 392 0 0
264 391 0 0
263 391 0 0
262 391 0 0
261 391 0 0
260 391 0 0
259 391 0 0
258 391 0 0
266 390 0 0
265 390 0 0
264 390 0 0
263 390 0 0
262 390 0 0
261 390 0 0
260 390 0 0
259 390 0 0
267 389 0 0
266 389 0 0
265 389 0 0
264 389 0 0
263 389 0 0
262 389 0 0
261 389 0 0
260 389 0 0
268 388 0 0
267 388 0 0
266 388 0 0
265 388 0 0
264 388 0 0
263 388 0 0
262 388 0 0
269 387 0 0
268 387 0 0
267 387 0 0
266 387 0 0
265 387 0 0
264 387 0 0
263 387 0 0
270 386 0 0
269 386 0 0
268 386 0 0
267 386 0 0
266 386 0 0
265 386 0 0
264 386 0 0
270 385 0 0
269 385 0 0
268 385 0 0
267 385 0 0
266 385 0 0
265 385 0 0
264 385 0 0
272 384 0 0
271 384 0 0
270 384 0 0
269 384 0 0
268 384 0 0
267 384 0 0
266 384 0 0
265 384 0 0
273 383 0 0
272 383 0 0
271 383 0 0
270 383 0 0
269 383 0 0
268 383 0 0
267 383 0 0
274 382 0 0
273 382 0 0
272 382 0 0
271 382 0 0
270 382 0 0
269 382 0 0
268 382 0 0
275 381 0 0
274 381 0 0
273 381 0 0
272 381 0 0
271 381 0 0
270 381 0 0
269 381 0 0
275 380 0 0
274 380 0 0
273 380 0 0
272 380 0 0
271 380 0 0
270 380 0 0
269 380 0 0
277 379 0 0
276 379 0 0
275 379 0 0
274 379 0 0
273 379 0 0
272 379 0 0
271 379 0 0
270 379 0 0
278 378 0 0
277 378 0 0
276 378 0 0
275 378 0 0
274 378 0 0
273 378 0 0
272 378 0 0
271 378 0 0
279 377 0 0
278 377 0 0
277 377 0 0
276 377 0 0
275 377 0 0
274 377 0 0
273 377 0 0
280 376 0 0
279 376 0 0
278 376 0 0
277 376 0 0
276 376 0 0
275 376 0 0
274 376 0 0
281 375 0 0
280 375 0 0
279 375 0 0
278 375 0 0
277 375 0 0
276 375 0 0
281 374 0 0
280 374 0 0
279 374 0 0
278 374 0 0
277 374 0 0
276 374 0 0
283 373 0 0
282 373 0 0
281 373 0 0
280 373 0 0
279 373 0 0
278 373 0 0
284 372 0 0
283 372 0 0
282 372 0 0
281 372 0 0
280 372 0 0
279 372 0 0
285 371 0 0
284 371 0 0
283 371 0 0
282 371 0 0
281 371 0 0
280 371 0 0
286 370 0 0
285 370 0 0
284 370 0 0
283 370 0 0
282 370 0 0
281 370 0 0
288 369 0 0
287 369 0 0
286 369 0 0
285 369 0 0
284 369 0 0
283 369 0 0
282 369 0 0
288 368 0 0
287 368 0 0
286 368 0 0
285 368 0 0
284 368 0 0
283 368 0 0
282 368 0 0
290 367 0 0
289 367 0 0
288 367 0 0
287 367 0 0
286 367 0 0
285 367 0 0
284 367 0 0
291 366 0 0
290 366 0 0
289 366 0 0
288 366 0 0
287 366 0 0
286 366 0 0
285 366 0 0
292 365 0 0
291 365 0 0
290 365 0 0
289 365 0 0
288 365 0 0
287 365 0 0
286 365 0 0
294 364 0 0
293 364 0 0
292 364 0 0
291 364 0 0
290 364 0 0
289 364 0 0
288 364 0 0
287 364 0 0
294 363 0 0
293 363 0 0
292 363 0 0
291 363 0 0
290 363 0 0
289 363 0 0
288 363 0 0
287 363 0 0
295 362 0 0
294 362 0 0
293 362 0 0
292 362 0 0
291 362 0 0
290 362 0 0
289 362 0 0
296 361 0 0
295 361 0 0
294 361 0 0
293 361 0 0
292 361 0 0
291 361 0 0
290 361 0 0
297 360 0 0
296 360 0 0
295 360 0 0
294 360 0 0
293 360 0 0
292 360 0 0
291 360 0 0
299 359 0 0
298 359 0 0
297 359 0 0
296 359 0 0
295 359 0 0
294 359 0 0
293 359 0 0
292 359 0 0
300 358 0 0
299 358 0 0
298 358 0 0
297 358 0 0
296 358 0 0
295 358 0 0
294 358 0 0
293 358 0 0
300 357 0 0
299 357 0 0
298 357 0 0
297 357 0 0
296 357 0 0
295 357 0 0
294 357 0 0
293 357 0 0
301 356 0 0
300 356 0 0
299 356 0 0
298 356 0 0
297 356 0 0
296 356 0 0
295 356 0 0
302 355 0 0
301 355 0 0
300 355 0 0
299 355 0 0
298 355 0 0
297 355 0 0
296 355 0 0
303 354 0 0
302 354 0 0
301 354 0 0
300 354 0 0
299 354 0 0
298 354 0 0
297 354 0 0
305 353 0 0
304 353 0 0
303 353 0 0
302 353 0 0
301 353 0 0
300 353 0 0
299 353 0 0
298 353 0 0
305 352 0 0
304 352 0 0
303 352 0 0
302 352 0 0
301 352 0 0
300 352 0 0
299 352 0 0
298 352 0 0
306 351 0 0
305 351 0 0
304 351 0 0
303 351 0 0
302 351 0 0
301 351 0 0
300 351 0 0
307 350 0 0
306 350 0 0
305 350 0 0
304 350 0 0
303 350 0 0
302 350 0 0
301 350 0 0
308 349 0 0
307 349 0 0
306 349 0 0
305 349 0 0
304 349 0 0
303 349 0 0
302 349 0 0
310 348 0 0
309 348 0 0
308 348 0 0
307 348 0 0
306 348 0 0
305 348 0 0
304 348 0 0
311 347 0 0
310 347 0 0
309 347 0 0
308 347 0 0
307 347 0 0
306 347 0 0
311 346 0 0
310 346 0 0
309 346 0 0
308 346 0 0
307 346 0 0
306 346 0 0
312 345 0 0
311 345 0 0
310 345 0 0
309 345 0 0
308 345 0 0
307 345 0 0
313 344 0 0
312 344 0 0
311 344 0 0
310 344 0 0
309 344 0 0
308 344 0 0
316 343 0 0
315 343 0 0
314 343 0 0
313 343 0 0
312 343 0 0
311 343 0 0
310 343 0 0
309 343 0 0
317 342 0 0
316 342 0 0
315 342 0 0
314 342 0 0
313 342 0 0
312 342 0 0
311 342 0 0
317 341 0 0
316 341 0 0
315 341 0 0
314 341 0 0
313 341 0 0
312 341 0 0
311 341 0 0
318 340 0 0
317 340 0 0
316 340 0 0
315 340 0 0
314 340 0 0
313 340 0 0
312 340 0 0
319 339 0 0
318 339 0 0
317 339 0 0
316 339 0 0
315 339 0 0
314 339 0 0
313 339 0 0
321 338 0 0
320 338 0 0
319 338 0 0
318 338 0 0
317 338 0 0
316 338 0 0
315 338 0 0
314 338 0 0
322 337 0 0
321 337 0 0
320 337 0 0
319 337 0 0
318 337 0 0
317 337 0 0
316 337 0 0
315 337 0 0
323 336 0 0
322 336 0 0
321 336 0 0
320 336 0 0
319 336 0 0
318 336 0 0
317 336 0 0
323 335 0 0
322 335 0 0
321 335 0 0
320 335 0 0
319 335 0 0
318 335 0 0
317 335 0 0
324 334 0 0
323 334 0 0
322 334 0 0
321 334 0 0
320 334 0 0
319 334 0 0
318 334 0 0
325 333 0 0
324 333 0 0
323 333 0 0
322 333 0 0
321 333 0 0
320 333 0 0
319 333 0 0
327 332 0 0
326 332 0 0
325 332 0 0
324 332 0 0
323 332 0 0
322 332 0 0
321 332 0 0
320 332 0 0
328 331 0 0
327 331 0 0
326 331 0 0
325 331 0 0
324 331 0 0
323 331 0 0
322 331 0 0
328 330 0 0
327 330 0 0
326 330 0 0
325 330 0 0
324 330 0 0
323 330 0 0
322 330 0 0
329 329 0 0
328 329 0 0
327 329 0 0
326 329 0 0
325 329 0 0
324 329 0 0
323 329 0 0
330 328 0 0
329 328 0 0
328 328 0 0
327 328 0 0
326 328 0 0
325 328 0 0
324 328 0 0
332 327 0 0
331 327 0 0
330 327 0 0
329 327 0 0
328 327 0 0
327 327 0 0
326 327 0 0
325 327 0 0
333 326 0 0
332 326 0 0
331 326 0 0
330 326 0 0
329 326 0 0
328 326 0 0
327 326 0 0
326 326 0 0
334 325 0 0
333 325 0 0
332 325 0 0
331 325 0 0
330 325 0 0
329 325 0 0
328 325 0 0
334 324 0 0
333 324 0 0
332 324 0 0
331 324 0 0
330 324 0 0
329 324 0 0
328 324 0 0
335 323 0 0
334 323 0 0
333 323 0 0
332 323 0 0
331 323 0 0
330 323 0 0
329 323 0 0
338 322 0 0
337 322 0 0
336 322 0 0
335 322 0 0
334 322 0 0
333 322 0 0
332 322 0 0
331 322 0 0
330 322 0 0
339 321 0 0
338 321 0 0
337 321 0 0
336 321 0 0
335 321 0 0
334 321 0 0
333 321 0 0
340 320 0 0
339 320 0 0
338 320 0 0
337 320 0 0
336 320 0 0
335 320 0 0
334 320 0 0
340 319 0 0
339 319 0 0
338 319 0 0
337 319 0 0
336 319 0 0
335 319 0 0
340 318 0 0
339 318 0 0
338 318 0 0
337 318 0 0
336 318 0 0
335 318 0 0
341 317 0 0
340 317 0 0
339 317 0 0
338 317 0 0
337 317 0 0
336 317 0 0
344 316 0 0
343 316 0 0
342 316 0 0
341 316 0 0
340 316 0 0
339 316 0 0
338 316 0 0
337 316 0 0
345 315 0 0
344 315 0 0
343 315 0 0
342 315 0 0
341 315 0 0
340 315 0 0
339 315 0 0
346 314 0 0
345 314 0 0
344 314 0 0
343 314 0 0
342 314 0 0
341 314 0 0
340 314 0 0
346 313 0 0
345 313 0 0
344 313 0 0
343 313 0 0
342 313 0 0
341 313 0 0
340 313 0 0
348 312 0 0
347 312 0 0
346 312 0 0
345 312 0 0
344 312 0 0
343 312 0 0
342 312 0 0
341 312 0 0
349 311 0 0
348 311 0 0
347 311 0 0
346 311 0 0
345 311 0 0
344 311 0 0
343 311 0 0
342 311 0 0
350 310 0 0
349 310 0 0
348 310 0 0
347 310 0 0
346 310 0 0
345 310 0 0
344 310 0 0
351 309 0 0
350 309 0 0
349 309 0 0
348 309 0 0
347 309 0 0
346 309 0 0
345 309 0 0
352 308 0 0
351 308 0 0
350 308 0 0
349 308 0 0
348 308 0 0
347 308 0 0
346 308 0 0
352 307 0 0
351 307 0 0
350 307 0 0
349 307 0 0
348 307 0 0
347 307 0 0
346 307 0 0
354 306 0 0
353 306 0 0
352 306 0 0
351 306 0 0
350 306 0 0
349 306 0 0
348 306 0 0
347 306 0 0
355 305 0 0
354 305 0 0
353 305 0 0
352 305 0 0
351 305 0 0
350 305 0 0
349 305 0 0
356 304 0 0
355 304 0 0
354 304 0 0
353 304 0 0
352 304 0 0
351 304 0 0
350 304 0 0
357 303 0 0
356 303 0 0
355 303 0 0
354 303 0 0
353 303 0 0
352 303 0 0
351 303 0 0
357 302 0 0
356 302 0 0
355 302 0 0
354 302 0 0
353 302 0 0
352 302 0 0
351 302 0 0
359 301 0 0
358 301 0 0
357 301 0 0
356 301 0 0
355 301 0 0
354 301 0 0
353 301 0 0
352 301 0 0
360 300 0 0
359 300 0 0
358 300 0 0
357 300 0 0
356 300 0 0
355 300 0 0
354 300 0 0
353 300 0 0
361 299 0 0
360 299 0 0
359 299 0 0
358 299 0 0
357 299 0 0
356 299 0 0
355 299 0 0
362 298 0 0
361 298 0 0
360 298 0 0
359 298 0 0
358 298 0 0
357 298 0 0
356 298 0 0
363 297 0 0
362 297 0 0
361 297 0 0
360 297 0 0
359 297 0 0
358 297 0 0
363 296 0 0
362 296 0 0
361 296 0 0
360 296 0 0
359 296 0 0
358 296 0 0
363 295 0 0
362 295 0 0
361 295 0 0
360 295 0 0
359 295 0 0
358 295 0 0
365 294 0 0
364 294 0 0
363 294 0 0
362 294 0 0
361 294 0 0
360 294 0 0
359 294 0 0
358 294 0 0
365 293 0 0
364 293 0 0
363 293 0 0
362 293 0 0
361 293 0 0
360 293 0 0
365 292 0 0
364 292 0 0
363 292 0 0
362 292 0 0
361 292 0 0
360 292 0 0
365 291 0 0
364 291 0 0
363 291 0 0
362 291 0 0
361 291 0 0
360 291 0 0
365 290 0 0
364 290 0 0
363 290 0 0
362 290 0 0
361 290 0 0
360 290 0 0
363 289 0 0
362 289 0 0
361 289 0 0
362 288 0 0
262 262 0 1
263 261 0 1
262 261 0 1
261 261 0 1
260 261 0 1
264 260 0 1
263 260 0 1
262 260 0 1
261 260 0 1
260 260 0 1
259 260 0 1
264 259 0 1
263 259 0 1
262 259 0 1
261 259 0 1
260 259 0 1
259 259 0 1
264 258 0 1
263 258 0 1
262 258 0 1
261 258 0 1
260 258 0 1
259 258 0 1
258 258 0 1
264 257 0 1
263 257 0 1
262 257 0 1
261 257 0 1
260 257 0 1
259 257 0 1
258 257 0 1
263 256 0 1
262 256 0 1
261 256 0 1
260 256 0 1
259 256 0 1
258 256 0 1
262 255 0 1
261 255 0 1
260 255 0 1
259 255 0 1
258 255 0 1
257 255 0 1
262 254 0 1
261 254 0 1
260 254 0 1
259 254 0 1
258 254 0 1
257 254 0 1
261 253 0 1
260 253 0 1
259 253 0 1
258 253 0 1
257 253 0 1
256 253 0 1
261 252 0 1
260 252 0 1
259 252 0 1
258 252 0 1
257 252 0 1
256 252 0 1
261 251 0 1
260 251 0 1
259 251 0 1
258 251 0 1
257 251 0 1
256 251 0 1
261 250 0 1
260 250 0 1
259 250 0 1
258 250 0 1
257 250 0 1
256 250 0 1
259 249 0 1
258 249 0 1
257 249 0 1
256 249 0 1
255 249 0 1
254 249 0 1
258 248 0 1
257 248 0 1
256 248 0 1
255 248 0 1
254 248 0 1
253 248 0 1
258 247 0 1
257 247 0 1
256 247 0 1
255 247 0 1
254 247 0 1
253 247 0 1
258 246 0 1
257 246 0 1
256 246 0 1
255 246 0 1
254 246 0 1
253 246 0 1
258 245 0 1
257 245 0 1
256 245 0 1
255 245 0 1
254 245 0 1
253 245 0 1
257 244 0 1
256 244 0 1
255 244 0 1
254 244 0 1
253 244 0 1
252 244 0 1
257 243 0 1
256 243 0 1
255 243 0 1
254 243 0 1
253 243 0 1
252 243 0 1
257 242 0 1
256 242 0 1
255 242 0 1
254 242 0 1
253 242 0 1
252 242 0 1
257 241 0 1
256 241 0 1
255 241 0 1
254 241 0 1
253 241 0 1
252 241 0 1
256 240 0 1
255 240 0 1
254 240 0 1
253 240 0 1
252 240 0 1
251 240 0 1
256 239 0 1
255 239 0 1
254 239 0 1
253 239 0 1
252 239 0 1
251 239 0 1
255 238 0 1
254 238 0 1
253 238 0 1
252 238 0 1
251 238 0 1
250 238 0 1
249 238 0 1
255 237 0 1
254 237 0 1
253 237 0 1
252 237 0 1
251 237 0 1
250 237 0 1
249 237 0 1
255 236 0 1
254 236 0 1
253 236 0 1
252 236 0 1
251 236 0 1
250 236 0 1
249 236 0 1
248 236 0 1
255 235 0 1
254 235 0 1
253 235 0 1
252 235 0 1
251 235 0 1
250 235 0 1
249 235 0 1
248 235 0 1
253 234 0 1
252 234 0 1
251 234 0 1
250 234 0 1
249 234 0 1
248 234 0 1
253 233 0 1
252 233 0 1
251 233 0 1
250 233 0 1
249 233 0 1
248 233 0 1
252 232 0 1
251 232 0 1
250 232 0 1
249 232 0 1
248 232 0 1
247 232 0 1
252 231 0 1
251 231 0 1
250 231 0 1
249 231 0 1
248 231 0 1
247 231 0 1
252 230 0 1
251 230 0 1
250 230 0 1
249 230 0 1
248 230 0 1
247 230 0 1
251 229 0 1
250 229 0 1
249 229 0 1
248 229 0 1
247 229 0 1
246 229 0 1
251 228 0 1
250 228 0 1
249 228 0 1
248 228 0 1
247 228 0 1
246 228 0 1
118 228 0 0
117 228 0 0
251 227 0 1
250 227 0 1
249 227 0 1
248 227 0 1
247 227 0 1
246 227 0 1
119 227 0 0
118 227 0 0
117 227 0 0
116 227 0 0
250 226 0 1
249 226 0 1
248 226 0 1
247 226 0 1
246 226 0 1
245 226 0 1
120 226 0 0
119 226 0 0
118 226 0 0
117 226 0 0
116 226 0 0
115 226 0 0
248 225 0 1
247 225 0 1
246 225 0 1
245 225 0 1
244 225 0 1
243 225 0 1
120 225 0 0
119 225 0 0
118 225 0 0
117 225 0 0
116 225 0 0
115 225 0 0
248 224 0 1
247 224 0 1
246 224 0 1
245 224 0 1
244 224 0 1
243 224 0 1
120 224 0 0
119 224 0 0
118 224 0 0
117 224 0 0
116 224 0 0
115 224 0 0
248 223 0 1
247 223 0 1
246 223 0 1
245 223 0 1
244 223 0 1
243 223 0 1
120 223 0 0
119 223 0 0
118 223 0 0
117 223 0 0
116 223 0 0
115 223 0 0
247 222 0 1
246 222 0 1
245 222 0 1
244 222 0 1
243 222 0 1
242 222 0 1
121 222 0 0
120 222 0 0
119 222 0 0
118 222 0 0
117 222 0 0
116 222 0 0
246 221 0 1
245 221 0 1
244 221 0 1
243 221 0 1
121 221 0 0
120 221 0 0
119 221 0 0
118 221 0 0
117 221 0 0
116 221 0 0
245 220 0 1
121 220 0 0
120 220 0 0
119 220 0 0
118 220 0 0
117 220 0 0
116 220 0 0
121 219 0 0
120 219 0 0
119 219 0 0
118 219 0 0
117 219 0 0
116 219 0 0
121 218 0 0
120 218 0 0
119 218 0 0
118 218 0 0
117 218 0 0
116 218 0 0
121 217 0 0
120 217 0 0
119 217 0 0
118 217 0 0
117 217 0 0
116 217 0 0
123 216 0 0
122 216 0 0
121 216 0 0
120 216 0 0
119 216 0 0
118 216 0 0
117 216 0 0
123 215 0 0
122 215 0 0
121 215 0 0
120 215 0 0
119 215 0 0
118 215 0 0
117 215 0 0
123 214 0 0
122 214 0 0
121 214 0 0
120 214 0 0
119 214 0 0
118 214 0 0
117 214 0 0
123 213 0 0
122 213 0 0
121 213 0 0
120 213 0 0
119 213 0 0
118 213 0 0
117 213 0 0
123 212 0 0
122 212 0 0
121 212 0 0
120 212 0 0
119 212 0 0
118 212 0 0
117 212 0 0
123 211 0 0
122 211 0 0
121 211 0 0
120 211 0 0
119 211 0 0
118 211 0 0
117 211 0 0
124 210 0 0
123 210 0 0
122 210 0 0
121 210 0 0
120 210 0 0
119 210 0 0
124 209 0 0
123 209 0 0
122 209 0 0
121 209 0 0
120 209 0 0
119 209 0 0
124 208 0 0
123 208 0 0
122 208 0 0
121 208 0 0
120 208 0 0
119 208 0 0
124 207 0 0
123 207 0 0
122 207 0 0
121 207 0 0
120 207 0 0
119 207 0 0
124 206 0 0
123 206 0 0
122 206 0 0
121 206 0 0
120 206 0 0
119 206 0 0
125 205 0 0
124 205 0 0
123 205 0 0
122 205 0 0
121 205 0 0
120 205 0 0
125 204 0 0
124 204 0 0
123 204 0 0
122 204 0 0
121 204 0 0
120 204 0 0
125 203 0 0
124 203 0 0
123 203 0 0
122 203 0 0
121 203 0 0
120 203 0 0
125 202 0 0
124 202 0 0
123 202 0 0
122 202 0 0
121 202 0 0
120 202 0 0
125 201 0 0
124 201 0 0
123 201 0 0
122 201 0 0
121 201 0 0
120 201 0 0
126 200 0 0
125 200 0 0
124 200 0 0
123 200 0 0
122 200 0 0
121 200 0 0
126 199 0 0
125 199 0 0
124 199 0 0
123 199 0 0
122 199 0 0
121 199 0 0
126 198 0 0
125 198 0 0
124 198 0 0
123 198 0 0
122 198 0 0
121 198 0 0
127 197 0 0
126 197 0 0
125 197 0 0
124 197 0 0
123 197 0 0
122 197 0 0
121 197 0 0
127 196 0 0
126 196 0 0
125 196 0 0
124 196 0 0
123 196 0 0
122 196 0 0
121 196 0 0
127 195 0 0
126 195 0 0
125 195 0 0
124 195 0 0
123 195 0 0
122 195 0 0
361 194 0 0
127 194 0 0
126 194 0 0
125 194 0 0
124 194 0 0
123 194 0 0
122 194 0 0
362 193 0 0
361 193 0 0
360 193 0 0
127 193 0 0
126 193 0 0
125 193 0 0
124 193 0 0
123 193 0 0
122 193 0 0
363 192 0 0
362 192 0 0
361 192 0 0
360 192 0 0
359 192 0 0
358 192 0 0
129 192 0 0
128 192 0 0
127 192 0 0
126 192 0 0
125 192 0 0
124 192 0 0
363 191 0 0
362 191 0 0
361 191 0 0
360 191 0 0
359 191 0 0
358 191 0 0
129 191 0 0
128 191 0 0
127 191 0 0
126 191 0 0
125 191 0 0
124 191 0 0
362 190 0 0
361 190 0 0
360 190 0 0
359 190 0 0
358 190 0 0
357 190 0 0
129 190 0 0
128 190 0 0
127 190 0 0
126 190 0 0
125 190 0 0
124 190 0 0
361 189 0 0
360 189 0 0
359 189 0 0
358 189 0 0
357 189 0 0
356 189 0 0
129 189 0 0
128 189 0 0
127 189 0 0
126 189 0 0
125 189 0 0
124 189 0 0
360 188 0 0
359 188 0 0
358 188 0 0
357 188 0 0
356 188 0 0
355 188 0 0
129 188 0 0
128 188 0 0
127 188 0 0
126 188 0 0
125 188 0 0
124 188 0 0
360 187 0 0
359 187 0 0
358 187 0 0
357 187 0 0
356 187 0 0
355 187 0 0
354 187 0 0
353 187 0 0
130 187 0 0
129 187 0 0
128 187 0 0
127 187 0 0
126 187 0 0
125 187 0 0
359 186 0 0
358 186 0 0
357 186 0 0
356 186 0 0
355 186 0 0
354 186 0 0
353 186 0 0
352 186 0 0
130 186 0 0
129 186 0 0
128 186 0 0
127 186 0 0
126 186 0 0
125 186 0 0
359 185 0 0
358 185 0 0
357 185 0 0
356 185 0 0
355 185 0 0
354 185 0 0
353 185 0 0
352 185 0 0
130 185 0 0
129 185 0 0
128 185 0 0
127 185 0 0
126 185 0 0
125 185 0 0
357 184 0 0
356 184 0 0
355 184 0 0
354 184 0 0
353 184 0 0
352 184 0 0
351 184 0 0
130 184 0 0
129 184 0 0
128 184 0 0
127 184 0 0
126 184 0 0
125 184 0 0
356 183 0 0
355 183 0 0
354 183 0 0
353 183 0 0
352 183 0 0
351 183 0 0
350 183 0 0
130 183 0 0
129 183 0 0
128 183 0 0
127 183 0 0
126 183 0 0
125 183 0 0
355 182 0 0
354 182 0 0
353 182 0 0
352 182 0 0
351 182 0 0
350 182 0 0
131 182 0 0
130 182 0 0
129 182 0 0
128 182 0 0
127 182 0 0
126 182 0 0
354 181 0 0
353 181 0 0
352 181 0 0
351 181 0 0
350 181 0 0
349 181 0 0
131 181 0 0
130 181 0 0
129 181 0 0
128 181 0 0
127 181 0 0
126 181 0 0
354 180 0 0
353 180 0 0
352 180 0 0
351 180 0 0
350 180 0 0
349 180 0 0
131 180 0 0
130 180 0 0
129 180 0 0
128 180 0 0
127 180 0 0
126 180 0 0
354 179 0 0
353 179 0 0
352 179 0 0
351 179 0 0
350 179 0 0
349 179 0 0
348 179 0 0
347 179 0 0
131 179 0 0
130 179 0 0
129 179 0 0
128 179 0 0
127 179 0 0
126 179 0 0
352 178 0 0
351 178 0 0
350 178 0 0
349 178 0 0
348 178 0 0
347 178 0 0
346 178 0 0
131 178 0 0
130 178 0 0
129 178 0 0
128 178 0 0
127 178 0 0
126 178 0 0
351 177 0 0
350 177 0 0
349 177 0 0
348 177 0 0
347 177 0 0
346 177 0 0
345 177 0 0
132 177 0 0
131 177 0 0
130 177 0 0
129 177 0 0
128 177 0 0
127 177 0 0
350 176 0 0
349 176 0 0
348 176 0 0
347 176 0 0
346 176 0 0
345 176 0 0
344 176 0 0
132 176 0 0
131 176 0 0
130 176 0 0
129 176 0 0
128 176 0 0
127 176 0 0
349 175 0 0
348 175 0 0
347 175 0 0
346 175 0 0
345 175 0 0
344 175 0 0
132 175 0 0
131 175 0 0
130 175 0 0
129 175 0 0
128 175 0 0
127 175 0 0
349 174 0 0
348 174 0 0
347 174 0 0
346 174 0 0
345 174 0 0
344 174 0 0
132 174 0 0
131 174 0 0
130 174 0 0
129 174 0 0
128 174 0 0
127 174 0 0
348 173 0 0
347 173 0 0
346 173 0 0
345 173 0 0
344 173 0 0
343 173 0 0
342 173 0 0
132 173 0 0
131 173 0 0
130 173 0 0
129 173 0 0
128 173 0 0
127 173 0 0
346 172 0 0
345 172 0 0
344 172 0 0
343 172 0 0
342 172 0 0
341 172 0 0
134 172 0 0
133 172 0 0
132 172 0 0
131 172 0 0
130 172 0 0
129 172 0 0
128 172 0 0
345 171 0 0
344 171 0 0
343 171 0 0
342 171 0 0
341 171 0 0
340 171 0 0
134 171 0 0
133 171 0 0
132 171 0 0
131 171 0 0
130 171 0 0
129 171 0 0
128 171 0 0
344 170 0 0
343 170 0 0
342 170 0 0
341 170 0 0
340 170 0 0
339 170 0 0
134 170 0 0
133 170 0 0
132 170 0 0
131 170 0 0
130 170 0 0
129 170 0 0
128 170 0 0
344 169 0 0
343 169 0 0
342 169 0 0
341 169 0 0
340 169 0 0
339 169 0 0
338 169 0 0
337 169 0 0
134 169 0 0
133 169 0 0
132 169 0 0
131 169 0 0
130 169 0 0
129 169 0 0
128 169 0 0
344 168 0 0
343 168 0 0
342 168 0 0
341 168 0 0
340 168 0 0
339 168 0 0
338 168 0 0
337 168 0 0
134 168 0 0
133 168 0 0
132 168 0 0
131 168 0 0
130 168 0 0
129 168 0 0
128 168 0 0
343 167 0 0
342 167 0 0
341 167 0 0
340 167 0 0
339 167 0 0
338 167 0 0
337 167 0 0
336 167 0 0
135 167 0 0
134 167 0 0
133 167 0 0
132 167 0 0
131 167 0 0
130 167 0 0
341 166 0 0
340 166 0 0
339 166 0 0
338 166 0 0
337 166 0 0
336 166 0 0
335 166 0 0
135 166 0 0
134 166 0 0
133 166 0 0
132 166 0 0
131 166 0 0
130 166 0 0
340 165 0 0
339 165 0 0
338 165 0 0
337 165 0 0
336 165 0 0
335 165 0 0
334 165 0 0
135 165 0 0
134 165 0 0
133 165 0 0
132 165 0 0
131 165 0 0
130 165 0 0
339 164 0 0
338 164 0 0
337 164 0 0
336 164 0 0
335 164 0 0
334 164 0 0
136 164 0 0
135 164 0 0
134 164 0 0
133 164 0 0
132 164 0 0
131 164 0 0
130 164 0 0
339 163 0 0
338 163 0 0
337 163 0 0
336 163 0 0
335 163 0 0
334 163 0 0
136 163 0 0
135 163 0 0
134 163 0 0
133 163 0 0
132 163 0 0
131 163 0 0
130 163 0 0
338 162 0 0
337 162 0 0
336 162 0 0
335 162 0 0
334 162 0 0
333 162 0 0
136 162 0 0
135 162 0 0
134 162 0 0
133 162 0 0
132 162 0 0
131 162 0 0
336 161 0 0
335 161 0 0
334 161 0 0
333 161 0 0
332 161 0 0
331 161 0 0
136 161 0 0
135 161 0 0
134 161 0 0
133 161 0 0
132 161 0 0
131 161 0 0
335 160 0 0
334 160 0 0
333 160 0 0
332 160 0 0
331 160 0 0
330 160 0 0
136 160 0 0
135 160 0 0
134 160 0 0
133 160 0 0
132 160 0 0
131 160 0 0
335 159 0 0
334 159 0 0
333 159 0 0
332 159 0 0
331 159 0 0
330 159 0 0
329 159 0 0
137 159 0 0
136 159 0 0
135 159 0 0
134 159 0 0
133 159 0 0
132 159 0 0
334 158 0 0
333 158 0 0
332 158 0 0
331 158 0 0
330 158 0 0
329 158 0 0
328 158 0 0
137 158 0 0
136 158 0 0
135 158 0 0
134 158 0 0
133 158 0 0
132 158 0 0
334 157 0 0
333 157 0 0
332 157 0 0
331 157 0 0
330 157 0 0
329 157 0 0
328 157 0 0
137 157 0 0
136 157 0 0
135 157 0 0
134 157 0 0
133 157 0 0
132 157 0 0
333 156 0 0
332 156 0 0
331 156 0 0
330 156 0 0
329 156 0 0
328 156 0 0
137 156 0 0
136 156 0 0
135 156 0 0
134 156 0 0
133 156 0 0
132 156 0 0
332 155 0 0
331 155 0 0
330 155 0 0
329 155 0 0
328 155 0 0
327 155 0 0
326 155 0 0
137 155 0 0
136 155 0 0
135 155 0 0
134 155 0 0
133 155 0 0
132 155 0 0
330 154 0 0
329 154 0 0
328 154 0 0
327 154 0 0
326 154 0 0
325 154 0 0
138 154 0 0
137 154 0 0
136 154 0 0
135 154 0 0
134 154 0 0
133 154 0 0
329 153 0 0
328 153 0 0
327 153 0 0
326 153 0 0
325 153 0 0
324 153 0 0
138 153 0 0
137 153 0 0
136 153 0 0
135 153 0 0
134 153 0 0
133 153 0 0
329 152 0 0
328 152 0 0
327 152 0 0
326 152 0 0
325 152 0 0
324 152 0 0
138 152 0 0
137 152 0 0
136 152 0 0
135 152 0 0
134 152 0 0
133 152 0 0
328 151 0 0
327 151 0 0
326 151 0 0
325 151 0 0
324 151 0 0
323 151 0 0
138 151 0 0
137 151 0 0
136 151 0 0
135 151 0 0
134 151 0 0
133 151 0 0
328 150 0 0
327 150 0 0
326 150 0 0
325 150 0 0
324 150 0 0
323 150 0 0
322 150 0 0
138 150 0 0
137 150 0 0
136 150 0 0
135 150 0 0
134 150 0 0
133 150 0 0
327 149 0 0
326 149 0 0
325 149 0 0
324 149 0 0
323 149 0 0
322 149 0 0
321 149 0 0
320 149 0 0
140 149 0 0
139 149 0 0
138 149 0 0
137 149 0 0
136 149 0 0
135 149 0 0
325 148 0 0
324 148 0 0
323 148 0 0
322 148 0 0
321 148 0 0
320 148 0 0
319 148 0 0
140 148 0 0
139 148 0 0
138 148 0 0
137 148 0 0
136 148 0 0
135 148 0 0
324 147 0 0
323 147 0 0
322 147 0 0
321 147 0 0
320 147 0 0
319 147 0 0
318 147 0 0
140 147 0 0
139 147 0 0
138 147 0 0
137 147 0 0
136 147 0 0
135 147 0 0
324 146 0 0
323 146 0 0
322 146 0 0
321 146 0 0
320 146 0 0
319 146 0 0
318 146 0 0
140 146 0 0
139 146 0 0
138 146 0 0
137 146 0 0
136 146 0 0
135 146 0 0
323 145 0 0
322 145 0 0
321 145 0 0
320 145 0 0
319 145 0 0
318 145 0 0
140 145 0 0
139 145 0 0
138 145 0 0
137 145 0 0
136 145 0 0
135 145 0 0
322 144 0 0
321 144 0 0
320 144 0 0
319 144 0 0
318 144 0 0
317 144 0 0
141 144 0 0
140 144 0 0
139 144 0 0
138 144 0 0
137 144 0 0
136 144 0 0
321 143 0 0
320 143 0 0
319 143 0 0
318 143 0 0
317 143 0 0
316 143 0 0
315 143 0 0
141 143 0 0
140 143 0 0
139 143 0 0
138 143 0 0
137 143 0 0
136 143 0 0
319 142 0 0
318 142 0 0
317 142 0 0
316 142 0 0
315 142 0 0
314 142 0 0
141 142 0 0
140 142 0 0
139 142 0 0
138 142 0 0
137 142 0 0
136 142 0 0
319 141 0 0
318 141 0 0
317 141 0 0
316 141 0 0
315 141 0 0
314 141 0 0
141 141 0 0
140 141 0 0
139 141 0 0
138 141 0 0
137 141 0 0
136 141 0 0
318 140 0 0
317 140 0 0
316 140 0 0
315 140 0 0
314 140 0 0
313 140 0 0
141 140 0 0
140 140 0 0
139 140 0 0
138 140 0 0
137 140 0 0
136 140 0 0
318 139 0 0
317 139 0 0
316 139 0 0
315 139 0 0
314 139 0 0
313 139 0 0
312 139 0 0
142 139 0 0
141 139 0 0
140 139 0 0
139 139 0 0
138 139 0 0
137 139 0 0
317 138 0 0
316 138 0 0
315 138 0 0
314 138 0 0
313 138 0 0
312 138 0 0
311 138 0 0
142 138 0 0
141 138 0 0
140 138 0 0
139 138 0 0
138 138 0 0
137 138 0 0
316 137 0 0
315 137 0 0
314 137 0 0
313 137 0 0
312 137 0 0
311 137 0 0
142 137 0 0
141 137 0 0
140 137 0 0
139 137 0 0
138 137 0 0
137 137 0 0
314 136 0 0
313 136 0 0
312 136 0 0
311 136 0 0
310 136 0 0
309 136 0 0
142 136 0 0
141 136 0 0
140 136 0 0
139 136 0 0
138 136 0 0
137 136 0 0
314 135 0 0
313 135 0 0
312 135 0 0
311 135 0 0
310 135 0 0
309 135 0 0
142 135 0 0
141 135 0 0
140 135 0 0
139 135 0 0
138 135 0 0
137 135 0 0
313 134 0 0
312 134 0 0
311 134 0 0
310 134 0 0
309 134 0 0
308 134 0 0
143 134 0 0
142 134 0 0
141 134 0 0
140 134 0 0
139 134 0 0
138 134 0 0
312 133 0 0
311 133 0 0
310 133 0 0
309 133 0 0
308 133 0 0
307 133 0 0
143 133 0 0
142 133 0 0
141 133 0 0
140 133 0 0
139 133 0 0
138 133 0 0
312 132 0 0
311 132 0 0
310 132 0 0
309 132 0 0
308 132 0 0
307 132 0 0
306 132 0 0
143 132 0 0
142 132 0 0
141 132 0 0
140 132 0 0
139 132 0 0
138 132 0 0
311 131 0 0
310 131 0 0
309 131 0 0
308 131 0 0
307 131 0 0
306 131 0 0
305 131 0 0
304 131 0 0
145 131 0 0
144 131 0 0
143 131 0 0
142 131 0 0
141 131 0 0
140 131 0 0
139 131 0 0
138 131 0 0
311 130 0 0
310 130 0 0
309 130 0 0
308 130 0 0
307 130 0 0
306 130 0 0
305 130 0 0
304 130 0 0
145 130 0 0
144 130 0 0
143 130 0 0
142 130 0 0
141 130 0 0
140 130 0 0
139 130 0 0
138 130 0 0
310 129 0 0
309 129 0 0
308 129 0 0
307 129 0 0
306 129 0 0
305 129 0 0
304 129 0 0
303 129 0 0
145 129 0 0
144 129 0 0
143 129 0 0
142 129 0 0
141 129 0 0
140 129 0 0
139 129 0 0
308 128 0 0
307 128 0 0
306 128 0 0
305 128 0 0
304 128 0 0
303 128 0 0
302 128 0 0
145 128 0 0
144 128 0 0
143 128 0 0
142 128 0 0
141 128 0 0
140 128 0 0
139 128 0 0
307 127 0 0
306 127 0 0
305 127 0 0
304 127 0 0
303 127 0 0
302 127 0 0
145 127 0 0
144 127 0 0
143 127 0 0
142 127 0 0
141 127 0 0
140 127 0 0
139 127 0 0
306 126 0 0
305 126 0 0
304 126 0 0
303 126 0 0
302 126 0 0
301 126 0 0
146 126 0 0
145 126 0 0
144 126 0 0
143 126 0 0
142 126 0 0
141 126 0 0
305 125 0 0
304 125 0 0
303 125 0 0
302 125 0 0
301 125 0 0
300 125 0 0
146 125 0 0
145 125 0 0
144 125 0 0
143 125 0 0
142 125 0 0
141 125 0 0
305 124 0 0
304 124 0 0
303 124 0 0
302 124 0 0
301 124 0 0
300 124 0 0
146 124 0 0
145 124 0 0
144 124 0 0
143 124 0 0
142 124 0 0
141 124 0 0
303 123 0 0
302 123 0 0
301 123 0 0
300 123 0 0
299 123 0 0
298 123 0 0
146 123 0 0
145 123 0 0
144 123 0 0
143 123 0 0
142 123 0 0
141 123 0 0
302 122 0 0
301 122 0 0
300 122 0 0
299 122 0 0
298 122 0 0
297 122 0 0
146 122 0 0
145 122 0 0
144 122 0 0
143 122 0 0
142 122 0 0
141 122 0 0
302 121 0 0
301 121 0 0
300 121 0 0
299 121 0 0
298 121 0 0
297 121 0 0
296 121 0 0
147 121 0 0
146 121 0 0
145 121 0 0
144 121 0 0
143 121 0 0
142 121 0 0
301 120 0 0
300 120 0 0
299 120 0 0
298 120 0 0
297 120 0 0
296 120 0 0
295 120 0 0
147 120 0 0
146 120 0 0
145 120 0 0
144 120 0 0
143 120 0 0
142 120 0 0
300 119 0 0
299 119 0 0
298 119 0 0
297 119 0 0
296 119 0 0
295 119 0 0
294 119 0 0
293 119 0 0
147 119 0 0
146 119 0 0
145 119 0 0
144 119 0 0
143 119 0 0
142 119 0 0
300 118 0 0
299 118 0 0
298 118 0 0
297 118 0 0
296 118 0 0
295 118 0 0
294 118 0 0
293 118 0 0
147 118 0 0
146 118 0 0
145 118 0 0
144 118 0 0
143 118 0 0
142 118 0 0
299 117 0 0
298 117 0 0
297 117 0 0
296 117 0 0
295 117 0 0
294 117 0 0
293 117 0 0
292 117 0 0
147 117 0 0
146 117 0 0
145 117 0 0
144 117 0 0
143 117 0 0
142 117 0 0
297 116 0 0
296 116 0 0
295 116 0 0
294 116 0 0
293 116 0 0
292 116 0 0
148 116 0 0
147 116 0 0
146 116 0 0
145 116 0 0
144 116 0 0
143 116 0 0
296 115 0 0
295 115 0 0
294 115 0 0
293 115 0 0
292 115 0 0
291 115 0 0
148 115 0 0
147 115 0 0
146 115 0 0
145 115 0 0
144 115 0 0
143 115 0 0
296 114 0 0
295 114 0 0
294 114 0 0
293 114 0 0
292 114 0 0
291 114 0 0
290 114 0 0
148 114 0 0
147 114 0 0
146 114 0 0
145 114 0 0
144 114 0 0
143 114 0 0
296 113 0 0
295 113 0 0
294 113 0 0
293 113 0 0
292 113 0 0
291 113 0 0
290 113 0 0
148 113 0 0
147 113 0 0
146 113 0 0
145 113 0 0
144 113 0 0
143 113 0 0
295 112 0 0
294 112 0 0
293 112 0 0
292 112 0 0
291 112 0 0
290 112 0 0
289 112 0 0
148 112 0 0
147 112 0 0
146 112 0 0
145 112 0 0
144 112 0 0
143 112 0 0
294 111 0 0
293 111 0 0
292 111 0 0
291 111 0 0
290 111 0 0
289 111 0 0
288 111 0 0
287 111 0 0
149 111 0 0
148 111 0 0
147 111 0 0
146 111 0 0
145 111 0 0
144 111 0 0
292 110 0 0
291 110 0 0
290 110 0 0
289 110 0 0
288 110 0 0
287 110 0 0
286 110 0 0
149 110 0 0
148 110 0 0
147 110 0 0
146 110 0 0
145 110 0 0
144 110 0 0
291 109 0 0
290 109 0 0
289 109 0 0
288 109 0 0
287 109 0 0
286 109 0 0
149 109 0 0
148 109 0 0
147 109 0 0
146 109 0 0
145 109 0 0
144 109 0 0
290 108 0 0
289 108 0 0
288 108 0 0
287 108 0 0
286 108 0 0
285 108 0 0
284 108 0 0
149 108 0 0
148 108 0 0
147 108 0 0
146 108 0 0
145 108 0 0
144 108 0 0
290 107 0 0
289 107 0 0
288 107 0 0
287 107 0 0
286 107 0 0
285 107 0 0
284 107 0 0
149 107 0 0
148 107 0 0
147 107 0 0
146 107 0 0
145 107 0 0
144 107 0 0
289 106 0 0
288 106 0 0
287 106 0 0
286 106 0 0
285 106 0 0
284 106 0 0
283 106 0 0
282 106 0 0
281 106 0 0
151 106 0 0
150 106 0 0
149 106 0 0
148 106 0 0
147 106 0 0
146 106 0 0
288 105 0 0
287 105 0 0
286 105 0 0
285 105 0 0
284 105 0 0
283 105 0 0
282 105 0 0
281 105 0 0
280 105 0 0
279 105 0 0
151 105 0 0
150 105 0 0
149 105 0 0
148 105 0 0
147 105 0 0
146 105 0 0
286 104 0 0
285 104 0 0
284 104 0 0
283 104 0 0
282 104 0 0
281 104 0 0
280 104 0 0
279 104 0 0
278 104 0 0
277 104 0 0
276 104 0 0
275 104 0 0
151 104 0 0
150 104 0 0
149 104 0 0
148 104 0 0
147 104 0 0
146 104 0 0
285 103 0 0
284 103 0 0
283 103 0 0
282 103 0 0
281 103 0 0
280 103 0 0
279 103 0 0
278 103 0 0
277 103 0 0
276 103 0 0
275 103 0 0
274 103 0 0
151 103 0 0
150 103 0 0
149 103 0 0
148 103 0 0
147 103 0 0
146 103 0 0
285 102 0 0
284 102 0 0
283 102 0 0
282 102 0 0
281 102 0 0
280 102 0 0
279 102 0 0
278 102 0 0
277 102 0 0
276 102 0 0
275 102 0 0
274 102 0 0
151 102 0 0
150 102 0 0
149 102 0 0
148 102 0 0
147 102 0 0
146 102 0 0
283 101 0 0
282 101 0 0
281 101 0 0
280 101 0 0
279 101 0 0
278 101 0 0
277 101 0 0
276 101 0 0
275 101 0 0
274 101 0 0
273 101 0 0
272 101 0 0
271 101 0 0
152 101 0 0
151 101 0 0
150 101 0 0
149 101 0 0
148 101 0 0
147 101 0 0
281 100 0 0
280 100 0 0
279 100 0 0
278 100 0 0
277 100 0 0
276 100 0 0
275 100 0 0
274 100 0 0
273 100 0 0
272 100 0 0
271 100 0 0
270 100 0 0
152 100 0 0
151 100 0 0
150 100 0 0
149 100 0 0
148 100 0 0
147 100 0 0
278 99 0 0
277 99 0 0
276 99 0 0
275 99 0 0
274 99 0 0
273 99 0 0
272 99 0 0
271 99 0 0
270 99 0 0
269 99 0 0
152 99 0 0
151 99 0 0
150 99 0 0
149 99 0 0
148 99 0 0
147 99 0 0
275 98 0 0
274 98 0 0
273 98 0 0
272 98 0 0
271 98 0 0
270 98 0 0
153 98 0 0
152 98 0 0
151 98 0 0
150 98 0 0
149 98 0 0
148 98 0 0
147 98 0 0
273 97 0 0
272 97 0 0
271 97 0 0
153 97 0 0
152 97 0 0
151 97 0 0
150 97 0 0
149 97 0 0
148 97 0 0
273 96 0 0
272 96 0 0
271 96 0 0
153 96 0 0
152 96 0 0
151 96 0 0
150 96 0 0
149 96 0 0
148 96 0 0
153 95 0 0
152 95 0 0
151 95 0 0
150 95 0 0
149 95 0 0
148 95 0 0
153 94 0 0
152 94 0 0
151 94 0 0
150 94 0 0
149 94 0 0
148 94 0 0
154 93 0 0
153 93 0 0
152 93 0 0
151 93 0 0
150 93 0 0
149 93 0 0
154 92 0 0
153 92 0 0
152 92 0 0
151 92 0 0
150 92 0 0
149 92 0 0
154 91 0 0
153 91 0 0
152 91 0 0
151 91 0 0
150 91 0 0
149 91 0 0
154 90 0 0
153 90 0 0
152 90 0 0
151 90 0 0
150 90 0 0
149 90 0 0
154 89 0 0
153 89 0 0
152 89 0 0
151 89 0 0
150 89 0 0
149 89 0 0
156 88 0 0
155 88 0 0
154 88 0 0
153 88 0 0
152 88 0 0
151 88 0 0
150 88 0 0
156 87 0 0
155 87 0 0
154 87 0 0
153 87 0 0
152 87 0 0
151 87 0 0
150 87 0 0
156 86 0 0
155 86 0 0
154 86 0 0
153 86 0 0
152 86 0 0
151 86 0 0
150 86 0 0
156 85 0 0
155 85 0 0
154 85 0 0
153 85 0 0
152 85 0 0
151 85 0 0
150 85 0 0
156 84 0 0
155 84 0 0
154 84 0 0
153 84 0 0
152 84 0 0
151 84 0 0
150 84 0 0
157 83 0 0
156 83 0 0
155 83 0 0
154 83 0 0
153 83 0 0
152 83 0 0
157 82 0 0
156 82 0 0
155 82 0 0
154 82 0 0
153 82 0 0
152 82 0 0
157 81 0 0
156 81 0 0
155 81 0 0
154 81 0 0
153 81 0 0
152 81 0 0
157 80 0 0
156 80 0 0
155 80 0 0
154 80 0 0
153 80 0 0
152 80 0 0
157 79 0 0
156 79 0 0
155 79 0 0
154 79 0 0
153 79 0 0
152 79 0 0
157 78 0 0
156 78 0 0
155 78 0 0
154 78 0 0
153 78 0 0
152 78 0 0
157 77 0 0
156 77 0 0
155 77 0 0
154 77 0 0
153 77 0 0
152 77 0 0
157 76 0 0
156 76 0 0
155 76 0 0
154 76 0 0
153 76 0 0
152 76 0 0
156 75 0 0
155 75 0 0
154 75 0 0
153 75 0 0
156 74 0 0
155 74 0 0
154 74 0 0
153 74 0 0
154 73 0 0
