3194 450 600
248 533 0 1
250 532 0 1
249 532 0 1
248 532 0 1
247 532 0 1
251 531 0 1
250 531 0 1
249 531 0 1
248 531 0 1
247 531 0 1
246 531 0 1
251 530 0 1
250 530 0 1
249 530 0 1
248 530 0 1
247 530 0 1
246 530 0 1
251 529 0 1
250 529 0 1
249 529 0 1
248 529 0 1
247 529 0 1
246 529 0 1
245 529 0 1
251 528 0 1
250 528 0 1
249 528 0 1
248 528 0 1
247 528 0 1
246 528 0 1
245 528 0 1
244 528 0 1
243 528 0 1
250 527 0 1
249 527 0 1
248 527 0 1
247 527 0 1
246 527 0 1
245 527 0 1
244 527 0 1
243 527 0 1
242 527 0 1
241 527 0 1
248 526 0 1
247 526 0 1
246 526 0 1
245 526 0 1
244 526 0 1
243 526 0 1
242 526 0 1
241 526 0 1
240 526 0 1
239 526 0 1
238 526 0 1
237 526 0 1
246 525 0 1
245 525 0 1
244 525 0 1
243 525 0 1
242 525 0 1
241 525 0 1
240 525 0 1
239 525 0 1
238 525 0 1
237 525 0 1
236 525 0 1
235 525 0 1
246 524 0 1
245 524 0 1
244 524 0 1
243 524 0 1
242 524 0 1
241 524 0 1
240 524 0 1
239 524 0 1
238 524 0 1
237 524 0 1
236 524 0 1
235 524 0 1
244 523 0 1
243 523 0 1
242 523 0 1
241 523 0 1
240 523 0 1
239 523 0 1
238 523 0 1
237 523 0 1
236 523 0 1
235 523 0 1
234 523 0 1
242 522 0 1
241 522 0 1
240 522 0 1
239 522 0 1
238 522 0 1
237 522 0 1
236 522 0 1
235 522 0 1
234 522 0 1
233 522 0 1
232 522 0 1
231 522 0 1
240 521 0 1
239 521 0 1
238 521 0 1
237 521 0 1
236 521 0 1
235 521 0 1
234 521 0 1
233 521 0 1
232 521 0 1
231 521 0 1
230 521 0 1
229 521 0 1
228 521 0 1
227 521 0 1
236 520 0 1
235 520 0 1
234 520 0 1
233 520 0 1
232 520 0 1
231 520 0 1
230 520 0 1
229 520 0 1
228 520 0 1
227 520 0 1
226 520 0 1
225 520 0 1
234 519 0 1
233 519 0 1
232 519 0 1
231 519 0 1
230 519 0 1
229 519 0 1
228 519 0 1
227 519 0 1
226 519 0 1
225 519 0 1
224 519 0 1
234 518 0 1
233 518 0 1
232 518 0 1
231 518 0 1
230 518 0 1
229 518 0 1
228 518 0 1
227 518 0 1
226 518 0 1
225 518 0 1
224 518 0 1
233 517 0 1
232 517 0 1
231 517 0 1
230 517 0 1
229 517 0 1
228 517 0 1
227 517 0 1
226 517 0 1
225 517 0 1
224 517 0 1
223 517 0 1
222 517 0 1
221 517 0 1
230 516 0 1
229 516 0 1
228 516 0 1
227 516 0 1
226 516 0 1
225 516 0 1
224 516 0 1
223 516 0 1
222 516 0 1
221 516 0 1
220 516 0 1
219 516 0 1
218 516 0 1
226 515 0 1
225 515 0 1
224 515 0 1
223 515 0 1
222 515 0 1
221 515 0 1
220 515 0 1
219 515 0 1
218 515 0 1
217 515 0 1
216 515 0 1
215 515 0 1
224 514 0 1
223 514 0 1
222 514 0 1
221 514 0 1
220 514 0 1
219 514 0 1
218 514 0 1
217 514 0 1
216 514 0 1
215 514 0 1
214 514 0 1
224 513 0 1
223 513 0 1
222 513 0 1
221 513 0 1
220 513 0 1
219 513 0 1
218 513 0 1
217 513 0 1
216 513 0 1
215 513 0 1
214 513 0 1
223 512 0 1
222 512 0 1
221 512 0 1
220 512 0 1
219 512 0 1
218 512 0 1
217 512 0 1
216 512 0 1
215 512 0 1
214 512 0 1
213 512 0 1
212 512 0 1
220 511 0 1
219 511 0 1
218 511 0 1
217 511 0 1
216 511 0 1
215 511 0 1
214 511 0 1
213 511 0 1
212 511 0 1
211 511 0 1
210 511 0 1
209 511 0 1
217 510 0 1
216 510 0 1
215 510 0 1
214 510 0 1
213 510 0 1
212 510 0 1
211 510 0 1
210 510 0 1
209 510 0 1
208 510 0 1
207 510 0 1
214 509 0 1
213 509 0 1
212 509 0 1
211 509 0 1
210 509 0 1
209 509 0 1
208 509 0 1
207 509 0 1
206 509 0 1
205 509 0 1
213 508 0 1
212 508 0 1
211 508 0 1
210 508 0 1
209 508 0 1
208 508 0 1
207 508 0 1
206 508 0 1
205 508 0 1
204 508 0 1
203 508 0 1
213 507 0 1
212 507 0 1
211 507 0 1
210 507 0 1
209 507 0 1
208 507 0 1
207 507 0 1
206 507 0 1
205 507 0 1
204 507 0 1
203 507 0 1
211 506 0 1
210 506 0 1
209 506 0 1
208 506 0 1
207 506 0 1
206 506 0 1
205 506 0 1
204 506 0 1
203 506 0 1
202 506 0 1
208 505 0 1
207 505 0 1
206 505 0 1
205 505 0 1
204 505 0 1
203 505 0 1
202 505 0 1
201 505 0 1
207 504 0 1
206 504 0 1
205 504 0 1
204 504 0 1
203 504 0 1
202 504 0 1
201 504 0 1
200 504 0 1
199 504 0 1
198 504 0 1
204 503 0 1
203 503 0 1
202 503 0 1
201 503 0 1
200 503 0 1
199 503 0 1
198 503 0 1
197 503 0 1
196 503 0 1
204 502 0 1
203 502 0 1
202 502 0 1
201 502 0 1
200 502 0 1
199 502 0 1
198 502 0 1
197 502 0 1
196 502 0 1
202 501 0 1
201 501 0 1
200 501 0 1
199 501 0 1
198 501 0 1
197 501 0 1
196 501 0 1
195 501 0 1
194 501 0 1
201 500 0 1
200 500 0 1
199 500 0 1
198 500 0 1
197 500 0 1
196 500 0 1
195 500 0 1
194 500 0 1
193 500 0 1
200 499 0 1
199 499 0 1
198 499 0 1
197 499 0 1
196 499 0 1
195 499 0 1
194 499 0 1
193 499 0 1
192 499 0 1
191 499 0 1
197 498 0 1
196 498 0 1
195 498 0 1
194 498 0 1
193 498 0 1
192 498 0 1
191 498 0 1
190 498 0 1
196 497 0 1
195 497 0 1
194 497 0 1
193 497 0 1
192 497 0 1
191 497 0 1
190 497 0 1
189 497 0 1
188 497 0 1
196 496 0 1
195 496 0 1
194 496 0 1
193 496 0 1
192 496 0 1
191 496 0 1
190 496 0 1
189 496 0 1
188 496 0 1
195 495 0 1
194 495 0 1
193 495 0 1
192 495 0 1
191 495 0 1
190 495 0 1
189 495 0 1
188 495 0 1
187 495 0 1
186 495 0 1
192 494 0 1
191 494 0 1
190 494 0 1
189 494 0 1
188 494 0 1
187 494 0 1
186 494 0 1
185 494 0 1
190 493 0 1
189 493 0 1
188 493 0 1
187 493 0 1
186 493 0 1
185 493 0 1
184 493 0 1
183 493 0 1
182 493 0 1
189 492 0 1
188 492 0 1
187 492 0 1
186 492 0 1
185 492 0 1
184 492 0 1
183 492 0 1
182 492 0 1
181 492 0 1
189 491 0 1
188 491 0 1
187 491 0 1
186 491 0 1
185 491 0 1
184 491 0 1
183 491 0 1
182 491 0 1
181 491 0 1
187 490 0 1
186 490 0 1
185 490 0 1
184 490 0 1
183 490 0 1
182 490 0 1
181 490 0 1
180 490 0 1
179 490 0 1
185 489 0 1
184 489 0 1
183 489 0 1
182 489 0 1
181 489 0 1
180 489 0 1
179 489 0 1
178 489 0 1
177 489 0 1
184 488 0 1
183 488 0 1
182 488 0 1
181 488 0 1
180 488 0 1
179 488 0 1
178 488 0 1
177 488 0 1
176 488 0 1
175 488 0 1
181 487 0 1
180 487 0 1
179 487 0 1
178 487 0 1
177 487 0 1
176 487 0 1
175 487 0 1
174 487 0 1
180 486 0 1
179 486 0 1
178 486 0 1
177 486 0 1
176 486 0 1
175 486 0 1
174 486 0 1
173 486 0 1
172 486 0 1
180 485 0 1
179 485 0 1
178 485 0 1
177 485 0 1
176 485 0 1
175 485 0 1
174 485 0 1
173 485 0 1
172 485 0 1
179 484 0 1
178 484 0 1
177 484 0 1
176 484 0 1
175 484 0 1
174 484 0 1
173 484 0 1
172 484 0 1
171 484 0 1
170 484 0 1
176 483 0 1
175 483 0 1
174 483 0 1
173 483 0 1
172 483 0 1
171 483 0 1
170 483 0 1
169 483 0 1
168 483 0 1
175 482 0 1
174 482 0 1
173 482 0 1
172 482 0 1
171 482 0 1
170 482 0 1
169 482 0 1
168 482 0 1
167 482 0 1
166 482 0 1
174 481 0 1
173 481 0 1
172 481 0 1
171 481 0 1
170 481 0 1
169 481 0 1
168 481 0 1
167 481 0 1
166 481 0 1
165 481 0 1
174 480 0 1
173 480 0 1
172 480 0 1
171 480 0 1
170 480 0 1
169 480 0 1
168 480 0 1
167 480 0 1
166 480 0 1
165 480 0 1
171 479 0 1
170 479 0 1
169 479 0 1
168 479 0 1
167 479 0 1
166 479 0 1
165 479 0 1
164 479 0 1
163 479 0 1
169 478 0 1
168 478 0 1
167 478 0 1
166 478 0 1
165 478 0 1
164 478 0 1
163 478 0 1
162 478 0 1
161 478 0 1
168 477 0 1
167 477 0 1
166 477 0 1
165 477 0 1
164 477 0 1
163 477 0 1
162 477 0 1
161 477 0 1
160 477 0 1
167 476 0 1
166 476 0 1
165 476 0 1
164 476 0 1
163 476 0 1
162 476 0 1
161 476 0 1
160 476 0 1
159 476 0 1
158 476 0 1
164 475 0 1
163 475 0 1
162 475 0 1
161 475 0 1
160 475 0 1
159 475 0 1
158 475 0 1
157 475 0 1
164 474 0 1
163 474 0 1
162 474 0 1
161 474 0 1
160 474 0 1
159 474 0 1
158 474 0 1
157 474 0 1
163 473 0 1
162 473 0 1
161 473 0 1
160 473 0 1
159 473 0 1
158 473 0 1
157 473 0 1
156 473 0 1
155 473 0 1
154 473 0 1
160 472 0 1
159 472 0 1
158 472 0 1
157 472 0 1
156 472 0 1
155 472 0 1
154 472 0 1
153 472 0 1
159 471 0 1
158 471 0 1
157 471 0 1
156 471 0 1
155 471 0 1
154 471 0 1
153 471 0 1
152 471 0 1
157 470 0 1
156 470 0 1
155 470 0 1
154 470 0 1
153 470 0 1
152 470 0 1
151 470 0 1
150 470 0 1
149 470 0 1
156 469 0 1
155 469 0 1
154 469 0 1
153 469 0 1
152 469 0 1
151 469 0 1
150 469 0 1
149 469 0 1
148 469 0 1
147 469 0 1
156 468 0 1
155 468 0 1
154 468 0 1
153 468 0 1
152 468 0 1
151 468 0 1
150 468 0 1
149 468 0 1
148 468 0 1
147 468 0 1
153 467 0 1
152 467 0 1
151 467 0 1
150 467 0 1
149 467 0 1
148 467 0 1
147 467 0 1
146 467 0 1
152 466 0 1
151 466 0 1
150 466 0 1
149 466 0 1
148 466 0 1
147 466 0 1
146 466 0 1
145 466 0 1
144 466 0 1
151 465 0 1
150 465 0 1
149 465 0 1
148 465 0 1
147 465 0 1
146 465 0 1
145 465 0 1
144 465 0 1
143 465 0 1
142 465 0 1
148 464 0 1
147 464 0 1
146 464 0 1
145 464 0 1
144 464 0 1
143 464 0 1
142 464 0 1
141 464 0 1
148 463 0 1
147 463 0 1
146 463 0 1
145 463 0 1
144 463 0 1
143 463 0 1
142 463 0 1
141 463 0 1
146 462 0 1
145 462 0 1
144 462 0 1
143 462 0 1
142 462 0 1
141 462 0 1
140 462 0 1
139 462 0 1
138 462 0 1
145 461 0 1
144 461 0 1
143 461 0 1
142 461 0 1
141 461 0 1
140 461 0 1
139 461 0 1
138 461 0 1
137 461 0 1
143 460 0 1
142 460 0 1
141 460 0 1
140 460 0 1
139 460 0 1
138 460 0 1
137 460 0 1
136 460 0 1
135 460 0 1
141 459 0 1
140 459 0 1
139 459 0 1
138 459 0 1
137 459 0 1
136 459 0 1
135 459 0 1
134 459 0 1
133 459 0 1
140 458 0 1
139 458 0 1
138 458 0 1
137 458 0 1
136 458 0 1
135 458 0 1
134 458 0 1
133 458 0 1
132 458 0 1
131 458 0 1
140 457 0 1
139 457 0 1
138 457 0 1
137 457 0 1
136 457 0 1
135 457 0 1
134 457 0 1
133 457 0 1
132 457 0 1
131 457 0 1
137 456 0 1
136 456 0 1
135 456 0 1
134 456 0 1
133 456 0 1
132 456 0 1
131 456 0 1
130 456 0 1
136 455 0 1
135 455 0 1
134 455 0 1
133 455 0 1
132 455 0 1
131 455 0 1
130 455 0 1
129 455 0 1
128 455 0 1
135 454 0 1
134 454 0 1
133 454 0 1
132 454 0 1
131 454 0 1
130 454 0 1
129 454 0 1
128 454 0 1
127 454 0 1
126 454 0 1
132 453 0 1
131 453 0 1
130 453 0 1
129 453 0 1
128 453 0 1
127 453 0 1
126 453 0 1
125 453 0 1
124 453 0 1
132 452 0 1
131 452 0 1
130 452 0 1
129 452 0 1
128 452 0 1
127 452 0 1
126 452 0 1
125 452 0 1
124 452 0 1
131 451 0 1
130 451 0 1
129 451 0 1
128 451 0 1
127 451 0 1
126 451 0 1
125 451 0 1
124 451 0 1
123 451 0 1
122 451 0 1
130 450 0 1
129 450 0 1
128 450 0 1
127 450 0 1
126 450 0 1
125 450 0 1
124 450 0 1
123 450 0 1
122 450 0 1
121 450 0 1
127 449 0 1
126 449 0 1
125 449 0 1
124 449 0 1
123 449 0 1
122 449 0 1
121 449 0 1
120 449 0 1
119 449 0 1
125 448 0 1
124 448 0 1
123 448 0 1
122 448 0 1
121 448 0 1
120 448 0 1
119 448 0 1
118 448 0 1
117 448 0 1
124 447 0 1
123 447 0 1
122 447 0 1
121 447 0 1
120 447 0 1
119 447 0 1
118 447 0 1
117 447 0 1
116 447 0 1
124 446 0 1
123 446 0 1
122 446 0 1
121 446 0 1
120 446 0 1
119 446 0 1
118 446 0 1
117 446 0 1
116 446 0 1
123 445 0 1
122 445 0 1
121 445 0 1
120 445 0 1
119 445 0 1
118 445 0 1
117 445 0 1
116 445 0 1
115 445 0 1
114 445 0 1
120 444 0 1
119 444 0 1
118 444 0 1
117 444 0 1
116 444 0 1
115 444 0 1
114 444 0 1
113 444 0 1
112 444 0 1
119 443 0 1
118 443 0 1
117 443 0 1
116 443 0 1
115 443 0 1
114 443 0 1
113 443 0 1
112 443 0 1
111 443 0 1
110 443 0 1
116 442 0 1
115 442 0 1
114 442 0 1
113 442 0 1
112 442 0 1
111 442 0 1
110 442 0 1
109 442 0 1
116 441 0 1
115 441 0 1
114 441 0 1
113 441 0 1
112 441 0 1
111 441 0 1
110 441 0 1
109 441 0 1
115 440 0 1
114 440 0 1
113 440 0 1
112 440 0 1
111 440 0 1
110 440 0 1
109 440 0 1
108 440 0 1
113 439 0 1
112 439 0 1
111 439 0 1
110 439 0 1
109 439 0 1
108 439 0 1
107 439 0 1
106 439 0 1
105 439 0 1
111 438 0 1
110 438 0 1
109 438 0 1
108 438 0 1
107 438 0 1
106 438 0 1
105 438 0 1
104 438 0 1
103 438 0 1
109 437 0 1
108 437 0 1
107 437 0 1
106 437 0 1
105 437 0 1
104 437 0 1
103 437 0 1
102 437 0 1
101 437 0 1
108 436 0 1
107 436 0 1
106 436 0 1
105 436 0 1
104 436 0 1
103 436 0 1
102 436 0 1
101 436 0 1
100 436 0 1
108 435 0 1
107 435 0 1
106 435 0 1
105 435 0 1
104 435 0 1
103 435 0 1
102 435 0 1
101 435 0 1
100 435 0 1
107 434 0 1
106 434 0 1
105 434 0 1
104 434 0 1
103 434 0 1
102 434 0 1
101 434 0 1
100 434 0 1
99 434 0 1
98 434 0 1
104 433 0 1
103 433 0 1
102 433 0 1
101 433 0 1
100 433 0 1
99 433 0 1
98 433 0 1
97 433 0 1
103 432 0 1
102 432 0 1
101 432 0 1
100 432 0 1
99 432 0 1
98 432 0 1
97 432 0 1
96 432 0 1
95 432 0 1
102 431 0 1
101 431 0 1
100 431 0 1
99 431 0 1
98 431 0 1
97 431 0 1
96 431 0 1
95 431 0 1
94 431 0 1
93 431 0 1
102 430 0 1
101 430 0 1
100 430 0 1
99 430 0 1
98 430 0 1
97 430 0 1
96 430 0 1
95 430 0 1
94 430 0 1
93 430 0 1
99 429 0 1
98 429 0 1
97 429 0 1
96 429 0 1
95 429 0 1
94 429 0 1
93 429 0 1
92 429 0 1
91 429 0 1
90 429 0 1
97 428 0 1
96 428 0 1
95 428 0 1
94 428 0 1
93 428 0 1
92 428 0 1
91 428 0 1
90 428 0 1
89 428 0 1
96 427 0 1
95 427 0 1
94 427 0 1
93 427 0 1
92 427 0 1
91 427 0 1
90 427 0 1
89 427 0 1
88 427 0 1
87 427 0 1
94 426 0 1
93 426 0 1
92 426 0 1
91 426 0 1
90 426 0 1
89 426 0 1
88 426 0 1
87 426 0 1
86 426 0 1
92 425 0 1
91 425 0 1
90 425 0 1
89 425 0 1
88 425 0 1
87 425 0 1
86 425 0 1
85 425 0 1
84 425 0 1
83 425 0 1
92 424 0 1
91 424 0 1
90 424 0 1
89 424 0 1
88 424 0 1
87 424 0 1
86 424 0 1
85 424 0 1
84 424 0 1
83 424 0 1
91 423 0 1
90 423 0 1
89 423 0 1
88 423 0 1
87 423 0 1
86 423 0 1
85 423 0 1
84 423 0 1
83 423 0 1
82 423 0 1
88 422 0 1
87 422 0 1
86 422 0 1
85 422 0 1
84 422 0 1
83 422 0 1
82 422 0 1
81 422 0 1
86 421 0 1
85 421 0 1
84 421 0 1
83 421 0 1
82 421 0 1
85 420 0 1
84 420 0 1
83 420 0 1
357 327 0 0
359 326 0 0
358 326 0 0
357 326 0 0
356 326 0 0
360 325 0 0
359 325 0 0
358 325 0 0
357 325 0 0
356 325 0 0
355 325 0 0
360 324 0 0
359 324 0 0
358 324 0 0
357 324 0 0
356 324 0 0
355 324 0 0
360 323 0 0
359 323 0 0
358 323 0 0
357 323 0 0
356 323 0 0
355 323 0 0
361 322 0 0
360 322 0 0
359 322 0 0
358 322 0 0
357 322 0 0
356 322 0 0
362 321 0 0
361 321 0 0
360 321 0 0
359 321 0 0
358 321 0 0
357 321 0 0
356 321 0 0
362 320 0 0
361 320 0 0
360 320 0 0
359 320 0 0
358 320 0 0
357 320 0 0
363 319 0 0
362 319 0 0
361 319 0 0
360 319 0 0
359 319 0 0
358 319 0 0
363 318 0 0
362 318 0 0
361 318 0 0
360 318 0 0
359 318 0 0
358 318 0 0
363 317 0 0
362 317 0 0
361 317 0 0
360 317 0 0
359 317 0 0
358 317 0 0
365 316 0 0
364 316 0 0
363 316 0 0
362 316 0 0
361 316 0 0
360 316 0 0
366 315 0 0
365 315 0 0
364 315 0 0
363 315 0 0
362 315 0 0
361 315 0 0
360 315 0 0
366 314 0 0
365 314 0 0
364 314 0 0
363 314 0 0
362 314 0 0
361 314 0 0
366 313 0 0
365 313 0 0
364 313 0 0
363 313 0 0
362 313 0 0
361 313 0 0
366 312 0 0
365 312 0 0
364 312 0 0
363 312 0 0
362 312 0 0
361 312 0 0
367 311 0 0
366 311 0 0
365 311 0 0
364 311 0 0
363 311 0 0
362 311 0 0
367 310 0 0
366 310 0 0
365 310 0 0
364 310 0 0
363 310 0 0
362 310 0 0
368 309 0 0
367 309 0 0
366 309 0 0
365 309 0 0
364 309 0 0
363 309 0 0
370 308 0 0
369 308 0 0
368 308 0 0
367 308 0 0
366 308 0 0
365 308 0 0
364 308 0 0
363 308 0 0
370 307 0 0
369 307 0 0
368 307 0 0
367 307 0 0
366 307 0 0
365 307 0 0
364 307 0 0
363 307 0 0
370 306 0 0
369 306 0 0
368 306 0 0
367 306 0 0
366 306 0 0
365 306 0 0
364 306 0 0
371 305 0 0
370 305 0 0
369 305 0 0
368 305 0 0
367 305 0 0
366 305 0 0
371 304 0 0
370 304 0 0
369 304 0 0
368 304 0 0
367 304 0 0
366 304 0 0
371 303 0 0
370 303 0 0
369 303 0 0
368 303 0 0
367 303 0 0
366 303 0 0
371 302 0 0
370 302 0 0
369 302 0 0
368 302 0 0
367 302 0 0
366 302 0 0
372 301 0 0
371 301 0 0
370 301 0 0
369 301 0 0
368 301 0 0
367 301 0 0
372 300 0 0
371 300 0 0
370 300 0 0
369 300 0 0
368 300 0 0
367 300 0 0
373 299 0 0
372 299 0 0
371 299 0 0
370 299 0 0
369 299 0 0
368 299 0 0
374 298 0 0
373 298 0 0
372 298 0 0
371 298 0 0
370 298 0 0
369 298 0 0
374 297 0 0
373 297 0 0
372 297 0 0
371 297 0 0
370 297 0 0
369 297 0 0
374 296 0 0
373 296 0 0
372 296 0 0
371 296 0 0
370 296 0 0
369 296 0 0
376 295 0 0
375 295 0 0
374 295 0 0
373 295 0 0
372 295 0 0
371 295 0 0
376 294 0 0
375 294 0 0
374 294 0 0
373 294 0 0
372 294 0 0
371 294 0 0
377 293 0 0
376 293 0 0
375 293 0 0
374 293 0 0
373 293 0 0
372 293 0 0
377 292 0 0
376 292 0 0
375 292 0 0
374 292 0 0
373 292 0 0
372 292 0 0
377 291 0 0
376 291 0 0
375 291 0 0
374 291 0 0
373 291 0 0
372 291 0 0
378 290 0 0
377 290 0 0
376 290 0 0
375 290 0 0
374 290 0 0
373 290 0 0
379 289 0 0
378 289 0 0
377 289 0 0
376 289 0 0
375 289 0 0
374 289 0 0
379 288 0 0
378 288 0 0
377 288 0 0
376 288 0 0
375 288 0 0
374 288 0 0
381 287 0 0
380 287 0 0
379 287 0 0
378 287 0 0
377 287 0 0
376 287 0 0
375 287 0 0
381 286 0 0
380 286 0 0
379 286 0 0
378 286 0 0
377 286 0 0
376 286 0 0
375 286 0 0
381 285 0 0
380 285 0 0
379 285 0 0
378 285 0 0
377 285 0 0
376 285 0 0
375 285 0 0
382 284 0 0
381 284 0 0
380 284 0 0
379 284 0 0
378 284 0 0
377 284 0 0
382 283 0 0
381 283 0 0
380 283 0 0
379 283 0 0
378 283 0 0
377 283 0 0
383 282 0 0
382 282 0 0
381 282 0 0
380 282 0 0
379 282 0 0
378 282 0 0
383 281 0 0
382 281 0 0
381 281 0 0
380 281 0 0
379 281 0 0
378 281 0 0
383 280 0 0
382 280 0 0
381 280 0 0
380 280 0 0
379 280 0 0
378 280 0 0
384 279 0 0
383 279 0 0
382 279 0 0
381 279 0 0
380 279 0 0
379 279 0 0
384 278 0 0
383 278 0 0
382 278 0 0
381 278 0 0
380 278 0 0
379 278 0 0
385 277 0 0
384 277 0 0
383 277 0 0
382 277 0 0
381 277 0 0
380 277 0 0
385 276 0 0
384 276 0 0
383 276 0 0
382 276 0 0
381 276 0 0
380 276 0 0
387 275 0 0
386 275 0 0
385 275 0 0
384 275 0 0
383 275 0 0
382 275 0 0
387 274 0 0
386 274 0 0
385 274 0 0
384 274 0 0
383 274 0 0
382 274 0 0
388 273 0 0
387 273 0 0
386 273 0 0
385 273 0 0
384 273 0 0
383 273 0 0
382 273 0 0
388 272 0 0
387 272 0 0
386 272 0 0
385 272 0 0
384 272 0 0
383 272 0 0
389 271 0 0
388 271 0 0
387 271 0 0
386 271 0 0
385 271 0 0
384 271 0 0
389 270 0 0
388 270 0 0
387 270 0 0
386 270 0 0
385 270 0 0
384 270 0 0
390 269 0 0
389 269 0 0
388 269 0 0
387 269 0 0
386 269 0 0
385 269 0 0
390 268 0 0
389 268 0 0
388 268 0 0
387 268 0 0
386 268 0 0
385 268 0 0
390 267 0 0
389 267 0 0
388 267 0 0
387 267 0 0
386 267 0 0
385 267 0 0
392 266 0 0
391 266 0 0
390 266 0 0
389 266 0 0
388 266 0 0
387 266 0 0
386 266 0 0
393 265 0 0
392 265 0 0
391 265 0 0
390 265 0 0
389 265 0 0
388 265 0 0
387 265 0 0
386 265 0 0
393 264 0 0
392 264 0 0
391 264 0 0
390 264 0 0
389 264 0 0
388 264 0 0
393 263 0 0
392 263 0 0
391 263 0 0
390 263 0 0
389 263 0 0
388 263 0 0
394 262 0 0
393 262 0 0
392 262 0 0
391 262 0 0
390 262 0 0
389 262 0 0
394 261 0 0
393 261 0 0
392 261 0 0
391 261 0 0
390 261 0 0
389 261 0 0
395 260 0 0
394 260 0 0
393 260 0 0
392 260 0 0
391 260 0 0
390 260 0 0
395 259 0 0
394 259 0 0
393 259 0 0
392 259 0 0
391 259 0 0
390 259 0 0
395 258 0 0
394 258 0 0
393 258 0 0
392 258 0 0
391 258 0 0
390 258 0 0
395 257 0 0
394 257 0 0
393 257 0 0
392 257 0 0
391 257 0 0
390 257 0 0
396 256 0 0
395 256 0 0
394 256 0 0
393 256 0 0
392 256 0 0
391 256 0 0
398 255 0 0
397 255 0 0
396 255 0 0
395 255 0 0
394 255 0 0
393 255 0 0
398 254 0 0
397 254 0 0
396 254 0 0
395 254 0 0
394 254 0 0
393 254 0 0
399 253 0 0
398 253 0 0
397 253 0 0
396 253 0 0
395 253 0 0
394 253 0 0
399 252 0 0
398 252 0 0
397 252 0 0
396 252 0 0
395 252 0 0
394 252 0 0
399 251 0 0
398 251 0 0
397 251 0 0
396 251 0 0
395 251 0 0
394 251 0 0
400 250 0 0
399 250 0 0
398 250 0 0
397 250 0 0
396 250 0 0
395 250 0 0
400 249 0 0
399 249 0 0
398 249 0 0
397 249 0 0
396 249 0 0
395 249 0 0
401 248 0 0
400 248 0 0
399 248 0 0
398 248 0 0
397 248 0 0
396 248 0 0
403 247 0 0
402 247 0 0
401 247 0 0
400 247 0 0
399 247 0 0
398 247 0 0
397 247 0 0
403 246 0 0
402 246 0 0
401 246 0 0
400 246 0 0
399 246 0 0
398 246 0 0
397 246 0 0
403 245 0 0
402 245 0 0
401 245 0 0
400 245 0 0
399 245 0 0
398 245 0 0
397 245 0 0
404 244 0 0
403 244 0 0
402 244 0 0
401 244 0 0
400 244 0 0
399 244 0 0
404 243 0 0
403 243 0 0
402 243 0 0
401 243 0 0
400 243 0 0
399 243 0 0
405 242 0 0
404 242 0 0
403 242 0 0
402 242 0 0
401 242 0 0
400 242 0 0
405 241 0 0
404 241 0 0
403 241 0 0
402 241 0 0
401 241 0 0
400 241 0 0
405 240 0 0
404 240 0 0
403 240 0 0
402 240 0 0
401 240 0 0
400 240 0 0
406 239 0 0
405 239 0 0
404 239 0 0
403 239 0 0
402 239 0 0
401 239 0 0
407 238 0 0
406 238 0 0
405 238 0 0
404 238 0 0
403 238 0 0
402 238 0 0
407 237 0 0
406 237 0 0
405 237 0 0
404 237 0 0
403 237 0 0
402 237 0 0
407 236 0 0
406 236 0 0
405 236 0 0
404 236 0 0
403 236 0 0
402 236 0 0
407 235 0 0
406 235 0 0
405 235 0 0
404 235 0 0
403 235 0 0
402 235 0 0
409 234 0 0
408 234 0 0
407 234 0 0
406 234 0 0
405 234 0 0
404 234 0 0
409 233 0 0
408 233 0 0
407 233 0 0
406 233 0 0
405 233 0 0
404 233 0 0
410 232 0 0
409 232 0 0
408 232 0 0
407 232 0 0
406 232 0 0
405 232 0 0
411 231 0 0
410 231 0 0
409 231 0 0
408 231 0 0
407 231 0 0
406 231 0 0
405 231 0 0
411 230 0 0
410 230 0 0
409 230 0 0
408 230 0 0
407 230 0 0
406 230 0 0
405 230 0 0
411 229 0 0
410 229 0 0
409 229 0 0
408 229 0 0
407 229 0 0
406 229 0 0
412 228 0 0
411 228 0 0
410 228 0 0
409 228 0 0
408 228 0 0
407 228 0 0
412 227 0 0
411 227 0 0
410 227 0 0
409 227 0 0
408 227 0 0
407 227 0 0
414 226 0 0
413 226 0 0
412 226 0 0
411 226 0 0
410 226 0 0
409 226 0 0
408 226 0 0
414 225 0 0
413 225 0 0
412 225 0 0
411 225 0 0
410 225 0 0
409 225 0 0
408 225 0 0
414 224 0 0
413 224 0 0
412 224 0 0
411 224 0 0
410 224 0 0
409 224 0 0
408 224 0 0
415 223 0 0
414 223 0 0
413 223 0 0
412 223 0 0
411 223 0 0
410 223 0 0
416 222 0 0
415 222 0 0
414 222 0 0
413 222 0 0
412 222 0 0
411 222 0 0
410 222 0 0
416 221 0 0
415 221 0 0
414 221 0 0
413 221 0 0
412 221 0 0
411 221 0 0
417 220 0 0
416 220 0 0
415 220 0 0
414 220 0 0
413 220 0 0
412 220 0 0
417 219 0 0
416 219 0 0
415 219 0 0
414 219 0 0
413 219 0 0
412 219 0 0
417 218 0 0
416 218 0 0
415 218 0 0
414 218 0 0
413 218 0 0
412 218 0 0
418 217 0 0
417 217 0 0
416 217 0 0
415 217 0 0
414 217 0 0
413 217 0 0
418 216 0 0
417 216 0 0
416 216 0 0
415 216 0 0
414 216 0 0
413 216 0 0
420 215 0 0
419 215 0 0
418 215 0 0
417 215 0 0
416 215 0 0
415 215 0 0
420 214 0 0
419 214 0 0
418 214 0 0
417 214 0 0
416 214 0 0
415 214 0 0
420 213 0 0
419 213 0 0
418 213 0 0
417 213 0 0
416 213 0 0
415 213 0 0
421 212 0 0
420 212 0 0
419 212 0 0
418 212 0 0
417 212 0 0
416 212 0 0
421 211 0 0
420 211 0 0
419 211 0 0
418 211 0 0
417 211 0 0
416 211 0 0
422 210 0 0
421 210 0 0
420 210 0 0
419 210 0 0
418 210 0 0
417 210 0 0
422 209 0 0
421 209 0 0
420 209 0 0
419 209 0 0
418 209 0 0
417 209 0 0
423 208 0 0
422 208 0 0
421 208 0 0
420 208 0 0
419 208 0 0
418 208 0 0
423 207 0 0
422 207 0 0
421 207 0 0
420 207 0 0
419 207 0 0
418 207 0 0
423 206 0 0
422 206 0 0
421 206 0 0
420 206 0 0
419 206 0 0
418 206 0 0
425 205 0 0
424 205 0 0
423 205 0 0
422 205 0 0
421 205 0 0
420 205 0 0
419 205 0 0
108 205 0 0
426 204 0 0
425 204 0 0
424 204 0 0
423 204 0 0
422 204 0 0
421 204 0 0
109 204 0 0
108 204 0 0
107 204 0 0
106 204 0 0
426 203 0 0
425 203 0 0
424 203 0 0
423 203 0 0
422 203 0 0
421 203 0 0
110 203 0 0
109 203 0 0
108 203 0 0
107 203 0 0
106 203 0 0
105 203 0 0
426 202 0 0
425 202 0 0
424 202 0 0
423 202 0 0
422 202 0 0
421 202 0 0
110 202 0 0
109 202 0 0
108 202 0 0
107 202 0 0
106 202 0 0
105 202 0 0
427 201 0 0
426 201 0 0
425 201 0 0
424 201 0 0
423 201 0 0
422 201 0 0
110 201 0 0
109 201 0 0
108 201 0 0
107 201 0 0
106 201 0 0
105 201 0 0
427 200 0 0
426 200 0 0
425 200 0 0
424 200 0 0
423 200 0 0
422 200 0 0
110 200 0 0
109 200 0 0
108 200 0 0
107 200 0 0
106 200 0 0
105 200 0 0
428 199 0 0
427 199 0 0
426 199 0 0
425 199 0 0
424 199 0 0
423 199 0 0
109 199 0 0
108 199 0 0
107 199 0 0
106 199 0 0
105 199 0 0
104 199 0 0
428 198 0 0
427 198 0 0
426 198 0 0
425 198 0 0
424 198 0 0
423 198 0 0
109 198 0 0
108 198 0 0
107 198 0 0
106 198 0 0
105 198 0 0
104 198 0 0
429 197 0 0
428 197 0 0
427 197 0 0
426 197 0 0
425 197 0 0
424 197 0 0
108 197 0 0
107 197 0 0
106 197 0 0
105 197 0 0
104 197 0 0
103 197 0 0
429 196 0 0
428 196 0 0
427 196 0 0
426 196 0 0
425 196 0 0
424 196 0 0
108 196 0 0
107 196 0 0
106 196 0 0
105 196 0 0
104 196 0 0
103 196 0 0
431 195 0 0
430 195 0 0
429 195 0 0
428 195 0 0
427 195 0 0
426 195 0 0
108 195 0 0
107 195 0 0
106 195 0 0
105 195 0 0
104 195 0 0
103 195 0 0
102 195 0 0
101 195 0 0
431 194 0 0
430 194 0 0
429 194 0 0
428 194 0 0
427 194 0 0
426 194 0 0
107 194 0 0
106 194 0 0
105 194 0 0
104 194 0 0
103 194 0 0
102 194 0 0
101 194 0 0
432 193 0 0
431 193 0 0
430 193 0 0
429 193 0 0
428 193 0 0
427 193 0 0
107 193 0 0
106 193 0 0
105 193 0 0
104 193 0 0
103 193 0 0
102 193 0 0
101 193 0 0
432 192 0 0
431 192 0 0
430 192 0 0
429 192 0 0
428 192 0 0
427 192 0 0
105 192 0 0
104 192 0 0
103 192 0 0
102 192 0 0
101 192 0 0
100 192 0 0
432 191 0 0
431 191 0 0
430 191 0 0
429 191 0 0
428 191 0 0
427 191 0 0
105 191 0 0
104 191 0 0
103 191 0 0
102 191 0 0
101 191 0 0
100 191 0 0
432 190 0 0
431 190 0 0
430 190 0 0
429 190 0 0
428 190 0 0
427 190 0 0
105 190 0 0
104 190 0 0
103 190 0 0
102 190 0 0
101 190 0 0
100 190 0 0
432 189 0 0
431 189 0 0
430 189 0 0
429 189 0 0
428 189 0 0
427 189 0 0
104 189 0 0
103 189 0 0
102 189 0 0
101 189 0 0
100 189 0 0
99 189 0 0
432 188 0 0
431 188 0 0
430 188 0 0
429 188 0 0
428 188 0 0
427 188 0 0
104 188 0 0
103 188 0 0
102 188 0 0
101 188 0 0
100 188 0 0
99 188 0 0
432 187 0 0
431 187 0 0
430 187 0 0
429 187 0 0
428 187 0 0
427 187 0 0
103 187 0 0
102 187 0 0
101 187 0 0
100 187 0 0
99 187 0 0
98 187 0 0
432 186 0 0
431 186 0 0
430 186 0 0
429 186 0 0
428 186 0 0
427 186 0 0
103 186 0 0
102 186 0 0
101 186 0 0
100 186 0 0
99 186 0 0
98 186 0 0
432 185 0 0
431 185 0 0
430 185 0 0
429 185 0 0
428 185 0 0
427 185 0 0
103 185 0 0
102 185 0 0
101 185 0 0
100 185 0 0
99 185 0 0
98 185 0 0
432 184 0 0
431 184 0 0
430 184 0 0
429 184 0 0
428 184 0 0
427 184 0 0
103 184 0 0
102 184 0 0
101 184 0 0
100 184 0 0
99 184 0 0
98 184 0 0
97 184 0 0
431 183 0 0
430 183 0 0
429 183 0 0
428 183 0 0
102 183 0 0
101 183 0 0
100 183 0 0
99 183 0 0
98 183 0 0
97 183 0 0
429 182 0 0
100 182 0 0
99 182 0 0
98 182 0 0
97 182 0 0
96 182 0 0
95 182 0 0
100 181 0 0
99 181 0 0
98 181 0 0
97 181 0 0
96 181 0 0
95 181 0 0
100 180 0 0
99 180 0 0
98 180 0 0
97 180 0 0
96 180 0 0
95 180 0 0
99 179 0 0
98 179 0 0
97 179 0 0
96 179 0 0
95 179 0 0
94 179 0 0
99 178 0 0
98 178 0 0
97 178 0 0
96 178 0 0
95 178 0 0
94 178 0 0
99 177 0 0
98 177 0 0
97 177 0 0
96 177 0 0
95 177 0 0
94 177 0 0
98 176 0 0
97 176 0 0
96 176 0 0
95 176 0 0
94 176 0 0
93 176 0 0
98 175 0 0
97 175 0 0
96 175 0 0
95 175 0 0
94 175 0 0
93 175 0 0
98 174 0 0
97 174 0 0
96 174 0 0
95 174 0 0
94 174 0 0
93 174 0 0
97 173 0 0
96 173 0 0
95 173 0 0
94 173 0 0
93 173 0 0
92 173 0 0
96 172 0 0
95 172 0 0
94 172 0 0
93 172 0 0
92 172 0 0
91 172 0 0
90 172 0 0
96 171 0 0
95 171 0 0
94 171 0 0
93 171 0 0
92 171 0 0
91 171 0 0
90 171 0 0
96 170 0 0
95 170 0 0
94 170 0 0
93 170 0 0
92 170 0 0
91 170 0 0
90 170 0 0
94 169 0 0
93 169 0 0
92 169 0 0
91 169 0 0
90 169 0 0
89 169 0 0
94 168 0 0
93 168 0 0
92 168 0 0
91 168 0 0
90 168 0 0
89 168 0 0
94 167 0 0
93 167 0 0
92 167 0 0
91 167 0 0
90 167 0 0
89 167 0 0
93 166 0 0
92 166 0 0
91 166 0 0
90 166 0 0
89 166 0 0
88 166 0 0
93 165 0 0
92 165 0 0
91 165 0 0
90 165 0 0
89 165 0 0
88 165 0 0
92 164 0 0
91 164 0 0
90 164 0 0
89 164 0 0
88 164 0 0
87 164 0 0
92 163 0 0
91 163 0 0
90 163 0 0
89 163 0 0
88 163 0 0
87 163 0 0
92 162 0 0
91 162 0 0
90 162 0 0
89 162 0 0
88 162 0 0
87 162 0 0
91 161 0 0
90 161 0 0
89 161 0 0
88 161 0 0
87 161 0 0
86 161 0 0
91 160 0 0
90 160 0 0
89 160 0 0
88 160 0 0
87 160 0 0
86 160 0 0
89 159 0 0
88 159 0 0
87 159 0 0
86 159 0 0
85 159 0 0
84 159 0 0
89 158 0 0
88 158 0 0
87 158 0 0
86 158 0 0
85 158 0 0
84 158 0 0
89 157 0 0
88 157 0 0
87 157 0 0
86 157 0 0
85 157 0 0
84 157 0 0
89 156 0 0
88 156 0 0
87 156 0 0
86 156 0 0
85 156 0 0
84 156 0 0
88 155 0 0
87 155 0 0
86 155 0 0
85 155 0 0
84 155 0 0
83 155 0 0
88 154 0 0
87 154 0 0
86 154 0 0
85 154 0 0
84 154 0 0
83 154 0 0
87 153 0 0
86 153 0 0
85 153 0 0
84 153 0 0
83 153 0 0
82 153 0 0
87 152 0 0
86 152 0 0
85 152 0 0
84 152 0 0
83 152 0 0
82 152 0 0
87 151 0 0
86 151 0 0
85 151 0 0
84 151 0 0
83 151 0 0
82 151 0 0
86 150 0 0
85 150 0 0
84 150 0 0
83 150 0 0
82 150 0 0
81 150 0 0
86 149 0 0
85 149 0 0
84 149 0 0
83 149 0 0
82 149 0 0
81 149 0 0
85 148 0 0
84 148 0 0
83 148 0 0
82 148 0 0
81 148 0 0
80 148 0 0
79 148 0 0
85 147 0 0
84 147 0 0
83 147 0 0
82 147 0 0
81 147 0 0
80 147 0 0
79 147 0 0
85 146 0 0
84 146 0 0
83 146 0 0
82 146 0 0
81 146 0 0
80 146 0 0
79 146 0 0
83 145 0 0
82 145 0 0
81 145 0 0
80 145 0 0
79 145 0 0
78 145 0 0
83 144 0 0
82 144 0 0
81 144 0 0
80 144 0 0
79 144 0 0
78 144 0 0
82 143 0 0
81 143 0 0
80 143 0 0
79 143 0 0
78 143 0 0
77 143 0 0
82 142 0 0
81 142 0 0
80 142 0 0
79 142 0 0
78 142 0 0
77 142 0 0
82 141 0 0
81 141 0 0
80 141 0 0
79 141 0 0
78 141 0 0
77 141 0 0
82 140 0 0
81 140 0 0
80 140 0 0
79 140 0 0
78 140 0 0
77 140 0 0
81 139 0 0
80 139 0 0
79 139 0 0
78 139 0 0
77 139 0 0
76 139 0 0
80 138 0 0
79 138 0 0
78 138 0 0
77 138 0 0
76 138 0 0
75 138 0 0
80 137 0 0
79 137 0 0
78 137 0 0
77 137 0 0
76 137 0 0
75 137 0 0
78 136 0 0
77 136 0 0
76 136 0 0
75 136 0 0
74 136 0 0
73 136 0 0
78 135 0 0
77 135 0 0
76 135 0 0
75 135 0 0
74 135 0 0
73 135 0 0
78 134 0 0
77 134 0 0
76 134 0 0
75 134 0 0
74 134 0 0
73 134 0 0
78 133 0 0
77 133 0 0
76 133 0 0
75 133 0 0
74 133 0 0
73 133 0 0
77 132 0 0
76 132 0 0
75 132 0 0
74 132 0 0
73 132 0 0
72 132 0 0
77 131 0 0
76 131 0 0
75 131 0 0
74 131 0 0
73 131 0 0
72 131 0 0
77 130 0 0
76 130 0 0
75 130 0 0
74 130 0 0
73 130 0 0
72 130 0 0
76 129 0 0
75 129 0 0
74 129 0 0
73 129 0 0
72 129 0 0
71 129 0 0
76 128 0 0
75 128 0 0
74 128 0 0
73 128 0 0
72 128 0 0
71 128 0 0
70 128 0 0
75 127 0 0
74 127 0 0
73 127 0 0
72 127 0 0
71 127 0 0
70 127 0 0
75 126 0 0
74 126 0 0
73 126 0 0
72 126 0 0
71 126 0 0
70 126 0 0
74 125 0 0
73 125 0 0
72 125 0 0
71 125 0 0
70 125 0 0
69 125 0 0
68 125 0 0
74 124 0 0
73 124 0 0
72 124 0 0
71 124 0 0
70 124 0 0
69 124 0 0
68 124 0 0
74 123 0 0
73 123 0 0
72 123 0 0
71 123 0 0
70 123 0 0
69 123 0 0
68 123 0 0
72 122 0 0
71 122 0 0
70 122 0 0
69 122 0 0
68 122 0 0
67 122 0 0
72 121 0 0
71 121 0 0
70 121 0 0
69 121 0 0
68 121 0 0
67 121 0 0
71 120 0 0
70 120 0 0
69 120 0 0
68 120 0 0
67 120 0 0
66 120 0 0
71 119 0 0
70 119 0 0
69 119 0 0
68 119 0 0
67 119 0 0
66 119 0 0
71 118 0 0
70 118 0 0
69 118 0 0
68 118 0 0
67 118 0 0
66 118 0 0
71 117 0 0
70 117 0 0
69 117 0 0
68 117 0 0
67 117 0 0
66 117 0 0
65 117 0 0
70 116 0 0
69 116 0 0
68 116 0 0
67 116 0 0
66 116 0 0
65 116 0 0
69 115 0 0
68 115 0 0
67 115 0 0
66 115 0 0
65 115 0 0
64 115 0 0
69 114 0 0
68 114 0 0
67 114 0 0
66 114 0 0
65 114 0 0
64 114 0 0
69 113 0 0
68 113 0 0
67 113 0 0
66 113 0 0
65 113 0 0
64 113 0 0
67 112 0 0
66 112 0 0
65 112 0 0
64 112 0 0
63 112 0 0
62 112 0 0
67 111 0 0
66 111 0 0
65 111 0 0
64 111 0 0
63 111 0 0
62 111 0 0
67 110 0 0
66 110 0 0
65 110 0 0
64 110 0 0
63 110 0 0
62 110 0 0
66 109 0 0
65 109 0 0
64 109 0 0
63 109 0 0
62 109 0 0
61 109 0 0
377 108 0 0
66 108 0 0
65 108 0 0
64 108 0 0
63 108 0 0
62 108 0 0
61 108 0 0
377 107 0 0
66 107 0 0
65 107 0 0
64 107 0 0
63 107 0 0
62 107 0 0
61 107 0 0
378 106 0 0
377 106 0 0
376 106 0 0
375 106 0 0
65 106 0 0
64 106 0 0
63 106 0 0
62 106 0 0
61 106 0 0
60 106 0 0
379 105 0 0
378 105 0 0
377 105 0 0
376 105 0 0
375 105 0 0
374 105 0 0
65 105 0 0
64 105 0 0
63 105 0 0
62 105 0 0
61 105 0 0
60 105 0 0
379 104 0 0
378 104 0 0
377 104 0 0
376 104 0 0
375 104 0 0
374 104 0 0
373 104 0 0
64 104 0 0
63 104 0 0
62 104 0 0
61 104 0 0
378 103 0 0
377 103 0 0
376 103 0 0
375 103 0 0
374 103 0 0
373 103 0 0
63 103 0 0
62 103 0 0
378 102 0 0
377 102 0 0
376 102 0 0
375 102 0 0
374 102 0 0
373 102 0 0
63 102 0 0
62 102 0 0
378 101 0 0
377 101 0 0
376 101 0 0
375 101 0 0
374 101 0 0
373 101 0 0
372 101 0 0
377 100 0 0
376 100 0 0
375 100 0 0
374 100 0 0
373 100 0 0
372 100 0 0
376 99 0 0
375 99 0 0
374 99 0 0
373 99 0 0
372 99 0 0
371 99 0 0
374 98 0 0
373 98 0 0
372 98 0 0
371 98 0 0
370 98 0 0
369 98 0 0
373 97 0 0
372 97 0 0
371 97 0 0
370 97 0 0
369 97 0 0
368 97 0 0
373 96 0 0
372 96 0 0
371 96 0 0
370 96 0 0
369 96 0 0
368 96 0 0
372 95 0 0
371 95 0 0
370 95 0 0
369 95 0 0
368 95 0 0
367 95 0 0
371 94 0 0
370 94 0 0
369 94 0 0
368 94 0 0
367 94 0 0
366 94 0 0
370 93 0 0
369 93 0 0
368 93 0 0
367 93 0 0
366 93 0 0
365 93 0 0
364 93 0 0
368 92 0 0
367 92 0 0
366 92 0 0
365 92 0 0
364 92 0 0
363 92 0 0
368 91 0 0
367 91 0 0
366 91 0 0
365 91 0 0
364 91 0 0
363 91 0 0
367 90 0 0
366 90 0 0
365 90 0 0
364 90 0 0
363 90 0 0
362 90 0 0
361 90 0 0
366 89 0 0
365 89 0 0
364 89 0 0
363 89 0 0
362 89 0 0
361 89 0 0
360 89 0 0
365 88 0 0
364 88 0 0
363 88 0 0
362 88 0 0
361 88 0 0
360 88 0 0
359 88 0 0
358 88 0 0
363 87 0 0
362 87 0 0
361 87 0 0
360 87 0 0
359 87 0 0
358 87 0 0
357 87 0 0
362 86 0 0
361 86 0 0
360 86 0 0
359 86 0 0
358 86 0 0
357 86 0 0
356 86 0 0
362 85 0 0
361 85 0 0
360 85 0 0
359 85 0 0
358 85 0 0
357 85 0 0
356 85 0 0
361 84 0 0
360 84 0 0
359 84 0 0
358 84 0 0
357 84 0 0
356 84 0 0
355 84 0 0
360 83 0 0
359 83 0 0
358 83 0 0
357 83 0 0
356 83 0 0
355 83 0 0
354 83 0 0
353 83 0 0
359 82 0 0
358 82 0 0
357 82 0 0
356 82 0 0
355 82 0 0
354 82 0 0
353 82 0 0
352 82 0 0
357 81 0 0
356 81 0 0
355 81 0 0
354 81 0 0
353 81 0 0
352 81 0 0
351 81 0 0
357 80 0 0
356 80 0 0
355 80 0 0
354 80 0 0
353 80 0 0
352 80 0 0
351 80 0 0
356 79 0 0
355 79 0 0
354 79 0 0
353 79 0 0
352 79 0 0
351 79 0 0
350 79 0 0
355 78 0 0
354 78 0 0
353 78 0 0
352 78 0 0
351 78 0 0
350 78 0 0
349 78 0 0
354 77 0 0
353 77 0 0
352 77 0 0
351 77 0 0
350 77 0 0
349 77 0 0
348 77 0 0
347 77 0 0
352 76 0 0
351 76 0 0
350 76 0 0
349 76 0 0
348 76 0 0
347 76 0 0
346 76 0 0
351 75 0 0
350 75 0 0
349 75 0 0
348 75 0 0
347 75 0 0
346 75 0 0
345 75 0 0
351 74 0 0
350 74 0 0
349 74 0 0
348 74 0 0
347 74 0 0
346 74 0 0
345 74 0 0
349 73 0 0
348 73 0 0
347 73 0 0
346 73 0 0
345 73 0 0
344 73 0 0
348 72 0 0
347 72 0 0
346 72 0 0
345 72 0 0
344 72 0 0
343 72 0 0
342 72 0 0
341 72 0 0
346 71 0 0
345 71 0 0
344 71 0 0
343 71 0 0
342 71 0 0
341 71 0 0
340 71 0 0
345 70 0 0
344 70 0 0
343 70 0 0
342 70 0 0
341 70 0 0
340 70 0 0
339 70 0 0
344 69 0 0
343 69 0 0
342 69 0 0
341 69 0 0
340 69 0 0
339 69 0 0
338 69 0 0
337 69 0 0
344 68 0 0
343 68 0 0
342 68 0 0
341 68 0 0
340 68 0 0
339 68 0 0
338 68 0 0
337 68 0 0
343 67 0 0
342 67 0 0
341 67 0 0
340 67 0 0
339 67 0 0
338 67 0 0
337 67 0 0
336 67 0 0
341 66 0 0
340 66 0 0
339 66 0 0
338 66 0 0
337 66 0 0
336 66 0 0
335 66 0 0
340 65 0 0
339 65 0 0
338 65 0 0
337 65 0 0
336 65 0 0
335 65 0 0
334 65 0 0
339 64 0 0
338 64 0 0
337 64 0 0
336 64 0 0
335 64 0 0
334 64 0 0
333 64 0 0
339 63 0 0
338 63 0 0
337 63 0 0
336 63 0 0
335 63 0 0
334 63 0 0
333 63 0 0
338 62 0 0
337 62 0 0
336 62 0 0
335 62 0 0
334 62 0 0
333 62 0 0
332 62 0 0
331 62 0 0
336 61 0 0
335 61 0 0
334 61 0 0
333 61 0 0
332 61 0 0
331 61 0 0
330 61 0 0
335 60 0 0
334 60 0 0
333 60 0 0
332 60 0 0
331 60 0 0
330 60 0 0
329 60 0 0
333 59 0 0
332 59 0 0
331 59 0 0
330 59 0 0
329 59 0 0
328 59 0 0
332 58 0 0
331 58 0 0
330 58 0 0
329 58 0 0
328 58 0 0
327 58 0 0
326 58 0 0
332 57 0 0
331 57 0 0
330 57 0 0
329 57 0 0
328 57 0 0
327 57 0 0
326 57 0 0
330 56 0 0
329 56 0 0
328 56 0 0
327 56 0 0
326 56 0 0
325 56 0 0
324 56 0 0
329 55 0 0
328 55 0 0
327 55 0 0
326 55 0 0
325 55 0 0
324 55 0 0
323 55 0 0
328 54 0 0
327 54 0 0
326 54 0 0
325 54 0 0
324 54 0 0
323 54 0 0
322 54 0 0
327 53 0 0
326 53 0 0
325 53 0 0
324 53 0 0
323 53 0 0
322 53 0 0
321 53 0 0
320 53 0 0
327 52 0 0
326 52 0 0
325 52 0 0
324 52 0 0
323 52 0 0
322 52 0 0
321 52 0 0
320 52 0 0
325 51 0 0
324 51 0 0
323 51 0 0
322 51 0 0
321 51 0 0
320 51 0 0
319 51 0 0
324 50 0 0
323 50 0 0
322 50 0 0
321 50 0 0
320 50 0 0
319 50 0 0
318 50 0 0
323 49 0 0
322 49 0 0
321 49 0 0
320 49 0 0
319 49 0 0
318 49 0 0
317 49 0 0
322 48 0 0
321 48 0 0
320 48 0 0
319 48 0 0
318 48 0 0
317 48 0 0
316 48 0 0
315 48 0 0
321 47 0 0
320 47 0 0
319 47 0 0
318 47 0 0
317 47 0 0
316 47 0 0
315 47 0 0
314 47 0 0
321 46 0 0
320 46 0 0
319 46 0 0
318 46 0 0
317 46 0 0
316 46 0 0
315 46 0 0
314 46 0 0
319 45 0 0
318 45 0 0
317 45 0 0
316 45 0 0
315 45 0 0
314 45 0 0
313 45 0 0
318 44 0 0
317 44 0 0
316 44 0 0
315 44 0 0
314 44 0 0
313 44 0 0
312 44 0 0
316 43 0 0
315 43 0 0
314 43 0 0
313 43 0 0
312 43 0 0
311 43 0 0
314 42 0 0
313 42 0 0
312 42 0 0
311 42 0 0
310 42 0 0
309 42 0 0
308 42 0 0
314 41 0 0
313 41 0 0
312 41 0 0
311 41 0 0
310 41 0 0
309 41 0 0
308 41 0 0
313 40 0 0
312 40 0 0
311 40 0 0
310 40 0 0
309 40 0 0
308 40 0 0
307 40 0 0
312 39 0 0
311 39 0 0
310 39 0 0
309 39 0 0
308 39 0 0
307 39 0 0
306 39 0 0
311 38 0 0
310 38 0 0
309 38 0 0
308 38 0 0
307 38 0 0
306 38 0 0
305 38 0 0
304 38 0 0
310 37 0 0
309 37 0 0
308 37 0 0
307 37 0 0
306 37 0 0
305 37 0 0
304 37 0 0
303 37 0 0
308 36 0 0
307 36 0 0
306 36 0 0
305 36 0 0
304 36 0 0
303 36 0 0
302 36 0 0
308 35 0 0
307 35 0 0
306 35 0 0
305 35 0 0
304 35 0 0
303 35 0 0
302 35 0 0
307 34 0 0
306 34 0 0
305 34 0 0
304 34 0 0
303 34 0 0
302 34 0 0
301 34 0 0
306 33 0 0
305 33 0 0
304 33 0 0
303 33 0 0
302 33 0 0
301 33 0 0
300 33 0 0
305 32 0 0
304 32 0 0
303 32 0 0
302 32 0 0
301 32 0 0
300 32 0 0
299 32 0 0
298 32 0 0
303 31 0 0
302 31 0 0
301 31 0 0
300 31 0 0
299 31 0 0
298 31 0 0
297 31 0 0
303 30 0 0
302 30 0 0
301 30 0 0
300 30 0 0
299 30 0 0
298 30 0 0
297 30 0 0
302 29 0 0
301 29 0 0
300 29 0 0
299 29 0 0
298 29 0 0
297 29 0 0
296 29 0 0
301 28 0 0
300 28 0 0
299 28 0 0
298 28 0 0
297 28 0 0
296 28 0 0
295 28 0 0
300 27 0 0
299 27 0 0
298 27 0 0
297 27 0 0
296 27 0 0
295 27 0 0
294 27 0 0
293 27 0 0
299 26 0 0
298 26 0 0
297 26 0 0
296 26 0 0
295 26 0 0
294 26 0 0
293 26 0 0
292 26 0 0
296 25 0 0
295 25 0 0
294 25 0 0
293 25 0 0
292 25 0 0
291 25 0 0
290 25 0 0
296 24 0 0
295 24 0 0
294 24 0 0
293 24 0 0
292 24 0 0
291 24 0 0
290 24 0 0
295 23 0 0
294 23 0 0
293 23 0 0
292 23 0 0
291 23 0 0
290 23 0 0
289 23 0 0
294 22 0 0
293 22 0 0
292 22 0 0
291 22 0 0
290 22 0 0
289 22 0 0
288 22 0 0
287 22 0 0
292 21 0 0
291 21 0 0
290 21 0 0
289 21 0 0
288 21 0 0
287 21 0 0
286 21 0 0
291 20 0 0
290 20 0 0
289 20 0 0
288 20 0 0
287 20 0 0
286 20 0 0
285 20 0 0
289 19 0 0
288 19 0 0
287 19 0 0
286 19 0 0
289 18 0 0
288 18 0 0
287 18 0 0
286 18 0 0
288 17 0 0
287 17 0 0
