4065 600 450
336 404 0 1
335 404 0 1
337 403 0 1
336 403 0 1
335 403 0 1
334 403 0 1
337 402 0 1
336 402 0 1
335 402 0 1
334 402 0 1
338 401 0 1
337 401 0 1
336 401 0 1
335 401 0 1
334 401 0 1
333 401 0 1
338 400 0 1
337 400 0 1
336 400 0 1
335 400 0 1
334 400 0 1
333 400 0 1
338 399 0 1
337 399 0 1
336 399 0 1
335 399 0 1
334 399 0 1
333 399 0 1
338 398 0 1
337 398 0 1
336 398 0 1
335 398 0 1
334 398 0 1
333 398 0 1
338 397 0 1
337 397 0 1
336 397 0 1
335 397 0 1
334 397 0 1
333 397 0 1
338 396 0 1
337 396 0 1
336 396 0 1
335 396 0 1
334 396 0 1
333 396 0 1
338 395 0 1
337 395 0 1
336 395 0 1
335 395 0 1
334 395 0 1
333 395 0 1
338 394 0 1
337 394 0 1
336 394 0 1
335 394 0 1
334 394 0 1
333 394 0 1
338 393 0 1
337 393 0 1
336 393 0 1
335 393 0 1
334 393 0 1
333 393 0 1
338 392 0 1
337 392 0 1
336 392 0 1
335 392 0 1
334 392 0 1
333 392 0 1
338 391 0 1
337 391 0 1
336 391 0 1
335 391 0 1
334 391 0 1
333 391 0 1
338 390 0 1
337 390 0 1
336 390 0 1
335 390 0 1
334 390 0 1
333 390 0 1
338 389 0 1
337 389 0 1
336 389 0 1
335 389 0 1
334 389 0 1
333 389 0 1
338 388 0 1
337 388 0 1
336 388 0 1
335 388 0 1
334 388 0 1
333 388 0 1
338 387 0 1
337 387 0 1
336 387 0 1
335 387 0 1
334 387 0 1
333 387 0 1
338 386 0 1
337 386 0 1
336 386 0 1
335 386 0 1
334 386 0 1
333 386 0 1
338 385 0 1
337 385 0 1
336 385 0 1
335 385 0 1
334 385 0 1
333 385 0 1
338 384 0 1
337 384 0 1
336 384 0 1
335 384 0 1
334 384 0 1
333 384 0 1
338 383 0 1
337 383 0 1
336 383 0 1
335 383 0 1
334 383 0 1
333 383 0 1
337 382 0 1
336 382 0 1
335 382 0 1
334 382 0 1
333 382 0 1
332 382 0 1
337 381 0 1
336 381 0 1
335 381 0 1
334 381 0 1
333 381 0 1
332 381 0 1
337 380 0 1
336 380 0 1
335 380 0 1
334 380 0 1
333 380 0 1
332 380 0 1
337 379 0 1
336 379 0 1
335 379 0 1
334 379 0 1
333 379 0 1
332 379 0 1
337 378 0 1
336 378 0 1
335 378 0 1
334 378 0 1
333 378 0 1
332 378 0 1
337 377 0 1
336 377 0 1
335 377 0 1
334 377 0 1
333 377 0 1
332 377 0 1
337 376 0 1
336 376 0 1
335 376 0 1
334 376 0 1
333 376 0 1
332 376 0 1
337 375 0 1
336 375 0 1
335 375 0 1
334 375 0 1
333 375 0 1
332 375 0 1
337 374 0 1
336 374 0 1
335 374 0 1
334 374 0 1
333 374 0 1
332 374 0 1
337 373 0 1
336 373 0 1
335 373 0 1
334 373 0 1
333 373 0 1
332 373 0 1
337 372 0 1
336 372 0 1
335 372 0 1
334 372 0 1
333 372 0 1
332 372 0 1
337 371 0 1
336 371 0 1
335 371 0 1
334 371 0 1
333 371 0 1
332 371 0 1
337 370 0 1
336 370 0 1
335 370 0 1
334 370 0 1
333 370 0 1
332 370 0 1
337 369 0 1
336 369 0 1
335 369 0 1
334 369 0 1
333 369 0 1
332 369 0 1
337 368 0 1
336 368 0 1
335 368 0 1
334 368 0 1
333 368 0 1
332 368 0 1
337 367 0 1
336 367 0 1
335 367 0 1
334 367 0 1
333 367 0 1
332 367 0 1
337 366 0 1
336 366 0 1
335 366 0 1
334 366 0 1
333 366 0 1
332 366 0 1
337 365 0 1
336 365 0 1
335 365 0 1
334 365 0 1
333 365 0 1
332 365 0 1
337 364 0 1
336 364 0 1
335 364 0 1
334 364 0 1
333 364 0 1
332 364 0 1
337 363 0 1
336 363 0 1
335 363 0 1
334 363 0 1
333 363 0 1
332 363 0 1
337 362 0 1
336 362 0 1
335 362 0 1
334 362 0 1
333 362 0 1
332 362 0 1
337 361 0 1
336 361 0 1
335 361 0 1
334 361 0 1
333 361 0 1
332 361 0 1
337 360 0 1
336 360 0 1
335 360 0 1
334 360 0 1
333 360 0 1
332 360 0 1
337 359 0 1
336 359 0 1
335 359 0 1
334 359 0 1
333 359 0 1
332 359 0 1
337 358 0 1
336 358 0 1
335 358 0 1
334 358 0 1
333 358 0 1
332 358 0 1
337 357 0 1
336 357 0 1
335 357 0 1
334 357 0 1
333 357 0 1
332 357 0 1
337 356 0 1
336 356 0 1
335 356 0 1
334 356 0 1
333 356 0 1
332 356 0 1
337 355 0 1
336 355 0 1
335 355 0 1
334 355 0 1
333 355 0 1
332 355 0 1
337 354 0 1
336 354 0 1
335 354 0 1
334 354 0 1
333 354 0 1
332 354 0 1
337 353 0 1
336 353 0 1
335 353 0 1
334 353 0 1
333 353 0 1
332 353 0 1
337 352 0 1
336 352 0 1
335 352 0 1
334 352 0 1
333 352 0 1
332 352 0 1
337 351 0 1
336 351 0 1
335 351 0 1
334 351 0 1
333 351 0 1
332 351 0 1
337 350 0 1
336 350 0 1
335 350 0 1
334 350 0 1
333 350 0 1
332 350 0 1
337 349 0 1
336 349 0 1
335 349 0 1
334 349 0 1
333 349 0 1
332 349 0 1
337 348 0 1
336 348 0 1
335 348 0 1
334 348 0 1
333 348 0 1
332 348 0 1
337 347 0 1
336 347 0 1
335 347 0 1
334 347 0 1
333 347 0 1
332 347 0 1
337 346 0 1
336 346 0 1
335 346 0 1
334 346 0 1
333 346 0 1
332 346 0 1
338 345 0 1
337 345 0 1
336 345 0 1
335 345 0 1
334 345 0 1
333 345 0 1
338 344 0 1
337 344 0 1
336 344 0 1
335 344 0 1
334 344 0 1
333 344 0 1
338 343 0 1
337 343 0 1
336 343 0 1
335 343 0 1
334 343 0 1
333 343 0 1
338 342 0 1
337 342 0 1
336 342 0 1
335 342 0 1
334 342 0 1
333 342 0 1
338 341 0 1
337 341 0 1
336 341 0 1
335 341 0 1
334 341 0 1
333 341 0 1
338 340 0 1
337 340 0 1
336 340 0 1
335 340 0 1
334 340 0 1
333 340 0 1
338 339 0 1
337 339 0 1
336 339 0 1
335 339 0 1
334 339 0 1
333 339 0 1
338 338 0 1
337 338 0 1
336 338 0 1
335 338 0 1
334 338 0 1
333 338 0 1
338 337 0 1
337 337 0 1
336 337 0 1
335 337 0 1
334 337 0 1
333 337 0 1
338 336 0 1
337 336 0 1
336 336 0 1
335 336 0 1
334 336 0 1
333 336 0 1
338 335 0 1
337 335 0 1
336 335 0 1
335 335 0 1
334 335 0 1
333 335 0 1
339 334 0 1
338 334 0 1
337 334 0 1
336 334 0 1
335 334 0 1
334 334 0 1
339 333 0 1
338 333 0 1
337 333 0 1
336 333 0 1
335 333 0 1
334 333 0 1
339 332 0 1
338 332 0 1
337 332 0 1
336 332 0 1
335 332 0 1
334 332 0 1
339 331 0 1
338 331 0 1
337 331 0 1
336 331 0 1
335 331 0 1
334 331 0 1
339 330 0 1
338 330 0 1
337 330 0 1
336 330 0 1
335 330 0 1
334 330 0 1
339 329 0 1
338 329 0 1
337 329 0 1
336 329 0 1
335 329 0 1
334 329 0 1
339 328 0 1
338 328 0 1
337 328 0 1
336 328 0 1
335 328 0 1
334 328 0 1
339 327 0 1
338 327 0 1
337 327 0 1
336 327 0 1
335 327 0 1
334 327 0 1
339 326 0 1
338 326 0 1
337 326 0 1
336 326 0 1
335 326 0 1
334 326 0 1
339 325 0 1
338 325 0 1
337 325 0 1
336 325 0 1
335 325 0 1
334 325 0 1
339 324 0 1
338 324 0 1
337 324 0 1
336 324 0 1
335 324 0 1
334 324 0 1
340 323 0 1
339 323 0 1
338 323 0 1
337 323 0 1
336 323 0 1
335 323 0 1
340 322 0 1
339 322 0 1
338 322 0 1
337 322 0 1
336 322 0 1
335 322 0 1
340 321 0 1
339 321 0 1
338 321 0 1
337 321 0 1
336 321 0 1
335 321 0 1
340 320 0 1
339 320 0 1
338 320 0 1
337 320 0 1
336 320 0 1
335 320 0 1
340 319 0 1
339 319 0 1
338 319 0 1
337 319 0 1
336 319 0 1
335 319 0 1
340 318 0 1
339 318 0 1
338 318 0 1
337 318 0 1
336 318 0 1
335 318 0 1
340 317 0 1
339 317 0 1
338 317 0 1
337 317 0 1
336 317 0 1
335 317 0 1
340 316 0 1
339 316 0 1
338 316 0 1
337 316 0 1
336 316 0 1
335 316 0 1
340 315 0 1
339 315 0 1
338 315 0 1
337 315 0 1
336 315 0 1
335 315 0 1
342 314 0 1
341 314 0 1
340 314 0 1
339 314 0 1
338 314 0 1
337 314 0 1
342 313 0 1
341 313 0 1
340 313 0 1
339 313 0 1
338 313 0 1
337 313 0 1
342 312 0 1
341 312 0 1
340 312 0 1
339 312 0 1
338 312 0 1
337 312 0 1
342 311 0 1
341 311 0 1
340 311 0 1
339 311 0 1
338 311 0 1
337 311 0 1
342 310 0 1
341 310 0 1
340 310 0 1
339 310 0 1
338 310 0 1
337 310 0 1
342 309 0 1
341 309 0 1
340 309 0 1
339 309 0 1
338 309 0 1
337 309 0 1
342 308 0 1
341 308 0 1
340 308 0 1
339 308 0 1
338 308 0 1
337 308 0 1
342 307 0 1
341 307 0 1
340 307 0 1
339 307 0 1
338 307 0 1
337 307 0 1
342 306 0 1
341 306 0 1
340 306 0 1
339 306 0 1
338 306 0 1
337 306 0 1
342 305 0 1
341 305 0 1
340 305 0 1
339 305 0 1
338 305 0 1
337 305 0 1
342 304 0 1
341 304 0 1
340 304 0 1
339 304 0 1
338 304 0 1
337 304 0 1
343 303 0 1
342 303 0 1
341 303 0 1
340 303 0 1
339 303 0 1
338 303 0 1
343 302 0 1
342 302 0 1
341 302 0 1
340 302 0 1
339 302 0 1
338 302 0 1
343 301 0 1
342 301 0 1
341 301 0 1
340 301 0 1
339 301 0 1
338 301 0 1
343 300 0 1
342 300 0 1
341 300 0 1
340 300 0 1
339 300 0 1
338 300 0 1
343 299 0 1
342 299 0 1
341 299 0 1
340 299 0 1
339 299 0 1
338 299 0 1
343 298 0 1
342 298 0 1
341 298 0 1
340 298 0 1
339 298 0 1
338 298 0 1
343 297 0 1
342 297 0 1
341 297 0 1
340 297 0 1
339 297 0 1
338 297 0 1
343 296 0 1
342 296 0 1
341 296 0 1
340 296 0 1
339 296 0 1
338 296 0 1
343 295 0 1
342 295 0 1
341 295 0 1
340 295 0 1
339 295 0 1
338 295 0 1
343 294 0 1
342 294 0 1
341 294 0 1
340 294 0 1
339 294 0 1
338 294 0 1
343 293 0 1
342 293 0 1
341 293 0 1
340 293 0 1
339 293 0 1
338 293 0 1
344 292 0 1
343 292 0 1
342 292 0 1
341 292 0 1
340 292 0 1
339 292 0 1
344 291 0 1
343 291 0 1
342 291 0 1
341 291 0 1
340 291 0 1
339 291 0 1
344 290 0 1
343 290 0 1
342 290 0 1
341 290 0 1
340 290 0 1
339 290 0 1
344 289 0 1
343 289 0 1
342 289 0 1
341 289 0 1
340 289 0 1
339 289 0 1
344 288 0 1
343 288 0 1
342 288 0 1
341 288 0 1
340 288 0 1
339 288 0 1
344 287 0 1
343 287 0 1
342 287 0 1
341 287 0 1
340 287 0 1
339 287 0 1
344 286 0 1
343 286 0 1
342 286 0 1
341 286 0 1
340 286 0 1
339 286 0 1
344 285 0 1
343 285 0 1
342 285 0 1
341 285 0 1
340 285 0 1
339 285 0 1
344 284 0 1
343 284 0 1
342 284 0 1
341 284 0 1
340 284 0 1
339 284 0 1
345 283 0 1
344 283 0 1
343 283 0 1
342 283 0 1
341 283 0 1
340 283 0 1
339 283 0 1
345 282 0 1
344 282 0 1
343 282 0 1
342 282 0 1
341 282 0 1
340 282 0 1
345 281 0 1
344 281 0 1
343 281 0 1
342 281 0 1
341 281 0 1
340 281 0 1
345 280 0 1
344 280 0 1
343 280 0 1
342 280 0 1
341 280 0 1
340 280 0 1
345 279 0 1
344 279 0 1
343 279 0 1
342 279 0 1
341 279 0 1
340 279 0 1
345 278 0 1
344 278 0 1
343 278 0 1
342 278 0 1
341 278 0 1
340 278 0 1
345 277 0 1
344 277 0 1
343 277 0 1
342 277 0 1
341 277 0 1
340 277 0 1
345 276 0 1
344 276 0 1
343 276 0 1
342 276 0 1
341 276 0 1
340 276 0 1
345 275 0 1
344 275 0 1
343 275 0 1
342 275 0 1
341 275 0 1
340 275 0 1
345 274 0 1
344 274 0 1
343 274 0 1
342 274 0 1
341 274 0 1
340 274 0 1
345 273 0 1
344 273 0 1
343 273 0 1
342 273 0 1
341 273 0 1
340 273 0 1
347 272 0 1
346 272 0 1
345 272 0 1
344 272 0 1
343 272 0 1
342 272 0 1
341 272 0 1
347 271 0 1
346 271 0 1
345 271 0 1
344 271 0 1
343 271 0 1
342 271 0 1
341 271 0 1
347 270 0 1
346 270 0 1
345 270 0 1
344 270 0 1
343 270 0 1
342 270 0 1
341 270 0 1
347 269 0 1
346 269 0 1
345 269 0 1
344 269 0 1
343 269 0 1
342 269 0 1
341 269 0 1
347 268 0 1
346 268 0 1
345 268 0 1
344 268 0 1
343 268 0 1
342 268 0 1
341 268 0 1
347 267 0 1
346 267 0 1
345 267 0 1
344 267 0 1
343 267 0 1
342 267 0 1
341 267 0 1
347 266 0 1
346 266 0 1
345 266 0 1
344 266 0 1
343 266 0 1
342 266 0 1
341 266 0 1
347 265 0 1
346 265 0 1
345 265 0 1
344 265 0 1
343 265 0 1
342 265 0 1
341 265 0 1
347 264 0 1
346 264 0 1
345 264 0 1
344 264 0 1
343 264 0 1
342 264 0 1
341 264 0 1
347 263 0 1
346 263 0 1
345 263 0 1
344 263 0 1
343 263 0 1
342 263 0 1
341 263 0 1
347 262 0 1
346 262 0 1
345 262 0 1
344 262 0 1
343 262 0 1
342 262 0 1
341 262 0 1
348 261 0 1
347 261 0 1
346 261 0 1
345 261 0 1
344 261 0 1
343 261 0 1
348 260 0 1
347 260 0 1
346 260 0 1
345 260 0 1
344 260 0 1
343 260 0 1
348 259 0 1
347 259 0 1
346 259 0 1
345 259 0 1
344 259 0 1
343 259 0 1
348 258 0 1
347 258 0 1
346 258 0 1
345 258 0 1
344 258 0 1
343 258 0 1
348 257 0 1
347 257 0 1
346 257 0 1
345 257 0 1
344 257 0 1
343 257 0 1
348 256 0 1
347 256 0 1
346 256 0 1
345 256 0 1
344 256 0 1
343 256 0 1
348 255 0 1
347 255 0 1
346 255 0 1
345 255 0 1
344 255 0 1
343 255 0 1
348 254 0 1
347 254 0 1
346 254 0 1
345 254 0 1
344 254 0 1
343 254 0 1
348 253 0 1
347 253 0 1
346 253 0 1
345 253 0 1
344 253 0 1
343 253 0 1
348 252 0 1
347 252 0 1
346 252 0 1
345 252 0 1
344 252 0 1
343 252 0 1
348 251 0 1
347 251 0 1
346 251 0 1
345 251 0 1
344 251 0 1
343 251 0 1
349 250 0 1
348 250 0 1
347 250 0 1
346 250 0 1
345 250 0 1
344 250 0 1
349 249 0 1
348 249 0 1
347 249 0 1
346 249 0 1
345 249 0 1
344 249 0 1
349 248 0 1
348 248 0 1
347 248 0 1
346 248 0 1
345 248 0 1
344 248 0 1
349 247 0 1
348 247 0 1
347 247 0 1
346 247 0 1
345 247 0 1
344 247 0 1
349 246 0 1
348 246 0 1
347 246 0 1
346 246 0 1
345 246 0 1
344 246 0 1
349 245 0 1
348 245 0 1
347 245 0 1
346 245 0 1
345 245 0 1
344 245 0 1
73 245 0 0
349 244 0 1
348 244 0 1
347 244 0 1
346 244 0 1
345 244 0 1
344 244 0 1
75 244 0 0
74 244 0 0
73 244 0 0
72 244 0 0
349 243 0 1
348 243 0 1
347 243 0 1
346 243 0 1
345 243 0 1
344 243 0 1
76 243 0 0
75 243 0 0
74 243 0 0
73 243 0 0
72 243 0 0
71 243 0 0
516 242 0 0
349 242 0 1
348 242 0 1
347 242 0 1
346 242 0 1
345 242 0 1
344 242 0 1
76 242 0 0
75 242 0 0
74 242 0 0
73 242 0 0
72 242 0 0
71 242 0 0
516 241 0 0
349 241 0 1
348 241 0 1
347 241 0 1
346 241 0 1
345 241 0 1
344 241 0 1
76 241 0 0
75 241 0 0
74 241 0 0
73 241 0 0
72 241 0 0
71 241 0 0
517 240 0 0
516 240 0 0
515 240 0 0
350 240 0 1
349 240 0 1
348 240 0 1
347 240 0 1
346 240 0 1
345 240 0 1
76 240 0 0
75 240 0 0
74 240 0 0
73 240 0 0
72 240 0 0
71 240 0 0
519 239 0 0
518 239 0 0
517 239 0 0
516 239 0 0
515 239 0 0
514 239 0 0
513 239 0 0
350 239 0 1
349 239 0 1
348 239 0 1
347 239 0 1
346 239 0 1
345 239 0 1
76 239 0 0
75 239 0 0
74 239 0 0
73 239 0 0
72 239 0 0
71 239 0 0
519 238 0 0
518 238 0 0
517 238 0 0
516 238 0 0
515 238 0 0
514 238 0 0
513 238 0 0
350 238 0 1
349 238 0 1
348 238 0 1
347 238 0 1
346 238 0 1
345 238 0 1
77 238 0 0
76 238 0 0
75 238 0 0
74 238 0 0
73 238 0 0
72 238 0 0
517 237 0 0
516 237 0 0
515 237 0 0
514 237 0 0
513 237 0 0
512 237 0 0
350 237 0 1
349 237 0 1
348 237 0 1
347 237 0 1
346 237 0 1
345 237 0 1
77 237 0 0
76 237 0 0
75 237 0 0
74 237 0 0
73 237 0 0
72 237 0 0
517 236 0 0
516 236 0 0
515 236 0 0
514 236 0 0
513 236 0 0
512 236 0 0
350 236 0 1
349 236 0 1
348 236 0 1
347 236 0 1
346 236 0 1
345 236 0 1
78 236 0 0
77 236 0 0
76 236 0 0
75 236 0 0
74 236 0 0
73 236 0 0
517 235 0 0
516 235 0 0
515 235 0 0
514 235 0 0
513 235 0 0
512 235 0 0
350 235 0 1
349 235 0 1
348 235 0 1
347 235 0 1
346 235 0 1
345 235 0 1
78 235 0 0
77 235 0 0
76 235 0 0
75 235 0 0
74 235 0 0
73 235 0 0
517 234 0 0
516 234 0 0
515 234 0 0
514 234 0 0
513 234 0 0
512 234 0 0
350 234 0 1
349 234 0 1
348 234 0 1
347 234 0 1
346 234 0 1
345 234 0 1
78 234 0 0
77 234 0 0
76 234 0 0
75 234 0 0
74 234 0 0
73 234 0 0
517 233 0 0
516 233 0 0
515 233 0 0
514 233 0 0
513 233 0 0
512 233 0 0
350 233 0 1
349 233 0 1
348 233 0 1
347 233 0 1
346 233 0 1
345 233 0 1
79 233 0 0
78 233 0 0
77 233 0 0
76 233 0 0
75 233 0 0
74 233 0 0
517 232 0 0
516 232 0 0
515 232 0 0
514 232 0 0
513 232 0 0
512 232 0 0
511 232 0 0
350 232 0 1
349 232 0 1
348 232 0 1
347 232 0 1
346 232 0 1
345 232 0 1
79 232 0 0
78 232 0 0
77 232 0 0
76 232 0 0
75 232 0 0
74 232 0 0
516 231 0 0
515 231 0 0
514 231 0 0
513 231 0 0
512 231 0 0
511 231 0 0
350 231 0 1
349 231 0 1
348 231 0 1
347 231 0 1
346 231 0 1
345 231 0 1
81 231 0 0
80 231 0 0
79 231 0 0
78 231 0 0
77 231 0 0
76 231 0 0
516 230 0 0
515 230 0 0
514 230 0 0
513 230 0 0
512 230 0 0
511 230 0 0
350 230 0 1
349 230 0 1
348 230 0 1
347 230 0 1
346 230 0 1
345 230 0 1
81 230 0 0
80 230 0 0
79 230 0 0
78 230 0 0
77 230 0 0
76 230 0 0
515 229 0 0
514 229 0 0
513 229 0 0
512 229 0 0
511 229 0 0
510 229 0 0
351 229 0 1
350 229 0 1
349 229 0 1
348 229 0 1
347 229 0 1
346 229 0 1
81 229 0 0
80 229 0 0
79 229 0 0
78 229 0 0
77 229 0 0
76 229 0 0
515 228 0 0
514 228 0 0
513 228 0 0
512 228 0 0
511 228 0 0
510 228 0 0
351 228 0 1
350 228 0 1
349 228 0 1
348 228 0 1
347 228 0 1
346 228 0 1
82 228 0 0
81 228 0 0
80 228 0 0
79 228 0 0
78 228 0 0
77 228 0 0
514 227 0 0
513 227 0 0
512 227 0 0
511 227 0 0
510 227 0 0
509 227 0 0
351 227 0 1
350 227 0 1
349 227 0 1
348 227 0 1
347 227 0 1
346 227 0 1
82 227 0 0
81 227 0 0
80 227 0 0
79 227 0 0
78 227 0 0
77 227 0 0
514 226 0 0
513 226 0 0
512 226 0 0
511 226 0 0
510 226 0 0
509 226 0 0
351 226 0 1
350 226 0 1
349 226 0 1
348 226 0 1
347 226 0 1
346 226 0 1
82 226 0 0
81 226 0 0
80 226 0 0
79 226 0 0
78 226 0 0
77 226 0 0
512 225 0 0
511 225 0 0
510 225 0 0
509 225 0 0
508 225 0 0
507 225 0 0
351 225 0 1
350 225 0 1
349 225 0 1
348 225 0 1
347 225 0 1
346 225 0 1
83 225 0 0
82 225 0 0
81 225 0 0
80 225 0 0
79 225 0 0
78 225 0 0
512 224 0 0
511 224 0 0
510 224 0 0
509 224 0 0
508 224 0 0
507 224 0 0
351 224 0 1
350 224 0 1
349 224 0 1
348 224 0 1
347 224 0 1
346 224 0 1
83 224 0 0
82 224 0 0
81 224 0 0
80 224 0 0
79 224 0 0
78 224 0 0
512 223 0 0
511 223 0 0
510 223 0 0
509 223 0 0
508 223 0 0
507 223 0 0
351 223 0 1
350 223 0 1
349 223 0 1
348 223 0 1
347 223 0 1
346 223 0 1
84 223 0 0
83 223 0 0
82 223 0 0
81 223 0 0
80 223 0 0
79 223 0 0
511 222 0 0
510 222 0 0
509 222 0 0
508 222 0 0
507 222 0 0
506 222 0 0
351 222 0 1
350 222 0 1
349 222 0 1
348 222 0 1
347 222 0 1
346 222 0 1
84 222 0 0
83 222 0 0
82 222 0 0
81 222 0 0
80 222 0 0
79 222 0 0
511 221 0 0
510 221 0 0
509 221 0 0
508 221 0 0
507 221 0 0
506 221 0 0
351 221 0 1
350 221 0 1
349 221 0 1
348 221 0 1
347 221 0 1
346 221 0 1
84 221 0 0
83 221 0 0
82 221 0 0
81 221 0 0
80 221 0 0
79 221 0 0
511 220 0 0
510 220 0 0
509 220 0 0
508 220 0 0
507 220 0 0
506 220 0 0
351 220 0 1
350 220 0 1
349 220 0 1
348 220 0 1
347 220 0 1
346 220 0 1
86 220 0 0
85 220 0 0
84 220 0 0
83 220 0 0
82 220 0 0
81 220 0 0
80 220 0 0
510 219 0 0
509 219 0 0
508 219 0 0
507 219 0 0
506 219 0 0
505 219 0 0
353 219 0 1
352 219 0 1
351 219 0 1
350 219 0 1
349 219 0 1
348 219 0 1
86 219 0 0
85 219 0 0
84 219 0 0
83 219 0 0
82 219 0 0
81 219 0 0
80 219 0 0
510 218 0 0
509 218 0 0
508 218 0 0
507 218 0 0
506 218 0 0
505 218 0 0
353 218 0 1
352 218 0 1
351 218 0 1
350 218 0 1
349 218 0 1
348 218 0 1
86 218 0 0
85 218 0 0
84 218 0 0
83 218 0 0
82 218 0 0
81 218 0 0
80 218 0 0
510 217 0 0
509 217 0 0
508 217 0 0
507 217 0 0
506 217 0 0
505 217 0 0
353 217 0 1
352 217 0 1
351 217 0 1
350 217 0 1
349 217 0 1
348 217 0 1
87 217 0 0
86 217 0 0
85 217 0 0
84 217 0 0
83 217 0 0
82 217 0 0
510 216 0 0
509 216 0 0
508 216 0 0
507 216 0 0
506 216 0 0
505 216 0 0
353 216 0 1
352 216 0 1
351 216 0 1
350 216 0 1
349 216 0 1
348 216 0 1
87 216 0 0
86 216 0 0
85 216 0 0
84 216 0 0
83 216 0 0
82 216 0 0
509 215 0 0
508 215 0 0
507 215 0 0
506 215 0 0
505 215 0 0
504 215 0 0
353 215 0 1
352 215 0 1
351 215 0 1
350 215 0 1
349 215 0 1
348 215 0 1
88 215 0 0
87 215 0 0
86 215 0 0
85 215 0 0
84 215 0 0
83 215 0 0
509 214 0 0
508 214 0 0
507 214 0 0
506 214 0 0
505 214 0 0
504 214 0 0
353 214 0 1
352 214 0 1
351 214 0 1
350 214 0 1
349 214 0 1
348 214 0 1
88 214 0 0
87 214 0 0
86 214 0 0
85 214 0 0
84 214 0 0
83 214 0 0
509 213 0 0
508 213 0 0
507 213 0 0
506 213 0 0
505 213 0 0
504 213 0 0
353 213 0 1
352 213 0 1
351 213 0 1
350 213 0 1
349 213 0 1
348 213 0 1
88 213 0 0
87 213 0 0
86 213 0 0
85 213 0 0
84 213 0 0
83 213 0 0
509 212 0 0
508 212 0 0
507 212 0 0
506 212 0 0
505 212 0 0
504 212 0 0
353 212 0 1
352 212 0 1
351 212 0 1
350 212 0 1
349 212 0 1
348 212 0 1
89 212 0 0
88 212 0 0
87 212 0 0
86 212 0 0
85 212 0 0
84 212 0 0
83 212 0 0
508 211 0 0
507 211 0 0
506 211 0 0
505 211 0 0
504 211 0 0
503 211 0 0
502 211 0 0
353 211 0 1
352 211 0 1
351 211 0 1
350 211 0 1
349 211 0 1
348 211 0 1
89 211 0 0
88 211 0 0
87 211 0 0
86 211 0 0
85 211 0 0
84 211 0 0
508 210 0 0
507 210 0 0
506 210 0 0
505 210 0 0
504 210 0 0
503 210 0 0
502 210 0 0
353 210 0 1
352 210 0 1
351 210 0 1
350 210 0 1
349 210 0 1
348 210 0 1
90 210 0 0
89 210 0 0
88 210 0 0
87 210 0 0
86 210 0 0
85 210 0 0
506 209 0 0
505 209 0 0
504 209 0 0
503 209 0 0
502 209 0 0
501 209 0 0
354 209 0 1
353 209 0 1
352 209 0 1
351 209 0 1
350 209 0 1
349 209 0 1
90 209 0 0
89 209 0 0
88 209 0 0
87 209 0 0
86 209 0 0
85 209 0 0
506 208 0 0
505 208 0 0
504 208 0 0
503 208 0 0
502 208 0 0
501 208 0 0
354 208 0 1
353 208 0 1
352 208 0 1
351 208 0 1
350 208 0 1
349 208 0 1
90 208 0 0
89 208 0 0
88 208 0 0
87 208 0 0
86 208 0 0
85 208 0 0
506 207 0 0
505 207 0 0
504 207 0 0
503 207 0 0
502 207 0 0
501 207 0 0
354 207 0 1
353 207 0 1
352 207 0 1
351 207 0 1
350 207 0 1
349 207 0 1
90 207 0 0
89 207 0 0
88 207 0 0
87 207 0 0
86 207 0 0
85 207 0 0
506 206 0 0
505 206 0 0
504 206 0 0
503 206 0 0
502 206 0 0
501 206 0 0
354 206 0 1
353 206 0 1
352 206 0 1
351 206 0 1
350 206 0 1
349 206 0 1
92 206 0 0
91 206 0 0
90 206 0 0
89 206 0 0
88 206 0 0
87 206 0 0
505 205 0 0
504 205 0 0
503 205 0 0
502 205 0 0
501 205 0 0
500 205 0 0
354 205 0 1
353 205 0 1
352 205 0 1
351 205 0 1
350 205 0 1
349 205 0 1
92 205 0 0
91 205 0 0
90 205 0 0
89 205 0 0
88 205 0 0
87 205 0 0
505 204 0 0
504 204 0 0
503 204 0 0
502 204 0 0
501 204 0 0
500 204 0 0
354 204 0 1
353 204 0 1
352 204 0 1
351 204 0 1
350 204 0 1
349 204 0 1
93 204 0 0
92 204 0 0
91 204 0 0
90 204 0 0
89 204 0 0
88 204 0 0
505 203 0 0
504 203 0 0
503 203 0 0
502 203 0 0
501 203 0 0
500 203 0 0
354 203 0 1
353 203 0 1
352 203 0 1
351 203 0 1
350 203 0 1
349 203 0 1
93 203 0 0
92 203 0 0
91 203 0 0
90 203 0 0
89 203 0 0
88 203 0 0
505 202 0 0
504 202 0 0
503 202 0 0
502 202 0 0
501 202 0 0
500 202 0 0
354 202 0 1
353 202 0 1
352 202 0 1
351 202 0 1
350 202 0 1
349 202 0 1
93 202 0 0
92 202 0 0
91 202 0 0
90 202 0 0
89 202 0 0
88 202 0 0
504 201 0 0
503 201 0 0
502 201 0 0
501 201 0 0
500 201 0 0
499 201 0 0
354 201 0 1
353 201 0 1
352 201 0 1
351 201 0 1
350 201 0 1
349 201 0 1
94 201 0 0
93 201 0 0
92 201 0 0
91 201 0 0
90 201 0 0
89 201 0 0
504 200 0 0
503 200 0 0
502 200 0 0
501 200 0 0
500 200 0 0
499 200 0 0
353 200 0 1
352 200 0 1
351 200 0 1
350 200 0 1
94 200 0 0
93 200 0 0
92 200 0 0
91 200 0 0
90 200 0 0
89 200 0 0
504 199 0 0
503 199 0 0
502 199 0 0
501 199 0 0
500 199 0 0
499 199 0 0
351 199 0 1
95 199 0 0
94 199 0 0
93 199 0 0
92 199 0 0
91 199 0 0
90 199 0 0
503 198 0 0
502 198 0 0
501 198 0 0
500 198 0 0
499 198 0 0
498 198 0 0
95 198 0 0
94 198 0 0
93 198 0 0
92 198 0 0
91 198 0 0
90 198 0 0
503 197 0 0
502 197 0 0
501 197 0 0
500 197 0 0
499 197 0 0
498 197 0 0
97 197 0 0
96 197 0 0
95 197 0 0
94 197 0 0
93 197 0 0
92 197 0 0
91 197 0 0
503 196 0 0
502 196 0 0
501 196 0 0
500 196 0 0
499 196 0 0
498 196 0 0
97 196 0 0
96 196 0 0
95 196 0 0
94 196 0 0
93 196 0 0
92 196 0 0
91 196 0 0
503 195 0 0
502 195 0 0
501 195 0 0
500 195 0 0
499 195 0 0
498 195 0 0
97 195 0 0
96 195 0 0
95 195 0 0
94 195 0 0
93 195 0 0
92 195 0 0
91 195 0 0
501 194 0 0
500 194 0 0
499 194 0 0
498 194 0 0
497 194 0 0
496 194 0 0
97 194 0 0
96 194 0 0
95 194 0 0
94 194 0 0
93 194 0 0
92 194 0 0
91 194 0 0
501 193 0 0
500 193 0 0
499 193 0 0
498 193 0 0
497 193 0 0
496 193 0 0
98 193 0 0
97 193 0 0
96 193 0 0
95 193 0 0
94 193 0 0
93 193 0 0
501 192 0 0
500 192 0 0
499 192 0 0
498 192 0 0
497 192 0 0
496 192 0 0
98 192 0 0
97 192 0 0
96 192 0 0
95 192 0 0
94 192 0 0
93 192 0 0
501 191 0 0
500 191 0 0
499 191 0 0
498 191 0 0
497 191 0 0
496 191 0 0
98 191 0 0
97 191 0 0
96 191 0 0
95 191 0 0
94 191 0 0
93 191 0 0
500 190 0 0
499 190 0 0
498 190 0 0
497 190 0 0
496 190 0 0
495 190 0 0
99 190 0 0
98 190 0 0
97 190 0 0
96 190 0 0
95 190 0 0
94 190 0 0
500 189 0 0
499 189 0 0
498 189 0 0
497 189 0 0
496 189 0 0
495 189 0 0
100 189 0 0
99 189 0 0
98 189 0 0
97 189 0 0
96 189 0 0
95 189 0 0
499 188 0 0
498 188 0 0
497 188 0 0
496 188 0 0
495 188 0 0
494 188 0 0
100 188 0 0
99 188 0 0
98 188 0 0
97 188 0 0
96 188 0 0
95 188 0 0
499 187 0 0
498 187 0 0
497 187 0 0
496 187 0 0
495 187 0 0
494 187 0 0
100 187 0 0
99 187 0 0
98 187 0 0
97 187 0 0
96 187 0 0
95 187 0 0
499 186 0 0
498 186 0 0
497 186 0 0
496 186 0 0
495 186 0 0
494 186 0 0
101 186 0 0
100 186 0 0
99 186 0 0
98 186 0 0
97 186 0 0
96 186 0 0
499 185 0 0
498 185 0 0
497 185 0 0
496 185 0 0
495 185 0 0
494 185 0 0
101 185 0 0
100 185 0 0
99 185 0 0
98 185 0 0
97 185 0 0
96 185 0 0
498 184 0 0
497 184 0 0
496 184 0 0
495 184 0 0
494 184 0 0
493 184 0 0
101 184 0 0
100 184 0 0
99 184 0 0
98 184 0 0
97 184 0 0
96 184 0 0
498 183 0 0
497 183 0 0
496 183 0 0
495 183 0 0
494 183 0 0
493 183 0 0
103 183 0 0
102 183 0 0
101 183 0 0
100 183 0 0
99 183 0 0
98 183 0 0
498 182 0 0
497 182 0 0
496 182 0 0
495 182 0 0
494 182 0 0
493 182 0 0
103 182 0 0
102 182 0 0
101 182 0 0
100 182 0 0
99 182 0 0
98 182 0 0
498 181 0 0
497 181 0 0
496 181 0 0
495 181 0 0
494 181 0 0
493 181 0 0
103 181 0 0
102 181 0 0
101 181 0 0
100 181 0 0
99 181 0 0
98 181 0 0
498 180 0 0
497 180 0 0
496 180 0 0
495 180 0 0
494 180 0 0
493 180 0 0
103 180 0 0
102 180 0 0
101 180 0 0
100 180 0 0
99 180 0 0
98 180 0 0
497 179 0 0
496 179 0 0
495 179 0 0
494 179 0 0
493 179 0 0
492 179 0 0
491 179 0 0
104 179 0 0
103 179 0 0
102 179 0 0
101 179 0 0
100 179 0 0
99 179 0 0
497 178 0 0
496 178 0 0
495 178 0 0
494 178 0 0
493 178 0 0
492 178 0 0
491 178 0 0
105 178 0 0
104 178 0 0
103 178 0 0
102 178 0 0
101 178 0 0
100 178 0 0
99 178 0 0
495 177 0 0
494 177 0 0
493 177 0 0
492 177 0 0
491 177 0 0
490 177 0 0
105 177 0 0
104 177 0 0
103 177 0 0
102 177 0 0
101 177 0 0
100 177 0 0
495 176 0 0
494 176 0 0
493 176 0 0
492 176 0 0
491 176 0 0
490 176 0 0
489 176 0 0
106 176 0 0
105 176 0 0
104 176 0 0
103 176 0 0
102 176 0 0
101 176 0 0
494 175 0 0
493 175 0 0
492 175 0 0
491 175 0 0
490 175 0 0
489 175 0 0
106 175 0 0
105 175 0 0
104 175 0 0
103 175 0 0
102 175 0 0
101 175 0 0
494 174 0 0
493 174 0 0
492 174 0 0
491 174 0 0
490 174 0 0
489 174 0 0
106 174 0 0
105 174 0 0
104 174 0 0
103 174 0 0
102 174 0 0
101 174 0 0
493 173 0 0
492 173 0 0
491 173 0 0
490 173 0 0
489 173 0 0
488 173 0 0
106 173 0 0
105 173 0 0
104 173 0 0
103 173 0 0
102 173 0 0
101 173 0 0
493 172 0 0
492 172 0 0
491 172 0 0
490 172 0 0
489 172 0 0
488 172 0 0
108 172 0 0
107 172 0 0
106 172 0 0
105 172 0 0
104 172 0 0
103 172 0 0
102 172 0 0
492 171 0 0
491 171 0 0
490 171 0 0
489 171 0 0
488 171 0 0
487 171 0 0
108 171 0 0
107 171 0 0
106 171 0 0
105 171 0 0
104 171 0 0
103 171 0 0
102 171 0 0
492 170 0 0
491 170 0 0
490 170 0 0
489 170 0 0
488 170 0 0
487 170 0 0
109 170 0 0
108 170 0 0
107 170 0 0
106 170 0 0
105 170 0 0
104 170 0 0
490 169 0 0
489 169 0 0
488 169 0 0
487 169 0 0
486 169 0 0
485 169 0 0
109 169 0 0
108 169 0 0
107 169 0 0
106 169 0 0
105 169 0 0
104 169 0 0
490 168 0 0
489 168 0 0
488 168 0 0
487 168 0 0
486 168 0 0
485 168 0 0
109 168 0 0
108 168 0 0
107 168 0 0
106 168 0 0
105 168 0 0
104 168 0 0
490 167 0 0
489 167 0 0
488 167 0 0
487 167 0 0
486 167 0 0
485 167 0 0
484 167 0 0
110 167 0 0
109 167 0 0
108 167 0 0
107 167 0 0
106 167 0 0
105 167 0 0
104 167 0 0
489 166 0 0
488 166 0 0
487 166 0 0
486 166 0 0
485 166 0 0
484 166 0 0
110 166 0 0
109 166 0 0
108 166 0 0
107 166 0 0
106 166 0 0
105 166 0 0
488 165 0 0
487 165 0 0
486 165 0 0
485 165 0 0
484 165 0 0
483 165 0 0
111 165 0 0
110 165 0 0
109 165 0 0
108 165 0 0
107 165 0 0
106 165 0 0
488 164 0 0
487 164 0 0
486 164 0 0
485 164 0 0
484 164 0 0
483 164 0 0
111 164 0 0
110 164 0 0
109 164 0 0
108 164 0 0
107 164 0 0
106 164 0 0
488 163 0 0
487 163 0 0
486 163 0 0
485 163 0 0
484 163 0 0
483 163 0 0
111 163 0 0
110 163 0 0
109 163 0 0
108 163 0 0
107 163 0 0
106 163 0 0
487 162 0 0
486 162 0 0
485 162 0 0
484 162 0 0
483 162 0 0
482 162 0 0
112 162 0 0
111 162 0 0
110 162 0 0
109 162 0 0
108 162 0 0
107 162 0 0
487 161 0 0
486 161 0 0
485 161 0 0
484 161 0 0
483 161 0 0
482 161 0 0
112 161 0 0
111 161 0 0
110 161 0 0
109 161 0 0
108 161 0 0
107 161 0 0
486 160 0 0
485 160 0 0
484 160 0 0
483 160 0 0
482 160 0 0
481 160 0 0
480 160 0 0
112 160 0 0
111 160 0 0
110 160 0 0
109 160 0 0
108 160 0 0
107 160 0 0
486 159 0 0
485 159 0 0
484 159 0 0
483 159 0 0
482 159 0 0
481 159 0 0
480 159 0 0
479 159 0 0
114 159 0 0
113 159 0 0
112 159 0 0
111 159 0 0
110 159 0 0
109 159 0 0
484 158 0 0
483 158 0 0
482 158 0 0
481 158 0 0
480 158 0 0
479 158 0 0
114 158 0 0
113 158 0 0
112 158 0 0
111 158 0 0
110 158 0 0
109 158 0 0
484 157 0 0
483 157 0 0
482 157 0 0
481 157 0 0
480 157 0 0
479 157 0 0
114 157 0 0
113 157 0 0
112 157 0 0
111 157 0 0
110 157 0 0
109 157 0 0
483 156 0 0
482 156 0 0
481 156 0 0
480 156 0 0
479 156 0 0
478 156 0 0
115 156 0 0
114 156 0 0
113 156 0 0
112 156 0 0
111 156 0 0
110 156 0 0
483 155 0 0
482 155 0 0
481 155 0 0
480 155 0 0
479 155 0 0
478 155 0 0
116 155 0 0
115 155 0 0
114 155 0 0
113 155 0 0
112 155 0 0
111 155 0 0
110 155 0 0
482 154 0 0
481 154 0 0
480 154 0 0
479 154 0 0
478 154 0 0
477 154 0 0
116 154 0 0
115 154 0 0
114 154 0 0
113 154 0 0
112 154 0 0
111 154 0 0
482 153 0 0
481 153 0 0
480 153 0 0
479 153 0 0
478 153 0 0
477 153 0 0
116 153 0 0
115 153 0 0
114 153 0 0
113 153 0 0
112 153 0 0
111 153 0 0
482 152 0 0
481 152 0 0
480 152 0 0
479 152 0 0
478 152 0 0
477 152 0 0
116 152 0 0
115 152 0 0
114 152 0 0
113 152 0 0
112 152 0 0
111 152 0 0
482 151 0 0
481 151 0 0
480 151 0 0
479 151 0 0
478 151 0 0
477 151 0 0
117 151 0 0
116 151 0 0
115 151 0 0
114 151 0 0
113 151 0 0
112 151 0 0
481 150 0 0
480 150 0 0
479 150 0 0
478 150 0 0
477 150 0 0
476 150 0 0
117 150 0 0
116 150 0 0
115 150 0 0
114 150 0 0
113 150 0 0
112 150 0 0
479 149 0 0
478 149 0 0
477 149 0 0
476 149 0 0
475 149 0 0
474 149 0 0
119 149 0 0
118 149 0 0
117 149 0 0
116 149 0 0
115 149 0 0
114 149 0 0
113 149 0 0
479 148 0 0
478 148 0 0
477 148 0 0
476 148 0 0
475 148 0 0
474 148 0 0
119 148 0 0
118 148 0 0
117 148 0 0
116 148 0 0
115 148 0 0
114 148 0 0
113 148 0 0
478 147 0 0
477 147 0 0
476 147 0 0
475 147 0 0
474 147 0 0
473 147 0 0
119 147 0 0
118 147 0 0
117 147 0 0
116 147 0 0
115 147 0 0
114 147 0 0
113 147 0 0
478 146 0 0
477 146 0 0
476 146 0 0
475 146 0 0
474 146 0 0
473 146 0 0
119 146 0 0
118 146 0 0
117 146 0 0
116 146 0 0
115 146 0 0
114 146 0 0
113 146 0 0
478 145 0 0
477 145 0 0
476 145 0 0
475 145 0 0
474 145 0 0
473 145 0 0
120 145 0 0
119 145 0 0
118 145 0 0
117 145 0 0
116 145 0 0
115 145 0 0
477 144 0 0
476 144 0 0
475 144 0 0
474 144 0 0
473 144 0 0
472 144 0 0
121 144 0 0
120 144 0 0
119 144 0 0
118 144 0 0
117 144 0 0
116 144 0 0
115 144 0 0
477 143 0 0
476 143 0 0
475 143 0 0
474 143 0 0
473 143 0 0
472 143 0 0
121 143 0 0
120 143 0 0
119 143 0 0
118 143 0 0
117 143 0 0
116 143 0 0
476 142 0 0
475 142 0 0
474 142 0 0
473 142 0 0
472 142 0 0
471 142 0 0
122 142 0 0
121 142 0 0
120 142 0 0
119 142 0 0
118 142 0 0
117 142 0 0
476 141 0 0
475 141 0 0
474 141 0 0
473 141 0 0
472 141 0 0
471 141 0 0
122 141 0 0
121 141 0 0
120 141 0 0
119 141 0 0
118 141 0 0
117 141 0 0
475 140 0 0
474 140 0 0
473 140 0 0
472 140 0 0
471 140 0 0
470 140 0 0
122 140 0 0
121 140 0 0
120 140 0 0
119 140 0 0
118 140 0 0
117 140 0 0
475 139 0 0
474 139 0 0
473 139 0 0
472 139 0 0
471 139 0 0
470 139 0 0
122 139 0 0
121 139 0 0
120 139 0 0
119 139 0 0
118 139 0 0
117 139 0 0
473 138 0 0
472 138 0 0
471 138 0 0
470 138 0 0
469 138 0 0
468 138 0 0
123 138 0 0
122 138 0 0
121 138 0 0
120 138 0 0
119 138 0 0
118 138 0 0
473 137 0 0
472 137 0 0
471 137 0 0
470 137 0 0
469 137 0 0
468 137 0 0
123 137 0 0
122 137 0 0
121 137 0 0
120 137 0 0
119 137 0 0
118 137 0 0
472 136 0 0
471 136 0 0
470 136 0 0
469 136 0 0
468 136 0 0
467 136 0 0
125 136 0 0
124 136 0 0
123 136 0 0
122 136 0 0
121 136 0 0
120 136 0 0
472 135 0 0
471 135 0 0
470 135 0 0
469 135 0 0
468 135 0 0
467 135 0 0
125 135 0 0
124 135 0 0
123 135 0 0
122 135 0 0
121 135 0 0
120 135 0 0
472 134 0 0
471 134 0 0
470 134 0 0
469 134 0 0
468 134 0 0
467 134 0 0
125 134 0 0
124 134 0 0
123 134 0 0
122 134 0 0
121 134 0 0
120 134 0 0
471 133 0 0
470 133 0 0
469 133 0 0
468 133 0 0
467 133 0 0
466 133 0 0
125 133 0 0
124 133 0 0
123 133 0 0
122 133 0 0
121 133 0 0
120 133 0 0
470 132 0 0
469 132 0 0
468 132 0 0
467 132 0 0
466 132 0 0
465 132 0 0
126 132 0 0
125 132 0 0
124 132 0 0
123 132 0 0
122 132 0 0
121 132 0 0
470 131 0 0
469 131 0 0
468 131 0 0
467 131 0 0
466 131 0 0
465 131 0 0
127 131 0 0
126 131 0 0
125 131 0 0
124 131 0 0
123 131 0 0
122 131 0 0
470 130 0 0
469 130 0 0
468 130 0 0
467 130 0 0
466 130 0 0
465 130 0 0
127 130 0 0
126 130 0 0
125 130 0 0
124 130 0 0
123 130 0 0
122 130 0 0
469 129 0 0
468 129 0 0
467 129 0 0
466 129 0 0
465 129 0 0
464 129 0 0
463 129 0 0
127 129 0 0
126 129 0 0
125 129 0 0
124 129 0 0
123 129 0 0
122 129 0 0
469 128 0 0
468 128 0 0
467 128 0 0
466 128 0 0
465 128 0 0
464 128 0 0
463 128 0 0
128 128 0 0
127 128 0 0
126 128 0 0
125 128 0 0
124 128 0 0
123 128 0 0
467 127 0 0
466 127 0 0
465 127 0 0
464 127 0 0
463 127 0 0
462 127 0 0
128 127 0 0
127 127 0 0
126 127 0 0
125 127 0 0
124 127 0 0
123 127 0 0
467 126 0 0
466 126 0 0
465 126 0 0
464 126 0 0
463 126 0 0
462 126 0 0
128 126 0 0
127 126 0 0
126 126 0 0
125 126 0 0
124 126 0 0
123 126 0 0
467 125 0 0
466 125 0 0
465 125 0 0
464 125 0 0
463 125 0 0
462 125 0 0
461 125 0 0
129 125 0 0
128 125 0 0
127 125 0 0
126 125 0 0
125 125 0 0
124 125 0 0
467 124 0 0
466 124 0 0
465 124 0 0
464 124 0 0
463 124 0 0
462 124 0 0
461 124 0 0
129 124 0 0
128 124 0 0
127 124 0 0
126 124 0 0
125 124 0 0
124 124 0 0
466 123 0 0
465 123 0 0
464 123 0 0
463 123 0 0
462 123 0 0
461 123 0 0
129 123 0 0
128 123 0 0
127 123 0 0
126 123 0 0
125 123 0 0
124 123 0 0
465 122 0 0
464 122 0 0
463 122 0 0
462 122 0 0
461 122 0 0
460 122 0 0
131 122 0 0
130 122 0 0
129 122 0 0
128 122 0 0
127 122 0 0
126 122 0 0
465 121 0 0
464 121 0 0
463 121 0 0
462 121 0 0
461 121 0 0
460 121 0 0
131 121 0 0
130 121 0 0
129 121 0 0
128 121 0 0
127 121 0 0
126 121 0 0
464 120 0 0
463 120 0 0
462 120 0 0
461 120 0 0
460 120 0 0
459 120 0 0
132 120 0 0
131 120 0 0
130 120 0 0
129 120 0 0
128 120 0 0
127 120 0 0
464 119 0 0
463 119 0 0
462 119 0 0
461 119 0 0
460 119 0 0
459 119 0 0
132 119 0 0
131 119 0 0
130 119 0 0
129 119 0 0
128 119 0 0
127 119 0 0
464 118 0 0
463 118 0 0
462 118 0 0
461 118 0 0
460 118 0 0
459 118 0 0
132 118 0 0
131 118 0 0
130 118 0 0
129 118 0 0
128 118 0 0
127 118 0 0
462 117 0 0
461 117 0 0
460 117 0 0
459 117 0 0
458 117 0 0
457 117 0 0
133 117 0 0
132 117 0 0
131 117 0 0
130 117 0 0
129 117 0 0
128 117 0 0
462 116 0 0
461 116 0 0
460 116 0 0
459 116 0 0
458 116 0 0
457 116 0 0
456 116 0 0
133 116 0 0
132 116 0 0
131 116 0 0
130 116 0 0
129 116 0 0
128 116 0 0
461 115 0 0
460 115 0 0
459 115 0 0
458 115 0 0
457 115 0 0
456 115 0 0
134 115 0 0
133 115 0 0
132 115 0 0
131 115 0 0
130 115 0 0
129 115 0 0
460 114 0 0
459 114 0 0
458 114 0 0
457 114 0 0
456 114 0 0
455 114 0 0
134 114 0 0
133 114 0 0
132 114 0 0
131 114 0 0
130 114 0 0
129 114 0 0
460 113 0 0
459 113 0 0
458 113 0 0
457 113 0 0
456 113 0 0
455 113 0 0
134 113 0 0
133 113 0 0
132 113 0 0
131 113 0 0
130 113 0 0
129 113 0 0
460 112 0 0
459 112 0 0
458 112 0 0
457 112 0 0
456 112 0 0
455 112 0 0
134 112 0 0
133 112 0 0
132 112 0 0
131 112 0 0
130 112 0 0
129 112 0 0
459 111 0 0
458 111 0 0
457 111 0 0
456 111 0 0
455 111 0 0
454 111 0 0
136 111 0 0
135 111 0 0
134 111 0 0
133 111 0 0
132 111 0 0
131 111 0 0
130 111 0 0
459 110 0 0
458 110 0 0
457 110 0 0
456 110 0 0
455 110 0 0
454 110 0 0
137 110 0 0
136 110 0 0
135 110 0 0
134 110 0 0
133 110 0 0
132 110 0 0
131 110 0 0
130 110 0 0
458 109 0 0
457 109 0 0
456 109 0 0
455 109 0 0
454 109 0 0
453 109 0 0
452 109 0 0
137 109 0 0
136 109 0 0
135 109 0 0
134 109 0 0
133 109 0 0
132 109 0 0
458 108 0 0
457 108 0 0
456 108 0 0
455 108 0 0
454 108 0 0
453 108 0 0
452 108 0 0
451 108 0 0
137 108 0 0
136 108 0 0
135 108 0 0
134 108 0 0
133 108 0 0
132 108 0 0
458 107 0 0
457 107 0 0
456 107 0 0
455 107 0 0
454 107 0 0
453 107 0 0
452 107 0 0
451 107 0 0
137 107 0 0
136 107 0 0
135 107 0 0
134 107 0 0
133 107 0 0
132 107 0 0
456 106 0 0
455 106 0 0
454 106 0 0
453 106 0 0
452 106 0 0
451 106 0 0
138 106 0 0
137 106 0 0
136 106 0 0
135 106 0 0
134 106 0 0
133 106 0 0
455 105 0 0
454 105 0 0
453 105 0 0
452 105 0 0
451 105 0 0
450 105 0 0
138 105 0 0
137 105 0 0
136 105 0 0
135 105 0 0
134 105 0 0
133 105 0 0
455 104 0 0
454 104 0 0
453 104 0 0
452 104 0 0
451 104 0 0
450 104 0 0
139 104 0 0
138 104 0 0
137 104 0 0
136 104 0 0
135 104 0 0
134 104 0 0
454 103 0 0
453 103 0 0
452 103 0 0
451 103 0 0
450 103 0 0
449 103 0 0
139 103 0 0
138 103 0 0
137 103 0 0
136 103 0 0
135 103 0 0
134 103 0 0
454 102 0 0
453 102 0 0
452 102 0 0
451 102 0 0
450 102 0 0
449 102 0 0
139 102 0 0
138 102 0 0
137 102 0 0
136 102 0 0
135 102 0 0
134 102 0 0
454 101 0 0
453 101 0 0
452 101 0 0
451 101 0 0
450 101 0 0
449 101 0 0
140 101 0 0
139 101 0 0
138 101 0 0
137 101 0 0
136 101 0 0
135 101 0 0
453 100 0 0
452 100 0 0
451 100 0 0
450 100 0 0
449 100 0 0
448 100 0 0
140 100 0 0
139 100 0 0
138 100 0 0
137 100 0 0
136 100 0 0
135 100 0 0
453 99 0 0
452 99 0 0
451 99 0 0
450 99 0 0
449 99 0 0
448 99 0 0
447 99 0 0
446 99 0 0
140 99 0 0
139 99 0 0
138 99 0 0
137 99 0 0
136 99 0 0
135 99 0 0
451 98 0 0
450 98 0 0
449 98 0 0
448 98 0 0
447 98 0 0
446 98 0 0
142 98 0 0
141 98 0 0
140 98 0 0
139 98 0 0
138 98 0 0
137 98 0 0
451 97 0 0
450 97 0 0
449 97 0 0
448 97 0 0
447 97 0 0
446 97 0 0
143 97 0 0
142 97 0 0
141 97 0 0
140 97 0 0
139 97 0 0
138 97 0 0
451 96 0 0
450 96 0 0
449 96 0 0
448 96 0 0
447 96 0 0
446 96 0 0
143 96 0 0
142 96 0 0
141 96 0 0
140 96 0 0
139 96 0 0
138 96 0 0
450 95 0 0
449 95 0 0
448 95 0 0
447 95 0 0
446 95 0 0
445 95 0 0
143 95 0 0
142 95 0 0
141 95 0 0
140 95 0 0
139 95 0 0
138 95 0 0
450 94 0 0
449 94 0 0
448 94 0 0
447 94 0 0
446 94 0 0
445 94 0 0
143 94 0 0
142 94 0 0
141 94 0 0
140 94 0 0
139 94 0 0
138 94 0 0
449 93 0 0
448 93 0 0
447 93 0 0
446 93 0 0
445 93 0 0
444 93 0 0
144 93 0 0
143 93 0 0
142 93 0 0
141 93 0 0
140 93 0 0
139 93 0 0
449 92 0 0
448 92 0 0
447 92 0 0
446 92 0 0
445 92 0 0
444 92 0 0
144 92 0 0
143 92 0 0
142 92 0 0
141 92 0 0
140 92 0 0
139 92 0 0
449 91 0 0
448 91 0 0
447 91 0 0
446 91 0 0
445 91 0 0
444 91 0 0
144 91 0 0
143 91 0 0
142 91 0 0
141 91 0 0
140 91 0 0
139 91 0 0
448 90 0 0
447 90 0 0
446 90 0 0
445 90 0 0
444 90 0 0
443 90 0 0
145 90 0 0
144 90 0 0
143 90 0 0
142 90 0 0
141 90 0 0
140 90 0 0
447 89 0 0
446 89 0 0
445 89 0 0
444 89 0 0
443 89 0 0
442 89 0 0
441 89 0 0
145 89 0 0
144 89 0 0
143 89 0 0
142 89 0 0
141 89 0 0
140 89 0 0
447 88 0 0
446 88 0 0
445 88 0 0
444 88 0 0
443 88 0 0
442 88 0 0
441 88 0 0
147 88 0 0
146 88 0 0
145 88 0 0
144 88 0 0
143 88 0 0
142 88 0 0
141 88 0 0
445 87 0 0
444 87 0 0
443 87 0 0
442 87 0 0
441 87 0 0
440 87 0 0
147 87 0 0
146 87 0 0
145 87 0 0
144 87 0 0
143 87 0 0
142 87 0 0
141 87 0 0
445 86 0 0
444 86 0 0
443 86 0 0
442 86 0 0
441 86 0 0
440 86 0 0
148 86 0 0
147 86 0 0
146 86 0 0
145 86 0 0
144 86 0 0
143 86 0 0
445 85 0 0
444 85 0 0
443 85 0 0
442 85 0 0
441 85 0 0
440 85 0 0
148 85 0 0
147 85 0 0
146 85 0 0
145 85 0 0
144 85 0 0
143 85 0 0
444 84 0 0
443 84 0 0
442 84 0 0
441 84 0 0
440 84 0 0
439 84 0 0
148 84 0 0
147 84 0 0
146 84 0 0
145 84 0 0
144 84 0 0
143 84 0 0
444 83 0 0
443 83 0 0
442 83 0 0
441 83 0 0
440 83 0 0
439 83 0 0
149 83 0 0
148 83 0 0
147 83 0 0
146 83 0 0
145 83 0 0
144 83 0 0
443 82 0 0
442 82 0 0
441 82 0 0
440 82 0 0
439 82 0 0
438 82 0 0
149 82 0 0
148 82 0 0
147 82 0 0
146 82 0 0
145 82 0 0
144 82 0 0
442 81 0 0
441 81 0 0
440 81 0 0
439 81 0 0
438 81 0 0
437 81 0 0
150 81 0 0
149 81 0 0
148 81 0 0
147 81 0 0
146 81 0 0
145 81 0 0
442 80 0 0
441 80 0 0
440 80 0 0
439 80 0 0
438 80 0 0
437 80 0 0
150 80 0 0
149 80 0 0
148 80 0 0
147 80 0 0
146 80 0 0
145 80 0 0
442 79 0 0
441 79 0 0
440 79 0 0
439 79 0 0
438 79 0 0
437 79 0 0
150 79 0 0
149 79 0 0
148 79 0 0
147 79 0 0
146 79 0 0
145 79 0 0
440 78 0 0
439 78 0 0
438 78 0 0
437 78 0 0
436 78 0 0
435 78 0 0
150 78 0 0
149 78 0 0
148 78 0 0
147 78 0 0
146 78 0 0
145 78 0 0
440 77 0 0
439 77 0 0
438 77 0 0
437 77 0 0
436 77 0 0
435 77 0 0
151 77 0 0
150 77 0 0
149 77 0 0
148 77 0 0
147 77 0 0
146 77 0 0
439 76 0 0
438 76 0 0
437 76 0 0
436 76 0 0
435 76 0 0
434 76 0 0
153 76 0 0
152 76 0 0
151 76 0 0
150 76 0 0
149 76 0 0
148 76 0 0
439 75 0 0
438 75 0 0
437 75 0 0
436 75 0 0
435 75 0 0
434 75 0 0
153 75 0 0
152 75 0 0
151 75 0 0
150 75 0 0
149 75 0 0
148 75 0 0
439 74 0 0
438 74 0 0
437 74 0 0
436 74 0 0
435 74 0 0
434 74 0 0
153 74 0 0
152 74 0 0
151 74 0 0
150 74 0 0
149 74 0 0
148 74 0 0
438 73 0 0
437 73 0 0
436 73 0 0
435 73 0 0
434 73 0 0
433 73 0 0
154 73 0 0
153 73 0 0
152 73 0 0
151 73 0 0
150 73 0 0
149 73 0 0
437 72 0 0
436 72 0 0
435 72 0 0
434 72 0 0
433 72 0 0
432 72 0 0
153 72 0 0
152 72 0 0
151 72 0 0
150 72 0 0
437 71 0 0
436 71 0 0
435 71 0 0
434 71 0 0
433 71 0 0
432 71 0 0
151 71 0 0
437 70 0 0
436 70 0 0
435 70 0 0
434 70 0 0
433 70 0 0
432 70 0 0
436 69 0 0
435 69 0 0
434 69 0 0
433 69 0 0
432 69 0 0
431 69 0 0
430 69 0 0
436 68 0 0
435 68 0 0
434 68 0 0
433 68 0 0
432 68 0 0
431 68 0 0
430 68 0 0
436 67 0 0
435 67 0 0
434 67 0 0
433 67 0 0
432 67 0 0
431 67 0 0
430 67 0 0
272 67 0 0
434 66 0 0
433 66 0 0
432 66 0 0
431 66 0 0
430 66 0 0
429 66 0 0
276 66 0 0
275 66 0 0
274 66 0 0
273 66 0 0
272 66 0 0
271 66 0 0
434 65 0 0
433 65 0 0
432 65 0 0
431 65 0 0
430 65 0 0
429 65 0 0
428 65 0 0
279 65 0 0
278 65 0 0
277 65 0 0
276 65 0 0
275 65 0 0
274 65 0 0
273 65 0 0
272 65 0 0
271 65 0 0
270 65 0 0
433 64 0 0
432 64 0 0
431 64 0 0
430 64 0 0
429 64 0 0
428 64 0 0
283 64 0 0
282 64 0 0
281 64 0 0
280 64 0 0
279 64 0 0
278 64 0 0
277 64 0 0
276 64 0 0
275 64 0 0
274 64 0 0
273 64 0 0
272 64 0 0
271 64 0 0
433 63 0 0
432 63 0 0
431 63 0 0
430 63 0 0
429 63 0 0
428 63 0 0
283 63 0 0
282 63 0 0
281 63 0 0
280 63 0 0
279 63 0 0
278 63 0 0
277 63 0 0
276 63 0 0
275 63 0 0
274 63 0 0
273 63 0 0
272 63 0 0
271 63 0 0
432 62 0 0
431 62 0 0
430 62 0 0
429 62 0 0
428 62 0 0
427 62 0 0
288 62 0 0
287 62 0 0
286 62 0 0
285 62 0 0
284 62 0 0
283 62 0 0
282 62 0 0
281 62 0 0
280 62 0 0
279 62 0 0
278 62 0 0
277 62 0 0
276 62 0 0
275 62 0 0
274 62 0 0
273 62 0 0
272 62 0 0
432 61 0 0
431 61 0 0
430 61 0 0
429 61 0 0
428 61 0 0
427 61 0 0
293 61 0 0
292 61 0 0
291 61 0 0
290 61 0 0
289 61 0 0
288 61 0 0
287 61 0 0
286 61 0 0
285 61 0 0
284 61 0 0
283 61 0 0
282 61 0 0
281 61 0 0
280 61 0 0
279 61 0 0
278 61 0 0
277 61 0 0
276 61 0 0
275 61 0 0
274 61 0 0
273 61 0 0
431 60 0 0
430 60 0 0
429 60 0 0
428 60 0 0
427 60 0 0
426 60 0 0
298 60 0 0
297 60 0 0
296 60 0 0
295 60 0 0
294 60 0 0
293 60 0 0
292 60 0 0
291 60 0 0
290 60 0 0
289 60 0 0
288 60 0 0
287 60 0 0
286 60 0 0
285 60 0 0
284 60 0 0
283 60 0 0
282 60 0 0
281 60 0 0
280 60 0 0
279 60 0 0
278 60 0 0
277 60 0 0
431 59 0 0
430 59 0 0
429 59 0 0
428 59 0 0
427 59 0 0
426 59 0 0
301 59 0 0
300 59 0 0
299 59 0 0
298 59 0 0
297 59 0 0
296 59 0 0
295 59 0 0
294 59 0 0
293 59 0 0
292 59 0 0
291 59 0 0
290 59 0 0
289 59 0 0
288 59 0 0
287 59 0 0
286 59 0 0
285 59 0 0
284 59 0 0
283 59 0 0
282 59 0 0
281 59 0 0
280 59 0 0
429 58 0 0
428 58 0 0
427 58 0 0
426 58 0 0
425 58 0 0
424 58 0 0
306 58 0 0
305 58 0 0
304 58 0 0
303 58 0 0
302 58 0 0
301 58 0 0
300 58 0 0
299 58 0 0
298 58 0 0
297 58 0 0
296 58 0 0
295 58 0 0
294 58 0 0
293 58 0 0
292 58 0 0
291 58 0 0
290 58 0 0
289 58 0 0
288 58 0 0
287 58 0 0
286 58 0 0
285 58 0 0
284 58 0 0
429 57 0 0
428 57 0 0
427 57 0 0
426 57 0 0
425 57 0 0
424 57 0 0
306 57 0 0
305 57 0 0
304 57 0 0
303 57 0 0
302 57 0 0
301 57 0 0
300 57 0 0
299 57 0 0
298 57 0 0
297 57 0 0
296 57 0 0
295 57 0 0
294 57 0 0
293 57 0 0
292 57 0 0
291 57 0 0
290 57 0 0
289 57 0 0
288 57 0 0
287 57 0 0
286 57 0 0
285 57 0 0
284 57 0 0
429 56 0 0
428 56 0 0
427 56 0 0
426 56 0 0
425 56 0 0
424 56 0 0
423 56 0 0
311 56 0 0
310 56 0 0
309 56 0 0
308 56 0 0
307 56 0 0
306 56 0 0
305 56 0 0
304 56 0 0
303 56 0 0
302 56 0 0
301 56 0 0
300 56 0 0
299 56 0 0
298 56 0 0
297 56 0 0
296 56 0 0
295 56 0 0
294 56 0 0
293 56 0 0
292 56 0 0
291 56 0 0
290 56 0 0
289 56 0 0
428 55 0 0
427 55 0 0
426 55 0 0
425 55 0 0
424 55 0 0
423 55 0 0
333 55 0 0
332 55 0 0
331 55 0 0
330 55 0 0
329 55 0 0
328 55 0 0
327 55 0 0
326 55 0 0
316 55 0 0
315 55 0 0
314 55 0 0
313 55 0 0
312 55 0 0
311 55 0 0
310 55 0 0
309 55 0 0
308 55 0 0
307 55 0 0
306 55 0 0
305 55 0 0
304 55 0 0
303 55 0 0
302 55 0 0
301 55 0 0
300 55 0 0
299 55 0 0
298 55 0 0
297 55 0 0
296 55 0 0
295 55 0 0
294 55 0 0
427 54 0 0
426 54 0 0
425 54 0 0
424 54 0 0
423 54 0 0
422 54 0 0
338 54 0 0
337 54 0 0
336 54 0 0
335 54 0 0
334 54 0 0
333 54 0 0
332 54 0 0
331 54 0 0
330 54 0 0
329 54 0 0
328 54 0 0
327 54 0 0
326 54 0 0
325 54 0 0
324 54 0 0
323 54 0 0
322 54 0 0
321 54 0 0
320 54 0 0
319 54 0 0
318 54 0 0
317 54 0 0
316 54 0 0
315 54 0 0
314 54 0 0
313 54 0 0
312 54 0 0
311 54 0 0
310 54 0 0
309 54 0 0
308 54 0 0
307 54 0 0
306 54 0 0
305 54 0 0
304 54 0 0
303 54 0 0
302 54 0 0
301 54 0 0
300 54 0 0
299 54 0 0
427 53 0 0
426 53 0 0
425 53 0 0
424 53 0 0
423 53 0 0
422 53 0 0
343 53 0 0
342 53 0 0
341 53 0 0
340 53 0 0
339 53 0 0
338 53 0 0
337 53 0 0
336 53 0 0
335 53 0 0
334 53 0 0
333 53 0 0
332 53 0 0
331 53 0 0
330 53 0 0
329 53 0 0
328 53 0 0
327 53 0 0
326 53 0 0
325 53 0 0
324 53 0 0
323 53 0 0
322 53 0 0
321 53 0 0
320 53 0 0
319 53 0 0
318 53 0 0
317 53 0 0
316 53 0 0
315 53 0 0
314 53 0 0
313 53 0 0
312 53 0 0
311 53 0 0
310 53 0 0
309 53 0 0
308 53 0 0
307 53 0 0
306 53 0 0
305 53 0 0
304 53 0 0
303 53 0 0
302 53 0 0
427 52 0 0
426 52 0 0
425 52 0 0
424 52 0 0
423 52 0 0
422 52 0 0
343 52 0 0
342 52 0 0
341 52 0 0
340 52 0 0
339 52 0 0
338 52 0 0
337 52 0 0
336 52 0 0
335 52 0 0
334 52 0 0
333 52 0 0
332 52 0 0
331 52 0 0
330 52 0 0
329 52 0 0
328 52 0 0
327 52 0 0
326 52 0 0
325 52 0 0
324 52 0 0
323 52 0 0
322 52 0 0
321 52 0 0
320 52 0 0
319 52 0 0
318 52 0 0
317 52 0 0
316 52 0 0
315 52 0 0
314 52 0 0
313 52 0 0
312 52 0 0
311 52 0 0
310 52 0 0
309 52 0 0
308 52 0 0
307 52 0 0
306 52 0 0
305 52 0 0
304 52 0 0
303 52 0 0
302 52 0 0
426 51 0 0
425 51 0 0
424 51 0 0
423 51 0 0
422 51 0 0
421 51 0 0
348 51 0 0
347 51 0 0
346 51 0 0
345 51 0 0
344 51 0 0
343 51 0 0
342 51 0 0
341 51 0 0
340 51 0 0
339 51 0 0
338 51 0 0
337 51 0 0
336 51 0 0
335 51 0 0
334 51 0 0
333 51 0 0
332 51 0 0
331 51 0 0
330 51 0 0
329 51 0 0
328 51 0 0
327 51 0 0
326 51 0 0
325 51 0 0
324 51 0 0
323 51 0 0
322 51 0 0
321 51 0 0
320 51 0 0
319 51 0 0
318 51 0 0
317 51 0 0
316 51 0 0
315 51 0 0
314 51 0 0
313 51 0 0
312 51 0 0
311 51 0 0
310 51 0 0
309 51 0 0
308 51 0 0
307 51 0 0
426 50 0 0
425 50 0 0
424 50 0 0
423 50 0 0
422 50 0 0
421 50 0 0
350 50 0 0
349 50 0 0
348 50 0 0
347 50 0 0
346 50 0 0
345 50 0 0
344 50 0 0
343 50 0 0
342 50 0 0
341 50 0 0
340 50 0 0
339 50 0 0
338 50 0 0
337 50 0 0
336 50 0 0
335 50 0 0
334 50 0 0
333 50 0 0
332 50 0 0
331 50 0 0
330 50 0 0
329 50 0 0
328 50 0 0
327 50 0 0
326 50 0 0
325 50 0 0
324 50 0 0
323 50 0 0
322 50 0 0
321 50 0 0
320 50 0 0
319 50 0 0
318 50 0 0
317 50 0 0
316 50 0 0
315 50 0 0
314 50 0 0
313 50 0 0
312 50 0 0
425 49 0 0
424 49 0 0
423 49 0 0
422 49 0 0
421 49 0 0
420 49 0 0
353 49 0 0
352 49 0 0
351 49 0 0
350 49 0 0
349 49 0 0
348 49 0 0
347 49 0 0
346 49 0 0
345 49 0 0
344 49 0 0
343 49 0 0
342 49 0 0
341 49 0 0
340 49 0 0
339 49 0 0
338 49 0 0
337 49 0 0
336 49 0 0
335 49 0 0
334 49 0 0
325 49 0 0
324 49 0 0
323 49 0 0
322 49 0 0
321 49 0 0
320 49 0 0
319 49 0 0
318 49 0 0
317 49 0 0
425 48 0 0
424 48 0 0
423 48 0 0
422 48 0 0
421 48 0 0
420 48 0 0
419 48 0 0
418 48 0 0
354 48 0 0
353 48 0 0
352 48 0 0
351 48 0 0
350 48 0 0
349 48 0 0
348 48 0 0
347 48 0 0
346 48 0 0
345 48 0 0
344 48 0 0
343 48 0 0
342 48 0 0
341 48 0 0
340 48 0 0
339 48 0 0
423 47 0 0
422 47 0 0
421 47 0 0
420 47 0 0
419 47 0 0
418 47 0 0
355 47 0 0
354 47 0 0
353 47 0 0
352 47 0 0
351 47 0 0
350 47 0 0
349 47 0 0
348 47 0 0
347 47 0 0
346 47 0 0
345 47 0 0
344 47 0 0
423 46 0 0
422 46 0 0
421 46 0 0
420 46 0 0
419 46 0 0
418 46 0 0
355 46 0 0
354 46 0 0
353 46 0 0
352 46 0 0
351 46 0 0
350 46 0 0
349 46 0 0
348 46 0 0
347 46 0 0
346 46 0 0
345 46 0 0
344 46 0 0
422 45 0 0
421 45 0 0
420 45 0 0
419 45 0 0
418 45 0 0
417 45 0 0
356 45 0 0
355 45 0 0
354 45 0 0
353 45 0 0
352 45 0 0
351 45 0 0
350 45 0 0
349 45 0 0
422 44 0 0
421 44 0 0
420 44 0 0
419 44 0 0
418 44 0 0
417 44 0 0
355 44 0 0
354 44 0 0
353 44 0 0
352 44 0 0
351 44 0 0
422 43 0 0
421 43 0 0
420 43 0 0
419 43 0 0
418 43 0 0
417 43 0 0
416 43 0 0
415 43 0 0
354 43 0 0
421 42 0 0
420 42 0 0
419 42 0 0
418 42 0 0
417 42 0 0
416 42 0 0
415 42 0 0
414 42 0 0
413 42 0 0
421 41 0 0
420 41 0 0
419 41 0 0
418 41 0 0
417 41 0 0
416 41 0 0
415 41 0 0
414 41 0 0
413 41 0 0
420 40 0 0
419 40 0 0
418 40 0 0
417 40 0 0
416 40 0 0
415 40 0 0
414 40 0 0
413 40 0 0
412 40 0 0
417 39 0 0
416 39 0 0
415 39 0 0
414 39 0 0
413 39 0 0
412 39 0 0
416 38 0 0
415 38 0 0
414 38 0 0
413 38 0 0
415 37 0 0
