1718 481 321
380 320 0 0
379 320 0 0
378 320 0 0
377 320 0 0
376 320 0 0
381 319 0 0
380 319 0 0
379 319 0 0
378 319 0 0
377 319 0 0
382 318 0 0
381 318 0 0
380 318 0 0
379 318 0 0
378 318 0 0
382 317 0 0
381 317 0 0
380 317 0 0
379 317 0 0
378 317 0 0
383 316 0 0
382 316 0 0
381 316 0 0
380 316 0 0
379 316 0 0
384 315 0 0
383 315 0 0
382 315 0 0
381 315 0 0
380 315 0 0
379 315 0 0
385 314 0 0
384 314 0 0
383 314 0 0
382 314 0 0
381 314 0 0
380 314 0 0
385 313 0 0
384 313 0 0
383 313 0 0
382 313 0 0
381 313 0 0
386 312 0 0
385 312 0 0
384 312 0 0
383 312 0 0
382 312 0 0
386 311 0 0
385 311 0 0
384 311 0 0
383 311 0 0
382 311 0 0
387 310 0 0
386 310 0 0
385 310 0 0
384 310 0 0
383 310 0 0
388 309 0 0
387 309 0 0
386 309 0 0
385 309 0 0
384 309 0 0
383 309 0 0
388 308 0 0
387 308 0 0
386 308 0 0
385 308 0 0
384 308 0 0
389 307 0 0
388 307 0 0
387 307 0 0
386 307 0 0
385 307 0 0
390 306 0 0
389 306 0 0
388 306 0 0
387 306 0 0
386 306 0 0
391 305 0 0
390 305 0 0
389 305 0 0
388 305 0 0
387 305 0 0
386 305 0 0
391 304 0 0
390 304 0 0
389 304 0 0
388 304 0 0
387 304 0 0
392 303 0 0
391 303 0 0
390 303 0 0
389 303 0 0
388 303 0 0
392 302 0 0
391 302 0 0
390 302 0 0
389 302 0 0
388 302 0 0
393 301 0 0
392 301 0 0
391 301 0 0
390 301 0 0
389 301 0 0
394 300 0 0
393 300 0 0
392 300 0 0
391 300 0 0
390 300 0 0
389 300 0 0
395 299 0 0
394 299 0 0
393 299 0 0
392 299 0 0
391 299 0 0
390 299 0 0
395 298 0 0
394 298 0 0
393 298 0 0
392 298 0 0
391 298 0 0
396 297 0 0
395 297 0 0
394 297 0 0
393 297 0 0
392 297 0 0
397 296 0 0
396 296 0 0
395 296 0 0
394 296 0 0
393 296 0 0
398 295 0 0
397 295 0 0
396 295 0 0
395 295 0 0
394 295 0 0
399 294 0 0
398 294 0 0
397 294 0 0
396 294 0 0
395 294 0 0
399 293 0 0
398 293 0 0
397 293 0 0
396 293 0 0
395 293 0 0
400 292 0 0
399 292 0 0
398 292 0 0
397 292 0 0
396 292 0 0
401 291 0 0
400 291 0 0
399 291 0 0
398 291 0 0
397 291 0 0
401 290 0 0
400 290 0 0
399 290 0 0
398 290 0 0
397 290 0 0
402 289 0 0
401 289 0 0
400 289 0 0
399 289 0 0
398 289 0 0
403 288 0 0
402 288 0 0
401 288 0 0
400 288 0 0
399 288 0 0
398 288 0 0
404 287 0 0
403 287 0 0
402 287 0 0
401 287 0 0
400 287 0 0
399 287 0 0
404 286 0 0
403 286 0 0
402 286 0 0
401 286 0 0
400 286 0 0
405 285 0 0
404 285 0 0
403 285 0 0
402 285 0 0
401 285 0 0
405 284 0 0
404 284 0 0
403 284 0 0
402 284 0 0
401 284 0 0
406 283 0 0
405 283 0 0
404 283 0 0
403 283 0 0
402 283 0 0
407 282 0 0
406 282 0 0
405 282 0 0
404 282 0 0
403 282 0 0
402 282 0 0
407 281 0 0
406 281 0 0
405 281 0 0
404 281 0 0
403 281 0 0
408 280 0 0
407 280 0 0
406 280 0 0
405 280 0 0
404 280 0 0
409 279 0 0
408 279 0 0
407 279 0 0
406 279 0 0
405 279 0 0
410 278 0 0
409 278 0 0
408 278 0 0
407 278 0 0
406 278 0 0
405 278 0 0
410 277 0 0
409 277 0 0
408 277 0 0
407 277 0 0
406 277 0 0
411 276 0 0
410 276 0 0
409 276 0 0
408 276 0 0
407 276 0 0
411 275 0 0
410 275 0 0
409 275 0 0
408 275 0 0
407 275 0 0
412 274 0 0
411 274 0 0
410 274 0 0
409 274 0 0
408 274 0 0
413 273 0 0
412 273 0 0
411 273 0 0
410 273 0 0
409 273 0 0
408 273 0 0
414 272 0 0
413 272 0 0
412 272 0 0
411 272 0 0
410 272 0 0
409 272 0 0
414 271 0 0
413 271 0 0
412 271 0 0
411 271 0 0
410 271 0 0
414 270 0 0
413 270 0 0
412 270 0 0
411 270 0 0
414 269 0 0
413 269 0 0
412 269 0 0
411 269 0 0
415 268 0 0
414 268 0 0
413 268 0 0
412 268 0 0
416 267 0 0
415 267 0 0
414 267 0 0
413 267 0 0
417 266 0 0
416 266 0 0
415 266 0 0
414 266 0 0
417 265 0 0
416 265 0 0
415 265 0 0
414 265 0 0
417 264 0 0
416 264 0 0
415 264 0 0
414 264 0 0
417 263 0 0
416 263 0 0
415 263 0 0
414 263 0 0
417 262 0 0
416 262 0 0
415 262 0 0
414 262 0 0
417 261 0 0
416 261 0 0
415 261 0 0
414 261 0 0
416 260 0 0
415 260 0 0
415 259 0 0
212 208 0 1
213 207 0 1
212 207 0 1
211 207 0 1
214 206 0 1
213 206 0 1
212 206 0 1
211 206 0 1
210 206 0 1
215 205 0 1
214 205 0 1
213 205 0 1
212 205 0 1
211 205 0 1
215 204 0 1
214 204 0 1
213 204 0 1
212 204 0 1
211 204 0 1
216 203 0 1
215 203 0 1
214 203 0 1
213 203 0 1
212 203 0 1
216 202 0 1
215 202 0 1
214 202 0 1
213 202 0 1
212 202 0 1
217 201 0 1
216 201 0 1
215 201 0 1
214 201 0 1
213 201 0 1
217 200 0 1
216 200 0 1
215 200 0 1
214 200 0 1
213 200 0 1
217 199 0 1
216 199 0 1
215 199 0 1
214 199 0 1
213 199 0 1
217 198 0 1
216 198 0 1
215 198 0 1
214 198 0 1
213 198 0 1
218 197 0 1
217 197 0 1
216 197 0 1
215 197 0 1
214 197 0 1
218 196 0 1
217 196 0 1
216 196 0 1
215 196 0 1
214 196 0 1
219 195 0 1
218 195 0 1
217 195 0 1
216 195 0 1
215 195 0 1
219 194 0 1
218 194 0 1
217 194 0 1
216 194 0 1
215 194 0 1
220 193 0 1
219 193 0 1
218 193 0 1
217 193 0 1
216 193 0 1
215 193 0 1
220 192 0 1
219 192 0 1
218 192 0 1
217 192 0 1
216 192 0 1
220 191 0 1
219 191 0 1
218 191 0 1
217 191 0 1
216 191 0 1
221 190 0 1
220 190 0 1
219 190 0 1
218 190 0 1
217 190 0 1
221 189 0 1
220 189 0 1
219 189 0 1
218 189 0 1
217 189 0 1
221 188 0 1
220 188 0 1
219 188 0 1
218 188 0 1
217 188 0 1
222 187 0 1
221 187 0 1
220 187 0 1
219 187 0 1
218 187 0 1
222 186 0 1
221 186 0 1
220 186 0 1
219 186 0 1
218 186 0 1
223 185 0 1
222 185 0 1
221 185 0 1
220 185 0 1
219 185 0 1
223 184 0 1
222 184 0 1
221 184 0 1
220 184 0 1
219 184 0 1
224 183 0 1
223 183 0 1
222 183 0 1
221 183 0 1
220 183 0 1
219 183 0 1
224 182 0 1
223 182 0 1
222 182 0 1
221 182 0 1
220 182 0 1
224 181 0 1
223 181 0 1
222 181 0 1
221 181 0 1
220 181 0 1
225 180 0 1
224 180 0 1
223 180 0 1
222 180 0 1
221 180 0 1
225 179 0 1
224 179 0 1
223 179 0 1
222 179 0 1
221 179 0 1
225 178 0 1
224 178 0 1
223 178 0 1
222 178 0 1
221 178 0 1
226 177 0 1
225 177 0 1
224 177 0 1
223 177 0 1
222 177 0 1
226 176 0 1
225 176 0 1
224 176 0 1
223 176 0 1
222 176 0 1
227 175 0 1
226 175 0 1
225 175 0 1
224 175 0 1
223 175 0 1
227 174 0 1
226 174 0 1
225 174 0 1
224 174 0 1
223 174 0 1
228 173 0 1
227 173 0 1
226 173 0 1
225 173 0 1
224 173 0 1
223 173 0 1
228 172 0 1
227 172 0 1
226 172 0 1
225 172 0 1
224 172 0 1
228 171 0 1
227 171 0 1
226 171 0 1
225 171 0 1
224 171 0 1
229 170 0 1
228 170 0 1
227 170 0 1
226 170 0 1
225 170 0 1
229 169 0 1
228 169 0 1
227 169 0 1
226 169 0 1
225 169 0 1
229 168 0 1
228 168 0 1
227 168 0 1
226 168 0 1
225 168 0 1
230 167 0 1
229 167 0 1
228 167 0 1
227 167 0 1
226 167 0 1
230 166 0 1
229 166 0 1
228 166 0 1
227 166 0 1
226 166 0 1
230 165 0 1
229 165 0 1
228 165 0 1
227 165 0 1
226 165 0 1
230 164 0 1
229 164 0 1
228 164 0 1
227 164 0 1
226 164 0 1
230 163 0 1
229 163 0 1
228 163 0 1
227 163 0 1
226 163 0 1
230 162 0 1
229 162 0 1
228 162 0 1
227 162 0 1
226 162 0 1
231 161 0 1
230 161 0 1
229 161 0 1
228 161 0 1
227 161 0 1
231 160 0 1
230 160 0 1
229 160 0 1
228 160 0 1
227 160 0 1
231 159 0 1
230 159 0 1
229 159 0 1
228 159 0 1
227 159 0 1
231 158 0 1
230 158 0 1
229 158 0 1
228 158 0 1
227 158 0 1
231 157 0 1
230 157 0 1
229 157 0 1
228 157 0 1
227 157 0 1
232 156 0 1
231 156 0 1
230 156 0 1
229 156 0 1
228 156 0 1
232 155 0 1
231 155 0 1
230 155 0 1
229 155 0 1
228 155 0 1
232 154 0 1
231 154 0 1
230 154 0 1
229 154 0 1
228 154 0 1
232 153 0 1
231 153 0 1
230 153 0 1
229 153 0 1
228 153 0 1
232 152 0 1
231 152 0 1
230 152 0 1
229 152 0 1
228 152 0 1
138 152 0 0
232 151 0 1
231 151 0 1
230 151 0 1
229 151 0 1
228 151 0 1
139 151 0 0
138 151 0 0
137 151 0 0
232 150 0 1
231 150 0 1
230 150 0 1
229 150 0 1
228 150 0 1
140 150 0 0
139 150 0 0
138 150 0 0
137 150 0 0
136 150 0 0
233 149 0 1
232 149 0 1
231 149 0 1
230 149 0 1
229 149 0 1
141 149 0 0
140 149 0 0
139 149 0 0
138 149 0 0
137 149 0 0
233 148 0 1
232 148 0 1
231 148 0 1
230 148 0 1
229 148 0 1
142 148 0 0
141 148 0 0
140 148 0 0
139 148 0 0
138 148 0 0
380 147 0 0
233 147 0 1
232 147 0 1
231 147 0 1
230 147 0 1
229 147 0 1
143 147 0 0
142 147 0 0
141 147 0 0
140 147 0 0
139 147 0 0
138 147 0 0
381 146 0 0
380 146 0 0
379 146 0 0
233 146 0 1
232 146 0 1
231 146 0 1
230 146 0 1
229 146 0 1
143 146 0 0
142 146 0 0
141 146 0 0
140 146 0 0
139 146 0 0
382 145 0 0
381 145 0 0
380 145 0 0
379 145 0 0
378 145 0 0
233 145 0 1
232 145 0 1
231 145 0 1
230 145 0 1
229 145 0 1
144 145 0 0
143 145 0 0
142 145 0 0
141 145 0 0
140 145 0 0
382 144 0 0
381 144 0 0
380 144 0 0
379 144 0 0
378 144 0 0
234 144 0 1
233 144 0 1
232 144 0 1
231 144 0 1
230 144 0 1
229 144 0 1
144 144 0 0
143 144 0 0
142 144 0 0
141 144 0 0
140 144 0 0
381 143 0 0
380 143 0 0
379 143 0 0
378 143 0 0
377 143 0 0
234 143 0 1
233 143 0 1
232 143 0 1
231 143 0 1
230 143 0 1
145 143 0 0
144 143 0 0
143 143 0 0
142 143 0 0
141 143 0 0
381 142 0 0
380 142 0 0
379 142 0 0
378 142 0 0
377 142 0 0
234 142 0 1
233 142 0 1
232 142 0 1
231 142 0 1
230 142 0 1
146 142 0 0
145 142 0 0
144 142 0 0
143 142 0 0
142 142 0 0
141 142 0 0
381 141 0 0
380 141 0 0
379 141 0 0
378 141 0 0
377 141 0 0
234 141 0 1
233 141 0 1
232 141 0 1
231 141 0 1
230 141 0 1
146 141 0 0
145 141 0 0
144 141 0 0
143 141 0 0
142 141 0 0
381 140 0 0
380 140 0 0
379 140 0 0
378 140 0 0
377 140 0 0
234 140 0 1
233 140 0 1
232 140 0 1
231 140 0 1
230 140 0 1
147 140 0 0
146 140 0 0
145 140 0 0
144 140 0 0
143 140 0 0
381 139 0 0
380 139 0 0
379 139 0 0
378 139 0 0
377 139 0 0
376 139 0 0
234 139 0 1
233 139 0 1
232 139 0 1
231 139 0 1
230 139 0 1
147 139 0 0
146 139 0 0
145 139 0 0
144 139 0 0
143 139 0 0
380 138 0 0
379 138 0 0
378 138 0 0
377 138 0 0
376 138 0 0
235 138 0 1
234 138 0 1
233 138 0 1
232 138 0 1
231 138 0 1
148 138 0 0
147 138 0 0
146 138 0 0
145 138 0 0
144 138 0 0
380 137 0 0
379 137 0 0
378 137 0 0
377 137 0 0
376 137 0 0
235 137 0 1
234 137 0 1
233 137 0 1
232 137 0 1
231 137 0 1
149 137 0 0
148 137 0 0
147 137 0 0
146 137 0 0
145 137 0 0
144 137 0 0
380 136 0 0
379 136 0 0
378 136 0 0
377 136 0 0
376 136 0 0
235 136 0 1
234 136 0 1
233 136 0 1
232 136 0 1
231 136 0 1
150 136 0 0
149 136 0 0
148 136 0 0
147 136 0 0
146 136 0 0
145 136 0 0
380 135 0 0
379 135 0 0
378 135 0 0
377 135 0 0
376 135 0 0
235 135 0 1
234 135 0 1
233 135 0 1
232 135 0 1
231 135 0 1
150 135 0 0
149 135 0 0
148 135 0 0
147 135 0 0
146 135 0 0
379 134 0 0
378 134 0 0
377 134 0 0
376 134 0 0
375 134 0 0
235 134 0 1
234 134 0 1
233 134 0 1
232 134 0 1
231 134 0 1
151 134 0 0
150 134 0 0
149 134 0 0
148 134 0 0
147 134 0 0
379 133 0 0
378 133 0 0
377 133 0 0
376 133 0 0
375 133 0 0
235 133 0 1
234 133 0 1
233 133 0 1
232 133 0 1
231 133 0 1
151 133 0 0
150 133 0 0
149 133 0 0
148 133 0 0
147 133 0 0
378 132 0 0
377 132 0 0
376 132 0 0
375 132 0 0
374 132 0 0
235 132 0 1
234 132 0 1
233 132 0 1
232 132 0 1
231 132 0 1
152 132 0 0
151 132 0 0
150 132 0 0
149 132 0 0
148 132 0 0
378 131 0 0
377 131 0 0
376 131 0 0
375 131 0 0
374 131 0 0
373 131 0 0
236 131 0 1
235 131 0 1
234 131 0 1
233 131 0 1
232 131 0 1
152 131 0 0
151 131 0 0
150 131 0 0
149 131 0 0
148 131 0 0
377 130 0 0
376 130 0 0
375 130 0 0
374 130 0 0
373 130 0 0
236 130 0 1
235 130 0 1
234 130 0 1
233 130 0 1
232 130 0 1
152 130 0 0
151 130 0 0
150 130 0 0
149 130 0 0
376 129 0 0
375 129 0 0
374 129 0 0
373 129 0 0
372 129 0 0
236 129 0 1
235 129 0 1
234 129 0 1
233 129 0 1
232 129 0 1
153 129 0 0
152 129 0 0
151 129 0 0
150 129 0 0
376 128 0 0
375 128 0 0
374 128 0 0
373 128 0 0
372 128 0 0
236 128 0 1
235 128 0 1
234 128 0 1
233 128 0 1
232 128 0 1
153 128 0 0
152 128 0 0
151 128 0 0
150 128 0 0
375 127 0 0
374 127 0 0
373 127 0 0
372 127 0 0
236 127 0 1
235 127 0 1
234 127 0 1
233 127 0 1
232 127 0 1
154 127 0 0
153 127 0 0
152 127 0 0
151 127 0 0
375 126 0 0
374 126 0 0
373 126 0 0
372 126 0 0
236 126 0 1
235 126 0 1
234 126 0 1
233 126 0 1
232 126 0 1
155 126 0 0
154 126 0 0
153 126 0 0
152 126 0 0
151 126 0 0
375 125 0 0
374 125 0 0
373 125 0 0
372 125 0 0
237 125 0 1
236 125 0 1
235 125 0 1
234 125 0 1
233 125 0 1
155 125 0 0
154 125 0 0
153 125 0 0
152 125 0 0
374 124 0 0
373 124 0 0
372 124 0 0
371 124 0 0
237 124 0 1
236 124 0 1
235 124 0 1
234 124 0 1
233 124 0 1
156 124 0 0
155 124 0 0
154 124 0 0
153 124 0 0
374 123 0 0
373 123 0 0
372 123 0 0
371 123 0 0
370 123 0 0
237 123 0 1
236 123 0 1
235 123 0 1
234 123 0 1
233 123 0 1
156 123 0 0
155 123 0 0
154 123 0 0
153 123 0 0
373 122 0 0
372 122 0 0
371 122 0 0
370 122 0 0
237 122 0 1
236 122 0 1
235 122 0 1
234 122 0 1
233 122 0 1
157 122 0 0
156 122 0 0
155 122 0 0
154 122 0 0
153 122 0 0
372 121 0 0
371 121 0 0
370 121 0 0
369 121 0 0
237 121 0 1
236 121 0 1
235 121 0 1
234 121 0 1
233 121 0 1
158 121 0 0
157 121 0 0
156 121 0 0
155 121 0 0
154 121 0 0
372 120 0 0
371 120 0 0
370 120 0 0
369 120 0 0
237 120 0 1
236 120 0 1
235 120 0 1
234 120 0 1
233 120 0 1
159 120 0 0
158 120 0 0
157 120 0 0
156 120 0 0
155 120 0 0
154 120 0 0
371 119 0 0
370 119 0 0
369 119 0 0
368 119 0 0
237 119 0 1
236 119 0 1
235 119 0 1
234 119 0 1
233 119 0 1
159 119 0 0
158 119 0 0
157 119 0 0
156 119 0 0
155 119 0 0
371 118 0 0
370 118 0 0
369 118 0 0
368 118 0 0
237 118 0 1
236 118 0 1
235 118 0 1
234 118 0 1
233 118 0 1
160 118 0 0
159 118 0 0
158 118 0 0
157 118 0 0
156 118 0 0
371 117 0 0
370 117 0 0
369 117 0 0
368 117 0 0
367 117 0 0
237 117 0 1
236 117 0 1
235 117 0 1
234 117 0 1
233 117 0 1
160 117 0 0
159 117 0 0
158 117 0 0
157 117 0 0
156 117 0 0
371 116 0 0
370 116 0 0
369 116 0 0
368 116 0 0
367 116 0 0
237 116 0 1
236 116 0 1
235 116 0 1
234 116 0 1
233 116 0 1
161 116 0 0
160 116 0 0
159 116 0 0
158 116 0 0
157 116 0 0
370 115 0 0
369 115 0 0
368 115 0 0
367 115 0 0
366 115 0 0
237 115 0 1
236 115 0 1
235 115 0 1
234 115 0 1
233 115 0 1
162 115 0 0
161 115 0 0
160 115 0 0
159 115 0 0
158 115 0 0
157 115 0 0
369 114 0 0
368 114 0 0
367 114 0 0
366 114 0 0
365 114 0 0
236 114 0 1
235 114 0 1
234 114 0 1
163 114 0 0
162 114 0 0
161 114 0 0
160 114 0 0
159 114 0 0
369 113 0 0
368 113 0 0
367 113 0 0
366 113 0 0
365 113 0 0
235 113 0 1
163 113 0 0
162 113 0 0
161 113 0 0
160 113 0 0
159 113 0 0
368 112 0 0
367 112 0 0
366 112 0 0
365 112 0 0
364 112 0 0
164 112 0 0
163 112 0 0
162 112 0 0
161 112 0 0
160 112 0 0
368 111 0 0
367 111 0 0
366 111 0 0
365 111 0 0
364 111 0 0
165 111 0 0
164 111 0 0
163 111 0 0
162 111 0 0
161 111 0 0
160 111 0 0
367 110 0 0
366 110 0 0
365 110 0 0
364 110 0 0
363 110 0 0
165 110 0 0
164 110 0 0
163 110 0 0
162 110 0 0
161 110 0 0
367 109 0 0
366 109 0 0
365 109 0 0
364 109 0 0
363 109 0 0
362 109 0 0
166 109 0 0
165 109 0 0
164 109 0 0
163 109 0 0
162 109 0 0
366 108 0 0
365 108 0 0
364 108 0 0
363 108 0 0
362 108 0 0
167 108 0 0
166 108 0 0
165 108 0 0
164 108 0 0
163 108 0 0
366 107 0 0
365 107 0 0
364 107 0 0
363 107 0 0
362 107 0 0
167 107 0 0
166 107 0 0
165 107 0 0
164 107 0 0
163 107 0 0
365 106 0 0
364 106 0 0
363 106 0 0
362 106 0 0
361 106 0 0
168 106 0 0
167 106 0 0
166 106 0 0
165 106 0 0
164 106 0 0
365 105 0 0
364 105 0 0
363 105 0 0
362 105 0 0
361 105 0 0
169 105 0 0
168 105 0 0
167 105 0 0
166 105 0 0
165 105 0 0
164 105 0 0
364 104 0 0
363 104 0 0
362 104 0 0
361 104 0 0
360 104 0 0
169 104 0 0
168 104 0 0
167 104 0 0
166 104 0 0
165 104 0 0
364 103 0 0
363 103 0 0
362 103 0 0
361 103 0 0
360 103 0 0
170 103 0 0
169 103 0 0
168 103 0 0
167 103 0 0
166 103 0 0
363 102 0 0
362 102 0 0
361 102 0 0
360 102 0 0
359 102 0 0
170 102 0 0
169 102 0 0
168 102 0 0
167 102 0 0
166 102 0 0
363 101 0 0
362 101 0 0
361 101 0 0
360 101 0 0
359 101 0 0
358 101 0 0
171 101 0 0
170 101 0 0
169 101 0 0
168 101 0 0
167 101 0 0
362 100 0 0
361 100 0 0
360 100 0 0
359 100 0 0
358 100 0 0
172 100 0 0
171 100 0 0
170 100 0 0
169 100 0 0
168 100 0 0
167 100 0 0
362 99 0 0
361 99 0 0
360 99 0 0
359 99 0 0
358 99 0 0
172 99 0 0
171 99 0 0
170 99 0 0
169 99 0 0
168 99 0 0
361 98 0 0
360 98 0 0
359 98 0 0
358 98 0 0
357 98 0 0
173 98 0 0
172 98 0 0
171 98 0 0
170 98 0 0
169 98 0 0
361 97 0 0
360 97 0 0
359 97 0 0
358 97 0 0
357 97 0 0
173 97 0 0
172 97 0 0
171 97 0 0
170 97 0 0
169 97 0 0
360 96 0 0
359 96 0 0
358 96 0 0
357 96 0 0
356 96 0 0
174 96 0 0
173 96 0 0
172 96 0 0
171 96 0 0
170 96 0 0
360 95 0 0
359 95 0 0
358 95 0 0
357 95 0 0
356 95 0 0
175 95 0 0
174 95 0 0
173 95 0 0
172 95 0 0
171 95 0 0
170 95 0 0
359 94 0 0
358 94 0 0
357 94 0 0
356 94 0 0
355 94 0 0
176 94 0 0
175 94 0 0
174 94 0 0
173 94 0 0
172 94 0 0
171 94 0 0
358 93 0 0
357 93 0 0
356 93 0 0
355 93 0 0
354 93 0 0
176 93 0 0
175 93 0 0
174 93 0 0
173 93 0 0
172 93 0 0
358 92 0 0
357 92 0 0
356 92 0 0
355 92 0 0
354 92 0 0
177 92 0 0
176 92 0 0
175 92 0 0
174 92 0 0
173 92 0 0
357 91 0 0
356 91 0 0
355 91 0 0
354 91 0 0
353 91 0 0
177 91 0 0
176 91 0 0
175 91 0 0
174 91 0 0
173 91 0 0
357 90 0 0
356 90 0 0
355 90 0 0
354 90 0 0
353 90 0 0
178 90 0 0
177 90 0 0
176 90 0 0
175 90 0 0
174 90 0 0
357 89 0 0
356 89 0 0
355 89 0 0
354 89 0 0
353 89 0 0
179 89 0 0
178 89 0 0
177 89 0 0
176 89 0 0
175 89 0 0
174 89 0 0
356 88 0 0
355 88 0 0
354 88 0 0
353 88 0 0
352 88 0 0
179 88 0 0
178 88 0 0
177 88 0 0
176 88 0 0
175 88 0 0
356 87 0 0
355 87 0 0
354 87 0 0
353 87 0 0
352 87 0 0
180 87 0 0
179 87 0 0
178 87 0 0
177 87 0 0
176 87 0 0
355 86 0 0
354 86 0 0
353 86 0 0
352 86 0 0
351 86 0 0
180 86 0 0
179 86 0 0
178 86 0 0
177 86 0 0
176 86 0 0
354 85 0 0
353 85 0 0
352 85 0 0
351 85 0 0
350 85 0 0
181 85 0 0
180 85 0 0
179 85 0 0
178 85 0 0
177 85 0 0
354 84 0 0
353 84 0 0
352 84 0 0
351 84 0 0
350 84 0 0
182 84 0 0
181 84 0 0
180 84 0 0
179 84 0 0
178 84 0 0
177 84 0 0
353 83 0 0
352 83 0 0
351 83 0 0
350 83 0 0
349 83 0 0
182 83 0 0
181 83 0 0
180 83 0 0
179 83 0 0
178 83 0 0
353 82 0 0
352 82 0 0
351 82 0 0
350 82 0 0
349 82 0 0
183 82 0 0
182 82 0 0
181 82 0 0
180 82 0 0
179 82 0 0
352 81 0 0
351 81 0 0
350 81 0 0
349 81 0 0
348 81 0 0
183 81 0 0
182 81 0 0
181 81 0 0
180 81 0 0
179 81 0 0
352 80 0 0
351 80 0 0
350 80 0 0
349 80 0 0
348 80 0 0
184 80 0 0
183 80 0 0
182 80 0 0
181 80 0 0
180 80 0 0
352 79 0 0
351 79 0 0
350 79 0 0
349 79 0 0
348 79 0 0
185 79 0 0
184 79 0 0
183 79 0 0
182 79 0 0
181 79 0 0
351 78 0 0
350 78 0 0
349 78 0 0
348 78 0 0
347 78 0 0
186 78 0 0
185 78 0 0
184 78 0 0
183 78 0 0
182 78 0 0
181 78 0 0
350 77 0 0
349 77 0 0
348 77 0 0
347 77 0 0
346 77 0 0
186 77 0 0
185 77 0 0
184 77 0 0
183 77 0 0
182 77 0 0
350 76 0 0
349 76 0 0
348 76 0 0
347 76 0 0
346 76 0 0
185 76 0 0
184 76 0 0
183 76 0 0
349 75 0 0
348 75 0 0
347 75 0 0
346 75 0 0
345 75 0 0
184 75 0 0
349 74 0 0
348 74 0 0
347 74 0 0
346 74 0 0
345 74 0 0
348 73 0 0
347 73 0 0
346 73 0 0
345 73 0 0
344 73 0 0
348 72 0 0
347 72 0 0
346 72 0 0
345 72 0 0
344 72 0 0
348 71 0 0
347 71 0 0
346 71 0 0
345 71 0 0
344 71 0 0
343 71 0 0
347 70 0 0
346 70 0 0
345 70 0 0
344 70 0 0
343 70 0 0
346 69 0 0
345 69 0 0
344 69 0 0
343 69 0 0
342 69 0 0
345 68 0 0
344 68 0 0
343 68 0 0
342 68 0 0
341 68 0 0
345 67 0 0
344 67 0 0
343 67 0 0
342 67 0 0
341 67 0 0
344 66 0 0
343 66 0 0
342 66 0 0
341 66 0 0
340 66 0 0
344 65 0 0
343 65 0 0
342 65 0 0
341 65 0 0
340 65 0 0
343 64 0 0
342 64 0 0
341 64 0 0
340 64 0 0
339 64 0 0
343 63 0 0
342 63 0 0
341 63 0 0
340 63 0 0
339 63 0 0
342 62 0 0
341 62 0 0
340 62 0 0
339 62 0 0
338 62 0 0
342 61 0 0
341 61 0 0
340 61 0 0
339 61 0 0
338 61 0 0
341 60 0 0
340 60 0 0
339 60 0 0
338 60 0 0
337 60 0 0
341 59 0 0
340 59 0 0
339 59 0 0
338 59 0 0
337 59 0 0
340 58 0 0
339 58 0 0
338 58 0 0
337 58 0 0
336 58 0 0
340 57 0 0
339 57 0 0
338 57 0 0
337 57 0 0
336 57 0 0
339 56 0 0
338 56 0 0
337 56 0 0
336 56 0 0
335 56 0 0
338 55 0 0
337 55 0 0
336 55 0 0
335 55 0 0
334 55 0 0
338 54 0 0
337 54 0 0
336 54 0 0
335 54 0 0
334 54 0 0
338 53 0 0
337 53 0 0
336 53 0 0
335 53 0 0
334 53 0 0
337 52 0 0
336 52 0 0
335 52 0 0
334 52 0 0
333 52 0 0
337 51 0 0
336 51 0 0
335 51 0 0
334 51 0 0
333 51 0 0
336 50 0 0
335 50 0 0
334 50 0 0
333 50 0 0
332 50 0 0
336 49 0 0
335 49 0 0
334 49 0 0
333 49 0 0
332 49 0 0
331 49 0 0
335 48 0 0
334 48 0 0
333 48 0 0
332 48 0 0
331 48 0 0
334 47 0 0
333 47 0 0
332 47 0 0
331 47 0 0
330 47 0 0
334 46 0 0
333 46 0 0
332 46 0 0
331 46 0 0
330 46 0 0
334 45 0 0
333 45 0 0
332 45 0 0
331 45 0 0
330 45 0 0
333 44 0 0
332 44 0 0
331 44 0 0
330 44 0 0
329 44 0 0
333 43 0 0
332 43 0 0
331 43 0 0
330 43 0 0
329 43 0 0
332 42 0 0
331 42 0 0
330 42 0 0
329 42 0 0
328 42 0 0
331 41 0 0
330 41 0 0
329 41 0 0
328 41 0 0
331 40 0 0
330 40 0 0
329 40 0 0
328 40 0 0
330 39 0 0
329 39 0 0
328 39 0 0
327 39 0 0
330 38 0 0
329 38 0 0
328 38 0 0
327 38 0 0
329 37 0 0
328 37 0 0
327 37 0 0
326 37 0 0
328 36 0 0
327 36 0 0
326 36 0 0
325 36 0 0
328 35 0 0
327 35 0 0
326 35 0 0
325 35 0 0
328 34 0 0
327 34 0 0
326 34 0 0
325 34 0 0
327 33 0 0
326 33 0 0
327 32 0 0
