2463 450 600
182 542 0 0
182 541 0 0
184 540 0 0
183 540 0 0
182 540 0 0
181 540 0 0
185 539 0 0
184 539 0 0
183 539 0 0
182 539 0 0
181 539 0 0
180 539 0 0
186 538 0 0
185 538 0 0
184 538 0 0
183 538 0 0
182 538 0 0
181 538 0 0
187 537 0 0
186 537 0 0
185 537 0 0
184 537 0 0
183 537 0 0
182 537 0 0
189 536 0 0
188 536 0 0
187 536 0 0
186 536 0 0
185 536 0 0
184 536 0 0
183 536 0 0
189 535 0 0
188 535 0 0
187 535 0 0
186 535 0 0
185 535 0 0
184 535 0 0
183 535 0 0
190 534 0 0
189 534 0 0
188 534 0 0
187 534 0 0
186 534 0 0
185 534 0 0
184 534 0 0
183 534 0 0
191 533 0 0
190 533 0 0
189 533 0 0
188 533 0 0
187 533 0 0
186 533 0 0
185 533 0 0
192 532 0 0
191 532 0 0
190 532 0 0
189 532 0 0
188 532 0 0
187 532 0 0
186 532 0 0
193 531 0 0
192 531 0 0
191 531 0 0
190 531 0 0
189 531 0 0
188 531 0 0
193 530 0 0
192 530 0 0
191 530 0 0
190 530 0 0
189 530 0 0
188 530 0 0
195 529 0 0
194 529 0 0
193 529 0 0
192 529 0 0
191 529 0 0
190 529 0 0
196 528 0 0
195 528 0 0
194 528 0 0
193 528 0 0
192 528 0 0
191 528 0 0
190 528 0 0
197 527 0 0
196 527 0 0
195 527 0 0
194 527 0 0
193 527 0 0
192 527 0 0
191 527 0 0
198 526 0 0
197 526 0 0
196 526 0 0
195 526 0 0
194 526 0 0
193 526 0 0
192 526 0 0
200 525 0 0
199 525 0 0
198 525 0 0
197 525 0 0
196 525 0 0
195 525 0 0
194 525 0 0
193 525 0 0
200 524 0 0
199 524 0 0
198 524 0 0
197 524 0 0
196 524 0 0
195 524 0 0
194 524 0 0
193 524 0 0
201 523 0 0
200 523 0 0
199 523 0 0
198 523 0 0
197 523 0 0
196 523 0 0
195 523 0 0
194 523 0 0
202 522 0 0
201 522 0 0
200 522 0 0
199 522 0 0
198 522 0 0
197 522 0 0
196 522 0 0
203 521 0 0
202 521 0 0
201 521 0 0
200 521 0 0
199 521 0 0
198 521 0 0
197 521 0 0
204 520 0 0
203 520 0 0
202 520 0 0
201 520 0 0
200 520 0 0
199 520 0 0
198 520 0 0
206 519 0 0
205 519 0 0
204 519 0 0
203 519 0 0
202 519 0 0
201 519 0 0
200 519 0 0
199 519 0 0
206 518 0 0
205 518 0 0
204 518 0 0
203 518 0 0
202 518 0 0
201 518 0 0
200 518 0 0
199 518 0 0
207 517 0 0
206 517 0 0
205 517 0 0
204 517 0 0
203 517 0 0
202 517 0 0
201 517 0 0
208 516 0 0
207 516 0 0
206 516 0 0
205 516 0 0
204 516 0 0
203 516 0 0
202 516 0 0
208 515 0 0
207 515 0 0
206 515 0 0
205 515 0 0
204 515 0 0
203 515 0 0
209 514 0 0
208 514 0 0
207 514 0 0
206 514 0 0
205 514 0 0
204 514 0 0
209 513 0 0
208 513 0 0
207 513 0 0
206 513 0 0
205 513 0 0
204 513 0 0
211 512 0 0
210 512 0 0
209 512 0 0
208 512 0 0
207 512 0 0
206 512 0 0
205 512 0 0
212 511 0 0
211 511 0 0
210 511 0 0
209 511 0 0
208 511 0 0
207 511 0 0
213 510 0 0
212 510 0 0
211 510 0 0
210 510 0 0
209 510 0 0
208 510 0 0
214 509 0 0
213 509 0 0
212 509 0 0
211 509 0 0
210 509 0 0
209 509 0 0
215 508 0 0
214 508 0 0
213 508 0 0
212 508 0 0
211 508 0 0
210 508 0 0
215 507 0 0
214 507 0 0
213 507 0 0
212 507 0 0
211 507 0 0
210 507 0 0
217 506 0 0
216 506 0 0
215 506 0 0
214 506 0 0
213 506 0 0
212 506 0 0
218 505 0 0
217 505 0 0
216 505 0 0
215 505 0 0
214 505 0 0
213 505 0 0
219 504 0 0
218 504 0 0
217 504 0 0
216 504 0 0
215 504 0 0
214 504 0 0
220 503 0 0
219 503 0 0
218 503 0 0
217 503 0 0
216 503 0 0
215 503 0 0
214 503 0 0
220 502 0 0
219 502 0 0
218 502 0 0
217 502 0 0
216 502 0 0
215 502 0 0
214 502 0 0
222 501 0 0
221 501 0 0
220 501 0 0
219 501 0 0
218 501 0 0
217 501 0 0
216 501 0 0
215 501 0 0
223 500 0 0
222 500 0 0
221 500 0 0
220 500 0 0
219 500 0 0
218 500 0 0
217 500 0 0
216 500 0 0
224 499 0 0
223 499 0 0
222 499 0 0
221 499 0 0
220 499 0 0
219 499 0 0
218 499 0 0
225 498 0 0
224 498 0 0
223 498 0 0
222 498 0 0
221 498 0 0
220 498 0 0
219 498 0 0
226 497 0 0
225 497 0 0
224 497 0 0
223 497 0 0
222 497 0 0
221 497 0 0
220 497 0 0
226 496 0 0
225 496 0 0
224 496 0 0
223 496 0 0
222 496 0 0
221 496 0 0
220 496 0 0
228 495 0 0
227 495 0 0
226 495 0 0
225 495 0 0
224 495 0 0
223 495 0 0
222 495 0 0
221 495 0 0
229 494 0 0
228 494 0 0
227 494 0 0
226 494 0 0
225 494 0 0
224 494 0 0
223 494 0 0
230 493 0 0
229 493 0 0
228 493 0 0
227 493 0 0
226 493 0 0
225 493 0 0
224 493 0 0
231 492 0 0
230 492 0 0
229 492 0 0
228 492 0 0
227 492 0 0
226 492 0 0
225 492 0 0
231 491 0 0
230 491 0 0
229 491 0 0
228 491 0 0
227 491 0 0
226 491 0 0
225 491 0 0
233 490 0 0
232 490 0 0
231 490 0 0
230 490 0 0
229 490 0 0
228 490 0 0
227 490 0 0
226 490 0 0
234 489 0 0
233 489 0 0
232 489 0 0
231 489 0 0
230 489 0 0
229 489 0 0
228 489 0 0
227 489 0 0
235 488 0 0
234 488 0 0
233 488 0 0
232 488 0 0
231 488 0 0
230 488 0 0
229 488 0 0
236 487 0 0
235 487 0 0
234 487 0 0
233 487 0 0
232 487 0 0
231 487 0 0
230 487 0 0
237 486 0 0
236 486 0 0
235 486 0 0
234 486 0 0
233 486 0 0
232 486 0 0
231 486 0 0
237 485 0 0
236 485 0 0
235 485 0 0
234 485 0 0
233 485 0 0
232 485 0 0
231 485 0 0
239 484 0 0
238 484 0 0
237 484 0 0
236 484 0 0
235 484 0 0
234 484 0 0
233 484 0 0
232 484 0 0
239 483 0 0
238 483 0 0
237 483 0 0
236 483 0 0
235 483 0 0
234 483 0 0
240 482 0 0
239 482 0 0
238 482 0 0
237 482 0 0
236 482 0 0
235 482 0 0
241 481 0 0
240 481 0 0
239 481 0 0
238 481 0 0
237 481 0 0
236 481 0 0
241 480 0 0
240 480 0 0
239 480 0 0
238 480 0 0
237 480 0 0
236 480 0 0
242 479 0 0
241 479 0 0
240 479 0 0
239 479 0 0
238 479 0 0
237 479 0 0
244 478 0 0
243 478 0 0
242 478 0 0
241 478 0 0
240 478 0 0
239 478 0 0
238 478 0 0
245 477 0 0
244 477 0 0
243 477 0 0
242 477 0 0
241 477 0 0
240 477 0 0
246 476 0 0
245 476 0 0
244 476 0 0
243 476 0 0
242 476 0 0
241 476 0 0
247 475 0 0
246 475 0 0
245 475 0 0
244 475 0 0
243 475 0 0
242 475 0 0
247 474 0 0
246 474 0 0
245 474 0 0
244 474 0 0
243 474 0 0
242 474 0 0
248 473 0 0
247 473 0 0
246 473 0 0
245 473 0 0
244 473 0 0
243 473 0 0
250 472 0 0
249 472 0 0
248 472 0 0
247 472 0 0
246 472 0 0
245 472 0 0
251 471 0 0
250 471 0 0
249 471 0 0
248 471 0 0
247 471 0 0
246 471 0 0
245 471 0 0
252 470 0 0
251 470 0 0
250 470 0 0
249 470 0 0
248 470 0 0
247 470 0 0
246 470 0 0
253 469 0 0
252 469 0 0
251 469 0 0
250 469 0 0
249 469 0 0
248 469 0 0
247 469 0 0
253 468 0 0
252 468 0 0
251 468 0 0
250 468 0 0
249 468 0 0
248 468 0 0
247 468 0 0
255 467 0 0
254 467 0 0
253 467 0 0
252 467 0 0
251 467 0 0
250 467 0 0
249 467 0 0
248 467 0 0
256 466 0 0
255 466 0 0
254 466 0 0
253 466 0 0
252 466 0 0
251 466 0 0
250 466 0 0
249 466 0 0
257 465 0 0
256 465 0 0
255 465 0 0
254 465 0 0
253 465 0 0
252 465 0 0
251 465 0 0
258 464 0 0
257 464 0 0
256 464 0 0
255 464 0 0
254 464 0 0
253 464 0 0
252 464 0 0
258 463 0 0
257 463 0 0
256 463 0 0
255 463 0 0
254 463 0 0
253 463 0 0
252 463 0 0
259 462 0 0
258 462 0 0
257 462 0 0
256 462 0 0
255 462 0 0
254 462 0 0
253 462 0 0
261 461 0 0
260 461 0 0
259 461 0 0
258 461 0 0
257 461 0 0
256 461 0 0
255 461 0 0
254 461 0 0
262 460 0 0
261 460 0 0
260 460 0 0
259 460 0 0
258 460 0 0
257 460 0 0
256 460 0 0
263 459 0 0
262 459 0 0
261 459 0 0
260 459 0 0
259 459 0 0
258 459 0 0
257 459 0 0
263 458 0 0
262 458 0 0
261 458 0 0
260 458 0 0
259 458 0 0
258 458 0 0
263 457 0 0
262 457 0 0
261 457 0 0
260 457 0 0
259 457 0 0
258 457 0 0
264 456 0 0
263 456 0 0
262 456 0 0
261 456 0 0
260 456 0 0
259 456 0 0
267 455 0 0
266 455 0 0
265 455 0 0
264 455 0 0
263 455 0 0
262 455 0 0
261 455 0 0
260 455 0 0
268 454 0 0
267 454 0 0
266 454 0 0
265 454 0 0
264 454 0 0
263 454 0 0
262 454 0 0
269 453 0 0
268 453 0 0
267 453 0 0
266 453 0 0
265 453 0 0
264 453 0 0
263 453 0 0
269 452 0 0
268 452 0 0
267 452 0 0
266 452 0 0
265 452 0 0
264 452 0 0
263 452 0 0
269 451 0 0
268 451 0 0
267 451 0 0
266 451 0 0
265 451 0 0
264 451 0 0
270 450 0 0
269 450 0 0
268 450 0 0
267 450 0 0
266 450 0 0
265 450 0 0
272 449 0 0
271 449 0 0
270 449 0 0
269 449 0 0
268 449 0 0
267 449 0 0
273 448 0 0
272 448 0 0
271 448 0 0
270 448 0 0
269 448 0 0
268 448 0 0
273 447 0 0
272 447 0 0
271 447 0 0
270 447 0 0
269 447 0 0
268 447 0 0
273 446 0 0
272 446 0 0
271 446 0 0
270 446 0 0
269 446 0 0
268 446 0 0
274 445 0 0
273 445 0 0
272 445 0 0
271 445 0 0
270 445 0 0
269 445 0 0
274 444 0 0
273 444 0 0
272 444 0 0
271 444 0 0
270 444 0 0
269 444 0 0
275 443 0 0
274 443 0 0
273 443 0 0
272 443 0 0
271 443 0 0
270 443 0 0
275 442 0 0
274 442 0 0
273 442 0 0
272 442 0 0
271 442 0 0
270 442 0 0
275 441 0 0
274 441 0 0
273 441 0 0
272 441 0 0
271 441 0 0
270 441 0 0
274 440 0 0
273 440 0 0
272 440 0 0
271 440 0 0
273 439 0 0
146 286 0 1
146 285 0 1
147 284 0 1
146 284 0 1
145 284 0 1
144 284 0 1
148 283 0 1
147 283 0 1
146 283 0 1
145 283 0 1
144 283 0 1
143 283 0 1
149 282 0 1
148 282 0 1
147 282 0 1
146 282 0 1
145 282 0 1
144 282 0 1
143 282 0 1
149 281 0 1
148 281 0 1
147 281 0 1
146 281 0 1
145 281 0 1
144 281 0 1
149 280 0 1
148 280 0 1
147 280 0 1
146 280 0 1
145 280 0 1
144 280 0 1
149 279 0 1
148 279 0 1
147 279 0 1
146 279 0 1
145 279 0 1
144 279 0 1
151 278 0 1
150 278 0 1
149 278 0 1
148 278 0 1
147 278 0 1
146 278 0 1
151 277 0 1
150 277 0 1
149 277 0 1
148 277 0 1
147 277 0 1
146 277 0 1
151 276 0 1
150 276 0 1
149 276 0 1
148 276 0 1
147 276 0 1
146 276 0 1
151 275 0 1
150 275 0 1
149 275 0 1
148 275 0 1
147 275 0 1
146 275 0 1
151 274 0 1
150 274 0 1
149 274 0 1
148 274 0 1
147 274 0 1
146 274 0 1
152 273 0 1
151 273 0 1
150 273 0 1
149 273 0 1
148 273 0 1
147 273 0 1
152 272 0 1
151 272 0 1
150 272 0 1
149 272 0 1
148 272 0 1
147 272 0 1
152 271 0 1
151 271 0 1
150 271 0 1
149 271 0 1
148 271 0 1
147 271 0 1
152 270 0 1
151 270 0 1
150 270 0 1
149 270 0 1
148 270 0 1
147 270 0 1
153 269 0 1
152 269 0 1
151 269 0 1
150 269 0 1
149 269 0 1
148 269 0 1
153 268 0 1
152 268 0 1
151 268 0 1
150 268 0 1
149 268 0 1
148 268 0 1
153 267 0 1
152 267 0 1
151 267 0 1
150 267 0 1
149 267 0 1
148 267 0 1
153 266 0 1
152 266 0 1
151 266 0 1
150 266 0 1
149 266 0 1
148 266 0 1
154 265 0 1
153 265 0 1
152 265 0 1
151 265 0 1
150 265 0 1
149 265 0 1
154 264 0 1
153 264 0 1
152 264 0 1
151 264 0 1
150 264 0 1
149 264 0 1
154 263 0 1
153 263 0 1
152 263 0 1
151 263 0 1
150 263 0 1
149 263 0 1
154 262 0 1
153 262 0 1
152 262 0 1
151 262 0 1
150 262 0 1
149 262 0 1
156 261 0 1
155 261 0 1
154 261 0 1
153 261 0 1
152 261 0 1
151 261 0 1
150 261 0 1
156 260 0 1
155 260 0 1
154 260 0 1
153 260 0 1
152 260 0 1
151 260 0 1
150 260 0 1
156 259 0 1
155 259 0 1
154 259 0 1
153 259 0 1
152 259 0 1
151 259 0 1
150 259 0 1
156 258 0 1
155 258 0 1
154 258 0 1
153 258 0 1
152 258 0 1
151 258 0 1
150 258 0 1
156 257 0 1
155 257 0 1
154 257 0 1
153 257 0 1
152 257 0 1
151 257 0 1
150 257 0 1
157 256 0 1
156 256 0 1
155 256 0 1
154 256 0 1
153 256 0 1
152 256 0 1
157 255 0 1
156 255 0 1
155 255 0 1
154 255 0 1
153 255 0 1
152 255 0 1
157 254 0 1
156 254 0 1
155 254 0 1
154 254 0 1
153 254 0 1
152 254 0 1
157 253 0 1
156 253 0 1
155 253 0 1
154 253 0 1
153 253 0 1
152 253 0 1
157 252 0 1
156 252 0 1
155 252 0 1
154 252 0 1
153 252 0 1
152 252 0 1
158 251 0 1
157 251 0 1
156 251 0 1
155 251 0 1
154 251 0 1
153 251 0 1
158 250 0 1
157 250 0 1
156 250 0 1
155 250 0 1
154 250 0 1
153 250 0 1
158 249 0 1
157 249 0 1
156 249 0 1
155 249 0 1
154 249 0 1
153 249 0 1
158 248 0 1
157 248 0 1
156 248 0 1
155 248 0 1
154 248 0 1
153 248 0 1
159 247 0 1
158 247 0 1
157 247 0 1
156 247 0 1
155 247 0 1
154 247 0 1
58 247 0 0
57 247 0 0
159 246 0 1
158 246 0 1
157 246 0 1
156 246 0 1
155 246 0 1
154 246 0 1
58 246 0 0
57 246 0 0
159 245 0 1
158 245 0 1
157 245 0 1
156 245 0 1
155 245 0 1
154 245 0 1
59 245 0 0
58 245 0 0
57 245 0 0
56 245 0 0
159 244 0 1
158 244 0 1
157 244 0 1
156 244 0 1
155 244 0 1
154 244 0 1
60 244 0 0
59 244 0 0
58 244 0 0
57 244 0 0
56 244 0 0
55 244 0 0
160 243 0 1
159 243 0 1
158 243 0 1
157 243 0 1
156 243 0 1
155 243 0 1
61 243 0 0
60 243 0 0
59 243 0 0
58 243 0 0
57 243 0 0
56 243 0 0
160 242 0 1
159 242 0 1
158 242 0 1
157 242 0 1
156 242 0 1
155 242 0 1
63 242 0 0
62 242 0 0
61 242 0 0
60 242 0 0
59 242 0 0
58 242 0 0
57 242 0 0
56 242 0 0
160 241 0 1
159 241 0 1
158 241 0 1
157 241 0 1
156 241 0 1
155 241 0 1
63 241 0 0
62 241 0 0
61 241 0 0
60 241 0 0
59 241 0 0
58 241 0 0
57 241 0 0
56 241 0 0
160 240 0 1
159 240 0 1
158 240 0 1
157 240 0 1
156 240 0 1
155 240 0 1
63 240 0 0
62 240 0 0
61 240 0 0
60 240 0 0
59 240 0 0
58 240 0 0
57 240 0 0
162 239 0 1
161 239 0 1
160 239 0 1
159 239 0 1
158 239 0 1
157 239 0 1
156 239 0 1
155 239 0 1
64 239 0 0
63 239 0 0
62 239 0 0
61 239 0 0
60 239 0 0
59 239 0 0
162 238 0 1
161 238 0 1
160 238 0 1
159 238 0 1
158 238 0 1
157 238 0 1
65 238 0 0
64 238 0 0
63 238 0 0
62 238 0 0
61 238 0 0
60 238 0 0
162 237 0 1
161 237 0 1
160 237 0 1
159 237 0 1
158 237 0 1
157 237 0 1
66 237 0 0
65 237 0 0
64 237 0 0
63 237 0 0
62 237 0 0
61 237 0 0
162 236 0 1
161 236 0 1
160 236 0 1
159 236 0 1
158 236 0 1
157 236 0 1
67 236 0 0
66 236 0 0
65 236 0 0
64 236 0 0
63 236 0 0
62 236 0 0
61 236 0 0
162 235 0 1
161 235 0 1
160 235 0 1
159 235 0 1
158 235 0 1
157 235 0 1
67 235 0 0
66 235 0 0
65 235 0 0
64 235 0 0
63 235 0 0
62 235 0 0
61 235 0 0
163 234 0 1
162 234 0 1
161 234 0 1
160 234 0 1
159 234 0 1
158 234 0 1
69 234 0 0
68 234 0 0
67 234 0 0
66 234 0 0
65 234 0 0
64 234 0 0
63 234 0 0
62 234 0 0
163 233 0 1
162 233 0 1
161 233 0 1
160 233 0 1
159 233 0 1
158 233 0 1
69 233 0 0
68 233 0 0
67 233 0 0
66 233 0 0
65 233 0 0
64 233 0 0
163 232 0 1
162 232 0 1
161 232 0 1
160 232 0 1
159 232 0 1
158 232 0 1
70 232 0 0
69 232 0 0
68 232 0 0
67 232 0 0
66 232 0 0
65 232 0 0
164 231 0 1
163 231 0 1
162 231 0 1
161 231 0 1
160 231 0 1
159 231 0 1
71 231 0 0
70 231 0 0
69 231 0 0
68 231 0 0
67 231 0 0
66 231 0 0
65 231 0 0
164 230 0 1
163 230 0 1
162 230 0 1
161 230 0 1
160 230 0 1
159 230 0 1
71 230 0 0
70 230 0 0
69 230 0 0
68 230 0 0
67 230 0 0
66 230 0 0
65 230 0 0
164 229 0 1
163 229 0 1
162 229 0 1
161 229 0 1
160 229 0 1
159 229 0 1
72 229 0 0
71 229 0 0
70 229 0 0
69 229 0 0
68 229 0 0
67 229 0 0
66 229 0 0
164 228 0 1
163 228 0 1
162 228 0 1
161 228 0 1
160 228 0 1
159 228 0 1
72 228 0 0
71 228 0 0
70 228 0 0
69 228 0 0
68 228 0 0
67 228 0 0
164 227 0 1
163 227 0 1
162 227 0 1
161 227 0 1
160 227 0 1
159 227 0 1
74 227 0 0
73 227 0 0
72 227 0 0
71 227 0 0
70 227 0 0
69 227 0 0
68 227 0 0
165 226 0 1
164 226 0 1
163 226 0 1
162 226 0 1
161 226 0 1
160 226 0 1
75 226 0 0
74 226 0 0
73 226 0 0
72 226 0 0
71 226 0 0
70 226 0 0
165 225 0 1
164 225 0 1
163 225 0 1
162 225 0 1
161 225 0 1
160 225 0 1
76 225 0 0
75 225 0 0
74 225 0 0
73 225 0 0
72 225 0 0
71 225 0 0
165 224 0 1
164 224 0 1
163 224 0 1
162 224 0 1
161 224 0 1
160 224 0 1
76 224 0 0
75 224 0 0
74 224 0 0
73 224 0 0
72 224 0 0
71 224 0 0
165 223 0 1
164 223 0 1
163 223 0 1
162 223 0 1
161 223 0 1
160 223 0 1
77 223 0 0
76 223 0 0
75 223 0 0
74 223 0 0
73 223 0 0
72 223 0 0
71 223 0 0
312 222 0 0
311 222 0 0
165 222 0 1
164 222 0 1
163 222 0 1
162 222 0 1
161 222 0 1
160 222 0 1
77 222 0 0
76 222 0 0
75 222 0 0
74 222 0 0
73 222 0 0
72 222 0 0
313 221 0 0
312 221 0 0
311 221 0 0
310 221 0 0
309 221 0 0
167 221 0 1
166 221 0 1
165 221 0 1
164 221 0 1
163 221 0 1
162 221 0 1
161 221 0 1
78 221 0 0
77 221 0 0
76 221 0 0
75 221 0 0
74 221 0 0
73 221 0 0
314 220 0 0
313 220 0 0
312 220 0 0
311 220 0 0
310 220 0 0
309 220 0 0
308 220 0 0
167 220 0 1
166 220 0 1
165 220 0 1
164 220 0 1
163 220 0 1
162 220 0 1
161 220 0 1
80 220 0 0
79 220 0 0
78 220 0 0
77 220 0 0
76 220 0 0
75 220 0 0
313 219 0 0
312 219 0 0
311 219 0 0
310 219 0 0
309 219 0 0
308 219 0 0
307 219 0 0
167 219 0 1
166 219 0 1
165 219 0 1
164 219 0 1
163 219 0 1
162 219 0 1
161 219 0 1
81 219 0 0
80 219 0 0
79 219 0 0
78 219 0 0
77 219 0 0
76 219 0 0
75 219 0 0
313 218 0 0
312 218 0 0
311 218 0 0
310 218 0 0
309 218 0 0
308 218 0 0
307 218 0 0
167 218 0 1
166 218 0 1
165 218 0 1
164 218 0 1
163 218 0 1
162 218 0 1
161 218 0 1
81 218 0 0
80 218 0 0
79 218 0 0
78 218 0 0
77 218 0 0
76 218 0 0
75 218 0 0
312 217 0 0
311 217 0 0
310 217 0 0
309 217 0 0
308 217 0 0
307 217 0 0
306 217 0 0
167 217 0 1
166 217 0 1
165 217 0 1
164 217 0 1
163 217 0 1
162 217 0 1
161 217 0 1
81 217 0 0
80 217 0 0
79 217 0 0
78 217 0 0
77 217 0 0
76 217 0 0
311 216 0 0
310 216 0 0
309 216 0 0
308 216 0 0
307 216 0 0
306 216 0 0
305 216 0 0
304 216 0 0
168 216 0 1
167 216 0 1
166 216 0 1
165 216 0 1
164 216 0 1
163 216 0 1
82 216 0 0
81 216 0 0
80 216 0 0
79 216 0 0
78 216 0 0
77 216 0 0
310 215 0 0
309 215 0 0
308 215 0 0
307 215 0 0
306 215 0 0
305 215 0 0
304 215 0 0
303 215 0 0
168 215 0 1
167 215 0 1
166 215 0 1
165 215 0 1
164 215 0 1
163 215 0 1
83 215 0 0
82 215 0 0
81 215 0 0
80 215 0 0
79 215 0 0
78 215 0 0
308 214 0 0
307 214 0 0
306 214 0 0
305 214 0 0
304 214 0 0
303 214 0 0
168 214 0 1
167 214 0 1
166 214 0 1
165 214 0 1
164 214 0 1
163 214 0 1
85 214 0 0
84 214 0 0
83 214 0 0
82 214 0 0
81 214 0 0
80 214 0 0
79 214 0 0
308 213 0 0
307 213 0 0
306 213 0 0
305 213 0 0
304 213 0 0
303 213 0 0
168 213 0 1
167 213 0 1
166 213 0 1
165 213 0 1
164 213 0 1
163 213 0 1
85 213 0 0
84 213 0 0
83 213 0 0
82 213 0 0
81 213 0 0
80 213 0 0
79 213 0 0
307 212 0 0
306 212 0 0
305 212 0 0
304 212 0 0
303 212 0 0
302 212 0 0
169 212 0 1
168 212 0 1
167 212 0 1
166 212 0 1
165 212 0 1
164 212 0 1
86 212 0 0
85 212 0 0
84 212 0 0
83 212 0 0
82 212 0 0
81 212 0 0
307 211 0 0
306 211 0 0
305 211 0 0
304 211 0 0
303 211 0 0
302 211 0 0
169 211 0 1
168 211 0 1
167 211 0 1
166 211 0 1
165 211 0 1
164 211 0 1
87 211 0 0
86 211 0 0
85 211 0 0
84 211 0 0
83 211 0 0
82 211 0 0
81 211 0 0
306 210 0 0
305 210 0 0
304 210 0 0
303 210 0 0
302 210 0 0
301 210 0 0
169 210 0 1
168 210 0 1
167 210 0 1
166 210 0 1
165 210 0 1
164 210 0 1
87 210 0 0
86 210 0 0
85 210 0 0
84 210 0 0
83 210 0 0
82 210 0 0
305 209 0 0
304 209 0 0
303 209 0 0
302 209 0 0
301 209 0 0
300 209 0 0
170 209 0 1
169 209 0 1
168 209 0 1
167 209 0 1
166 209 0 1
165 209 0 1
88 209 0 0
87 209 0 0
86 209 0 0
85 209 0 0
84 209 0 0
83 209 0 0
303 208 0 0
302 208 0 0
301 208 0 0
300 208 0 0
299 208 0 0
298 208 0 0
170 208 0 1
169 208 0 1
168 208 0 1
167 208 0 1
166 208 0 1
165 208 0 1
89 208 0 0
88 208 0 0
87 208 0 0
86 208 0 0
85 208 0 0
84 208 0 0
303 207 0 0
302 207 0 0
301 207 0 0
300 207 0 0
299 207 0 0
298 207 0 0
170 207 0 1
169 207 0 1
168 207 0 1
167 207 0 1
166 207 0 1
165 207 0 1
89 207 0 0
88 207 0 0
87 207 0 0
86 207 0 0
85 207 0 0
84 207 0 0
303 206 0 0
302 206 0 0
301 206 0 0
300 206 0 0
299 206 0 0
298 206 0 0
170 206 0 1
169 206 0 1
168 206 0 1
167 206 0 1
166 206 0 1
165 206 0 1
91 206 0 0
90 206 0 0
89 206 0 0
88 206 0 0
87 206 0 0
86 206 0 0
85 206 0 0
84 206 0 0
302 205 0 0
301 205 0 0
300 205 0 0
299 205 0 0
298 205 0 0
297 205 0 0
170 205 0 1
169 205 0 1
168 205 0 1
167 205 0 1
166 205 0 1
165 205 0 1
92 205 0 0
91 205 0 0
90 205 0 0
89 205 0 0
88 205 0 0
87 205 0 0
86 205 0 0
302 204 0 0
301 204 0 0
300 204 0 0
299 204 0 0
298 204 0 0
297 204 0 0
296 204 0 0
171 204 0 1
170 204 0 1
169 204 0 1
168 204 0 1
167 204 0 1
166 204 0 1
92 204 0 0
91 204 0 0
90 204 0 0
89 204 0 0
88 204 0 0
87 204 0 0
301 203 0 0
300 203 0 0
299 203 0 0
298 203 0 0
297 203 0 0
296 203 0 0
295 203 0 0
171 203 0 1
170 203 0 1
169 203 0 1
168 203 0 1
167 203 0 1
166 203 0 1
93 203 0 0
92 203 0 0
91 203 0 0
90 203 0 0
89 203 0 0
88 203 0 0
301 202 0 0
300 202 0 0
299 202 0 0
298 202 0 0
297 202 0 0
296 202 0 0
295 202 0 0
171 202 0 1
170 202 0 1
169 202 0 1
168 202 0 1
167 202 0 1
166 202 0 1
93 202 0 0
92 202 0 0
91 202 0 0
90 202 0 0
89 202 0 0
88 202 0 0
300 201 0 0
299 201 0 0
298 201 0 0
297 201 0 0
296 201 0 0
295 201 0 0
171 201 0 1
170 201 0 1
169 201 0 1
168 201 0 1
167 201 0 1
166 201 0 1
94 201 0 0
93 201 0 0
92 201 0 0
91 201 0 0
90 201 0 0
89 201 0 0
299 200 0 0
298 200 0 0
297 200 0 0
296 200 0 0
295 200 0 0
294 200 0 0
293 200 0 0
171 200 0 1
170 200 0 1
169 200 0 1
168 200 0 1
167 200 0 1
166 200 0 1
96 200 0 0
95 200 0 0
94 200 0 0
93 200 0 0
92 200 0 0
91 200 0 0
90 200 0 0
299 199 0 0
298 199 0 0
297 199 0 0
296 199 0 0
295 199 0 0
294 199 0 0
293 199 0 0
292 199 0 0
173 199 0 1
172 199 0 1
171 199 0 1
170 199 0 1
169 199 0 1
168 199 0 1
97 199 0 0
96 199 0 0
95 199 0 0
94 199 0 0
93 199 0 0
92 199 0 0
91 199 0 0
90 199 0 0
297 198 0 0
296 198 0 0
295 198 0 0
294 198 0 0
293 198 0 0
292 198 0 0
173 198 0 1
172 198 0 1
171 198 0 1
170 198 0 1
169 198 0 1
168 198 0 1
98 198 0 0
97 198 0 0
96 198 0 0
95 198 0 0
94 198 0 0
93 198 0 0
92 198 0 0
296 197 0 0
295 197 0 0
294 197 0 0
293 197 0 0
292 197 0 0
291 197 0 0
173 197 0 1
172 197 0 1
171 197 0 1
170 197 0 1
169 197 0 1
168 197 0 1
98 197 0 0
97 197 0 0
96 197 0 0
95 197 0 0
94 197 0 0
93 197 0 0
296 196 0 0
295 196 0 0
294 196 0 0
293 196 0 0
292 196 0 0
291 196 0 0
173 196 0 1
172 196 0 1
171 196 0 1
170 196 0 1
169 196 0 1
168 196 0 1
98 196 0 0
97 196 0 0
96 196 0 0
95 196 0 0
94 196 0 0
93 196 0 0
295 195 0 0
294 195 0 0
293 195 0 0
292 195 0 0
291 195 0 0
290 195 0 0
173 195 0 1
172 195 0 1
171 195 0 1
170 195 0 1
169 195 0 1
168 195 0 1
99 195 0 0
98 195 0 0
97 195 0 0
96 195 0 0
95 195 0 0
94 195 0 0
295 194 0 0
294 194 0 0
293 194 0 0
292 194 0 0
291 194 0 0
290 194 0 0
173 194 0 1
172 194 0 1
171 194 0 1
170 194 0 1
169 194 0 1
168 194 0 1
100 194 0 0
99 194 0 0
98 194 0 0
97 194 0 0
96 194 0 0
95 194 0 0
94 194 0 0
294 193 0 0
293 193 0 0
292 193 0 0
291 193 0 0
290 193 0 0
289 193 0 0
173 193 0 1
172 193 0 1
171 193 0 1
170 193 0 1
169 193 0 1
168 193 0 1
102 193 0 0
101 193 0 0
100 193 0 0
99 193 0 0
98 193 0 0
97 193 0 0
96 193 0 0
95 193 0 0
292 192 0 0
291 192 0 0
290 192 0 0
289 192 0 0
288 192 0 0
287 192 0 0
173 192 0 1
172 192 0 1
171 192 0 1
170 192 0 1
169 192 0 1
168 192 0 1
103 192 0 0
102 192 0 0
101 192 0 0
100 192 0 0
99 192 0 0
98 192 0 0
97 192 0 0
292 191 0 0
291 191 0 0
290 191 0 0
289 191 0 0
288 191 0 0
287 191 0 0
173 191 0 1
172 191 0 1
171 191 0 1
170 191 0 1
169 191 0 1
168 191 0 1
103 191 0 0
102 191 0 0
101 191 0 0
100 191 0 0
99 191 0 0
98 191 0 0
97 191 0 0
292 190 0 0
291 190 0 0
290 190 0 0
289 190 0 0
288 190 0 0
287 190 0 0
173 190 0 1
172 190 0 1
171 190 0 1
170 190 0 1
169 190 0 1
168 190 0 1
104 190 0 0
103 190 0 0
102 190 0 0
101 190 0 0
100 190 0 0
99 190 0 0
98 190 0 0
291 189 0 0
290 189 0 0
289 189 0 0
288 189 0 0
287 189 0 0
286 189 0 0
173 189 0 1
172 189 0 1
171 189 0 1
170 189 0 1
169 189 0 1
168 189 0 1
104 189 0 0
103 189 0 0
102 189 0 0
101 189 0 0
100 189 0 0
99 189 0 0
290 188 0 0
289 188 0 0
288 188 0 0
287 188 0 0
286 188 0 0
285 188 0 0
171 188 0 1
170 188 0 1
169 188 0 1
105 188 0 0
104 188 0 0
103 188 0 0
102 188 0 0
101 188 0 0
100 188 0 0
289 187 0 0
288 187 0 0
287 187 0 0
286 187 0 0
285 187 0 0
284 187 0 0
170 187 0 1
107 187 0 0
106 187 0 0
105 187 0 0
104 187 0 0
103 187 0 0
102 187 0 0
101 187 0 0
100 187 0 0
289 186 0 0
288 186 0 0
287 186 0 0
286 186 0 0
285 186 0 0
284 186 0 0
108 186 0 0
107 186 0 0
106 186 0 0
105 186 0 0
104 186 0 0
103 186 0 0
102 186 0 0
101 186 0 0
289 185 0 0
288 185 0 0
287 185 0 0
286 185 0 0
285 185 0 0
284 185 0 0
108 185 0 0
107 185 0 0
106 185 0 0
105 185 0 0
104 185 0 0
103 185 0 0
102 185 0 0
101 185 0 0
288 184 0 0
287 184 0 0
286 184 0 0
285 184 0 0
284 184 0 0
283 184 0 0
282 184 0 0
108 184 0 0
107 184 0 0
106 184 0 0
105 184 0 0
104 184 0 0
103 184 0 0
288 183 0 0
287 183 0 0
286 183 0 0
285 183 0 0
284 183 0 0
283 183 0 0
282 183 0 0
281 183 0 0
109 183 0 0
108 183 0 0
107 183 0 0
106 183 0 0
105 183 0 0
104 183 0 0
286 182 0 0
285 182 0 0
284 182 0 0
283 182 0 0
282 182 0 0
281 182 0 0
280 182 0 0
110 182 0 0
109 182 0 0
108 182 0 0
107 182 0 0
106 182 0 0
105 182 0 0
285 181 0 0
284 181 0 0
283 181 0 0
282 181 0 0
281 181 0 0
280 181 0 0
111 181 0 0
110 181 0 0
109 181 0 0
108 181 0 0
107 181 0 0
106 181 0 0
285 180 0 0
284 180 0 0
283 180 0 0
282 180 0 0
281 180 0 0
280 180 0 0
111 180 0 0
110 180 0 0
109 180 0 0
108 180 0 0
107 180 0 0
106 180 0 0
284 179 0 0
283 179 0 0
282 179 0 0
281 179 0 0
280 179 0 0
279 179 0 0
113 179 0 0
112 179 0 0
111 179 0 0
110 179 0 0
109 179 0 0
108 179 0 0
107 179 0 0
106 179 0 0
284 178 0 0
283 178 0 0
282 178 0 0
281 178 0 0
280 178 0 0
279 178 0 0
114 178 0 0
113 178 0 0
112 178 0 0
111 178 0 0
110 178 0 0
109 178 0 0
108 178 0 0
283 177 0 0
282 177 0 0
281 177 0 0
280 177 0 0
279 177 0 0
278 177 0 0
114 177 0 0
113 177 0 0
112 177 0 0
111 177 0 0
110 177 0 0
109 177 0 0
281 176 0 0
280 176 0 0
279 176 0 0
278 176 0 0
277 176 0 0
276 176 0 0
115 176 0 0
114 176 0 0
113 176 0 0
112 176 0 0
111 176 0 0
110 176 0 0
281 175 0 0
280 175 0 0
279 175 0 0
278 175 0 0
277 175 0 0
276 175 0 0
116 175 0 0
115 175 0 0
114 175 0 0
113 175 0 0
112 175 0 0
111 175 0 0
281 174 0 0
280 174 0 0
279 174 0 0
278 174 0 0
277 174 0 0
276 174 0 0
116 174 0 0
115 174 0 0
114 174 0 0
113 174 0 0
112 174 0 0
111 174 0 0
280 173 0 0
279 173 0 0
278 173 0 0
277 173 0 0
276 173 0 0
275 173 0 0
118 173 0 0
117 173 0 0
116 173 0 0
115 173 0 0
114 173 0 0
113 173 0 0
112 173 0 0
111 173 0 0
279 172 0 0
278 172 0 0
277 172 0 0
276 172 0 0
275 172 0 0
274 172 0 0
118 172 0 0
117 172 0 0
116 172 0 0
115 172 0 0
114 172 0 0
113 172 0 0
112 172 0 0
278 171 0 0
277 171 0 0
276 171 0 0
275 171 0 0
274 171 0 0
273 171 0 0
119 171 0 0
118 171 0 0
117 171 0 0
116 171 0 0
115 171 0 0
114 171 0 0
278 170 0 0
277 170 0 0
276 170 0 0
275 170 0 0
274 170 0 0
273 170 0 0
120 170 0 0
119 170 0 0
118 170 0 0
117 170 0 0
116 170 0 0
115 170 0 0
277 169 0 0
276 169 0 0
275 169 0 0
274 169 0 0
273 169 0 0
272 169 0 0
271 169 0 0
121 169 0 0
120 169 0 0
119 169 0 0
118 169 0 0
117 169 0 0
116 169 0 0
277 168 0 0
276 168 0 0
275 168 0 0
274 168 0 0
273 168 0 0
272 168 0 0
271 168 0 0
121 168 0 0
120 168 0 0
119 168 0 0
118 168 0 0
117 168 0 0
116 168 0 0
277 167 0 0
276 167 0 0
275 167 0 0
274 167 0 0
273 167 0 0
272 167 0 0
271 167 0 0
270 167 0 0
123 167 0 0
122 167 0 0
121 167 0 0
120 167 0 0
119 167 0 0
118 167 0 0
117 167 0 0
275 166 0 0
274 166 0 0
273 166 0 0
272 166 0 0
271 166 0 0
270 166 0 0
269 166 0 0
124 166 0 0
123 166 0 0
122 166 0 0
121 166 0 0
120 166 0 0
119 166 0 0
118 166 0 0
117 166 0 0
274 165 0 0
273 165 0 0
272 165 0 0
271 165 0 0
270 165 0 0
269 165 0 0
124 165 0 0
123 165 0 0
122 165 0 0
121 165 0 0
120 165 0 0
119 165 0 0
273 164 0 0
272 164 0 0
271 164 0 0
270 164 0 0
269 164 0 0
268 164 0 0
125 164 0 0
124 164 0 0
123 164 0 0
122 164 0 0
121 164 0 0
120 164 0 0
273 163 0 0
272 163 0 0
271 163 0 0
270 163 0 0
269 163 0 0
268 163 0 0
125 163 0 0
124 163 0 0
123 163 0 0
122 163 0 0
121 163 0 0
120 163 0 0
273 162 0 0
272 162 0 0
271 162 0 0
270 162 0 0
269 162 0 0
268 162 0 0
126 162 0 0
125 162 0 0
124 162 0 0
123 162 0 0
122 162 0 0
121 162 0 0
272 161 0 0
271 161 0 0
270 161 0 0
269 161 0 0
268 161 0 0
267 161 0 0
127 161 0 0
126 161 0 0
125 161 0 0
124 161 0 0
123 161 0 0
122 161 0 0
270 160 0 0
269 160 0 0
268 160 0 0
267 160 0 0
266 160 0 0
265 160 0 0
129 160 0 0
128 160 0 0
127 160 0 0
126 160 0 0
125 160 0 0
124 160 0 0
123 160 0 0
122 160 0 0
269 159 0 0
268 159 0 0
267 159 0 0
266 159 0 0
265 159 0 0
264 159 0 0
129 159 0 0
128 159 0 0
127 159 0 0
126 159 0 0
125 159 0 0
124 159 0 0
269 158 0 0
268 158 0 0
267 158 0 0
266 158 0 0
265 158 0 0
264 158 0 0
127 158 0 0
126 158 0 0
125 158 0 0
269 157 0 0
268 157 0 0
267 157 0 0
266 157 0 0
265 157 0 0
264 157 0 0
127 157 0 0
126 157 0 0
125 157 0 0
268 156 0 0
267 156 0 0
266 156 0 0
265 156 0 0
264 156 0 0
263 156 0 0
126 156 0 0
267 155 0 0
266 155 0 0
265 155 0 0
264 155 0 0
263 155 0 0
262 155 0 0
267 154 0 0
266 154 0 0
265 154 0 0
264 154 0 0
263 154 0 0
262 154 0 0
266 153 0 0
265 153 0 0
264 153 0 0
263 153 0 0
262 153 0 0
261 153 0 0
260 153 0 0
266 152 0 0
265 152 0 0
264 152 0 0
263 152 0 0
262 152 0 0
261 152 0 0
260 152 0 0
264 151 0 0
263 151 0 0
262 151 0 0
261 151 0 0
260 151 0 0
259 151 0 0
264 150 0 0
263 150 0 0
262 150 0 0
261 150 0 0
260 150 0 0
259 150 0 0
258 150 0 0
263 149 0 0
262 149 0 0
261 149 0 0
260 149 0 0
259 149 0 0
258 149 0 0
262 148 0 0
261 148 0 0
260 148 0 0
259 148 0 0
258 148 0 0
257 148 0 0
262 147 0 0
261 147 0 0
260 147 0 0
259 147 0 0
258 147 0 0
257 147 0 0
256 147 0 0
262 146 0 0
261 146 0 0
260 146 0 0
259 146 0 0
258 146 0 0
257 146 0 0
256 146 0 0
261 145 0 0
260 145 0 0
259 145 0 0
258 145 0 0
257 145 0 0
256 145 0 0
255 145 0 0
254 145 0 0
259 144 0 0
258 144 0 0
257 144 0 0
256 144 0 0
255 144 0 0
254 144 0 0
258 143 0 0
257 143 0 0
256 143 0 0
255 143 0 0
254 143 0 0
253 143 0 0
258 142 0 0
257 142 0 0
256 142 0 0
255 142 0 0
254 142 0 0
253 142 0 0
258 141 0 0
257 141 0 0
256 141 0 0
255 141 0 0
254 141 0 0
253 141 0 0
257 140 0 0
256 140 0 0
255 140 0 0
254 140 0 0
253 140 0 0
252 140 0 0
256 139 0 0
255 139 0 0
254 139 0 0
253 139 0 0
252 139 0 0
251 139 0 0
255 138 0 0
254 138 0 0
253 138 0 0
252 138 0 0
251 138 0 0
250 138 0 0
249 138 0 0
255 137 0 0
254 137 0 0
253 137 0 0
252 137 0 0
251 137 0 0
250 137 0 0
249 137 0 0
253 136 0 0
252 136 0 0
251 136 0 0
250 136 0 0
249 136 0 0
248 136 0 0
253 135 0 0
252 135 0 0
251 135 0 0
250 135 0 0
249 135 0 0
248 135 0 0
253 134 0 0
252 134 0 0
251 134 0 0
250 134 0 0
249 134 0 0
248 134 0 0
247 134 0 0
252 133 0 0
251 133 0 0
250 133 0 0
249 133 0 0
248 133 0 0
247 133 0 0
251 132 0 0
250 132 0 0
249 132 0 0
248 132 0 0
247 132 0 0
246 132 0 0
251 131 0 0
250 131 0 0
249 131 0 0
248 131 0 0
247 131 0 0
246 131 0 0
245 131 0 0
251 130 0 0
250 130 0 0
249 130 0 0
248 130 0 0
247 130 0 0
246 130 0 0
245 130 0 0
250 129 0 0
249 129 0 0
248 129 0 0
247 129 0 0
246 129 0 0
245 129 0 0
248 128 0 0
247 128 0 0
246 128 0 0
245 128 0 0
244 128 0 0
243 128 0 0
247 127 0 0
246 127 0 0
245 127 0 0
244 127 0 0
243 127 0 0
242 127 0 0
246 126 0 0
245 126 0 0
244 126 0 0
243 126 0 0
245 125 0 0
245 124 0 0
