2915 600 450
390 412 0 0
392 411 0 0
391 411 0 0
390 411 0 0
389 411 0 0
393 410 0 0
392 410 0 0
391 410 0 0
390 410 0 0
389 410 0 0
388 410 0 0
394 409 0 0
393 409 0 0
392 409 0 0
391 409 0 0
390 409 0 0
389 409 0 0
395 408 0 0
394 408 0 0
393 408 0 0
392 408 0 0
391 408 0 0
390 408 0 0
389 408 0 0
395 407 0 0
394 407 0 0
393 407 0 0
392 407 0 0
391 407 0 0
390 407 0 0
389 407 0 0
397 406 0 0
396 406 0 0
395 406 0 0
394 406 0 0
393 406 0 0
392 406 0 0
391 406 0 0
390 406 0 0
398 405 0 0
397 405 0 0
396 405 0 0
395 405 0 0
394 405 0 0
393 405 0 0
392 405 0 0
391 405 0 0
399 404 0 0
398 404 0 0
397 404 0 0
396 404 0 0
395 404 0 0
394 404 0 0
393 404 0 0
400 403 0 0
399 403 0 0
398 403 0 0
397 403 0 0
396 403 0 0
395 403 0 0
394 403 0 0
400 402 0 0
399 402 0 0
398 402 0 0
397 402 0 0
396 402 0 0
395 402 0 0
394 402 0 0
401 401 0 0
400 401 0 0
399 401 0 0
398 401 0 0
397 401 0 0
396 401 0 0
395 401 0 0
403 400 0 0
402 400 0 0
401 400 0 0
400 400 0 0
399 400 0 0
398 400 0 0
397 400 0 0
396 400 0 0
404 399 0 0
403 399 0 0
402 399 0 0
401 399 0 0
400 399 0 0
399 399 0 0
398 399 0 0
406 398 0 0
405 398 0 0
404 398 0 0
403 398 0 0
402 398 0 0
401 398 0 0
400 398 0 0
399 398 0 0
408 397 0 0
407 397 0 0
406 397 0 0
405 397 0 0
404 397 0 0
403 397 0 0
402 397 0 0
401 397 0 0
408 396 0 0
407 396 0 0
406 396 0 0
405 396 0 0
404 396 0 0
403 396 0 0
402 396 0 0
401 396 0 0
409 395 0 0
408 395 0 0
407 395 0 0
406 395 0 0
405 395 0 0
404 395 0 0
403 395 0 0
402 395 0 0
410 394 0 0
409 394 0 0
408 394 0 0
407 394 0 0
406 394 0 0
405 394 0 0
404 394 0 0
411 393 0 0
410 393 0 0
409 393 0 0
408 393 0 0
407 393 0 0
406 393 0 0
405 393 0 0
412 392 0 0
411 392 0 0
410 392 0 0
409 392 0 0
408 392 0 0
407 392 0 0
406 392 0 0
412 391 0 0
411 391 0 0
410 391 0 0
409 391 0 0
408 391 0 0
407 391 0 0
406 391 0 0
414 390 0 0
413 390 0 0
412 390 0 0
411 390 0 0
410 390 0 0
409 390 0 0
408 390 0 0
407 390 0 0
415 389 0 0
414 389 0 0
413 389 0 0
412 389 0 0
411 389 0 0
410 389 0 0
409 389 0 0
417 388 0 0
416 388 0 0
415 388 0 0
414 388 0 0
413 388 0 0
412 388 0 0
411 388 0 0
410 388 0 0
419 387 0 0
418 387 0 0
417 387 0 0
416 387 0 0
415 387 0 0
414 387 0 0
413 387 0 0
412 387 0 0
420 386 0 0
419 386 0 0
418 386 0 0
417 386 0 0
416 386 0 0
415 386 0 0
414 386 0 0
413 386 0 0
420 385 0 0
419 385 0 0
418 385 0 0
417 385 0 0
416 385 0 0
415 385 0 0
414 385 0 0
413 385 0 0
421 384 0 0
420 384 0 0
419 384 0 0
418 384 0 0
417 384 0 0
416 384 0 0
415 384 0 0
422 383 0 0
421 383 0 0
420 383 0 0
419 383 0 0
418 383 0 0
417 383 0 0
416 383 0 0
423 382 0 0
422 382 0 0
421 382 0 0
420 382 0 0
419 382 0 0
418 382 0 0
417 382 0 0
425 381 0 0
424 381 0 0
423 381 0 0
422 381 0 0
421 381 0 0
420 381 0 0
419 381 0 0
418 381 0 0
425 380 0 0
424 380 0 0
423 380 0 0
422 380 0 0
421 380 0 0
420 380 0 0
419 380 0 0
418 380 0 0
426 379 0 0
425 379 0 0
424 379 0 0
423 379 0 0
422 379 0 0
421 379 0 0
420 379 0 0
427 378 0 0
426 378 0 0
425 378 0 0
424 378 0 0
423 378 0 0
422 378 0 0
421 378 0 0
428 377 0 0
427 377 0 0
426 377 0 0
425 377 0 0
424 377 0 0
423 377 0 0
422 377 0 0
431 376 0 0
430 376 0 0
429 376 0 0
428 376 0 0
427 376 0 0
426 376 0 0
425 376 0 0
424 376 0 0
423 376 0 0
432 375 0 0
431 375 0 0
430 375 0 0
429 375 0 0
428 375 0 0
427 375 0 0
426 375 0 0
432 374 0 0
431 374 0 0
430 374 0 0
429 374 0 0
428 374 0 0
427 374 0 0
426 374 0 0
433 373 0 0
432 373 0 0
431 373 0 0
430 373 0 0
429 373 0 0
428 373 0 0
427 373 0 0
434 372 0 0
433 372 0 0
432 372 0 0
431 372 0 0
430 372 0 0
429 372 0 0
428 372 0 0
436 371 0 0
435 371 0 0
434 371 0 0
433 371 0 0
432 371 0 0
431 371 0 0
430 371 0 0
429 371 0 0
437 370 0 0
436 370 0 0
435 370 0 0
434 370 0 0
433 370 0 0
432 370 0 0
431 370 0 0
430 370 0 0
438 369 0 0
437 369 0 0
436 369 0 0
435 369 0 0
434 369 0 0
433 369 0 0
432 369 0 0
438 368 0 0
437 368 0 0
436 368 0 0
435 368 0 0
434 368 0 0
433 368 0 0
432 368 0 0
439 367 0 0
438 367 0 0
437 367 0 0
436 367 0 0
435 367 0 0
434 367 0 0
433 367 0 0
442 366 0 0
441 366 0 0
440 366 0 0
439 366 0 0
438 366 0 0
437 366 0 0
436 366 0 0
435 366 0 0
434 366 0 0
443 365 0 0
442 365 0 0
441 365 0 0
440 365 0 0
439 365 0 0
438 365 0 0
437 365 0 0
444 364 0 0
443 364 0 0
442 364 0 0
441 364 0 0
440 364 0 0
439 364 0 0
438 364 0 0
444 363 0 0
443 363 0 0
442 363 0 0
441 363 0 0
440 363 0 0
439 363 0 0
438 363 0 0
445 362 0 0
444 362 0 0
443 362 0 0
442 362 0 0
441 362 0 0
440 362 0 0
439 362 0 0
447 361 0 0
446 361 0 0
445 361 0 0
444 361 0 0
443 361 0 0
442 361 0 0
441 361 0 0
440 361 0 0
448 360 0 0
447 360 0 0
446 360 0 0
445 360 0 0
444 360 0 0
443 360 0 0
442 360 0 0
441 360 0 0
449 359 0 0
448 359 0 0
447 359 0 0
446 359 0 0
445 359 0 0
444 359 0 0
443 359 0 0
450 358 0 0
449 358 0 0
448 358 0 0
447 358 0 0
446 358 0 0
445 358 0 0
444 358 0 0
450 357 0 0
449 357 0 0
448 357 0 0
447 357 0 0
446 357 0 0
445 357 0 0
444 357 0 0
451 356 0 0
450 356 0 0
449 356 0 0
448 356 0 0
447 356 0 0
446 356 0 0
445 356 0 0
453 355 0 0
452 355 0 0
451 355 0 0
450 355 0 0
449 355 0 0
448 355 0 0
447 355 0 0
446 355 0 0
454 354 0 0
453 354 0 0
452 354 0 0
451 354 0 0
450 354 0 0
449 354 0 0
448 354 0 0
455 353 0 0
454 353 0 0
453 353 0 0
452 353 0 0
451 353 0 0
450 353 0 0
449 353 0 0
455 352 0 0
454 352 0 0
453 352 0 0
452 352 0 0
451 352 0 0
450 352 0 0
449 352 0 0
456 351 0 0
455 351 0 0
454 351 0 0
453 351 0 0
452 351 0 0
451 351 0 0
450 351 0 0
459 350 0 0
458 350 0 0
457 350 0 0
456 350 0 0
455 350 0 0
454 350 0 0
453 350 0 0
452 350 0 0
451 350 0 0
460 349 0 0
459 349 0 0
458 349 0 0
457 349 0 0
456 349 0 0
455 349 0 0
454 349 0 0
461 348 0 0
460 348 0 0
459 348 0 0
458 348 0 0
457 348 0 0
456 348 0 0
455 348 0 0
462 347 0 0
461 347 0 0
460 347 0 0
459 347 0 0
458 347 0 0
457 347 0 0
456 347 0 0
462 346 0 0
461 346 0 0
460 346 0 0
459 346 0 0
458 346 0 0
457 346 0 0
456 346 0 0
464 345 0 0
463 345 0 0
462 345 0 0
461 345 0 0
460 345 0 0
459 345 0 0
458 345 0 0
457 345 0 0
465 344 0 0
464 344 0 0
463 344 0 0
462 344 0 0
461 344 0 0
460 344 0 0
459 344 0 0
466 343 0 0
465 343 0 0
464 343 0 0
463 343 0 0
462 343 0 0
461 343 0 0
460 343 0 0
467 342 0 0
466 342 0 0
465 342 0 0
464 342 0 0
463 342 0 0
462 342 0 0
461 342 0 0
467 341 0 0
466 341 0 0
465 341 0 0
464 341 0 0
463 341 0 0
462 341 0 0
461 341 0 0
470 340 0 0
469 340 0 0
468 340 0 0
467 340 0 0
466 340 0 0
465 340 0 0
464 340 0 0
463 340 0 0
462 340 0 0
471 339 0 0
470 339 0 0
469 339 0 0
468 339 0 0
467 339 0 0
466 339 0 0
465 339 0 0
472 338 0 0
471 338 0 0
470 338 0 0
469 338 0 0
468 338 0 0
467 338 0 0
466 338 0 0
473 337 0 0
472 337 0 0
471 337 0 0
470 337 0 0
469 337 0 0
468 337 0 0
467 337 0 0
475 336 0 0
474 336 0 0
473 336 0 0
472 336 0 0
471 336 0 0
470 336 0 0
469 336 0 0
468 336 0 0
475 335 0 0
474 335 0 0
473 335 0 0
472 335 0 0
471 335 0 0
470 335 0 0
469 335 0 0
468 335 0 0
476 334 0 0
475 334 0 0
474 334 0 0
473 334 0 0
472 334 0 0
471 334 0 0
470 334 0 0
477 333 0 0
476 333 0 0
475 333 0 0
474 333 0 0
473 333 0 0
472 333 0 0
471 333 0 0
478 332 0 0
477 332 0 0
476 332 0 0
475 332 0 0
474 332 0 0
473 332 0 0
472 332 0 0
479 331 0 0
478 331 0 0
477 331 0 0
476 331 0 0
475 331 0 0
474 331 0 0
473 331 0 0
479 330 0 0
478 330 0 0
477 330 0 0
476 330 0 0
475 330 0 0
474 330 0 0
473 330 0 0
481 329 0 0
480 329 0 0
479 329 0 0
478 329 0 0
477 329 0 0
476 329 0 0
475 329 0 0
474 329 0 0
483 328 0 0
482 328 0 0
481 328 0 0
480 328 0 0
479 328 0 0
478 328 0 0
477 328 0 0
476 328 0 0
484 327 0 0
483 327 0 0
482 327 0 0
481 327 0 0
480 327 0 0
479 327 0 0
478 327 0 0
486 326 0 0
485 326 0 0
484 326 0 0
483 326 0 0
482 326 0 0
481 326 0 0
480 326 0 0
479 326 0 0
487 325 0 0
486 325 0 0
485 325 0 0
484 325 0 0
483 325 0 0
482 325 0 0
481 325 0 0
480 325 0 0
487 324 0 0
486 324 0 0
485 324 0 0
484 324 0 0
483 324 0 0
482 324 0 0
481 324 0 0
480 324 0 0
488 323 0 0
487 323 0 0
486 323 0 0
485 323 0 0
484 323 0 0
483 323 0 0
482 323 0 0
489 322 0 0
488 322 0 0
487 322 0 0
486 322 0 0
485 322 0 0
484 322 0 0
483 322 0 0
490 321 0 0
489 321 0 0
488 321 0 0
487 321 0 0
486 321 0 0
485 321 0 0
484 321 0 0
492 320 0 0
491 320 0 0
490 320 0 0
489 320 0 0
488 320 0 0
487 320 0 0
486 320 0 0
485 320 0 0
494 319 0 0
493 319 0 0
492 319 0 0
491 319 0 0
490 319 0 0
489 319 0 0
488 319 0 0
487 319 0 0
494 318 0 0
493 318 0 0
492 318 0 0
491 318 0 0
490 318 0 0
489 318 0 0
488 318 0 0
487 318 0 0
495 317 0 0
494 317 0 0
493 317 0 0
492 317 0 0
491 317 0 0
490 317 0 0
489 317 0 0
497 316 0 0
496 316 0 0
495 316 0 0
494 316 0 0
493 316 0 0
492 316 0 0
491 316 0 0
490 316 0 0
498 315 0 0
497 315 0 0
496 315 0 0
495 315 0 0
494 315 0 0
493 315 0 0
492 315 0 0
491 315 0 0
499 314 0 0
498 314 0 0
497 314 0 0
496 314 0 0
495 314 0 0
494 314 0 0
493 314 0 0
499 313 0 0
498 313 0 0
497 313 0 0
496 313 0 0
495 313 0 0
494 313 0 0
493 313 0 0
500 312 0 0
499 312 0 0
498 312 0 0
497 312 0 0
496 312 0 0
495 312 0 0
494 312 0 0
500 311 0 0
499 311 0 0
498 311 0 0
497 311 0 0
496 311 0 0
495 311 0 0
500 310 0 0
499 310 0 0
498 310 0 0
497 310 0 0
496 310 0 0
495 310 0 0
500 309 0 0
499 309 0 0
498 309 0 0
497 309 0 0
496 309 0 0
495 309 0 0
500 308 0 0
499 308 0 0
498 308 0 0
497 308 0 0
496 308 0 0
495 308 0 0
500 307 0 0
499 307 0 0
498 307 0 0
497 307 0 0
496 307 0 0
495 307 0 0
499 306 0 0
498 306 0 0
497 306 0 0
496 306 0 0
498 305 0 0
277 270 0 1
278 269 0 1
277 269 0 1
276 269 0 1
278 268 0 1
277 268 0 1
276 268 0 1
279 267 0 1
278 267 0 1
277 267 0 1
276 267 0 1
275 267 0 1
274 267 0 1
279 266 0 1
278 266 0 1
277 266 0 1
276 266 0 1
275 266 0 1
274 266 0 1
279 265 0 1
278 265 0 1
277 265 0 1
276 265 0 1
275 265 0 1
274 265 0 1
279 264 0 1
278 264 0 1
277 264 0 1
276 264 0 1
275 264 0 1
274 264 0 1
279 263 0 1
278 263 0 1
277 263 0 1
276 263 0 1
275 263 0 1
274 263 0 1
279 262 0 1
278 262 0 1
277 262 0 1
276 262 0 1
275 262 0 1
274 262 0 1
281 261 0 1
280 261 0 1
279 261 0 1
278 261 0 1
277 261 0 1
276 261 0 1
281 260 0 1
280 260 0 1
279 260 0 1
278 260 0 1
277 260 0 1
276 260 0 1
282 259 0 1
281 259 0 1
280 259 0 1
279 259 0 1
278 259 0 1
277 259 0 1
282 258 0 1
281 258 0 1
280 258 0 1
279 258 0 1
278 258 0 1
277 258 0 1
282 257 0 1
281 257 0 1
280 257 0 1
279 257 0 1
278 257 0 1
277 257 0 1
283 256 0 1
282 256 0 1
281 256 0 1
280 256 0 1
279 256 0 1
278 256 0 1
283 255 0 1
282 255 0 1
281 255 0 1
280 255 0 1
279 255 0 1
278 255 0 1
283 254 0 1
282 254 0 1
281 254 0 1
280 254 0 1
279 254 0 1
278 254 0 1
284 253 0 1
283 253 0 1
282 253 0 1
281 253 0 1
280 253 0 1
279 253 0 1
284 252 0 1
283 252 0 1
282 252 0 1
281 252 0 1
280 252 0 1
279 252 0 1
284 251 0 1
283 251 0 1
282 251 0 1
281 251 0 1
280 251 0 1
279 251 0 1
286 250 0 1
285 250 0 1
284 250 0 1
283 250 0 1
282 250 0 1
281 250 0 1
280 250 0 1
286 249 0 1
285 249 0 1
284 249 0 1
283 249 0 1
282 249 0 1
281 249 0 1
280 249 0 1
286 248 0 1
285 248 0 1
284 248 0 1
283 248 0 1
282 248 0 1
281 248 0 1
280 248 0 1
287 247 0 1
286 247 0 1
285 247 0 1
284 247 0 1
283 247 0 1
282 247 0 1
287 246 0 1
286 246 0 1
285 246 0 1
284 246 0 1
283 246 0 1
282 246 0 1
287 245 0 1
286 245 0 1
285 245 0 1
284 245 0 1
283 245 0 1
282 245 0 1
287 244 0 1
286 244 0 1
285 244 0 1
284 244 0 1
283 244 0 1
282 244 0 1
287 243 0 1
286 243 0 1
285 243 0 1
284 243 0 1
283 243 0 1
282 243 0 1
288 242 0 1
287 242 0 1
286 242 0 1
285 242 0 1
284 242 0 1
283 242 0 1
288 241 0 1
287 241 0 1
286 241 0 1
285 241 0 1
284 241 0 1
283 241 0 1
288 240 0 1
287 240 0 1
286 240 0 1
285 240 0 1
284 240 0 1
283 240 0 1
288 239 0 1
287 239 0 1
286 239 0 1
285 239 0 1
284 239 0 1
283 239 0 1
289 238 0 1
288 238 0 1
287 238 0 1
286 238 0 1
285 238 0 1
284 238 0 1
289 237 0 1
288 237 0 1
287 237 0 1
286 237 0 1
285 237 0 1
284 237 0 1
289 236 0 1
288 236 0 1
287 236 0 1
286 236 0 1
285 236 0 1
284 236 0 1
289 235 0 1
288 235 0 1
287 235 0 1
286 235 0 1
285 235 0 1
284 235 0 1
290 234 0 1
289 234 0 1
288 234 0 1
287 234 0 1
286 234 0 1
285 234 0 1
290 233 0 1
289 233 0 1
288 233 0 1
287 233 0 1
286 233 0 1
285 233 0 1
290 232 0 1
289 232 0 1
288 232 0 1
287 232 0 1
286 232 0 1
285 232 0 1
290 231 0 1
289 231 0 1
288 231 0 1
287 231 0 1
286 231 0 1
285 231 0 1
290 230 0 1
289 230 0 1
288 230 0 1
287 230 0 1
286 230 0 1
285 230 0 1
290 229 0 1
289 229 0 1
288 229 0 1
287 229 0 1
286 229 0 1
285 229 0 1
290 228 0 1
289 228 0 1
288 228 0 1
287 228 0 1
286 228 0 1
285 228 0 1
292 227 0 1
291 227 0 1
290 227 0 1
289 227 0 1
288 227 0 1
287 227 0 1
292 226 0 1
291 226 0 1
290 226 0 1
289 226 0 1
288 226 0 1
287 226 0 1
292 225 0 1
291 225 0 1
290 225 0 1
289 225 0 1
288 225 0 1
287 225 0 1
292 224 0 1
291 224 0 1
290 224 0 1
289 224 0 1
288 224 0 1
287 224 0 1
292 223 0 1
291 223 0 1
290 223 0 1
289 223 0 1
288 223 0 1
287 223 0 1
292 222 0 1
291 222 0 1
290 222 0 1
289 222 0 1
288 222 0 1
287 222 0 1
293 221 0 1
292 221 0 1
291 221 0 1
290 221 0 1
289 221 0 1
288 221 0 1
293 220 0 1
292 220 0 1
291 220 0 1
290 220 0 1
289 220 0 1
288 220 0 1
293 219 0 1
292 219 0 1
291 219 0 1
290 219 0 1
289 219 0 1
288 219 0 1
293 218 0 1
292 218 0 1
291 218 0 1
290 218 0 1
289 218 0 1
288 218 0 1
293 217 0 1
292 217 0 1
291 217 0 1
290 217 0 1
289 217 0 1
288 217 0 1
293 216 0 1
292 216 0 1
291 216 0 1
290 216 0 1
289 216 0 1
288 216 0 1
293 215 0 1
292 215 0 1
291 215 0 1
290 215 0 1
289 215 0 1
288 215 0 1
294 214 0 1
293 214 0 1
292 214 0 1
291 214 0 1
290 214 0 1
289 214 0 1
294 213 0 1
293 213 0 1
292 213 0 1
291 213 0 1
290 213 0 1
289 213 0 1
294 212 0 1
293 212 0 1
292 212 0 1
291 212 0 1
290 212 0 1
289 212 0 1
294 211 0 1
293 211 0 1
292 211 0 1
291 211 0 1
290 211 0 1
289 211 0 1
294 210 0 1
293 210 0 1
292 210 0 1
291 210 0 1
290 210 0 1
289 210 0 1
295 209 0 1
294 209 0 1
293 209 0 1
292 209 0 1
291 209 0 1
290 209 0 1
289 209 0 1
295 208 0 1
294 208 0 1
293 208 0 1
292 208 0 1
291 208 0 1
290 208 0 1
295 207 0 1
294 207 0 1
293 207 0 1
292 207 0 1
291 207 0 1
290 207 0 1
295 206 0 1
294 206 0 1
293 206 0 1
292 206 0 1
291 206 0 1
290 206 0 1
295 205 0 1
294 205 0 1
293 205 0 1
292 205 0 1
291 205 0 1
290 205 0 1
295 204 0 1
294 204 0 1
293 204 0 1
292 204 0 1
291 204 0 1
290 204 0 1
297 203 0 1
296 203 0 1
295 203 0 1
294 203 0 1
293 203 0 1
292 203 0 1
291 203 0 1
297 202 0 1
296 202 0 1
295 202 0 1
294 202 0 1
293 202 0 1
292 202 0 1
291 202 0 1
297 201 0 1
296 201 0 1
295 201 0 1
294 201 0 1
293 201 0 1
292 201 0 1
291 201 0 1
297 200 0 1
296 200 0 1
295 200 0 1
294 200 0 1
293 200 0 1
292 200 0 1
291 200 0 1
297 199 0 1
296 199 0 1
295 199 0 1
294 199 0 1
293 199 0 1
292 199 0 1
291 199 0 1
297 198 0 1
296 198 0 1
295 198 0 1
294 198 0 1
293 198 0 1
292 198 0 1
291 198 0 1
297 197 0 1
296 197 0 1
295 197 0 1
294 197 0 1
293 197 0 1
292 197 0 1
291 197 0 1
297 196 0 1
296 196 0 1
295 196 0 1
294 196 0 1
293 196 0 1
292 196 0 1
291 196 0 1
298 195 0 1
297 195 0 1
296 195 0 1
295 195 0 1
294 195 0 1
293 195 0 1
298 194 0 1
297 194 0 1
296 194 0 1
295 194 0 1
294 194 0 1
293 194 0 1
298 193 0 1
297 193 0 1
296 193 0 1
295 193 0 1
294 193 0 1
293 193 0 1
298 192 0 1
297 192 0 1
296 192 0 1
295 192 0 1
294 192 0 1
293 192 0 1
298 191 0 1
297 191 0 1
296 191 0 1
295 191 0 1
294 191 0 1
293 191 0 1
298 190 0 1
297 190 0 1
296 190 0 1
295 190 0 1
294 190 0 1
293 190 0 1
299 189 0 1
298 189 0 1
297 189 0 1
296 189 0 1
295 189 0 1
294 189 0 1
299 188 0 1
298 188 0 1
297 188 0 1
296 188 0 1
295 188 0 1
294 188 0 1
299 187 0 1
298 187 0 1
297 187 0 1
296 187 0 1
295 187 0 1
294 187 0 1
299 186 0 1
298 186 0 1
297 186 0 1
296 186 0 1
295 186 0 1
294 186 0 1
299 185 0 1
298 185 0 1
297 185 0 1
296 185 0 1
295 185 0 1
294 185 0 1
299 184 0 1
298 184 0 1
297 184 0 1
296 184 0 1
295 184 0 1
294 184 0 1
300 183 0 1
299 183 0 1
298 183 0 1
297 183 0 1
296 183 0 1
295 183 0 1
300 182 0 1
299 182 0 1
298 182 0 1
297 182 0 1
296 182 0 1
295 182 0 1
300 181 0 1
299 181 0 1
298 181 0 1
297 181 0 1
296 181 0 1
295 181 0 1
300 180 0 1
299 180 0 1
298 180 0 1
297 180 0 1
296 180 0 1
295 180 0 1
300 179 0 1
299 179 0 1
298 179 0 1
297 179 0 1
296 179 0 1
295 179 0 1
301 178 0 1
300 178 0 1
299 178 0 1
298 178 0 1
297 178 0 1
296 178 0 1
300 177 0 1
299 177 0 1
298 177 0 1
299 176 0 1
126 154 0 0
127 153 0 0
126 153 0 0
125 153 0 0
124 153 0 0
127 152 0 0
126 152 0 0
125 152 0 0
124 152 0 0
128 151 0 0
127 151 0 0
126 151 0 0
125 151 0 0
124 151 0 0
123 151 0 0
128 150 0 0
127 150 0 0
126 150 0 0
125 150 0 0
124 150 0 0
123 150 0 0
128 149 0 0
127 149 0 0
126 149 0 0
125 149 0 0
124 149 0 0
123 149 0 0
128 148 0 0
127 148 0 0
126 148 0 0
125 148 0 0
124 148 0 0
123 148 0 0
509 147 0 0
508 147 0 0
507 147 0 0
128 147 0 0
127 147 0 0
126 147 0 0
125 147 0 0
124 147 0 0
123 147 0 0
509 146 0 0
508 146 0 0
507 146 0 0
128 146 0 0
127 146 0 0
126 146 0 0
125 146 0 0
124 146 0 0
123 146 0 0
510 145 0 0
509 145 0 0
508 145 0 0
507 145 0 0
506 145 0 0
129 145 0 0
128 145 0 0
127 145 0 0
126 145 0 0
125 145 0 0
124 145 0 0
511 144 0 0
510 144 0 0
509 144 0 0
508 144 0 0
507 144 0 0
506 144 0 0
505 144 0 0
504 144 0 0
129 144 0 0
128 144 0 0
127 144 0 0
126 144 0 0
125 144 0 0
124 144 0 0
510 143 0 0
509 143 0 0
508 143 0 0
507 143 0 0
506 143 0 0
505 143 0 0
504 143 0 0
503 143 0 0
502 143 0 0
129 143 0 0
128 143 0 0
127 143 0 0
126 143 0 0
125 143 0 0
124 143 0 0
509 142 0 0
508 142 0 0
507 142 0 0
506 142 0 0
505 142 0 0
504 142 0 0
503 142 0 0
502 142 0 0
501 142 0 0
500 142 0 0
129 142 0 0
128 142 0 0
127 142 0 0
126 142 0 0
125 142 0 0
124 142 0 0
509 141 0 0
508 141 0 0
507 141 0 0
506 141 0 0
505 141 0 0
504 141 0 0
503 141 0 0
502 141 0 0
501 141 0 0
500 141 0 0
129 141 0 0
128 141 0 0
127 141 0 0
126 141 0 0
125 141 0 0
124 141 0 0
506 140 0 0
505 140 0 0
504 140 0 0
503 140 0 0
502 140 0 0
501 140 0 0
500 140 0 0
499 140 0 0
131 140 0 0
130 140 0 0
129 140 0 0
128 140 0 0
127 140 0 0
126 140 0 0
505 139 0 0
504 139 0 0
503 139 0 0
502 139 0 0
501 139 0 0
500 139 0 0
499 139 0 0
498 139 0 0
497 139 0 0
496 139 0 0
131 139 0 0
130 139 0 0
129 139 0 0
128 139 0 0
127 139 0 0
126 139 0 0
503 138 0 0
502 138 0 0
501 138 0 0
500 138 0 0
499 138 0 0
498 138 0 0
497 138 0 0
496 138 0 0
495 138 0 0
131 138 0 0
130 138 0 0
129 138 0 0
128 138 0 0
127 138 0 0
126 138 0 0
501 137 0 0
500 137 0 0
499 137 0 0
498 137 0 0
497 137 0 0
496 137 0 0
495 137 0 0
494 137 0 0
493 137 0 0
132 137 0 0
131 137 0 0
130 137 0 0
129 137 0 0
128 137 0 0
127 137 0 0
126 137 0 0
499 136 0 0
498 136 0 0
497 136 0 0
496 136 0 0
495 136 0 0
494 136 0 0
493 136 0 0
492 136 0 0
491 136 0 0
490 136 0 0
132 136 0 0
131 136 0 0
130 136 0 0
129 136 0 0
128 136 0 0
127 136 0 0
499 135 0 0
498 135 0 0
497 135 0 0
496 135 0 0
495 135 0 0
494 135 0 0
493 135 0 0
492 135 0 0
491 135 0 0
490 135 0 0
132 135 0 0
131 135 0 0
130 135 0 0
129 135 0 0
128 135 0 0
127 135 0 0
498 134 0 0
497 134 0 0
496 134 0 0
495 134 0 0
494 134 0 0
493 134 0 0
492 134 0 0
491 134 0 0
490 134 0 0
489 134 0 0
488 134 0 0
132 134 0 0
131 134 0 0
130 134 0 0
129 134 0 0
128 134 0 0
127 134 0 0
497 133 0 0
496 133 0 0
495 133 0 0
494 133 0 0
493 133 0 0
492 133 0 0
491 133 0 0
490 133 0 0
489 133 0 0
488 133 0 0
487 133 0 0
132 133 0 0
131 133 0 0
130 133 0 0
129 133 0 0
128 133 0 0
127 133 0 0
494 132 0 0
493 132 0 0
492 132 0 0
491 132 0 0
490 132 0 0
489 132 0 0
488 132 0 0
487 132 0 0
486 132 0 0
485 132 0 0
484 132 0 0
133 132 0 0
132 132 0 0
131 132 0 0
130 132 0 0
129 132 0 0
128 132 0 0
492 131 0 0
491 131 0 0
490 131 0 0
489 131 0 0
488 131 0 0
487 131 0 0
486 131 0 0
485 131 0 0
484 131 0 0
483 131 0 0
482 131 0 0
133 131 0 0
132 131 0 0
131 131 0 0
130 131 0 0
129 131 0 0
128 131 0 0
492 130 0 0
491 130 0 0
490 130 0 0
489 130 0 0
488 130 0 0
487 130 0 0
486 130 0 0
485 130 0 0
484 130 0 0
483 130 0 0
482 130 0 0
133 130 0 0
132 130 0 0
131 130 0 0
130 130 0 0
129 130 0 0
128 130 0 0
489 129 0 0
488 129 0 0
487 129 0 0
486 129 0 0
485 129 0 0
484 129 0 0
483 129 0 0
482 129 0 0
481 129 0 0
480 129 0 0
133 129 0 0
132 129 0 0
131 129 0 0
130 129 0 0
129 129 0 0
128 129 0 0
488 128 0 0
487 128 0 0
486 128 0 0
485 128 0 0
484 128 0 0
483 128 0 0
482 128 0 0
481 128 0 0
480 128 0 0
479 128 0 0
478 128 0 0
133 128 0 0
132 128 0 0
131 128 0 0
130 128 0 0
129 128 0 0
128 128 0 0
486 127 0 0
485 127 0 0
484 127 0 0
483 127 0 0
482 127 0 0
481 127 0 0
480 127 0 0
479 127 0 0
478 127 0 0
477 127 0 0
476 127 0 0
134 127 0 0
133 127 0 0
132 127 0 0
131 127 0 0
130 127 0 0
129 127 0 0
483 126 0 0
482 126 0 0
481 126 0 0
480 126 0 0
479 126 0 0
478 126 0 0
477 126 0 0
476 126 0 0
475 126 0 0
474 126 0 0
473 126 0 0
134 126 0 0
133 126 0 0
132 126 0 0
131 126 0 0
130 126 0 0
129 126 0 0
481 125 0 0
480 125 0 0
479 125 0 0
478 125 0 0
477 125 0 0
476 125 0 0
475 125 0 0
474 125 0 0
473 125 0 0
472 125 0 0
134 125 0 0
133 125 0 0
132 125 0 0
131 125 0 0
130 125 0 0
129 125 0 0
481 124 0 0
480 124 0 0
479 124 0 0
478 124 0 0
477 124 0 0
476 124 0 0
475 124 0 0
474 124 0 0
473 124 0 0
472 124 0 0
134 124 0 0
133 124 0 0
132 124 0 0
131 124 0 0
130 124 0 0
129 124 0 0
479 123 0 0
478 123 0 0
477 123 0 0
476 123 0 0
475 123 0 0
474 123 0 0
473 123 0 0
472 123 0 0
471 123 0 0
470 123 0 0
134 123 0 0
133 123 0 0
132 123 0 0
131 123 0 0
130 123 0 0
129 123 0 0
477 122 0 0
476 122 0 0
475 122 0 0
474 122 0 0
473 122 0 0
472 122 0 0
471 122 0 0
470 122 0 0
469 122 0 0
468 122 0 0
467 122 0 0
136 122 0 0
135 122 0 0
134 122 0 0
133 122 0 0
132 122 0 0
131 122 0 0
130 122 0 0
475 121 0 0
474 121 0 0
473 121 0 0
472 121 0 0
471 121 0 0
470 121 0 0
469 121 0 0
468 121 0 0
467 121 0 0
466 121 0 0
465 121 0 0
136 121 0 0
135 121 0 0
134 121 0 0
133 121 0 0
132 121 0 0
131 121 0 0
130 121 0 0
472 120 0 0
471 120 0 0
470 120 0 0
469 120 0 0
468 120 0 0
467 120 0 0
466 120 0 0
465 120 0 0
464 120 0 0
463 120 0 0
136 120 0 0
135 120 0 0
134 120 0 0
133 120 0 0
132 120 0 0
131 120 0 0
130 120 0 0
471 119 0 0
470 119 0 0
469 119 0 0
468 119 0 0
467 119 0 0
466 119 0 0
465 119 0 0
464 119 0 0
463 119 0 0
462 119 0 0
461 119 0 0
136 119 0 0
135 119 0 0
134 119 0 0
133 119 0 0
132 119 0 0
131 119 0 0
130 119 0 0
471 118 0 0
470 118 0 0
469 118 0 0
468 118 0 0
467 118 0 0
466 118 0 0
465 118 0 0
464 118 0 0
463 118 0 0
462 118 0 0
461 118 0 0
136 118 0 0
135 118 0 0
134 118 0 0
133 118 0 0
132 118 0 0
131 118 0 0
130 118 0 0
469 117 0 0
468 117 0 0
467 117 0 0
466 117 0 0
465 117 0 0
464 117 0 0
463 117 0 0
462 117 0 0
461 117 0 0
460 117 0 0
459 117 0 0
137 117 0 0
136 117 0 0
135 117 0 0
134 117 0 0
133 117 0 0
132 117 0 0
466 116 0 0
465 116 0 0
464 116 0 0
463 116 0 0
462 116 0 0
461 116 0 0
460 116 0 0
459 116 0 0
458 116 0 0
457 116 0 0
456 116 0 0
137 116 0 0
136 116 0 0
135 116 0 0
134 116 0 0
133 116 0 0
132 116 0 0
465 115 0 0
464 115 0 0
463 115 0 0
462 115 0 0
461 115 0 0
460 115 0 0
459 115 0 0
458 115 0 0
457 115 0 0
456 115 0 0
455 115 0 0
137 115 0 0
136 115 0 0
135 115 0 0
134 115 0 0
133 115 0 0
132 115 0 0
462 114 0 0
461 114 0 0
460 114 0 0
459 114 0 0
458 114 0 0
457 114 0 0
456 114 0 0
455 114 0 0
454 114 0 0
453 114 0 0
452 114 0 0
137 114 0 0
136 114 0 0
135 114 0 0
134 114 0 0
133 114 0 0
132 114 0 0
462 113 0 0
461 113 0 0
460 113 0 0
459 113 0 0
458 113 0 0
457 113 0 0
456 113 0 0
455 113 0 0
454 113 0 0
453 113 0 0
452 113 0 0
137 113 0 0
136 113 0 0
135 113 0 0
134 113 0 0
133 113 0 0
132 113 0 0
460 112 0 0
459 112 0 0
458 112 0 0
457 112 0 0
456 112 0 0
455 112 0 0
454 112 0 0
453 112 0 0
452 112 0 0
451 112 0 0
450 112 0 0
449 112 0 0
138 112 0 0
137 112 0 0
136 112 0 0
135 112 0 0
134 112 0 0
133 112 0 0
458 111 0 0
457 111 0 0
456 111 0 0
455 111 0 0
454 111 0 0
453 111 0 0
452 111 0 0
451 111 0 0
450 111 0 0
449 111 0 0
448 111 0 0
138 111 0 0
137 111 0 0
136 111 0 0
135 111 0 0
134 111 0 0
133 111 0 0
456 110 0 0
455 110 0 0
454 110 0 0
453 110 0 0
452 110 0 0
451 110 0 0
450 110 0 0
449 110 0 0
448 110 0 0
447 110 0 0
446 110 0 0
445 110 0 0
138 110 0 0
137 110 0 0
136 110 0 0
135 110 0 0
134 110 0 0
133 110 0 0
454 109 0 0
453 109 0 0
452 109 0 0
451 109 0 0
450 109 0 0
449 109 0 0
448 109 0 0
447 109 0 0
446 109 0 0
445 109 0 0
444 109 0 0
443 109 0 0
138 109 0 0
137 109 0 0
136 109 0 0
135 109 0 0
134 109 0 0
133 109 0 0
451 108 0 0
450 108 0 0
449 108 0 0
448 108 0 0
447 108 0 0
446 108 0 0
445 108 0 0
444 108 0 0
443 108 0 0
442 108 0 0
441 108 0 0
440 108 0 0
139 108 0 0
138 108 0 0
137 108 0 0
136 108 0 0
135 108 0 0
134 108 0 0
451 107 0 0
450 107 0 0
449 107 0 0
448 107 0 0
447 107 0 0
446 107 0 0
445 107 0 0
444 107 0 0
443 107 0 0
442 107 0 0
441 107 0 0
440 107 0 0
139 107 0 0
138 107 0 0
137 107 0 0
136 107 0 0
135 107 0 0
134 107 0 0
449 106 0 0
448 106 0 0
447 106 0 0
446 106 0 0
445 106 0 0
444 106 0 0
443 106 0 0
442 106 0 0
441 106 0 0
440 106 0 0
439 106 0 0
139 106 0 0
138 106 0 0
137 106 0 0
136 106 0 0
135 106 0 0
134 106 0 0
447 105 0 0
446 105 0 0
445 105 0 0
444 105 0 0
443 105 0 0
442 105 0 0
441 105 0 0
440 105 0 0
439 105 0 0
438 105 0 0
437 105 0 0
139 105 0 0
138 105 0 0
137 105 0 0
136 105 0 0
135 105 0 0
134 105 0 0
444 104 0 0
443 104 0 0
442 104 0 0
441 104 0 0
440 104 0 0
439 104 0 0
438 104 0 0
437 104 0 0
436 104 0 0
435 104 0 0
434 104 0 0
139 104 0 0
138 104 0 0
137 104 0 0
136 104 0 0
135 104 0 0
134 104 0 0
442 103 0 0
441 103 0 0
440 103 0 0
439 103 0 0
438 103 0 0
437 103 0 0
436 103 0 0
435 103 0 0
434 103 0 0
433 103 0 0
140 103 0 0
139 103 0 0
138 103 0 0
137 103 0 0
136 103 0 0
135 103 0 0
442 102 0 0
441 102 0 0
440 102 0 0
439 102 0 0
438 102 0 0
437 102 0 0
436 102 0 0
435 102 0 0
434 102 0 0
433 102 0 0
140 102 0 0
139 102 0 0
138 102 0 0
137 102 0 0
136 102 0 0
135 102 0 0
440 101 0 0
439 101 0 0
438 101 0 0
437 101 0 0
436 101 0 0
435 101 0 0
434 101 0 0
433 101 0 0
432 101 0 0
431 101 0 0
430 101 0 0
140 101 0 0
139 101 0 0
138 101 0 0
137 101 0 0
136 101 0 0
135 101 0 0
438 100 0 0
437 100 0 0
436 100 0 0
435 100 0 0
434 100 0 0
433 100 0 0
432 100 0 0
431 100 0 0
430 100 0 0
429 100 0 0
428 100 0 0
140 100 0 0
139 100 0 0
138 100 0 0
137 100 0 0
136 100 0 0
135 100 0 0
436 99 0 0
435 99 0 0
434 99 0 0
433 99 0 0
432 99 0 0
431 99 0 0
430 99 0 0
429 99 0 0
428 99 0 0
427 99 0 0
426 99 0 0
140 99 0 0
139 99 0 0
138 99 0 0
137 99 0 0
136 99 0 0
135 99 0 0
433 98 0 0
432 98 0 0
431 98 0 0
430 98 0 0
429 98 0 0
428 98 0 0
427 98 0 0
426 98 0 0
425 98 0 0
424 98 0 0
142 98 0 0
141 98 0 0
140 98 0 0
139 98 0 0
138 98 0 0
137 98 0 0
432 97 0 0
431 97 0 0
430 97 0 0
429 97 0 0
428 97 0 0
427 97 0 0
426 97 0 0
425 97 0 0
424 97 0 0
423 97 0 0
422 97 0 0
142 97 0 0
141 97 0 0
140 97 0 0
139 97 0 0
138 97 0 0
137 97 0 0
432 96 0 0
431 96 0 0
430 96 0 0
429 96 0 0
428 96 0 0
427 96 0 0
426 96 0 0
425 96 0 0
424 96 0 0
423 96 0 0
422 96 0 0
142 96 0 0
141 96 0 0
140 96 0 0
139 96 0 0
138 96 0 0
137 96 0 0
429 95 0 0
428 95 0 0
427 95 0 0
426 95 0 0
425 95 0 0
424 95 0 0
423 95 0 0
422 95 0 0
421 95 0 0
420 95 0 0
142 95 0 0
141 95 0 0
140 95 0 0
139 95 0 0
138 95 0 0
137 95 0 0
427 94 0 0
426 94 0 0
425 94 0 0
424 94 0 0
423 94 0 0
422 94 0 0
421 94 0 0
420 94 0 0
419 94 0 0
418 94 0 0
417 94 0 0
142 94 0 0
141 94 0 0
140 94 0 0
139 94 0 0
138 94 0 0
137 94 0 0
425 93 0 0
424 93 0 0
423 93 0 0
422 93 0 0
421 93 0 0
420 93 0 0
419 93 0 0
418 93 0 0
417 93 0 0
416 93 0 0
143 93 0 0
142 93 0 0
141 93 0 0
140 93 0 0
139 93 0 0
138 93 0 0
423 92 0 0
422 92 0 0
421 92 0 0
420 92 0 0
419 92 0 0
418 92 0 0
417 92 0 0
416 92 0 0
415 92 0 0
414 92 0 0
413 92 0 0
143 92 0 0
142 92 0 0
141 92 0 0
140 92 0 0
139 92 0 0
138 92 0 0
423 91 0 0
422 91 0 0
421 91 0 0
420 91 0 0
419 91 0 0
418 91 0 0
417 91 0 0
416 91 0 0
415 91 0 0
414 91 0 0
413 91 0 0
143 91 0 0
142 91 0 0
141 91 0 0
140 91 0 0
139 91 0 0
138 91 0 0
421 90 0 0
420 90 0 0
419 90 0 0
418 90 0 0
417 90 0 0
416 90 0 0
415 90 0 0
414 90 0 0
413 90 0 0
412 90 0 0
411 90 0 0
143 90 0 0
142 90 0 0
141 90 0 0
140 90 0 0
139 90 0 0
138 90 0 0
419 89 0 0
418 89 0 0
417 89 0 0
416 89 0 0
415 89 0 0
414 89 0 0
413 89 0 0
412 89 0 0
411 89 0 0
410 89 0 0
409 89 0 0
143 89 0 0
142 89 0 0
141 89 0 0
140 89 0 0
139 89 0 0
138 89 0 0
417 88 0 0
416 88 0 0
415 88 0 0
414 88 0 0
413 88 0 0
412 88 0 0
411 88 0 0
410 88 0 0
409 88 0 0
408 88 0 0
407 88 0 0
406 88 0 0
144 88 0 0
143 88 0 0
142 88 0 0
141 88 0 0
140 88 0 0
139 88 0 0
415 87 0 0
414 87 0 0
413 87 0 0
412 87 0 0
411 87 0 0
410 87 0 0
409 87 0 0
408 87 0 0
407 87 0 0
406 87 0 0
405 87 0 0
404 87 0 0
144 87 0 0
143 87 0 0
142 87 0 0
141 87 0 0
140 87 0 0
139 87 0 0
412 86 0 0
411 86 0 0
410 86 0 0
409 86 0 0
408 86 0 0
407 86 0 0
406 86 0 0
405 86 0 0
404 86 0 0
403 86 0 0
402 86 0 0
401 86 0 0
144 86 0 0
143 86 0 0
142 86 0 0
141 86 0 0
140 86 0 0
139 86 0 0
412 85 0 0
411 85 0 0
410 85 0 0
409 85 0 0
408 85 0 0
407 85 0 0
406 85 0 0
405 85 0 0
404 85 0 0
403 85 0 0
402 85 0 0
401 85 0 0
144 85 0 0
143 85 0 0
142 85 0 0
141 85 0 0
140 85 0 0
139 85 0 0
410 84 0 0
409 84 0 0
408 84 0 0
407 84 0 0
406 84 0 0
405 84 0 0
404 84 0 0
403 84 0 0
402 84 0 0
401 84 0 0
400 84 0 0
144 84 0 0
143 84 0 0
142 84 0 0
141 84 0 0
140 84 0 0
139 84 0 0
409 83 0 0
408 83 0 0
407 83 0 0
406 83 0 0
405 83 0 0
404 83 0 0
403 83 0 0
402 83 0 0
401 83 0 0
400 83 0 0
399 83 0 0
398 83 0 0
145 83 0 0
144 83 0 0
143 83 0 0
142 83 0 0
141 83 0 0
140 83 0 0
405 82 0 0
404 82 0 0
403 82 0 0
402 82 0 0
401 82 0 0
400 82 0 0
399 82 0 0
398 82 0 0
397 82 0 0
396 82 0 0
395 82 0 0
145 82 0 0
144 82 0 0
143 82 0 0
142 82 0 0
141 82 0 0
140 82 0 0
403 81 0 0
402 81 0 0
401 81 0 0
400 81 0 0
399 81 0 0
398 81 0 0
397 81 0 0
396 81 0 0
395 81 0 0
394 81 0 0
393 81 0 0
145 81 0 0
144 81 0 0
143 81 0 0
142 81 0 0
141 81 0 0
140 81 0 0
403 80 0 0
402 80 0 0
401 80 0 0
400 80 0 0
399 80 0 0
398 80 0 0
397 80 0 0
396 80 0 0
395 80 0 0
394 80 0 0
393 80 0 0
145 80 0 0
144 80 0 0
143 80 0 0
142 80 0 0
141 80 0 0
140 80 0 0
401 79 0 0
400 79 0 0
399 79 0 0
398 79 0 0
397 79 0 0
396 79 0 0
395 79 0 0
394 79 0 0
393 79 0 0
392 79 0 0
391 79 0 0
145 79 0 0
144 79 0 0
143 79 0 0
142 79 0 0
141 79 0 0
140 79 0 0
399 78 0 0
398 78 0 0
397 78 0 0
396 78 0 0
395 78 0 0
394 78 0 0
393 78 0 0
392 78 0 0
391 78 0 0
390 78 0 0
389 78 0 0
147 78 0 0
146 78 0 0
145 78 0 0
144 78 0 0
143 78 0 0
142 78 0 0
141 78 0 0
397 77 0 0
396 77 0 0
395 77 0 0
394 77 0 0
393 77 0 0
392 77 0 0
391 77 0 0
390 77 0 0
389 77 0 0
388 77 0 0
387 77 0 0
147 77 0 0
146 77 0 0
145 77 0 0
144 77 0 0
143 77 0 0
142 77 0 0
141 77 0 0
394 76 0 0
393 76 0 0
392 76 0 0
391 76 0 0
390 76 0 0
389 76 0 0
388 76 0 0
387 76 0 0
386 76 0 0
385 76 0 0
147 76 0 0
146 76 0 0
145 76 0 0
144 76 0 0
143 76 0 0
142 76 0 0
141 76 0 0
393 75 0 0
392 75 0 0
391 75 0 0
390 75 0 0
389 75 0 0
388 75 0 0
387 75 0 0
386 75 0 0
385 75 0 0
384 75 0 0
383 75 0 0
148 75 0 0
147 75 0 0
146 75 0 0
145 75 0 0
144 75 0 0
143 75 0 0
393 74 0 0
392 74 0 0
391 74 0 0
390 74 0 0
389 74 0 0
388 74 0 0
387 74 0 0
386 74 0 0
385 74 0 0
384 74 0 0
383 74 0 0
148 74 0 0
147 74 0 0
146 74 0 0
145 74 0 0
144 74 0 0
143 74 0 0
390 73 0 0
389 73 0 0
388 73 0 0
387 73 0 0
386 73 0 0
385 73 0 0
384 73 0 0
383 73 0 0
382 73 0 0
381 73 0 0
380 73 0 0
148 73 0 0
147 73 0 0
146 73 0 0
145 73 0 0
144 73 0 0
143 73 0 0
388 72 0 0
387 72 0 0
386 72 0 0
385 72 0 0
384 72 0 0
383 72 0 0
382 72 0 0
381 72 0 0
380 72 0 0
379 72 0 0
378 72 0 0
148 72 0 0
147 72 0 0
146 72 0 0
145 72 0 0
144 72 0 0
143 72 0 0
386 71 0 0
385 71 0 0
384 71 0 0
383 71 0 0
382 71 0 0
381 71 0 0
380 71 0 0
379 71 0 0
378 71 0 0
377 71 0 0
148 71 0 0
147 71 0 0
146 71 0 0
145 71 0 0
144 71 0 0
143 71 0 0
384 70 0 0
383 70 0 0
382 70 0 0
381 70 0 0
380 70 0 0
379 70 0 0
378 70 0 0
377 70 0 0
376 70 0 0
375 70 0 0
374 70 0 0
149 70 0 0
148 70 0 0
147 70 0 0
146 70 0 0
145 70 0 0
144 70 0 0
382 69 0 0
381 69 0 0
380 69 0 0
379 69 0 0
378 69 0 0
377 69 0 0
376 69 0 0
375 69 0 0
374 69 0 0
373 69 0 0
372 69 0 0
149 69 0 0
148 69 0 0
147 69 0 0
146 69 0 0
145 69 0 0
144 69 0 0
382 68 0 0
381 68 0 0
380 68 0 0
379 68 0 0
378 68 0 0
377 68 0 0
376 68 0 0
375 68 0 0
374 68 0 0
373 68 0 0
372 68 0 0
149 68 0 0
148 68 0 0
147 68 0 0
146 68 0 0
145 68 0 0
144 68 0 0
379 67 0 0
378 67 0 0
377 67 0 0
376 67 0 0
375 67 0 0
374 67 0 0
373 67 0 0
372 67 0 0
371 67 0 0
370 67 0 0
149 67 0 0
148 67 0 0
147 67 0 0
146 67 0 0
145 67 0 0
144 67 0 0
377 66 0 0
376 66 0 0
375 66 0 0
374 66 0 0
373 66 0 0
372 66 0 0
371 66 0 0
370 66 0 0
369 66 0 0
368 66 0 0
149 66 0 0
148 66 0 0
147 66 0 0
146 66 0 0
145 66 0 0
144 66 0 0
376 65 0 0
375 65 0 0
374 65 0 0
373 65 0 0
372 65 0 0
371 65 0 0
370 65 0 0
369 65 0 0
368 65 0 0
367 65 0 0
366 65 0 0
150 65 0 0
149 65 0 0
148 65 0 0
147 65 0 0
146 65 0 0
145 65 0 0
373 64 0 0
372 64 0 0
371 64 0 0
370 64 0 0
369 64 0 0
368 64 0 0
367 64 0 0
366 64 0 0
365 64 0 0
364 64 0 0
363 64 0 0
150 64 0 0
149 64 0 0
148 64 0 0
147 64 0 0
146 64 0 0
145 64 0 0
373 63 0 0
372 63 0 0
371 63 0 0
370 63 0 0
369 63 0 0
368 63 0 0
367 63 0 0
366 63 0 0
365 63 0 0
364 63 0 0
363 63 0 0
150 63 0 0
149 63 0 0
148 63 0 0
147 63 0 0
146 63 0 0
145 63 0 0
371 62 0 0
370 62 0 0
369 62 0 0
368 62 0 0
367 62 0 0
366 62 0 0
365 62 0 0
364 62 0 0
363 62 0 0
362 62 0 0
361 62 0 0
360 62 0 0
359 62 0 0
150 62 0 0
149 62 0 0
148 62 0 0
147 62 0 0
146 62 0 0
145 62 0 0
370 61 0 0
369 61 0 0
368 61 0 0
367 61 0 0
366 61 0 0
365 61 0 0
364 61 0 0
363 61 0 0
362 61 0 0
361 61 0 0
360 61 0 0
359 61 0 0
358 61 0 0
357 61 0 0
356 61 0 0
355 61 0 0
150 61 0 0
149 61 0 0
148 61 0 0
147 61 0 0
146 61 0 0
145 61 0 0
367 60 0 0
366 60 0 0
365 60 0 0
364 60 0 0
363 60 0 0
362 60 0 0
361 60 0 0
360 60 0 0
359 60 0 0
358 60 0 0
357 60 0 0
356 60 0 0
355 60 0 0
354 60 0 0
151 60 0 0
150 60 0 0
149 60 0 0
148 60 0 0
147 60 0 0
146 60 0 0
365 59 0 0
364 59 0 0
363 59 0 0
362 59 0 0
361 59 0 0
360 59 0 0
359 59 0 0
358 59 0 0
357 59 0 0
356 59 0 0
355 59 0 0
354 59 0 0
353 59 0 0
352 59 0 0
151 59 0 0
150 59 0 0
149 59 0 0
148 59 0 0
147 59 0 0
146 59 0 0
362 58 0 0
361 58 0 0
360 58 0 0
359 58 0 0
358 58 0 0
357 58 0 0
356 58 0 0
355 58 0 0
354 58 0 0
153 58 0 0
152 58 0 0
151 58 0 0
150 58 0 0
149 58 0 0
148 58 0 0
147 58 0 0
146 58 0 0
362 57 0 0
361 57 0 0
360 57 0 0
359 57 0 0
358 57 0 0
357 57 0 0
356 57 0 0
355 57 0 0
354 57 0 0
153 57 0 0
152 57 0 0
151 57 0 0
150 57 0 0
149 57 0 0
148 57 0 0
147 57 0 0
146 57 0 0
358 56 0 0
357 56 0 0
356 56 0 0
355 56 0 0
153 56 0 0
152 56 0 0
151 56 0 0
150 56 0 0
149 56 0 0
148 56 0 0
154 55 0 0
153 55 0 0
152 55 0 0
151 55 0 0
150 55 0 0
149 55 0 0
153 54 0 0
152 54 0 0
151 54 0 0
150 54 0 0
151 53 0 0
151 52 0 0
