3891 640 480
141 445 0 0
140 445 0 0
142 444 0 0
141 444 0 0
140 444 0 0
139 444 0 0
138 444 0 0
548 443 0 0
143 443 0 0
142 443 0 0
141 443 0 0
140 443 0 0
139 443 0 0
138 443 0 0
137 443 0 0
548 442 0 0
143 442 0 0
142 442 0 0
141 442 0 0
140 442 0 0
139 442 0 0
138 442 0 0
137 442 0 0
549 441 0 0
548 441 0 0
547 441 0 0
546 441 0 0
142 441 0 0
141 441 0 0
140 441 0 0
139 441 0 0
138 441 0 0
137 441 0 0
136 441 0 0
135 441 0 0
134 441 0 0
551 440 0 0
550 440 0 0
549 440 0 0
548 440 0 0
547 440 0 0
546 440 0 0
545 440 0 0
141 440 0 0
140 440 0 0
139 440 0 0
138 440 0 0
137 440 0 0
136 440 0 0
135 440 0 0
134 440 0 0
133 440 0 0
132 440 0 0
131 440 0 0
551 439 0 0
550 439 0 0
549 439 0 0
548 439 0 0
547 439 0 0
546 439 0 0
545 439 0 0
139 439 0 0
138 439 0 0
137 439 0 0
136 439 0 0
135 439 0 0
134 439 0 0
133 439 0 0
132 439 0 0
131 439 0 0
130 439 0 0
129 439 0 0
551 438 0 0
550 438 0 0
549 438 0 0
548 438 0 0
547 438 0 0
546 438 0 0
545 438 0 0
139 438 0 0
138 438 0 0
137 438 0 0
136 438 0 0
135 438 0 0
134 438 0 0
133 438 0 0
132 438 0 0
131 438 0 0
130 438 0 0
129 438 0 0
551 437 0 0
550 437 0 0
549 437 0 0
548 437 0 0
547 437 0 0
546 437 0 0
545 437 0 0
138 437 0 0
137 437 0 0
136 437 0 0
135 437 0 0
134 437 0 0
133 437 0 0
132 437 0 0
131 437 0 0
130 437 0 0
129 437 0 0
128 437 0 0
127 437 0 0
551 436 0 0
550 436 0 0
549 436 0 0
548 436 0 0
547 436 0 0
546 436 0 0
545 436 0 0
136 436 0 0
135 436 0 0
134 436 0 0
133 436 0 0
132 436 0 0
131 436 0 0
130 436 0 0
129 436 0 0
128 436 0 0
127 436 0 0
126 436 0 0
125 436 0 0
551 435 0 0
550 435 0 0
549 435 0 0
548 435 0 0
547 435 0 0
546 435 0 0
545 435 0 0
133 435 0 0
132 435 0 0
131 435 0 0
130 435 0 0
129 435 0 0
128 435 0 0
127 435 0 0
126 435 0 0
125 435 0 0
124 435 0 0
123 435 0 0
122 435 0 0
551 434 0 0
550 434 0 0
549 434 0 0
548 434 0 0
547 434 0 0
546 434 0 0
545 434 0 0
133 434 0 0
132 434 0 0
131 434 0 0
130 434 0 0
129 434 0 0
128 434 0 0
127 434 0 0
126 434 0 0
125 434 0 0
124 434 0 0
123 434 0 0
122 434 0 0
551 433 0 0
550 433 0 0
549 433 0 0
548 433 0 0
547 433 0 0
546 433 0 0
545 433 0 0
130 433 0 0
129 433 0 0
128 433 0 0
127 433 0 0
126 433 0 0
125 433 0 0
124 433 0 0
123 433 0 0
122 433 0 0
121 433 0 0
551 432 0 0
550 432 0 0
549 432 0 0
548 432 0 0
547 432 0 0
546 432 0 0
545 432 0 0
129 432 0 0
128 432 0 0
127 432 0 0
126 432 0 0
125 432 0 0
124 432 0 0
123 432 0 0
122 432 0 0
121 432 0 0
120 432 0 0
119 432 0 0
118 432 0 0
552 431 0 0
551 431 0 0
550 431 0 0
549 431 0 0
548 431 0 0
547 431 0 0
546 431 0 0
126 431 0 0
125 431 0 0
124 431 0 0
123 431 0 0
122 431 0 0
121 431 0 0
120 431 0 0
119 431 0 0
118 431 0 0
117 431 0 0
116 431 0 0
552 430 0 0
551 430 0 0
550 430 0 0
549 430 0 0
548 430 0 0
547 430 0 0
546 430 0 0
124 430 0 0
123 430 0 0
122 430 0 0
121 430 0 0
120 430 0 0
119 430 0 0
118 430 0 0
117 430 0 0
116 430 0 0
115 430 0 0
114 430 0 0
113 430 0 0
552 429 0 0
551 429 0 0
550 429 0 0
549 429 0 0
548 429 0 0
547 429 0 0
546 429 0 0
124 429 0 0
123 429 0 0
122 429 0 0
121 429 0 0
120 429 0 0
119 429 0 0
118 429 0 0
117 429 0 0
116 429 0 0
115 429 0 0
114 429 0 0
113 429 0 0
553 428 0 0
552 428 0 0
551 428 0 0
550 428 0 0
549 428 0 0
548 428 0 0
547 428 0 0
546 428 0 0
121 428 0 0
120 428 0 0
119 428 0 0
118 428 0 0
117 428 0 0
116 428 0 0
115 428 0 0
114 428 0 0
113 428 0 0
112 428 0 0
553 427 0 0
552 427 0 0
551 427 0 0
550 427 0 0
549 427 0 0
548 427 0 0
120 427 0 0
119 427 0 0
118 427 0 0
117 427 0 0
116 427 0 0
115 427 0 0
114 427 0 0
113 427 0 0
112 427 0 0
111 427 0 0
110 427 0 0
109 427 0 0
553 426 0 0
552 426 0 0
551 426 0 0
550 426 0 0
549 426 0 0
548 426 0 0
117 426 0 0
116 426 0 0
115 426 0 0
114 426 0 0
113 426 0 0
112 426 0 0
111 426 0 0
110 426 0 0
109 426 0 0
108 426 0 0
107 426 0 0
553 425 0 0
552 425 0 0
551 425 0 0
550 425 0 0
549 425 0 0
548 425 0 0
117 425 0 0
116 425 0 0
115 425 0 0
114 425 0 0
113 425 0 0
112 425 0 0
111 425 0 0
110 425 0 0
109 425 0 0
108 425 0 0
107 425 0 0
553 424 0 0
552 424 0 0
551 424 0 0
550 424 0 0
549 424 0 0
548 424 0 0
115 424 0 0
114 424 0 0
113 424 0 0
112 424 0 0
111 424 0 0
110 424 0 0
109 424 0 0
108 424 0 0
107 424 0 0
106 424 0 0
105 424 0 0
554 423 0 0
553 423 0 0
552 423 0 0
551 423 0 0
550 423 0 0
549 423 0 0
113 423 0 0
112 423 0 0
111 423 0 0
110 423 0 0
109 423 0 0
108 423 0 0
107 423 0 0
106 423 0 0
105 423 0 0
104 423 0 0
103 423 0 0
554 422 0 0
553 422 0 0
552 422 0 0
551 422 0 0
550 422 0 0
549 422 0 0
111 422 0 0
110 422 0 0
109 422 0 0
108 422 0 0
107 422 0 0
106 422 0 0
105 422 0 0
104 422 0 0
103 422 0 0
102 422 0 0
101 422 0 0
100 422 0 0
554 421 0 0
553 421 0 0
552 421 0 0
551 421 0 0
550 421 0 0
549 421 0 0
111 421 0 0
110 421 0 0
109 421 0 0
108 421 0 0
107 421 0 0
106 421 0 0
105 421 0 0
104 421 0 0
103 421 0 0
102 421 0 0
101 421 0 0
100 421 0 0
554 420 0 0
553 420 0 0
552 420 0 0
551 420 0 0
550 420 0 0
549 420 0 0
108 420 0 0
107 420 0 0
106 420 0 0
105 420 0 0
104 420 0 0
103 420 0 0
102 420 0 0
101 420 0 0
100 420 0 0
99 420 0 0
98 420 0 0
556 419 0 0
555 419 0 0
554 419 0 0
553 419 0 0
552 419 0 0
551 419 0 0
550 419 0 0
106 419 0 0
105 419 0 0
104 419 0 0
103 419 0 0
102 419 0 0
101 419 0 0
100 419 0 0
99 419 0 0
98 419 0 0
97 419 0 0
96 419 0 0
556 418 0 0
555 418 0 0
554 418 0 0
553 418 0 0
552 418 0 0
551 418 0 0
550 418 0 0
104 418 0 0
103 418 0 0
102 418 0 0
101 418 0 0
100 418 0 0
99 418 0 0
98 418 0 0
97 418 0 0
96 418 0 0
95 418 0 0
556 417 0 0
555 417 0 0
554 417 0 0
553 417 0 0
552 417 0 0
551 417 0 0
550 417 0 0
102 417 0 0
101 417 0 0
100 417 0 0
99 417 0 0
98 417 0 0
97 417 0 0
96 417 0 0
95 417 0 0
94 417 0 0
93 417 0 0
92 417 0 0
556 416 0 0
555 416 0 0
554 416 0 0
553 416 0 0
552 416 0 0
551 416 0 0
550 416 0 0
102 416 0 0
101 416 0 0
100 416 0 0
99 416 0 0
98 416 0 0
97 416 0 0
96 416 0 0
95 416 0 0
94 416 0 0
93 416 0 0
92 416 0 0
557 415 0 0
556 415 0 0
555 415 0 0
554 415 0 0
553 415 0 0
552 415 0 0
99 415 0 0
98 415 0 0
97 415 0 0
96 415 0 0
95 415 0 0
94 415 0 0
93 415 0 0
92 415 0 0
91 415 0 0
558 414 0 0
557 414 0 0
556 414 0 0
555 414 0 0
554 414 0 0
553 414 0 0
98 414 0 0
97 414 0 0
96 414 0 0
95 414 0 0
94 414 0 0
93 414 0 0
92 414 0 0
91 414 0 0
90 414 0 0
558 413 0 0
557 413 0 0
556 413 0 0
555 413 0 0
554 413 0 0
553 413 0 0
97 413 0 0
96 413 0 0
95 413 0 0
94 413 0 0
93 413 0 0
92 413 0 0
91 413 0 0
90 413 0 0
89 413 0 0
88 413 0 0
87 413 0 0
558 412 0 0
557 412 0 0
556 412 0 0
555 412 0 0
554 412 0 0
553 412 0 0
97 412 0 0
96 412 0 0
95 412 0 0
94 412 0 0
93 412 0 0
92 412 0 0
91 412 0 0
90 412 0 0
89 412 0 0
88 412 0 0
87 412 0 0
560 411 0 0
559 411 0 0
558 411 0 0
557 411 0 0
556 411 0 0
555 411 0 0
554 411 0 0
94 411 0 0
93 411 0 0
92 411 0 0
91 411 0 0
90 411 0 0
89 411 0 0
88 411 0 0
87 411 0 0
86 411 0 0
560 410 0 0
559 410 0 0
558 410 0 0
557 410 0 0
556 410 0 0
555 410 0 0
554 410 0 0
91 410 0 0
90 410 0 0
89 410 0 0
88 410 0 0
87 410 0 0
86 410 0 0
85 410 0 0
84 410 0 0
83 410 0 0
561 409 0 0
560 409 0 0
559 409 0 0
558 409 0 0
557 409 0 0
556 409 0 0
555 409 0 0
90 409 0 0
89 409 0 0
88 409 0 0
87 409 0 0
86 409 0 0
85 409 0 0
84 409 0 0
83 409 0 0
82 409 0 0
561 408 0 0
560 408 0 0
559 408 0 0
558 408 0 0
557 408 0 0
556 408 0 0
555 408 0 0
90 408 0 0
89 408 0 0
88 408 0 0
87 408 0 0
86 408 0 0
85 408 0 0
84 408 0 0
83 408 0 0
82 408 0 0
562 407 0 0
561 407 0 0
560 407 0 0
559 407 0 0
558 407 0 0
557 407 0 0
556 407 0 0
555 407 0 0
89 407 0 0
88 407 0 0
87 407 0 0
86 407 0 0
85 407 0 0
84 407 0 0
83 407 0 0
82 407 0 0
81 407 0 0
562 406 0 0
561 406 0 0
560 406 0 0
559 406 0 0
558 406 0 0
557 406 0 0
86 406 0 0
85 406 0 0
84 406 0 0
83 406 0 0
82 406 0 0
81 406 0 0
80 406 0 0
79 406 0 0
78 406 0 0
564 405 0 0
563 405 0 0
562 405 0 0
561 405 0 0
560 405 0 0
559 405 0 0
558 405 0 0
85 405 0 0
84 405 0 0
83 405 0 0
82 405 0 0
81 405 0 0
80 405 0 0
79 405 0 0
78 405 0 0
77 405 0 0
76 405 0 0
75 405 0 0
564 404 0 0
563 404 0 0
562 404 0 0
561 404 0 0
560 404 0 0
559 404 0 0
558 404 0 0
82 404 0 0
81 404 0 0
80 404 0 0
79 404 0 0
78 404 0 0
77 404 0 0
76 404 0 0
75 404 0 0
74 404 0 0
564 403 0 0
563 403 0 0
562 403 0 0
561 403 0 0
560 403 0 0
559 403 0 0
558 403 0 0
82 403 0 0
81 403 0 0
80 403 0 0
79 403 0 0
78 403 0 0
77 403 0 0
76 403 0 0
75 403 0 0
74 403 0 0
565 402 0 0
564 402 0 0
563 402 0 0
562 402 0 0
561 402 0 0
560 402 0 0
559 402 0 0
81 402 0 0
80 402 0 0
79 402 0 0
78 402 0 0
77 402 0 0
76 402 0 0
75 402 0 0
74 402 0 0
73 402 0 0
565 401 0 0
564 401 0 0
563 401 0 0
562 401 0 0
561 401 0 0
560 401 0 0
559 401 0 0
80 401 0 0
79 401 0 0
78 401 0 0
77 401 0 0
76 401 0 0
75 401 0 0
74 401 0 0
73 401 0 0
72 401 0 0
71 401 0 0
70 401 0 0
566 400 0 0
565 400 0 0
564 400 0 0
563 400 0 0
562 400 0 0
561 400 0 0
77 400 0 0
76 400 0 0
75 400 0 0
74 400 0 0
73 400 0 0
72 400 0 0
71 400 0 0
70 400 0 0
69 400 0 0
566 399 0 0
565 399 0 0
564 399 0 0
563 399 0 0
562 399 0 0
561 399 0 0
77 399 0 0
76 399 0 0
75 399 0 0
74 399 0 0
73 399 0 0
72 399 0 0
71 399 0 0
70 399 0 0
69 399 0 0
567 398 0 0
566 398 0 0
565 398 0 0
564 398 0 0
563 398 0 0
562 398 0 0
74 398 0 0
73 398 0 0
72 398 0 0
71 398 0 0
70 398 0 0
69 398 0 0
68 398 0 0
67 398 0 0
66 398 0 0
567 397 0 0
566 397 0 0
565 397 0 0
564 397 0 0
563 397 0 0
562 397 0 0
73 397 0 0
72 397 0 0
71 397 0 0
70 397 0 0
69 397 0 0
68 397 0 0
67 397 0 0
66 397 0 0
65 397 0 0
569 396 0 0
568 396 0 0
567 396 0 0
566 396 0 0
565 396 0 0
564 396 0 0
563 396 0 0
72 396 0 0
71 396 0 0
70 396 0 0
69 396 0 0
68 396 0 0
67 396 0 0
66 396 0 0
65 396 0 0
64 396 0 0
569 395 0 0
568 395 0 0
567 395 0 0
566 395 0 0
565 395 0 0
564 395 0 0
563 395 0 0
72 395 0 0
71 395 0 0
70 395 0 0
69 395 0 0
68 395 0 0
67 395 0 0
66 395 0 0
65 395 0 0
64 395 0 0
569 394 0 0
568 394 0 0
567 394 0 0
566 394 0 0
565 394 0 0
564 394 0 0
563 394 0 0
69 394 0 0
68 394 0 0
67 394 0 0
66 394 0 0
65 394 0 0
64 394 0 0
63 394 0 0
62 394 0 0
61 394 0 0
570 393 0 0
569 393 0 0
568 393 0 0
567 393 0 0
566 393 0 0
565 393 0 0
68 393 0 0
67 393 0 0
66 393 0 0
65 393 0 0
64 393 0 0
63 393 0 0
62 393 0 0
61 393 0 0
60 393 0 0
59 393 0 0
571 392 0 0
570 392 0 0
569 392 0 0
568 392 0 0
567 392 0 0
566 392 0 0
565 392 0 0
65 392 0 0
64 392 0 0
63 392 0 0
62 392 0 0
61 392 0 0
60 392 0 0
59 392 0 0
58 392 0 0
57 392 0 0
571 391 0 0
570 391 0 0
569 391 0 0
568 391 0 0
567 391 0 0
566 391 0 0
64 391 0 0
63 391 0 0
62 391 0 0
61 391 0 0
60 391 0 0
59 391 0 0
58 391 0 0
57 391 0 0
56 391 0 0
571 390 0 0
570 390 0 0
569 390 0 0
568 390 0 0
567 390 0 0
566 390 0 0
64 390 0 0
63 390 0 0
62 390 0 0
61 390 0 0
60 390 0 0
59 390 0 0
58 390 0 0
57 390 0 0
56 390 0 0
573 389 0 0
572 389 0 0
571 389 0 0
570 389 0 0
569 389 0 0
568 389 0 0
567 389 0 0
63 389 0 0
62 389 0 0
61 389 0 0
60 389 0 0
59 389 0 0
58 389 0 0
57 389 0 0
56 389 0 0
573 388 0 0
572 388 0 0
571 388 0 0
570 388 0 0
569 388 0 0
568 388 0 0
567 388 0 0
60 388 0 0
59 388 0 0
58 388 0 0
57 388 0 0
56 388 0 0
55 388 0 0
574 387 0 0
573 387 0 0
572 387 0 0
571 387 0 0
570 387 0 0
569 387 0 0
568 387 0 0
59 387 0 0
58 387 0 0
57 387 0 0
56 387 0 0
55 387 0 0
54 387 0 0
53 387 0 0
574 386 0 0
573 386 0 0
572 386 0 0
571 386 0 0
570 386 0 0
569 386 0 0
568 386 0 0
59 386 0 0
58 386 0 0
57 386 0 0
56 386 0 0
55 386 0 0
54 386 0 0
53 386 0 0
574 385 0 0
573 385 0 0
572 385 0 0
571 385 0 0
570 385 0 0
569 385 0 0
568 385 0 0
59 385 0 0
58 385 0 0
57 385 0 0
56 385 0 0
55 385 0 0
54 385 0 0
53 385 0 0
52 385 0 0
575 384 0 0
574 384 0 0
573 384 0 0
572 384 0 0
571 384 0 0
570 384 0 0
58 384 0 0
57 384 0 0
56 384 0 0
55 384 0 0
54 384 0 0
53 384 0 0
52 384 0 0
577 383 0 0
576 383 0 0
575 383 0 0
574 383 0 0
573 383 0 0
572 383 0 0
571 383 0 0
56 383 0 0
55 383 0 0
54 383 0 0
53 383 0 0
577 382 0 0
576 382 0 0
575 382 0 0
574 382 0 0
573 382 0 0
572 382 0 0
571 382 0 0
56 382 0 0
55 382 0 0
54 382 0 0
53 382 0 0
577 381 0 0
576 381 0 0
575 381 0 0
574 381 0 0
573 381 0 0
572 381 0 0
571 381 0 0
55 381 0 0
578 380 0 0
577 380 0 0
576 380 0 0
575 380 0 0
574 380 0 0
573 380 0 0
572 380 0 0
578 379 0 0
577 379 0 0
576 379 0 0
575 379 0 0
574 379 0 0
573 379 0 0
572 379 0 0
579 378 0 0
578 378 0 0
577 378 0 0
576 378 0 0
575 378 0 0
574 378 0 0
579 377 0 0
578 377 0 0
577 377 0 0
576 377 0 0
575 377 0 0
574 377 0 0
580 376 0 0
579 376 0 0
578 376 0 0
577 376 0 0
576 376 0 0
575 376 0 0
574 376 0 0
580 375 0 0
579 375 0 0
578 375 0 0
577 375 0 0
576 375 0 0
575 375 0 0
582 374 0 0
581 374 0 0
580 374 0 0
579 374 0 0
578 374 0 0
577 374 0 0
576 374 0 0
582 373 0 0
581 373 0 0
580 373 0 0
579 373 0 0
578 373 0 0
577 373 0 0
576 373 0 0
582 372 0 0
581 372 0 0
580 372 0 0
579 372 0 0
578 372 0 0
577 372 0 0
576 372 0 0
583 371 0 0
582 371 0 0
581 371 0 0
580 371 0 0
579 371 0 0
578 371 0 0
583 370 0 0
582 370 0 0
581 370 0 0
580 370 0 0
579 370 0 0
578 370 0 0
583 369 0 0
582 369 0 0
581 369 0 0
580 369 0 0
579 369 0 0
578 369 0 0
584 368 0 0
583 368 0 0
582 368 0 0
581 368 0 0
580 368 0 0
579 368 0 0
586 367 0 0
585 367 0 0
584 367 0 0
583 367 0 0
582 367 0 0
581 367 0 0
580 367 0 0
586 366 0 0
585 366 0 0
584 366 0 0
583 366 0 0
582 366 0 0
581 366 0 0
580 366 0 0
587 365 0 0
586 365 0 0
585 365 0 0
584 365 0 0
583 365 0 0
582 365 0 0
581 365 0 0
587 364 0 0
586 364 0 0
585 364 0 0
584 364 0 0
583 364 0 0
582 364 0 0
581 364 0 0
587 363 0 0
586 363 0 0
585 363 0 0
584 363 0 0
583 363 0 0
582 363 0 0
581 363 0 0
588 362 0 0
587 362 0 0
586 362 0 0
585 362 0 0
584 362 0 0
583 362 0 0
588 361 0 0
587 361 0 0
586 361 0 0
585 361 0 0
584 361 0 0
583 361 0 0
588 360 0 0
587 360 0 0
586 360 0 0
585 360 0 0
584 360 0 0
583 360 0 0
590 359 0 0
589 359 0 0
588 359 0 0
587 359 0 0
586 359 0 0
585 359 0 0
584 359 0 0
591 358 0 0
590 358 0 0
589 358 0 0
588 358 0 0
587 358 0 0
586 358 0 0
585 358 0 0
257 358 0 1
256 358 0 1
255 358 0 1
254 358 0 1
253 358 0 1
252 358 0 1
251 358 0 1
250 358 0 1
249 358 0 1
248 358 0 1
247 358 0 1
246 358 0 1
245 358 0 1
244 358 0 1
243 358 0 1
242 358 0 1
241 358 0 1
591 357 0 0
590 357 0 0
589 357 0 0
588 357 0 0
587 357 0 0
586 357 0 0
585 357 0 0
280 357 0 1
279 357 0 1
278 357 0 1
277 357 0 1
276 357 0 1
275 357 0 1
274 357 0 1
273 357 0 1
272 357 0 1
271 357 0 1
270 357 0 1
269 357 0 1
268 357 0 1
267 357 0 1
266 357 0 1
265 357 0 1
264 357 0 1
263 357 0 1
262 357 0 1
261 357 0 1
260 357 0 1
259 357 0 1
258 357 0 1
257 357 0 1
256 357 0 1
255 357 0 1
254 357 0 1
253 357 0 1
252 357 0 1
251 357 0 1
250 357 0 1
249 357 0 1
248 357 0 1
247 357 0 1
246 357 0 1
245 357 0 1
244 357 0 1
243 357 0 1
242 357 0 1
241 357 0 1
240 357 0 1
239 357 0 1
591 356 0 0
590 356 0 0
589 356 0 0
588 356 0 0
587 356 0 0
586 356 0 0
585 356 0 0
280 356 0 1
279 356 0 1
278 356 0 1
277 356 0 1
276 356 0 1
275 356 0 1
274 356 0 1
273 356 0 1
272 356 0 1
271 356 0 1
270 356 0 1
269 356 0 1
268 356 0 1
267 356 0 1
266 356 0 1
265 356 0 1
264 356 0 1
263 356 0 1
262 356 0 1
261 356 0 1
260 356 0 1
259 356 0 1
258 356 0 1
257 356 0 1
256 356 0 1
255 356 0 1
254 356 0 1
253 356 0 1
252 356 0 1
251 356 0 1
250 356 0 1
249 356 0 1
248 356 0 1
247 356 0 1
246 356 0 1
245 356 0 1
244 356 0 1
243 356 0 1
242 356 0 1
241 356 0 1
240 356 0 1
239 356 0 1
592 355 0 0
591 355 0 0
590 355 0 0
589 355 0 0
588 355 0 0
587 355 0 0
303 355 0 1
302 355 0 1
301 355 0 1
300 355 0 1
299 355 0 1
298 355 0 1
297 355 0 1
296 355 0 1
295 355 0 1
294 355 0 1
293 355 0 1
292 355 0 1
291 355 0 1
290 355 0 1
289 355 0 1
288 355 0 1
287 355 0 1
286 355 0 1
285 355 0 1
284 355 0 1
283 355 0 1
282 355 0 1
281 355 0 1
280 355 0 1
279 355 0 1
278 355 0 1
277 355 0 1
276 355 0 1
275 355 0 1
274 355 0 1
273 355 0 1
272 355 0 1
271 355 0 1
270 355 0 1
269 355 0 1
268 355 0 1
267 355 0 1
266 355 0 1
265 355 0 1
264 355 0 1
263 355 0 1
262 355 0 1
261 355 0 1
260 355 0 1
259 355 0 1
258 355 0 1
257 355 0 1
256 355 0 1
255 355 0 1
254 355 0 1
253 355 0 1
252 355 0 1
251 355 0 1
250 355 0 1
249 355 0 1
248 355 0 1
247 355 0 1
246 355 0 1
245 355 0 1
244 355 0 1
243 355 0 1
242 355 0 1
241 355 0 1
240 355 0 1
239 355 0 1
238 355 0 1
592 354 0 0
591 354 0 0
590 354 0 0
589 354 0 0
588 354 0 0
587 354 0 0
345 354 0 1
344 354 0 1
343 354 0 1
342 354 0 1
341 354 0 1
340 354 0 1
339 354 0 1
338 354 0 1
337 354 0 1
336 354 0 1
335 354 0 1
334 354 0 1
333 354 0 1
332 354 0 1
331 354 0 1
330 354 0 1
329 354 0 1
328 354 0 1
327 354 0 1
326 354 0 1
325 354 0 1
324 354 0 1
323 354 0 1
322 354 0 1
321 354 0 1
320 354 0 1
319 354 0 1
318 354 0 1
317 354 0 1
316 354 0 1
315 354 0 1
314 354 0 1
313 354 0 1
312 354 0 1
311 354 0 1
310 354 0 1
309 354 0 1
308 354 0 1
307 354 0 1
306 354 0 1
305 354 0 1
304 354 0 1
303 354 0 1
302 354 0 1
301 354 0 1
300 354 0 1
299 354 0 1
298 354 0 1
297 354 0 1
296 354 0 1
295 354 0 1
294 354 0 1
293 354 0 1
292 354 0 1
291 354 0 1
290 354 0 1
289 354 0 1
288 354 0 1
287 354 0 1
286 354 0 1
285 354 0 1
284 354 0 1
283 354 0 1
282 354 0 1
281 354 0 1
280 354 0 1
279 354 0 1
278 354 0 1
277 354 0 1
276 354 0 1
275 354 0 1
274 354 0 1
273 354 0 1
272 354 0 1
271 354 0 1
270 354 0 1
269 354 0 1
268 354 0 1
267 354 0 1
266 354 0 1
265 354 0 1
264 354 0 1
263 354 0 1
262 354 0 1
261 354 0 1
260 354 0 1
259 354 0 1
258 354 0 1
257 354 0 1
256 354 0 1
255 354 0 1
254 354 0 1
253 354 0 1
252 354 0 1
251 354 0 1
250 354 0 1
249 354 0 1
248 354 0 1
247 354 0 1
246 354 0 1
245 354 0 1
244 354 0 1
243 354 0 1
242 354 0 1
241 354 0 1
240 354 0 1
239 354 0 1
593 353 0 0
592 353 0 0
591 353 0 0
590 353 0 0
589 353 0 0
588 353 0 0
350 353 0 1
349 353 0 1
348 353 0 1
347 353 0 1
346 353 0 1
345 353 0 1
344 353 0 1
343 353 0 1
342 353 0 1
341 353 0 1
340 353 0 1
339 353 0 1
338 353 0 1
337 353 0 1
336 353 0 1
335 353 0 1
334 353 0 1
333 353 0 1
332 353 0 1
331 353 0 1
330 353 0 1
329 353 0 1
328 353 0 1
327 353 0 1
326 353 0 1
325 353 0 1
324 353 0 1
323 353 0 1
322 353 0 1
321 353 0 1
320 353 0 1
319 353 0 1
318 353 0 1
317 353 0 1
316 353 0 1
315 353 0 1
314 353 0 1
313 353 0 1
312 353 0 1
311 353 0 1
310 353 0 1
309 353 0 1
308 353 0 1
307 353 0 1
306 353 0 1
305 353 0 1
304 353 0 1
303 353 0 1
302 353 0 1
301 353 0 1
300 353 0 1
299 353 0 1
298 353 0 1
297 353 0 1
296 353 0 1
295 353 0 1
294 353 0 1
293 353 0 1
292 353 0 1
291 353 0 1
290 353 0 1
289 353 0 1
288 353 0 1
287 353 0 1
286 353 0 1
285 353 0 1
284 353 0 1
283 353 0 1
282 353 0 1
281 353 0 1
280 353 0 1
279 353 0 1
278 353 0 1
277 353 0 1
276 353 0 1
275 353 0 1
274 353 0 1
273 353 0 1
272 353 0 1
271 353 0 1
270 353 0 1
269 353 0 1
268 353 0 1
267 353 0 1
266 353 0 1
265 353 0 1
264 353 0 1
263 353 0 1
262 353 0 1
261 353 0 1
260 353 0 1
259 353 0 1
258 353 0 1
257 353 0 1
256 353 0 1
255 353 0 1
254 353 0 1
253 353 0 1
252 353 0 1
251 353 0 1
250 353 0 1
249 353 0 1
248 353 0 1
247 353 0 1
246 353 0 1
245 353 0 1
244 353 0 1
243 353 0 1
242 353 0 1
241 353 0 1
595 352 0 0
594 352 0 0
593 352 0 0
592 352 0 0
591 352 0 0
590 352 0 0
589 352 0 0
588 352 0 0
358 352 0 1
357 352 0 1
356 352 0 1
355 352 0 1
354 352 0 1
353 352 0 1
352 352 0 1
351 352 0 1
350 352 0 1
349 352 0 1
348 352 0 1
347 352 0 1
346 352 0 1
345 352 0 1
344 352 0 1
343 352 0 1
342 352 0 1
341 352 0 1
340 352 0 1
339 352 0 1
338 352 0 1
337 352 0 1
336 352 0 1
335 352 0 1
334 352 0 1
333 352 0 1
332 352 0 1
331 352 0 1
330 352 0 1
329 352 0 1
328 352 0 1
327 352 0 1
326 352 0 1
325 352 0 1
324 352 0 1
323 352 0 1
322 352 0 1
321 352 0 1
320 352 0 1
319 352 0 1
318 352 0 1
317 352 0 1
316 352 0 1
315 352 0 1
314 352 0 1
313 352 0 1
312 352 0 1
311 352 0 1
310 352 0 1
309 352 0 1
308 352 0 1
307 352 0 1
306 352 0 1
305 352 0 1
304 352 0 1
303 352 0 1
302 352 0 1
301 352 0 1
300 352 0 1
299 352 0 1
298 352 0 1
297 352 0 1
296 352 0 1
295 352 0 1
294 352 0 1
293 352 0 1
292 352 0 1
291 352 0 1
290 352 0 1
289 352 0 1
288 352 0 1
287 352 0 1
286 352 0 1
285 352 0 1
284 352 0 1
283 352 0 1
282 352 0 1
281 352 0 1
280 352 0 1
279 352 0 1
278 352 0 1
277 352 0 1
276 352 0 1
275 352 0 1
274 352 0 1
273 352 0 1
272 352 0 1
271 352 0 1
270 352 0 1
269 352 0 1
268 352 0 1
267 352 0 1
266 352 0 1
265 352 0 1
264 352 0 1
263 352 0 1
262 352 0 1
261 352 0 1
260 352 0 1
259 352 0 1
258 352 0 1
595 351 0 0
594 351 0 0
593 351 0 0
592 351 0 0
591 351 0 0
590 351 0 0
589 351 0 0
588 351 0 0
358 351 0 1
357 351 0 1
356 351 0 1
355 351 0 1
354 351 0 1
353 351 0 1
352 351 0 1
351 351 0 1
350 351 0 1
349 351 0 1
348 351 0 1
347 351 0 1
346 351 0 1
345 351 0 1
344 351 0 1
343 351 0 1
342 351 0 1
341 351 0 1
340 351 0 1
339 351 0 1
338 351 0 1
337 351 0 1
336 351 0 1
335 351 0 1
334 351 0 1
333 351 0 1
332 351 0 1
331 351 0 1
330 351 0 1
329 351 0 1
328 351 0 1
327 351 0 1
326 351 0 1
325 351 0 1
324 351 0 1
323 351 0 1
322 351 0 1
321 351 0 1
320 351 0 1
319 351 0 1
318 351 0 1
317 351 0 1
316 351 0 1
315 351 0 1
314 351 0 1
313 351 0 1
312 351 0 1
311 351 0 1
310 351 0 1
309 351 0 1
308 351 0 1
307 351 0 1
306 351 0 1
305 351 0 1
304 351 0 1
303 351 0 1
302 351 0 1
301 351 0 1
300 351 0 1
299 351 0 1
298 351 0 1
297 351 0 1
296 351 0 1
295 351 0 1
294 351 0 1
293 351 0 1
292 351 0 1
291 351 0 1
290 351 0 1
289 351 0 1
288 351 0 1
287 351 0 1
286 351 0 1
285 351 0 1
284 351 0 1
283 351 0 1
282 351 0 1
281 351 0 1
280 351 0 1
279 351 0 1
278 351 0 1
277 351 0 1
276 351 0 1
275 351 0 1
274 351 0 1
273 351 0 1
272 351 0 1
271 351 0 1
270 351 0 1
269 351 0 1
268 351 0 1
267 351 0 1
266 351 0 1
265 351 0 1
264 351 0 1
263 351 0 1
262 351 0 1
261 351 0 1
260 351 0 1
259 351 0 1
258 351 0 1
595 350 0 0
594 350 0 0
593 350 0 0
592 350 0 0
591 350 0 0
590 350 0 0
589 350 0 0
381 350 0 1
380 350 0 1
379 350 0 1
378 350 0 1
377 350 0 1
376 350 0 1
375 350 0 1
374 350 0 1
373 350 0 1
372 350 0 1
371 350 0 1
370 350 0 1
369 350 0 1
368 350 0 1
367 350 0 1
366 350 0 1
365 350 0 1
364 350 0 1
363 350 0 1
362 350 0 1
361 350 0 1
360 350 0 1
359 350 0 1
358 350 0 1
357 350 0 1
356 350 0 1
355 350 0 1
354 350 0 1
353 350 0 1
352 350 0 1
351 350 0 1
350 350 0 1
349 350 0 1
348 350 0 1
347 350 0 1
346 350 0 1
345 350 0 1
344 350 0 1
343 350 0 1
342 350 0 1
341 350 0 1
340 350 0 1
339 350 0 1
338 350 0 1
337 350 0 1
336 350 0 1
335 350 0 1
334 350 0 1
333 350 0 1
332 350 0 1
331 350 0 1
330 350 0 1
329 350 0 1
328 350 0 1
327 350 0 1
326 350 0 1
325 350 0 1
324 350 0 1
323 350 0 1
322 350 0 1
321 350 0 1
320 350 0 1
319 350 0 1
318 350 0 1
317 350 0 1
316 350 0 1
315 350 0 1
314 350 0 1
313 350 0 1
312 350 0 1
311 350 0 1
310 350 0 1
309 350 0 1
308 350 0 1
307 350 0 1
306 350 0 1
305 350 0 1
304 350 0 1
303 350 0 1
302 350 0 1
301 350 0 1
300 350 0 1
299 350 0 1
298 350 0 1
297 350 0 1
296 350 0 1
295 350 0 1
294 350 0 1
293 350 0 1
292 350 0 1
291 350 0 1
290 350 0 1
289 350 0 1
288 350 0 1
287 350 0 1
286 350 0 1
285 350 0 1
284 350 0 1
283 350 0 1
282 350 0 1
281 350 0 1
596 349 0 0
595 349 0 0
594 349 0 0
593 349 0 0
592 349 0 0
591 349 0 0
402 349 0 1
401 349 0 1
400 349 0 1
399 349 0 1
398 349 0 1
397 349 0 1
396 349 0 1
395 349 0 1
394 349 0 1
393 349 0 1
392 349 0 1
391 349 0 1
390 349 0 1
389 349 0 1
388 349 0 1
387 349 0 1
386 349 0 1
385 349 0 1
384 349 0 1
383 349 0 1
382 349 0 1
381 349 0 1
380 349 0 1
379 349 0 1
378 349 0 1
377 349 0 1
376 349 0 1
375 349 0 1
374 349 0 1
373 349 0 1
372 349 0 1
371 349 0 1
370 349 0 1
369 349 0 1
368 349 0 1
367 349 0 1
366 349 0 1
365 349 0 1
364 349 0 1
363 349 0 1
362 349 0 1
361 349 0 1
360 349 0 1
359 349 0 1
358 349 0 1
357 349 0 1
356 349 0 1
355 349 0 1
354 349 0 1
353 349 0 1
352 349 0 1
351 349 0 1
350 349 0 1
349 349 0 1
348 349 0 1
347 349 0 1
346 349 0 1
345 349 0 1
344 349 0 1
343 349 0 1
342 349 0 1
341 349 0 1
340 349 0 1
339 349 0 1
338 349 0 1
337 349 0 1
336 349 0 1
335 349 0 1
334 349 0 1
333 349 0 1
332 349 0 1
331 349 0 1
330 349 0 1
329 349 0 1
328 349 0 1
327 349 0 1
326 349 0 1
325 349 0 1
324 349 0 1
323 349 0 1
322 349 0 1
321 349 0 1
320 349 0 1
319 349 0 1
318 349 0 1
317 349 0 1
316 349 0 1
315 349 0 1
314 349 0 1
313 349 0 1
312 349 0 1
311 349 0 1
310 349 0 1
309 349 0 1
308 349 0 1
307 349 0 1
306 349 0 1
305 349 0 1
304 349 0 1
596 348 0 0
595 348 0 0
594 348 0 0
593 348 0 0
592 348 0 0
591 348 0 0
407 348 0 1
406 348 0 1
405 348 0 1
404 348 0 1
403 348 0 1
402 348 0 1
401 348 0 1
400 348 0 1
399 348 0 1
398 348 0 1
397 348 0 1
396 348 0 1
395 348 0 1
394 348 0 1
393 348 0 1
392 348 0 1
391 348 0 1
390 348 0 1
389 348 0 1
388 348 0 1
387 348 0 1
386 348 0 1
385 348 0 1
384 348 0 1
383 348 0 1
382 348 0 1
381 348 0 1
380 348 0 1
379 348 0 1
378 348 0 1
377 348 0 1
376 348 0 1
375 348 0 1
374 348 0 1
373 348 0 1
372 348 0 1
371 348 0 1
370 348 0 1
369 348 0 1
368 348 0 1
367 348 0 1
366 348 0 1
365 348 0 1
364 348 0 1
363 348 0 1
362 348 0 1
361 348 0 1
360 348 0 1
359 348 0 1
358 348 0 1
357 348 0 1
356 348 0 1
355 348 0 1
354 348 0 1
353 348 0 1
352 348 0 1
351 348 0 1
350 348 0 1
349 348 0 1
348 348 0 1
347 348 0 1
346 348 0 1
596 347 0 0
595 347 0 0
594 347 0 0
593 347 0 0
592 347 0 0
591 347 0 0
407 347 0 1
406 347 0 1
405 347 0 1
404 347 0 1
403 347 0 1
402 347 0 1
401 347 0 1
400 347 0 1
399 347 0 1
398 347 0 1
397 347 0 1
396 347 0 1
395 347 0 1
394 347 0 1
393 347 0 1
392 347 0 1
391 347 0 1
390 347 0 1
389 347 0 1
388 347 0 1
387 347 0 1
386 347 0 1
385 347 0 1
384 347 0 1
383 347 0 1
382 347 0 1
381 347 0 1
380 347 0 1
379 347 0 1
378 347 0 1
377 347 0 1
376 347 0 1
375 347 0 1
374 347 0 1
373 347 0 1
372 347 0 1
371 347 0 1
370 347 0 1
369 347 0 1
368 347 0 1
367 347 0 1
366 347 0 1
365 347 0 1
364 347 0 1
363 347 0 1
362 347 0 1
361 347 0 1
360 347 0 1
359 347 0 1
358 347 0 1
357 347 0 1
356 347 0 1
355 347 0 1
354 347 0 1
353 347 0 1
352 347 0 1
351 347 0 1
350 347 0 1
349 347 0 1
348 347 0 1
347 347 0 1
346 347 0 1
597 346 0 0
596 346 0 0
595 346 0 0
594 346 0 0
593 346 0 0
592 346 0 0
414 346 0 1
413 346 0 1
412 346 0 1
411 346 0 1
410 346 0 1
409 346 0 1
408 346 0 1
407 346 0 1
406 346 0 1
405 346 0 1
404 346 0 1
403 346 0 1
402 346 0 1
401 346 0 1
400 346 0 1
399 346 0 1
398 346 0 1
397 346 0 1
396 346 0 1
395 346 0 1
394 346 0 1
393 346 0 1
392 346 0 1
391 346 0 1
390 346 0 1
389 346 0 1
388 346 0 1
387 346 0 1
386 346 0 1
385 346 0 1
384 346 0 1
383 346 0 1
382 346 0 1
381 346 0 1
380 346 0 1
379 346 0 1
378 346 0 1
377 346 0 1
376 346 0 1
375 346 0 1
374 346 0 1
373 346 0 1
372 346 0 1
371 346 0 1
370 346 0 1
369 346 0 1
368 346 0 1
367 346 0 1
366 346 0 1
365 346 0 1
364 346 0 1
363 346 0 1
362 346 0 1
361 346 0 1
360 346 0 1
359 346 0 1
358 346 0 1
357 346 0 1
356 346 0 1
355 346 0 1
354 346 0 1
353 346 0 1
352 346 0 1
351 346 0 1
597 345 0 0
596 345 0 0
595 345 0 0
594 345 0 0
593 345 0 0
592 345 0 0
420 345 0 1
419 345 0 1
418 345 0 1
417 345 0 1
416 345 0 1
415 345 0 1
414 345 0 1
413 345 0 1
412 345 0 1
411 345 0 1
410 345 0 1
409 345 0 1
408 345 0 1
407 345 0 1
406 345 0 1
405 345 0 1
404 345 0 1
403 345 0 1
402 345 0 1
401 345 0 1
400 345 0 1
399 345 0 1
398 345 0 1
397 345 0 1
396 345 0 1
395 345 0 1
394 345 0 1
393 345 0 1
392 345 0 1
391 345 0 1
390 345 0 1
389 345 0 1
388 345 0 1
387 345 0 1
386 345 0 1
385 345 0 1
384 345 0 1
383 345 0 1
382 345 0 1
381 345 0 1
380 345 0 1
379 345 0 1
378 345 0 1
377 345 0 1
376 345 0 1
375 345 0 1
374 345 0 1
373 345 0 1
372 345 0 1
371 345 0 1
370 345 0 1
369 345 0 1
368 345 0 1
367 345 0 1
366 345 0 1
365 345 0 1
364 345 0 1
363 345 0 1
362 345 0 1
361 345 0 1
360 345 0 1
359 345 0 1
599 344 0 0
598 344 0 0
597 344 0 0
596 344 0 0
595 344 0 0
594 344 0 0
593 344 0 0
427 344 0 1
426 344 0 1
425 344 0 1
424 344 0 1
423 344 0 1
422 344 0 1
421 344 0 1
420 344 0 1
419 344 0 1
418 344 0 1
417 344 0 1
416 344 0 1
415 344 0 1
414 344 0 1
413 344 0 1
412 344 0 1
411 344 0 1
410 344 0 1
409 344 0 1
408 344 0 1
407 344 0 1
406 344 0 1
405 344 0 1
404 344 0 1
403 344 0 1
402 344 0 1
401 344 0 1
400 344 0 1
399 344 0 1
398 344 0 1
397 344 0 1
396 344 0 1
395 344 0 1
394 344 0 1
393 344 0 1
392 344 0 1
391 344 0 1
390 344 0 1
389 344 0 1
388 344 0 1
387 344 0 1
386 344 0 1
385 344 0 1
384 344 0 1
383 344 0 1
382 344 0 1
599 343 0 0
598 343 0 0
597 343 0 0
596 343 0 0
595 343 0 0
594 343 0 0
593 343 0 0
427 343 0 1
426 343 0 1
425 343 0 1
424 343 0 1
423 343 0 1
422 343 0 1
421 343 0 1
420 343 0 1
419 343 0 1
418 343 0 1
417 343 0 1
416 343 0 1
415 343 0 1
414 343 0 1
413 343 0 1
412 343 0 1
411 343 0 1
410 343 0 1
409 343 0 1
408 343 0 1
407 343 0 1
406 343 0 1
405 343 0 1
404 343 0 1
403 343 0 1
402 343 0 1
401 343 0 1
400 343 0 1
399 343 0 1
398 343 0 1
397 343 0 1
396 343 0 1
395 343 0 1
394 343 0 1
393 343 0 1
392 343 0 1
391 343 0 1
390 343 0 1
389 343 0 1
388 343 0 1
387 343 0 1
386 343 0 1
385 343 0 1
384 343 0 1
383 343 0 1
382 343 0 1
600 342 0 0
599 342 0 0
598 342 0 0
597 342 0 0
596 342 0 0
595 342 0 0
594 342 0 0
433 342 0 1
432 342 0 1
431 342 0 1
430 342 0 1
429 342 0 1
428 342 0 1
427 342 0 1
426 342 0 1
425 342 0 1
424 342 0 1
423 342 0 1
422 342 0 1
421 342 0 1
420 342 0 1
419 342 0 1
418 342 0 1
417 342 0 1
416 342 0 1
415 342 0 1
414 342 0 1
413 342 0 1
412 342 0 1
411 342 0 1
410 342 0 1
409 342 0 1
408 342 0 1
407 342 0 1
406 342 0 1
405 342 0 1
404 342 0 1
403 342 0 1
600 341 0 0
599 341 0 0
598 341 0 0
597 341 0 0
596 341 0 0
595 341 0 0
594 341 0 0
437 341 0 1
436 341 0 1
435 341 0 1
434 341 0 1
433 341 0 1
432 341 0 1
431 341 0 1
430 341 0 1
429 341 0 1
428 341 0 1
427 341 0 1
426 341 0 1
425 341 0 1
424 341 0 1
423 341 0 1
422 341 0 1
421 341 0 1
420 341 0 1
419 341 0 1
418 341 0 1
417 341 0 1
416 341 0 1
415 341 0 1
414 341 0 1
413 341 0 1
412 341 0 1
411 341 0 1
410 341 0 1
409 341 0 1
408 341 0 1
601 340 0 0
600 340 0 0
599 340 0 0
598 340 0 0
597 340 0 0
596 340 0 0
440 340 0 1
439 340 0 1
438 340 0 1
437 340 0 1
436 340 0 1
435 340 0 1
434 340 0 1
433 340 0 1
432 340 0 1
431 340 0 1
430 340 0 1
429 340 0 1
428 340 0 1
427 340 0 1
426 340 0 1
425 340 0 1
424 340 0 1
423 340 0 1
422 340 0 1
421 340 0 1
420 340 0 1
419 340 0 1
418 340 0 1
417 340 0 1
416 340 0 1
415 340 0 1
601 339 0 0
600 339 0 0
599 339 0 0
598 339 0 0
597 339 0 0
596 339 0 0
441 339 0 1
440 339 0 1
439 339 0 1
438 339 0 1
437 339 0 1
436 339 0 1
435 339 0 1
434 339 0 1
433 339 0 1
432 339 0 1
431 339 0 1
430 339 0 1
429 339 0 1
428 339 0 1
427 339 0 1
426 339 0 1
425 339 0 1
424 339 0 1
423 339 0 1
422 339 0 1
421 339 0 1
601 338 0 0
600 338 0 0
599 338 0 0
598 338 0 0
597 338 0 0
596 338 0 0
441 338 0 1
440 338 0 1
439 338 0 1
438 338 0 1
437 338 0 1
436 338 0 1
435 338 0 1
434 338 0 1
433 338 0 1
432 338 0 1
431 338 0 1
430 338 0 1
429 338 0 1
428 338 0 1
427 338 0 1
426 338 0 1
425 338 0 1
424 338 0 1
423 338 0 1
422 338 0 1
421 338 0 1
603 337 0 0
602 337 0 0
601 337 0 0
600 337 0 0
599 337 0 0
598 337 0 0
597 337 0 0
444 337 0 1
443 337 0 1
442 337 0 1
441 337 0 1
440 337 0 1
439 337 0 1
438 337 0 1
437 337 0 1
436 337 0 1
435 337 0 1
434 337 0 1
433 337 0 1
432 337 0 1
431 337 0 1
430 337 0 1
429 337 0 1
428 337 0 1
604 336 0 0
603 336 0 0
602 336 0 0
601 336 0 0
600 336 0 0
599 336 0 0
598 336 0 0
597 336 0 0
446 336 0 1
445 336 0 1
444 336 0 1
443 336 0 1
442 336 0 1
441 336 0 1
440 336 0 1
439 336 0 1
438 336 0 1
437 336 0 1
436 336 0 1
435 336 0 1
434 336 0 1
604 335 0 0
603 335 0 0
602 335 0 0
601 335 0 0
600 335 0 0
599 335 0 0
598 335 0 0
448 335 0 1
447 335 0 1
446 335 0 1
445 335 0 1
444 335 0 1
443 335 0 1
442 335 0 1
441 335 0 1
440 335 0 1
439 335 0 1
438 335 0 1
604 334 0 0
603 334 0 0
602 334 0 0
601 334 0 0
600 334 0 0
599 334 0 0
598 334 0 0
448 334 0 1
447 334 0 1
446 334 0 1
445 334 0 1
444 334 0 1
443 334 0 1
442 334 0 1
441 334 0 1
440 334 0 1
439 334 0 1
438 334 0 1
605 333 0 0
604 333 0 0
603 333 0 0
602 333 0 0
601 333 0 0
600 333 0 0
449 333 0 1
448 333 0 1
447 333 0 1
446 333 0 1
445 333 0 1
444 333 0 1
443 333 0 1
442 333 0 1
441 333 0 1
605 332 0 0
604 332 0 0
603 332 0 0
602 332 0 0
601 332 0 0
600 332 0 0
448 332 0 1
447 332 0 1
446 332 0 1
445 332 0 1
444 332 0 1
443 332 0 1
442 332 0 1
606 331 0 0
605 331 0 0
604 331 0 0
603 331 0 0
602 331 0 0
601 331 0 0
446 331 0 1
445 331 0 1
606 330 0 0
605 330 0 0
604 330 0 0
603 330 0 0
602 330 0 0
601 330 0 0
446 330 0 1
445 330 0 1
606 329 0 0
605 329 0 0
604 329 0 0
603 329 0 0
602 329 0 0
601 329 0 0
608 328 0 0
607 328 0 0
606 328 0 0
605 328 0 0
604 328 0 0
603 328 0 0
602 328 0 0
609 327 0 0
608 327 0 0
607 327 0 0
606 327 0 0
605 327 0 0
604 327 0 0
609 326 0 0
608 326 0 0
607 326 0 0
606 326 0 0
605 326 0 0
604 326 0 0
609 325 0 0
608 325 0 0
607 325 0 0
606 325 0 0
605 325 0 0
604 325 0 0
610 324 0 0
609 324 0 0
608 324 0 0
607 324 0 0
606 324 0 0
605 324 0 0
610 323 0 0
609 323 0 0
608 323 0 0
607 323 0 0
606 323 0 0
605 323 0 0
612 322 0 0
611 322 0 0
610 322 0 0
609 322 0 0
608 322 0 0
607 322 0 0
606 322 0 0
612 321 0 0
611 321 0 0
610 321 0 0
609 321 0 0
608 321 0 0
607 321 0 0
606 321 0 0
613 320 0 0
612 320 0 0
611 320 0 0
610 320 0 0
609 320 0 0
608 320 0 0
607 320 0 0
606 320 0 0
613 319 0 0
612 319 0 0
611 319 0 0
610 319 0 0
609 319 0 0
608 319 0 0
607 319 0 0
614 318 0 0
613 318 0 0
612 318 0 0
611 318 0 0
610 318 0 0
609 318 0 0
614 317 0 0
613 317 0 0
612 317 0 0
611 317 0 0
610 317 0 0
609 317 0 0
614 316 0 0
613 316 0 0
612 316 0 0
611 316 0 0
610 316 0 0
609 316 0 0
616 315 0 0
615 315 0 0
614 315 0 0
613 315 0 0
612 315 0 0
611 315 0 0
610 315 0 0
616 314 0 0
615 314 0 0
614 314 0 0
613 314 0 0
612 314 0 0
611 314 0 0
610 314 0 0
616 313 0 0
615 313 0 0
614 313 0 0
613 313 0 0
612 313 0 0
611 313 0 0
610 313 0 0
617 312 0 0
616 312 0 0
615 312 0 0
614 312 0 0
613 312 0 0
612 312 0 0
611 312 0 0
618 311 0 0
617 311 0 0
616 311 0 0
615 311 0 0
614 311 0 0
613 311 0 0
618 310 0 0
617 310 0 0
616 310 0 0
615 310 0 0
614 310 0 0
613 310 0 0
619 309 0 0
618 309 0 0
617 309 0 0
616 309 0 0
615 309 0 0
614 309 0 0
619 308 0 0
618 308 0 0
617 308 0 0
616 308 0 0
615 308 0 0
614 308 0 0
619 307 0 0
618 307 0 0
617 307 0 0
616 307 0 0
615 307 0 0
614 307 0 0
619 306 0 0
618 306 0 0
617 306 0 0
616 306 0 0
615 306 0 0
614 306 0 0
619 305 0 0
618 305 0 0
617 305 0 0
616 305 0 0
615 305 0 0
614 305 0 0
619 304 0 0
618 304 0 0
617 304 0 0
616 304 0 0
615 304 0 0
614 304 0 0
619 303 0 0
618 303 0 0
617 303 0 0
616 303 0 0
615 303 0 0
614 303 0 0
619 302 0 0
618 302 0 0
617 302 0 0
616 302 0 0
615 302 0 0
614 302 0 0
618 301 0 0
617 301 0 0
616 301 0 0
615 301 0 0
618 300 0 0
617 300 0 0
616 300 0 0
615 300 0 0
617 299 0 0
208 111 0 0
207 111 0 0
215 110 0 0
214 110 0 0
213 110 0 0
212 110 0 0
211 110 0 0
210 110 0 0
209 110 0 0
208 110 0 0
207 110 0 0
206 110 0 0
215 109 0 0
214 109 0 0
213 109 0 0
212 109 0 0
211 109 0 0
210 109 0 0
209 109 0 0
208 109 0 0
207 109 0 0
206 109 0 0
220 108 0 0
219 108 0 0
218 108 0 0
217 108 0 0
216 108 0 0
215 108 0 0
214 108 0 0
213 108 0 0
212 108 0 0
211 108 0 0
210 108 0 0
209 108 0 0
208 108 0 0
207 108 0 0
206 108 0 0
205 108 0 0
204 108 0 0
227 107 0 0
226 107 0 0
225 107 0 0
224 107 0 0
223 107 0 0
222 107 0 0
221 107 0 0
220 107 0 0
219 107 0 0
218 107 0 0
217 107 0 0
216 107 0 0
215 107 0 0
214 107 0 0
213 107 0 0
212 107 0 0
211 107 0 0
210 107 0 0
209 107 0 0
208 107 0 0
207 107 0 0
206 107 0 0
234 106 0 0
233 106 0 0
232 106 0 0
231 106 0 0
230 106 0 0
229 106 0 0
228 106 0 0
227 106 0 0
226 106 0 0
225 106 0 0
224 106 0 0
223 106 0 0
222 106 0 0
221 106 0 0
220 106 0 0
219 106 0 0
218 106 0 0
217 106 0 0
216 106 0 0
215 106 0 0
214 106 0 0
213 106 0 0
212 106 0 0
211 106 0 0
210 106 0 0
209 106 0 0
208 106 0 0
207 106 0 0
234 105 0 0
233 105 0 0
232 105 0 0
231 105 0 0
230 105 0 0
229 105 0 0
228 105 0 0
227 105 0 0
226 105 0 0
225 105 0 0
224 105 0 0
223 105 0 0
222 105 0 0
221 105 0 0
220 105 0 0
219 105 0 0
218 105 0 0
217 105 0 0
216 105 0 0
215 105 0 0
214 105 0 0
213 105 0 0
212 105 0 0
211 105 0 0
210 105 0 0
209 105 0 0
208 105 0 0
207 105 0 0
241 104 0 0
240 104 0 0
239 104 0 0
238 104 0 0
237 104 0 0
236 104 0 0
235 104 0 0
234 104 0 0
233 104 0 0
232 104 0 0
231 104 0 0
230 104 0 0
229 104 0 0
228 104 0 0
227 104 0 0
226 104 0 0
225 104 0 0
224 104 0 0
223 104 0 0
222 104 0 0
221 104 0 0
220 104 0 0
219 104 0 0
218 104 0 0
217 104 0 0
216 104 0 0
215 104 0 0
214 104 0 0
213 104 0 0
212 104 0 0
211 104 0 0
210 104 0 0
209 104 0 0
247 103 0 0
246 103 0 0
245 103 0 0
244 103 0 0
243 103 0 0
242 103 0 0
241 103 0 0
240 103 0 0
239 103 0 0
238 103 0 0
237 103 0 0
236 103 0 0
235 103 0 0
234 103 0 0
233 103 0 0
232 103 0 0
231 103 0 0
230 103 0 0
229 103 0 0
228 103 0 0
227 103 0 0
226 103 0 0
225 103 0 0
224 103 0 0
223 103 0 0
222 103 0 0
221 103 0 0
220 103 0 0
219 103 0 0
218 103 0 0
217 103 0 0
216 103 0 0
254 102 0 0
253 102 0 0
252 102 0 0
251 102 0 0
250 102 0 0
249 102 0 0
248 102 0 0
247 102 0 0
246 102 0 0
245 102 0 0
244 102 0 0
243 102 0 0
242 102 0 0
241 102 0 0
240 102 0 0
239 102 0 0
238 102 0 0
237 102 0 0
236 102 0 0
235 102 0 0
234 102 0 0
233 102 0 0
232 102 0 0
231 102 0 0
230 102 0 0
229 102 0 0
228 102 0 0
227 102 0 0
226 102 0 0
225 102 0 0
224 102 0 0
223 102 0 0
222 102 0 0
221 102 0 0
254 101 0 0
253 101 0 0
252 101 0 0
251 101 0 0
250 101 0 0
249 101 0 0
248 101 0 0
247 101 0 0
246 101 0 0
245 101 0 0
244 101 0 0
243 101 0 0
242 101 0 0
241 101 0 0
240 101 0 0
239 101 0 0
238 101 0 0
237 101 0 0
236 101 0 0
235 101 0 0
234 101 0 0
233 101 0 0
232 101 0 0
231 101 0 0
230 101 0 0
229 101 0 0
228 101 0 0
227 101 0 0
226 101 0 0
225 101 0 0
224 101 0 0
223 101 0 0
222 101 0 0
221 101 0 0
260 100 0 0
259 100 0 0
258 100 0 0
257 100 0 0
256 100 0 0
255 100 0 0
254 100 0 0
253 100 0 0
252 100 0 0
251 100 0 0
250 100 0 0
249 100 0 0
248 100 0 0
247 100 0 0
246 100 0 0
245 100 0 0
244 100 0 0
243 100 0 0
242 100 0 0
241 100 0 0
240 100 0 0
239 100 0 0
238 100 0 0
237 100 0 0
236 100 0 0
235 100 0 0
234 100 0 0
233 100 0 0
232 100 0 0
231 100 0 0
230 100 0 0
229 100 0 0
228 100 0 0
268 99 0 0
267 99 0 0
266 99 0 0
265 99 0 0
264 99 0 0
263 99 0 0
262 99 0 0
261 99 0 0
260 99 0 0
259 99 0 0
258 99 0 0
257 99 0 0
256 99 0 0
255 99 0 0
254 99 0 0
253 99 0 0
252 99 0 0
251 99 0 0
250 99 0 0
249 99 0 0
248 99 0 0
247 99 0 0
246 99 0 0
245 99 0 0
244 99 0 0
243 99 0 0
242 99 0 0
241 99 0 0
240 99 0 0
239 99 0 0
238 99 0 0
237 99 0 0
236 99 0 0
235 99 0 0
275 98 0 0
274 98 0 0
273 98 0 0
272 98 0 0
271 98 0 0
270 98 0 0
269 98 0 0
268 98 0 0
267 98 0 0
266 98 0 0
265 98 0 0
264 98 0 0
263 98 0 0
262 98 0 0
261 98 0 0
260 98 0 0
259 98 0 0
258 98 0 0
257 98 0 0
256 98 0 0
255 98 0 0
254 98 0 0
253 98 0 0
252 98 0 0
251 98 0 0
250 98 0 0
249 98 0 0
248 98 0 0
247 98 0 0
246 98 0 0
245 98 0 0
244 98 0 0
243 98 0 0
242 98 0 0
281 97 0 0
280 97 0 0
279 97 0 0
278 97 0 0
277 97 0 0
276 97 0 0
275 97 0 0
274 97 0 0
273 97 0 0
272 97 0 0
271 97 0 0
270 97 0 0
269 97 0 0
268 97 0 0
267 97 0 0
266 97 0 0
265 97 0 0
264 97 0 0
263 97 0 0
262 97 0 0
261 97 0 0
260 97 0 0
259 97 0 0
258 97 0 0
257 97 0 0
256 97 0 0
255 97 0 0
254 97 0 0
253 97 0 0
252 97 0 0
251 97 0 0
250 97 0 0
249 97 0 0
248 97 0 0
281 96 0 0
280 96 0 0
279 96 0 0
278 96 0 0
277 96 0 0
276 96 0 0
275 96 0 0
274 96 0 0
273 96 0 0
272 96 0 0
271 96 0 0
270 96 0 0
269 96 0 0
268 96 0 0
267 96 0 0
266 96 0 0
265 96 0 0
264 96 0 0
263 96 0 0
262 96 0 0
261 96 0 0
260 96 0 0
259 96 0 0
258 96 0 0
257 96 0 0
256 96 0 0
255 96 0 0
254 96 0 0
253 96 0 0
252 96 0 0
251 96 0 0
250 96 0 0
249 96 0 0
248 96 0 0
286 95 0 0
285 95 0 0
284 95 0 0
283 95 0 0
282 95 0 0
281 95 0 0
280 95 0 0
279 95 0 0
278 95 0 0
277 95 0 0
276 95 0 0
275 95 0 0
274 95 0 0
273 95 0 0
272 95 0 0
271 95 0 0
270 95 0 0
269 95 0 0
268 95 0 0
267 95 0 0
266 95 0 0
265 95 0 0
264 95 0 0
263 95 0 0
262 95 0 0
261 95 0 0
260 95 0 0
259 95 0 0
258 95 0 0
257 95 0 0
256 95 0 0
255 95 0 0
293 94 0 0
292 94 0 0
291 94 0 0
290 94 0 0
289 94 0 0
288 94 0 0
287 94 0 0
286 94 0 0
285 94 0 0
284 94 0 0
283 94 0 0
282 94 0 0
281 94 0 0
280 94 0 0
279 94 0 0
278 94 0 0
277 94 0 0
276 94 0 0
275 94 0 0
274 94 0 0
273 94 0 0
272 94 0 0
271 94 0 0
270 94 0 0
269 94 0 0
268 94 0 0
267 94 0 0
266 94 0 0
265 94 0 0
264 94 0 0
263 94 0 0
262 94 0 0
261 94 0 0
301 93 0 0
300 93 0 0
299 93 0 0
298 93 0 0
297 93 0 0
296 93 0 0
295 93 0 0
294 93 0 0
293 93 0 0
292 93 0 0
291 93 0 0
290 93 0 0
289 93 0 0
288 93 0 0
287 93 0 0
286 93 0 0
285 93 0 0
284 93 0 0
283 93 0 0
282 93 0 0
281 93 0 0
280 93 0 0
279 93 0 0
278 93 0 0
277 93 0 0
276 93 0 0
275 93 0 0
274 93 0 0
273 93 0 0
272 93 0 0
271 93 0 0
270 93 0 0
269 93 0 0
301 92 0 0
300 92 0 0
299 92 0 0
298 92 0 0
297 92 0 0
296 92 0 0
295 92 0 0
294 92 0 0
293 92 0 0
292 92 0 0
291 92 0 0
290 92 0 0
289 92 0 0
288 92 0 0
287 92 0 0
286 92 0 0
285 92 0 0
284 92 0 0
283 92 0 0
282 92 0 0
281 92 0 0
280 92 0 0
279 92 0 0
278 92 0 0
277 92 0 0
276 92 0 0
275 92 0 0
274 92 0 0
273 92 0 0
272 92 0 0
271 92 0 0
270 92 0 0
269 92 0 0
307 91 0 0
306 91 0 0
305 91 0 0
304 91 0 0
303 91 0 0
302 91 0 0
301 91 0 0
300 91 0 0
299 91 0 0
298 91 0 0
297 91 0 0
296 91 0 0
295 91 0 0
294 91 0 0
293 91 0 0
292 91 0 0
291 91 0 0
290 91 0 0
289 91 0 0
288 91 0 0
287 91 0 0
286 91 0 0
285 91 0 0
284 91 0 0
283 91 0 0
282 91 0 0
281 91 0 0
280 91 0 0
279 91 0 0
278 91 0 0
277 91 0 0
276 91 0 0
314 90 0 0
313 90 0 0
312 90 0 0
311 90 0 0
310 90 0 0
309 90 0 0
308 90 0 0
307 90 0 0
306 90 0 0
305 90 0 0
304 90 0 0
303 90 0 0
302 90 0 0
301 90 0 0
300 90 0 0
299 90 0 0
298 90 0 0
297 90 0 0
296 90 0 0
295 90 0 0
294 90 0 0
293 90 0 0
292 90 0 0
291 90 0 0
290 90 0 0
289 90 0 0
288 90 0 0
287 90 0 0
286 90 0 0
285 90 0 0
284 90 0 0
283 90 0 0
282 90 0 0
320 89 0 0
319 89 0 0
318 89 0 0
317 89 0 0
316 89 0 0
315 89 0 0
314 89 0 0
313 89 0 0
312 89 0 0
311 89 0 0
310 89 0 0
309 89 0 0
308 89 0 0
307 89 0 0
306 89 0 0
305 89 0 0
304 89 0 0
303 89 0 0
302 89 0 0
301 89 0 0
300 89 0 0
299 89 0 0
298 89 0 0
297 89 0 0
296 89 0 0
295 89 0 0
294 89 0 0
293 89 0 0
292 89 0 0
291 89 0 0
290 89 0 0
289 89 0 0
288 89 0 0
287 89 0 0
320 88 0 0
319 88 0 0
318 88 0 0
317 88 0 0
316 88 0 0
315 88 0 0
314 88 0 0
313 88 0 0
312 88 0 0
311 88 0 0
310 88 0 0
309 88 0 0
308 88 0 0
307 88 0 0
306 88 0 0
305 88 0 0
304 88 0 0
303 88 0 0
302 88 0 0
301 88 0 0
300 88 0 0
299 88 0 0
298 88 0 0
297 88 0 0
296 88 0 0
295 88 0 0
294 88 0 0
293 88 0 0
292 88 0 0
291 88 0 0
290 88 0 0
289 88 0 0
288 88 0 0
287 88 0 0
327 87 0 0
326 87 0 0
325 87 0 0
324 87 0 0
323 87 0 0
322 87 0 0
321 87 0 0
320 87 0 0
319 87 0 0
318 87 0 0
317 87 0 0
316 87 0 0
315 87 0 0
314 87 0 0
313 87 0 0
312 87 0 0
311 87 0 0
310 87 0 0
309 87 0 0
308 87 0 0
307 87 0 0
306 87 0 0
305 87 0 0
304 87 0 0
303 87 0 0
302 87 0 0
301 87 0 0
300 87 0 0
299 87 0 0
298 87 0 0
297 87 0 0
296 87 0 0
295 87 0 0
294 87 0 0
335 86 0 0
334 86 0 0
333 86 0 0
332 86 0 0
331 86 0 0
330 86 0 0
329 86 0 0
328 86 0 0
327 86 0 0
326 86 0 0
325 86 0 0
324 86 0 0
323 86 0 0
322 86 0 0
321 86 0 0
320 86 0 0
319 86 0 0
318 86 0 0
317 86 0 0
316 86 0 0
315 86 0 0
314 86 0 0
313 86 0 0
312 86 0 0
311 86 0 0
310 86 0 0
309 86 0 0
308 86 0 0
307 86 0 0
306 86 0 0
305 86 0 0
304 86 0 0
303 86 0 0
302 86 0 0
341 85 0 0
340 85 0 0
339 85 0 0
338 85 0 0
337 85 0 0
336 85 0 0
335 85 0 0
334 85 0 0
333 85 0 0
332 85 0 0
331 85 0 0
330 85 0 0
329 85 0 0
328 85 0 0
327 85 0 0
326 85 0 0
325 85 0 0
324 85 0 0
323 85 0 0
322 85 0 0
321 85 0 0
320 85 0 0
319 85 0 0
318 85 0 0
317 85 0 0
316 85 0 0
315 85 0 0
314 85 0 0
313 85 0 0
312 85 0 0
311 85 0 0
310 85 0 0
309 85 0 0
308 85 0 0
348 84 0 0
347 84 0 0
346 84 0 0
345 84 0 0
344 84 0 0
343 84 0 0
342 84 0 0
341 84 0 0
340 84 0 0
339 84 0 0
338 84 0 0
337 84 0 0
336 84 0 0
335 84 0 0
334 84 0 0
333 84 0 0
332 84 0 0
331 84 0 0
330 84 0 0
329 84 0 0
328 84 0 0
327 84 0 0
326 84 0 0
325 84 0 0
324 84 0 0
323 84 0 0
322 84 0 0
321 84 0 0
320 84 0 0
319 84 0 0
318 84 0 0
317 84 0 0
316 84 0 0
315 84 0 0
348 83 0 0
347 83 0 0
346 83 0 0
345 83 0 0
344 83 0 0
343 83 0 0
342 83 0 0
341 83 0 0
340 83 0 0
339 83 0 0
338 83 0 0
337 83 0 0
336 83 0 0
335 83 0 0
334 83 0 0
333 83 0 0
332 83 0 0
331 83 0 0
330 83 0 0
329 83 0 0
328 83 0 0
327 83 0 0
326 83 0 0
325 83 0 0
324 83 0 0
323 83 0 0
322 83 0 0
321 83 0 0
320 83 0 0
319 83 0 0
318 83 0 0
317 83 0 0
316 83 0 0
315 83 0 0
353 82 0 0
352 82 0 0
351 82 0 0
350 82 0 0
349 82 0 0
348 82 0 0
347 82 0 0
346 82 0 0
345 82 0 0
344 82 0 0
343 82 0 0
342 82 0 0
341 82 0 0
340 82 0 0
339 82 0 0
338 82 0 0
337 82 0 0
336 82 0 0
335 82 0 0
334 82 0 0
333 82 0 0
332 82 0 0
331 82 0 0
330 82 0 0
329 82 0 0
328 82 0 0
327 82 0 0
326 82 0 0
325 82 0 0
324 82 0 0
323 82 0 0
322 82 0 0
321 82 0 0
358 81 0 0
357 81 0 0
356 81 0 0
355 81 0 0
354 81 0 0
353 81 0 0
352 81 0 0
351 81 0 0
350 81 0 0
349 81 0 0
348 81 0 0
347 81 0 0
346 81 0 0
345 81 0 0
344 81 0 0
343 81 0 0
342 81 0 0
341 81 0 0
340 81 0 0
339 81 0 0
338 81 0 0
337 81 0 0
336 81 0 0
335 81 0 0
334 81 0 0
333 81 0 0
332 81 0 0
331 81 0 0
330 81 0 0
329 81 0 0
328 81 0 0
361 80 0 0
360 80 0 0
359 80 0 0
358 80 0 0
357 80 0 0
356 80 0 0
355 80 0 0
354 80 0 0
353 80 0 0
352 80 0 0
351 80 0 0
350 80 0 0
349 80 0 0
348 80 0 0
347 80 0 0
346 80 0 0
345 80 0 0
344 80 0 0
343 80 0 0
342 80 0 0
341 80 0 0
340 80 0 0
339 80 0 0
338 80 0 0
337 80 0 0
336 80 0 0
361 79 0 0
360 79 0 0
359 79 0 0
358 79 0 0
357 79 0 0
356 79 0 0
355 79 0 0
354 79 0 0
353 79 0 0
352 79 0 0
351 79 0 0
350 79 0 0
349 79 0 0
348 79 0 0
347 79 0 0
346 79 0 0
345 79 0 0
344 79 0 0
343 79 0 0
342 79 0 0
341 79 0 0
340 79 0 0
339 79 0 0
338 79 0 0
337 79 0 0
336 79 0 0
362 78 0 0
361 78 0 0
360 78 0 0
359 78 0 0
358 78 0 0
357 78 0 0
356 78 0 0
355 78 0 0
354 78 0 0
353 78 0 0
352 78 0 0
351 78 0 0
350 78 0 0
349 78 0 0
348 78 0 0
347 78 0 0
346 78 0 0
345 78 0 0
344 78 0 0
343 78 0 0
342 78 0 0
363 77 0 0
362 77 0 0
361 77 0 0
360 77 0 0
359 77 0 0
358 77 0 0
357 77 0 0
356 77 0 0
355 77 0 0
354 77 0 0
353 77 0 0
352 77 0 0
351 77 0 0
350 77 0 0
349 77 0 0
362 76 0 0
361 76 0 0
360 76 0 0
359 76 0 0
358 76 0 0
357 76 0 0
356 76 0 0
355 76 0 0
354 76 0 0
362 75 0 0
361 75 0 0
360 75 0 0
359 75 0 0
358 75 0 0
357 75 0 0
356 75 0 0
355 75 0 0
354 75 0 0
361 74 0 0
360 74 0 0
359 74 0 0
