2133 321 481
264 436 0 0
265 435 0 0
264 435 0 0
263 435 0 0
266 434 0 0
265 434 0 0
264 434 0 0
263 434 0 0
262 434 0 0
266 433 0 0
265 433 0 0
264 433 0 0
263 433 0 0
262 433 0 0
266 432 0 0
265 432 0 0
264 432 0 0
263 432 0 0
262 432 0 0
267 431 0 0
266 431 0 0
265 431 0 0
264 431 0 0
263 431 0 0
267 430 0 0
266 430 0 0
265 430 0 0
264 430 0 0
263 430 0 0
268 429 0 0
267 429 0 0
266 429 0 0
265 429 0 0
264 429 0 0
268 428 0 0
267 428 0 0
266 428 0 0
265 428 0 0
264 428 0 0
269 427 0 0
268 427 0 0
267 427 0 0
266 427 0 0
265 427 0 0
269 426 0 0
268 426 0 0
267 426 0 0
266 426 0 0
265 426 0 0
270 425 0 0
269 425 0 0
268 425 0 0
267 425 0 0
266 425 0 0
270 424 0 0
269 424 0 0
268 424 0 0
267 424 0 0
266 424 0 0
270 423 0 0
269 423 0 0
268 423 0 0
267 423 0 0
266 423 0 0
271 422 0 0
270 422 0 0
269 422 0 0
268 422 0 0
267 422 0 0
271 421 0 0
270 421 0 0
269 421 0 0
268 421 0 0
267 421 0 0
271 420 0 0
270 420 0 0
269 420 0 0
268 420 0 0
267 420 0 0
272 419 0 0
271 419 0 0
270 419 0 0
269 419 0 0
268 419 0 0
272 418 0 0
271 418 0 0
270 418 0 0
269 418 0 0
268 418 0 0
272 417 0 0
271 417 0 0
270 417 0 0
269 417 0 0
268 417 0 0
272 416 0 0
271 416 0 0
270 416 0 0
269 416 0 0
268 416 0 0
273 415 0 0
272 415 0 0
271 415 0 0
270 415 0 0
269 415 0 0
274 414 0 0
273 414 0 0
272 414 0 0
271 414 0 0
270 414 0 0
274 413 0 0
273 413 0 0
272 413 0 0
271 413 0 0
270 413 0 0
274 412 0 0
273 412 0 0
272 412 0 0
271 412 0 0
270 412 0 0
275 411 0 0
274 411 0 0
273 411 0 0
272 411 0 0
271 411 0 0
275 410 0 0
274 410 0 0
273 410 0 0
272 410 0 0
271 410 0 0
275 409 0 0
274 409 0 0
273 409 0 0
272 409 0 0
271 409 0 0
275 408 0 0
274 408 0 0
273 408 0 0
272 408 0 0
271 408 0 0
276 407 0 0
275 407 0 0
274 407 0 0
273 407 0 0
272 407 0 0
276 406 0 0
275 406 0 0
274 406 0 0
273 406 0 0
272 406 0 0
276 405 0 0
275 405 0 0
274 405 0 0
273 405 0 0
272 405 0 0
277 404 0 0
276 404 0 0
275 404 0 0
274 404 0 0
273 404 0 0
277 403 0 0
276 403 0 0
275 403 0 0
274 403 0 0
273 403 0 0
277 402 0 0
276 402 0 0
275 402 0 0
274 402 0 0
273 402 0 0
278 401 0 0
277 401 0 0
276 401 0 0
275 401 0 0
274 401 0 0
278 400 0 0
277 400 0 0
276 400 0 0
275 400 0 0
274 400 0 0
278 399 0 0
277 399 0 0
276 399 0 0
275 399 0 0
274 399 0 0
279 398 0 0
278 398 0 0
277 398 0 0
276 398 0 0
275 398 0 0
279 397 0 0
278 397 0 0
277 397 0 0
276 397 0 0
275 397 0 0
279 396 0 0
278 396 0 0
277 396 0 0
276 396 0 0
275 396 0 0
280 395 0 0
279 395 0 0
278 395 0 0
277 395 0 0
276 395 0 0
280 394 0 0
279 394 0 0
278 394 0 0
277 394 0 0
276 394 0 0
280 393 0 0
279 393 0 0
278 393 0 0
277 393 0 0
276 393 0 0
281 392 0 0
280 392 0 0
279 392 0 0
278 392 0 0
277 392 0 0
281 391 0 0
280 391 0 0
279 391 0 0
278 391 0 0
277 391 0 0
281 390 0 0
280 390 0 0
279 390 0 0
278 390 0 0
277 390 0 0
282 389 0 0
281 389 0 0
280 389 0 0
279 389 0 0
278 389 0 0
282 388 0 0
281 388 0 0
280 388 0 0
279 388 0 0
278 388 0 0
282 387 0 0
281 387 0 0
280 387 0 0
279 387 0 0
278 387 0 0
282 386 0 0
281 386 0 0
280 386 0 0
279 386 0 0
278 386 0 0
283 385 0 0
282 385 0 0
281 385 0 0
280 385 0 0
279 385 0 0
283 384 0 0
282 384 0 0
281 384 0 0
280 384 0 0
279 384 0 0
283 383 0 0
282 383 0 0
281 383 0 0
280 383 0 0
279 383 0 0
284 382 0 0
283 382 0 0
282 382 0 0
281 382 0 0
280 382 0 0
284 381 0 0
283 381 0 0
282 381 0 0
281 381 0 0
280 381 0 0
285 380 0 0
284 380 0 0
283 380 0 0
282 380 0 0
281 380 0 0
285 379 0 0
284 379 0 0
283 379 0 0
282 379 0 0
281 379 0 0
285 378 0 0
284 378 0 0
283 378 0 0
282 378 0 0
281 378 0 0
285 377 0 0
284 377 0 0
283 377 0 0
282 377 0 0
281 377 0 0
286 376 0 0
285 376 0 0
284 376 0 0
283 376 0 0
282 376 0 0
286 375 0 0
285 375 0 0
284 375 0 0
283 375 0 0
282 375 0 0
286 374 0 0
285 374 0 0
284 374 0 0
283 374 0 0
282 374 0 0
287 373 0 0
286 373 0 0
285 373 0 0
284 373 0 0
283 373 0 0
287 372 0 0
286 372 0 0
285 372 0 0
284 372 0 0
283 372 0 0
288 371 0 0
287 371 0 0
286 371 0 0
285 371 0 0
284 371 0 0
288 370 0 0
287 370 0 0
286 370 0 0
285 370 0 0
284 370 0 0
288 369 0 0
287 369 0 0
286 369 0 0
285 369 0 0
284 369 0 0
288 368 0 0
287 368 0 0
286 368 0 0
285 368 0 0
284 368 0 0
289 367 0 0
288 367 0 0
287 367 0 0
286 367 0 0
285 367 0 0
289 366 0 0
288 366 0 0
287 366 0 0
286 366 0 0
285 366 0 0
290 365 0 0
289 365 0 0
288 365 0 0
287 365 0 0
286 365 0 0
290 364 0 0
289 364 0 0
288 364 0 0
287 364 0 0
286 364 0 0
290 363 0 0
289 363 0 0
288 363 0 0
287 363 0 0
286 363 0 0
291 362 0 0
290 362 0 0
289 362 0 0
288 362 0 0
287 362 0 0
291 361 0 0
290 361 0 0
289 361 0 0
288 361 0 0
287 361 0 0
291 360 0 0
290 360 0 0
289 360 0 0
288 360 0 0
287 360 0 0
291 359 0 0
290 359 0 0
289 359 0 0
288 359 0 0
287 359 0 0
292 358 0 0
291 358 0 0
290 358 0 0
289 358 0 0
288 358 0 0
292 357 0 0
291 357 0 0
290 357 0 0
289 357 0 0
288 357 0 0
292 356 0 0
291 356 0 0
290 356 0 0
289 356 0 0
288 356 0 0
293 355 0 0
292 355 0 0
291 355 0 0
290 355 0 0
289 355 0 0
293 354 0 0
292 354 0 0
291 354 0 0
290 354 0 0
289 354 0 0
293 353 0 0
292 353 0 0
291 353 0 0
290 353 0 0
289 353 0 0
294 352 0 0
293 352 0 0
292 352 0 0
291 352 0 0
290 352 0 0
294 351 0 0
293 351 0 0
292 351 0 0
291 351 0 0
290 351 0 0
294 350 0 0
293 350 0 0
292 350 0 0
291 350 0 0
290 350 0 0
295 349 0 0
294 349 0 0
293 349 0 0
292 349 0 0
291 349 0 0
295 348 0 0
294 348 0 0
293 348 0 0
292 348 0 0
291 348 0 0
295 347 0 0
294 347 0 0
293 347 0 0
292 347 0 0
291 347 0 0
296 346 0 0
295 346 0 0
294 346 0 0
293 346 0 0
292 346 0 0
296 345 0 0
295 345 0 0
294 345 0 0
293 345 0 0
292 345 0 0
296 344 0 0
295 344 0 0
294 344 0 0
293 344 0 0
292 344 0 0
297 343 0 0
296 343 0 0
295 343 0 0
294 343 0 0
293 343 0 0
297 342 0 0
296 342 0 0
295 342 0 0
294 342 0 0
293 342 0 0
297 341 0 0
296 341 0 0
295 341 0 0
294 341 0 0
293 341 0 0
297 340 0 0
296 340 0 0
295 340 0 0
294 340 0 0
297 339 0 0
296 339 0 0
295 339 0 0
294 339 0 0
297 338 0 0
296 338 0 0
295 338 0 0
294 338 0 0
297 337 0 0
296 337 0 0
295 337 0 0
294 337 0 0
298 336 0 0
297 336 0 0
296 336 0 0
295 336 0 0
298 335 0 0
297 335 0 0
296 335 0 0
295 335 0 0
298 334 0 0
297 334 0 0
296 334 0 0
295 334 0 0
299 333 0 0
298 333 0 0
297 333 0 0
296 333 0 0
299 332 0 0
298 332 0 0
297 332 0 0
296 332 0 0
300 331 0 0
299 331 0 0
298 331 0 0
297 331 0 0
300 330 0 0
299 330 0 0
298 330 0 0
297 330 0 0
300 329 0 0
299 329 0 0
298 329 0 0
297 329 0 0
300 328 0 0
299 328 0 0
298 328 0 0
297 328 0 0
301 327 0 0
300 327 0 0
299 327 0 0
298 327 0 0
301 326 0 0
300 326 0 0
299 326 0 0
298 326 0 0
302 325 0 0
301 325 0 0
300 325 0 0
299 325 0 0
298 325 0 0
302 324 0 0
301 324 0 0
300 324 0 0
299 324 0 0
298 324 0 0
302 323 0 0
301 323 0 0
300 323 0 0
299 323 0 0
298 323 0 0
302 322 0 0
301 322 0 0
300 322 0 0
299 322 0 0
298 322 0 0
302 321 0 0
301 321 0 0
300 321 0 0
299 321 0 0
298 321 0 0
302 320 0 0
301 320 0 0
300 320 0 0
299 320 0 0
298 320 0 0
302 319 0 0
301 319 0 0
300 319 0 0
299 319 0 0
298 319 0 0
302 318 0 0
301 318 0 0
300 318 0 0
299 318 0 0
298 318 0 0
302 317 0 0
301 317 0 0
300 317 0 0
299 317 0 0
298 317 0 0
302 316 0 0
301 316 0 0
300 316 0 0
299 316 0 0
298 316 0 0
154 316 0 1
301 315 0 0
300 315 0 0
299 315 0 0
155 315 0 1
154 315 0 1
153 315 0 1
300 314 0 0
156 314 0 1
155 314 0 1
154 314 0 1
153 314 0 1
152 314 0 1
156 313 0 1
155 313 0 1
154 313 0 1
153 313 0 1
152 313 0 1
157 312 0 1
156 312 0 1
155 312 0 1
154 312 0 1
153 312 0 1
157 311 0 1
156 311 0 1
155 311 0 1
154 311 0 1
153 311 0 1
157 310 0 1
156 310 0 1
155 310 0 1
154 310 0 1
153 310 0 1
158 309 0 1
157 309 0 1
156 309 0 1
155 309 0 1
154 309 0 1
158 308 0 1
157 308 0 1
156 308 0 1
155 308 0 1
154 308 0 1
158 307 0 1
157 307 0 1
156 307 0 1
155 307 0 1
154 307 0 1
158 306 0 1
157 306 0 1
156 306 0 1
155 306 0 1
154 306 0 1
158 305 0 1
157 305 0 1
156 305 0 1
155 305 0 1
154 305 0 1
158 304 0 1
157 304 0 1
156 304 0 1
155 304 0 1
154 304 0 1
158 303 0 1
157 303 0 1
156 303 0 1
155 303 0 1
154 303 0 1
158 302 0 1
157 302 0 1
156 302 0 1
155 302 0 1
154 302 0 1
158 301 0 1
157 301 0 1
156 301 0 1
155 301 0 1
154 301 0 1
158 300 0 1
157 300 0 1
156 300 0 1
155 300 0 1
154 300 0 1
158 299 0 1
157 299 0 1
156 299 0 1
155 299 0 1
154 299 0 1
158 298 0 1
157 298 0 1
156 298 0 1
155 298 0 1
154 298 0 1
157 297 0 1
156 297 0 1
155 297 0 1
154 297 0 1
153 297 0 1
157 296 0 1
156 296 0 1
155 296 0 1
154 296 0 1
153 296 0 1
157 295 0 1
156 295 0 1
155 295 0 1
154 295 0 1
153 295 0 1
157 294 0 1
156 294 0 1
155 294 0 1
154 294 0 1
153 294 0 1
157 293 0 1
156 293 0 1
155 293 0 1
154 293 0 1
153 293 0 1
157 292 0 1
156 292 0 1
155 292 0 1
154 292 0 1
153 292 0 1
157 291 0 1
156 291 0 1
155 291 0 1
154 291 0 1
153 291 0 1
157 290 0 1
156 290 0 1
155 290 0 1
154 290 0 1
153 290 0 1
157 289 0 1
156 289 0 1
155 289 0 1
154 289 0 1
153 289 0 1
157 288 0 1
156 288 0 1
155 288 0 1
154 288 0 1
153 288 0 1
157 287 0 1
156 287 0 1
155 287 0 1
154 287 0 1
153 287 0 1
157 286 0 1
156 286 0 1
155 286 0 1
154 286 0 1
153 286 0 1
157 285 0 1
156 285 0 1
155 285 0 1
154 285 0 1
153 285 0 1
157 284 0 1
156 284 0 1
155 284 0 1
154 284 0 1
153 284 0 1
157 283 0 1
156 283 0 1
155 283 0 1
154 283 0 1
153 283 0 1
157 282 0 1
156 282 0 1
155 282 0 1
154 282 0 1
153 282 0 1
157 281 0 1
156 281 0 1
155 281 0 1
154 281 0 1
153 281 0 1
156 280 0 1
155 280 0 1
154 280 0 1
153 280 0 1
152 280 0 1
156 279 0 1
155 279 0 1
154 279 0 1
153 279 0 1
152 279 0 1
156 278 0 1
155 278 0 1
154 278 0 1
153 278 0 1
152 278 0 1
156 277 0 1
155 277 0 1
154 277 0 1
153 277 0 1
152 277 0 1
156 276 0 1
155 276 0 1
154 276 0 1
153 276 0 1
152 276 0 1
156 275 0 1
155 275 0 1
154 275 0 1
153 275 0 1
152 275 0 1
156 274 0 1
155 274 0 1
154 274 0 1
153 274 0 1
152 274 0 1
156 273 0 1
155 273 0 1
154 273 0 1
153 273 0 1
152 273 0 1
156 272 0 1
155 272 0 1
154 272 0 1
153 272 0 1
152 272 0 1
156 271 0 1
155 271 0 1
154 271 0 1
153 271 0 1
152 271 0 1
156 270 0 1
155 270 0 1
154 270 0 1
153 270 0 1
152 270 0 1
156 269 0 1
155 269 0 1
154 269 0 1
153 269 0 1
152 269 0 1
156 268 0 1
155 268 0 1
154 268 0 1
153 268 0 1
152 268 0 1
156 267 0 1
155 267 0 1
154 267 0 1
153 267 0 1
152 267 0 1
156 266 0 1
155 266 0 1
154 266 0 1
153 266 0 1
152 266 0 1
156 265 0 1
155 265 0 1
154 265 0 1
153 265 0 1
152 265 0 1
156 264 0 1
155 264 0 1
154 264 0 1
153 264 0 1
152 264 0 1
156 263 0 1
155 263 0 1
154 263 0 1
153 263 0 1
152 263 0 1
155 262 0 1
154 262 0 1
153 262 0 1
152 262 0 1
151 262 0 1
155 261 0 1
154 261 0 1
153 261 0 1
152 261 0 1
151 261 0 1
155 260 0 1
154 260 0 1
153 260 0 1
152 260 0 1
151 260 0 1
155 259 0 1
154 259 0 1
153 259 0 1
152 259 0 1
151 259 0 1
155 258 0 1
154 258 0 1
153 258 0 1
152 258 0 1
151 258 0 1
155 257 0 1
154 257 0 1
153 257 0 1
152 257 0 1
151 257 0 1
155 256 0 1
154 256 0 1
153 256 0 1
152 256 0 1
151 256 0 1
155 255 0 1
154 255 0 1
153 255 0 1
152 255 0 1
151 255 0 1
155 254 0 1
154 254 0 1
153 254 0 1
152 254 0 1
151 254 0 1
155 253 0 1
154 253 0 1
153 253 0 1
152 253 0 1
151 253 0 1
155 252 0 1
154 252 0 1
153 252 0 1
152 252 0 1
151 252 0 1
155 251 0 1
154 251 0 1
153 251 0 1
152 251 0 1
151 251 0 1
155 250 0 1
154 250 0 1
153 250 0 1
152 250 0 1
151 250 0 1
155 249 0 1
154 249 0 1
153 249 0 1
152 249 0 1
151 249 0 1
155 248 0 1
154 248 0 1
153 248 0 1
152 248 0 1
151 248 0 1
155 247 0 1
154 247 0 1
153 247 0 1
152 247 0 1
151 247 0 1
155 246 0 1
154 246 0 1
153 246 0 1
152 246 0 1
151 246 0 1
155 245 0 1
154 245 0 1
153 245 0 1
152 245 0 1
151 245 0 1
154 244 0 1
153 244 0 1
152 244 0 1
151 244 0 1
150 244 0 1
154 243 0 1
153 243 0 1
152 243 0 1
151 243 0 1
150 243 0 1
154 242 0 1
153 242 0 1
152 242 0 1
151 242 0 1
150 242 0 1
154 241 0 1
153 241 0 1
152 241 0 1
151 241 0 1
150 241 0 1
154 240 0 1
153 240 0 1
152 240 0 1
151 240 0 1
150 240 0 1
154 239 0 1
153 239 0 1
152 239 0 1
151 239 0 1
150 239 0 1
154 238 0 1
153 238 0 1
152 238 0 1
151 238 0 1
150 238 0 1
154 237 0 1
153 237 0 1
152 237 0 1
151 237 0 1
150 237 0 1
154 236 0 1
153 236 0 1
152 236 0 1
151 236 0 1
150 236 0 1
154 235 0 1
153 235 0 1
152 235 0 1
151 235 0 1
150 235 0 1
154 234 0 1
153 234 0 1
152 234 0 1
151 234 0 1
150 234 0 1
154 233 0 1
153 233 0 1
152 233 0 1
151 233 0 1
150 233 0 1
154 232 0 1
153 232 0 1
152 232 0 1
151 232 0 1
150 232 0 1
154 231 0 1
153 231 0 1
152 231 0 1
151 231 0 1
150 231 0 1
154 230 0 1
153 230 0 1
152 230 0 1
151 230 0 1
150 230 0 1
154 229 0 1
153 229 0 1
152 229 0 1
151 229 0 1
150 229 0 1
154 228 0 1
153 228 0 1
152 228 0 1
151 228 0 1
150 228 0 1
153 227 0 1
152 227 0 1
151 227 0 1
150 227 0 1
149 227 0 1
153 226 0 1
152 226 0 1
151 226 0 1
150 226 0 1
149 226 0 1
153 225 0 1
152 225 0 1
151 225 0 1
150 225 0 1
149 225 0 1
153 224 0 1
152 224 0 1
151 224 0 1
150 224 0 1
149 224 0 1
153 223 0 1
152 223 0 1
151 223 0 1
150 223 0 1
149 223 0 1
153 222 0 1
152 222 0 1
151 222 0 1
150 222 0 1
149 222 0 1
153 221 0 1
152 221 0 1
151 221 0 1
150 221 0 1
149 221 0 1
153 220 0 1
152 220 0 1
151 220 0 1
150 220 0 1
149 220 0 1
153 219 0 1
152 219 0 1
151 219 0 1
150 219 0 1
149 219 0 1
153 218 0 1
152 218 0 1
151 218 0 1
150 218 0 1
149 218 0 1
153 217 0 1
152 217 0 1
151 217 0 1
150 217 0 1
149 217 0 1
153 216 0 1
152 216 0 1
151 216 0 1
150 216 0 1
149 216 0 1
153 215 0 1
152 215 0 1
151 215 0 1
150 215 0 1
149 215 0 1
153 214 0 1
152 214 0 1
151 214 0 1
150 214 0 1
149 214 0 1
153 213 0 1
152 213 0 1
151 213 0 1
150 213 0 1
149 213 0 1
153 212 0 1
152 212 0 1
151 212 0 1
150 212 0 1
149 212 0 1
153 211 0 1
152 211 0 1
151 211 0 1
150 211 0 1
149 211 0 1
152 210 0 1
151 210 0 1
150 210 0 1
149 210 0 1
148 210 0 1
152 209 0 1
151 209 0 1
150 209 0 1
149 209 0 1
148 209 0 1
152 208 0 1
151 208 0 1
150 208 0 1
149 208 0 1
148 208 0 1
152 207 0 1
151 207 0 1
150 207 0 1
149 207 0 1
148 207 0 1
152 206 0 1
151 206 0 1
150 206 0 1
149 206 0 1
148 206 0 1
152 205 0 1
151 205 0 1
150 205 0 1
149 205 0 1
148 205 0 1
152 204 0 1
151 204 0 1
150 204 0 1
149 204 0 1
148 204 0 1
152 203 0 1
151 203 0 1
150 203 0 1
149 203 0 1
148 203 0 1
152 202 0 1
151 202 0 1
150 202 0 1
149 202 0 1
148 202 0 1
152 201 0 1
151 201 0 1
150 201 0 1
149 201 0 1
148 201 0 1
152 200 0 1
151 200 0 1
150 200 0 1
149 200 0 1
148 200 0 1
152 199 0 1
151 199 0 1
150 199 0 1
149 199 0 1
148 199 0 1
152 198 0 1
151 198 0 1
150 198 0 1
149 198 0 1
148 198 0 1
152 197 0 1
151 197 0 1
150 197 0 1
149 197 0 1
148 197 0 1
152 196 0 1
151 196 0 1
150 196 0 1
149 196 0 1
148 196 0 1
152 195 0 1
151 195 0 1
150 195 0 1
149 195 0 1
148 195 0 1
152 194 0 1
151 194 0 1
150 194 0 1
149 194 0 1
148 194 0 1
151 193 0 1
150 193 0 1
149 193 0 1
148 193 0 1
147 193 0 1
151 192 0 1
150 192 0 1
149 192 0 1
148 192 0 1
147 192 0 1
151 191 0 1
150 191 0 1
149 191 0 1
148 191 0 1
147 191 0 1
151 190 0 1
150 190 0 1
149 190 0 1
148 190 0 1
147 190 0 1
151 189 0 1
150 189 0 1
149 189 0 1
148 189 0 1
147 189 0 1
151 188 0 1
150 188 0 1
149 188 0 1
148 188 0 1
147 188 0 1
151 187 0 1
150 187 0 1
149 187 0 1
148 187 0 1
147 187 0 1
151 186 0 1
150 186 0 1
149 186 0 1
148 186 0 1
147 186 0 1
151 185 0 1
150 185 0 1
149 185 0 1
148 185 0 1
147 185 0 1
151 184 0 1
150 184 0 1
149 184 0 1
148 184 0 1
147 184 0 1
151 183 0 1
150 183 0 1
149 183 0 1
148 183 0 1
147 183 0 1
151 182 0 1
150 182 0 1
149 182 0 1
148 182 0 1
147 182 0 1
151 181 0 1
150 181 0 1
149 181 0 1
148 181 0 1
147 181 0 1
151 180 0 1
150 180 0 1
149 180 0 1
148 180 0 1
147 180 0 1
151 179 0 1
150 179 0 1
149 179 0 1
148 179 0 1
147 179 0 1
151 178 0 1
150 178 0 1
149 178 0 1
148 178 0 1
147 178 0 1
151 177 0 1
150 177 0 1
149 177 0 1
148 177 0 1
147 177 0 1
151 176 0 1
150 176 0 1
149 176 0 1
148 176 0 1
147 176 0 1
150 175 0 1
149 175 0 1
148 175 0 1
147 175 0 1
146 175 0 1
150 174 0 1
149 174 0 1
148 174 0 1
147 174 0 1
146 174 0 1
150 173 0 1
149 173 0 1
148 173 0 1
147 173 0 1
146 173 0 1
150 172 0 1
149 172 0 1
148 172 0 1
147 172 0 1
146 172 0 1
150 171 0 1
149 171 0 1
148 171 0 1
147 171 0 1
146 171 0 1
150 170 0 1
149 170 0 1
148 170 0 1
147 170 0 1
146 170 0 1
150 169 0 1
149 169 0 1
148 169 0 1
147 169 0 1
146 169 0 1
150 168 0 1
149 168 0 1
148 168 0 1
147 168 0 1
146 168 0 1
150 167 0 1
149 167 0 1
148 167 0 1
147 167 0 1
146 167 0 1
150 166 0 1
149 166 0 1
148 166 0 1
147 166 0 1
146 166 0 1
150 165 0 1
149 165 0 1
148 165 0 1
147 165 0 1
146 165 0 1
150 164 0 1
149 164 0 1
148 164 0 1
147 164 0 1
146 164 0 1
150 163 0 1
149 163 0 1
148 163 0 1
147 163 0 1
146 163 0 1
150 162 0 1
149 162 0 1
148 162 0 1
147 162 0 1
146 162 0 1
150 161 0 1
149 161 0 1
148 161 0 1
147 161 0 1
146 161 0 1
150 160 0 1
149 160 0 1
148 160 0 1
147 160 0 1
146 160 0 1
150 159 0 1
149 159 0 1
148 159 0 1
147 159 0 1
146 159 0 1
150 158 0 1
149 158 0 1
148 158 0 1
147 158 0 1
146 158 0 1
149 157 0 1
148 157 0 1
147 157 0 1
146 157 0 1
145 157 0 1
149 156 0 1
148 156 0 1
147 156 0 1
146 156 0 1
145 156 0 1
149 155 0 1
148 155 0 1
147 155 0 1
146 155 0 1
145 155 0 1
149 154 0 1
148 154 0 1
147 154 0 1
146 154 0 1
145 154 0 1
149 153 0 1
148 153 0 1
147 153 0 1
146 153 0 1
145 153 0 1
149 152 0 1
148 152 0 1
147 152 0 1
146 152 0 1
145 152 0 1
149 151 0 1
148 151 0 1
147 151 0 1
146 151 0 1
145 151 0 1
149 150 0 1
148 150 0 1
147 150 0 1
146 150 0 1
145 150 0 1
149 149 0 1
148 149 0 1
147 149 0 1
146 149 0 1
145 149 0 1
149 148 0 1
148 148 0 1
147 148 0 1
146 148 0 1
145 148 0 1
149 147 0 1
148 147 0 1
147 147 0 1
146 147 0 1
145 147 0 1
149 146 0 1
148 146 0 1
147 146 0 1
146 146 0 1
145 146 0 1
149 145 0 1
148 145 0 1
147 145 0 1
146 145 0 1
145 145 0 1
149 144 0 1
148 144 0 1
147 144 0 1
146 144 0 1
145 144 0 1
149 143 0 1
148 143 0 1
147 143 0 1
146 143 0 1
145 143 0 1
149 142 0 1
148 142 0 1
147 142 0 1
146 142 0 1
145 142 0 1
149 141 0 1
148 141 0 1
147 141 0 1
146 141 0 1
145 141 0 1
148 140 0 1
147 140 0 1
146 140 0 1
145 140 0 1
144 140 0 1
148 139 0 1
147 139 0 1
146 139 0 1
145 139 0 1
144 139 0 1
148 138 0 1
147 138 0 1
146 138 0 1
145 138 0 1
144 138 0 1
148 137 0 1
147 137 0 1
146 137 0 1
145 137 0 1
144 137 0 1
148 136 0 1
147 136 0 1
146 136 0 1
145 136 0 1
144 136 0 1
148 135 0 1
147 135 0 1
146 135 0 1
145 135 0 1
144 135 0 1
148 134 0 1
147 134 0 1
146 134 0 1
145 134 0 1
144 134 0 1
148 133 0 1
147 133 0 1
146 133 0 1
145 133 0 1
144 133 0 1
148 132 0 1
147 132 0 1
146 132 0 1
145 132 0 1
144 132 0 1
148 131 0 1
147 131 0 1
146 131 0 1
145 131 0 1
144 131 0 1
148 130 0 1
147 130 0 1
146 130 0 1
145 130 0 1
144 130 0 1
147 129 0 1
146 129 0 1
145 129 0 1
144 129 0 1
143 129 0 1
147 128 0 1
146 128 0 1
145 128 0 1
144 128 0 1
143 128 0 1
146 127 0 1
145 127 0 1
144 127 0 1
143 127 0 1
142 127 0 1
146 126 0 1
145 126 0 1
144 126 0 1
143 126 0 1
142 126 0 1
145 125 0 1
144 125 0 1
143 125 0 1
142 125 0 1
141 125 0 1
145 124 0 1
144 124 0 1
143 124 0 1
142 124 0 1
141 124 0 1
144 123 0 1
143 123 0 1
142 123 0 1
143 122 0 1
18 72 0 0
19 71 0 0
18 71 0 0
17 71 0 0
20 70 0 0
19 70 0 0
18 70 0 0
17 70 0 0
16 70 0 0
20 69 0 0
19 69 0 0
18 69 0 0
17 69 0 0
16 69 0 0
20 68 0 0
19 68 0 0
18 68 0 0
17 68 0 0
16 68 0 0
20 67 0 0
19 67 0 0
18 67 0 0
17 67 0 0
16 67 0 0
307 66 0 0
20 66 0 0
19 66 0 0
18 66 0 0
17 66 0 0
16 66 0 0
309 65 0 0
308 65 0 0
307 65 0 0
306 65 0 0
305 65 0 0
20 65 0 0
19 65 0 0
18 65 0 0
17 65 0 0
16 65 0 0
308 64 0 0
307 64 0 0
306 64 0 0
305 64 0 0
304 64 0 0
303 64 0 0
21 64 0 0
20 64 0 0
19 64 0 0
18 64 0 0
17 64 0 0
307 63 0 0
306 63 0 0
305 63 0 0
304 63 0 0
303 63 0 0
302 63 0 0
22 63 0 0
21 63 0 0
20 63 0 0
19 63 0 0
18 63 0 0
17 63 0 0
306 62 0 0
305 62 0 0
304 62 0 0
303 62 0 0
302 62 0 0
301 62 0 0
22 62 0 0
21 62 0 0
20 62 0 0
19 62 0 0
18 62 0 0
305 61 0 0
304 61 0 0
303 61 0 0
302 61 0 0
301 61 0 0
300 61 0 0
22 61 0 0
21 61 0 0
20 61 0 0
19 61 0 0
304 60 0 0
303 60 0 0
302 60 0 0
301 60 0 0
300 60 0 0
299 60 0 0
23 60 0 0
22 60 0 0
21 60 0 0
20 60 0 0
19 60 0 0
303 59 0 0
302 59 0 0
301 59 0 0
300 59 0 0
299 59 0 0
298 59 0 0
24 59 0 0
23 59 0 0
22 59 0 0
21 59 0 0
20 59 0 0
302 58 0 0
301 58 0 0
300 58 0 0
299 58 0 0
298 58 0 0
24 58 0 0
23 58 0 0
22 58 0 0
21 58 0 0
301 57 0 0
300 57 0 0
299 57 0 0
298 57 0 0
297 57 0 0
25 57 0 0
24 57 0 0
23 57 0 0
22 57 0 0
300 56 0 0
299 56 0 0
298 56 0 0
297 56 0 0
296 56 0 0
26 56 0 0
25 56 0 0
24 56 0 0
23 56 0 0
22 56 0 0
299 55 0 0
298 55 0 0
297 55 0 0
296 55 0 0
295 55 0 0
27 55 0 0
26 55 0 0
25 55 0 0
24 55 0 0
23 55 0 0
298 54 0 0
297 54 0 0
296 54 0 0
295 54 0 0
294 54 0 0
293 54 0 0
27 54 0 0
26 54 0 0
25 54 0 0
24 54 0 0
23 54 0 0
297 53 0 0
296 53 0 0
295 53 0 0
294 53 0 0
293 53 0 0
292 53 0 0
28 53 0 0
27 53 0 0
26 53 0 0
25 53 0 0
24 53 0 0
296 52 0 0
295 52 0 0
294 52 0 0
293 52 0 0
292 52 0 0
291 52 0 0
28 52 0 0
27 52 0 0
26 52 0 0
25 52 0 0
24 52 0 0
295 51 0 0
294 51 0 0
293 51 0 0
292 51 0 0
291 51 0 0
290 51 0 0
29 51 0 0
28 51 0 0
27 51 0 0
26 51 0 0
25 51 0 0
294 50 0 0
293 50 0 0
292 50 0 0
291 50 0 0
290 50 0 0
289 50 0 0
30 50 0 0
29 50 0 0
28 50 0 0
27 50 0 0
26 50 0 0
25 50 0 0
293 49 0 0
292 49 0 0
291 49 0 0
290 49 0 0
289 49 0 0
288 49 0 0
31 49 0 0
30 49 0 0
29 49 0 0
28 49 0 0
27 49 0 0
26 49 0 0
292 48 0 0
291 48 0 0
290 48 0 0
289 48 0 0
288 48 0 0
287 48 0 0
31 48 0 0
30 48 0 0
29 48 0 0
28 48 0 0
27 48 0 0
291 47 0 0
290 47 0 0
289 47 0 0
288 47 0 0
287 47 0 0
286 47 0 0
285 47 0 0
32 47 0 0
31 47 0 0
30 47 0 0
29 47 0 0
28 47 0 0
290 46 0 0
289 46 0 0
288 46 0 0
287 46 0 0
286 46 0 0
285 46 0 0
284 46 0 0
33 46 0 0
32 46 0 0
31 46 0 0
30 46 0 0
29 46 0 0
28 46 0 0
289 45 0 0
288 45 0 0
287 45 0 0
286 45 0 0
285 45 0 0
284 45 0 0
283 45 0 0
33 45 0 0
32 45 0 0
31 45 0 0
30 45 0 0
29 45 0 0
288 44 0 0
287 44 0 0
286 44 0 0
285 44 0 0
284 44 0 0
283 44 0 0
282 44 0 0
34 44 0 0
33 44 0 0
32 44 0 0
31 44 0 0
30 44 0 0
286 43 0 0
285 43 0 0
284 43 0 0
283 43 0 0
282 43 0 0
281 43 0 0
35 43 0 0
34 43 0 0
33 43 0 0
32 43 0 0
31 43 0 0
285 42 0 0
284 42 0 0
283 42 0 0
282 42 0 0
281 42 0 0
280 42 0 0
36 42 0 0
35 42 0 0
34 42 0 0
33 42 0 0
32 42 0 0
284 41 0 0
283 41 0 0
282 41 0 0
281 41 0 0
280 41 0 0
279 41 0 0
37 41 0 0
36 41 0 0
35 41 0 0
34 41 0 0
33 41 0 0
283 40 0 0
282 40 0 0
281 40 0 0
280 40 0 0
279 40 0 0
278 40 0 0
38 40 0 0
37 40 0 0
36 40 0 0
35 40 0 0
34 40 0 0
282 39 0 0
281 39 0 0
280 39 0 0
279 39 0 0
278 39 0 0
277 39 0 0
39 39 0 0
38 39 0 0
37 39 0 0
36 39 0 0
35 39 0 0
281 38 0 0
280 38 0 0
279 38 0 0
278 38 0 0
277 38 0 0
276 38 0 0
40 38 0 0
39 38 0 0
38 38 0 0
37 38 0 0
36 38 0 0
35 38 0 0
280 37 0 0
279 37 0 0
278 37 0 0
277 37 0 0
276 37 0 0
275 37 0 0
274 37 0 0
41 37 0 0
40 37 0 0
39 37 0 0
38 37 0 0
37 37 0 0
36 37 0 0
278 36 0 0
277 36 0 0
276 36 0 0
275 36 0 0
274 36 0 0
273 36 0 0
43 36 0 0
42 36 0 0
41 36 0 0
40 36 0 0
39 36 0 0
38 36 0 0
37 36 0 0
277 35 0 0
276 35 0 0
275 35 0 0
274 35 0 0
273 35 0 0
272 35 0 0
44 35 0 0
43 35 0 0
42 35 0 0
41 35 0 0
40 35 0 0
39 35 0 0
38 35 0 0
276 34 0 0
275 34 0 0
274 34 0 0
273 34 0 0
272 34 0 0
271 34 0 0
45 34 0 0
44 34 0 0
43 34 0 0
42 34 0 0
41 34 0 0
40 34 0 0
39 34 0 0
275 33 0 0
274 33 0 0
273 33 0 0
272 33 0 0
271 33 0 0
270 33 0 0
46 33 0 0
45 33 0 0
44 33 0 0
43 33 0 0
42 33 0 0
41 33 0 0
40 33 0 0
274 32 0 0
273 32 0 0
272 32 0 0
271 32 0 0
270 32 0 0
269 32 0 0
48 32 0 0
47 32 0 0
46 32 0 0
45 32 0 0
44 32 0 0
43 32 0 0
42 32 0 0
41 32 0 0
273 31 0 0
272 31 0 0
271 31 0 0
270 31 0 0
269 31 0 0
268 31 0 0
49 31 0 0
48 31 0 0
47 31 0 0
46 31 0 0
45 31 0 0
44 31 0 0
43 31 0 0
42 31 0 0
272 30 0 0
271 30 0 0
270 30 0 0
269 30 0 0
268 30 0 0
267 30 0 0
51 30 0 0
50 30 0 0
49 30 0 0
48 30 0 0
47 30 0 0
46 30 0 0
45 30 0 0
44 30 0 0
271 29 0 0
270 29 0 0
269 29 0 0
268 29 0 0
267 29 0 0
266 29 0 0
52 29 0 0
51 29 0 0
50 29 0 0
49 29 0 0
48 29 0 0
47 29 0 0
46 29 0 0
270 28 0 0
269 28 0 0
268 28 0 0
267 28 0 0
266 28 0 0
265 28 0 0
54 28 0 0
53 28 0 0
52 28 0 0
51 28 0 0
50 28 0 0
49 28 0 0
48 28 0 0
47 28 0 0
269 27 0 0
268 27 0 0
267 27 0 0
266 27 0 0
265 27 0 0
264 27 0 0
55 27 0 0
54 27 0 0
53 27 0 0
52 27 0 0
51 27 0 0
50 27 0 0
49 27 0 0
267 26 0 0
266 26 0 0
265 26 0 0
264 26 0 0
263 26 0 0
56 26 0 0
55 26 0 0
54 26 0 0
53 26 0 0
52 26 0 0
51 26 0 0
50 26 0 0
267 25 0 0
266 25 0 0
265 25 0 0
264 25 0 0
263 25 0 0
262 25 0 0
57 25 0 0
56 25 0 0
55 25 0 0
54 25 0 0
53 25 0 0
52 25 0 0
266 24 0 0
265 24 0 0
264 24 0 0
263 24 0 0
262 24 0 0
58 24 0 0
57 24 0 0
56 24 0 0
55 24 0 0
54 24 0 0
53 24 0 0
265 23 0 0
264 23 0 0
263 23 0 0
262 23 0 0
261 23 0 0
59 23 0 0
58 23 0 0
57 23 0 0
56 23 0 0
55 23 0 0
264 22 0 0
263 22 0 0
262 22 0 0
261 22 0 0
260 22 0 0
60 22 0 0
59 22 0 0
58 22 0 0
57 22 0 0
56 22 0 0
262 21 0 0
61 21 0 0
60 21 0 0
59 21 0 0
58 21 0 0
57 21 0 0
62 20 0 0
61 20 0 0
60 20 0 0
59 20 0 0
58 20 0 0
63 19 0 0
62 19 0 0
61 19 0 0
60 19 0 0
59 19 0 0
64 18 0 0
63 18 0 0
62 18 0 0
61 18 0 0
60 18 0 0
59 18 0 0
64 17 0 0
63 17 0 0
62 17 0 0
61 17 0 0
60 17 0 0
65 16 0 0
64 16 0 0
63 16 0 0
62 16 0 0
61 16 0 0
66 15 0 0
65 15 0 0
64 15 0 0
63 15 0 0
62 15 0 0
65 14 0 0
64 14 0 0
63 14 0 0
64 13 0 0
