3629 640 480
518 402 0 0
519 401 0 0
518 401 0 0
517 401 0 0
516 401 0 0
521 400 0 0
520 400 0 0
519 400 0 0
518 400 0 0
517 400 0 0
516 400 0 0
515 400 0 0
521 399 0 0
520 399 0 0
519 399 0 0
518 399 0 0
517 399 0 0
516 399 0 0
515 399 0 0
522 398 0 0
521 398 0 0
520 398 0 0
519 398 0 0
518 398 0 0
517 398 0 0
516 398 0 0
522 397 0 0
521 397 0 0
520 397 0 0
519 397 0 0
518 397 0 0
517 397 0 0
516 397 0 0
523 396 0 0
522 396 0 0
521 396 0 0
520 396 0 0
519 396 0 0
518 396 0 0
523 395 0 0
522 395 0 0
521 395 0 0
520 395 0 0
519 395 0 0
518 395 0 0
525 394 0 0
524 394 0 0
523 394 0 0
522 394 0 0
521 394 0 0
520 394 0 0
519 394 0 0
525 393 0 0
524 393 0 0
523 393 0 0
522 393 0 0
521 393 0 0
520 393 0 0
519 393 0 0
526 392 0 0
525 392 0 0
524 392 0 0
523 392 0 0
522 392 0 0
521 392 0 0
520 392 0 0
526 391 0 0
525 391 0 0
524 391 0 0
523 391 0 0
522 391 0 0
521 391 0 0
520 391 0 0
526 390 0 0
525 390 0 0
524 390 0 0
523 390 0 0
522 390 0 0
521 390 0 0
520 390 0 0
527 389 0 0
526 389 0 0
525 389 0 0
524 389 0 0
523 389 0 0
522 389 0 0
528 388 0 0
527 388 0 0
526 388 0 0
525 388 0 0
524 388 0 0
523 388 0 0
530 387 0 0
529 387 0 0
528 387 0 0
527 387 0 0
526 387 0 0
525 387 0 0
524 387 0 0
530 386 0 0
529 386 0 0
528 386 0 0
527 386 0 0
526 386 0 0
525 386 0 0
524 386 0 0
530 385 0 0
529 385 0 0
528 385 0 0
527 385 0 0
526 385 0 0
525 385 0 0
524 385 0 0
531 384 0 0
530 384 0 0
529 384 0 0
528 384 0 0
527 384 0 0
526 384 0 0
532 383 0 0
531 383 0 0
530 383 0 0
529 383 0 0
528 383 0 0
527 383 0 0
526 383 0 0
532 382 0 0
531 382 0 0
530 382 0 0
529 382 0 0
528 382 0 0
527 382 0 0
526 382 0 0
532 381 0 0
531 381 0 0
530 381 0 0
529 381 0 0
528 381 0 0
527 381 0 0
534 380 0 0
533 380 0 0
532 380 0 0
531 380 0 0
530 380 0 0
529 380 0 0
528 380 0 0
534 379 0 0
533 379 0 0
532 379 0 0
531 379 0 0
530 379 0 0
529 379 0 0
528 379 0 0
535 378 0 0
534 378 0 0
533 378 0 0
532 378 0 0
531 378 0 0
530 378 0 0
529 378 0 0
535 377 0 0
534 377 0 0
533 377 0 0
532 377 0 0
531 377 0 0
530 377 0 0
529 377 0 0
536 376 0 0
535 376 0 0
534 376 0 0
533 376 0 0
532 376 0 0
531 376 0 0
538 375 0 0
537 375 0 0
536 375 0 0
535 375 0 0
534 375 0 0
533 375 0 0
532 375 0 0
538 374 0 0
537 374 0 0
536 374 0 0
535 374 0 0
534 374 0 0
533 374 0 0
532 374 0 0
538 373 0 0
537 373 0 0
536 373 0 0
535 373 0 0
534 373 0 0
533 373 0 0
532 373 0 0
539 372 0 0
538 372 0 0
537 372 0 0
536 372 0 0
535 372 0 0
534 372 0 0
533 372 0 0
539 371 0 0
538 371 0 0
537 371 0 0
536 371 0 0
535 371 0 0
534 371 0 0
533 371 0 0
540 370 0 0
539 370 0 0
538 370 0 0
537 370 0 0
536 370 0 0
535 370 0 0
540 369 0 0
539 369 0 0
538 369 0 0
537 369 0 0
536 369 0 0
535 369 0 0
541 368 0 0
540 368 0 0
539 368 0 0
538 368 0 0
537 368 0 0
536 368 0 0
541 367 0 0
540 367 0 0
539 367 0 0
538 367 0 0
537 367 0 0
536 367 0 0
543 366 0 0
542 366 0 0
541 366 0 0
540 366 0 0
539 366 0 0
538 366 0 0
537 366 0 0
544 365 0 0
543 365 0 0
542 365 0 0
541 365 0 0
540 365 0 0
539 365 0 0
544 364 0 0
543 364 0 0
542 364 0 0
541 364 0 0
540 364 0 0
539 364 0 0
545 363 0 0
544 363 0 0
543 363 0 0
542 363 0 0
541 363 0 0
540 363 0 0
539 363 0 0
545 362 0 0
544 362 0 0
543 362 0 0
542 362 0 0
541 362 0 0
540 362 0 0
547 361 0 0
546 361 0 0
545 361 0 0
544 361 0 0
543 361 0 0
542 361 0 0
541 361 0 0
547 360 0 0
546 360 0 0
545 360 0 0
544 360 0 0
543 360 0 0
542 360 0 0
541 360 0 0
547 359 0 0
546 359 0 0
545 359 0 0
544 359 0 0
543 359 0 0
542 359 0 0
541 359 0 0
548 358 0 0
547 358 0 0
546 358 0 0
545 358 0 0
544 358 0 0
543 358 0 0
542 358 0 0
549 357 0 0
548 357 0 0
547 357 0 0
546 357 0 0
545 357 0 0
544 357 0 0
543 357 0 0
542 357 0 0
549 356 0 0
548 356 0 0
547 356 0 0
546 356 0 0
545 356 0 0
544 356 0 0
543 356 0 0
542 356 0 0
551 355 0 0
550 355 0 0
549 355 0 0
548 355 0 0
547 355 0 0
546 355 0 0
545 355 0 0
544 355 0 0
551 354 0 0
550 354 0 0
549 354 0 0
548 354 0 0
547 354 0 0
546 354 0 0
545 354 0 0
552 353 0 0
551 353 0 0
550 353 0 0
549 353 0 0
548 353 0 0
547 353 0 0
546 353 0 0
552 352 0 0
551 352 0 0
550 352 0 0
549 352 0 0
548 352 0 0
547 352 0 0
546 352 0 0
552 351 0 0
551 351 0 0
550 351 0 0
549 351 0 0
548 351 0 0
547 351 0 0
546 351 0 0
553 350 0 0
552 350 0 0
551 350 0 0
550 350 0 0
549 350 0 0
548 350 0 0
554 349 0 0
553 349 0 0
552 349 0 0
551 349 0 0
550 349 0 0
549 349 0 0
554 348 0 0
553 348 0 0
552 348 0 0
551 348 0 0
550 348 0 0
549 348 0 0
554 347 0 0
553 347 0 0
552 347 0 0
551 347 0 0
550 347 0 0
549 347 0 0
556 346 0 0
555 346 0 0
554 346 0 0
553 346 0 0
552 346 0 0
551 346 0 0
550 346 0 0
557 345 0 0
556 345 0 0
555 345 0 0
554 345 0 0
553 345 0 0
552 345 0 0
558 344 0 0
557 344 0 0
556 344 0 0
555 344 0 0
554 344 0 0
553 344 0 0
552 344 0 0
558 343 0 0
557 343 0 0
556 343 0 0
555 343 0 0
554 343 0 0
553 343 0 0
552 343 0 0
558 342 0 0
557 342 0 0
556 342 0 0
555 342 0 0
554 342 0 0
553 342 0 0
560 341 0 0
559 341 0 0
558 341 0 0
557 341 0 0
556 341 0 0
555 341 0 0
554 341 0 0
560 340 0 0
559 340 0 0
558 340 0 0
557 340 0 0
556 340 0 0
555 340 0 0
554 340 0 0
561 339 0 0
560 339 0 0
559 339 0 0
558 339 0 0
557 339 0 0
556 339 0 0
555 339 0 0
561 338 0 0
560 338 0 0
559 338 0 0
558 338 0 0
557 338 0 0
556 338 0 0
555 338 0 0
562 337 0 0
561 337 0 0
560 337 0 0
559 337 0 0
558 337 0 0
557 337 0 0
556 337 0 0
555 337 0 0
562 336 0 0
561 336 0 0
560 336 0 0
559 336 0 0
558 336 0 0
557 336 0 0
564 335 0 0
563 335 0 0
562 335 0 0
561 335 0 0
560 335 0 0
559 335 0 0
558 335 0 0
564 334 0 0
563 334 0 0
562 334 0 0
561 334 0 0
560 334 0 0
559 334 0 0
558 334 0 0
565 333 0 0
564 333 0 0
563 333 0 0
562 333 0 0
561 333 0 0
560 333 0 0
559 333 0 0
565 332 0 0
564 332 0 0
563 332 0 0
562 332 0 0
561 332 0 0
560 332 0 0
559 332 0 0
566 331 0 0
565 331 0 0
564 331 0 0
563 331 0 0
562 331 0 0
561 331 0 0
566 330 0 0
565 330 0 0
564 330 0 0
563 330 0 0
562 330 0 0
561 330 0 0
567 329 0 0
566 329 0 0
565 329 0 0
564 329 0 0
563 329 0 0
562 329 0 0
567 328 0 0
566 328 0 0
565 328 0 0
564 328 0 0
563 328 0 0
562 328 0 0
569 327 0 0
568 327 0 0
567 327 0 0
566 327 0 0
565 327 0 0
564 327 0 0
563 327 0 0
570 326 0 0
569 326 0 0
568 326 0 0
567 326 0 0
566 326 0 0
565 326 0 0
564 326 0 0
563 326 0 0
570 325 0 0
569 325 0 0
568 325 0 0
567 325 0 0
566 325 0 0
565 325 0 0
564 325 0 0
563 325 0 0
571 324 0 0
570 324 0 0
569 324 0 0
568 324 0 0
567 324 0 0
566 324 0 0
565 324 0 0
571 323 0 0
570 323 0 0
569 323 0 0
568 323 0 0
567 323 0 0
566 323 0 0
573 322 0 0
572 322 0 0
571 322 0 0
570 322 0 0
569 322 0 0
568 322 0 0
567 322 0 0
573 321 0 0
572 321 0 0
571 321 0 0
570 321 0 0
569 321 0 0
568 321 0 0
567 321 0 0
573 320 0 0
572 320 0 0
571 320 0 0
570 320 0 0
569 320 0 0
568 320 0 0
567 320 0 0
574 319 0 0
573 319 0 0
572 319 0 0
571 319 0 0
570 319 0 0
569 319 0 0
568 319 0 0
575 318 0 0
574 318 0 0
573 318 0 0
572 318 0 0
571 318 0 0
570 318 0 0
569 318 0 0
568 318 0 0
575 317 0 0
574 317 0 0
573 317 0 0
572 317 0 0
571 317 0 0
570 317 0 0
569 317 0 0
568 317 0 0
575 316 0 0
574 316 0 0
573 316 0 0
572 316 0 0
571 316 0 0
570 316 0 0
577 315 0 0
576 315 0 0
575 315 0 0
574 315 0 0
573 315 0 0
572 315 0 0
571 315 0 0
578 314 0 0
577 314 0 0
576 314 0 0
575 314 0 0
574 314 0 0
573 314 0 0
572 314 0 0
578 313 0 0
577 313 0 0
576 313 0 0
575 313 0 0
574 313 0 0
573 313 0 0
572 313 0 0
578 312 0 0
577 312 0 0
576 312 0 0
575 312 0 0
574 312 0 0
573 312 0 0
572 312 0 0
579 311 0 0
578 311 0 0
577 311 0 0
576 311 0 0
575 311 0 0
574 311 0 0
580 310 0 0
579 310 0 0
578 310 0 0
577 310 0 0
576 310 0 0
575 310 0 0
580 309 0 0
579 309 0 0
578 309 0 0
577 309 0 0
576 309 0 0
575 309 0 0
580 308 0 0
579 308 0 0
578 308 0 0
577 308 0 0
576 308 0 0
575 308 0 0
582 307 0 0
581 307 0 0
580 307 0 0
579 307 0 0
578 307 0 0
577 307 0 0
576 307 0 0
582 306 0 0
581 306 0 0
580 306 0 0
579 306 0 0
578 306 0 0
577 306 0 0
576 306 0 0
583 305 0 0
582 305 0 0
581 305 0 0
580 305 0 0
579 305 0 0
578 305 0 0
583 304 0 0
582 304 0 0
581 304 0 0
580 304 0 0
579 304 0 0
578 304 0 0
584 303 0 0
583 303 0 0
582 303 0 0
581 303 0 0
580 303 0 0
579 303 0 0
586 302 0 0
585 302 0 0
584 302 0 0
583 302 0 0
582 302 0 0
581 302 0 0
580 302 0 0
586 301 0 0
585 301 0 0
584 301 0 0
583 301 0 0
582 301 0 0
581 301 0 0
580 301 0 0
586 300 0 0
585 300 0 0
584 300 0 0
583 300 0 0
582 300 0 0
581 300 0 0
580 300 0 0
587 299 0 0
586 299 0 0
585 299 0 0
584 299 0 0
583 299 0 0
582 299 0 0
581 299 0 0
588 298 0 0
587 298 0 0
586 298 0 0
585 298 0 0
584 298 0 0
583 298 0 0
582 298 0 0
581 298 0 0
588 297 0 0
587 297 0 0
586 297 0 0
585 297 0 0
584 297 0 0
583 297 0 0
590 296 0 0
589 296 0 0
588 296 0 0
587 296 0 0
586 296 0 0
585 296 0 0
584 296 0 0
590 295 0 0
589 295 0 0
588 295 0 0
587 295 0 0
586 295 0 0
585 295 0 0
584 295 0 0
590 294 0 0
589 294 0 0
588 294 0 0
587 294 0 0
586 294 0 0
585 294 0 0
584 294 0 0
591 293 0 0
590 293 0 0
589 293 0 0
588 293 0 0
587 293 0 0
586 293 0 0
585 293 0 0
592 292 0 0
591 292 0 0
590 292 0 0
589 292 0 0
588 292 0 0
587 292 0 0
592 291 0 0
591 291 0 0
590 291 0 0
589 291 0 0
588 291 0 0
587 291 0 0
593 290 0 0
592 290 0 0
591 290 0 0
590 290 0 0
589 290 0 0
588 290 0 0
593 289 0 0
592 289 0 0
591 289 0 0
590 289 0 0
589 289 0 0
588 289 0 0
595 288 0 0
594 288 0 0
593 288 0 0
592 288 0 0
591 288 0 0
590 288 0 0
589 288 0 0
595 287 0 0
594 287 0 0
593 287 0 0
592 287 0 0
591 287 0 0
590 287 0 0
589 287 0 0
595 286 0 0
594 286 0 0
593 286 0 0
592 286 0 0
591 286 0 0
590 286 0 0
589 286 0 0
596 285 0 0
595 285 0 0
594 285 0 0
593 285 0 0
592 285 0 0
591 285 0 0
597 284 0 0
596 284 0 0
595 284 0 0
594 284 0 0
593 284 0 0
592 284 0 0
599 283 0 0
598 283 0 0
597 283 0 0
596 283 0 0
595 283 0 0
594 283 0 0
593 283 0 0
599 282 0 0
598 282 0 0
597 282 0 0
596 282 0 0
595 282 0 0
594 282 0 0
593 282 0 0
597 281 0 0
596 281 0 0
595 281 0 0
594 281 0 0
593 281 0 0
592 281 0 0
597 280 0 0
596 280 0 0
595 280 0 0
594 280 0 0
593 280 0 0
592 280 0 0
597 279 0 0
596 279 0 0
595 279 0 0
594 279 0 0
593 279 0 0
592 279 0 0
597 278 0 0
596 278 0 0
595 278 0 0
594 278 0 0
593 278 0 0
592 278 0 0
597 277 0 0
596 277 0 0
595 277 0 0
594 277 0 0
593 277 0 0
592 277 0 0
597 276 0 0
596 276 0 0
595 276 0 0
594 276 0 0
593 276 0 0
592 276 0 0
597 275 0 0
596 275 0 0
595 275 0 0
594 275 0 0
593 275 0 0
592 275 0 0
597 274 0 0
596 274 0 0
595 274 0 0
594 274 0 0
593 274 0 0
592 274 0 0
597 273 0 0
596 273 0 0
595 273 0 0
594 273 0 0
593 273 0 0
592 273 0 0
597 272 0 0
596 272 0 0
595 272 0 0
594 272 0 0
593 272 0 0
592 272 0 0
596 271 0 0
595 271 0 0
594 271 0 0
593 271 0 0
595 270 0 0
594 270 0 0
595 269 0 0
594 269 0 0
387 223 0 1
386 223 0 1
387 222 0 1
386 222 0 1
388 221 0 1
387 221 0 1
386 221 0 1
385 221 0 1
389 220 0 1
388 220 0 1
387 220 0 1
386 220 0 1
385 220 0 1
384 220 0 1
388 219 0 1
387 219 0 1
386 219 0 1
385 219 0 1
384 219 0 1
383 219 0 1
382 219 0 1
388 218 0 1
387 218 0 1
386 218 0 1
385 218 0 1
384 218 0 1
383 218 0 1
382 218 0 1
381 218 0 1
388 217 0 1
387 217 0 1
386 217 0 1
385 217 0 1
384 217 0 1
383 217 0 1
382 217 0 1
381 217 0 1
387 216 0 1
386 216 0 1
385 216 0 1
384 216 0 1
383 216 0 1
382 216 0 1
381 216 0 1
385 215 0 1
384 215 0 1
383 215 0 1
382 215 0 1
381 215 0 1
380 215 0 1
385 214 0 1
384 214 0 1
383 214 0 1
382 214 0 1
381 214 0 1
380 214 0 1
379 214 0 1
385 213 0 1
384 213 0 1
383 213 0 1
382 213 0 1
381 213 0 1
380 213 0 1
379 213 0 1
384 212 0 1
383 212 0 1
382 212 0 1
381 212 0 1
380 212 0 1
379 212 0 1
384 211 0 1
383 211 0 1
382 211 0 1
381 211 0 1
380 211 0 1
379 211 0 1
378 211 0 1
377 211 0 1
133 211 0 0
383 210 0 1
382 210 0 1
381 210 0 1
380 210 0 1
379 210 0 1
378 210 0 1
377 210 0 1
376 210 0 1
134 210 0 0
133 210 0 0
132 210 0 0
131 210 0 0
383 209 0 1
382 209 0 1
381 209 0 1
380 209 0 1
379 209 0 1
378 209 0 1
377 209 0 1
376 209 0 1
134 209 0 0
133 209 0 0
132 209 0 0
131 209 0 0
381 208 0 1
380 208 0 1
379 208 0 1
378 208 0 1
377 208 0 1
376 208 0 1
375 208 0 1
136 208 0 0
135 208 0 0
134 208 0 0
133 208 0 0
132 208 0 0
131 208 0 0
130 208 0 0
380 207 0 1
379 207 0 1
378 207 0 1
377 207 0 1
376 207 0 1
375 207 0 1
374 207 0 1
373 207 0 1
136 207 0 0
135 207 0 0
134 207 0 0
133 207 0 0
132 207 0 0
131 207 0 0
130 207 0 0
379 206 0 1
378 206 0 1
377 206 0 1
376 206 0 1
375 206 0 1
374 206 0 1
373 206 0 1
372 206 0 1
136 206 0 0
135 206 0 0
134 206 0 0
133 206 0 0
132 206 0 0
131 206 0 0
130 206 0 0
378 205 0 1
377 205 0 1
376 205 0 1
375 205 0 1
374 205 0 1
373 205 0 1
372 205 0 1
371 205 0 1
136 205 0 0
135 205 0 0
134 205 0 0
133 205 0 0
132 205 0 0
131 205 0 0
130 205 0 0
378 204 0 1
377 204 0 1
376 204 0 1
375 204 0 1
374 204 0 1
373 204 0 1
372 204 0 1
371 204 0 1
136 204 0 0
135 204 0 0
134 204 0 0
133 204 0 0
132 204 0 0
131 204 0 0
130 204 0 0
376 203 0 1
375 203 0 1
374 203 0 1
373 203 0 1
372 203 0 1
371 203 0 1
370 203 0 1
369 203 0 1
136 203 0 0
135 203 0 0
134 203 0 0
133 203 0 0
132 203 0 0
131 203 0 0
130 203 0 0
375 202 0 1
374 202 0 1
373 202 0 1
372 202 0 1
371 202 0 1
370 202 0 1
369 202 0 1
368 202 0 1
136 202 0 0
135 202 0 0
134 202 0 0
133 202 0 0
132 202 0 0
131 202 0 0
130 202 0 0
374 201 0 1
373 201 0 1
372 201 0 1
371 201 0 1
370 201 0 1
369 201 0 1
368 201 0 1
367 201 0 1
136 201 0 0
135 201 0 0
134 201 0 0
133 201 0 0
132 201 0 0
131 201 0 0
130 201 0 0
374 200 0 1
373 200 0 1
372 200 0 1
371 200 0 1
370 200 0 1
369 200 0 1
368 200 0 1
367 200 0 1
136 200 0 0
135 200 0 0
134 200 0 0
133 200 0 0
132 200 0 0
131 200 0 0
130 200 0 0
372 199 0 1
371 199 0 1
370 199 0 1
369 199 0 1
368 199 0 1
367 199 0 1
366 199 0 1
136 199 0 0
135 199 0 0
134 199 0 0
133 199 0 0
132 199 0 0
131 199 0 0
130 199 0 0
371 198 0 1
370 198 0 1
369 198 0 1
368 198 0 1
367 198 0 1
366 198 0 1
365 198 0 1
364 198 0 1
136 198 0 0
135 198 0 0
134 198 0 0
133 198 0 0
132 198 0 0
131 198 0 0
130 198 0 0
370 197 0 1
369 197 0 1
368 197 0 1
367 197 0 1
366 197 0 1
365 197 0 1
364 197 0 1
363 197 0 1
137 197 0 0
136 197 0 0
135 197 0 0
134 197 0 0
133 197 0 0
132 197 0 0
131 197 0 0
370 196 0 1
369 196 0 1
368 196 0 1
367 196 0 1
366 196 0 1
365 196 0 1
364 196 0 1
363 196 0 1
137 196 0 0
136 196 0 0
135 196 0 0
134 196 0 0
133 196 0 0
132 196 0 0
131 196 0 0
368 195 0 1
367 195 0 1
366 195 0 1
365 195 0 1
364 195 0 1
363 195 0 1
362 195 0 1
137 195 0 0
136 195 0 0
135 195 0 0
134 195 0 0
133 195 0 0
132 195 0 0
131 195 0 0
366 194 0 1
365 194 0 1
364 194 0 1
363 194 0 1
362 194 0 1
361 194 0 1
360 194 0 1
137 194 0 0
136 194 0 0
135 194 0 0
134 194 0 0
133 194 0 0
132 194 0 0
131 194 0 0
365 193 0 1
364 193 0 1
363 193 0 1
362 193 0 1
361 193 0 1
360 193 0 1
359 193 0 1
137 193 0 0
136 193 0 0
135 193 0 0
134 193 0 0
133 193 0 0
132 193 0 0
131 193 0 0
365 192 0 1
364 192 0 1
363 192 0 1
362 192 0 1
361 192 0 1
360 192 0 1
359 192 0 1
358 192 0 1
137 192 0 0
136 192 0 0
135 192 0 0
134 192 0 0
133 192 0 0
132 192 0 0
131 192 0 0
365 191 0 1
364 191 0 1
363 191 0 1
362 191 0 1
361 191 0 1
360 191 0 1
359 191 0 1
358 191 0 1
137 191 0 0
136 191 0 0
135 191 0 0
134 191 0 0
133 191 0 0
132 191 0 0
131 191 0 0
363 190 0 1
362 190 0 1
361 190 0 1
360 190 0 1
359 190 0 1
358 190 0 1
357 190 0 1
356 190 0 1
137 190 0 0
136 190 0 0
135 190 0 0
134 190 0 0
133 190 0 0
132 190 0 0
131 190 0 0
362 189 0 1
361 189 0 1
360 189 0 1
359 189 0 1
358 189 0 1
357 189 0 1
356 189 0 1
355 189 0 1
137 189 0 0
136 189 0 0
135 189 0 0
134 189 0 0
133 189 0 0
132 189 0 0
131 189 0 0
359 188 0 1
358 188 0 1
357 188 0 1
356 188 0 1
355 188 0 1
354 188 0 1
138 188 0 0
137 188 0 0
136 188 0 0
135 188 0 0
134 188 0 0
133 188 0 0
359 187 0 1
358 187 0 1
357 187 0 1
356 187 0 1
355 187 0 1
354 187 0 1
138 187 0 0
137 187 0 0
136 187 0 0
135 187 0 0
134 187 0 0
133 187 0 0
358 186 0 1
357 186 0 1
356 186 0 1
355 186 0 1
354 186 0 1
353 186 0 1
352 186 0 1
351 186 0 1
138 186 0 0
137 186 0 0
136 186 0 0
135 186 0 0
134 186 0 0
133 186 0 0
357 185 0 1
356 185 0 1
355 185 0 1
354 185 0 1
353 185 0 1
352 185 0 1
351 185 0 1
350 185 0 1
138 185 0 0
137 185 0 0
136 185 0 0
135 185 0 0
134 185 0 0
133 185 0 0
355 184 0 1
354 184 0 1
353 184 0 1
352 184 0 1
351 184 0 1
350 184 0 1
349 184 0 1
138 184 0 0
137 184 0 0
136 184 0 0
135 184 0 0
134 184 0 0
133 184 0 0
355 183 0 1
354 183 0 1
353 183 0 1
352 183 0 1
351 183 0 1
350 183 0 1
349 183 0 1
138 183 0 0
137 183 0 0
136 183 0 0
135 183 0 0
134 183 0 0
133 183 0 0
354 182 0 1
353 182 0 1
352 182 0 1
351 182 0 1
350 182 0 1
349 182 0 1
138 182 0 0
137 182 0 0
136 182 0 0
135 182 0 0
134 182 0 0
133 182 0 0
353 181 0 1
352 181 0 1
351 181 0 1
350 181 0 1
349 181 0 1
348 181 0 1
347 181 0 1
138 181 0 0
137 181 0 0
136 181 0 0
135 181 0 0
134 181 0 0
133 181 0 0
352 180 0 1
351 180 0 1
350 180 0 1
349 180 0 1
348 180 0 1
347 180 0 1
346 180 0 1
345 180 0 1
138 180 0 0
137 180 0 0
136 180 0 0
135 180 0 0
134 180 0 0
133 180 0 0
350 179 0 1
349 179 0 1
348 179 0 1
347 179 0 1
346 179 0 1
345 179 0 1
344 179 0 1
343 179 0 1
139 179 0 0
138 179 0 0
137 179 0 0
136 179 0 0
135 179 0 0
134 179 0 0
350 178 0 1
349 178 0 1
348 178 0 1
347 178 0 1
346 178 0 1
345 178 0 1
344 178 0 1
343 178 0 1
139 178 0 0
138 178 0 0
137 178 0 0
136 178 0 0
135 178 0 0
134 178 0 0
349 177 0 1
348 177 0 1
347 177 0 1
346 177 0 1
345 177 0 1
344 177 0 1
343 177 0 1
342 177 0 1
139 177 0 0
138 177 0 0
137 177 0 0
136 177 0 0
135 177 0 0
134 177 0 0
348 176 0 1
347 176 0 1
346 176 0 1
345 176 0 1
344 176 0 1
343 176 0 1
342 176 0 1
341 176 0 1
139 176 0 0
138 176 0 0
137 176 0 0
136 176 0 0
135 176 0 0
134 176 0 0
346 175 0 1
345 175 0 1
344 175 0 1
343 175 0 1
342 175 0 1
341 175 0 1
340 175 0 1
139 175 0 0
138 175 0 0
137 175 0 0
136 175 0 0
135 175 0 0
134 175 0 0
346 174 0 1
345 174 0 1
344 174 0 1
343 174 0 1
342 174 0 1
341 174 0 1
340 174 0 1
139 174 0 0
138 174 0 0
137 174 0 0
136 174 0 0
135 174 0 0
134 174 0 0
345 173 0 1
344 173 0 1
343 173 0 1
342 173 0 1
341 173 0 1
340 173 0 1
339 173 0 1
338 173 0 1
139 173 0 0
138 173 0 0
137 173 0 0
136 173 0 0
135 173 0 0
134 173 0 0
344 172 0 1
343 172 0 1
342 172 0 1
341 172 0 1
340 172 0 1
339 172 0 1
338 172 0 1
337 172 0 1
139 172 0 0
138 172 0 0
137 172 0 0
136 172 0 0
135 172 0 0
134 172 0 0
342 171 0 1
341 171 0 1
340 171 0 1
339 171 0 1
338 171 0 1
337 171 0 1
336 171 0 1
141 171 0 0
140 171 0 0
139 171 0 0
138 171 0 0
137 171 0 0
136 171 0 0
135 171 0 0
342 170 0 1
341 170 0 1
340 170 0 1
339 170 0 1
338 170 0 1
337 170 0 1
336 170 0 1
141 170 0 0
140 170 0 0
139 170 0 0
138 170 0 0
137 170 0 0
136 170 0 0
135 170 0 0
341 169 0 1
340 169 0 1
339 169 0 1
338 169 0 1
337 169 0 1
336 169 0 1
335 169 0 1
334 169 0 1
141 169 0 0
140 169 0 0
139 169 0 0
138 169 0 0
137 169 0 0
136 169 0 0
135 169 0 0
340 168 0 1
339 168 0 1
338 168 0 1
337 168 0 1
336 168 0 1
335 168 0 1
334 168 0 1
333 168 0 1
141 168 0 0
140 168 0 0
139 168 0 0
138 168 0 0
137 168 0 0
136 168 0 0
135 168 0 0
339 167 0 1
338 167 0 1
337 167 0 1
336 167 0 1
335 167 0 1
334 167 0 1
333 167 0 1
332 167 0 1
141 167 0 0
140 167 0 0
139 167 0 0
138 167 0 0
137 167 0 0
136 167 0 0
135 167 0 0
337 166 0 1
336 166 0 1
335 166 0 1
334 166 0 1
333 166 0 1
332 166 0 1
331 166 0 1
330 166 0 1
141 166 0 0
140 166 0 0
139 166 0 0
138 166 0 0
137 166 0 0
136 166 0 0
135 166 0 0
337 165 0 1
336 165 0 1
335 165 0 1
334 165 0 1
333 165 0 1
332 165 0 1
331 165 0 1
330 165 0 1
141 165 0 0
140 165 0 0
139 165 0 0
138 165 0 0
137 165 0 0
136 165 0 0
135 165 0 0
336 164 0 1
335 164 0 1
334 164 0 1
333 164 0 1
332 164 0 1
331 164 0 1
330 164 0 1
329 164 0 1
141 164 0 0
140 164 0 0
139 164 0 0
138 164 0 0
137 164 0 0
136 164 0 0
135 164 0 0
335 163 0 1
334 163 0 1
333 163 0 1
332 163 0 1
331 163 0 1
330 163 0 1
329 163 0 1
328 163 0 1
141 163 0 0
140 163 0 0
139 163 0 0
138 163 0 0
137 163 0 0
136 163 0 0
135 163 0 0
333 162 0 1
332 162 0 1
331 162 0 1
330 162 0 1
329 162 0 1
328 162 0 1
327 162 0 1
142 162 0 0
141 162 0 0
140 162 0 0
139 162 0 0
138 162 0 0
137 162 0 0
333 161 0 1
332 161 0 1
331 161 0 1
330 161 0 1
329 161 0 1
328 161 0 1
327 161 0 1
142 161 0 0
141 161 0 0
140 161 0 0
139 161 0 0
138 161 0 0
137 161 0 0
332 160 0 1
331 160 0 1
330 160 0 1
329 160 0 1
328 160 0 1
327 160 0 1
326 160 0 1
325 160 0 1
142 160 0 0
141 160 0 0
140 160 0 0
139 160 0 0
138 160 0 0
137 160 0 0
331 159 0 1
330 159 0 1
329 159 0 1
328 159 0 1
327 159 0 1
326 159 0 1
325 159 0 1
324 159 0 1
142 159 0 0
141 159 0 0
140 159 0 0
139 159 0 0
138 159 0 0
137 159 0 0
329 158 0 1
328 158 0 1
327 158 0 1
326 158 0 1
325 158 0 1
324 158 0 1
323 158 0 1
142 158 0 0
141 158 0 0
140 158 0 0
139 158 0 0
138 158 0 0
137 158 0 0
329 157 0 1
328 157 0 1
327 157 0 1
326 157 0 1
325 157 0 1
324 157 0 1
323 157 0 1
142 157 0 0
141 157 0 0
140 157 0 0
139 157 0 0
138 157 0 0
137 157 0 0
328 156 0 1
327 156 0 1
326 156 0 1
325 156 0 1
324 156 0 1
323 156 0 1
322 156 0 1
321 156 0 1
142 156 0 0
141 156 0 0
140 156 0 0
139 156 0 0
138 156 0 0
137 156 0 0
327 155 0 1
326 155 0 1
325 155 0 1
324 155 0 1
323 155 0 1
322 155 0 1
321 155 0 1
320 155 0 1
142 155 0 0
141 155 0 0
140 155 0 0
139 155 0 0
138 155 0 0
137 155 0 0
326 154 0 1
325 154 0 1
324 154 0 1
323 154 0 1
322 154 0 1
321 154 0 1
320 154 0 1
319 154 0 1
142 154 0 0
141 154 0 0
140 154 0 0
139 154 0 0
138 154 0 0
137 154 0 0
326 153 0 1
325 153 0 1
324 153 0 1
323 153 0 1
322 153 0 1
321 153 0 1
320 153 0 1
319 153 0 1
142 153 0 0
141 153 0 0
140 153 0 0
139 153 0 0
138 153 0 0
137 153 0 0
324 152 0 1
323 152 0 1
322 152 0 1
321 152 0 1
320 152 0 1
319 152 0 1
318 152 0 1
317 152 0 1
142 152 0 0
141 152 0 0
140 152 0 0
139 152 0 0
138 152 0 0
137 152 0 0
323 151 0 1
322 151 0 1
321 151 0 1
320 151 0 1
319 151 0 1
318 151 0 1
317 151 0 1
316 151 0 1
143 151 0 0
142 151 0 0
141 151 0 0
140 151 0 0
139 151 0 0
138 151 0 0
320 150 0 1
319 150 0 1
318 150 0 1
317 150 0 1
316 150 0 1
315 150 0 1
143 150 0 0
142 150 0 0
141 150 0 0
140 150 0 0
139 150 0 0
138 150 0 0
319 149 0 1
318 149 0 1
317 149 0 1
316 149 0 1
315 149 0 1
314 149 0 1
313 149 0 1
143 149 0 0
142 149 0 0
141 149 0 0
140 149 0 0
139 149 0 0
138 149 0 0
319 148 0 1
318 148 0 1
317 148 0 1
316 148 0 1
315 148 0 1
314 148 0 1
313 148 0 1
143 148 0 0
142 148 0 0
141 148 0 0
140 148 0 0
139 148 0 0
138 148 0 0
318 147 0 1
317 147 0 1
316 147 0 1
315 147 0 1
314 147 0 1
313 147 0 1
312 147 0 1
143 147 0 0
142 147 0 0
141 147 0 0
140 147 0 0
139 147 0 0
138 147 0 0
316 146 0 1
315 146 0 1
314 146 0 1
313 146 0 1
312 146 0 1
311 146 0 1
143 146 0 0
142 146 0 0
141 146 0 0
140 146 0 0
139 146 0 0
138 146 0 0
315 145 0 1
314 145 0 1
313 145 0 1
312 145 0 1
311 145 0 1
310 145 0 1
143 145 0 0
142 145 0 0
141 145 0 0
140 145 0 0
139 145 0 0
138 145 0 0
315 144 0 1
314 144 0 1
313 144 0 1
312 144 0 1
311 144 0 1
310 144 0 1
143 144 0 0
142 144 0 0
141 144 0 0
140 144 0 0
139 144 0 0
138 144 0 0
314 143 0 1
313 143 0 1
312 143 0 1
311 143 0 1
310 143 0 1
309 143 0 1
308 143 0 1
143 143 0 0
142 143 0 0
141 143 0 0
140 143 0 0
139 143 0 0
138 143 0 0
312 142 0 1
311 142 0 1
310 142 0 1
309 142 0 1
308 142 0 1
307 142 0 1
306 142 0 1
145 142 0 0
144 142 0 0
143 142 0 0
142 142 0 0
141 142 0 0
140 142 0 0
139 142 0 0
311 141 0 1
310 141 0 1
309 141 0 1
308 141 0 1
307 141 0 1
306 141 0 1
305 141 0 1
304 141 0 1
145 141 0 0
144 141 0 0
143 141 0 0
142 141 0 0
141 141 0 0
140 141 0 0
139 141 0 0
311 140 0 1
310 140 0 1
309 140 0 1
308 140 0 1
307 140 0 1
306 140 0 1
305 140 0 1
304 140 0 1
145 140 0 0
144 140 0 0
143 140 0 0
142 140 0 0
141 140 0 0
140 140 0 0
139 140 0 0
310 139 0 1
309 139 0 1
308 139 0 1
307 139 0 1
306 139 0 1
305 139 0 1
304 139 0 1
303 139 0 1
145 139 0 0
144 139 0 0
143 139 0 0
142 139 0 0
141 139 0 0
140 139 0 0
139 139 0 0
309 138 0 1
308 138 0 1
307 138 0 1
306 138 0 1
305 138 0 1
304 138 0 1
303 138 0 1
302 138 0 1
145 138 0 0
144 138 0 0
143 138 0 0
142 138 0 0
141 138 0 0
140 138 0 0
139 138 0 0
307 137 0 1
306 137 0 1
305 137 0 1
304 137 0 1
303 137 0 1
302 137 0 1
301 137 0 1
300 137 0 1
145 137 0 0
144 137 0 0
143 137 0 0
142 137 0 0
141 137 0 0
140 137 0 0
139 137 0 0
306 136 0 1
305 136 0 1
304 136 0 1
303 136 0 1
302 136 0 1
301 136 0 1
300 136 0 1
299 136 0 1
145 136 0 0
144 136 0 0
143 136 0 0
142 136 0 0
141 136 0 0
140 136 0 0
139 136 0 0
306 135 0 1
305 135 0 1
304 135 0 1
303 135 0 1
302 135 0 1
301 135 0 1
300 135 0 1
299 135 0 1
145 135 0 0
144 135 0 0
143 135 0 0
142 135 0 0
141 135 0 0
140 135 0 0
139 135 0 0
305 134 0 1
304 134 0 1
303 134 0 1
302 134 0 1
301 134 0 1
300 134 0 1
299 134 0 1
298 134 0 1
145 134 0 0
144 134 0 0
143 134 0 0
142 134 0 0
141 134 0 0
140 134 0 0
139 134 0 0
303 133 0 1
302 133 0 1
301 133 0 1
300 133 0 1
299 133 0 1
298 133 0 1
297 133 0 1
146 133 0 0
145 133 0 0
144 133 0 0
143 133 0 0
142 133 0 0
141 133 0 0
140 133 0 0
302 132 0 1
301 132 0 1
300 132 0 1
299 132 0 1
298 132 0 1
297 132 0 1
296 132 0 1
295 132 0 1
146 132 0 0
145 132 0 0
144 132 0 0
143 132 0 0
142 132 0 0
141 132 0 0
140 132 0 0
302 131 0 1
301 131 0 1
300 131 0 1
299 131 0 1
298 131 0 1
297 131 0 1
296 131 0 1
295 131 0 1
146 131 0 0
145 131 0 0
144 131 0 0
143 131 0 0
142 131 0 0
141 131 0 0
140 131 0 0
301 130 0 1
300 130 0 1
299 130 0 1
298 130 0 1
297 130 0 1
296 130 0 1
295 130 0 1
294 130 0 1
293 130 0 1
292 130 0 1
291 130 0 1
146 130 0 0
145 130 0 0
144 130 0 0
143 130 0 0
142 130 0 0
141 130 0 0
140 130 0 0
299 129 0 1
298 129 0 1
297 129 0 1
296 129 0 1
295 129 0 1
294 129 0 1
293 129 0 1
292 129 0 1
291 129 0 1
290 129 0 1
289 129 0 1
146 129 0 0
145 129 0 0
144 129 0 0
143 129 0 0
142 129 0 0
141 129 0 0
140 129 0 0
298 128 0 1
297 128 0 1
296 128 0 1
295 128 0 1
294 128 0 1
293 128 0 1
292 128 0 1
291 128 0 1
290 128 0 1
289 128 0 1
288 128 0 1
287 128 0 1
286 128 0 1
285 128 0 1
146 128 0 0
145 128 0 0
144 128 0 0
143 128 0 0
142 128 0 0
141 128 0 0
140 128 0 0
298 127 0 1
297 127 0 1
296 127 0 1
295 127 0 1
294 127 0 1
293 127 0 1
292 127 0 1
291 127 0 1
290 127 0 1
289 127 0 1
288 127 0 1
287 127 0 1
286 127 0 1
285 127 0 1
146 127 0 0
145 127 0 0
144 127 0 0
143 127 0 0
142 127 0 0
141 127 0 0
140 127 0 0
297 126 0 1
296 126 0 1
295 126 0 1
294 126 0 1
293 126 0 1
292 126 0 1
291 126 0 1
290 126 0 1
289 126 0 1
288 126 0 1
287 126 0 1
286 126 0 1
285 126 0 1
284 126 0 1
146 126 0 0
145 126 0 0
144 126 0 0
143 126 0 0
142 126 0 0
141 126 0 0
140 126 0 0
294 125 0 1
293 125 0 1
292 125 0 1
291 125 0 1
290 125 0 1
289 125 0 1
288 125 0 1
287 125 0 1
286 125 0 1
285 125 0 1
284 125 0 1
283 125 0 1
282 125 0 1
146 125 0 0
145 125 0 0
144 125 0 0
143 125 0 0
142 125 0 0
141 125 0 0
140 125 0 0
290 124 0 1
289 124 0 1
288 124 0 1
287 124 0 1
286 124 0 1
285 124 0 1
284 124 0 1
283 124 0 1
282 124 0 1
281 124 0 1
147 124 0 0
146 124 0 0
145 124 0 0
144 124 0 0
143 124 0 0
142 124 0 0
288 123 0 1
287 123 0 1
286 123 0 1
285 123 0 1
284 123 0 1
283 123 0 1
282 123 0 1
147 123 0 0
146 123 0 0
145 123 0 0
144 123 0 0
143 123 0 0
142 123 0 0
288 122 0 1
287 122 0 1
286 122 0 1
285 122 0 1
284 122 0 1
283 122 0 1
282 122 0 1
147 122 0 0
146 122 0 0
145 122 0 0
144 122 0 0
143 122 0 0
142 122 0 0
284 121 0 1
147 121 0 0
146 121 0 0
145 121 0 0
144 121 0 0
143 121 0 0
142 121 0 0
147 120 0 0
146 120 0 0
145 120 0 0
144 120 0 0
143 120 0 0
142 120 0 0
147 119 0 0
146 119 0 0
145 119 0 0
144 119 0 0
143 119 0 0
142 119 0 0
147 118 0 0
146 118 0 0
145 118 0 0
144 118 0 0
143 118 0 0
142 118 0 0
504 117 0 0
503 117 0 0
502 117 0 0
147 117 0 0
146 117 0 0
145 117 0 0
144 117 0 0
143 117 0 0
142 117 0 0
505 116 0 0
504 116 0 0
503 116 0 0
502 116 0 0
501 116 0 0
500 116 0 0
147 116 0 0
146 116 0 0
145 116 0 0
144 116 0 0
143 116 0 0
142 116 0 0
506 115 0 0
505 115 0 0
504 115 0 0
503 115 0 0
502 115 0 0
501 115 0 0
500 115 0 0
499 115 0 0
498 115 0 0
497 115 0 0
149 115 0 0
148 115 0 0
147 115 0 0
146 115 0 0
145 115 0 0
144 115 0 0
143 115 0 0
506 114 0 0
505 114 0 0
504 114 0 0
503 114 0 0
502 114 0 0
501 114 0 0
500 114 0 0
499 114 0 0
498 114 0 0
497 114 0 0
149 114 0 0
148 114 0 0
147 114 0 0
146 114 0 0
145 114 0 0
144 114 0 0
143 114 0 0
505 113 0 0
504 113 0 0
503 113 0 0
502 113 0 0
501 113 0 0
500 113 0 0
499 113 0 0
498 113 0 0
497 113 0 0
496 113 0 0
495 113 0 0
494 113 0 0
149 113 0 0
148 113 0 0
147 113 0 0
146 113 0 0
145 113 0 0
144 113 0 0
143 113 0 0
504 112 0 0
503 112 0 0
502 112 0 0
501 112 0 0
500 112 0 0
499 112 0 0
498 112 0 0
497 112 0 0
496 112 0 0
495 112 0 0
494 112 0 0
493 112 0 0
149 112 0 0
148 112 0 0
147 112 0 0
146 112 0 0
145 112 0 0
144 112 0 0
143 112 0 0
501 111 0 0
500 111 0 0
499 111 0 0
498 111 0 0
497 111 0 0
496 111 0 0
495 111 0 0
494 111 0 0
493 111 0 0
492 111 0 0
491 111 0 0
490 111 0 0
489 111 0 0
149 111 0 0
148 111 0 0
147 111 0 0
146 111 0 0
145 111 0 0
144 111 0 0
143 111 0 0
499 110 0 0
498 110 0 0
497 110 0 0
496 110 0 0
495 110 0 0
494 110 0 0
493 110 0 0
492 110 0 0
491 110 0 0
490 110 0 0
489 110 0 0
488 110 0 0
487 110 0 0
149 110 0 0
148 110 0 0
147 110 0 0
146 110 0 0
145 110 0 0
144 110 0 0
143 110 0 0
499 109 0 0
498 109 0 0
497 109 0 0
496 109 0 0
495 109 0 0
494 109 0 0
493 109 0 0
492 109 0 0
491 109 0 0
490 109 0 0
489 109 0 0
488 109 0 0
487 109 0 0
149 109 0 0
148 109 0 0
147 109 0 0
146 109 0 0
145 109 0 0
144 109 0 0
143 109 0 0
496 108 0 0
495 108 0 0
494 108 0 0
493 108 0 0
492 108 0 0
491 108 0 0
490 108 0 0
489 108 0 0
488 108 0 0
487 108 0 0
486 108 0 0
485 108 0 0
484 108 0 0
149 108 0 0
148 108 0 0
147 108 0 0
146 108 0 0
145 108 0 0
144 108 0 0
143 108 0 0
493 107 0 0
492 107 0 0
491 107 0 0
490 107 0 0
489 107 0 0
488 107 0 0
487 107 0 0
486 107 0 0
485 107 0 0
484 107 0 0
483 107 0 0
149 107 0 0
148 107 0 0
147 107 0 0
146 107 0 0
145 107 0 0
144 107 0 0
143 107 0 0
492 106 0 0
491 106 0 0
490 106 0 0
489 106 0 0
488 106 0 0
487 106 0 0
486 106 0 0
485 106 0 0
484 106 0 0
483 106 0 0
482 106 0 0
481 106 0 0
480 106 0 0
149 106 0 0
148 106 0 0
147 106 0 0
146 106 0 0
145 106 0 0
144 106 0 0
143 106 0 0
492 105 0 0
491 105 0 0
490 105 0 0
489 105 0 0
488 105 0 0
487 105 0 0
486 105 0 0
485 105 0 0
484 105 0 0
483 105 0 0
482 105 0 0
481 105 0 0
480 105 0 0
149 105 0 0
148 105 0 0
147 105 0 0
146 105 0 0
145 105 0 0
144 105 0 0
143 105 0 0
488 104 0 0
487 104 0 0
486 104 0 0
485 104 0 0
484 104 0 0
483 104 0 0
482 104 0 0
481 104 0 0
480 104 0 0
479 104 0 0
478 104 0 0
477 104 0 0
150 104 0 0
149 104 0 0
148 104 0 0
147 104 0 0
146 104 0 0
145 104 0 0
144 104 0 0
486 103 0 0
485 103 0 0
484 103 0 0
483 103 0 0
482 103 0 0
481 103 0 0
480 103 0 0
479 103 0 0
478 103 0 0
477 103 0 0
476 103 0 0
475 103 0 0
474 103 0 0
473 103 0 0
150 103 0 0
149 103 0 0
148 103 0 0
147 103 0 0
146 103 0 0
145 103 0 0
144 103 0 0
484 102 0 0
483 102 0 0
482 102 0 0
481 102 0 0
480 102 0 0
479 102 0 0
478 102 0 0
477 102 0 0
476 102 0 0
475 102 0 0
474 102 0 0
473 102 0 0
472 102 0 0
150 102 0 0
149 102 0 0
148 102 0 0
147 102 0 0
146 102 0 0
145 102 0 0
144 102 0 0
484 101 0 0
483 101 0 0
482 101 0 0
481 101 0 0
480 101 0 0
479 101 0 0
478 101 0 0
477 101 0 0
476 101 0 0
475 101 0 0
474 101 0 0
473 101 0 0
472 101 0 0
150 101 0 0
149 101 0 0
148 101 0 0
147 101 0 0
146 101 0 0
145 101 0 0
144 101 0 0
482 100 0 0
481 100 0 0
480 100 0 0
479 100 0 0
478 100 0 0
477 100 0 0
476 100 0 0
475 100 0 0
474 100 0 0
473 100 0 0
472 100 0 0
471 100 0 0
470 100 0 0
150 100 0 0
149 100 0 0
148 100 0 0
147 100 0 0
146 100 0 0
145 100 0 0
144 100 0 0
479 99 0 0
478 99 0 0
477 99 0 0
476 99 0 0
475 99 0 0
474 99 0 0
473 99 0 0
472 99 0 0
471 99 0 0
470 99 0 0
469 99 0 0
468 99 0 0
467 99 0 0
150 99 0 0
149 99 0 0
148 99 0 0
147 99 0 0
146 99 0 0
145 99 0 0
144 99 0 0
476 98 0 0
475 98 0 0
474 98 0 0
473 98 0 0
472 98 0 0
471 98 0 0
470 98 0 0
469 98 0 0
468 98 0 0
467 98 0 0
466 98 0 0
465 98 0 0
464 98 0 0
150 98 0 0
149 98 0 0
148 98 0 0
147 98 0 0
146 98 0 0
145 98 0 0
144 98 0 0
474 97 0 0
473 97 0 0
472 97 0 0
471 97 0 0
470 97 0 0
469 97 0 0
468 97 0 0
467 97 0 0
466 97 0 0
465 97 0 0
464 97 0 0
463 97 0 0
462 97 0 0
151 97 0 0
150 97 0 0
149 97 0 0
148 97 0 0
147 97 0 0
146 97 0 0
474 96 0 0
473 96 0 0
472 96 0 0
471 96 0 0
470 96 0 0
469 96 0 0
468 96 0 0
467 96 0 0
466 96 0 0
465 96 0 0
464 96 0 0
463 96 0 0
462 96 0 0
151 96 0 0
150 96 0 0
149 96 0 0
148 96 0 0
147 96 0 0
146 96 0 0
471 95 0 0
470 95 0 0
469 95 0 0
468 95 0 0
467 95 0 0
466 95 0 0
465 95 0 0
464 95 0 0
463 95 0 0
462 95 0 0
461 95 0 0
460 95 0 0
459 95 0 0
151 95 0 0
150 95 0 0
149 95 0 0
148 95 0 0
147 95 0 0
146 95 0 0
469 94 0 0
468 94 0 0
467 94 0 0
466 94 0 0
465 94 0 0
464 94 0 0
463 94 0 0
462 94 0 0
461 94 0 0
460 94 0 0
459 94 0 0
458 94 0 0
457 94 0 0
151 94 0 0
150 94 0 0
149 94 0 0
148 94 0 0
147 94 0 0
146 94 0 0
466 93 0 0
465 93 0 0
464 93 0 0
463 93 0 0
462 93 0 0
461 93 0 0
460 93 0 0
459 93 0 0
458 93 0 0
457 93 0 0
456 93 0 0
455 93 0 0
454 93 0 0
151 93 0 0
150 93 0 0
149 93 0 0
148 93 0 0
147 93 0 0
146 93 0 0
466 92 0 0
465 92 0 0
464 92 0 0
463 92 0 0
462 92 0 0
461 92 0 0
460 92 0 0
459 92 0 0
458 92 0 0
457 92 0 0
456 92 0 0
455 92 0 0
454 92 0 0
151 92 0 0
150 92 0 0
149 92 0 0
148 92 0 0
147 92 0 0
146 92 0 0
465 91 0 0
464 91 0 0
463 91 0 0
462 91 0 0
461 91 0 0
460 91 0 0
459 91 0 0
458 91 0 0
457 91 0 0
456 91 0 0
455 91 0 0
454 91 0 0
453 91 0 0
151 91 0 0
150 91 0 0
149 91 0 0
148 91 0 0
147 91 0 0
146 91 0 0
461 90 0 0
460 90 0 0
459 90 0 0
458 90 0 0
457 90 0 0
456 90 0 0
455 90 0 0
454 90 0 0
453 90 0 0
452 90 0 0
451 90 0 0
450 90 0 0
151 90 0 0
150 90 0 0
149 90 0 0
148 90 0 0
147 90 0 0
146 90 0 0
458 89 0 0
457 89 0 0
456 89 0 0
455 89 0 0
454 89 0 0
453 89 0 0
452 89 0 0
451 89 0 0
450 89 0 0
449 89 0 0
448 89 0 0
447 89 0 0
446 89 0 0
151 89 0 0
150 89 0 0
149 89 0 0
148 89 0 0
147 89 0 0
146 89 0 0
458 88 0 0
457 88 0 0
456 88 0 0
455 88 0 0
454 88 0 0
453 88 0 0
452 88 0 0
451 88 0 0
450 88 0 0
449 88 0 0
448 88 0 0
447 88 0 0
446 88 0 0
151 88 0 0
150 88 0 0
149 88 0 0
148 88 0 0
147 88 0 0
146 88 0 0
456 87 0 0
455 87 0 0
454 87 0 0
453 87 0 0
452 87 0 0
451 87 0 0
450 87 0 0
449 87 0 0
448 87 0 0
447 87 0 0
446 87 0 0
445 87 0 0
152 87 0 0
151 87 0 0
150 87 0 0
149 87 0 0
148 87 0 0
147 87 0 0
454 86 0 0
453 86 0 0
452 86 0 0
451 86 0 0
450 86 0 0
449 86 0 0
448 86 0 0
447 86 0 0
446 86 0 0
445 86 0 0
444 86 0 0
443 86 0 0
442 86 0 0
152 86 0 0
151 86 0 0
150 86 0 0
149 86 0 0
148 86 0 0
147 86 0 0
452 85 0 0
451 85 0 0
450 85 0 0
449 85 0 0
448 85 0 0
447 85 0 0
446 85 0 0
445 85 0 0
444 85 0 0
443 85 0 0
442 85 0 0
441 85 0 0
440 85 0 0
152 85 0 0
151 85 0 0
150 85 0 0
149 85 0 0
148 85 0 0
147 85 0 0
449 84 0 0
448 84 0 0
447 84 0 0
446 84 0 0
445 84 0 0
444 84 0 0
443 84 0 0
442 84 0 0
441 84 0 0
440 84 0 0
439 84 0 0
438 84 0 0
437 84 0 0
152 84 0 0
151 84 0 0
150 84 0 0
149 84 0 0
148 84 0 0
147 84 0 0
449 83 0 0
448 83 0 0
447 83 0 0
446 83 0 0
445 83 0 0
444 83 0 0
443 83 0 0
442 83 0 0
441 83 0 0
440 83 0 0
439 83 0 0
438 83 0 0
437 83 0 0
152 83 0 0
151 83 0 0
150 83 0 0
149 83 0 0
148 83 0 0
147 83 0 0
445 82 0 0
444 82 0 0
443 82 0 0
442 82 0 0
441 82 0 0
440 82 0 0
439 82 0 0
438 82 0 0
437 82 0 0
436 82 0 0
435 82 0 0
434 82 0 0
152 82 0 0
151 82 0 0
150 82 0 0
149 82 0 0
148 82 0 0
147 82 0 0
444 81 0 0
443 81 0 0
442 81 0 0
441 81 0 0
440 81 0 0
439 81 0 0
438 81 0 0
437 81 0 0
436 81 0 0
435 81 0 0
434 81 0 0
433 81 0 0
432 81 0 0
152 81 0 0
151 81 0 0
150 81 0 0
149 81 0 0
148 81 0 0
147 81 0 0
441 80 0 0
440 80 0 0
439 80 0 0
438 80 0 0
437 80 0 0
436 80 0 0
435 80 0 0
434 80 0 0
433 80 0 0
432 80 0 0
431 80 0 0
430 80 0 0
429 80 0 0
152 80 0 0
151 80 0 0
150 80 0 0
149 80 0 0
148 80 0 0
147 80 0 0
441 79 0 0
440 79 0 0
439 79 0 0
438 79 0 0
437 79 0 0
436 79 0 0
435 79 0 0
434 79 0 0
433 79 0 0
432 79 0 0
431 79 0 0
430 79 0 0
429 79 0 0
152 79 0 0
151 79 0 0
150 79 0 0
149 79 0 0
148 79 0 0
147 79 0 0
439 78 0 0
438 78 0 0
437 78 0 0
436 78 0 0
435 78 0 0
434 78 0 0
433 78 0 0
432 78 0 0
431 78 0 0
430 78 0 0
429 78 0 0
428 78 0 0
427 78 0 0
154 78 0 0
153 78 0 0
152 78 0 0
151 78 0 0
150 78 0 0
149 78 0 0
148 78 0 0
436 77 0 0
435 77 0 0
434 77 0 0
433 77 0 0
432 77 0 0
431 77 0 0
430 77 0 0
429 77 0 0
428 77 0 0
427 77 0 0
426 77 0 0
425 77 0 0
154 77 0 0
153 77 0 0
152 77 0 0
151 77 0 0
150 77 0 0
149 77 0 0
148 77 0 0
433 76 0 0
432 76 0 0
431 76 0 0
430 76 0 0
429 76 0 0
428 76 0 0
427 76 0 0
426 76 0 0
425 76 0 0
424 76 0 0
423 76 0 0
422 76 0 0
421 76 0 0
154 76 0 0
153 76 0 0
152 76 0 0
151 76 0 0
150 76 0 0
149 76 0 0
148 76 0 0
433 75 0 0
432 75 0 0
431 75 0 0
430 75 0 0
429 75 0 0
428 75 0 0
427 75 0 0
426 75 0 0
425 75 0 0
424 75 0 0
423 75 0 0
422 75 0 0
421 75 0 0
154 75 0 0
153 75 0 0
152 75 0 0
151 75 0 0
150 75 0 0
149 75 0 0
148 75 0 0
431 74 0 0
430 74 0 0
429 74 0 0
428 74 0 0
427 74 0 0
426 74 0 0
425 74 0 0
424 74 0 0
423 74 0 0
422 74 0 0
421 74 0 0
420 74 0 0
419 74 0 0
154 74 0 0
153 74 0 0
152 74 0 0
151 74 0 0
150 74 0 0
149 74 0 0
148 74 0 0
428 73 0 0
427 73 0 0
426 73 0 0
425 73 0 0
424 73 0 0
423 73 0 0
422 73 0 0
421 73 0 0
420 73 0 0
419 73 0 0
418 73 0 0
417 73 0 0
416 73 0 0
154 73 0 0
153 73 0 0
152 73 0 0
151 73 0 0
150 73 0 0
149 73 0 0
148 73 0 0
426 72 0 0
425 72 0 0
424 72 0 0
423 72 0 0
422 72 0 0
421 72 0 0
420 72 0 0
419 72 0 0
418 72 0 0
417 72 0 0
416 72 0 0
415 72 0 0
154 72 0 0
153 72 0 0
152 72 0 0
151 72 0 0
150 72 0 0
149 72 0 0
148 72 0 0
424 71 0 0
423 71 0 0
422 71 0 0
421 71 0 0
420 71 0 0
419 71 0 0
418 71 0 0
417 71 0 0
416 71 0 0
415 71 0 0
414 71 0 0
413 71 0 0
412 71 0 0
154 71 0 0
153 71 0 0
152 71 0 0
151 71 0 0
150 71 0 0
149 71 0 0
148 71 0 0
424 70 0 0
423 70 0 0
422 70 0 0
421 70 0 0
420 70 0 0
419 70 0 0
418 70 0 0
417 70 0 0
416 70 0 0
415 70 0 0
414 70 0 0
413 70 0 0
412 70 0 0
154 70 0 0
153 70 0 0
152 70 0 0
151 70 0 0
150 70 0 0
149 70 0 0
148 70 0 0
420 69 0 0
419 69 0 0
418 69 0 0
417 69 0 0
416 69 0 0
415 69 0 0
414 69 0 0
413 69 0 0
412 69 0 0
411 69 0 0
410 69 0 0
155 69 0 0
154 69 0 0
153 69 0 0
152 69 0 0
151 69 0 0
150 69 0 0
418 68 0 0
417 68 0 0
416 68 0 0
415 68 0 0
414 68 0 0
413 68 0 0
412 68 0 0
411 68 0 0
410 68 0 0
409 68 0 0
408 68 0 0
407 68 0 0
406 68 0 0
155 68 0 0
154 68 0 0
153 68 0 0
152 68 0 0
151 68 0 0
150 68 0 0
417 67 0 0
416 67 0 0
415 67 0 0
414 67 0 0
413 67 0 0
412 67 0 0
411 67 0 0
410 67 0 0
409 67 0 0
408 67 0 0
407 67 0 0
406 67 0 0
405 67 0 0
155 67 0 0
154 67 0 0
153 67 0 0
152 67 0 0
151 67 0 0
150 67 0 0
417 66 0 0
416 66 0 0
415 66 0 0
414 66 0 0
413 66 0 0
412 66 0 0
411 66 0 0
410 66 0 0
409 66 0 0
408 66 0 0
407 66 0 0
406 66 0 0
405 66 0 0
155 66 0 0
154 66 0 0
153 66 0 0
152 66 0 0
151 66 0 0
150 66 0 0
414 65 0 0
413 65 0 0
412 65 0 0
411 65 0 0
410 65 0 0
409 65 0 0
408 65 0 0
407 65 0 0
406 65 0 0
405 65 0 0
404 65 0 0
403 65 0 0
402 65 0 0
155 65 0 0
154 65 0 0
153 65 0 0
152 65 0 0
151 65 0 0
150 65 0 0
411 64 0 0
410 64 0 0
409 64 0 0
408 64 0 0
407 64 0 0
406 64 0 0
405 64 0 0
404 64 0 0
403 64 0 0
402 64 0 0
401 64 0 0
400 64 0 0
399 64 0 0
155 64 0 0
154 64 0 0
153 64 0 0
152 64 0 0
151 64 0 0
150 64 0 0
409 63 0 0
408 63 0 0
407 63 0 0
406 63 0 0
405 63 0 0
404 63 0 0
403 63 0 0
402 63 0 0
401 63 0 0
400 63 0 0
399 63 0 0
398 63 0 0
397 63 0 0
156 63 0 0
155 63 0 0
154 63 0 0
153 63 0 0
152 63 0 0
151 63 0 0
150 63 0 0
409 62 0 0
408 62 0 0
407 62 0 0
406 62 0 0
405 62 0 0
404 62 0 0
403 62 0 0
402 62 0 0
401 62 0 0
400 62 0 0
399 62 0 0
398 62 0 0
397 62 0 0
156 62 0 0
155 62 0 0
154 62 0 0
153 62 0 0
152 62 0 0
151 62 0 0
150 62 0 0
406 61 0 0
405 61 0 0
404 61 0 0
403 61 0 0
402 61 0 0
401 61 0 0
400 61 0 0
399 61 0 0
398 61 0 0
397 61 0 0
396 61 0 0
395 61 0 0
394 61 0 0
156 61 0 0
155 61 0 0
154 61 0 0
153 61 0 0
152 61 0 0
151 61 0 0
404 60 0 0
403 60 0 0
402 60 0 0
401 60 0 0
400 60 0 0
399 60 0 0
398 60 0 0
397 60 0 0
396 60 0 0
395 60 0 0
394 60 0 0
393 60 0 0
392 60 0 0
156 60 0 0
155 60 0 0
154 60 0 0
153 60 0 0
152 60 0 0
151 60 0 0
401 59 0 0
400 59 0 0
399 59 0 0
398 59 0 0
397 59 0 0
396 59 0 0
395 59 0 0
394 59 0 0
393 59 0 0
392 59 0 0
391 59 0 0
390 59 0 0
389 59 0 0
156 59 0 0
155 59 0 0
154 59 0 0
153 59 0 0
152 59 0 0
151 59 0 0
398 58 0 0
397 58 0 0
396 58 0 0
395 58 0 0
394 58 0 0
393 58 0 0
392 58 0 0
391 58 0 0
390 58 0 0
389 58 0 0
388 58 0 0
387 58 0 0
386 58 0 0
156 58 0 0
155 58 0 0
154 58 0 0
153 58 0 0
152 58 0 0
151 58 0 0
398 57 0 0
397 57 0 0
396 57 0 0
395 57 0 0
394 57 0 0
393 57 0 0
392 57 0 0
391 57 0 0
390 57 0 0
389 57 0 0
388 57 0 0
387 57 0 0
386 57 0 0
156 57 0 0
155 57 0 0
154 57 0 0
153 57 0 0
152 57 0 0
151 57 0 0
397 56 0 0
396 56 0 0
395 56 0 0
394 56 0 0
393 56 0 0
392 56 0 0
391 56 0 0
390 56 0 0
389 56 0 0
388 56 0 0
387 56 0 0
386 56 0 0
385 56 0 0
156 56 0 0
155 56 0 0
154 56 0 0
153 56 0 0
152 56 0 0
151 56 0 0
393 55 0 0
392 55 0 0
391 55 0 0
390 55 0 0
389 55 0 0
388 55 0 0
387 55 0 0
386 55 0 0
385 55 0 0
384 55 0 0
383 55 0 0
382 55 0 0
158 55 0 0
157 55 0 0
156 55 0 0
155 55 0 0
154 55 0 0
153 55 0 0
152 55 0 0
391 54 0 0
390 54 0 0
389 54 0 0
388 54 0 0
387 54 0 0
386 54 0 0
385 54 0 0
384 54 0 0
383 54 0 0
382 54 0 0
381 54 0 0
380 54 0 0
379 54 0 0
156 54 0 0
155 54 0 0
154 54 0 0
153 54 0 0
391 53 0 0
390 53 0 0
389 53 0 0
388 53 0 0
387 53 0 0
386 53 0 0
385 53 0 0
384 53 0 0
383 53 0 0
382 53 0 0
381 53 0 0
380 53 0 0
379 53 0 0
156 53 0 0
155 53 0 0
154 53 0 0
153 53 0 0
388 52 0 0
387 52 0 0
386 52 0 0
385 52 0 0
384 52 0 0
383 52 0 0
382 52 0 0
381 52 0 0
380 52 0 0
379 52 0 0
378 52 0 0
377 52 0 0
155 52 0 0
387 51 0 0
386 51 0 0
385 51 0 0
384 51 0 0
383 51 0 0
382 51 0 0
381 51 0 0
380 51 0 0
379 51 0 0
378 51 0 0
377 51 0 0
376 51 0 0
375 51 0 0
384 50 0 0
383 50 0 0
382 50 0 0
381 50 0 0
380 50 0 0
379 50 0 0
378 50 0 0
377 50 0 0
376 50 0 0
375 50 0 0
374 50 0 0
373 50 0 0
372 50 0 0
384 49 0 0
383 49 0 0
382 49 0 0
381 49 0 0
380 49 0 0
379 49 0 0
378 49 0 0
377 49 0 0
376 49 0 0
375 49 0 0
374 49 0 0
373 49 0 0
372 49 0 0
381 48 0 0
380 48 0 0
379 48 0 0
378 48 0 0
377 48 0 0
376 48 0 0
375 48 0 0
374 48 0 0
373 48 0 0
372 48 0 0
371 48 0 0
370 48 0 0
369 48 0 0
378 47 0 0
377 47 0 0
376 47 0 0
375 47 0 0
374 47 0 0
373 47 0 0
372 47 0 0
371 47 0 0
370 47 0 0
369 47 0 0
368 47 0 0
367 47 0 0
366 47 0 0
376 46 0 0
375 46 0 0
374 46 0 0
373 46 0 0
372 46 0 0
371 46 0 0
370 46 0 0
369 46 0 0
368 46 0 0
367 46 0 0
366 46 0 0
365 46 0 0
364 46 0 0
363 46 0 0
374 45 0 0
373 45 0 0
372 45 0 0
371 45 0 0
370 45 0 0
369 45 0 0
368 45 0 0
367 45 0 0
366 45 0 0
365 45 0 0
364 45 0 0
363 45 0 0
362 45 0 0
374 44 0 0
373 44 0 0
372 44 0 0
371 44 0 0
370 44 0 0
369 44 0 0
368 44 0 0
367 44 0 0
366 44 0 0
365 44 0 0
364 44 0 0
363 44 0 0
362 44 0 0
371 43 0 0
370 43 0 0
369 43 0 0
368 43 0 0
367 43 0 0
366 43 0 0
365 43 0 0
364 43 0 0
363 43 0 0
362 43 0 0
361 43 0 0
360 43 0 0
368 42 0 0
367 42 0 0
366 42 0 0
365 42 0 0
364 42 0 0
363 42 0 0
362 42 0 0
365 41 0 0
364 41 0 0
363 41 0 0
365 40 0 0
364 40 0 0
363 40 0 0
