3443 600 450
576 349 0 0
577 348 0 0
576 348 0 0
575 348 0 0
574 348 0 0
578 347 0 0
577 347 0 0
576 347 0 0
575 347 0 0
574 347 0 0
573 347 0 0
578 346 0 0
577 346 0 0
576 346 0 0
575 346 0 0
574 346 0 0
573 346 0 0
577 345 0 0
576 345 0 0
575 345 0 0
574 345 0 0
573 345 0 0
572 345 0 0
577 344 0 0
576 344 0 0
575 344 0 0
574 344 0 0
573 344 0 0
572 344 0 0
577 343 0 0
576 343 0 0
575 343 0 0
574 343 0 0
573 343 0 0
572 343 0 0
577 342 0 0
576 342 0 0
575 342 0 0
574 342 0 0
573 342 0 0
572 342 0 0
577 341 0 0
576 341 0 0
575 341 0 0
574 341 0 0
573 341 0 0
572 341 0 0
577 340 0 0
576 340 0 0
575 340 0 0
574 340 0 0
573 340 0 0
572 340 0 0
577 339 0 0
576 339 0 0
575 339 0 0
574 339 0 0
573 339 0 0
572 339 0 0
576 338 0 0
575 338 0 0
574 338 0 0
573 338 0 0
572 338 0 0
571 338 0 0
576 337 0 0
575 337 0 0
574 337 0 0
573 337 0 0
572 337 0 0
571 337 0 0
576 336 0 0
575 336 0 0
574 336 0 0
573 336 0 0
572 336 0 0
571 336 0 0
576 335 0 0
575 335 0 0
574 335 0 0
573 335 0 0
572 335 0 0
571 335 0 0
576 334 0 0
575 334 0 0
574 334 0 0
573 334 0 0
572 334 0 0
571 334 0 0
576 333 0 0
575 333 0 0
574 333 0 0
573 333 0 0
572 333 0 0
571 333 0 0
576 332 0 0
575 332 0 0
574 332 0 0
573 332 0 0
572 332 0 0
571 332 0 0
575 331 0 0
574 331 0 0
573 331 0 0
572 331 0 0
571 331 0 0
570 331 0 0
575 330 0 0
574 330 0 0
573 330 0 0
572 330 0 0
571 330 0 0
570 330 0 0
575 329 0 0
574 329 0 0
573 329 0 0
572 329 0 0
571 329 0 0
570 329 0 0
575 328 0 0
574 328 0 0
573 328 0 0
572 328 0 0
571 328 0 0
570 328 0 0
575 327 0 0
574 327 0 0
573 327 0 0
572 327 0 0
571 327 0 0
570 327 0 0
575 326 0 0
574 326 0 0
573 326 0 0
572 326 0 0
571 326 0 0
570 326 0 0
575 325 0 0
574 325 0 0
573 325 0 0
572 325 0 0
571 325 0 0
570 325 0 0
575 324 0 0
574 324 0 0
573 324 0 0
572 324 0 0
571 324 0 0
570 324 0 0
573 323 0 0
572 323 0 0
571 323 0 0
570 323 0 0
569 323 0 0
568 323 0 0
573 322 0 0
572 322 0 0
571 322 0 0
570 322 0 0
569 322 0 0
568 322 0 0
573 321 0 0
572 321 0 0
571 321 0 0
570 321 0 0
569 321 0 0
568 321 0 0
573 320 0 0
572 320 0 0
571 320 0 0
570 320 0 0
569 320 0 0
568 320 0 0
573 319 0 0
572 319 0 0
571 319 0 0
570 319 0 0
569 319 0 0
568 319 0 0
573 318 0 0
572 318 0 0
571 318 0 0
570 318 0 0
569 318 0 0
568 318 0 0
573 317 0 0
572 317 0 0
571 317 0 0
570 317 0 0
569 317 0 0
568 317 0 0
572 316 0 0
571 316 0 0
570 316 0 0
569 316 0 0
568 316 0 0
567 316 0 0
572 315 0 0
571 315 0 0
570 315 0 0
569 315 0 0
568 315 0 0
567 315 0 0
572 314 0 0
571 314 0 0
570 314 0 0
569 314 0 0
568 314 0 0
567 314 0 0
572 313 0 0
571 313 0 0
570 313 0 0
569 313 0 0
568 313 0 0
567 313 0 0
572 312 0 0
571 312 0 0
570 312 0 0
569 312 0 0
568 312 0 0
567 312 0 0
572 311 0 0
571 311 0 0
570 311 0 0
569 311 0 0
568 311 0 0
567 311 0 0
572 310 0 0
571 310 0 0
570 310 0 0
569 310 0 0
568 310 0 0
567 310 0 0
572 309 0 0
571 309 0 0
570 309 0 0
569 309 0 0
568 309 0 0
567 309 0 0
571 308 0 0
570 308 0 0
569 308 0 0
568 308 0 0
567 308 0 0
566 308 0 0
571 307 0 0
570 307 0 0
569 307 0 0
568 307 0 0
567 307 0 0
566 307 0 0
571 306 0 0
570 306 0 0
569 306 0 0
568 306 0 0
567 306 0 0
566 306 0 0
571 305 0 0
570 305 0 0
569 305 0 0
568 305 0 0
567 305 0 0
566 305 0 0
570 304 0 0
569 304 0 0
568 304 0 0
567 304 0 0
566 304 0 0
565 304 0 0
570 303 0 0
569 303 0 0
568 303 0 0
567 303 0 0
566 303 0 0
565 303 0 0
570 302 0 0
569 302 0 0
568 302 0 0
567 302 0 0
566 302 0 0
565 302 0 0
570 301 0 0
569 301 0 0
568 301 0 0
567 301 0 0
566 301 0 0
565 301 0 0
570 300 0 0
569 300 0 0
568 300 0 0
567 300 0 0
566 300 0 0
565 300 0 0
569 299 0 0
568 299 0 0
567 299 0 0
566 299 0 0
565 299 0 0
564 299 0 0
563 299 0 0
569 298 0 0
568 298 0 0
567 298 0 0
566 298 0 0
565 298 0 0
564 298 0 0
563 298 0 0
569 297 0 0
568 297 0 0
567 297 0 0
566 297 0 0
565 297 0 0
564 297 0 0
563 297 0 0
569 296 0 0
568 296 0 0
567 296 0 0
566 296 0 0
565 296 0 0
564 296 0 0
563 296 0 0
569 295 0 0
568 295 0 0
567 295 0 0
566 295 0 0
565 295 0 0
564 295 0 0
563 295 0 0
567 294 0 0
566 294 0 0
565 294 0 0
564 294 0 0
563 294 0 0
562 294 0 0
567 293 0 0
566 293 0 0
565 293 0 0
564 293 0 0
563 293 0 0
562 293 0 0
566 292 0 0
565 292 0 0
564 292 0 0
563 292 0 0
562 292 0 0
561 292 0 0
566 291 0 0
565 291 0 0
564 291 0 0
563 291 0 0
562 291 0 0
561 291 0 0
566 290 0 0
565 290 0 0
564 290 0 0
563 290 0 0
562 290 0 0
561 290 0 0
566 289 0 0
565 289 0 0
564 289 0 0
563 289 0 0
562 289 0 0
561 289 0 0
566 288 0 0
565 288 0 0
564 288 0 0
563 288 0 0
562 288 0 0
561 288 0 0
565 287 0 0
564 287 0 0
563 287 0 0
562 287 0 0
561 287 0 0
560 287 0 0
565 286 0 0
564 286 0 0
563 286 0 0
562 286 0 0
561 286 0 0
560 286 0 0
565 285 0 0
564 285 0 0
563 285 0 0
562 285 0 0
561 285 0 0
560 285 0 0
565 284 0 0
564 284 0 0
563 284 0 0
562 284 0 0
561 284 0 0
560 284 0 0
565 283 0 0
564 283 0 0
563 283 0 0
562 283 0 0
561 283 0 0
560 283 0 0
564 282 0 0
563 282 0 0
562 282 0 0
561 282 0 0
560 282 0 0
559 282 0 0
564 281 0 0
563 281 0 0
562 281 0 0
561 281 0 0
560 281 0 0
559 281 0 0
564 280 0 0
563 280 0 0
562 280 0 0
561 280 0 0
560 280 0 0
559 280 0 0
564 279 0 0
563 279 0 0
562 279 0 0
561 279 0 0
560 279 0 0
559 279 0 0
564 278 0 0
563 278 0 0
562 278 0 0
561 278 0 0
560 278 0 0
559 278 0 0
562 277 0 0
561 277 0 0
560 277 0 0
559 277 0 0
558 277 0 0
557 277 0 0
562 276 0 0
561 276 0 0
560 276 0 0
559 276 0 0
558 276 0 0
557 276 0 0
562 275 0 0
561 275 0 0
560 275 0 0
559 275 0 0
558 275 0 0
557 275 0 0
562 274 0 0
561 274 0 0
560 274 0 0
559 274 0 0
558 274 0 0
557 274 0 0
561 273 0 0
560 273 0 0
559 273 0 0
558 273 0 0
557 273 0 0
556 273 0 0
561 272 0 0
560 272 0 0
559 272 0 0
558 272 0 0
557 272 0 0
556 272 0 0
561 271 0 0
560 271 0 0
559 271 0 0
558 271 0 0
557 271 0 0
556 271 0 0
561 270 0 0
560 270 0 0
559 270 0 0
558 270 0 0
557 270 0 0
556 270 0 0
560 269 0 0
559 269 0 0
558 269 0 0
557 269 0 0
556 269 0 0
555 269 0 0
560 268 0 0
559 268 0 0
558 268 0 0
557 268 0 0
556 268 0 0
555 268 0 0
560 267 0 0
559 267 0 0
558 267 0 0
557 267 0 0
556 267 0 0
555 267 0 0
560 266 0 0
559 266 0 0
558 266 0 0
557 266 0 0
556 266 0 0
555 266 0 0
559 265 0 0
558 265 0 0
557 265 0 0
556 265 0 0
555 265 0 0
554 265 0 0
559 264 0 0
558 264 0 0
557 264 0 0
556 264 0 0
555 264 0 0
554 264 0 0
559 263 0 0
558 263 0 0
557 263 0 0
556 263 0 0
555 263 0 0
554 263 0 0
559 262 0 0
558 262 0 0
557 262 0 0
556 262 0 0
555 262 0 0
554 262 0 0
559 261 0 0
558 261 0 0
557 261 0 0
556 261 0 0
555 261 0 0
554 261 0 0
558 260 0 0
557 260 0 0
556 260 0 0
555 260 0 0
554 260 0 0
553 260 0 0
552 260 0 0
558 259 0 0
557 259 0 0
556 259 0 0
555 259 0 0
554 259 0 0
553 259 0 0
552 259 0 0
558 258 0 0
557 258 0 0
556 258 0 0
555 258 0 0
554 258 0 0
553 258 0 0
552 258 0 0
558 257 0 0
557 257 0 0
556 257 0 0
555 257 0 0
554 257 0 0
553 257 0 0
552 257 0 0
556 256 0 0
555 256 0 0
554 256 0 0
553 256 0 0
552 256 0 0
551 256 0 0
556 255 0 0
555 255 0 0
554 255 0 0
553 255 0 0
552 255 0 0
551 255 0 0
556 254 0 0
555 254 0 0
554 254 0 0
553 254 0 0
552 254 0 0
551 254 0 0
556 253 0 0
555 253 0 0
554 253 0 0
553 253 0 0
552 253 0 0
551 253 0 0
556 252 0 0
555 252 0 0
554 252 0 0
553 252 0 0
552 252 0 0
551 252 0 0
555 251 0 0
554 251 0 0
553 251 0 0
552 251 0 0
551 251 0 0
550 251 0 0
555 250 0 0
554 250 0 0
553 250 0 0
552 250 0 0
551 250 0 0
550 250 0 0
555 249 0 0
554 249 0 0
553 249 0 0
552 249 0 0
551 249 0 0
550 249 0 0
555 248 0 0
554 248 0 0
553 248 0 0
552 248 0 0
551 248 0 0
550 248 0 0
554 247 0 0
553 247 0 0
552 247 0 0
551 247 0 0
550 247 0 0
549 247 0 0
554 246 0 0
553 246 0 0
552 246 0 0
551 246 0 0
550 246 0 0
549 246 0 0
554 245 0 0
553 245 0 0
552 245 0 0
551 245 0 0
550 245 0 0
549 245 0 0
554 244 0 0
553 244 0 0
552 244 0 0
551 244 0 0
550 244 0 0
549 244 0 0
410 244 0 1
554 243 0 0
553 243 0 0
552 243 0 0
551 243 0 0
550 243 0 0
549 243 0 0
411 243 0 1
410 243 0 1
409 243 0 1
553 242 0 0
552 242 0 0
551 242 0 0
550 242 0 0
549 242 0 0
548 242 0 0
412 242 0 1
411 242 0 1
410 242 0 1
409 242 0 1
408 242 0 1
407 242 0 1
553 241 0 0
552 241 0 0
551 241 0 0
550 241 0 0
549 241 0 0
548 241 0 0
412 241 0 1
411 241 0 1
410 241 0 1
409 241 0 1
408 241 0 1
407 241 0 1
553 240 0 0
552 240 0 0
551 240 0 0
550 240 0 0
549 240 0 0
548 240 0 0
412 240 0 1
411 240 0 1
410 240 0 1
409 240 0 1
408 240 0 1
407 240 0 1
553 239 0 0
552 239 0 0
551 239 0 0
550 239 0 0
549 239 0 0
548 239 0 0
411 239 0 1
410 239 0 1
409 239 0 1
408 239 0 1
407 239 0 1
406 239 0 1
551 238 0 0
550 238 0 0
549 238 0 0
548 238 0 0
547 238 0 0
546 238 0 0
411 238 0 1
410 238 0 1
409 238 0 1
408 238 0 1
407 238 0 1
406 238 0 1
551 237 0 0
550 237 0 0
549 237 0 0
548 237 0 0
547 237 0 0
546 237 0 0
410 237 0 1
409 237 0 1
408 237 0 1
407 237 0 1
406 237 0 1
405 237 0 1
551 236 0 0
550 236 0 0
549 236 0 0
548 236 0 0
547 236 0 0
546 236 0 0
410 236 0 1
409 236 0 1
408 236 0 1
407 236 0 1
406 236 0 1
405 236 0 1
551 235 0 0
550 235 0 0
549 235 0 0
548 235 0 0
547 235 0 0
546 235 0 0
410 235 0 1
409 235 0 1
408 235 0 1
407 235 0 1
406 235 0 1
405 235 0 1
550 234 0 0
549 234 0 0
548 234 0 0
547 234 0 0
546 234 0 0
545 234 0 0
410 234 0 1
409 234 0 1
408 234 0 1
407 234 0 1
406 234 0 1
405 234 0 1
550 233 0 0
549 233 0 0
548 233 0 0
547 233 0 0
546 233 0 0
545 233 0 0
409 233 0 1
408 233 0 1
407 233 0 1
406 233 0 1
405 233 0 1
404 233 0 1
550 232 0 0
549 232 0 0
548 232 0 0
547 232 0 0
546 232 0 0
545 232 0 0
409 232 0 1
408 232 0 1
407 232 0 1
406 232 0 1
405 232 0 1
404 232 0 1
550 231 0 0
549 231 0 0
548 231 0 0
547 231 0 0
546 231 0 0
545 231 0 0
408 231 0 1
407 231 0 1
406 231 0 1
405 231 0 1
404 231 0 1
403 231 0 1
402 231 0 1
550 230 0 0
549 230 0 0
548 230 0 0
547 230 0 0
546 230 0 0
545 230 0 0
408 230 0 1
407 230 0 1
406 230 0 1
405 230 0 1
404 230 0 1
403 230 0 1
402 230 0 1
549 229 0 0
548 229 0 0
547 229 0 0
546 229 0 0
545 229 0 0
544 229 0 0
408 229 0 1
407 229 0 1
406 229 0 1
405 229 0 1
404 229 0 1
403 229 0 1
402 229 0 1
549 228 0 0
548 228 0 0
547 228 0 0
546 228 0 0
545 228 0 0
544 228 0 0
408 228 0 1
407 228 0 1
406 228 0 1
405 228 0 1
404 228 0 1
403 228 0 1
402 228 0 1
549 227 0 0
548 227 0 0
547 227 0 0
546 227 0 0
545 227 0 0
544 227 0 0
406 227 0 1
405 227 0 1
404 227 0 1
403 227 0 1
402 227 0 1
401 227 0 1
549 226 0 0
548 226 0 0
547 226 0 0
546 226 0 0
545 226 0 0
544 226 0 0
406 226 0 1
405 226 0 1
404 226 0 1
403 226 0 1
402 226 0 1
401 226 0 1
548 225 0 0
547 225 0 0
546 225 0 0
545 225 0 0
544 225 0 0
543 225 0 0
406 225 0 1
405 225 0 1
404 225 0 1
403 225 0 1
402 225 0 1
401 225 0 1
548 224 0 0
547 224 0 0
546 224 0 0
545 224 0 0
544 224 0 0
543 224 0 0
406 224 0 1
405 224 0 1
404 224 0 1
403 224 0 1
402 224 0 1
401 224 0 1
548 223 0 0
547 223 0 0
546 223 0 0
545 223 0 0
544 223 0 0
543 223 0 0
405 223 0 1
404 223 0 1
403 223 0 1
402 223 0 1
401 223 0 1
400 223 0 1
548 222 0 0
547 222 0 0
546 222 0 0
545 222 0 0
544 222 0 0
543 222 0 0
405 222 0 1
404 222 0 1
403 222 0 1
402 222 0 1
401 222 0 1
400 222 0 1
547 221 0 0
546 221 0 0
545 221 0 0
544 221 0 0
543 221 0 0
542 221 0 0
541 221 0 0
405 221 0 1
404 221 0 1
403 221 0 1
402 221 0 1
401 221 0 1
400 221 0 1
547 220 0 0
546 220 0 0
545 220 0 0
544 220 0 0
543 220 0 0
542 220 0 0
541 220 0 0
404 220 0 1
403 220 0 1
402 220 0 1
401 220 0 1
400 220 0 1
399 220 0 1
547 219 0 0
546 219 0 0
545 219 0 0
544 219 0 0
543 219 0 0
542 219 0 0
541 219 0 0
404 219 0 1
403 219 0 1
402 219 0 1
401 219 0 1
400 219 0 1
399 219 0 1
547 218 0 0
546 218 0 0
545 218 0 0
544 218 0 0
543 218 0 0
542 218 0 0
541 218 0 0
404 218 0 1
403 218 0 1
402 218 0 1
401 218 0 1
400 218 0 1
399 218 0 1
547 217 0 0
546 217 0 0
545 217 0 0
544 217 0 0
543 217 0 0
542 217 0 0
541 217 0 0
404 217 0 1
403 217 0 1
402 217 0 1
401 217 0 1
400 217 0 1
399 217 0 1
545 216 0 0
544 216 0 0
543 216 0 0
542 216 0 0
541 216 0 0
540 216 0 0
403 216 0 1
402 216 0 1
401 216 0 1
400 216 0 1
399 216 0 1
398 216 0 1
545 215 0 0
544 215 0 0
543 215 0 0
542 215 0 0
541 215 0 0
540 215 0 0
403 215 0 1
402 215 0 1
401 215 0 1
400 215 0 1
399 215 0 1
398 215 0 1
545 214 0 0
544 214 0 0
543 214 0 0
542 214 0 0
541 214 0 0
540 214 0 0
403 214 0 1
402 214 0 1
401 214 0 1
400 214 0 1
399 214 0 1
398 214 0 1
397 214 0 1
396 214 0 1
545 213 0 0
544 213 0 0
543 213 0 0
542 213 0 0
541 213 0 0
540 213 0 0
403 213 0 1
402 213 0 1
401 213 0 1
400 213 0 1
399 213 0 1
398 213 0 1
397 213 0 1
396 213 0 1
545 212 0 0
544 212 0 0
543 212 0 0
542 212 0 0
541 212 0 0
540 212 0 0
401 212 0 1
400 212 0 1
399 212 0 1
398 212 0 1
397 212 0 1
396 212 0 1
544 211 0 0
543 211 0 0
542 211 0 0
541 211 0 0
540 211 0 0
539 211 0 0
401 211 0 1
400 211 0 1
399 211 0 1
398 211 0 1
397 211 0 1
396 211 0 1
544 210 0 0
543 210 0 0
542 210 0 0
541 210 0 0
540 210 0 0
539 210 0 0
400 210 0 1
399 210 0 1
398 210 0 1
397 210 0 1
396 210 0 1
395 210 0 1
544 209 0 0
543 209 0 0
542 209 0 0
541 209 0 0
540 209 0 0
539 209 0 0
400 209 0 1
399 209 0 1
398 209 0 1
397 209 0 1
396 209 0 1
395 209 0 1
543 208 0 0
542 208 0 0
541 208 0 0
540 208 0 0
539 208 0 0
538 208 0 0
400 208 0 1
399 208 0 1
398 208 0 1
397 208 0 1
396 208 0 1
395 208 0 1
543 207 0 0
542 207 0 0
541 207 0 0
540 207 0 0
539 207 0 0
538 207 0 0
400 207 0 1
399 207 0 1
398 207 0 1
397 207 0 1
396 207 0 1
395 207 0 1
543 206 0 0
542 206 0 0
541 206 0 0
540 206 0 0
539 206 0 0
538 206 0 0
399 206 0 1
398 206 0 1
397 206 0 1
396 206 0 1
395 206 0 1
394 206 0 1
543 205 0 0
542 205 0 0
541 205 0 0
540 205 0 0
539 205 0 0
538 205 0 0
399 205 0 1
398 205 0 1
397 205 0 1
396 205 0 1
395 205 0 1
394 205 0 1
542 204 0 0
541 204 0 0
540 204 0 0
539 204 0 0
538 204 0 0
537 204 0 0
399 204 0 1
398 204 0 1
397 204 0 1
396 204 0 1
395 204 0 1
394 204 0 1
542 203 0 0
541 203 0 0
540 203 0 0
539 203 0 0
538 203 0 0
537 203 0 0
398 203 0 1
397 203 0 1
396 203 0 1
395 203 0 1
394 203 0 1
393 203 0 1
542 202 0 0
541 202 0 0
540 202 0 0
539 202 0 0
538 202 0 0
537 202 0 0
398 202 0 1
397 202 0 1
396 202 0 1
395 202 0 1
394 202 0 1
393 202 0 1
542 201 0 0
541 201 0 0
540 201 0 0
539 201 0 0
538 201 0 0
537 201 0 0
398 201 0 1
397 201 0 1
396 201 0 1
395 201 0 1
394 201 0 1
393 201 0 1
542 200 0 0
541 200 0 0
540 200 0 0
539 200 0 0
538 200 0 0
537 200 0 0
398 200 0 1
397 200 0 1
396 200 0 1
395 200 0 1
394 200 0 1
393 200 0 1
540 199 0 0
539 199 0 0
538 199 0 0
537 199 0 0
536 199 0 0
535 199 0 0
397 199 0 1
396 199 0 1
395 199 0 1
394 199 0 1
393 199 0 1
392 199 0 1
391 199 0 1
540 198 0 0
539 198 0 0
538 198 0 0
537 198 0 0
536 198 0 0
535 198 0 0
397 198 0 1
396 198 0 1
395 198 0 1
394 198 0 1
393 198 0 1
392 198 0 1
391 198 0 1
540 197 0 0
539 197 0 0
538 197 0 0
537 197 0 0
536 197 0 0
535 197 0 0
397 197 0 1
396 197 0 1
395 197 0 1
394 197 0 1
393 197 0 1
392 197 0 1
391 197 0 1
540 196 0 0
539 196 0 0
538 196 0 0
537 196 0 0
536 196 0 0
535 196 0 0
397 196 0 1
396 196 0 1
395 196 0 1
394 196 0 1
393 196 0 1
392 196 0 1
391 196 0 1
540 195 0 0
539 195 0 0
538 195 0 0
537 195 0 0
536 195 0 0
535 195 0 0
395 195 0 1
394 195 0 1
393 195 0 1
392 195 0 1
391 195 0 1
390 195 0 1
175 195 0 0
174 195 0 0
539 194 0 0
538 194 0 0
537 194 0 0
536 194 0 0
535 194 0 0
534 194 0 0
394 194 0 1
393 194 0 1
392 194 0 1
391 194 0 1
390 194 0 1
389 194 0 1
176 194 0 0
175 194 0 0
174 194 0 0
173 194 0 0
539 193 0 0
538 193 0 0
537 193 0 0
536 193 0 0
535 193 0 0
534 193 0 0
394 193 0 1
393 193 0 1
392 193 0 1
391 193 0 1
390 193 0 1
389 193 0 1
177 193 0 0
176 193 0 0
175 193 0 0
174 193 0 0
173 193 0 0
172 193 0 0
539 192 0 0
538 192 0 0
537 192 0 0
536 192 0 0
535 192 0 0
534 192 0 0
394 192 0 1
393 192 0 1
392 192 0 1
391 192 0 1
390 192 0 1
389 192 0 1
177 192 0 0
176 192 0 0
175 192 0 0
174 192 0 0
173 192 0 0
172 192 0 0
539 191 0 0
538 191 0 0
537 191 0 0
536 191 0 0
535 191 0 0
534 191 0 0
394 191 0 1
393 191 0 1
392 191 0 1
391 191 0 1
390 191 0 1
389 191 0 1
177 191 0 0
176 191 0 0
175 191 0 0
174 191 0 0
173 191 0 0
172 191 0 0
538 190 0 0
537 190 0 0
536 190 0 0
535 190 0 0
534 190 0 0
533 190 0 0
393 190 0 1
392 190 0 1
391 190 0 1
390 190 0 1
389 190 0 1
388 190 0 1
177 190 0 0
176 190 0 0
175 190 0 0
174 190 0 0
173 190 0 0
172 190 0 0
538 189 0 0
537 189 0 0
536 189 0 0
535 189 0 0
534 189 0 0
533 189 0 0
393 189 0 1
392 189 0 1
391 189 0 1
390 189 0 1
389 189 0 1
388 189 0 1
177 189 0 0
176 189 0 0
175 189 0 0
174 189 0 0
173 189 0 0
172 189 0 0
538 188 0 0
537 188 0 0
536 188 0 0
535 188 0 0
534 188 0 0
533 188 0 0
393 188 0 1
392 188 0 1
391 188 0 1
390 188 0 1
389 188 0 1
388 188 0 1
177 188 0 0
176 188 0 0
175 188 0 0
174 188 0 0
173 188 0 0
172 188 0 0
538 187 0 0
537 187 0 0
536 187 0 0
535 187 0 0
534 187 0 0
533 187 0 0
392 187 0 1
391 187 0 1
390 187 0 1
389 187 0 1
388 187 0 1
387 187 0 1
177 187 0 0
176 187 0 0
175 187 0 0
174 187 0 0
173 187 0 0
172 187 0 0
537 186 0 0
536 186 0 0
535 186 0 0
534 186 0 0
533 186 0 0
532 186 0 0
392 186 0 1
391 186 0 1
390 186 0 1
389 186 0 1
388 186 0 1
387 186 0 1
177 186 0 0
176 186 0 0
175 186 0 0
174 186 0 0
173 186 0 0
172 186 0 0
537 185 0 0
536 185 0 0
535 185 0 0
534 185 0 0
533 185 0 0
532 185 0 0
392 185 0 1
391 185 0 1
390 185 0 1
389 185 0 1
388 185 0 1
387 185 0 1
177 185 0 0
176 185 0 0
175 185 0 0
174 185 0 0
173 185 0 0
172 185 0 0
537 184 0 0
536 184 0 0
535 184 0 0
534 184 0 0
533 184 0 0
532 184 0 0
392 184 0 1
391 184 0 1
390 184 0 1
389 184 0 1
388 184 0 1
387 184 0 1
177 184 0 0
176 184 0 0
175 184 0 0
174 184 0 0
173 184 0 0
172 184 0 0
537 183 0 0
536 183 0 0
535 183 0 0
534 183 0 0
533 183 0 0
532 183 0 0
390 183 0 1
389 183 0 1
388 183 0 1
387 183 0 1
386 183 0 1
385 183 0 1
178 183 0 0
177 183 0 0
176 183 0 0
175 183 0 0
174 183 0 0
173 183 0 0
537 182 0 0
536 182 0 0
535 182 0 0
534 182 0 0
533 182 0 0
532 182 0 0
390 182 0 1
389 182 0 1
388 182 0 1
387 182 0 1
386 182 0 1
385 182 0 1
178 182 0 0
177 182 0 0
176 182 0 0
175 182 0 0
174 182 0 0
173 182 0 0
536 181 0 0
535 181 0 0
534 181 0 0
533 181 0 0
532 181 0 0
531 181 0 0
530 181 0 0
390 181 0 1
389 181 0 1
388 181 0 1
387 181 0 1
386 181 0 1
385 181 0 1
178 181 0 0
177 181 0 0
176 181 0 0
175 181 0 0
174 181 0 0
173 181 0 0
536 180 0 0
535 180 0 0
534 180 0 0
533 180 0 0
532 180 0 0
531 180 0 0
530 180 0 0
390 180 0 1
389 180 0 1
388 180 0 1
387 180 0 1
386 180 0 1
385 180 0 1
178 180 0 0
177 180 0 0
176 180 0 0
175 180 0 0
174 180 0 0
173 180 0 0
536 179 0 0
535 179 0 0
534 179 0 0
533 179 0 0
532 179 0 0
531 179 0 0
530 179 0 0
389 179 0 1
388 179 0 1
387 179 0 1
386 179 0 1
385 179 0 1
384 179 0 1
178 179 0 0
177 179 0 0
176 179 0 0
175 179 0 0
174 179 0 0
173 179 0 0
536 178 0 0
535 178 0 0
534 178 0 0
533 178 0 0
532 178 0 0
531 178 0 0
530 178 0 0
389 178 0 1
388 178 0 1
387 178 0 1
386 178 0 1
385 178 0 1
384 178 0 1
178 178 0 0
177 178 0 0
176 178 0 0
175 178 0 0
174 178 0 0
173 178 0 0
534 177 0 0
533 177 0 0
532 177 0 0
531 177 0 0
530 177 0 0
529 177 0 0
389 177 0 1
388 177 0 1
387 177 0 1
386 177 0 1
385 177 0 1
384 177 0 1
383 177 0 1
178 177 0 0
177 177 0 0
176 177 0 0
175 177 0 0
174 177 0 0
173 177 0 0
534 176 0 0
533 176 0 0
532 176 0 0
531 176 0 0
530 176 0 0
529 176 0 0
388 176 0 1
387 176 0 1
386 176 0 1
385 176 0 1
384 176 0 1
383 176 0 1
178 176 0 0
177 176 0 0
176 176 0 0
175 176 0 0
174 176 0 0
173 176 0 0
534 175 0 0
533 175 0 0
532 175 0 0
531 175 0 0
530 175 0 0
529 175 0 0
388 175 0 1
387 175 0 1
386 175 0 1
385 175 0 1
384 175 0 1
383 175 0 1
179 175 0 0
178 175 0 0
177 175 0 0
176 175 0 0
175 175 0 0
174 175 0 0
534 174 0 0
533 174 0 0
532 174 0 0
531 174 0 0
530 174 0 0
529 174 0 0
388 174 0 1
387 174 0 1
386 174 0 1
385 174 0 1
384 174 0 1
383 174 0 1
179 174 0 0
178 174 0 0
177 174 0 0
176 174 0 0
175 174 0 0
174 174 0 0
533 173 0 0
532 173 0 0
531 173 0 0
530 173 0 0
529 173 0 0
528 173 0 0
387 173 0 1
386 173 0 1
385 173 0 1
384 173 0 1
383 173 0 1
382 173 0 1
179 173 0 0
178 173 0 0
177 173 0 0
176 173 0 0
175 173 0 0
174 173 0 0
533 172 0 0
532 172 0 0
531 172 0 0
530 172 0 0
529 172 0 0
528 172 0 0
387 172 0 1
386 172 0 1
385 172 0 1
384 172 0 1
383 172 0 1
382 172 0 1
179 172 0 0
178 172 0 0
177 172 0 0
176 172 0 0
175 172 0 0
174 172 0 0
533 171 0 0
532 171 0 0
531 171 0 0
530 171 0 0
529 171 0 0
528 171 0 0
387 171 0 1
386 171 0 1
385 171 0 1
384 171 0 1
383 171 0 1
382 171 0 1
179 171 0 0
178 171 0 0
177 171 0 0
176 171 0 0
175 171 0 0
174 171 0 0
533 170 0 0
532 170 0 0
531 170 0 0
530 170 0 0
529 170 0 0
528 170 0 0
386 170 0 1
385 170 0 1
384 170 0 1
383 170 0 1
382 170 0 1
381 170 0 1
380 170 0 1
179 170 0 0
178 170 0 0
177 170 0 0
176 170 0 0
175 170 0 0
174 170 0 0
532 169 0 0
531 169 0 0
530 169 0 0
529 169 0 0
528 169 0 0
527 169 0 0
386 169 0 1
385 169 0 1
384 169 0 1
383 169 0 1
382 169 0 1
381 169 0 1
380 169 0 1
179 169 0 0
178 169 0 0
177 169 0 0
176 169 0 0
175 169 0 0
174 169 0 0
532 168 0 0
531 168 0 0
530 168 0 0
529 168 0 0
528 168 0 0
527 168 0 0
386 168 0 1
385 168 0 1
384 168 0 1
383 168 0 1
382 168 0 1
381 168 0 1
380 168 0 1
179 168 0 0
178 168 0 0
177 168 0 0
176 168 0 0
175 168 0 0
174 168 0 0
532 167 0 0
531 167 0 0
530 167 0 0
529 167 0 0
528 167 0 0
527 167 0 0
386 167 0 1
385 167 0 1
384 167 0 1
383 167 0 1
382 167 0 1
381 167 0 1
380 167 0 1
179 167 0 0
178 167 0 0
177 167 0 0
176 167 0 0
175 167 0 0
174 167 0 0
532 166 0 0
531 166 0 0
530 166 0 0
529 166 0 0
528 166 0 0
527 166 0 0
384 166 0 1
383 166 0 1
382 166 0 1
381 166 0 1
380 166 0 1
379 166 0 1
181 166 0 0
180 166 0 0
179 166 0 0
178 166 0 0
177 166 0 0
176 166 0 0
532 165 0 0
531 165 0 0
530 165 0 0
529 165 0 0
528 165 0 0
527 165 0 0
384 165 0 1
383 165 0 1
382 165 0 1
381 165 0 1
380 165 0 1
379 165 0 1
181 165 0 0
180 165 0 0
179 165 0 0
178 165 0 0
177 165 0 0
176 165 0 0
531 164 0 0
530 164 0 0
529 164 0 0
528 164 0 0
527 164 0 0
526 164 0 0
384 164 0 1
383 164 0 1
382 164 0 1
381 164 0 1
380 164 0 1
379 164 0 1
181 164 0 0
180 164 0 0
179 164 0 0
178 164 0 0
177 164 0 0
176 164 0 0
531 163 0 0
530 163 0 0
529 163 0 0
528 163 0 0
527 163 0 0
526 163 0 0
384 163 0 1
383 163 0 1
382 163 0 1
381 163 0 1
380 163 0 1
379 163 0 1
181 163 0 0
180 163 0 0
179 163 0 0
178 163 0 0
177 163 0 0
176 163 0 0
531 162 0 0
530 162 0 0
529 162 0 0
528 162 0 0
527 162 0 0
526 162 0 0
383 162 0 1
382 162 0 1
381 162 0 1
380 162 0 1
379 162 0 1
378 162 0 1
181 162 0 0
180 162 0 0
179 162 0 0
178 162 0 0
177 162 0 0
176 162 0 0
531 161 0 0
530 161 0 0
529 161 0 0
528 161 0 0
527 161 0 0
526 161 0 0
383 161 0 1
382 161 0 1
381 161 0 1
380 161 0 1
379 161 0 1
378 161 0 1
181 161 0 0
180 161 0 0
179 161 0 0
178 161 0 0
177 161 0 0
176 161 0 0
531 160 0 0
530 160 0 0
529 160 0 0
528 160 0 0
527 160 0 0
526 160 0 0
383 160 0 1
382 160 0 1
381 160 0 1
380 160 0 1
379 160 0 1
378 160 0 1
181 160 0 0
180 160 0 0
179 160 0 0
178 160 0 0
177 160 0 0
176 160 0 0
529 159 0 0
528 159 0 0
527 159 0 0
526 159 0 0
525 159 0 0
524 159 0 0
382 159 0 1
381 159 0 1
380 159 0 1
379 159 0 1
378 159 0 1
377 159 0 1
182 159 0 0
181 159 0 0
180 159 0 0
179 159 0 0
178 159 0 0
177 159 0 0
529 158 0 0
528 158 0 0
527 158 0 0
526 158 0 0
525 158 0 0
524 158 0 0
382 158 0 1
381 158 0 1
380 158 0 1
379 158 0 1
378 158 0 1
377 158 0 1
182 158 0 0
181 158 0 0
180 158 0 0
179 158 0 0
178 158 0 0
177 158 0 0
529 157 0 0
528 157 0 0
527 157 0 0
526 157 0 0
525 157 0 0
524 157 0 0
382 157 0 1
381 157 0 1
380 157 0 1
379 157 0 1
378 157 0 1
377 157 0 1
182 157 0 0
181 157 0 0
180 157 0 0
179 157 0 0
178 157 0 0
177 157 0 0
529 156 0 0
528 156 0 0
527 156 0 0
526 156 0 0
525 156 0 0
524 156 0 0
381 156 0 1
380 156 0 1
379 156 0 1
378 156 0 1
377 156 0 1
376 156 0 1
182 156 0 0
181 156 0 0
180 156 0 0
179 156 0 0
178 156 0 0
177 156 0 0
528 155 0 0
527 155 0 0
526 155 0 0
525 155 0 0
524 155 0 0
523 155 0 0
381 155 0 1
380 155 0 1
379 155 0 1
378 155 0 1
377 155 0 1
376 155 0 1
182 155 0 0
181 155 0 0
180 155 0 0
179 155 0 0
178 155 0 0
177 155 0 0
528 154 0 0
527 154 0 0
526 154 0 0
525 154 0 0
524 154 0 0
523 154 0 0
381 154 0 1
380 154 0 1
379 154 0 1
378 154 0 1
377 154 0 1
376 154 0 1
182 154 0 0
181 154 0 0
180 154 0 0
179 154 0 0
178 154 0 0
177 154 0 0
528 153 0 0
527 153 0 0
526 153 0 0
525 153 0 0
524 153 0 0
523 153 0 0
379 153 0 1
378 153 0 1
377 153 0 1
376 153 0 1
375 153 0 1
374 153 0 1
182 153 0 0
181 153 0 0
180 153 0 0
179 153 0 0
178 153 0 0
177 153 0 0
528 152 0 0
527 152 0 0
526 152 0 0
525 152 0 0
524 152 0 0
523 152 0 0
379 152 0 1
378 152 0 1
377 152 0 1
376 152 0 1
375 152 0 1
374 152 0 1
182 152 0 0
181 152 0 0
180 152 0 0
179 152 0 0
178 152 0 0
177 152 0 0
528 151 0 0
527 151 0 0
526 151 0 0
525 151 0 0
524 151 0 0
523 151 0 0
379 151 0 1
378 151 0 1
377 151 0 1
376 151 0 1
375 151 0 1
374 151 0 1
183 151 0 0
182 151 0 0
181 151 0 0
180 151 0 0
179 151 0 0
178 151 0 0
527 150 0 0
526 150 0 0
525 150 0 0
524 150 0 0
523 150 0 0
522 150 0 0
379 150 0 1
378 150 0 1
377 150 0 1
376 150 0 1
375 150 0 1
374 150 0 1
183 150 0 0
182 150 0 0
181 150 0 0
180 150 0 0
179 150 0 0
178 150 0 0
527 149 0 0
526 149 0 0
525 149 0 0
524 149 0 0
523 149 0 0
522 149 0 0
379 149 0 1
378 149 0 1
377 149 0 1
376 149 0 1
375 149 0 1
374 149 0 1
183 149 0 0
182 149 0 0
181 149 0 0
180 149 0 0
179 149 0 0
178 149 0 0
527 148 0 0
526 148 0 0
525 148 0 0
524 148 0 0
523 148 0 0
522 148 0 0
379 148 0 1
378 148 0 1
377 148 0 1
376 148 0 1
375 148 0 1
374 148 0 1
183 148 0 0
182 148 0 0
181 148 0 0
180 148 0 0
179 148 0 0
178 148 0 0
526 147 0 0
525 147 0 0
524 147 0 0
523 147 0 0
522 147 0 0
521 147 0 0
379 147 0 1
378 147 0 1
377 147 0 1
376 147 0 1
375 147 0 1
374 147 0 1
183 147 0 0
182 147 0 0
181 147 0 0
180 147 0 0
179 147 0 0
178 147 0 0
526 146 0 0
525 146 0 0
524 146 0 0
523 146 0 0
522 146 0 0
521 146 0 0
379 146 0 1
378 146 0 1
377 146 0 1
376 146 0 1
375 146 0 1
374 146 0 1
183 146 0 0
182 146 0 0
181 146 0 0
180 146 0 0
179 146 0 0
178 146 0 0
526 145 0 0
525 145 0 0
524 145 0 0
523 145 0 0
522 145 0 0
521 145 0 0
379 145 0 1
378 145 0 1
377 145 0 1
376 145 0 1
375 145 0 1
374 145 0 1
183 145 0 0
182 145 0 0
181 145 0 0
180 145 0 0
179 145 0 0
178 145 0 0
526 144 0 0
525 144 0 0
524 144 0 0
523 144 0 0
522 144 0 0
521 144 0 0
379 144 0 1
378 144 0 1
377 144 0 1
376 144 0 1
375 144 0 1
374 144 0 1
183 144 0 0
182 144 0 0
181 144 0 0
180 144 0 0
179 144 0 0
178 144 0 0
526 143 0 0
525 143 0 0
524 143 0 0
523 143 0 0
522 143 0 0
521 143 0 0
379 143 0 1
378 143 0 1
377 143 0 1
376 143 0 1
375 143 0 1
374 143 0 1
184 143 0 0
183 143 0 0
182 143 0 0
181 143 0 0
180 143 0 0
179 143 0 0
525 142 0 0
524 142 0 0
523 142 0 0
522 142 0 0
521 142 0 0
520 142 0 0
378 142 0 1
377 142 0 1
376 142 0 1
184 142 0 0
183 142 0 0
182 142 0 0
181 142 0 0
180 142 0 0
179 142 0 0
525 141 0 0
524 141 0 0
523 141 0 0
522 141 0 0
521 141 0 0
520 141 0 0
378 141 0 1
377 141 0 1
376 141 0 1
184 141 0 0
183 141 0 0
182 141 0 0
181 141 0 0
180 141 0 0
179 141 0 0
525 140 0 0
524 140 0 0
523 140 0 0
522 140 0 0
521 140 0 0
520 140 0 0
377 140 0 1
184 140 0 0
183 140 0 0
182 140 0 0
181 140 0 0
180 140 0 0
179 140 0 0
525 139 0 0
524 139 0 0
523 139 0 0
522 139 0 0
521 139 0 0
520 139 0 0
184 139 0 0
183 139 0 0
182 139 0 0
181 139 0 0
180 139 0 0
179 139 0 0
523 138 0 0
522 138 0 0
521 138 0 0
520 138 0 0
519 138 0 0
518 138 0 0
184 138 0 0
183 138 0 0
182 138 0 0
181 138 0 0
180 138 0 0
179 138 0 0
523 137 0 0
522 137 0 0
521 137 0 0
520 137 0 0
519 137 0 0
518 137 0 0
184 137 0 0
183 137 0 0
182 137 0 0
181 137 0 0
180 137 0 0
179 137 0 0
523 136 0 0
522 136 0 0
521 136 0 0
520 136 0 0
519 136 0 0
518 136 0 0
184 136 0 0
183 136 0 0
182 136 0 0
181 136 0 0
180 136 0 0
179 136 0 0
523 135 0 0
522 135 0 0
521 135 0 0
520 135 0 0
519 135 0 0
518 135 0 0
184 135 0 0
183 135 0 0
182 135 0 0
181 135 0 0
180 135 0 0
179 135 0 0
523 134 0 0
522 134 0 0
521 134 0 0
520 134 0 0
519 134 0 0
518 134 0 0
186 134 0 0
185 134 0 0
184 134 0 0
183 134 0 0
182 134 0 0
181 134 0 0
180 134 0 0
522 133 0 0
521 133 0 0
520 133 0 0
519 133 0 0
518 133 0 0
517 133 0 0
186 133 0 0
185 133 0 0
184 133 0 0
183 133 0 0
182 133 0 0
181 133 0 0
180 133 0 0
522 132 0 0
521 132 0 0
520 132 0 0
519 132 0 0
518 132 0 0
517 132 0 0
186 132 0 0
185 132 0 0
184 132 0 0
183 132 0 0
182 132 0 0
181 132 0 0
180 132 0 0
522 131 0 0
521 131 0 0
520 131 0 0
519 131 0 0
518 131 0 0
517 131 0 0
186 131 0 0
185 131 0 0
184 131 0 0
183 131 0 0
182 131 0 0
181 131 0 0
180 131 0 0
522 130 0 0
521 130 0 0
520 130 0 0
519 130 0 0
518 130 0 0
517 130 0 0
186 130 0 0
185 130 0 0
184 130 0 0
183 130 0 0
182 130 0 0
181 130 0 0
180 130 0 0
522 129 0 0
521 129 0 0
520 129 0 0
519 129 0 0
518 129 0 0
517 129 0 0
186 129 0 0
185 129 0 0
184 129 0 0
183 129 0 0
182 129 0 0
181 129 0 0
180 129 0 0
521 128 0 0
520 128 0 0
519 128 0 0
518 128 0 0
517 128 0 0
516 128 0 0
186 128 0 0
185 128 0 0
184 128 0 0
183 128 0 0
182 128 0 0
181 128 0 0
180 128 0 0
521 127 0 0
520 127 0 0
519 127 0 0
518 127 0 0
517 127 0 0
516 127 0 0
186 127 0 0
185 127 0 0
184 127 0 0
183 127 0 0
182 127 0 0
181 127 0 0
180 127 0 0
521 126 0 0
520 126 0 0
519 126 0 0
518 126 0 0
517 126 0 0
516 126 0 0
187 126 0 0
186 126 0 0
185 126 0 0
184 126 0 0
183 126 0 0
182 126 0 0
521 125 0 0
520 125 0 0
519 125 0 0
518 125 0 0
517 125 0 0
516 125 0 0
187 125 0 0
186 125 0 0
185 125 0 0
184 125 0 0
183 125 0 0
182 125 0 0
521 124 0 0
520 124 0 0
519 124 0 0
518 124 0 0
517 124 0 0
516 124 0 0
187 124 0 0
186 124 0 0
185 124 0 0
184 124 0 0
183 124 0 0
182 124 0 0
520 123 0 0
519 123 0 0
518 123 0 0
517 123 0 0
516 123 0 0
515 123 0 0
187 123 0 0
186 123 0 0
185 123 0 0
184 123 0 0
183 123 0 0
182 123 0 0
520 122 0 0
519 122 0 0
518 122 0 0
517 122 0 0
516 122 0 0
515 122 0 0
187 122 0 0
186 122 0 0
185 122 0 0
184 122 0 0
183 122 0 0
182 122 0 0
519 121 0 0
518 121 0 0
517 121 0 0
516 121 0 0
515 121 0 0
514 121 0 0
513 121 0 0
187 121 0 0
186 121 0 0
185 121 0 0
184 121 0 0
183 121 0 0
182 121 0 0
519 120 0 0
518 120 0 0
517 120 0 0
516 120 0 0
515 120 0 0
514 120 0 0
513 120 0 0
187 120 0 0
186 120 0 0
185 120 0 0
184 120 0 0
183 120 0 0
182 120 0 0
519 119 0 0
518 119 0 0
517 119 0 0
516 119 0 0
515 119 0 0
514 119 0 0
513 119 0 0
187 119 0 0
186 119 0 0
185 119 0 0
184 119 0 0
183 119 0 0
182 119 0 0
519 118 0 0
518 118 0 0
517 118 0 0
516 118 0 0
515 118 0 0
514 118 0 0
513 118 0 0
187 118 0 0
186 118 0 0
185 118 0 0
184 118 0 0
183 118 0 0
182 118 0 0
519 117 0 0
518 117 0 0
517 117 0 0
516 117 0 0
515 117 0 0
514 117 0 0
513 117 0 0
188 117 0 0
187 117 0 0
186 117 0 0
185 117 0 0
184 117 0 0
183 117 0 0
517 116 0 0
516 116 0 0
515 116 0 0
514 116 0 0
513 116 0 0
512 116 0 0
188 116 0 0
187 116 0 0
186 116 0 0
185 116 0 0
184 116 0 0
183 116 0 0
517 115 0 0
516 115 0 0
515 115 0 0
514 115 0 0
513 115 0 0
512 115 0 0
188 115 0 0
187 115 0 0
186 115 0 0
185 115 0 0
184 115 0 0
183 115 0 0
517 114 0 0
516 114 0 0
515 114 0 0
514 114 0 0
513 114 0 0
512 114 0 0
188 114 0 0
187 114 0 0
186 114 0 0
185 114 0 0
184 114 0 0
183 114 0 0
517 113 0 0
516 113 0 0
515 113 0 0
514 113 0 0
513 113 0 0
512 113 0 0
188 113 0 0
187 113 0 0
186 113 0 0
185 113 0 0
184 113 0 0
183 113 0 0
517 112 0 0
516 112 0 0
515 112 0 0
514 112 0 0
513 112 0 0
512 112 0 0
188 112 0 0
187 112 0 0
186 112 0 0
185 112 0 0
184 112 0 0
183 112 0 0
516 111 0 0
515 111 0 0
514 111 0 0
513 111 0 0
512 111 0 0
511 111 0 0
188 111 0 0
187 111 0 0
186 111 0 0
185 111 0 0
184 111 0 0
183 111 0 0
516 110 0 0
515 110 0 0
514 110 0 0
513 110 0 0
512 110 0 0
511 110 0 0
189 110 0 0
188 110 0 0
187 110 0 0
186 110 0 0
185 110 0 0
184 110 0 0
516 109 0 0
515 109 0 0
514 109 0 0
513 109 0 0
512 109 0 0
511 109 0 0
189 109 0 0
188 109 0 0
187 109 0 0
186 109 0 0
185 109 0 0
184 109 0 0
516 108 0 0
515 108 0 0
514 108 0 0
513 108 0 0
512 108 0 0
511 108 0 0
189 108 0 0
188 108 0 0
187 108 0 0
186 108 0 0
185 108 0 0
184 108 0 0
516 107 0 0
515 107 0 0
514 107 0 0
513 107 0 0
512 107 0 0
511 107 0 0
189 107 0 0
188 107 0 0
187 107 0 0
186 107 0 0
185 107 0 0
184 107 0 0
515 106 0 0
514 106 0 0
513 106 0 0
512 106 0 0
511 106 0 0
510 106 0 0
189 106 0 0
188 106 0 0
187 106 0 0
186 106 0 0
185 106 0 0
184 106 0 0
515 105 0 0
514 105 0 0
513 105 0 0
512 105 0 0
511 105 0 0
510 105 0 0
189 105 0 0
188 105 0 0
187 105 0 0
186 105 0 0
185 105 0 0
184 105 0 0
514 104 0 0
513 104 0 0
512 104 0 0
511 104 0 0
510 104 0 0
509 104 0 0
189 104 0 0
188 104 0 0
187 104 0 0
186 104 0 0
185 104 0 0
184 104 0 0
512 103 0 0
511 103 0 0
510 103 0 0
509 103 0 0
508 103 0 0
507 103 0 0
190 103 0 0
189 103 0 0
188 103 0 0
187 103 0 0
186 103 0 0
185 103 0 0
512 102 0 0
511 102 0 0
510 102 0 0
509 102 0 0
508 102 0 0
507 102 0 0
190 102 0 0
189 102 0 0
188 102 0 0
187 102 0 0
186 102 0 0
185 102 0 0
512 101 0 0
511 101 0 0
510 101 0 0
509 101 0 0
508 101 0 0
507 101 0 0
190 101 0 0
189 101 0 0
188 101 0 0
187 101 0 0
186 101 0 0
185 101 0 0
512 100 0 0
511 100 0 0
510 100 0 0
509 100 0 0
508 100 0 0
507 100 0 0
190 100 0 0
189 100 0 0
188 100 0 0
187 100 0 0
186 100 0 0
185 100 0 0
511 99 0 0
510 99 0 0
509 99 0 0
190 99 0 0
189 99 0 0
188 99 0 0
187 99 0 0
186 99 0 0
185 99 0 0
510 98 0 0
190 98 0 0
189 98 0 0
188 98 0 0
187 98 0 0
186 98 0 0
185 98 0 0
190 97 0 0
189 97 0 0
188 97 0 0
187 97 0 0
186 97 0 0
185 97 0 0
190 96 0 0
189 96 0 0
188 96 0 0
187 96 0 0
186 96 0 0
185 96 0 0
190 95 0 0
189 95 0 0
188 95 0 0
187 95 0 0
186 95 0 0
185 95 0 0
192 94 0 0
191 94 0 0
190 94 0 0
189 94 0 0
188 94 0 0
187 94 0 0
192 93 0 0
191 93 0 0
190 93 0 0
189 93 0 0
188 93 0 0
187 93 0 0
192 92 0 0
191 92 0 0
190 92 0 0
189 92 0 0
188 92 0 0
187 92 0 0
192 91 0 0
191 91 0 0
190 91 0 0
189 91 0 0
188 91 0 0
187 91 0 0
192 90 0 0
191 90 0 0
190 90 0 0
189 90 0 0
188 90 0 0
187 90 0 0
192 89 0 0
191 89 0 0
190 89 0 0
189 89 0 0
188 89 0 0
187 89 0 0
192 88 0 0
191 88 0 0
190 88 0 0
189 88 0 0
188 88 0 0
187 88 0 0
192 87 0 0
191 87 0 0
190 87 0 0
189 87 0 0
188 87 0 0
187 87 0 0
193 86 0 0
192 86 0 0
191 86 0 0
190 86 0 0
189 86 0 0
188 86 0 0
193 85 0 0
192 85 0 0
191 85 0 0
190 85 0 0
189 85 0 0
188 85 0 0
193 84 0 0
192 84 0 0
191 84 0 0
190 84 0 0
189 84 0 0
188 84 0 0
193 83 0 0
192 83 0 0
191 83 0 0
190 83 0 0
189 83 0 0
188 83 0 0
193 82 0 0
192 82 0 0
191 82 0 0
190 82 0 0
189 82 0 0
188 82 0 0
193 81 0 0
192 81 0 0
191 81 0 0
190 81 0 0
189 81 0 0
188 81 0 0
193 80 0 0
192 80 0 0
191 80 0 0
190 80 0 0
189 80 0 0
188 80 0 0
193 79 0 0
192 79 0 0
191 79 0 0
190 79 0 0
189 79 0 0
188 79 0 0
194 78 0 0
193 78 0 0
192 78 0 0
191 78 0 0
190 78 0 0
189 78 0 0
194 77 0 0
193 77 0 0
192 77 0 0
191 77 0 0
190 77 0 0
189 77 0 0
194 76 0 0
193 76 0 0
192 76 0 0
191 76 0 0
190 76 0 0
189 76 0 0
194 75 0 0
193 75 0 0
192 75 0 0
191 75 0 0
190 75 0 0
189 75 0 0
194 74 0 0
193 74 0 0
192 74 0 0
191 74 0 0
190 74 0 0
189 74 0 0
194 73 0 0
193 73 0 0
192 73 0 0
191 73 0 0
190 73 0 0
189 73 0 0
194 72 0 0
193 72 0 0
192 72 0 0
191 72 0 0
190 72 0 0
189 72 0 0
194 71 0 0
193 71 0 0
192 71 0 0
191 71 0 0
190 71 0 0
189 71 0 0
193 70 0 0
192 70 0 0
191 70 0 0
190 70 0 0
192 69 0 0
191 69 0 0
192 68 0 0
191 68 0 0
461 49 0 0
460 49 0 0
462 48 0 0
461 48 0 0
460 48 0 0
459 48 0 0
464 47 0 0
463 47 0 0
462 47 0 0
461 47 0 0
460 47 0 0
459 47 0 0
458 47 0 0
457 47 0 0
456 47 0 0
455 47 0 0
454 47 0 0
464 46 0 0
463 46 0 0
462 46 0 0
461 46 0 0
460 46 0 0
459 46 0 0
458 46 0 0
457 46 0 0
456 46 0 0
455 46 0 0
454 46 0 0
462 45 0 0
461 45 0 0
460 45 0 0
459 45 0 0
458 45 0 0
457 45 0 0
456 45 0 0
455 45 0 0
454 45 0 0
453 45 0 0
452 45 0 0
451 45 0 0
450 45 0 0
461 44 0 0
460 44 0 0
459 44 0 0
458 44 0 0
457 44 0 0
456 44 0 0
455 44 0 0
454 44 0 0
453 44 0 0
452 44 0 0
451 44 0 0
450 44 0 0
449 44 0 0
448 44 0 0
447 44 0 0
446 44 0 0
445 44 0 0
460 43 0 0
459 43 0 0
458 43 0 0
457 43 0 0
456 43 0 0
455 43 0 0
454 43 0 0
453 43 0 0
452 43 0 0
451 43 0 0
450 43 0 0
449 43 0 0
448 43 0 0
447 43 0 0
446 43 0 0
445 43 0 0
444 43 0 0
443 43 0 0
442 43 0 0
441 43 0 0
440 43 0 0
458 42 0 0
457 42 0 0
456 42 0 0
455 42 0 0
454 42 0 0
453 42 0 0
452 42 0 0
451 42 0 0
450 42 0 0
449 42 0 0
448 42 0 0
447 42 0 0
446 42 0 0
445 42 0 0
444 42 0 0
443 42 0 0
442 42 0 0
441 42 0 0
440 42 0 0
439 42 0 0
438 42 0 0
437 42 0 0
458 41 0 0
457 41 0 0
456 41 0 0
455 41 0 0
454 41 0 0
453 41 0 0
452 41 0 0
451 41 0 0
450 41 0 0
449 41 0 0
448 41 0 0
447 41 0 0
446 41 0 0
445 41 0 0
444 41 0 0
443 41 0 0
442 41 0 0
441 41 0 0
440 41 0 0
439 41 0 0
438 41 0 0
437 41 0 0
453 40 0 0
452 40 0 0
451 40 0 0
450 40 0 0
449 40 0 0
448 40 0 0
447 40 0 0
446 40 0 0
445 40 0 0
444 40 0 0
443 40 0 0
442 40 0 0
441 40 0 0
440 40 0 0
439 40 0 0
438 40 0 0
437 40 0 0
436 40 0 0
435 40 0 0
434 40 0 0
433 40 0 0
449 39 0 0
448 39 0 0
447 39 0 0
446 39 0 0
445 39 0 0
444 39 0 0
443 39 0 0
442 39 0 0
441 39 0 0
440 39 0 0
439 39 0 0
438 39 0 0
437 39 0 0
436 39 0 0
435 39 0 0
434 39 0 0
433 39 0 0
432 39 0 0
431 39 0 0
430 39 0 0
429 39 0 0
444 38 0 0
443 38 0 0
442 38 0 0
441 38 0 0
440 38 0 0
439 38 0 0
438 38 0 0
437 38 0 0
436 38 0 0
435 38 0 0
434 38 0 0
433 38 0 0
432 38 0 0
431 38 0 0
430 38 0 0
429 38 0 0
428 38 0 0
427 38 0 0
426 38 0 0
425 38 0 0
424 38 0 0
439 37 0 0
438 37 0 0
437 37 0 0
436 37 0 0
435 37 0 0
434 37 0 0
433 37 0 0
432 37 0 0
431 37 0 0
430 37 0 0
429 37 0 0
428 37 0 0
427 37 0 0
426 37 0 0
425 37 0 0
424 37 0 0
423 37 0 0
422 37 0 0
421 37 0 0
436 36 0 0
435 36 0 0
434 36 0 0
433 36 0 0
432 36 0 0
431 36 0 0
430 36 0 0
429 36 0 0
428 36 0 0
427 36 0 0
426 36 0 0
425 36 0 0
424 36 0 0
423 36 0 0
422 36 0 0
421 36 0 0
420 36 0 0
419 36 0 0
418 36 0 0
417 36 0 0
416 36 0 0
436 35 0 0
435 35 0 0
434 35 0 0
433 35 0 0
432 35 0 0
431 35 0 0
430 35 0 0
429 35 0 0
428 35 0 0
427 35 0 0
426 35 0 0
425 35 0 0
424 35 0 0
423 35 0 0
422 35 0 0
421 35 0 0
420 35 0 0
419 35 0 0
418 35 0 0
417 35 0 0
416 35 0 0
432 34 0 0
431 34 0 0
430 34 0 0
429 34 0 0
428 34 0 0
427 34 0 0
426 34 0 0
425 34 0 0
424 34 0 0
423 34 0 0
422 34 0 0
421 34 0 0
420 34 0 0
419 34 0 0
418 34 0 0
417 34 0 0
416 34 0 0
415 34 0 0
414 34 0 0
413 34 0 0
412 34 0 0
428 33 0 0
427 33 0 0
426 33 0 0
425 33 0 0
424 33 0 0
423 33 0 0
422 33 0 0
421 33 0 0
420 33 0 0
419 33 0 0
418 33 0 0
417 33 0 0
416 33 0 0
415 33 0 0
414 33 0 0
413 33 0 0
412 33 0 0
411 33 0 0
410 33 0 0
409 33 0 0
423 32 0 0
422 32 0 0
421 32 0 0
420 32 0 0
419 32 0 0
418 32 0 0
417 32 0 0
416 32 0 0
415 32 0 0
414 32 0 0
413 32 0 0
412 32 0 0
411 32 0 0
410 32 0 0
409 32 0 0
408 32 0 0
407 32 0 0
406 32 0 0
405 32 0 0
404 32 0 0
420 31 0 0
419 31 0 0
418 31 0 0
417 31 0 0
416 31 0 0
415 31 0 0
414 31 0 0
413 31 0 0
412 31 0 0
411 31 0 0
410 31 0 0
409 31 0 0
408 31 0 0
407 31 0 0
406 31 0 0
405 31 0 0
404 31 0 0
403 31 0 0
402 31 0 0
401 31 0 0
400 31 0 0
420 30 0 0
419 30 0 0
418 30 0 0
417 30 0 0
416 30 0 0
415 30 0 0
414 30 0 0
413 30 0 0
412 30 0 0
411 30 0 0
410 30 0 0
409 30 0 0
408 30 0 0
407 30 0 0
406 30 0 0
405 30 0 0
404 30 0 0
403 30 0 0
402 30 0 0
401 30 0 0
400 30 0 0
415 29 0 0
414 29 0 0
413 29 0 0
412 29 0 0
411 29 0 0
410 29 0 0
409 29 0 0
408 29 0 0
407 29 0 0
406 29 0 0
405 29 0 0
404 29 0 0
403 29 0 0
402 29 0 0
401 29 0 0
400 29 0 0
399 29 0 0
398 29 0 0
397 29 0 0
396 29 0 0
395 29 0 0
411 28 0 0
410 28 0 0
409 28 0 0
408 28 0 0
407 28 0 0
406 28 0 0
405 28 0 0
404 28 0 0
403 28 0 0
402 28 0 0
401 28 0 0
400 28 0 0
399 28 0 0
398 28 0 0
397 28 0 0
396 28 0 0
395 28 0 0
394 28 0 0
393 28 0 0
392 28 0 0
391 28 0 0
408 27 0 0
407 27 0 0
406 27 0 0
405 27 0 0
404 27 0 0
403 27 0 0
402 27 0 0
401 27 0 0
400 27 0 0
399 27 0 0
398 27 0 0
397 27 0 0
396 27 0 0
395 27 0 0
394 27 0 0
393 27 0 0
392 27 0 0
391 27 0 0
390 27 0 0
389 27 0 0
388 27 0 0
387 27 0 0
403 26 0 0
402 26 0 0
401 26 0 0
400 26 0 0
399 26 0 0
398 26 0 0
397 26 0 0
396 26 0 0
395 26 0 0
394 26 0 0
393 26 0 0
392 26 0 0
391 26 0 0
390 26 0 0
389 26 0 0
388 26 0 0
387 26 0 0
386 26 0 0
385 26 0 0
384 26 0 0
383 26 0 0
382 26 0 0
381 26 0 0
380 26 0 0
379 26 0 0
378 26 0 0
377 26 0 0
399 25 0 0
398 25 0 0
397 25 0 0
396 25 0 0
395 25 0 0
394 25 0 0
393 25 0 0
392 25 0 0
391 25 0 0
390 25 0 0
389 25 0 0
388 25 0 0
387 25 0 0
386 25 0 0
385 25 0 0
384 25 0 0
383 25 0 0
382 25 0 0
381 25 0 0
380 25 0 0
379 25 0 0
378 25 0 0
377 25 0 0
376 25 0 0
399 24 0 0
398 24 0 0
397 24 0 0
396 24 0 0
395 24 0 0
394 24 0 0
393 24 0 0
392 24 0 0
391 24 0 0
390 24 0 0
389 24 0 0
388 24 0 0
387 24 0 0
386 24 0 0
385 24 0 0
384 24 0 0
383 24 0 0
382 24 0 0
381 24 0 0
380 24 0 0
379 24 0 0
378 24 0 0
377 24 0 0
376 24 0 0
394 23 0 0
393 23 0 0
392 23 0 0
391 23 0 0
390 23 0 0
389 23 0 0
388 23 0 0
387 23 0 0
386 23 0 0
385 23 0 0
384 23 0 0
383 23 0 0
382 23 0 0
381 23 0 0
380 23 0 0
379 23 0 0
378 23 0 0
377 23 0 0
376 23 0 0
375 23 0 0
374 23 0 0
390 22 0 0
389 22 0 0
388 22 0 0
387 22 0 0
386 22 0 0
385 22 0 0
384 22 0 0
383 22 0 0
382 22 0 0
381 22 0 0
380 22 0 0
379 22 0 0
378 22 0 0
377 22 0 0
376 22 0 0
386 21 0 0
385 21 0 0
384 21 0 0
383 21 0 0
382 21 0 0
381 21 0 0
380 21 0 0
379 21 0 0
378 21 0 0
377 21 0 0
