1329 284 398
135 361 0 0
134 361 0 0
133 361 0 0
132 361 0 0
131 361 0 0
130 361 0 0
129 361 0 0
128 361 0 0
127 361 0 0
126 361 0 0
144 360 0 0
143 360 0 0
142 360 0 0
141 360 0 0
140 360 0 0
139 360 0 0
138 360 0 0
137 360 0 0
136 360 0 0
135 360 0 0
134 360 0 0
133 360 0 0
132 360 0 0
131 360 0 0
130 360 0 0
129 360 0 0
128 360 0 0
127 360 0 0
126 360 0 0
125 360 0 0
124 360 0 0
123 360 0 0
122 360 0 0
121 360 0 0
154 359 0 0
153 359 0 0
152 359 0 0
151 359 0 0
150 359 0 0
149 359 0 0
148 359 0 0
147 359 0 0
146 359 0 0
145 359 0 0
144 359 0 0
143 359 0 0
142 359 0 0
141 359 0 0
140 359 0 0
139 359 0 0
138 359 0 0
137 359 0 0
136 359 0 0
135 359 0 0
134 359 0 0
133 359 0 0
132 359 0 0
131 359 0 0
130 359 0 0
129 359 0 0
128 359 0 0
127 359 0 0
126 359 0 0
125 359 0 0
124 359 0 0
123 359 0 0
122 359 0 0
121 359 0 0
120 359 0 0
164 358 0 0
163 358 0 0
162 358 0 0
161 358 0 0
160 358 0 0
159 358 0 0
158 358 0 0
157 358 0 0
156 358 0 0
155 358 0 0
154 358 0 0
153 358 0 0
152 358 0 0
151 358 0 0
150 358 0 0
149 358 0 0
148 358 0 0
147 358 0 0
146 358 0 0
145 358 0 0
144 358 0 0
143 358 0 0
142 358 0 0
141 358 0 0
140 358 0 0
139 358 0 0
138 358 0 0
137 358 0 0
136 358 0 0
135 358 0 0
134 358 0 0
133 358 0 0
132 358 0 0
131 358 0 0
130 358 0 0
129 358 0 0
128 358 0 0
127 358 0 0
126 358 0 0
125 358 0 0
124 358 0 0
123 358 0 0
122 358 0 0
121 358 0 0
120 358 0 0
119 358 0 0
182 357 0 0
181 357 0 0
180 357 0 0
179 357 0 0
178 357 0 0
177 357 0 0
176 357 0 0
175 357 0 0
174 357 0 0
173 357 0 0
172 357 0 0
171 357 0 0
170 357 0 0
169 357 0 0
168 357 0 0
167 357 0 0
166 357 0 0
165 357 0 0
164 357 0 0
163 357 0 0
162 357 0 0
161 357 0 0
160 357 0 0
159 357 0 0
158 357 0 0
157 357 0 0
156 357 0 0
155 357 0 0
154 357 0 0
153 357 0 0
152 357 0 0
151 357 0 0
150 357 0 0
149 357 0 0
148 357 0 0
147 357 0 0
146 357 0 0
145 357 0 0
144 357 0 0
143 357 0 0
142 357 0 0
141 357 0 0
140 357 0 0
139 357 0 0
138 357 0 0
137 357 0 0
136 357 0 0
125 357 0 0
124 357 0 0
123 357 0 0
122 357 0 0
121 357 0 0
192 356 0 0
191 356 0 0
190 356 0 0
189 356 0 0
188 356 0 0
187 356 0 0
186 356 0 0
185 356 0 0
184 356 0 0
183 356 0 0
182 356 0 0
181 356 0 0
180 356 0 0
179 356 0 0
178 356 0 0
177 356 0 0
176 356 0 0
175 356 0 0
174 356 0 0
173 356 0 0
172 356 0 0
171 356 0 0
170 356 0 0
169 356 0 0
168 356 0 0
167 356 0 0
166 356 0 0
165 356 0 0
164 356 0 0
163 356 0 0
162 356 0 0
161 356 0 0
160 356 0 0
159 356 0 0
158 356 0 0
157 356 0 0
156 356 0 0
155 356 0 0
154 356 0 0
153 356 0 0
152 356 0 0
151 356 0 0
150 356 0 0
149 356 0 0
148 356 0 0
147 356 0 0
146 356 0 0
145 356 0 0
202 355 0 0
201 355 0 0
200 355 0 0
199 355 0 0
198 355 0 0
197 355 0 0
196 355 0 0
195 355 0 0
194 355 0 0
193 355 0 0
192 355 0 0
191 355 0 0
190 355 0 0
189 355 0 0
188 355 0 0
187 355 0 0
186 355 0 0
185 355 0 0
184 355 0 0
183 355 0 0
182 355 0 0
181 355 0 0
180 355 0 0
179 355 0 0
178 355 0 0
177 355 0 0
176 355 0 0
175 355 0 0
174 355 0 0
173 355 0 0
172 355 0 0
171 355 0 0
170 355 0 0
169 355 0 0
168 355 0 0
167 355 0 0
166 355 0 0
165 355 0 0
164 355 0 0
163 355 0 0
162 355 0 0
161 355 0 0
160 355 0 0
159 355 0 0
158 355 0 0
157 355 0 0
156 355 0 0
155 355 0 0
211 354 0 0
210 354 0 0
209 354 0 0
208 354 0 0
207 354 0 0
206 354 0 0
205 354 0 0
204 354 0 0
203 354 0 0
202 354 0 0
201 354 0 0
200 354 0 0
199 354 0 0
198 354 0 0
197 354 0 0
196 354 0 0
195 354 0 0
194 354 0 0
193 354 0 0
192 354 0 0
191 354 0 0
190 354 0 0
189 354 0 0
188 354 0 0
187 354 0 0
186 354 0 0
185 354 0 0
184 354 0 0
183 354 0 0
182 354 0 0
181 354 0 0
180 354 0 0
179 354 0 0
178 354 0 0
177 354 0 0
176 354 0 0
175 354 0 0
174 354 0 0
173 354 0 0
172 354 0 0
171 354 0 0
170 354 0 0
169 354 0 0
168 354 0 0
167 354 0 0
166 354 0 0
165 354 0 0
218 353 0 0
217 353 0 0
216 353 0 0
215 353 0 0
214 353 0 0
213 353 0 0
212 353 0 0
211 353 0 0
210 353 0 0
209 353 0 0
208 353 0 0
207 353 0 0
206 353 0 0
205 353 0 0
204 353 0 0
203 353 0 0
202 353 0 0
201 353 0 0
200 353 0 0
199 353 0 0
198 353 0 0
197 353 0 0
196 353 0 0
195 353 0 0
194 353 0 0
193 353 0 0
192 353 0 0
191 353 0 0
190 353 0 0
189 353 0 0
188 353 0 0
187 353 0 0
186 353 0 0
185 353 0 0
184 353 0 0
183 353 0 0
218 352 0 0
217 352 0 0
216 352 0 0
215 352 0 0
214 352 0 0
213 352 0 0
212 352 0 0
211 352 0 0
210 352 0 0
209 352 0 0
208 352 0 0
207 352 0 0
206 352 0 0
205 352 0 0
204 352 0 0
203 352 0 0
202 352 0 0
201 352 0 0
200 352 0 0
199 352 0 0
198 352 0 0
197 352 0 0
196 352 0 0
195 352 0 0
194 352 0 0
193 352 0 0
218 351 0 0
217 351 0 0
216 351 0 0
215 351 0 0
214 351 0 0
213 351 0 0
212 351 0 0
211 351 0 0
210 351 0 0
209 351 0 0
208 351 0 0
207 351 0 0
206 351 0 0
205 351 0 0
204 351 0 0
203 351 0 0
217 350 0 0
216 350 0 0
215 350 0 0
214 350 0 0
213 350 0 0
212 350 0 0
133 175 0 1
134 174 0 1
133 174 0 1
132 174 0 1
135 173 0 1
134 173 0 1
133 173 0 1
132 173 0 1
135 172 0 1
134 172 0 1
133 172 0 1
132 172 0 1
135 171 0 1
134 171 0 1
133 171 0 1
132 171 0 1
135 170 0 1
134 170 0 1
133 170 0 1
132 170 0 1
135 169 0 1
134 169 0 1
133 169 0 1
132 169 0 1
135 168 0 1
134 168 0 1
133 168 0 1
132 168 0 1
135 167 0 1
134 167 0 1
133 167 0 1
132 167 0 1
135 166 0 1
134 166 0 1
133 166 0 1
132 166 0 1
135 165 0 1
134 165 0 1
133 165 0 1
132 165 0 1
135 164 0 1
134 164 0 1
133 164 0 1
132 164 0 1
135 163 0 1
134 163 0 1
133 163 0 1
132 163 0 1
135 162 0 1
134 162 0 1
133 162 0 1
132 162 0 1
135 161 0 1
134 161 0 1
133 161 0 1
132 161 0 1
135 160 0 1
134 160 0 1
133 160 0 1
132 160 0 1
135 159 0 1
134 159 0 1
133 159 0 1
132 159 0 1
135 158 0 1
134 158 0 1
133 158 0 1
132 158 0 1
135 157 0 1
134 157 0 1
133 157 0 1
132 157 0 1
135 156 0 1
134 156 0 1
133 156 0 1
132 156 0 1
135 155 0 1
134 155 0 1
133 155 0 1
132 155 0 1
135 154 0 1
134 154 0 1
133 154 0 1
132 154 0 1
135 153 0 1
134 153 0 1
133 153 0 1
132 153 0 1
135 152 0 1
134 152 0 1
133 152 0 1
132 152 0 1
135 151 0 1
134 151 0 1
133 151 0 1
132 151 0 1
135 150 0 1
134 150 0 1
133 150 0 1
132 150 0 1
135 149 0 1
134 149 0 1
133 149 0 1
132 149 0 1
135 148 0 1
134 148 0 1
133 148 0 1
132 148 0 1
134 147 0 1
133 147 0 1
132 147 0 1
131 147 0 1
134 146 0 1
133 146 0 1
132 146 0 1
131 146 0 1
134 145 0 1
133 145 0 1
132 145 0 1
131 145 0 1
134 144 0 1
133 144 0 1
132 144 0 1
131 144 0 1
134 143 0 1
133 143 0 1
132 143 0 1
131 143 0 1
134 142 0 1
133 142 0 1
132 142 0 1
131 142 0 1
134 141 0 1
133 141 0 1
132 141 0 1
131 141 0 1
134 140 0 1
133 140 0 1
132 140 0 1
131 140 0 1
134 139 0 1
133 139 0 1
132 139 0 1
131 139 0 1
134 138 0 1
133 138 0 1
132 138 0 1
131 138 0 1
134 137 0 1
133 137 0 1
132 137 0 1
131 137 0 1
134 136 0 1
133 136 0 1
132 136 0 1
131 136 0 1
134 135 0 1
133 135 0 1
132 135 0 1
131 135 0 1
134 134 0 1
133 134 0 1
132 134 0 1
131 134 0 1
11 134 0 0
134 133 0 1
133 133 0 1
132 133 0 1
131 133 0 1
12 133 0 0
11 133 0 0
10 133 0 0
134 132 0 1
133 132 0 1
132 132 0 1
131 132 0 1
13 132 0 0
12 132 0 0
11 132 0 0
10 132 0 0
134 131 0 1
133 131 0 1
132 131 0 1
131 131 0 1
14 131 0 0
13 131 0 0
12 131 0 0
11 131 0 0
10 131 0 0
134 130 0 1
133 130 0 1
132 130 0 1
131 130 0 1
14 130 0 0
13 130 0 0
12 130 0 0
11 130 0 0
10 130 0 0
134 129 0 1
133 129 0 1
132 129 0 1
131 129 0 1
14 129 0 0
13 129 0 0
12 129 0 0
11 129 0 0
10 129 0 0
134 128 0 1
133 128 0 1
132 128 0 1
131 128 0 1
14 128 0 0
13 128 0 0
12 128 0 0
11 128 0 0
134 127 0 1
133 127 0 1
132 127 0 1
131 127 0 1
14 127 0 0
13 127 0 0
12 127 0 0
11 127 0 0
134 126 0 1
133 126 0 1
132 126 0 1
131 126 0 1
15 126 0 0
14 126 0 0
13 126 0 0
12 126 0 0
134 125 0 1
133 125 0 1
132 125 0 1
131 125 0 1
15 125 0 0
14 125 0 0
13 125 0 0
12 125 0 0
134 124 0 1
133 124 0 1
132 124 0 1
131 124 0 1
16 124 0 0
15 124 0 0
14 124 0 0
13 124 0 0
134 123 0 1
133 123 0 1
132 123 0 1
131 123 0 1
16 123 0 0
15 123 0 0
14 123 0 0
13 123 0 0
134 122 0 1
133 122 0 1
132 122 0 1
131 122 0 1
17 122 0 0
16 122 0 0
15 122 0 0
14 122 0 0
134 121 0 1
133 121 0 1
132 121 0 1
131 121 0 1
18 121 0 0
17 121 0 0
16 121 0 0
15 121 0 0
14 121 0 0
134 120 0 1
133 120 0 1
132 120 0 1
131 120 0 1
18 120 0 0
17 120 0 0
16 120 0 0
15 120 0 0
134 119 0 1
133 119 0 1
132 119 0 1
131 119 0 1
18 119 0 0
17 119 0 0
16 119 0 0
15 119 0 0
133 118 0 1
132 118 0 1
18 118 0 0
17 118 0 0
16 118 0 0
15 118 0 0
132 117 0 1
19 117 0 0
18 117 0 0
17 117 0 0
16 117 0 0
19 116 0 0
18 116 0 0
17 116 0 0
16 116 0 0
20 115 0 0
19 115 0 0
18 115 0 0
17 115 0 0
21 114 0 0
20 114 0 0
19 114 0 0
18 114 0 0
17 114 0 0
21 113 0 0
20 113 0 0
19 113 0 0
18 113 0 0
22 112 0 0
21 112 0 0
20 112 0 0
19 112 0 0
22 111 0 0
21 111 0 0
20 111 0 0
19 111 0 0
22 110 0 0
21 110 0 0
20 110 0 0
19 110 0 0
22 109 0 0
21 109 0 0
20 109 0 0
19 109 0 0
23 108 0 0
22 108 0 0
21 108 0 0
20 108 0 0
24 107 0 0
23 107 0 0
22 107 0 0
21 107 0 0
24 106 0 0
23 106 0 0
22 106 0 0
21 106 0 0
25 105 0 0
24 105 0 0
23 105 0 0
22 105 0 0
25 104 0 0
24 104 0 0
23 104 0 0
22 104 0 0
26 103 0 0
25 103 0 0
24 103 0 0
23 103 0 0
26 102 0 0
25 102 0 0
24 102 0 0
23 102 0 0
26 101 0 0
25 101 0 0
24 101 0 0
23 101 0 0
26 100 0 0
25 100 0 0
24 100 0 0
23 100 0 0
28 99 0 0
27 99 0 0
26 99 0 0
25 99 0 0
28 98 0 0
27 98 0 0
26 98 0 0
25 98 0 0
28 97 0 0
27 97 0 0
26 97 0 0
25 97 0 0
29 96 0 0
28 96 0 0
27 96 0 0
26 96 0 0
29 95 0 0
28 95 0 0
27 95 0 0
26 95 0 0
30 94 0 0
29 94 0 0
28 94 0 0
27 94 0 0
30 93 0 0
29 93 0 0
28 93 0 0
27 93 0 0
30 92 0 0
29 92 0 0
28 92 0 0
27 92 0 0
31 91 0 0
30 91 0 0
29 91 0 0
28 91 0 0
27 91 0 0
32 90 0 0
31 90 0 0
30 90 0 0
29 90 0 0
32 89 0 0
31 89 0 0
30 89 0 0
29 89 0 0
32 88 0 0
31 88 0 0
30 88 0 0
29 88 0 0
33 87 0 0
32 87 0 0
31 87 0 0
30 87 0 0
34 86 0 0
33 86 0 0
32 86 0 0
31 86 0 0
34 85 0 0
33 85 0 0
32 85 0 0
31 85 0 0
34 84 0 0
33 84 0 0
32 84 0 0
31 84 0 0
268 83 0 0
34 83 0 0
33 83 0 0
32 83 0 0
31 83 0 0
270 82 0 0
269 82 0 0
268 82 0 0
267 82 0 0
266 82 0 0
265 82 0 0
35 82 0 0
34 82 0 0
33 82 0 0
32 82 0 0
269 81 0 0
268 81 0 0
267 81 0 0
266 81 0 0
265 81 0 0
36 81 0 0
35 81 0 0
34 81 0 0
33 81 0 0
268 80 0 0
267 80 0 0
266 80 0 0
265 80 0 0
264 80 0 0
36 80 0 0
35 80 0 0
34 80 0 0
33 80 0 0
267 79 0 0
266 79 0 0
265 79 0 0
264 79 0 0
263 79 0 0
37 79 0 0
36 79 0 0
35 79 0 0
34 79 0 0
266 78 0 0
265 78 0 0
264 78 0 0
263 78 0 0
262 78 0 0
261 78 0 0
37 78 0 0
36 78 0 0
35 78 0 0
34 78 0 0
264 77 0 0
263 77 0 0
262 77 0 0
261 77 0 0
260 77 0 0
38 77 0 0
37 77 0 0
36 77 0 0
35 77 0 0
263 76 0 0
262 76 0 0
261 76 0 0
260 76 0 0
259 76 0 0
39 76 0 0
38 76 0 0
37 76 0 0
36 76 0 0
35 76 0 0
262 75 0 0
261 75 0 0
260 75 0 0
259 75 0 0
258 75 0 0
39 75 0 0
38 75 0 0
37 75 0 0
36 75 0 0
35 75 0 0
261 74 0 0
260 74 0 0
259 74 0 0
258 74 0 0
257 74 0 0
39 74 0 0
38 74 0 0
37 74 0 0
36 74 0 0
35 74 0 0
260 73 0 0
259 73 0 0
258 73 0 0
257 73 0 0
256 73 0 0
255 73 0 0
39 73 0 0
38 73 0 0
37 73 0 0
36 73 0 0
259 72 0 0
258 72 0 0
257 72 0 0
256 72 0 0
255 72 0 0
254 72 0 0
40 72 0 0
39 72 0 0
38 72 0 0
37 72 0 0
257 71 0 0
256 71 0 0
255 71 0 0
254 71 0 0
253 71 0 0
40 71 0 0
39 71 0 0
38 71 0 0
37 71 0 0
256 70 0 0
255 70 0 0
254 70 0 0
253 70 0 0
41 70 0 0
40 70 0 0
39 70 0 0
38 70 0 0
254 69 0 0
253 69 0 0
252 69 0 0
251 69 0 0
250 69 0 0
42 69 0 0
41 69 0 0
40 69 0 0
39 69 0 0
253 68 0 0
252 68 0 0
251 68 0 0
250 68 0 0
249 68 0 0
42 68 0 0
41 68 0 0
40 68 0 0
39 68 0 0
252 67 0 0
251 67 0 0
250 67 0 0
249 67 0 0
248 67 0 0
43 67 0 0
42 67 0 0
41 67 0 0
40 67 0 0
252 66 0 0
251 66 0 0
250 66 0 0
249 66 0 0
248 66 0 0
43 66 0 0
42 66 0 0
41 66 0 0
40 66 0 0
249 65 0 0
248 65 0 0
247 65 0 0
246 65 0 0
245 65 0 0
43 65 0 0
42 65 0 0
41 65 0 0
40 65 0 0
248 64 0 0
247 64 0 0
246 64 0 0
245 64 0 0
244 64 0 0
43 64 0 0
42 64 0 0
41 64 0 0
40 64 0 0
247 63 0 0
246 63 0 0
245 63 0 0
244 63 0 0
243 63 0 0
44 63 0 0
43 63 0 0
42 63 0 0
41 63 0 0
247 62 0 0
246 62 0 0
245 62 0 0
244 62 0 0
243 62 0 0
242 62 0 0
45 62 0 0
44 62 0 0
43 62 0 0
42 62 0 0
41 62 0 0
246 61 0 0
245 61 0 0
244 61 0 0
243 61 0 0
242 61 0 0
241 61 0 0
45 61 0 0
44 61 0 0
43 61 0 0
42 61 0 0
243 60 0 0
242 60 0 0
241 60 0 0
240 60 0 0
46 60 0 0
45 60 0 0
44 60 0 0
43 60 0 0
243 59 0 0
242 59 0 0
241 59 0 0
240 59 0 0
239 59 0 0
238 59 0 0
46 59 0 0
45 59 0 0
44 59 0 0
43 59 0 0
242 58 0 0
241 58 0 0
240 58 0 0
239 58 0 0
238 58 0 0
237 58 0 0
47 58 0 0
46 58 0 0
45 58 0 0
44 58 0 0
241 57 0 0
240 57 0 0
239 57 0 0
238 57 0 0
237 57 0 0
236 57 0 0
47 57 0 0
46 57 0 0
45 57 0 0
44 57 0 0
239 56 0 0
238 56 0 0
237 56 0 0
236 56 0 0
235 56 0 0
47 56 0 0
46 56 0 0
45 56 0 0
44 56 0 0
238 55 0 0
237 55 0 0
236 55 0 0
235 55 0 0
234 55 0 0
47 55 0 0
46 55 0 0
45 55 0 0
44 55 0 0
237 54 0 0
236 54 0 0
235 54 0 0
234 54 0 0
233 54 0 0
232 54 0 0
48 54 0 0
47 54 0 0
46 54 0 0
45 54 0 0
235 53 0 0
234 53 0 0
233 53 0 0
232 53 0 0
49 53 0 0
48 53 0 0
47 53 0 0
46 53 0 0
234 52 0 0
233 52 0 0
232 52 0 0
231 52 0 0
230 52 0 0
50 52 0 0
49 52 0 0
48 52 0 0
47 52 0 0
233 51 0 0
232 51 0 0
231 51 0 0
230 51 0 0
229 51 0 0
50 51 0 0
49 51 0 0
48 51 0 0
47 51 0 0
232 50 0 0
231 50 0 0
230 50 0 0
229 50 0 0
228 50 0 0
50 50 0 0
49 50 0 0
48 50 0 0
47 50 0 0
231 49 0 0
230 49 0 0
229 49 0 0
228 49 0 0
227 49 0 0
51 49 0 0
50 49 0 0
49 49 0 0
48 49 0 0
229 48 0 0
228 48 0 0
227 48 0 0
226 48 0 0
225 48 0 0
224 48 0 0
51 48 0 0
50 48 0 0
49 48 0 0
48 48 0 0
228 47 0 0
227 47 0 0
226 47 0 0
225 47 0 0
224 47 0 0
223 47 0 0
51 47 0 0
50 47 0 0
49 47 0 0
48 47 0 0
227 46 0 0
226 46 0 0
225 46 0 0
224 46 0 0
223 46 0 0
52 46 0 0
51 46 0 0
50 46 0 0
49 46 0 0
227 45 0 0
226 45 0 0
225 45 0 0
224 45 0 0
223 45 0 0
222 45 0 0
52 45 0 0
51 45 0 0
50 45 0 0
49 45 0 0
225 44 0 0
224 44 0 0
223 44 0 0
222 44 0 0
221 44 0 0
53 44 0 0
52 44 0 0
51 44 0 0
50 44 0 0
223 43 0 0
222 43 0 0
221 43 0 0
220 43 0 0
219 43 0 0
54 43 0 0
53 43 0 0
52 43 0 0
51 43 0 0
222 42 0 0
221 42 0 0
220 42 0 0
219 42 0 0
218 42 0 0
54 42 0 0
53 42 0 0
52 42 0 0
51 42 0 0
222 41 0 0
221 41 0 0
220 41 0 0
219 41 0 0
218 41 0 0
217 41 0 0
54 41 0 0
53 41 0 0
52 41 0 0
51 41 0 0
220 40 0 0
219 40 0 0
218 40 0 0
217 40 0 0
216 40 0 0
55 40 0 0
54 40 0 0
53 40 0 0
52 40 0 0
218 39 0 0
217 39 0 0
216 39 0 0
215 39 0 0
214 39 0 0
55 39 0 0
54 39 0 0
53 39 0 0
52 39 0 0
218 38 0 0
217 38 0 0
216 38 0 0
215 38 0 0
214 38 0 0
213 38 0 0
56 38 0 0
55 38 0 0
54 38 0 0
53 38 0 0
217 37 0 0
216 37 0 0
215 37 0 0
214 37 0 0
213 37 0 0
212 37 0 0
56 37 0 0
55 37 0 0
54 37 0 0
53 37 0 0
215 36 0 0
214 36 0 0
213 36 0 0
212 36 0 0
211 36 0 0
56 36 0 0
55 36 0 0
54 36 0 0
53 36 0 0
213 35 0 0
212 35 0 0
211 35 0 0
57 35 0 0
56 35 0 0
55 35 0 0
54 35 0 0
212 34 0 0
58 34 0 0
57 34 0 0
56 34 0 0
55 34 0 0
58 33 0 0
57 33 0 0
56 33 0 0
55 33 0 0
59 32 0 0
58 32 0 0
57 32 0 0
56 32 0 0
55 32 0 0
60 31 0 0
59 31 0 0
58 31 0 0
57 31 0 0
56 31 0 0
60 30 0 0
59 30 0 0
58 30 0 0
57 30 0 0
56 30 0 0
60 29 0 0
59 29 0 0
58 29 0 0
57 29 0 0
60 28 0 0
59 28 0 0
58 28 0 0
57 28 0 0
61 27 0 0
60 27 0 0
59 27 0 0
58 27 0 0
61 26 0 0
60 26 0 0
59 26 0 0
58 26 0 0
62 25 0 0
61 25 0 0
60 25 0 0
59 25 0 0
62 24 0 0
61 24 0 0
60 24 0 0
59 24 0 0
61 23 0 0
60 23 0 0
