5989 481 321
264 320 0 1
263 320 0 1
262 320 0 1
261 320 0 1
324 319 0 1
323 319 0 1
322 319 0 1
321 319 0 1
264 319 0 1
263 319 0 1
262 319 0 1
261 319 0 1
324 318 0 1
323 318 0 1
322 318 0 1
321 318 0 1
265 318 0 1
264 318 0 1
263 318 0 1
262 318 0 1
261 318 0 1
324 317 0 1
323 317 0 1
322 317 0 1
321 317 0 1
265 317 0 1
264 317 0 1
263 317 0 1
262 317 0 1
261 317 0 1
324 316 0 1
323 316 0 1
322 316 0 1
321 316 0 1
265 316 0 1
264 316 0 1
263 316 0 1
262 316 0 1
261 316 0 1
324 315 0 1
323 315 0 1
322 315 0 1
321 315 0 1
265 315 0 1
264 315 0 1
263 315 0 1
262 315 0 1
324 314 0 1
323 314 0 1
322 314 0 1
321 314 0 1
265 314 0 1
264 314 0 1
263 314 0 1
262 314 0 1
351 313 0 0
350 313 0 0
349 313 0 0
348 313 0 0
324 313 0 1
323 313 0 1
322 313 0 1
321 313 0 1
265 313 0 1
264 313 0 1
263 313 0 1
262 313 0 1
351 312 0 0
350 312 0 0
349 312 0 0
348 312 0 0
324 312 0 1
323 312 0 1
322 312 0 1
321 312 0 1
266 312 0 1
265 312 0 1
264 312 0 1
263 312 0 1
262 312 0 1
351 311 0 0
350 311 0 0
349 311 0 0
348 311 0 0
324 311 0 1
323 311 0 1
322 311 0 1
321 311 0 1
266 311 0 1
265 311 0 1
264 311 0 1
263 311 0 1
262 311 0 1
351 310 0 0
350 310 0 0
349 310 0 0
348 310 0 0
324 310 0 1
323 310 0 1
322 310 0 1
321 310 0 1
266 310 0 1
265 310 0 1
264 310 0 1
263 310 0 1
262 310 0 1
351 309 0 0
350 309 0 0
349 309 0 0
348 309 0 0
324 309 0 1
323 309 0 1
322 309 0 1
321 309 0 1
266 309 0 1
265 309 0 1
264 309 0 1
263 309 0 1
262 309 0 1
351 308 0 0
350 308 0 0
349 308 0 0
348 308 0 0
324 308 0 1
323 308 0 1
322 308 0 1
321 308 0 1
267 308 0 1
266 308 0 1
265 308 0 1
264 308 0 1
263 308 0 1
262 308 0 1
351 307 0 0
350 307 0 0
349 307 0 0
348 307 0 0
324 307 0 1
323 307 0 1
322 307 0 1
321 307 0 1
267 307 0 1
266 307 0 1
265 307 0 1
264 307 0 1
263 307 0 1
351 306 0 0
350 306 0 0
349 306 0 0
348 306 0 0
324 306 0 1
323 306 0 1
322 306 0 1
321 306 0 1
268 306 0 1
267 306 0 1
266 306 0 1
265 306 0 1
264 306 0 1
263 306 0 1
351 305 0 0
350 305 0 0
349 305 0 0
348 305 0 0
324 305 0 1
323 305 0 1
322 305 0 1
321 305 0 1
269 305 0 1
268 305 0 1
267 305 0 1
266 305 0 1
265 305 0 1
264 305 0 1
351 304 0 0
350 304 0 0
349 304 0 0
348 304 0 0
324 304 0 1
323 304 0 1
322 304 0 1
321 304 0 1
269 304 0 1
268 304 0 1
267 304 0 1
266 304 0 1
265 304 0 1
264 304 0 1
351 303 0 0
350 303 0 0
349 303 0 0
348 303 0 0
324 303 0 1
323 303 0 1
322 303 0 1
321 303 0 1
269 303 0 1
268 303 0 1
267 303 0 1
266 303 0 1
265 303 0 1
351 302 0 0
350 302 0 0
349 302 0 0
348 302 0 0
324 302 0 1
323 302 0 1
322 302 0 1
321 302 0 1
269 302 0 1
268 302 0 1
267 302 0 1
266 302 0 1
265 302 0 1
192 302 0 0
191 302 0 0
190 302 0 0
189 302 0 0
188 302 0 0
187 302 0 0
186 302 0 0
185 302 0 0
184 302 0 0
183 302 0 0
182 302 0 0
181 302 0 0
180 302 0 0
179 302 0 0
178 302 0 0
177 302 0 0
176 302 0 0
175 302 0 0
174 302 0 0
173 302 0 0
172 302 0 0
171 302 0 0
170 302 0 0
169 302 0 0
168 302 0 0
167 302 0 0
166 302 0 0
165 302 0 0
164 302 0 0
163 302 0 0
162 302 0 0
161 302 0 0
160 302 0 0
159 302 0 0
158 302 0 0
157 302 0 0
156 302 0 0
155 302 0 0
154 302 0 0
153 302 0 0
152 302 0 0
151 302 0 0
150 302 0 0
149 302 0 0
148 302 0 0
147 302 0 0
146 302 0 0
145 302 0 0
144 302 0 0
143 302 0 0
142 302 0 0
141 302 0 0
140 302 0 0
139 302 0 0
138 302 0 0
137 302 0 0
136 302 0 0
135 302 0 0
134 302 0 0
133 302 0 0
132 302 0 0
131 302 0 0
130 302 0 0
351 301 0 0
350 301 0 0
349 301 0 0
348 301 0 0
324 301 0 1
323 301 0 1
322 301 0 1
321 301 0 1
270 301 0 1
269 301 0 1
268 301 0 1
267 301 0 1
266 301 0 1
199 301 0 0
198 301 0 0
197 301 0 0
196 301 0 0
195 301 0 0
194 301 0 0
193 301 0 0
192 301 0 0
191 301 0 0
190 301 0 0
189 301 0 0
188 301 0 0
187 301 0 0
186 301 0 0
185 301 0 0
184 301 0 0
183 301 0 0
182 301 0 0
181 301 0 0
180 301 0 0
179 301 0 0
178 301 0 0
177 301 0 0
176 301 0 0
175 301 0 0
174 301 0 0
173 301 0 0
172 301 0 0
171 301 0 0
170 301 0 0
169 301 0 0
168 301 0 0
167 301 0 0
166 301 0 0
165 301 0 0
164 301 0 0
163 301 0 0
162 301 0 0
161 301 0 0
160 301 0 0
159 301 0 0
158 301 0 0
157 301 0 0
156 301 0 0
155 301 0 0
154 301 0 0
153 301 0 0
152 301 0 0
151 301 0 0
150 301 0 0
149 301 0 0
148 301 0 0
147 301 0 0
146 301 0 0
145 301 0 0
144 301 0 0
143 301 0 0
142 301 0 0
141 301 0 0
140 301 0 0
139 301 0 0
138 301 0 0
137 301 0 0
136 301 0 0
135 301 0 0
134 301 0 0
133 301 0 0
132 301 0 0
131 301 0 0
130 301 0 0
129 301 0 0
128 301 0 0
351 300 0 0
350 300 0 0
349 300 0 0
348 300 0 0
324 300 0 1
323 300 0 1
322 300 0 1
321 300 0 1
270 300 0 1
269 300 0 1
268 300 0 1
267 300 0 1
266 300 0 1
206 300 0 0
205 300 0 0
204 300 0 0
203 300 0 0
202 300 0 0
201 300 0 0
200 300 0 0
199 300 0 0
198 300 0 0
197 300 0 0
196 300 0 0
195 300 0 0
194 300 0 0
193 300 0 0
192 300 0 0
191 300 0 0
190 300 0 0
189 300 0 0
188 300 0 0
187 300 0 0
186 300 0 0
185 300 0 0
184 300 0 0
183 300 0 0
182 300 0 0
181 300 0 0
180 300 0 0
179 300 0 0
178 300 0 0
177 300 0 0
176 300 0 0
175 300 0 0
174 300 0 0
173 300 0 0
172 300 0 0
171 300 0 0
170 300 0 0
169 300 0 0
168 300 0 0
167 300 0 0
166 300 0 0
165 300 0 0
164 300 0 0
163 300 0 0
162 300 0 0
161 300 0 0
160 300 0 0
159 300 0 0
158 300 0 0
157 300 0 0
156 300 0 0
155 300 0 0
154 300 0 0
153 300 0 0
152 300 0 0
151 300 0 0
150 300 0 0
149 300 0 0
148 300 0 0
147 300 0 0
146 300 0 0
145 300 0 0
144 300 0 0
143 300 0 0
142 300 0 0
141 300 0 0
140 300 0 0
139 300 0 0
138 300 0 0
137 300 0 0
136 300 0 0
135 300 0 0
134 300 0 0
133 300 0 0
132 300 0 0
131 300 0 0
130 300 0 0
129 300 0 0
128 300 0 0
127 300 0 0
126 300 0 0
351 299 0 0
350 299 0 0
349 299 0 0
348 299 0 0
324 299 0 1
323 299 0 1
322 299 0 1
321 299 0 1
270 299 0 1
269 299 0 1
268 299 0 1
267 299 0 1
266 299 0 1
209 299 0 0
208 299 0 0
207 299 0 0
206 299 0 0
205 299 0 0
204 299 0 0
203 299 0 0
202 299 0 0
201 299 0 0
200 299 0 0
199 299 0 0
198 299 0 0
197 299 0 0
196 299 0 0
195 299 0 0
194 299 0 0
193 299 0 0
192 299 0 0
191 299 0 0
190 299 0 0
189 299 0 0
188 299 0 0
187 299 0 0
186 299 0 0
185 299 0 0
184 299 0 0
183 299 0 0
182 299 0 0
181 299 0 0
180 299 0 0
179 299 0 0
178 299 0 0
177 299 0 0
176 299 0 0
175 299 0 0
174 299 0 0
173 299 0 0
172 299 0 0
171 299 0 0
170 299 0 0
169 299 0 0
168 299 0 0
167 299 0 0
166 299 0 0
165 299 0 0
164 299 0 0
163 299 0 0
162 299 0 0
161 299 0 0
160 299 0 0
159 299 0 0
158 299 0 0
157 299 0 0
156 299 0 0
155 299 0 0
154 299 0 0
153 299 0 0
152 299 0 0
151 299 0 0
150 299 0 0
149 299 0 0
148 299 0 0
147 299 0 0
146 299 0 0
145 299 0 0
144 299 0 0
143 299 0 0
142 299 0 0
141 299 0 0
140 299 0 0
139 299 0 0
138 299 0 0
137 299 0 0
136 299 0 0
135 299 0 0
134 299 0 0
133 299 0 0
132 299 0 0
131 299 0 0
130 299 0 0
129 299 0 0
128 299 0 0
127 299 0 0
126 299 0 0
125 299 0 0
124 299 0 0
123 299 0 0
122 299 0 0
121 299 0 0
120 299 0 0
351 298 0 0
350 298 0 0
349 298 0 0
348 298 0 0
324 298 0 1
323 298 0 1
322 298 0 1
321 298 0 1
271 298 0 1
270 298 0 1
269 298 0 1
268 298 0 1
267 298 0 1
266 298 0 1
211 298 0 0
210 298 0 0
209 298 0 0
208 298 0 0
207 298 0 0
206 298 0 0
205 298 0 0
204 298 0 0
203 298 0 0
202 298 0 0
201 298 0 0
200 298 0 0
199 298 0 0
198 298 0 0
197 298 0 0
196 298 0 0
195 298 0 0
194 298 0 0
193 298 0 0
192 298 0 0
191 298 0 0
190 298 0 0
189 298 0 0
188 298 0 0
187 298 0 0
186 298 0 0
133 298 0 0
132 298 0 0
131 298 0 0
130 298 0 0
129 298 0 0
128 298 0 0
127 298 0 0
126 298 0 0
125 298 0 0
124 298 0 0
123 298 0 0
122 298 0 0
121 298 0 0
120 298 0 0
119 298 0 0
118 298 0 0
117 298 0 0
116 298 0 0
351 297 0 0
350 297 0 0
349 297 0 0
348 297 0 0
324 297 0 1
323 297 0 1
322 297 0 1
321 297 0 1
271 297 0 1
270 297 0 1
269 297 0 1
268 297 0 1
267 297 0 1
266 297 0 1
213 297 0 0
212 297 0 0
211 297 0 0
210 297 0 0
209 297 0 0
208 297 0 0
207 297 0 0
206 297 0 0
205 297 0 0
204 297 0 0
203 297 0 0
202 297 0 0
201 297 0 0
200 297 0 0
199 297 0 0
198 297 0 0
197 297 0 0
196 297 0 0
195 297 0 0
194 297 0 0
193 297 0 0
131 297 0 0
130 297 0 0
129 297 0 0
128 297 0 0
127 297 0 0
126 297 0 0
125 297 0 0
124 297 0 0
123 297 0 0
122 297 0 0
121 297 0 0
120 297 0 0
119 297 0 0
118 297 0 0
117 297 0 0
116 297 0 0
115 297 0 0
114 297 0 0
113 297 0 0
351 296 0 0
350 296 0 0
349 296 0 0
348 296 0 0
324 296 0 1
323 296 0 1
322 296 0 1
321 296 0 1
272 296 0 1
271 296 0 1
270 296 0 1
269 296 0 1
268 296 0 1
267 296 0 1
215 296 0 0
214 296 0 0
213 296 0 0
212 296 0 0
211 296 0 0
210 296 0 0
209 296 0 0
208 296 0 0
207 296 0 0
206 296 0 0
205 296 0 0
204 296 0 0
203 296 0 0
202 296 0 0
201 296 0 0
200 296 0 0
129 296 0 0
128 296 0 0
127 296 0 0
126 296 0 0
125 296 0 0
124 296 0 0
123 296 0 0
122 296 0 0
121 296 0 0
120 296 0 0
119 296 0 0
118 296 0 0
117 296 0 0
116 296 0 0
115 296 0 0
114 296 0 0
113 296 0 0
112 296 0 0
111 296 0 0
110 296 0 0
109 296 0 0
351 295 0 0
350 295 0 0
349 295 0 0
348 295 0 0
324 295 0 1
323 295 0 1
322 295 0 1
321 295 0 1
272 295 0 1
271 295 0 1
270 295 0 1
269 295 0 1
268 295 0 1
267 295 0 1
217 295 0 0
216 295 0 0
215 295 0 0
214 295 0 0
213 295 0 0
212 295 0 0
211 295 0 0
210 295 0 0
209 295 0 0
208 295 0 0
207 295 0 0
206 295 0 0
126 295 0 0
125 295 0 0
124 295 0 0
123 295 0 0
122 295 0 0
121 295 0 0
120 295 0 0
119 295 0 0
118 295 0 0
117 295 0 0
116 295 0 0
115 295 0 0
114 295 0 0
113 295 0 0
112 295 0 0
111 295 0 0
110 295 0 0
109 295 0 0
108 295 0 0
107 295 0 0
106 295 0 0
351 294 0 0
350 294 0 0
349 294 0 0
348 294 0 0
324 294 0 1
323 294 0 1
322 294 0 1
321 294 0 1
273 294 0 1
272 294 0 1
271 294 0 1
270 294 0 1
269 294 0 1
268 294 0 1
218 294 0 0
217 294 0 0
216 294 0 0
215 294 0 0
214 294 0 0
213 294 0 0
212 294 0 0
211 294 0 0
210 294 0 0
209 294 0 0
208 294 0 0
120 294 0 0
119 294 0 0
118 294 0 0
117 294 0 0
116 294 0 0
115 294 0 0
114 294 0 0
113 294 0 0
112 294 0 0
111 294 0 0
110 294 0 0
109 294 0 0
108 294 0 0
107 294 0 0
106 294 0 0
105 294 0 0
104 294 0 0
103 294 0 0
351 293 0 0
350 293 0 0
349 293 0 0
348 293 0 0
324 293 0 1
323 293 0 1
322 293 0 1
321 293 0 1
274 293 0 1
273 293 0 1
272 293 0 1
271 293 0 1
270 293 0 1
269 293 0 1
268 293 0 1
219 293 0 0
218 293 0 0
217 293 0 0
216 293 0 0
215 293 0 0
214 293 0 0
213 293 0 0
212 293 0 0
211 293 0 0
210 293 0 0
116 293 0 0
115 293 0 0
114 293 0 0
113 293 0 0
112 293 0 0
111 293 0 0
110 293 0 0
109 293 0 0
108 293 0 0
107 293 0 0
106 293 0 0
105 293 0 0
104 293 0 0
103 293 0 0
102 293 0 0
101 293 0 0
100 293 0 0
99 293 0 0
351 292 0 0
350 292 0 0
349 292 0 0
348 292 0 0
324 292 0 1
323 292 0 1
322 292 0 1
321 292 0 1
274 292 0 1
273 292 0 1
272 292 0 1
271 292 0 1
270 292 0 1
269 292 0 1
220 292 0 0
219 292 0 0
218 292 0 0
217 292 0 0
216 292 0 0
215 292 0 0
214 292 0 0
213 292 0 0
212 292 0 0
113 292 0 0
112 292 0 0
111 292 0 0
110 292 0 0
109 292 0 0
108 292 0 0
107 292 0 0
106 292 0 0
105 292 0 0
104 292 0 0
103 292 0 0
102 292 0 0
101 292 0 0
100 292 0 0
99 292 0 0
98 292 0 0
97 292 0 0
351 291 0 0
350 291 0 0
349 291 0 0
348 291 0 0
324 291 0 1
323 291 0 1
322 291 0 1
321 291 0 1
274 291 0 1
273 291 0 1
272 291 0 1
271 291 0 1
270 291 0 1
220 291 0 0
219 291 0 0
218 291 0 0
217 291 0 0
216 291 0 0
215 291 0 0
214 291 0 0
110 291 0 0
109 291 0 0
108 291 0 0
107 291 0 0
106 291 0 0
105 291 0 0
104 291 0 0
103 291 0 0
102 291 0 0
101 291 0 0
100 291 0 0
99 291 0 0
98 291 0 0
97 291 0 0
96 291 0 0
95 291 0 0
351 290 0 0
350 290 0 0
349 290 0 0
348 290 0 0
324 290 0 1
323 290 0 1
322 290 0 1
321 290 0 1
274 290 0 1
273 290 0 1
272 290 0 1
271 290 0 1
270 290 0 1
221 290 0 0
220 290 0 0
219 290 0 0
218 290 0 0
217 290 0 0
216 290 0 0
106 290 0 0
105 290 0 0
104 290 0 0
103 290 0 0
102 290 0 0
101 290 0 0
100 290 0 0
99 290 0 0
98 290 0 0
97 290 0 0
96 290 0 0
95 290 0 0
94 290 0 0
93 290 0 0
351 289 0 0
350 289 0 0
349 289 0 0
348 289 0 0
324 289 0 1
323 289 0 1
322 289 0 1
321 289 0 1
275 289 0 1
274 289 0 1
273 289 0 1
272 289 0 1
271 289 0 1
270 289 0 1
222 289 0 0
221 289 0 0
220 289 0 0
219 289 0 0
218 289 0 0
217 289 0 0
216 289 0 0
103 289 0 0
102 289 0 0
101 289 0 0
100 289 0 0
99 289 0 0
98 289 0 0
97 289 0 0
96 289 0 0
95 289 0 0
94 289 0 0
93 289 0 0
92 289 0 0
91 289 0 0
351 288 0 0
350 288 0 0
349 288 0 0
348 288 0 0
324 288 0 1
323 288 0 1
322 288 0 1
321 288 0 1
276 288 0 1
275 288 0 1
274 288 0 1
273 288 0 1
272 288 0 1
271 288 0 1
270 288 0 1
222 288 0 0
221 288 0 0
220 288 0 0
219 288 0 0
218 288 0 0
217 288 0 0
100 288 0 0
99 288 0 0
98 288 0 0
97 288 0 0
96 288 0 0
95 288 0 0
94 288 0 0
93 288 0 0
92 288 0 0
91 288 0 0
90 288 0 0
89 288 0 0
351 287 0 0
350 287 0 0
349 287 0 0
348 287 0 0
324 287 0 1
323 287 0 1
322 287 0 1
321 287 0 1
277 287 0 1
276 287 0 1
275 287 0 1
274 287 0 1
273 287 0 1
272 287 0 1
271 287 0 1
223 287 0 0
222 287 0 0
221 287 0 0
220 287 0 0
219 287 0 0
218 287 0 0
98 287 0 0
97 287 0 0
96 287 0 0
95 287 0 0
94 287 0 0
93 287 0 0
92 287 0 0
91 287 0 0
90 287 0 0
89 287 0 0
88 287 0 0
87 287 0 0
351 286 0 0
350 286 0 0
349 286 0 0
348 286 0 0
324 286 0 1
323 286 0 1
322 286 0 1
321 286 0 1
277 286 0 1
276 286 0 1
275 286 0 1
274 286 0 1
273 286 0 1
272 286 0 1
223 286 0 0
222 286 0 0
221 286 0 0
220 286 0 0
219 286 0 0
218 286 0 0
96 286 0 0
95 286 0 0
94 286 0 0
93 286 0 0
92 286 0 0
91 286 0 0
90 286 0 0
89 286 0 0
88 286 0 0
87 286 0 0
86 286 0 0
85 286 0 0
351 285 0 0
350 285 0 0
349 285 0 0
348 285 0 0
324 285 0 1
323 285 0 1
322 285 0 1
321 285 0 1
277 285 0 1
276 285 0 1
275 285 0 1
274 285 0 1
273 285 0 1
224 285 0 0
223 285 0 0
222 285 0 0
221 285 0 0
220 285 0 0
219 285 0 0
94 285 0 0
93 285 0 0
92 285 0 0
91 285 0 0
90 285 0 0
89 285 0 0
88 285 0 0
87 285 0 0
86 285 0 0
85 285 0 0
84 285 0 0
351 284 0 0
350 284 0 0
349 284 0 0
348 284 0 0
324 284 0 1
323 284 0 1
322 284 0 1
321 284 0 1
278 284 0 1
277 284 0 1
276 284 0 1
275 284 0 1
274 284 0 1
273 284 0 1
224 284 0 0
223 284 0 0
222 284 0 0
221 284 0 0
220 284 0 0
219 284 0 0
92 284 0 0
91 284 0 0
90 284 0 0
89 284 0 0
88 284 0 0
87 284 0 0
86 284 0 0
85 284 0 0
84 284 0 0
83 284 0 0
82 284 0 0
351 283 0 0
350 283 0 0
349 283 0 0
348 283 0 0
324 283 0 1
323 283 0 1
322 283 0 1
321 283 0 1
278 283 0 1
277 283 0 1
276 283 0 1
275 283 0 1
274 283 0 1
273 283 0 1
225 283 0 0
224 283 0 0
223 283 0 0
222 283 0 0
221 283 0 0
220 283 0 0
90 283 0 0
89 283 0 0
88 283 0 0
87 283 0 0
86 283 0 0
85 283 0 0
84 283 0 0
83 283 0 0
82 283 0 0
81 283 0 0
351 282 0 0
350 282 0 0
349 282 0 0
348 282 0 0
324 282 0 1
323 282 0 1
322 282 0 1
321 282 0 1
278 282 0 1
277 282 0 1
276 282 0 1
275 282 0 1
274 282 0 1
226 282 0 0
225 282 0 0
224 282 0 0
223 282 0 0
222 282 0 0
221 282 0 0
220 282 0 0
88 282 0 0
87 282 0 0
86 282 0 0
85 282 0 0
84 282 0 0
83 282 0 0
82 282 0 0
81 282 0 0
80 282 0 0
351 281 0 0
350 281 0 0
349 281 0 0
348 281 0 0
324 281 0 1
323 281 0 1
322 281 0 1
321 281 0 1
278 281 0 1
277 281 0 1
276 281 0 1
275 281 0 1
274 281 0 1
226 281 0 0
225 281 0 0
224 281 0 0
223 281 0 0
222 281 0 0
221 281 0 0
86 281 0 0
85 281 0 0
84 281 0 0
83 281 0 0
82 281 0 0
81 281 0 0
80 281 0 0
79 281 0 0
78 281 0 0
351 280 0 0
350 280 0 0
349 280 0 0
348 280 0 0
324 280 0 1
323 280 0 1
322 280 0 1
321 280 0 1
278 280 0 1
277 280 0 1
276 280 0 1
275 280 0 1
227 280 0 0
226 280 0 0
225 280 0 0
224 280 0 0
223 280 0 0
222 280 0 0
85 280 0 0
84 280 0 0
83 280 0 0
82 280 0 0
81 280 0 0
80 280 0 0
79 280 0 0
78 280 0 0
77 280 0 0
351 279 0 0
350 279 0 0
349 279 0 0
348 279 0 0
324 279 0 1
323 279 0 1
322 279 0 1
321 279 0 1
278 279 0 1
277 279 0 1
276 279 0 1
275 279 0 1
227 279 0 0
226 279 0 0
225 279 0 0
224 279 0 0
223 279 0 0
222 279 0 0
83 279 0 0
82 279 0 0
81 279 0 0
80 279 0 0
79 279 0 0
78 279 0 0
77 279 0 0
76 279 0 0
75 279 0 0
351 278 0 0
350 278 0 0
349 278 0 0
348 278 0 0
324 278 0 1
323 278 0 1
322 278 0 1
321 278 0 1
278 278 0 1
277 278 0 1
276 278 0 1
275 278 0 1
227 278 0 0
226 278 0 0
225 278 0 0
224 278 0 0
223 278 0 0
82 278 0 0
81 278 0 0
80 278 0 0
79 278 0 0
78 278 0 0
77 278 0 0
76 278 0 0
75 278 0 0
74 278 0 0
351 277 0 0
350 277 0 0
349 277 0 0
348 277 0 0
324 277 0 1
323 277 0 1
322 277 0 1
321 277 0 1
278 277 0 1
277 277 0 1
276 277 0 1
275 277 0 1
228 277 0 0
227 277 0 0
226 277 0 0
225 277 0 0
224 277 0 0
223 277 0 0
81 277 0 0
80 277 0 0
79 277 0 0
78 277 0 0
77 277 0 0
76 277 0 0
75 277 0 0
74 277 0 0
73 277 0 0
72 277 0 0
351 276 0 0
350 276 0 0
349 276 0 0
348 276 0 0
324 276 0 1
323 276 0 1
322 276 0 1
321 276 0 1
278 276 0 1
277 276 0 1
276 276 0 1
275 276 0 1
228 276 0 0
227 276 0 0
226 276 0 0
225 276 0 0
224 276 0 0
79 276 0 0
78 276 0 0
77 276 0 0
76 276 0 0
75 276 0 0
74 276 0 0
73 276 0 0
72 276 0 0
71 276 0 0
70 276 0 0
69 276 0 0
351 275 0 0
350 275 0 0
349 275 0 0
348 275 0 0
324 275 0 1
323 275 0 1
322 275 0 1
321 275 0 1
278 275 0 1
277 275 0 1
276 275 0 1
275 275 0 1
228 275 0 0
227 275 0 0
226 275 0 0
225 275 0 0
224 275 0 0
78 275 0 0
77 275 0 0
76 275 0 0
75 275 0 0
74 275 0 0
73 275 0 0
72 275 0 0
71 275 0 0
70 275 0 0
69 275 0 0
68 275 0 0
67 275 0 0
351 274 0 0
350 274 0 0
349 274 0 0
348 274 0 0
324 274 0 1
323 274 0 1
322 274 0 1
321 274 0 1
278 274 0 1
277 274 0 1
276 274 0 1
275 274 0 1
228 274 0 0
227 274 0 0
226 274 0 0
225 274 0 0
224 274 0 0
76 274 0 0
75 274 0 0
74 274 0 0
73 274 0 0
72 274 0 0
71 274 0 0
70 274 0 0
69 274 0 0
68 274 0 0
67 274 0 0
66 274 0 0
351 273 0 0
350 273 0 0
349 273 0 0
348 273 0 0
324 273 0 1
323 273 0 1
322 273 0 1
321 273 0 1
278 273 0 1
277 273 0 1
276 273 0 1
275 273 0 1
228 273 0 0
227 273 0 0
226 273 0 0
225 273 0 0
75 273 0 0
74 273 0 0
73 273 0 0
72 273 0 0
71 273 0 0
70 273 0 0
69 273 0 0
68 273 0 0
67 273 0 0
66 273 0 0
65 273 0 0
351 272 0 0
350 272 0 0
349 272 0 0
348 272 0 0
324 272 0 1
323 272 0 1
322 272 0 1
321 272 0 1
278 272 0 1
277 272 0 1
276 272 0 1
275 272 0 1
228 272 0 0
227 272 0 0
226 272 0 0
225 272 0 0
73 272 0 0
72 272 0 0
71 272 0 0
70 272 0 0
69 272 0 0
68 272 0 0
67 272 0 0
66 272 0 0
65 272 0 0
64 272 0 0
63 272 0 0
351 271 0 0
350 271 0 0
349 271 0 0
348 271 0 0
324 271 0 1
323 271 0 1
322 271 0 1
321 271 0 1
278 271 0 1
277 271 0 1
276 271 0 1
275 271 0 1
228 271 0 0
227 271 0 0
226 271 0 0
225 271 0 0
70 271 0 0
69 271 0 0
68 271 0 0
67 271 0 0
66 271 0 0
65 271 0 0
64 271 0 0
63 271 0 0
62 271 0 0
351 270 0 0
350 270 0 0
349 270 0 0
348 270 0 0
324 270 0 1
323 270 0 1
322 270 0 1
321 270 0 1
278 270 0 1
277 270 0 1
276 270 0 1
275 270 0 1
228 270 0 0
227 270 0 0
226 270 0 0
225 270 0 0
68 270 0 0
67 270 0 0
66 270 0 0
65 270 0 0
64 270 0 0
63 270 0 0
62 270 0 0
61 270 0 0
351 269 0 0
350 269 0 0
349 269 0 0
348 269 0 0
324 269 0 1
323 269 0 1
322 269 0 1
321 269 0 1
278 269 0 1
277 269 0 1
276 269 0 1
275 269 0 1
228 269 0 0
227 269 0 0
226 269 0 0
225 269 0 0
67 269 0 0
66 269 0 0
65 269 0 0
64 269 0 0
63 269 0 0
62 269 0 0
61 269 0 0
60 269 0 0
59 269 0 0
351 268 0 0
350 268 0 0
349 268 0 0
348 268 0 0
324 268 0 1
323 268 0 1
322 268 0 1
321 268 0 1
278 268 0 1
277 268 0 1
276 268 0 1
275 268 0 1
228 268 0 0
227 268 0 0
226 268 0 0
225 268 0 0
65 268 0 0
64 268 0 0
63 268 0 0
62 268 0 0
61 268 0 0
60 268 0 0
59 268 0 0
58 268 0 0
57 268 0 0
352 267 0 0
351 267 0 0
350 267 0 0
349 267 0 0
348 267 0 0
324 267 0 1
323 267 0 1
322 267 0 1
321 267 0 1
278 267 0 1
277 267 0 1
276 267 0 1
275 267 0 1
228 267 0 0
227 267 0 0
226 267 0 0
225 267 0 0
64 267 0 0
63 267 0 0
62 267 0 0
61 267 0 0
60 267 0 0
59 267 0 0
58 267 0 0
57 267 0 0
56 267 0 0
352 266 0 0
351 266 0 0
350 266 0 0
349 266 0 0
348 266 0 0
324 266 0 1
323 266 0 1
322 266 0 1
321 266 0 1
278 266 0 1
277 266 0 1
276 266 0 1
275 266 0 1
228 266 0 0
227 266 0 0
226 266 0 0
225 266 0 0
63 266 0 0
62 266 0 0
61 266 0 0
60 266 0 0
59 266 0 0
58 266 0 0
57 266 0 0
56 266 0 0
55 266 0 0
352 265 0 0
351 265 0 0
350 265 0 0
349 265 0 0
348 265 0 0
324 265 0 1
323 265 0 1
322 265 0 1
321 265 0 1
278 265 0 1
277 265 0 1
276 265 0 1
275 265 0 1
228 265 0 0
227 265 0 0
226 265 0 0
225 265 0 0
62 265 0 0
61 265 0 0
60 265 0 0
59 265 0 0
58 265 0 0
57 265 0 0
56 265 0 0
55 265 0 0
54 265 0 0
352 264 0 0
351 264 0 0
350 264 0 0
349 264 0 0
348 264 0 0
324 264 0 1
323 264 0 1
322 264 0 1
321 264 0 1
278 264 0 1
277 264 0 1
276 264 0 1
275 264 0 1
228 264 0 0
227 264 0 0
226 264 0 0
225 264 0 0
60 264 0 0
59 264 0 0
58 264 0 0
57 264 0 0
56 264 0 0
55 264 0 0
54 264 0 0
53 264 0 0
52 264 0 0
352 263 0 0
351 263 0 0
350 263 0 0
349 263 0 0
348 263 0 0
324 263 0 1
323 263 0 1
322 263 0 1
321 263 0 1
278 263 0 1
277 263 0 1
276 263 0 1
275 263 0 1
228 263 0 0
227 263 0 0
226 263 0 0
225 263 0 0
224 263 0 0
58 263 0 0
57 263 0 0
56 263 0 0
55 263 0 0
54 263 0 0
53 263 0 0
52 263 0 0
51 263 0 0
50 263 0 0
352 262 0 0
351 262 0 0
350 262 0 0
349 262 0 0
348 262 0 0
324 262 0 1
323 262 0 1
322 262 0 1
321 262 0 1
278 262 0 1
277 262 0 1
276 262 0 1
275 262 0 1
228 262 0 0
227 262 0 0
226 262 0 0
225 262 0 0
224 262 0 0
57 262 0 0
56 262 0 0
55 262 0 0
54 262 0 0
53 262 0 0
52 262 0 0
51 262 0 0
50 262 0 0
49 262 0 0
48 262 0 0
352 261 0 0
351 261 0 0
350 261 0 0
349 261 0 0
348 261 0 0
324 261 0 1
323 261 0 1
322 261 0 1
321 261 0 1
278 261 0 1
277 261 0 1
276 261 0 1
275 261 0 1
228 261 0 0
227 261 0 0
226 261 0 0
225 261 0 0
224 261 0 0
56 261 0 0
55 261 0 0
54 261 0 0
53 261 0 0
52 261 0 0
51 261 0 0
50 261 0 0
49 261 0 0
48 261 0 0
47 261 0 0
46 261 0 0
352 260 0 0
351 260 0 0
350 260 0 0
349 260 0 0
324 260 0 1
323 260 0 1
322 260 0 1
321 260 0 1
278 260 0 1
277 260 0 1
276 260 0 1
275 260 0 1
228 260 0 0
227 260 0 0
226 260 0 0
225 260 0 0
224 260 0 0
223 260 0 0
55 260 0 0
54 260 0 0
53 260 0 0
52 260 0 0
51 260 0 0
50 260 0 0
49 260 0 0
48 260 0 0
47 260 0 0
46 260 0 0
45 260 0 0
44 260 0 0
43 260 0 0
352 259 0 0
351 259 0 0
350 259 0 0
349 259 0 0
324 259 0 1
323 259 0 1
322 259 0 1
321 259 0 1
278 259 0 1
277 259 0 1
276 259 0 1
275 259 0 1
228 259 0 0
227 259 0 0
226 259 0 0
225 259 0 0
224 259 0 0
223 259 0 0
53 259 0 0
52 259 0 0
51 259 0 0
50 259 0 0
49 259 0 0
48 259 0 0
47 259 0 0
46 259 0 0
45 259 0 0
44 259 0 0
43 259 0 0
42 259 0 0
352 258 0 0
351 258 0 0
350 258 0 0
349 258 0 0
324 258 0 1
323 258 0 1
322 258 0 1
321 258 0 1
278 258 0 1
277 258 0 1
276 258 0 1
275 258 0 1
227 258 0 0
226 258 0 0
225 258 0 0
224 258 0 0
223 258 0 0
51 258 0 0
50 258 0 0
49 258 0 0
48 258 0 0
47 258 0 0
46 258 0 0
45 258 0 0
44 258 0 0
43 258 0 0
42 258 0 0
41 258 0 0
352 257 0 0
351 257 0 0
350 257 0 0
349 257 0 0
324 257 0 1
323 257 0 1
322 257 0 1
321 257 0 1
278 257 0 1
277 257 0 1
276 257 0 1
275 257 0 1
227 257 0 0
226 257 0 0
225 257 0 0
224 257 0 0
223 257 0 0
222 257 0 0
49 257 0 0
48 257 0 0
47 257 0 0
46 257 0 0
45 257 0 0
44 257 0 0
43 257 0 0
42 257 0 0
41 257 0 0
40 257 0 0
352 256 0 0
351 256 0 0
350 256 0 0
349 256 0 0
324 256 0 1
323 256 0 1
322 256 0 1
321 256 0 1
278 256 0 1
277 256 0 1
276 256 0 1
275 256 0 1
226 256 0 0
225 256 0 0
224 256 0 0
223 256 0 0
222 256 0 0
47 256 0 0
46 256 0 0
45 256 0 0
44 256 0 0
43 256 0 0
42 256 0 0
41 256 0 0
40 256 0 0
39 256 0 0
38 256 0 0
352 255 0 0
351 255 0 0
350 255 0 0
349 255 0 0
324 255 0 1
323 255 0 1
322 255 0 1
321 255 0 1
278 255 0 1
277 255 0 1
276 255 0 1
275 255 0 1
274 255 0 1
226 255 0 0
225 255 0 0
224 255 0 0
223 255 0 0
222 255 0 0
44 255 0 0
43 255 0 0
42 255 0 0
41 255 0 0
40 255 0 0
39 255 0 0
38 255 0 0
37 255 0 0
36 255 0 0
352 254 0 0
351 254 0 0
350 254 0 0
349 254 0 0
324 254 0 1
323 254 0 1
322 254 0 1
321 254 0 1
278 254 0 1
277 254 0 1
276 254 0 1
275 254 0 1
274 254 0 1
226 254 0 0
225 254 0 0
224 254 0 0
223 254 0 0
222 254 0 0
221 254 0 0
43 254 0 0
42 254 0 0
41 254 0 0
40 254 0 0
39 254 0 0
38 254 0 0
37 254 0 0
36 254 0 0
35 254 0 0
352 253 0 0
351 253 0 0
350 253 0 0
349 253 0 0
324 253 0 1
323 253 0 1
322 253 0 1
321 253 0 1
278 253 0 1
277 253 0 1
276 253 0 1
275 253 0 1
274 253 0 1
225 253 0 0
224 253 0 0
223 253 0 0
222 253 0 0
221 253 0 0
42 253 0 0
41 253 0 0
40 253 0 0
39 253 0 0
38 253 0 0
37 253 0 0
36 253 0 0
35 253 0 0
34 253 0 0
33 253 0 0
352 252 0 0
351 252 0 0
350 252 0 0
349 252 0 0
324 252 0 1
323 252 0 1
322 252 0 1
321 252 0 1
278 252 0 1
277 252 0 1
276 252 0 1
275 252 0 1
274 252 0 1
273 252 0 1
225 252 0 0
224 252 0 0
223 252 0 0
222 252 0 0
221 252 0 0
41 252 0 0
40 252 0 0
39 252 0 0
38 252 0 0
37 252 0 0
36 252 0 0
35 252 0 0
34 252 0 0
33 252 0 0
32 252 0 0
31 252 0 0
352 251 0 0
351 251 0 0
350 251 0 0
349 251 0 0
324 251 0 1
323 251 0 1
322 251 0 1
321 251 0 1
277 251 0 1
276 251 0 1
275 251 0 1
274 251 0 1
273 251 0 1
225 251 0 0
224 251 0 0
223 251 0 0
222 251 0 0
221 251 0 0
39 251 0 0
38 251 0 0
37 251 0 0
36 251 0 0
35 251 0 0
34 251 0 0
33 251 0 0
32 251 0 0
31 251 0 0
30 251 0 0
352 250 0 0
351 250 0 0
350 250 0 0
349 250 0 0
324 250 0 1
323 250 0 1
322 250 0 1
321 250 0 1
277 250 0 1
276 250 0 1
275 250 0 1
274 250 0 1
273 250 0 1
225 250 0 0
224 250 0 0
223 250 0 0
222 250 0 0
221 250 0 0
37 250 0 0
36 250 0 0
35 250 0 0
34 250 0 0
33 250 0 0
32 250 0 0
31 250 0 0
30 250 0 0
29 250 0 0
353 249 0 0
352 249 0 0
351 249 0 0
350 249 0 0
349 249 0 0
324 249 0 1
323 249 0 1
322 249 0 1
321 249 0 1
277 249 0 1
276 249 0 1
275 249 0 1
274 249 0 1
273 249 0 1
272 249 0 1
225 249 0 0
224 249 0 0
223 249 0 0
222 249 0 0
221 249 0 0
35 249 0 0
34 249 0 0
33 249 0 0
32 249 0 0
31 249 0 0
30 249 0 0
29 249 0 0
28 249 0 0
353 248 0 0
352 248 0 0
351 248 0 0
350 248 0 0
349 248 0 0
324 248 0 1
323 248 0 1
322 248 0 1
321 248 0 1
276 248 0 1
275 248 0 1
274 248 0 1
273 248 0 1
272 248 0 1
224 248 0 0
223 248 0 0
222 248 0 0
221 248 0 0
33 248 0 0
32 248 0 0
31 248 0 0
30 248 0 0
29 248 0 0
28 248 0 0
353 247 0 0
352 247 0 0
351 247 0 0
350 247 0 0
349 247 0 0
324 247 0 1
323 247 0 1
322 247 0 1
321 247 0 1
276 247 0 1
275 247 0 1
274 247 0 1
273 247 0 1
272 247 0 1
224 247 0 0
223 247 0 0
222 247 0 0
221 247 0 0
32 247 0 0
31 247 0 0
30 247 0 0
29 247 0 0
28 247 0 0
353 246 0 0
352 246 0 0
351 246 0 0
350 246 0 0
349 246 0 0
324 246 0 1
323 246 0 1
322 246 0 1
321 246 0 1
276 246 0 1
275 246 0 1
274 246 0 1
273 246 0 1
272 246 0 1
224 246 0 0
223 246 0 0
222 246 0 0
221 246 0 0
31 246 0 0
30 246 0 0
29 246 0 0
28 246 0 0
353 245 0 0
352 245 0 0
351 245 0 0
350 245 0 0
349 245 0 0
324 245 0 1
323 245 0 1
322 245 0 1
321 245 0 1
276 245 0 1
275 245 0 1
274 245 0 1
273 245 0 1
272 245 0 1
224 245 0 0
223 245 0 0
222 245 0 0
221 245 0 0
353 244 0 0
352 244 0 0
351 244 0 0
350 244 0 0
349 244 0 0
324 244 0 1
323 244 0 1
322 244 0 1
321 244 0 1
276 244 0 1
275 244 0 1
274 244 0 1
273 244 0 1
272 244 0 1
271 244 0 1
224 244 0 0
223 244 0 0
222 244 0 0
221 244 0 0
353 243 0 0
352 243 0 0
351 243 0 0
350 243 0 0
324 243 0 1
323 243 0 1
322 243 0 1
321 243 0 1
275 243 0 1
274 243 0 1
273 243 0 1
272 243 0 1
271 243 0 1
224 243 0 0
223 243 0 0
222 243 0 0
221 243 0 0
354 242 0 0
353 242 0 0
352 242 0 0
351 242 0 0
350 242 0 0
324 242 0 1
323 242 0 1
322 242 0 1
321 242 0 1
275 242 0 1
274 242 0 1
273 242 0 1
272 242 0 1
271 242 0 1
224 242 0 0
223 242 0 0
222 242 0 0
221 242 0 0
354 241 0 0
353 241 0 0
352 241 0 0
351 241 0 0
350 241 0 0
324 241 0 1
323 241 0 1
322 241 0 1
321 241 0 1
275 241 0 1
274 241 0 1
273 241 0 1
272 241 0 1
271 241 0 1
224 241 0 0
223 241 0 0
222 241 0 0
221 241 0 0
220 241 0 0
354 240 0 0
353 240 0 0
352 240 0 0
351 240 0 0
350 240 0 0
324 240 0 1
323 240 0 1
322 240 0 1
321 240 0 1
275 240 0 1
274 240 0 1
273 240 0 1
272 240 0 1
271 240 0 1
224 240 0 0
223 240 0 0
222 240 0 0
221 240 0 0
220 240 0 0
354 239 0 0
353 239 0 0
352 239 0 0
351 239 0 0
350 239 0 0
324 239 0 1
323 239 0 1
322 239 0 1
321 239 0 1
275 239 0 1
274 239 0 1
273 239 0 1
272 239 0 1
271 239 0 1
224 239 0 0
223 239 0 0
222 239 0 0
221 239 0 0
220 239 0 0
355 238 0 0
354 238 0 0
353 238 0 0
352 238 0 0
351 238 0 0
350 238 0 0
324 238 0 1
323 238 0 1
322 238 0 1
321 238 0 1
275 238 0 1
274 238 0 1
273 238 0 1
272 238 0 1
271 238 0 1
224 238 0 0
223 238 0 0
222 238 0 0
221 238 0 0
220 238 0 0
355 237 0 0
354 237 0 0
353 237 0 0
352 237 0 0
351 237 0 0
350 237 0 0
324 237 0 1
323 237 0 1
322 237 0 1
321 237 0 1
274 237 0 1
273 237 0 1
272 237 0 1
271 237 0 1
224 237 0 0
223 237 0 0
222 237 0 0
221 237 0 0
220 237 0 0
355 236 0 0
354 236 0 0
353 236 0 0
352 236 0 0
351 236 0 0
324 236 0 1
323 236 0 1
322 236 0 1
321 236 0 1
274 236 0 1
273 236 0 1
272 236 0 1
271 236 0 1
224 236 0 0
223 236 0 0
222 236 0 0
221 236 0 0
220 236 0 0
355 235 0 0
354 235 0 0
353 235 0 0
352 235 0 0
351 235 0 0
324 235 0 1
323 235 0 1
322 235 0 1
321 235 0 1
274 235 0 1
273 235 0 1
272 235 0 1
271 235 0 1
224 235 0 0
223 235 0 0
222 235 0 0
221 235 0 0
220 235 0 0
355 234 0 0
354 234 0 0
353 234 0 0
352 234 0 0
324 234 0 1
323 234 0 1
322 234 0 1
321 234 0 1
274 234 0 1
273 234 0 1
272 234 0 1
271 234 0 1
224 234 0 0
223 234 0 0
222 234 0 0
221 234 0 0
220 234 0 0
356 233 0 0
355 233 0 0
354 233 0 0
353 233 0 0
352 233 0 0
324 233 0 1
323 233 0 1
322 233 0 1
321 233 0 1
274 233 0 1
273 233 0 1
272 233 0 1
271 233 0 1
224 233 0 0
223 233 0 0
222 233 0 0
221 233 0 0
220 233 0 0
356 232 0 0
355 232 0 0
354 232 0 0
353 232 0 0
352 232 0 0
324 232 0 1
323 232 0 1
322 232 0 1
321 232 0 1
274 232 0 1
273 232 0 1
272 232 0 1
271 232 0 1
270 232 0 1
223 232 0 0
222 232 0 0
221 232 0 0
220 232 0 0
219 232 0 0
356 231 0 0
355 231 0 0
354 231 0 0
353 231 0 0
352 231 0 0
324 231 0 1
323 231 0 1
322 231 0 1
321 231 0 1
274 231 0 1
273 231 0 1
272 231 0 1
271 231 0 1
270 231 0 1
223 231 0 0
222 231 0 0
221 231 0 0
220 231 0 0
219 231 0 0
357 230 0 0
356 230 0 0
355 230 0 0
354 230 0 0
353 230 0 0
324 230 0 1
323 230 0 1
322 230 0 1
321 230 0 1
274 230 0 1
273 230 0 1
272 230 0 1
271 230 0 1
270 230 0 1
223 230 0 0
222 230 0 0
221 230 0 0
220 230 0 0
219 230 0 0
357 229 0 0
356 229 0 0
355 229 0 0
354 229 0 0
353 229 0 0
324 229 0 1
323 229 0 1
322 229 0 1
321 229 0 1
274 229 0 1
273 229 0 1
272 229 0 1
271 229 0 1
270 229 0 1
223 229 0 0
222 229 0 0
221 229 0 0
220 229 0 0
219 229 0 0
357 228 0 0
356 228 0 0
355 228 0 0
354 228 0 0
353 228 0 0
324 228 0 1
323 228 0 1
322 228 0 1
321 228 0 1
274 228 0 1
273 228 0 1
272 228 0 1
271 228 0 1
270 228 0 1
223 228 0 0
222 228 0 0
221 228 0 0
220 228 0 0
219 228 0 0
357 227 0 0
356 227 0 0
355 227 0 0
354 227 0 0
353 227 0 0
324 227 0 1
323 227 0 1
322 227 0 1
321 227 0 1
274 227 0 1
273 227 0 1
272 227 0 1
271 227 0 1
270 227 0 1
223 227 0 0
222 227 0 0
221 227 0 0
220 227 0 0
219 227 0 0
357 226 0 0
356 226 0 0
355 226 0 0
354 226 0 0
353 226 0 0
324 226 0 1
323 226 0 1
322 226 0 1
321 226 0 1
273 226 0 1
272 226 0 1
271 226 0 1
270 226 0 1
223 226 0 0
222 226 0 0
221 226 0 0
220 226 0 0
219 226 0 0
218 226 0 0
357 225 0 0
356 225 0 0
355 225 0 0
354 225 0 0
324 225 0 1
323 225 0 1
322 225 0 1
321 225 0 1
273 225 0 1
272 225 0 1
271 225 0 1
270 225 0 1
222 225 0 0
221 225 0 0
220 225 0 0
219 225 0 0
218 225 0 0
357 224 0 0
356 224 0 0
355 224 0 0
354 224 0 0
324 224 0 1
323 224 0 1
322 224 0 1
321 224 0 1
273 224 0 1
272 224 0 1
271 224 0 1
270 224 0 1
222 224 0 0
221 224 0 0
220 224 0 0
219 224 0 0
218 224 0 0
358 223 0 0
357 223 0 0
356 223 0 0
355 223 0 0
354 223 0 0
324 223 0 1
323 223 0 1
322 223 0 1
321 223 0 1
273 223 0 1
272 223 0 1
271 223 0 1
270 223 0 1
269 223 0 1
222 223 0 0
221 223 0 0
220 223 0 0
219 223 0 0
218 223 0 0
358 222 0 0
357 222 0 0
356 222 0 0
355 222 0 0
354 222 0 0
324 222 0 1
323 222 0 1
322 222 0 1
321 222 0 1
273 222 0 1
272 222 0 1
271 222 0 1
270 222 0 1
269 222 0 1
222 222 0 0
221 222 0 0
220 222 0 0
219 222 0 0
218 222 0 0
358 221 0 0
357 221 0 0
356 221 0 0
355 221 0 0
354 221 0 0
324 221 0 1
323 221 0 1
322 221 0 1
321 221 0 1
273 221 0 1
272 221 0 1
271 221 0 1
270 221 0 1
269 221 0 1
222 221 0 0
221 221 0 0
220 221 0 0
219 221 0 0
218 221 0 0
217 221 0 0
358 220 0 0
357 220 0 0
356 220 0 0
355 220 0 0
354 220 0 0
324 220 0 1
323 220 0 1
322 220 0 1
321 220 0 1
273 220 0 1
272 220 0 1
271 220 0 1
270 220 0 1
269 220 0 1
222 220 0 0
221 220 0 0
220 220 0 0
219 220 0 0
218 220 0 0
217 220 0 0
358 219 0 0
357 219 0 0
356 219 0 0
355 219 0 0
354 219 0 0
324 219 0 1
323 219 0 1
322 219 0 1
321 219 0 1
273 219 0 1
272 219 0 1
271 219 0 1
270 219 0 1
269 219 0 1
268 219 0 1
221 219 0 0
220 219 0 0
219 219 0 0
218 219 0 0
217 219 0 0
216 219 0 0
359 218 0 0
358 218 0 0
357 218 0 0
356 218 0 0
355 218 0 0
354 218 0 0
324 218 0 1
323 218 0 1
322 218 0 1
321 218 0 1
273 218 0 1
272 218 0 1
271 218 0 1
270 218 0 1
269 218 0 1
268 218 0 1
221 218 0 0
220 218 0 0
219 218 0 0
218 218 0 0
217 218 0 0
216 218 0 0
359 217 0 0
358 217 0 0
357 217 0 0
356 217 0 0
355 217 0 0
354 217 0 0
324 217 0 1
323 217 0 1
322 217 0 1
321 217 0 1
272 217 0 1
271 217 0 1
270 217 0 1
269 217 0 1
268 217 0 1
220 217 0 0
219 217 0 0
218 217 0 0
217 217 0 0
216 217 0 0
215 217 0 0
359 216 0 0
358 216 0 0
357 216 0 0
356 216 0 0
355 216 0 0
324 216 0 1
323 216 0 1
322 216 0 1
321 216 0 1
272 216 0 1
271 216 0 1
270 216 0 1
269 216 0 1
268 216 0 1
220 216 0 0
219 216 0 0
218 216 0 0
217 216 0 0
216 216 0 0
215 216 0 0
359 215 0 0
358 215 0 0
357 215 0 0
356 215 0 0
355 215 0 0
324 215 0 1
323 215 0 1
322 215 0 1
321 215 0 1
272 215 0 1
271 215 0 1
270 215 0 1
269 215 0 1
268 215 0 1
219 215 0 0
218 215 0 0
217 215 0 0
216 215 0 0
215 215 0 0
214 215 0 0
359 214 0 0
358 214 0 0
357 214 0 0
356 214 0 0
355 214 0 0
324 214 0 1
323 214 0 1
322 214 0 1
321 214 0 1
272 214 0 1
271 214 0 1
270 214 0 1
269 214 0 1
268 214 0 1
218 214 0 0
217 214 0 0
216 214 0 0
215 214 0 0
214 214 0 0
359 213 0 0
358 213 0 0
357 213 0 0
356 213 0 0
355 213 0 0
324 213 0 1
323 213 0 1
322 213 0 1
321 213 0 1
271 213 0 1
270 213 0 1
269 213 0 1
268 213 0 1
218 213 0 0
217 213 0 0
216 213 0 0
215 213 0 0
214 213 0 0
359 212 0 0
358 212 0 0
357 212 0 0
356 212 0 0
355 212 0 0
324 212 0 1
323 212 0 1
322 212 0 1
321 212 0 1
271 212 0 1
270 212 0 1
269 212 0 1
268 212 0 1
217 212 0 0
216 212 0 0
215 212 0 0
214 212 0 0
359 211 0 0
358 211 0 0
357 211 0 0
356 211 0 0
324 211 0 1
323 211 0 1
322 211 0 1
321 211 0 1
271 211 0 1
270 211 0 1
269 211 0 1
268 211 0 1
217 211 0 0
216 211 0 0
215 211 0 0
214 211 0 0
359 210 0 0
358 210 0 0
357 210 0 0
356 210 0 0
324 210 0 1
323 210 0 1
322 210 0 1
321 210 0 1
271 210 0 1
270 210 0 1
269 210 0 1
268 210 0 1
217 210 0 0
216 210 0 0
215 210 0 0
214 210 0 0
360 209 0 0
359 209 0 0
358 209 0 0
357 209 0 0
356 209 0 0
324 209 0 1
323 209 0 1
322 209 0 1
321 209 0 1
271 209 0 1
270 209 0 1
269 209 0 1
268 209 0 1
217 209 0 0
216 209 0 0
215 209 0 0
214 209 0 0
360 208 0 0
359 208 0 0
358 208 0 0
357 208 0 0
356 208 0 0
324 208 0 1
323 208 0 1
322 208 0 1
321 208 0 1
272 208 0 1
271 208 0 1
270 208 0 1
269 208 0 1
268 208 0 1
217 208 0 0
216 208 0 0
215 208 0 0
214 208 0 0
360 207 0 0
359 207 0 0
358 207 0 0
357 207 0 0
356 207 0 0
324 207 0 1
323 207 0 1
322 207 0 1
321 207 0 1
272 207 0 1
271 207 0 1
270 207 0 1
269 207 0 1
268 207 0 1
217 207 0 0
216 207 0 0
215 207 0 0
214 207 0 0
360 206 0 0
359 206 0 0
358 206 0 0
357 206 0 0
356 206 0 0
324 206 0 1
323 206 0 1
322 206 0 1
321 206 0 1
272 206 0 1
271 206 0 1
270 206 0 1
269 206 0 1
268 206 0 1
218 206 0 0
217 206 0 0
216 206 0 0
215 206 0 0
214 206 0 0
361 205 0 0
360 205 0 0
359 205 0 0
358 205 0 0
357 205 0 0
356 205 0 0
324 205 0 1
323 205 0 1
322 205 0 1
321 205 0 1
272 205 0 1
271 205 0 1
270 205 0 1
269 205 0 1
268 205 0 1
218 205 0 0
217 205 0 0
216 205 0 0
215 205 0 0
214 205 0 0
361 204 0 0
360 204 0 0
359 204 0 0
358 204 0 0
357 204 0 0
356 204 0 0
324 204 0 1
323 204 0 1
322 204 0 1
321 204 0 1
272 204 0 1
271 204 0 1
270 204 0 1
269 204 0 1
218 204 0 0
217 204 0 0
216 204 0 0
215 204 0 0
214 204 0 0
361 203 0 0
360 203 0 0
359 203 0 0
358 203 0 0
357 203 0 0
324 203 0 1
323 203 0 1
322 203 0 1
321 203 0 1
272 203 0 1
271 203 0 1
270 203 0 1
269 203 0 1
218 203 0 0
217 203 0 0
216 203 0 0
215 203 0 0
214 203 0 0
361 202 0 0
360 202 0 0
359 202 0 0
358 202 0 0
357 202 0 0
324 202 0 1
323 202 0 1
322 202 0 1
321 202 0 1
272 202 0 1
271 202 0 1
270 202 0 1
269 202 0 1
218 202 0 0
217 202 0 0
216 202 0 0
215 202 0 0
214 202 0 0
361 201 0 0
360 201 0 0
359 201 0 0
358 201 0 0
357 201 0 0
324 201 0 1
323 201 0 1
322 201 0 1
321 201 0 1
272 201 0 1
271 201 0 1
270 201 0 1
269 201 0 1
218 201 0 0
217 201 0 0
216 201 0 0
215 201 0 0
361 200 0 0
360 200 0 0
359 200 0 0
358 200 0 0
357 200 0 0
324 200 0 1
323 200 0 1
322 200 0 1
321 200 0 1
272 200 0 1
271 200 0 1
270 200 0 1
269 200 0 1
218 200 0 0
217 200 0 0
216 200 0 0
215 200 0 0
361 199 0 0
360 199 0 0
359 199 0 0
358 199 0 0
324 199 0 1
323 199 0 1
322 199 0 1
321 199 0 1
273 199 0 1
272 199 0 1
271 199 0 1
270 199 0 1
269 199 0 1
219 199 0 0
218 199 0 0
217 199 0 0
216 199 0 0
215 199 0 0
361 198 0 0
360 198 0 0
359 198 0 0
358 198 0 0
324 198 0 1
323 198 0 1
322 198 0 1
321 198 0 1
273 198 0 1
272 198 0 1
271 198 0 1
270 198 0 1
269 198 0 1
219 198 0 0
218 198 0 0
217 198 0 0
216 198 0 0
215 198 0 0
361 197 0 0
360 197 0 0
359 197 0 0
358 197 0 0
324 197 0 1
323 197 0 1
322 197 0 1
321 197 0 1
273 197 0 1
272 197 0 1
271 197 0 1
270 197 0 1
269 197 0 1
219 197 0 0
218 197 0 0
217 197 0 0
216 197 0 0
215 197 0 0
362 196 0 0
361 196 0 0
360 196 0 0
359 196 0 0
358 196 0 0
324 196 0 1
323 196 0 1
322 196 0 1
321 196 0 1
273 196 0 1
272 196 0 1
271 196 0 1
270 196 0 1
269 196 0 1
220 196 0 0
219 196 0 0
218 196 0 0
217 196 0 0
216 196 0 0
215 196 0 0
362 195 0 0
361 195 0 0
360 195 0 0
359 195 0 0
358 195 0 0
324 195 0 1
323 195 0 1
322 195 0 1
321 195 0 1
273 195 0 1
272 195 0 1
271 195 0 1
270 195 0 1
220 195 0 0
219 195 0 0
218 195 0 0
217 195 0 0
216 195 0 0
215 195 0 0
362 194 0 0
361 194 0 0
360 194 0 0
359 194 0 0
358 194 0 0
324 194 0 1
323 194 0 1
322 194 0 1
321 194 0 1
273 194 0 1
272 194 0 1
271 194 0 1
270 194 0 1
220 194 0 0
219 194 0 0
218 194 0 0
217 194 0 0
216 194 0 0
362 193 0 0
361 193 0 0
360 193 0 0
359 193 0 0
358 193 0 0
324 193 0 1
323 193 0 1
322 193 0 1
321 193 0 1
273 193 0 1
272 193 0 1
271 193 0 1
270 193 0 1
220 193 0 0
219 193 0 0
218 193 0 0
217 193 0 0
216 193 0 0
362 192 0 0
361 192 0 0
360 192 0 0
359 192 0 0
358 192 0 0
324 192 0 1
323 192 0 1
322 192 0 1
321 192 0 1
273 192 0 1
272 192 0 1
271 192 0 1
270 192 0 1
220 192 0 0
219 192 0 0
218 192 0 0
217 192 0 0
216 192 0 0
363 191 0 0
362 191 0 0
361 191 0 0
360 191 0 0
359 191 0 0
358 191 0 0
324 191 0 1
323 191 0 1
322 191 0 1
321 191 0 1
273 191 0 1
272 191 0 1
271 191 0 1
270 191 0 1
220 191 0 0
219 191 0 0
218 191 0 0
217 191 0 0
216 191 0 0
363 190 0 0
362 190 0 0
361 190 0 0
360 190 0 0
359 190 0 0
324 190 0 1
323 190 0 1
322 190 0 1
321 190 0 1
274 190 0 1
273 190 0 1
272 190 0 1
271 190 0 1
270 190 0 1
221 190 0 0
220 190 0 0
219 190 0 0
218 190 0 0
217 190 0 0
363 189 0 0
362 189 0 0
361 189 0 0
360 189 0 0
359 189 0 0
324 189 0 1
323 189 0 1
322 189 0 1
321 189 0 1
274 189 0 1
273 189 0 1
272 189 0 1
271 189 0 1
270 189 0 1
221 189 0 0
220 189 0 0
219 189 0 0
218 189 0 0
217 189 0 0
363 188 0 0
362 188 0 0
361 188 0 0
360 188 0 0
359 188 0 0
324 188 0 1
323 188 0 1
322 188 0 1
321 188 0 1
274 188 0 1
273 188 0 1
272 188 0 1
271 188 0 1
270 188 0 1
221 188 0 0
220 188 0 0
219 188 0 0
218 188 0 0
217 188 0 0
364 187 0 0
363 187 0 0
362 187 0 0
361 187 0 0
360 187 0 0
359 187 0 0
324 187 0 1
323 187 0 1
322 187 0 1
321 187 0 1
275 187 0 1
274 187 0 1
273 187 0 1
272 187 0 1
271 187 0 1
270 187 0 1
221 187 0 0
220 187 0 0
219 187 0 0
218 187 0 0
217 187 0 0
364 186 0 0
363 186 0 0
362 186 0 0
361 186 0 0
360 186 0 0
359 186 0 0
324 186 0 1
323 186 0 1
322 186 0 1
321 186 0 1
275 186 0 1
274 186 0 1
273 186 0 1
272 186 0 1
271 186 0 1
270 186 0 1
222 186 0 0
221 186 0 0
220 186 0 0
219 186 0 0
218 186 0 0
364 185 0 0
363 185 0 0
362 185 0 0
361 185 0 0
360 185 0 0
324 185 0 1
323 185 0 1
322 185 0 1
321 185 0 1
276 185 0 1
275 185 0 1
274 185 0 1
273 185 0 1
272 185 0 1
271 185 0 1
222 185 0 0
221 185 0 0
220 185 0 0
219 185 0 0
218 185 0 0
364 184 0 0
363 184 0 0
362 184 0 0
361 184 0 0
360 184 0 0
324 184 0 1
323 184 0 1
322 184 0 1
321 184 0 1
276 184 0 1
275 184 0 1
274 184 0 1
273 184 0 1
272 184 0 1
271 184 0 1
222 184 0 0
221 184 0 0
220 184 0 0
219 184 0 0
218 184 0 0
364 183 0 0
363 183 0 0
362 183 0 0
361 183 0 0
360 183 0 0
324 183 0 1
323 183 0 1
322 183 0 1
321 183 0 1
277 183 0 1
276 183 0 1
275 183 0 1
274 183 0 1
273 183 0 1
272 183 0 1
223 183 0 0
222 183 0 0
221 183 0 0
220 183 0 0
219 183 0 0
218 183 0 0
365 182 0 0
364 182 0 0
363 182 0 0
362 182 0 0
361 182 0 0
360 182 0 0
324 182 0 1
323 182 0 1
322 182 0 1
321 182 0 1
277 182 0 1
276 182 0 1
275 182 0 1
274 182 0 1
273 182 0 1
272 182 0 1
224 182 0 0
223 182 0 0
222 182 0 0
221 182 0 0
220 182 0 0
219 182 0 0
218 182 0 0
365 181 0 0
364 181 0 0
363 181 0 0
362 181 0 0
361 181 0 0
360 181 0 0
324 181 0 1
323 181 0 1
322 181 0 1
321 181 0 1
278 181 0 1
277 181 0 1
276 181 0 1
275 181 0 1
274 181 0 1
273 181 0 1
224 181 0 0
223 181 0 0
222 181 0 0
221 181 0 0
220 181 0 0
219 181 0 0
365 180 0 0
364 180 0 0
363 180 0 0
362 180 0 0
361 180 0 0
324 180 0 1
323 180 0 1
322 180 0 1
321 180 0 1
278 180 0 1
277 180 0 1
276 180 0 1
275 180 0 1
274 180 0 1
273 180 0 1
224 180 0 0
223 180 0 0
222 180 0 0
221 180 0 0
220 180 0 0
365 179 0 0
364 179 0 0
363 179 0 0
362 179 0 0
361 179 0 0
324 179 0 1
323 179 0 1
322 179 0 1
321 179 0 1
278 179 0 1
277 179 0 1
276 179 0 1
275 179 0 1
274 179 0 1
224 179 0 0
223 179 0 0
222 179 0 0
221 179 0 0
220 179 0 0
365 178 0 0
364 178 0 0
363 178 0 0
362 178 0 0
361 178 0 0
324 178 0 1
323 178 0 1
322 178 0 1
321 178 0 1
279 178 0 1
278 178 0 1
277 178 0 1
276 178 0 1
275 178 0 1
274 178 0 1
225 178 0 0
224 178 0 0
223 178 0 0
222 178 0 0
221 178 0 0
220 178 0 0
365 177 0 0
364 177 0 0
363 177 0 0
362 177 0 0
361 177 0 0
324 177 0 1
323 177 0 1
322 177 0 1
321 177 0 1
279 177 0 1
278 177 0 1
277 177 0 1
276 177 0 1
275 177 0 1
225 177 0 0
224 177 0 0
223 177 0 0
222 177 0 0
221 177 0 0
220 177 0 0
365 176 0 0
364 176 0 0
363 176 0 0
362 176 0 0
361 176 0 0
324 176 0 1
323 176 0 1
322 176 0 1
321 176 0 1
280 176 0 1
279 176 0 1
278 176 0 1
277 176 0 1
276 176 0 1
275 176 0 1
225 176 0 0
224 176 0 0
223 176 0 0
222 176 0 0
221 176 0 0
365 175 0 0
364 175 0 0
363 175 0 0
362 175 0 0
324 175 0 1
323 175 0 1
322 175 0 1
321 175 0 1
280 175 0 1
279 175 0 1
278 175 0 1
277 175 0 1
276 175 0 1
225 175 0 0
224 175 0 0
223 175 0 0
222 175 0 0
221 175 0 0
365 174 0 0
364 174 0 0
363 174 0 0
362 174 0 0
324 174 0 1
323 174 0 1
322 174 0 1
321 174 0 1
281 174 0 1
280 174 0 1
279 174 0 1
278 174 0 1
277 174 0 1
276 174 0 1
226 174 0 0
225 174 0 0
224 174 0 0
223 174 0 0
222 174 0 0
221 174 0 0
365 173 0 0
364 173 0 0
363 173 0 0
362 173 0 0
324 173 0 1
323 173 0 1
322 173 0 1
321 173 0 1
281 173 0 1
280 173 0 1
279 173 0 1
278 173 0 1
277 173 0 1
276 173 0 1
226 173 0 0
225 173 0 0
224 173 0 0
223 173 0 0
222 173 0 0
221 173 0 0
365 172 0 0
364 172 0 0
363 172 0 0
362 172 0 0
324 172 0 1
323 172 0 1
322 172 0 1
321 172 0 1
281 172 0 1
280 172 0 1
279 172 0 1
278 172 0 1
277 172 0 1
227 172 0 0
226 172 0 0
225 172 0 0
224 172 0 0
223 172 0 0
222 172 0 0
365 171 0 0
364 171 0 0
363 171 0 0
362 171 0 0
324 171 0 1
323 171 0 1
322 171 0 1
321 171 0 1
282 171 0 1
281 171 0 1
280 171 0 1
279 171 0 1
278 171 0 1
277 171 0 1
227 171 0 0
226 171 0 0
225 171 0 0
224 171 0 0
223 171 0 0
222 171 0 0
365 170 0 0
364 170 0 0
363 170 0 0
362 170 0 0
324 170 0 1
323 170 0 1
322 170 0 1
321 170 0 1
283 170 0 1
282 170 0 1
281 170 0 1
280 170 0 1
279 170 0 1
278 170 0 1
277 170 0 1
228 170 0 0
227 170 0 0
226 170 0 0
225 170 0 0
224 170 0 0
223 170 0 0
366 169 0 0
365 169 0 0
364 169 0 0
363 169 0 0
362 169 0 0
324 169 0 1
323 169 0 1
322 169 0 1
321 169 0 1
284 169 0 1
283 169 0 1
282 169 0 1
281 169 0 1
280 169 0 1
279 169 0 1
278 169 0 1
229 169 0 0
228 169 0 0
227 169 0 0
226 169 0 0
225 169 0 0
224 169 0 0
366 168 0 0
365 168 0 0
364 168 0 0
363 168 0 0
362 168 0 0
324 168 0 1
323 168 0 1
322 168 0 1
321 168 0 1
285 168 0 1
284 168 0 1
283 168 0 1
282 168 0 1
281 168 0 1
280 168 0 1
279 168 0 1
229 168 0 0
228 168 0 0
227 168 0 0
226 168 0 0
225 168 0 0
224 168 0 0
366 167 0 0
365 167 0 0
364 167 0 0
363 167 0 0
362 167 0 0
324 167 0 1
323 167 0 1
322 167 0 1
321 167 0 1
285 167 0 1
284 167 0 1
283 167 0 1
282 167 0 1
281 167 0 1
280 167 0 1
279 167 0 1
229 167 0 0
228 167 0 0
227 167 0 0
226 167 0 0
225 167 0 0
366 166 0 0
365 166 0 0
364 166 0 0
363 166 0 0
362 166 0 0
324 166 0 1
323 166 0 1
322 166 0 1
321 166 0 1
285 166 0 1
284 166 0 1
283 166 0 1
282 166 0 1
281 166 0 1
230 166 0 0
229 166 0 0
228 166 0 0
227 166 0 0
226 166 0 0
225 166 0 0
366 165 0 0
365 165 0 0
364 165 0 0
363 165 0 0
362 165 0 0
324 165 0 1
323 165 0 1
322 165 0 1
321 165 0 1
285 165 0 1
284 165 0 1
283 165 0 1
282 165 0 1
281 165 0 1
230 165 0 0
229 165 0 0
228 165 0 0
227 165 0 0
226 165 0 0
225 165 0 0
366 164 0 0
365 164 0 0
364 164 0 0
363 164 0 0
362 164 0 0
324 164 0 1
323 164 0 1
322 164 0 1
321 164 0 1
285 164 0 1
284 164 0 1
283 164 0 1
282 164 0 1
281 164 0 1
231 164 0 0
230 164 0 0
229 164 0 0
228 164 0 0
227 164 0 0
226 164 0 0
366 163 0 0
365 163 0 0
364 163 0 0
363 163 0 0
324 163 0 1
323 163 0 1
322 163 0 1
321 163 0 1
286 163 0 1
285 163 0 1
284 163 0 1
283 163 0 1
282 163 0 1
281 163 0 1
231 163 0 0
230 163 0 0
229 163 0 0
228 163 0 0
227 163 0 0
226 163 0 0
366 162 0 0
365 162 0 0
364 162 0 0
363 162 0 0
324 162 0 1
323 162 0 1
322 162 0 1
321 162 0 1
286 162 0 1
285 162 0 1
284 162 0 1
283 162 0 1
282 162 0 1
232 162 0 0
231 162 0 0
230 162 0 0
229 162 0 0
228 162 0 0
227 162 0 0
367 161 0 0
366 161 0 0
365 161 0 0
364 161 0 0
363 161 0 0
324 161 0 1
323 161 0 1
322 161 0 1
321 161 0 1
286 161 0 1
285 161 0 1
284 161 0 1
283 161 0 1
282 161 0 1
232 161 0 0
231 161 0 0
230 161 0 0
229 161 0 0
228 161 0 0
227 161 0 0
367 160 0 0
366 160 0 0
365 160 0 0
364 160 0 0
363 160 0 0
324 160 0 1
323 160 0 1
322 160 0 1
321 160 0 1
286 160 0 1
285 160 0 1
284 160 0 1
283 160 0 1
282 160 0 1
232 160 0 0
231 160 0 0
230 160 0 0
229 160 0 0
228 160 0 0
367 159 0 0
366 159 0 0
365 159 0 0
364 159 0 0
363 159 0 0
324 159 0 1
323 159 0 1
322 159 0 1
321 159 0 1
286 159 0 1
285 159 0 1
284 159 0 1
283 159 0 1
282 159 0 1
233 159 0 0
232 159 0 0
231 159 0 0
230 159 0 0
229 159 0 0
228 159 0 0
367 158 0 0
366 158 0 0
365 158 0 0
364 158 0 0
363 158 0 0
324 158 0 1
323 158 0 1
322 158 0 1
321 158 0 1
286 158 0 1
285 158 0 1
284 158 0 1
283 158 0 1
282 158 0 1
233 158 0 0
232 158 0 0
231 158 0 0
230 158 0 0
229 158 0 0
228 158 0 0
367 157 0 0
366 157 0 0
365 157 0 0
364 157 0 0
363 157 0 0
324 157 0 1
323 157 0 1
322 157 0 1
321 157 0 1
286 157 0 1
285 157 0 1
284 157 0 1
283 157 0 1
233 157 0 0
232 157 0 0
231 157 0 0
230 157 0 0
229 157 0 0
367 156 0 0
366 156 0 0
365 156 0 0
364 156 0 0
363 156 0 0
324 156 0 1
323 156 0 1
322 156 0 1
321 156 0 1
286 156 0 1
285 156 0 1
284 156 0 1
283 156 0 1
234 156 0 0
233 156 0 0
232 156 0 0
231 156 0 0
230 156 0 0
229 156 0 0
367 155 0 0
366 155 0 0
365 155 0 0
364 155 0 0
324 155 0 1
323 155 0 1
322 155 0 1
321 155 0 1
287 155 0 1
286 155 0 1
285 155 0 1
284 155 0 1
283 155 0 1
234 155 0 0
233 155 0 0
232 155 0 0
231 155 0 0
230 155 0 0
229 155 0 0
367 154 0 0
366 154 0 0
365 154 0 0
364 154 0 0
324 154 0 1
323 154 0 1
322 154 0 1
321 154 0 1
287 154 0 1
286 154 0 1
285 154 0 1
284 154 0 1
283 154 0 1
235 154 0 0
234 154 0 0
233 154 0 0
232 154 0 0
231 154 0 0
230 154 0 0
367 153 0 0
366 153 0 0
365 153 0 0
364 153 0 0
324 153 0 1
323 153 0 1
322 153 0 1
321 153 0 1
287 153 0 1
286 153 0 1
285 153 0 1
284 153 0 1
283 153 0 1
235 153 0 0
234 153 0 0
233 153 0 0
232 153 0 0
231 153 0 0
230 153 0 0
367 152 0 0
366 152 0 0
365 152 0 0
364 152 0 0
324 152 0 1
323 152 0 1
322 152 0 1
321 152 0 1
287 152 0 1
286 152 0 1
285 152 0 1
284 152 0 1
283 152 0 1
236 152 0 0
235 152 0 0
234 152 0 0
233 152 0 0
232 152 0 0
231 152 0 0
367 151 0 0
366 151 0 0
365 151 0 0
364 151 0 0
324 151 0 1
323 151 0 1
322 151 0 1
321 151 0 1
320 151 0 1
287 151 0 1
286 151 0 1
285 151 0 1
284 151 0 1
283 151 0 1
236 151 0 0
235 151 0 0
234 151 0 0
233 151 0 0
232 151 0 0
231 151 0 0
368 150 0 0
367 150 0 0
366 150 0 0
365 150 0 0
364 150 0 0
324 150 0 1
323 150 0 1
322 150 0 1
321 150 0 1
320 150 0 1
287 150 0 1
286 150 0 1
285 150 0 1
284 150 0 1
237 150 0 0
236 150 0 0
235 150 0 0
234 150 0 0
233 150 0 0
232 150 0 0
368 149 0 0
367 149 0 0
366 149 0 0
365 149 0 0
364 149 0 0
324 149 0 1
323 149 0 1
322 149 0 1
321 149 0 1
320 149 0 1
287 149 0 1
286 149 0 1
285 149 0 1
284 149 0 1
237 149 0 0
236 149 0 0
235 149 0 0
234 149 0 0
233 149 0 0
232 149 0 0
368 148 0 0
367 148 0 0
366 148 0 0
365 148 0 0
364 148 0 0
324 148 0 1
323 148 0 1
322 148 0 1
321 148 0 1
320 148 0 1
287 148 0 1
286 148 0 1
285 148 0 1
284 148 0 1
238 148 0 0
237 148 0 0
236 148 0 0
235 148 0 0
234 148 0 0
233 148 0 0
368 147 0 0
367 147 0 0
366 147 0 0
365 147 0 0
364 147 0 0
324 147 0 1
323 147 0 1
322 147 0 1
321 147 0 1
320 147 0 1
287 147 0 1
286 147 0 1
285 147 0 1
284 147 0 1
239 147 0 0
238 147 0 0
237 147 0 0
236 147 0 0
235 147 0 0
234 147 0 0
233 147 0 0
368 146 0 0
367 146 0 0
366 146 0 0
365 146 0 0
364 146 0 0
324 146 0 1
323 146 0 1
322 146 0 1
321 146 0 1
320 146 0 1
287 146 0 1
286 146 0 1
285 146 0 1
284 146 0 1
239 146 0 0
238 146 0 0
237 146 0 0
236 146 0 0
235 146 0 0
234 146 0 0
368 145 0 0
367 145 0 0
366 145 0 0
365 145 0 0
364 145 0 0
323 145 0 1
322 145 0 1
321 145 0 1
320 145 0 1
287 145 0 1
286 145 0 1
285 145 0 1
284 145 0 1
240 145 0 0
239 145 0 0
238 145 0 0
237 145 0 0
236 145 0 0
235 145 0 0
368 144 0 0
367 144 0 0
366 144 0 0
365 144 0 0
364 144 0 0
323 144 0 1
322 144 0 1
321 144 0 1
320 144 0 1
287 144 0 1
286 144 0 1
285 144 0 1
284 144 0 1
241 144 0 0
240 144 0 0
239 144 0 0
238 144 0 0
237 144 0 0
236 144 0 0
235 144 0 0
368 143 0 0
367 143 0 0
366 143 0 0
365 143 0 0
323 143 0 1
322 143 0 1
321 143 0 1
320 143 0 1
287 143 0 1
286 143 0 1
285 143 0 1
284 143 0 1
241 143 0 0
240 143 0 0
239 143 0 0
238 143 0 0
237 143 0 0
236 143 0 0
368 142 0 0
367 142 0 0
366 142 0 0
365 142 0 0
323 142 0 1
322 142 0 1
321 142 0 1
320 142 0 1
288 142 0 1
287 142 0 1
286 142 0 1
285 142 0 1
284 142 0 1
242 142 0 0
241 142 0 0
240 142 0 0
239 142 0 0
238 142 0 0
237 142 0 0
368 141 0 0
367 141 0 0
366 141 0 0
365 141 0 0
323 141 0 1
322 141 0 1
321 141 0 1
320 141 0 1
288 141 0 1
287 141 0 1
286 141 0 1
285 141 0 1
284 141 0 1
243 141 0 0
242 141 0 0
241 141 0 0
240 141 0 0
239 141 0 0
238 141 0 0
237 141 0 0
368 140 0 0
367 140 0 0
366 140 0 0
365 140 0 0
323 140 0 1
322 140 0 1
321 140 0 1
320 140 0 1
288 140 0 1
287 140 0 1
286 140 0 1
285 140 0 1
284 140 0 1
243 140 0 0
242 140 0 0
241 140 0 0
240 140 0 0
239 140 0 0
238 140 0 0
368 139 0 0
367 139 0 0
366 139 0 0
365 139 0 0
323 139 0 1
322 139 0 1
321 139 0 1
320 139 0 1
288 139 0 1
287 139 0 1
286 139 0 1
285 139 0 1
284 139 0 1
244 139 0 0
243 139 0 0
242 139 0 0
241 139 0 0
240 139 0 0
239 139 0 0
368 138 0 0
367 138 0 0
366 138 0 0
365 138 0 0
323 138 0 1
322 138 0 1
321 138 0 1
320 138 0 1
288 138 0 1
287 138 0 1
286 138 0 1
285 138 0 1
284 138 0 1
245 138 0 0
244 138 0 0
243 138 0 0
242 138 0 0
241 138 0 0
240 138 0 0
239 138 0 0
368 137 0 0
367 137 0 0
366 137 0 0
365 137 0 0
323 137 0 1
322 137 0 1
321 137 0 1
320 137 0 1
288 137 0 1
287 137 0 1
286 137 0 1
285 137 0 1
284 137 0 1
246 137 0 0
245 137 0 0
244 137 0 0
243 137 0 0
242 137 0 0
241 137 0 0
240 137 0 0
368 136 0 0
367 136 0 0
366 136 0 0
365 136 0 0
323 136 0 1
322 136 0 1
321 136 0 1
320 136 0 1
288 136 0 1
287 136 0 1
286 136 0 1
285 136 0 1
284 136 0 1
247 136 0 0
246 136 0 0
245 136 0 0
244 136 0 0
243 136 0 0
242 136 0 0
241 136 0 0
368 135 0 0
367 135 0 0
366 135 0 0
365 135 0 0
323 135 0 1
322 135 0 1
321 135 0 1
320 135 0 1
288 135 0 1
287 135 0 1
286 135 0 1
285 135 0 1
248 135 0 0
247 135 0 0
246 135 0 0
245 135 0 0
244 135 0 0
243 135 0 0
242 135 0 0
368 134 0 0
367 134 0 0
366 134 0 0
365 134 0 0
323 134 0 1
322 134 0 1
321 134 0 1
320 134 0 1
288 134 0 1
287 134 0 1
286 134 0 1
285 134 0 1
249 134 0 0
248 134 0 0
247 134 0 0
246 134 0 0
245 134 0 0
244 134 0 0
243 134 0 0
368 133 0 0
367 133 0 0
366 133 0 0
365 133 0 0
323 133 0 1
322 133 0 1
321 133 0 1
320 133 0 1
288 133 0 1
287 133 0 1
286 133 0 1
285 133 0 1
250 133 0 0
249 133 0 0
248 133 0 0
247 133 0 0
246 133 0 0
245 133 0 0
244 133 0 0
368 132 0 0
367 132 0 0
366 132 0 0
365 132 0 0
323 132 0 1
322 132 0 1
321 132 0 1
320 132 0 1
288 132 0 1
287 132 0 1
286 132 0 1
285 132 0 1
251 132 0 0
250 132 0 0
249 132 0 0
248 132 0 0
247 132 0 0
246 132 0 0
245 132 0 0
368 131 0 0
367 131 0 0
366 131 0 0
365 131 0 0
323 131 0 1
322 131 0 1
321 131 0 1
320 131 0 1
288 131 0 1
287 131 0 1
286 131 0 1
285 131 0 1
251 131 0 0
250 131 0 0
249 131 0 0
248 131 0 0
247 131 0 0
246 131 0 0
368 130 0 0
367 130 0 0
366 130 0 0
365 130 0 0
323 130 0 1
322 130 0 1
321 130 0 1
320 130 0 1
288 130 0 1
287 130 0 1
286 130 0 1
285 130 0 1
251 130 0 0
250 130 0 0
249 130 0 0
248 130 0 0
247 130 0 0
368 129 0 0
367 129 0 0
366 129 0 0
365 129 0 0
323 129 0 1
322 129 0 1
321 129 0 1
320 129 0 1
319 129 0 1
288 129 0 1
287 129 0 1
286 129 0 1
285 129 0 1
251 129 0 0
250 129 0 0
249 129 0 0
248 129 0 0
368 128 0 0
367 128 0 0
366 128 0 0
365 128 0 0
323 128 0 1
322 128 0 1
321 128 0 1
320 128 0 1
319 128 0 1
288 128 0 1
287 128 0 1
286 128 0 1
285 128 0 1
251 128 0 0
250 128 0 0
249 128 0 0
248 128 0 0
368 127 0 0
367 127 0 0
366 127 0 0
365 127 0 0
323 127 0 1
322 127 0 1
321 127 0 1
320 127 0 1
319 127 0 1
288 127 0 1
287 127 0 1
286 127 0 1
285 127 0 1
368 126 0 0
367 126 0 0
366 126 0 0
365 126 0 0
323 126 0 1
322 126 0 1
321 126 0 1
320 126 0 1
319 126 0 1
288 126 0 1
287 126 0 1
286 126 0 1
285 126 0 1
368 125 0 0
367 125 0 0
366 125 0 0
365 125 0 0
323 125 0 1
322 125 0 1
321 125 0 1
320 125 0 1
319 125 0 1
288 125 0 1
287 125 0 1
286 125 0 1
285 125 0 1
368 124 0 0
367 124 0 0
366 124 0 0
365 124 0 0
323 124 0 1
322 124 0 1
321 124 0 1
320 124 0 1
319 124 0 1
288 124 0 1
287 124 0 1
286 124 0 1
285 124 0 1
368 123 0 0
367 123 0 0
366 123 0 0
365 123 0 0
322 123 0 1
321 123 0 1
320 123 0 1
319 123 0 1
288 123 0 1
287 123 0 1
286 123 0 1
285 123 0 1
368 122 0 0
367 122 0 0
366 122 0 0
365 122 0 0
322 122 0 1
321 122 0 1
320 122 0 1
319 122 0 1
289 122 0 1
288 122 0 1
287 122 0 1
286 122 0 1
285 122 0 1
368 121 0 0
367 121 0 0
366 121 0 0
365 121 0 0
322 121 0 1
321 121 0 1
320 121 0 1
319 121 0 1
289 121 0 1
288 121 0 1
287 121 0 1
286 121 0 1
285 121 0 1
368 120 0 0
367 120 0 0
366 120 0 0
365 120 0 0
322 120 0 1
321 120 0 1
320 120 0 1
319 120 0 1
289 120 0 1
288 120 0 1
287 120 0 1
286 120 0 1
285 120 0 1
368 119 0 0
367 119 0 0
366 119 0 0
365 119 0 0
322 119 0 1
321 119 0 1
320 119 0 1
319 119 0 1
318 119 0 1
289 119 0 1
288 119 0 1
287 119 0 1
286 119 0 1
285 119 0 1
368 118 0 0
367 118 0 0
366 118 0 0
365 118 0 0
322 118 0 1
321 118 0 1
320 118 0 1
319 118 0 1
318 118 0 1
289 118 0 1
288 118 0 1
287 118 0 1
286 118 0 1
285 118 0 1
368 117 0 0
367 117 0 0
366 117 0 0
365 117 0 0
364 117 0 0
322 117 0 1
321 117 0 1
320 117 0 1
319 117 0 1
318 117 0 1
289 117 0 1
288 117 0 1
287 117 0 1
286 117 0 1
285 117 0 1
368 116 0 0
367 116 0 0
366 116 0 0
365 116 0 0
364 116 0 0
322 116 0 1
321 116 0 1
320 116 0 1
319 116 0 1
318 116 0 1
289 116 0 1
288 116 0 1
287 116 0 1
286 116 0 1
368 115 0 0
367 115 0 0
366 115 0 0
365 115 0 0
364 115 0 0
322 115 0 1
321 115 0 1
320 115 0 1
319 115 0 1
318 115 0 1
289 115 0 1
288 115 0 1
287 115 0 1
286 115 0 1
368 114 0 0
367 114 0 0
366 114 0 0
365 114 0 0
364 114 0 0
322 114 0 1
321 114 0 1
320 114 0 1
319 114 0 1
318 114 0 1
289 114 0 1
288 114 0 1
287 114 0 1
286 114 0 1
368 113 0 0
367 113 0 0
366 113 0 0
365 113 0 0
364 113 0 0
321 113 0 1
320 113 0 1
319 113 0 1
318 113 0 1
289 113 0 1
288 113 0 1
287 113 0 1
286 113 0 1
368 112 0 0
367 112 0 0
366 112 0 0
365 112 0 0
364 112 0 0
321 112 0 1
320 112 0 1
319 112 0 1
318 112 0 1
289 112 0 1
288 112 0 1
287 112 0 1
286 112 0 1
367 111 0 0
366 111 0 0
365 111 0 0
364 111 0 0
321 111 0 1
320 111 0 1
319 111 0 1
318 111 0 1
289 111 0 1
288 111 0 1
287 111 0 1
286 111 0 1
367 110 0 0
366 110 0 0
365 110 0 0
364 110 0 0
321 110 0 1
320 110 0 1
319 110 0 1
318 110 0 1
289 110 0 1
288 110 0 1
287 110 0 1
286 110 0 1
367 109 0 0
366 109 0 0
365 109 0 0
364 109 0 0
321 109 0 1
320 109 0 1
319 109 0 1
318 109 0 1
289 109 0 1
288 109 0 1
287 109 0 1
286 109 0 1
367 108 0 0
366 108 0 0
365 108 0 0
364 108 0 0
321 108 0 1
320 108 0 1
319 108 0 1
318 108 0 1
289 108 0 1
288 108 0 1
287 108 0 1
286 108 0 1
367 107 0 0
366 107 0 0
365 107 0 0
364 107 0 0
321 107 0 1
320 107 0 1
319 107 0 1
318 107 0 1
289 107 0 1
288 107 0 1
287 107 0 1
286 107 0 1
367 106 0 0
366 106 0 0
365 106 0 0
364 106 0 0
363 106 0 0
321 106 0 1
320 106 0 1
319 106 0 1
318 106 0 1
289 106 0 1
288 106 0 1
287 106 0 1
286 106 0 1
367 105 0 0
366 105 0 0
365 105 0 0
364 105 0 0
363 105 0 0
321 105 0 1
320 105 0 1
319 105 0 1
318 105 0 1
289 105 0 1
288 105 0 1
287 105 0 1
286 105 0 1
367 104 0 0
366 104 0 0
365 104 0 0
364 104 0 0
363 104 0 0
321 104 0 1
320 104 0 1
319 104 0 1
318 104 0 1
289 104 0 1
288 104 0 1
287 104 0 1
286 104 0 1
367 103 0 0
366 103 0 0
365 103 0 0
364 103 0 0
363 103 0 0
321 103 0 1
320 103 0 1
319 103 0 1
318 103 0 1
289 103 0 1
288 103 0 1
287 103 0 1
286 103 0 1
367 102 0 0
366 102 0 0
365 102 0 0
364 102 0 0
363 102 0 0
321 102 0 1
320 102 0 1
319 102 0 1
318 102 0 1
290 102 0 1
289 102 0 1
288 102 0 1
287 102 0 1
286 102 0 1
367 101 0 0
366 101 0 0
365 101 0 0
364 101 0 0
363 101 0 0
321 101 0 1
320 101 0 1
319 101 0 1
318 101 0 1
290 101 0 1
289 101 0 1
288 101 0 1
287 101 0 1
286 101 0 1
367 100 0 0
366 100 0 0
365 100 0 0
364 100 0 0
363 100 0 0
321 100 0 1
320 100 0 1
319 100 0 1
318 100 0 1
290 100 0 1
289 100 0 1
288 100 0 1
287 100 0 1
286 100 0 1
366 99 0 0
365 99 0 0
364 99 0 0
363 99 0 0
321 99 0 1
320 99 0 1
319 99 0 1
318 99 0 1
290 99 0 1
289 99 0 1
288 99 0 1
287 99 0 1
286 99 0 1
366 98 0 0
365 98 0 0
364 98 0 0
363 98 0 0
362 98 0 0
321 98 0 1
320 98 0 1
319 98 0 1
318 98 0 1
290 98 0 1
289 98 0 1
288 98 0 1
287 98 0 1
286 98 0 1
366 97 0 0
365 97 0 0
364 97 0 0
363 97 0 0
362 97 0 0
321 97 0 1
320 97 0 1
319 97 0 1
318 97 0 1
290 97 0 1
289 97 0 1
288 97 0 1
287 97 0 1
366 96 0 0
365 96 0 0
364 96 0 0
363 96 0 0
362 96 0 0
321 96 0 1
320 96 0 1
319 96 0 1
318 96 0 1
290 96 0 1
289 96 0 1
288 96 0 1
287 96 0 1
366 95 0 0
365 95 0 0
364 95 0 0
363 95 0 0
362 95 0 0
321 95 0 1
320 95 0 1
319 95 0 1
318 95 0 1
291 95 0 1
290 95 0 1
289 95 0 1
288 95 0 1
287 95 0 1
366 94 0 0
365 94 0 0
364 94 0 0
363 94 0 0
362 94 0 0
321 94 0 1
320 94 0 1
319 94 0 1
318 94 0 1
291 94 0 1
290 94 0 1
289 94 0 1
288 94 0 1
287 94 0 1
366 93 0 0
365 93 0 0
364 93 0 0
363 93 0 0
362 93 0 0
361 93 0 0
321 93 0 1
320 93 0 1
319 93 0 1
318 93 0 1
291 93 0 1
290 93 0 1
289 93 0 1
288 93 0 1
287 93 0 1
366 92 0 0
365 92 0 0
364 92 0 0
363 92 0 0
362 92 0 0
361 92 0 0
321 92 0 1
320 92 0 1
319 92 0 1
318 92 0 1
291 92 0 1
290 92 0 1
289 92 0 1
288 92 0 1
287 92 0 1
365 91 0 0
364 91 0 0
363 91 0 0
362 91 0 0
361 91 0 0
321 91 0 1
320 91 0 1
319 91 0 1
318 91 0 1
292 91 0 1
291 91 0 1
290 91 0 1
289 91 0 1
288 91 0 1
365 90 0 0
364 90 0 0
363 90 0 0
362 90 0 0
361 90 0 0
360 90 0 0
321 90 0 1
320 90 0 1
319 90 0 1
318 90 0 1
293 90 0 1
292 90 0 1
291 90 0 1
290 90 0 1
289 90 0 1
288 90 0 1
365 89 0 0
364 89 0 0
363 89 0 0
362 89 0 0
361 89 0 0
360 89 0 0
321 89 0 1
320 89 0 1
319 89 0 1
318 89 0 1
294 89 0 1
293 89 0 1
292 89 0 1
291 89 0 1
290 89 0 1
289 89 0 1
288 89 0 1
364 88 0 0
363 88 0 0
362 88 0 0
361 88 0 0
360 88 0 0
321 88 0 1
320 88 0 1
319 88 0 1
318 88 0 1
294 88 0 1
293 88 0 1
292 88 0 1
291 88 0 1
290 88 0 1
289 88 0 1
364 87 0 0
363 87 0 0
362 87 0 0
361 87 0 0
360 87 0 0
321 87 0 1
320 87 0 1
319 87 0 1
318 87 0 1
295 87 0 1
294 87 0 1
293 87 0 1
292 87 0 1
291 87 0 1
290 87 0 1
364 86 0 0
363 86 0 0
362 86 0 0
361 86 0 0
360 86 0 0
359 86 0 0
321 86 0 1
320 86 0 1
319 86 0 1
318 86 0 1
296 86 0 1
295 86 0 1
294 86 0 1
293 86 0 1
292 86 0 1
291 86 0 1
290 86 0 1
364 85 0 0
363 85 0 0
362 85 0 0
361 85 0 0
360 85 0 0
359 85 0 0
321 85 0 1
320 85 0 1
319 85 0 1
318 85 0 1
297 85 0 1
296 85 0 1
295 85 0 1
294 85 0 1
293 85 0 1
292 85 0 1
291 85 0 1
363 84 0 0
362 84 0 0
361 84 0 0
360 84 0 0
359 84 0 0
358 84 0 0
321 84 0 1
320 84 0 1
319 84 0 1
318 84 0 1
297 84 0 1
296 84 0 1
295 84 0 1
294 84 0 1
293 84 0 1
292 84 0 1
362 83 0 0
361 83 0 0
360 83 0 0
359 83 0 0
358 83 0 0
321 83 0 1
320 83 0 1
319 83 0 1
318 83 0 1
298 83 0 1
297 83 0 1
296 83 0 1
295 83 0 1
294 83 0 1
293 83 0 1
362 82 0 0
361 82 0 0
360 82 0 0
359 82 0 0
358 82 0 0
321 82 0 1
320 82 0 1
319 82 0 1
318 82 0 1
298 82 0 1
297 82 0 1
296 82 0 1
295 82 0 1
294 82 0 1
293 82 0 1
361 81 0 0
360 81 0 0
359 81 0 0
358 81 0 0
357 81 0 0
321 81 0 1
320 81 0 1
319 81 0 1
318 81 0 1
299 81 0 1
298 81 0 1
297 81 0 1
296 81 0 1
295 81 0 1
294 81 0 1
361 80 0 0
360 80 0 0
359 80 0 0
358 80 0 0
357 80 0 0
321 80 0 1
320 80 0 1
319 80 0 1
318 80 0 1
300 80 0 1
299 80 0 1
298 80 0 1
297 80 0 1
296 80 0 1
295 80 0 1
294 80 0 1
361 79 0 0
360 79 0 0
359 79 0 0
358 79 0 0
357 79 0 0
321 79 0 1
320 79 0 1
319 79 0 1
318 79 0 1
300 79 0 1
299 79 0 1
298 79 0 1
297 79 0 1
296 79 0 1
295 79 0 1
361 78 0 0
360 78 0 0
359 78 0 0
358 78 0 0
357 78 0 0
321 78 0 1
320 78 0 1
319 78 0 1
318 78 0 1
300 78 0 1
299 78 0 1
298 78 0 1
297 78 0 1
296 78 0 1
360 77 0 0
359 77 0 0
358 77 0 0
357 77 0 0
322 77 0 1
321 77 0 1
320 77 0 1
319 77 0 1
318 77 0 1
300 77 0 1
299 77 0 1
298 77 0 1
297 77 0 1
360 76 0 0
359 76 0 0
358 76 0 0
357 76 0 0
323 76 0 1
322 76 0 1
321 76 0 1
320 76 0 1
319 76 0 1
318 76 0 1
300 76 0 1
299 76 0 1
298 76 0 1
297 76 0 1
360 75 0 0
359 75 0 0
358 75 0 0
357 75 0 0
323 75 0 1
322 75 0 1
321 75 0 1
320 75 0 1
319 75 0 1
318 75 0 1
300 75 0 1
299 75 0 1
298 75 0 1
297 75 0 1
360 74 0 0
359 74 0 0
358 74 0 0
357 74 0 0
323 74 0 1
322 74 0 1
321 74 0 1
320 74 0 1
319 74 0 1
318 74 0 1
300 74 0 1
299 74 0 1
298 74 0 1
297 74 0 1
360 73 0 0
359 73 0 0
358 73 0 0
357 73 0 0
324 73 0 1
323 73 0 1
322 73 0 1
321 73 0 1
320 73 0 1
319 73 0 1
300 73 0 1
299 73 0 1
298 73 0 1
297 73 0 1
360 72 0 0
359 72 0 0
358 72 0 0
357 72 0 0
324 72 0 1
323 72 0 1
322 72 0 1
321 72 0 1
320 72 0 1
300 72 0 1
299 72 0 1
298 72 0 1
297 72 0 1
360 71 0 0
359 71 0 0
358 71 0 0
357 71 0 0
329 71 0 1
328 71 0 1
327 71 0 1
326 71 0 1
325 71 0 1
324 71 0 1
323 71 0 1
322 71 0 1
321 71 0 1
320 71 0 1
300 71 0 1
299 71 0 1
298 71 0 1
297 71 0 1
360 70 0 0
359 70 0 0
358 70 0 0
357 70 0 0
329 70 0 1
328 70 0 1
327 70 0 1
326 70 0 1
325 70 0 1
324 70 0 1
323 70 0 1
322 70 0 1
321 70 0 1
300 70 0 1
299 70 0 1
298 70 0 1
297 70 0 1
360 69 0 0
359 69 0 0
358 69 0 0
357 69 0 0
329 69 0 1
328 69 0 1
327 69 0 1
326 69 0 1
325 69 0 1
324 69 0 1
323 69 0 1
322 69 0 1
321 69 0 1
300 69 0 1
299 69 0 1
298 69 0 1
297 69 0 1
360 68 0 0
359 68 0 0
358 68 0 0
357 68 0 0
356 68 0 0
329 68 0 1
328 68 0 1
327 68 0 1
326 68 0 1
325 68 0 1
324 68 0 1
323 68 0 1
322 68 0 1
300 68 0 1
299 68 0 1
298 68 0 1
297 68 0 1
360 67 0 0
359 67 0 0
358 67 0 0
357 67 0 0
356 67 0 0
300 67 0 1
299 67 0 1
298 67 0 1
297 67 0 1
360 66 0 0
359 66 0 0
358 66 0 0
357 66 0 0
356 66 0 0
355 66 0 0
300 66 0 1
299 66 0 1
298 66 0 1
297 66 0 1
360 65 0 0
359 65 0 0
358 65 0 0
357 65 0 0
356 65 0 0
355 65 0 0
300 65 0 1
299 65 0 1
298 65 0 1
297 65 0 1
359 64 0 0
358 64 0 0
357 64 0 0
356 64 0 0
355 64 0 0
300 64 0 1
299 64 0 1
298 64 0 1
297 64 0 1
296 64 0 1
359 63 0 0
358 63 0 0
357 63 0 0
356 63 0 0
355 63 0 0
354 63 0 0
300 63 0 1
299 63 0 1
298 63 0 1
297 63 0 1
296 63 0 1
359 62 0 0
358 62 0 0
357 62 0 0
356 62 0 0
355 62 0 0
354 62 0 0
300 62 0 1
299 62 0 1
298 62 0 1
297 62 0 1
296 62 0 1
358 61 0 0
357 61 0 0
356 61 0 0
355 61 0 0
354 61 0 0
300 61 0 1
299 61 0 1
298 61 0 1
297 61 0 1
296 61 0 1
358 60 0 0
357 60 0 0
356 60 0 0
355 60 0 0
354 60 0 0
353 60 0 0
299 60 0 1
298 60 0 1
297 60 0 1
296 60 0 1
295 60 0 1
358 59 0 0
357 59 0 0
356 59 0 0
355 59 0 0
354 59 0 0
353 59 0 0
299 59 0 1
298 59 0 1
297 59 0 1
296 59 0 1
295 59 0 1
357 58 0 0
356 58 0 0
355 58 0 0
354 58 0 0
353 58 0 0
352 58 0 0
299 58 0 1
298 58 0 1
297 58 0 1
296 58 0 1
295 58 0 1
294 58 0 1
357 57 0 0
356 57 0 0
355 57 0 0
354 57 0 0
353 57 0 0
352 57 0 0
298 57 0 1
297 57 0 1
296 57 0 1
295 57 0 1
294 57 0 1
293 57 0 1
292 57 0 1
356 56 0 0
355 56 0 0
354 56 0 0
353 56 0 0
352 56 0 0
351 56 0 0
298 56 0 1
297 56 0 1
296 56 0 1
295 56 0 1
294 56 0 1
293 56 0 1
292 56 0 1
291 56 0 1
356 55 0 0
355 55 0 0
354 55 0 0
353 55 0 0
352 55 0 0
351 55 0 0
350 55 0 0
298 55 0 1
297 55 0 1
296 55 0 1
295 55 0 1
294 55 0 1
293 55 0 1
292 55 0 1
291 55 0 1
290 55 0 1
355 54 0 0
354 54 0 0
353 54 0 0
352 54 0 0
351 54 0 0
350 54 0 0
349 54 0 0
297 54 0 1
296 54 0 1
295 54 0 1
294 54 0 1
293 54 0 1
292 54 0 1
291 54 0 1
290 54 0 1
289 54 0 1
288 54 0 1
287 54 0 1
354 53 0 0
353 53 0 0
352 53 0 0
351 53 0 0
350 53 0 0
349 53 0 0
296 53 0 1
295 53 0 1
294 53 0 1
293 53 0 1
292 53 0 1
291 53 0 1
290 53 0 1
289 53 0 1
288 53 0 1
287 53 0 1
286 53 0 1
354 52 0 0
353 52 0 0
352 52 0 0
351 52 0 0
350 52 0 0
349 52 0 0
348 52 0 0
294 52 0 1
293 52 0 1
292 52 0 1
291 52 0 1
290 52 0 1
289 52 0 1
288 52 0 1
287 52 0 1
286 52 0 1
285 52 0 1
353 51 0 0
352 51 0 0
351 51 0 0
350 51 0 0
349 51 0 0
348 51 0 0
347 51 0 0
293 51 0 1
292 51 0 1
291 51 0 1
290 51 0 1
289 51 0 1
288 51 0 1
287 51 0 1
286 51 0 1
285 51 0 1
284 51 0 1
283 51 0 1
352 50 0 0
351 50 0 0
350 50 0 0
349 50 0 0
348 50 0 0
347 50 0 0
346 50 0 0
289 50 0 1
288 50 0 1
287 50 0 1
286 50 0 1
285 50 0 1
284 50 0 1
283 50 0 1
282 50 0 1
351 49 0 0
350 49 0 0
349 49 0 0
348 49 0 0
347 49 0 0
346 49 0 0
345 49 0 0
289 49 0 1
288 49 0 1
287 49 0 1
286 49 0 1
285 49 0 1
284 49 0 1
283 49 0 1
282 49 0 1
350 48 0 0
349 48 0 0
348 48 0 0
347 48 0 0
346 48 0 0
345 48 0 0
344 48 0 0
288 48 0 1
287 48 0 1
286 48 0 1
285 48 0 1
284 48 0 1
283 48 0 1
282 48 0 1
349 47 0 0
348 47 0 0
347 47 0 0
346 47 0 0
345 47 0 0
344 47 0 0
343 47 0 0
286 47 0 1
285 47 0 1
284 47 0 1
283 47 0 1
282 47 0 1
281 47 0 1
280 47 0 1
348 46 0 0
347 46 0 0
346 46 0 0
345 46 0 0
344 46 0 0
343 46 0 0
285 46 0 1
284 46 0 1
283 46 0 1
282 46 0 1
281 46 0 1
280 46 0 1
279 46 0 1
347 45 0 0
346 45 0 0
345 45 0 0
344 45 0 0
343 45 0 0
342 45 0 0
285 45 0 1
284 45 0 1
283 45 0 1
282 45 0 1
281 45 0 1
280 45 0 1
279 45 0 1
347 44 0 0
346 44 0 0
345 44 0 0
344 44 0 0
343 44 0 0
342 44 0 0
285 44 0 1
284 44 0 1
283 44 0 1
282 44 0 1
281 44 0 1
280 44 0 1
279 44 0 1
346 43 0 0
345 43 0 0
344 43 0 0
343 43 0 0
342 43 0 0
341 43 0 0
283 43 0 1
282 43 0 1
281 43 0 1
280 43 0 1
279 43 0 1
278 43 0 1
346 42 0 0
345 42 0 0
344 42 0 0
343 42 0 0
342 42 0 0
341 42 0 0
282 42 0 1
281 42 0 1
280 42 0 1
279 42 0 1
278 42 0 1
345 41 0 0
344 41 0 0
343 41 0 0
342 41 0 0
341 41 0 0
282 41 0 1
281 41 0 1
280 41 0 1
279 41 0 1
278 41 0 1
277 41 0 1
345 40 0 0
344 40 0 0
343 40 0 0
342 40 0 0
341 40 0 0
340 40 0 0
282 40 0 1
281 40 0 1
280 40 0 1
279 40 0 1
278 40 0 1
277 40 0 1
345 39 0 0
344 39 0 0
343 39 0 0
342 39 0 0
341 39 0 0
340 39 0 0
281 39 0 1
280 39 0 1
279 39 0 1
278 39 0 1
277 39 0 1
276 39 0 1
344 38 0 0
343 38 0 0
342 38 0 0
341 38 0 0
340 38 0 0
339 38 0 0
281 38 0 1
280 38 0 1
279 38 0 1
278 38 0 1
277 38 0 1
276 38 0 1
275 38 0 1
344 37 0 0
343 37 0 0
342 37 0 0
341 37 0 0
340 37 0 0
339 37 0 0
280 37 0 1
279 37 0 1
278 37 0 1
277 37 0 1
276 37 0 1
275 37 0 1
343 36 0 0
342 36 0 0
341 36 0 0
340 36 0 0
339 36 0 0
338 36 0 0
280 36 0 1
279 36 0 1
278 36 0 1
277 36 0 1
276 36 0 1
275 36 0 1
274 36 0 1
343 35 0 0
342 35 0 0
341 35 0 0
340 35 0 0
339 35 0 0
338 35 0 0
278 35 0 1
277 35 0 1
276 35 0 1
275 35 0 1
274 35 0 1
273 35 0 1
342 34 0 0
341 34 0 0
340 34 0 0
339 34 0 0
338 34 0 0
278 34 0 1
277 34 0 1
276 34 0 1
275 34 0 1
274 34 0 1
273 34 0 1
272 34 0 1
342 33 0 0
341 33 0 0
340 33 0 0
339 33 0 0
338 33 0 0
277 33 0 1
276 33 0 1
275 33 0 1
274 33 0 1
273 33 0 1
272 33 0 1
342 32 0 0
341 32 0 0
340 32 0 0
339 32 0 0
338 32 0 0
337 32 0 0
276 32 0 1
275 32 0 1
274 32 0 1
273 32 0 1
272 32 0 1
271 32 0 1
342 31 0 0
341 31 0 0
340 31 0 0
339 31 0 0
338 31 0 0
337 31 0 0
276 31 0 1
275 31 0 1
274 31 0 1
273 31 0 1
272 31 0 1
271 31 0 1
270 31 0 1
341 30 0 0
340 30 0 0
339 30 0 0
338 30 0 0
337 30 0 0
275 30 0 1
274 30 0 1
273 30 0 1
272 30 0 1
271 30 0 1
270 30 0 1
269 30 0 1
341 29 0 0
340 29 0 0
339 29 0 0
338 29 0 0
337 29 0 0
336 29 0 0
274 29 0 1
273 29 0 1
272 29 0 1
271 29 0 1
270 29 0 1
269 29 0 1
340 28 0 0
339 28 0 0
338 28 0 0
337 28 0 0
336 28 0 0
273 28 0 1
272 28 0 1
271 28 0 1
270 28 0 1
269 28 0 1
268 28 0 1
340 27 0 0
339 27 0 0
338 27 0 0
337 27 0 0
336 27 0 0
272 27 0 1
271 27 0 1
270 27 0 1
269 27 0 1
268 27 0 1
267 27 0 1
340 26 0 0
339 26 0 0
338 26 0 0
337 26 0 0
336 26 0 0
272 26 0 1
271 26 0 1
270 26 0 1
269 26 0 1
268 26 0 1
267 26 0 1
266 26 0 1
339 25 0 0
338 25 0 0
337 25 0 0
336 25 0 0
335 25 0 0
271 25 0 1
270 25 0 1
269 25 0 1
268 25 0 1
267 25 0 1
266 25 0 1
265 25 0 1
339 24 0 0
338 24 0 0
337 24 0 0
336 24 0 0
335 24 0 0
270 24 0 1
269 24 0 1
268 24 0 1
267 24 0 1
266 24 0 1
265 24 0 1
264 24 0 1
263 24 0 1
339 23 0 0
338 23 0 0
337 23 0 0
336 23 0 0
335 23 0 0
334 23 0 0
269 23 0 1
268 23 0 1
267 23 0 1
266 23 0 1
265 23 0 1
264 23 0 1
263 23 0 1
339 22 0 0
338 22 0 0
337 22 0 0
336 22 0 0
335 22 0 0
334 22 0 0
333 22 0 0
268 22 0 1
267 22 0 1
266 22 0 1
265 22 0 1
264 22 0 1
263 22 0 1
262 22 0 1
261 22 0 1
338 21 0 0
337 21 0 0
336 21 0 0
335 21 0 0
334 21 0 0
333 21 0 0
268 21 0 1
267 21 0 1
266 21 0 1
265 21 0 1
264 21 0 1
263 21 0 1
262 21 0 1
261 21 0 1
337 20 0 0
336 20 0 0
335 20 0 0
334 20 0 0
333 20 0 0
332 20 0 0
266 20 0 1
265 20 0 1
264 20 0 1
263 20 0 1
262 20 0 1
261 20 0 1
337 19 0 0
336 19 0 0
335 19 0 0
334 19 0 0
333 19 0 0
332 19 0 0
265 19 0 1
264 19 0 1
263 19 0 1
262 19 0 1
261 19 0 1
336 18 0 0
335 18 0 0
334 18 0 0
333 18 0 0
332 18 0 0
331 18 0 0
336 17 0 0
335 17 0 0
334 17 0 0
333 17 0 0
332 17 0 0
331 17 0 0
335 16 0 0
334 16 0 0
333 16 0 0
332 16 0 0
331 16 0 0
330 16 0 0
335 15 0 0
334 15 0 0
333 15 0 0
332 15 0 0
331 15 0 0
330 15 0 0
334 14 0 0
333 14 0 0
332 14 0 0
331 14 0 0
330 14 0 0
329 14 0 0
333 13 0 0
332 13 0 0
331 13 0 0
330 13 0 0
329 13 0 0
328 13 0 0
333 12 0 0
332 12 0 0
331 12 0 0
330 12 0 0
329 12 0 0
328 12 0 0
332 11 0 0
331 11 0 0
330 11 0 0
329 11 0 0
328 11 0 0
327 11 0 0
332 10 0 0
331 10 0 0
330 10 0 0
329 10 0 0
328 10 0 0
327 10 0 0
331 9 0 0
330 9 0 0
329 9 0 0
328 9 0 0
327 9 0 0
326 9 0 0
331 8 0 0
330 8 0 0
329 8 0 0
328 8 0 0
327 8 0 0
326 8 0 0
330 7 0 0
329 7 0 0
328 7 0 0
327 7 0 0
326 7 0 0
330 6 0 0
329 6 0 0
328 6 0 0
327 6 0 0
326 6 0 0
