3826 321 481
77 479 0 0
76 479 0 0
75 479 0 0
74 479 0 0
77 478 0 0
76 478 0 0
75 478 0 0
74 478 0 0
73 478 0 0
77 477 0 0
76 477 0 0
75 477 0 0
74 477 0 0
73 477 0 0
77 476 0 0
76 476 0 0
75 476 0 0
74 476 0 0
73 476 0 0
72 476 0 0
77 475 0 0
76 475 0 0
75 475 0 0
74 475 0 0
73 475 0 0
72 475 0 0
76 474 0 0
75 474 0 0
74 474 0 0
73 474 0 0
72 474 0 0
71 474 0 0
76 473 0 0
75 473 0 0
74 473 0 0
73 473 0 0
72 473 0 0
71 473 0 0
75 472 0 0
74 472 0 0
73 472 0 0
72 472 0 0
71 472 0 0
75 471 0 0
74 471 0 0
73 471 0 0
72 471 0 0
71 471 0 0
75 470 0 0
74 470 0 0
73 470 0 0
72 470 0 0
71 470 0 0
70 470 0 0
75 469 0 0
74 469 0 0
73 469 0 0
72 469 0 0
71 469 0 0
70 469 0 0
74 468 0 0
73 468 0 0
72 468 0 0
71 468 0 0
70 468 0 0
69 468 0 0
74 467 0 0
73 467 0 0
72 467 0 0
71 467 0 0
70 467 0 0
69 467 0 0
73 466 0 0
72 466 0 0
71 466 0 0
70 466 0 0
69 466 0 0
73 465 0 0
72 465 0 0
71 465 0 0
70 465 0 0
69 465 0 0
73 464 0 0
72 464 0 0
71 464 0 0
70 464 0 0
69 464 0 0
68 464 0 0
73 463 0 0
72 463 0 0
71 463 0 0
70 463 0 0
69 463 0 0
68 463 0 0
72 462 0 0
71 462 0 0
70 462 0 0
69 462 0 0
68 462 0 0
72 461 0 0
71 461 0 0
70 461 0 0
69 461 0 0
68 461 0 0
72 460 0 0
71 460 0 0
70 460 0 0
69 460 0 0
68 460 0 0
67 460 0 0
72 459 0 0
71 459 0 0
70 459 0 0
69 459 0 0
68 459 0 0
67 459 0 0
66 459 0 0
71 458 0 0
70 458 0 0
69 458 0 0
68 458 0 0
67 458 0 0
66 458 0 0
65 458 0 0
70 457 0 0
69 457 0 0
68 457 0 0
67 457 0 0
66 457 0 0
65 457 0 0
69 456 0 0
68 456 0 0
67 456 0 0
66 456 0 0
65 456 0 0
69 455 0 0
68 455 0 0
67 455 0 0
66 455 0 0
65 455 0 0
64 455 0 0
68 454 0 0
67 454 0 0
66 454 0 0
65 454 0 0
64 454 0 0
68 453 0 0
67 453 0 0
66 453 0 0
65 453 0 0
64 453 0 0
63 453 0 0
68 452 0 0
67 452 0 0
66 452 0 0
65 452 0 0
64 452 0 0
63 452 0 0
67 451 0 0
66 451 0 0
65 451 0 0
64 451 0 0
63 451 0 0
62 451 0 0
66 450 0 0
65 450 0 0
64 450 0 0
63 450 0 0
62 450 0 0
61 450 0 0
66 449 0 0
65 449 0 0
64 449 0 0
63 449 0 0
62 449 0 0
61 449 0 0
65 448 0 0
64 448 0 0
63 448 0 0
62 448 0 0
61 448 0 0
60 448 0 0
64 447 0 0
63 447 0 0
62 447 0 0
61 447 0 0
60 447 0 0
59 447 0 0
64 446 0 0
63 446 0 0
62 446 0 0
61 446 0 0
60 446 0 0
59 446 0 0
58 446 0 0
63 445 0 0
62 445 0 0
61 445 0 0
60 445 0 0
59 445 0 0
58 445 0 0
62 444 0 0
61 444 0 0
60 444 0 0
59 444 0 0
58 444 0 0
57 444 0 0
62 443 0 0
61 443 0 0
60 443 0 0
59 443 0 0
58 443 0 0
57 443 0 0
56 443 0 0
61 442 0 0
60 442 0 0
59 442 0 0
58 442 0 0
57 442 0 0
56 442 0 0
60 441 0 0
59 441 0 0
58 441 0 0
57 441 0 0
56 441 0 0
55 441 0 0
60 440 0 0
59 440 0 0
58 440 0 0
57 440 0 0
56 440 0 0
55 440 0 0
54 440 0 0
59 439 0 0
58 439 0 0
57 439 0 0
56 439 0 0
55 439 0 0
54 439 0 0
58 438 0 0
57 438 0 0
56 438 0 0
55 438 0 0
54 438 0 0
53 438 0 0
58 437 0 0
57 437 0 0
56 437 0 0
55 437 0 0
54 437 0 0
53 437 0 0
52 437 0 0
57 436 0 0
56 436 0 0
55 436 0 0
54 436 0 0
53 436 0 0
52 436 0 0
56 435 0 0
55 435 0 0
54 435 0 0
53 435 0 0
52 435 0 0
51 435 0 0
56 434 0 0
55 434 0 0
54 434 0 0
53 434 0 0
52 434 0 0
51 434 0 0
55 433 0 0
54 433 0 0
53 433 0 0
52 433 0 0
51 433 0 0
50 433 0 0
55 432 0 0
54 432 0 0
53 432 0 0
52 432 0 0
51 432 0 0
50 432 0 0
54 431 0 0
53 431 0 0
52 431 0 0
51 431 0 0
50 431 0 0
49 431 0 0
54 430 0 0
53 430 0 0
52 430 0 0
51 430 0 0
50 430 0 0
49 430 0 0
53 429 0 0
52 429 0 0
51 429 0 0
50 429 0 0
49 429 0 0
48 429 0 0
53 428 0 0
52 428 0 0
51 428 0 0
50 428 0 0
49 428 0 0
48 428 0 0
152 427 0 0
151 427 0 0
150 427 0 0
149 427 0 0
52 427 0 0
51 427 0 0
50 427 0 0
49 427 0 0
48 427 0 0
47 427 0 0
152 426 0 0
151 426 0 0
150 426 0 0
149 426 0 0
52 426 0 0
51 426 0 0
50 426 0 0
49 426 0 0
48 426 0 0
47 426 0 0
152 425 0 0
151 425 0 0
150 425 0 0
149 425 0 0
51 425 0 0
50 425 0 0
49 425 0 0
48 425 0 0
47 425 0 0
46 425 0 0
152 424 0 0
151 424 0 0
150 424 0 0
149 424 0 0
51 424 0 0
50 424 0 0
49 424 0 0
48 424 0 0
47 424 0 0
46 424 0 0
152 423 0 0
151 423 0 0
150 423 0 0
149 423 0 0
50 423 0 0
49 423 0 0
48 423 0 0
47 423 0 0
46 423 0 0
45 423 0 0
152 422 0 0
151 422 0 0
150 422 0 0
149 422 0 0
50 422 0 0
49 422 0 0
48 422 0 0
47 422 0 0
46 422 0 0
45 422 0 0
152 421 0 0
151 421 0 0
150 421 0 0
149 421 0 0
49 421 0 0
48 421 0 0
47 421 0 0
46 421 0 0
45 421 0 0
152 420 0 0
151 420 0 0
150 420 0 0
149 420 0 0
49 420 0 0
48 420 0 0
47 420 0 0
46 420 0 0
45 420 0 0
44 420 0 0
152 419 0 0
151 419 0 0
150 419 0 0
149 419 0 0
48 419 0 0
47 419 0 0
46 419 0 0
45 419 0 0
44 419 0 0
152 418 0 0
151 418 0 0
150 418 0 0
149 418 0 0
48 418 0 0
47 418 0 0
46 418 0 0
45 418 0 0
44 418 0 0
43 418 0 0
152 417 0 0
151 417 0 0
150 417 0 0
149 417 0 0
47 417 0 0
46 417 0 0
45 417 0 0
44 417 0 0
43 417 0 0
152 416 0 0
151 416 0 0
150 416 0 0
149 416 0 0
47 416 0 0
46 416 0 0
45 416 0 0
44 416 0 0
43 416 0 0
42 416 0 0
152 415 0 0
151 415 0 0
150 415 0 0
149 415 0 0
47 415 0 0
46 415 0 0
45 415 0 0
44 415 0 0
43 415 0 0
42 415 0 0
152 414 0 0
151 414 0 0
150 414 0 0
149 414 0 0
46 414 0 0
45 414 0 0
44 414 0 0
43 414 0 0
42 414 0 0
152 413 0 0
151 413 0 0
150 413 0 0
149 413 0 0
46 413 0 0
45 413 0 0
44 413 0 0
43 413 0 0
42 413 0 0
41 413 0 0
152 412 0 0
151 412 0 0
150 412 0 0
149 412 0 0
45 412 0 0
44 412 0 0
43 412 0 0
42 412 0 0
41 412 0 0
152 411 0 0
151 411 0 0
150 411 0 0
149 411 0 0
45 411 0 0
44 411 0 0
43 411 0 0
42 411 0 0
41 411 0 0
40 411 0 0
152 410 0 0
151 410 0 0
150 410 0 0
149 410 0 0
44 410 0 0
43 410 0 0
42 410 0 0
41 410 0 0
40 410 0 0
152 409 0 0
151 409 0 0
150 409 0 0
149 409 0 0
44 409 0 0
43 409 0 0
42 409 0 0
41 409 0 0
40 409 0 0
39 409 0 0
152 408 0 0
151 408 0 0
150 408 0 0
149 408 0 0
44 408 0 0
43 408 0 0
42 408 0 0
41 408 0 0
40 408 0 0
39 408 0 0
152 407 0 0
151 407 0 0
150 407 0 0
149 407 0 0
43 407 0 0
42 407 0 0
41 407 0 0
40 407 0 0
39 407 0 0
152 406 0 0
151 406 0 0
150 406 0 0
149 406 0 0
117 406 0 1
116 406 0 1
115 406 0 1
114 406 0 1
43 406 0 0
42 406 0 0
41 406 0 0
40 406 0 0
39 406 0 0
38 406 0 0
152 405 0 0
151 405 0 0
150 405 0 0
149 405 0 0
117 405 0 1
116 405 0 1
115 405 0 1
114 405 0 1
42 405 0 0
41 405 0 0
40 405 0 0
39 405 0 0
38 405 0 0
152 404 0 0
151 404 0 0
150 404 0 0
149 404 0 0
117 404 0 1
116 404 0 1
115 404 0 1
114 404 0 1
42 404 0 0
41 404 0 0
40 404 0 0
39 404 0 0
38 404 0 0
37 404 0 0
152 403 0 0
151 403 0 0
150 403 0 0
149 403 0 0
117 403 0 1
116 403 0 1
115 403 0 1
114 403 0 1
41 403 0 0
40 403 0 0
39 403 0 0
38 403 0 0
37 403 0 0
152 402 0 0
151 402 0 0
150 402 0 0
149 402 0 0
148 402 0 0
117 402 0 1
116 402 0 1
115 402 0 1
114 402 0 1
41 402 0 0
40 402 0 0
39 402 0 0
38 402 0 0
37 402 0 0
36 402 0 0
152 401 0 0
151 401 0 0
150 401 0 0
149 401 0 0
148 401 0 0
117 401 0 1
116 401 0 1
115 401 0 1
114 401 0 1
41 401 0 0
40 401 0 0
39 401 0 0
38 401 0 0
37 401 0 0
36 401 0 0
152 400 0 0
151 400 0 0
150 400 0 0
149 400 0 0
148 400 0 0
117 400 0 1
116 400 0 1
115 400 0 1
114 400 0 1
40 400 0 0
39 400 0 0
38 400 0 0
37 400 0 0
36 400 0 0
152 399 0 0
151 399 0 0
150 399 0 0
149 399 0 0
148 399 0 0
117 399 0 1
116 399 0 1
115 399 0 1
114 399 0 1
40 399 0 0
39 399 0 0
38 399 0 0
37 399 0 0
36 399 0 0
151 398 0 0
150 398 0 0
149 398 0 0
148 398 0 0
117 398 0 1
116 398 0 1
115 398 0 1
114 398 0 1
40 398 0 0
39 398 0 0
38 398 0 0
37 398 0 0
36 398 0 0
35 398 0 0
151 397 0 0
150 397 0 0
149 397 0 0
148 397 0 0
117 397 0 1
116 397 0 1
115 397 0 1
114 397 0 1
40 397 0 0
39 397 0 0
38 397 0 0
37 397 0 0
36 397 0 0
35 397 0 0
151 396 0 0
150 396 0 0
149 396 0 0
148 396 0 0
147 396 0 0
117 396 0 1
116 396 0 1
115 396 0 1
114 396 0 1
39 396 0 0
38 396 0 0
37 396 0 0
36 396 0 0
35 396 0 0
151 395 0 0
150 395 0 0
149 395 0 0
148 395 0 0
147 395 0 0
117 395 0 1
116 395 0 1
115 395 0 1
114 395 0 1
39 395 0 0
38 395 0 0
37 395 0 0
36 395 0 0
35 395 0 0
151 394 0 0
150 394 0 0
149 394 0 0
148 394 0 0
147 394 0 0
146 394 0 0
117 394 0 1
116 394 0 1
115 394 0 1
114 394 0 1
39 394 0 0
38 394 0 0
37 394 0 0
36 394 0 0
35 394 0 0
34 394 0 0
151 393 0 0
150 393 0 0
149 393 0 0
148 393 0 0
147 393 0 0
146 393 0 0
117 393 0 1
116 393 0 1
115 393 0 1
114 393 0 1
39 393 0 0
38 393 0 0
37 393 0 0
36 393 0 0
35 393 0 0
34 393 0 0
150 392 0 0
149 392 0 0
148 392 0 0
147 392 0 0
146 392 0 0
117 392 0 1
116 392 0 1
115 392 0 1
114 392 0 1
38 392 0 0
37 392 0 0
36 392 0 0
35 392 0 0
34 392 0 0
150 391 0 0
149 391 0 0
148 391 0 0
147 391 0 0
146 391 0 0
117 391 0 1
116 391 0 1
115 391 0 1
114 391 0 1
38 391 0 0
37 391 0 0
36 391 0 0
35 391 0 0
34 391 0 0
150 390 0 0
149 390 0 0
148 390 0 0
147 390 0 0
146 390 0 0
117 390 0 1
116 390 0 1
115 390 0 1
114 390 0 1
38 390 0 0
37 390 0 0
36 390 0 0
35 390 0 0
34 390 0 0
33 390 0 0
149 389 0 0
148 389 0 0
147 389 0 0
146 389 0 0
117 389 0 1
116 389 0 1
115 389 0 1
114 389 0 1
38 389 0 0
37 389 0 0
36 389 0 0
35 389 0 0
34 389 0 0
33 389 0 0
149 388 0 0
148 388 0 0
147 388 0 0
146 388 0 0
117 388 0 1
116 388 0 1
115 388 0 1
114 388 0 1
37 388 0 0
36 388 0 0
35 388 0 0
34 388 0 0
33 388 0 0
149 387 0 0
148 387 0 0
147 387 0 0
146 387 0 0
117 387 0 1
116 387 0 1
115 387 0 1
114 387 0 1
37 387 0 0
36 387 0 0
35 387 0 0
34 387 0 0
33 387 0 0
149 386 0 0
148 386 0 0
147 386 0 0
146 386 0 0
145 386 0 0
117 386 0 1
116 386 0 1
115 386 0 1
114 386 0 1
37 386 0 0
36 386 0 0
35 386 0 0
34 386 0 0
33 386 0 0
32 386 0 0
149 385 0 0
148 385 0 0
147 385 0 0
146 385 0 0
145 385 0 0
117 385 0 1
116 385 0 1
115 385 0 1
114 385 0 1
37 385 0 0
36 385 0 0
35 385 0 0
34 385 0 0
33 385 0 0
32 385 0 0
149 384 0 0
148 384 0 0
147 384 0 0
146 384 0 0
145 384 0 0
117 384 0 1
116 384 0 1
115 384 0 1
114 384 0 1
36 384 0 0
35 384 0 0
34 384 0 0
33 384 0 0
32 384 0 0
149 383 0 0
148 383 0 0
147 383 0 0
146 383 0 0
145 383 0 0
117 383 0 1
116 383 0 1
115 383 0 1
114 383 0 1
36 383 0 0
35 383 0 0
34 383 0 0
33 383 0 0
32 383 0 0
149 382 0 0
148 382 0 0
147 382 0 0
146 382 0 0
145 382 0 0
117 382 0 1
116 382 0 1
115 382 0 1
114 382 0 1
36 382 0 0
35 382 0 0
34 382 0 0
33 382 0 0
32 382 0 0
31 382 0 0
148 381 0 0
147 381 0 0
146 381 0 0
145 381 0 0
118 381 0 1
117 381 0 1
116 381 0 1
115 381 0 1
114 381 0 1
36 381 0 0
35 381 0 0
34 381 0 0
33 381 0 0
32 381 0 0
31 381 0 0
148 380 0 0
147 380 0 0
146 380 0 0
145 380 0 0
118 380 0 1
117 380 0 1
116 380 0 1
115 380 0 1
114 380 0 1
35 380 0 0
34 380 0 0
33 380 0 0
32 380 0 0
31 380 0 0
148 379 0 0
147 379 0 0
146 379 0 0
145 379 0 0
118 379 0 1
117 379 0 1
116 379 0 1
115 379 0 1
114 379 0 1
35 379 0 0
34 379 0 0
33 379 0 0
32 379 0 0
31 379 0 0
148 378 0 0
147 378 0 0
146 378 0 0
145 378 0 0
118 378 0 1
117 378 0 1
116 378 0 1
115 378 0 1
114 378 0 1
35 378 0 0
34 378 0 0
33 378 0 0
32 378 0 0
31 378 0 0
148 377 0 0
147 377 0 0
146 377 0 0
145 377 0 0
144 377 0 0
118 377 0 1
117 377 0 1
116 377 0 1
115 377 0 1
114 377 0 1
35 377 0 0
34 377 0 0
33 377 0 0
32 377 0 0
31 377 0 0
30 377 0 0
148 376 0 0
147 376 0 0
146 376 0 0
145 376 0 0
144 376 0 0
118 376 0 1
117 376 0 1
116 376 0 1
115 376 0 1
114 376 0 1
34 376 0 0
33 376 0 0
32 376 0 0
31 376 0 0
30 376 0 0
148 375 0 0
147 375 0 0
146 375 0 0
145 375 0 0
144 375 0 0
119 375 0 1
118 375 0 1
117 375 0 1
116 375 0 1
115 375 0 1
114 375 0 1
34 375 0 0
33 375 0 0
32 375 0 0
31 375 0 0
30 375 0 0
148 374 0 0
147 374 0 0
146 374 0 0
145 374 0 0
144 374 0 0
119 374 0 1
118 374 0 1
117 374 0 1
116 374 0 1
115 374 0 1
34 374 0 0
33 374 0 0
32 374 0 0
31 374 0 0
30 374 0 0
148 373 0 0
147 373 0 0
146 373 0 0
145 373 0 0
144 373 0 0
119 373 0 1
118 373 0 1
117 373 0 1
116 373 0 1
115 373 0 1
34 373 0 0
33 373 0 0
32 373 0 0
31 373 0 0
30 373 0 0
147 372 0 0
146 372 0 0
145 372 0 0
144 372 0 0
119 372 0 1
118 372 0 1
117 372 0 1
116 372 0 1
115 372 0 1
34 372 0 0
33 372 0 0
32 372 0 0
31 372 0 0
30 372 0 0
147 371 0 0
146 371 0 0
145 371 0 0
144 371 0 0
119 371 0 1
118 371 0 1
117 371 0 1
116 371 0 1
115 371 0 1
34 371 0 0
33 371 0 0
32 371 0 0
31 371 0 0
30 371 0 0
147 370 0 0
146 370 0 0
145 370 0 0
144 370 0 0
119 370 0 1
118 370 0 1
117 370 0 1
116 370 0 1
115 370 0 1
34 370 0 0
33 370 0 0
32 370 0 0
31 370 0 0
30 370 0 0
147 369 0 0
146 369 0 0
145 369 0 0
144 369 0 0
119 369 0 1
118 369 0 1
117 369 0 1
116 369 0 1
115 369 0 1
34 369 0 0
33 369 0 0
32 369 0 0
31 369 0 0
30 369 0 0
147 368 0 0
146 368 0 0
145 368 0 0
144 368 0 0
119 368 0 1
118 368 0 1
117 368 0 1
116 368 0 1
115 368 0 1
34 368 0 0
33 368 0 0
32 368 0 0
31 368 0 0
30 368 0 0
147 367 0 0
146 367 0 0
145 367 0 0
144 367 0 0
119 367 0 1
118 367 0 1
117 367 0 1
116 367 0 1
115 367 0 1
34 367 0 0
33 367 0 0
32 367 0 0
31 367 0 0
30 367 0 0
147 366 0 0
146 366 0 0
145 366 0 0
144 366 0 0
120 366 0 1
119 366 0 1
118 366 0 1
117 366 0 1
116 366 0 1
34 366 0 0
33 366 0 0
32 366 0 0
31 366 0 0
30 366 0 0
147 365 0 0
146 365 0 0
145 365 0 0
144 365 0 0
120 365 0 1
119 365 0 1
118 365 0 1
117 365 0 1
116 365 0 1
34 365 0 0
33 365 0 0
32 365 0 0
31 365 0 0
30 365 0 0
147 364 0 0
146 364 0 0
145 364 0 0
144 364 0 0
120 364 0 1
119 364 0 1
118 364 0 1
117 364 0 1
116 364 0 1
34 364 0 0
33 364 0 0
32 364 0 0
31 364 0 0
30 364 0 0
147 363 0 0
146 363 0 0
145 363 0 0
144 363 0 0
120 363 0 1
119 363 0 1
118 363 0 1
117 363 0 1
116 363 0 1
34 363 0 0
33 363 0 0
32 363 0 0
31 363 0 0
30 363 0 0
147 362 0 0
146 362 0 0
145 362 0 0
144 362 0 0
143 362 0 0
120 362 0 1
119 362 0 1
118 362 0 1
117 362 0 1
116 362 0 1
34 362 0 0
33 362 0 0
32 362 0 0
31 362 0 0
30 362 0 0
147 361 0 0
146 361 0 0
145 361 0 0
144 361 0 0
143 361 0 0
120 361 0 1
119 361 0 1
118 361 0 1
117 361 0 1
116 361 0 1
34 361 0 0
33 361 0 0
32 361 0 0
31 361 0 0
30 361 0 0
147 360 0 0
146 360 0 0
145 360 0 0
144 360 0 0
143 360 0 0
120 360 0 1
119 360 0 1
118 360 0 1
117 360 0 1
116 360 0 1
34 360 0 0
33 360 0 0
32 360 0 0
31 360 0 0
30 360 0 0
147 359 0 0
146 359 0 0
145 359 0 0
144 359 0 0
143 359 0 0
121 359 0 1
120 359 0 1
119 359 0 1
118 359 0 1
117 359 0 1
116 359 0 1
34 359 0 0
33 359 0 0
32 359 0 0
31 359 0 0
30 359 0 0
147 358 0 0
146 358 0 0
145 358 0 0
144 358 0 0
143 358 0 0
121 358 0 1
120 358 0 1
119 358 0 1
118 358 0 1
117 358 0 1
34 358 0 0
33 358 0 0
32 358 0 0
31 358 0 0
30 358 0 0
147 357 0 0
146 357 0 0
145 357 0 0
144 357 0 0
143 357 0 0
121 357 0 1
120 357 0 1
119 357 0 1
118 357 0 1
117 357 0 1
34 357 0 0
33 357 0 0
32 357 0 0
31 357 0 0
30 357 0 0
147 356 0 0
146 356 0 0
145 356 0 0
144 356 0 0
143 356 0 0
121 356 0 1
120 356 0 1
119 356 0 1
118 356 0 1
117 356 0 1
34 356 0 0
33 356 0 0
32 356 0 0
31 356 0 0
30 356 0 0
147 355 0 0
146 355 0 0
145 355 0 0
144 355 0 0
143 355 0 0
121 355 0 1
120 355 0 1
119 355 0 1
118 355 0 1
117 355 0 1
34 355 0 0
33 355 0 0
32 355 0 0
31 355 0 0
30 355 0 0
146 354 0 0
145 354 0 0
144 354 0 0
143 354 0 0
121 354 0 1
120 354 0 1
119 354 0 1
118 354 0 1
117 354 0 1
34 354 0 0
33 354 0 0
32 354 0 0
31 354 0 0
30 354 0 0
146 353 0 0
145 353 0 0
144 353 0 0
143 353 0 0
121 353 0 1
120 353 0 1
119 353 0 1
118 353 0 1
117 353 0 1
34 353 0 0
33 353 0 0
32 353 0 0
31 353 0 0
30 353 0 0
146 352 0 0
145 352 0 0
144 352 0 0
143 352 0 0
121 352 0 1
120 352 0 1
119 352 0 1
118 352 0 1
117 352 0 1
34 352 0 0
33 352 0 0
32 352 0 0
31 352 0 0
30 352 0 0
146 351 0 0
145 351 0 0
144 351 0 0
143 351 0 0
122 351 0 1
121 351 0 1
120 351 0 1
119 351 0 1
118 351 0 1
34 351 0 0
33 351 0 0
32 351 0 0
31 351 0 0
30 351 0 0
146 350 0 0
145 350 0 0
144 350 0 0
143 350 0 0
122 350 0 1
121 350 0 1
120 350 0 1
119 350 0 1
118 350 0 1
34 350 0 0
33 350 0 0
32 350 0 0
31 350 0 0
30 350 0 0
146 349 0 0
145 349 0 0
144 349 0 0
143 349 0 0
122 349 0 1
121 349 0 1
120 349 0 1
119 349 0 1
118 349 0 1
34 349 0 0
33 349 0 0
32 349 0 0
31 349 0 0
30 349 0 0
146 348 0 0
145 348 0 0
144 348 0 0
143 348 0 0
122 348 0 1
121 348 0 1
120 348 0 1
119 348 0 1
118 348 0 1
34 348 0 0
33 348 0 0
32 348 0 0
31 348 0 0
30 348 0 0
146 347 0 0
145 347 0 0
144 347 0 0
143 347 0 0
122 347 0 1
121 347 0 1
120 347 0 1
119 347 0 1
118 347 0 1
34 347 0 0
33 347 0 0
32 347 0 0
31 347 0 0
30 347 0 0
146 346 0 0
145 346 0 0
144 346 0 0
143 346 0 0
122 346 0 1
121 346 0 1
120 346 0 1
119 346 0 1
118 346 0 1
34 346 0 0
33 346 0 0
32 346 0 0
31 346 0 0
30 346 0 0
146 345 0 0
145 345 0 0
144 345 0 0
143 345 0 0
122 345 0 1
121 345 0 1
120 345 0 1
119 345 0 1
33 345 0 0
32 345 0 0
31 345 0 0
30 345 0 0
146 344 0 0
145 344 0 0
144 344 0 0
143 344 0 0
122 344 0 1
121 344 0 1
120 344 0 1
119 344 0 1
33 344 0 0
32 344 0 0
31 344 0 0
30 344 0 0
146 343 0 0
145 343 0 0
144 343 0 0
143 343 0 0
122 343 0 1
121 343 0 1
120 343 0 1
119 343 0 1
33 343 0 0
32 343 0 0
31 343 0 0
30 343 0 0
146 342 0 0
145 342 0 0
144 342 0 0
143 342 0 0
122 342 0 1
121 342 0 1
120 342 0 1
119 342 0 1
33 342 0 0
32 342 0 0
31 342 0 0
30 342 0 0
146 341 0 0
145 341 0 0
144 341 0 0
143 341 0 0
122 341 0 1
121 341 0 1
120 341 0 1
119 341 0 1
33 341 0 0
32 341 0 0
31 341 0 0
30 341 0 0
146 340 0 0
145 340 0 0
144 340 0 0
143 340 0 0
122 340 0 1
121 340 0 1
120 340 0 1
119 340 0 1
33 340 0 0
32 340 0 0
31 340 0 0
30 340 0 0
146 339 0 0
145 339 0 0
144 339 0 0
143 339 0 0
122 339 0 1
121 339 0 1
120 339 0 1
119 339 0 1
33 339 0 0
32 339 0 0
31 339 0 0
30 339 0 0
146 338 0 0
145 338 0 0
144 338 0 0
143 338 0 0
122 338 0 1
121 338 0 1
120 338 0 1
119 338 0 1
33 338 0 0
32 338 0 0
31 338 0 0
30 338 0 0
146 337 0 0
145 337 0 0
144 337 0 0
143 337 0 0
122 337 0 1
121 337 0 1
120 337 0 1
119 337 0 1
33 337 0 0
32 337 0 0
31 337 0 0
30 337 0 0
146 336 0 0
145 336 0 0
144 336 0 0
143 336 0 0
124 336 0 1
123 336 0 1
122 336 0 1
121 336 0 1
120 336 0 1
119 336 0 1
33 336 0 0
32 336 0 0
31 336 0 0
30 336 0 0
146 335 0 0
145 335 0 0
144 335 0 0
143 335 0 0
125 335 0 1
124 335 0 1
123 335 0 1
122 335 0 1
121 335 0 1
120 335 0 1
119 335 0 1
33 335 0 0
32 335 0 0
31 335 0 0
30 335 0 0
146 334 0 0
145 334 0 0
144 334 0 0
143 334 0 0
126 334 0 1
125 334 0 1
124 334 0 1
123 334 0 1
122 334 0 1
121 334 0 1
120 334 0 1
119 334 0 1
33 334 0 0
32 334 0 0
31 334 0 0
30 334 0 0
146 333 0 0
145 333 0 0
144 333 0 0
143 333 0 0
126 333 0 1
125 333 0 1
124 333 0 1
123 333 0 1
122 333 0 1
121 333 0 1
120 333 0 1
119 333 0 1
33 333 0 0
32 333 0 0
31 333 0 0
30 333 0 0
146 332 0 0
145 332 0 0
144 332 0 0
143 332 0 0
127 332 0 1
126 332 0 1
125 332 0 1
124 332 0 1
123 332 0 1
122 332 0 1
121 332 0 1
120 332 0 1
119 332 0 1
33 332 0 0
32 332 0 0
31 332 0 0
30 332 0 0
147 331 0 0
146 331 0 0
145 331 0 0
144 331 0 0
143 331 0 0
128 331 0 1
127 331 0 1
126 331 0 1
125 331 0 1
124 331 0 1
123 331 0 1
33 331 0 0
32 331 0 0
31 331 0 0
30 331 0 0
147 330 0 0
146 330 0 0
145 330 0 0
144 330 0 0
143 330 0 0
128 330 0 1
127 330 0 1
126 330 0 1
125 330 0 1
124 330 0 1
123 330 0 1
33 330 0 0
32 330 0 0
31 330 0 0
30 330 0 0
147 329 0 0
146 329 0 0
145 329 0 0
144 329 0 0
143 329 0 0
128 329 0 1
127 329 0 1
126 329 0 1
125 329 0 1
124 329 0 1
33 329 0 0
32 329 0 0
31 329 0 0
30 329 0 0
148 328 0 0
147 328 0 0
146 328 0 0
145 328 0 0
144 328 0 0
143 328 0 0
128 328 0 1
127 328 0 1
126 328 0 1
125 328 0 1
124 328 0 1
33 328 0 0
32 328 0 0
31 328 0 0
30 328 0 0
148 327 0 0
147 327 0 0
146 327 0 0
145 327 0 0
144 327 0 0
143 327 0 0
129 327 0 1
128 327 0 1
127 327 0 1
126 327 0 1
125 327 0 1
124 327 0 1
33 327 0 0
32 327 0 0
31 327 0 0
30 327 0 0
148 326 0 0
147 326 0 0
146 326 0 0
145 326 0 0
144 326 0 0
129 326 0 1
128 326 0 1
127 326 0 1
126 326 0 1
125 326 0 1
124 326 0 1
33 326 0 0
32 326 0 0
31 326 0 0
30 326 0 0
148 325 0 0
147 325 0 0
146 325 0 0
145 325 0 0
144 325 0 0
129 325 0 1
128 325 0 1
127 325 0 1
126 325 0 1
125 325 0 1
33 325 0 0
32 325 0 0
31 325 0 0
30 325 0 0
148 324 0 0
147 324 0 0
146 324 0 0
145 324 0 0
144 324 0 0
129 324 0 1
128 324 0 1
127 324 0 1
126 324 0 1
125 324 0 1
33 324 0 0
32 324 0 0
31 324 0 0
30 324 0 0
149 323 0 0
148 323 0 0
147 323 0 0
146 323 0 0
145 323 0 0
144 323 0 0
129 323 0 1
128 323 0 1
127 323 0 1
126 323 0 1
125 323 0 1
149 322 0 0
148 322 0 0
147 322 0 0
146 322 0 0
145 322 0 0
144 322 0 0
129 322 0 1
128 322 0 1
127 322 0 1
126 322 0 1
125 322 0 1
150 321 0 0
149 321 0 0
148 321 0 0
147 321 0 0
146 321 0 0
145 321 0 0
129 321 0 1
128 321 0 1
127 321 0 1
126 321 0 1
125 321 0 1
151 320 0 0
150 320 0 0
149 320 0 0
148 320 0 0
147 320 0 0
146 320 0 0
145 320 0 0
129 320 0 1
128 320 0 1
127 320 0 1
126 320 0 1
151 319 0 0
150 319 0 0
149 319 0 0
148 319 0 0
147 319 0 0
146 319 0 0
129 319 0 1
128 319 0 1
127 319 0 1
126 319 0 1
152 318 0 0
151 318 0 0
150 318 0 0
149 318 0 0
148 318 0 0
147 318 0 0
129 318 0 1
128 318 0 1
127 318 0 1
126 318 0 1
152 317 0 0
151 317 0 0
150 317 0 0
149 317 0 0
148 317 0 0
147 317 0 0
129 317 0 1
128 317 0 1
127 317 0 1
126 317 0 1
152 316 0 0
151 316 0 0
150 316 0 0
149 316 0 0
148 316 0 0
129 316 0 1
128 316 0 1
127 316 0 1
126 316 0 1
152 315 0 0
151 315 0 0
150 315 0 0
149 315 0 0
148 315 0 0
129 315 0 1
128 315 0 1
127 315 0 1
126 315 0 1
152 314 0 0
151 314 0 0
150 314 0 0
149 314 0 0
148 314 0 0
130 314 0 1
129 314 0 1
128 314 0 1
127 314 0 1
126 314 0 1
153 313 0 0
152 313 0 0
151 313 0 0
150 313 0 0
149 313 0 0
148 313 0 0
130 313 0 1
129 313 0 1
128 313 0 1
127 313 0 1
126 313 0 1
153 312 0 0
152 312 0 0
151 312 0 0
150 312 0 0
149 312 0 0
148 312 0 0
130 312 0 1
129 312 0 1
128 312 0 1
127 312 0 1
126 312 0 1
154 311 0 0
153 311 0 0
152 311 0 0
151 311 0 0
150 311 0 0
149 311 0 0
130 311 0 1
129 311 0 1
128 311 0 1
127 311 0 1
126 311 0 1
154 310 0 0
153 310 0 0
152 310 0 0
151 310 0 0
150 310 0 0
149 310 0 0
130 310 0 1
129 310 0 1
128 310 0 1
127 310 0 1
155 309 0 0
154 309 0 0
153 309 0 0
152 309 0 0
151 309 0 0
150 309 0 0
130 309 0 1
129 309 0 1
128 309 0 1
127 309 0 1
155 308 0 0
154 308 0 0
153 308 0 0
152 308 0 0
151 308 0 0
150 308 0 0
130 308 0 1
129 308 0 1
128 308 0 1
127 308 0 1
155 307 0 0
154 307 0 0
153 307 0 0
152 307 0 0
151 307 0 0
130 307 0 1
129 307 0 1
128 307 0 1
127 307 0 1
155 306 0 0
154 306 0 0
153 306 0 0
152 306 0 0
151 306 0 0
130 306 0 1
129 306 0 1
128 306 0 1
127 306 0 1
155 305 0 0
154 305 0 0
153 305 0 0
152 305 0 0
151 305 0 0
130 305 0 1
129 305 0 1
128 305 0 1
127 305 0 1
156 304 0 0
155 304 0 0
154 304 0 0
153 304 0 0
152 304 0 0
151 304 0 0
130 304 0 1
129 304 0 1
128 304 0 1
127 304 0 1
156 303 0 0
155 303 0 0
154 303 0 0
153 303 0 0
152 303 0 0
151 303 0 0
130 303 0 1
129 303 0 1
128 303 0 1
127 303 0 1
156 302 0 0
155 302 0 0
154 302 0 0
153 302 0 0
152 302 0 0
130 302 0 1
129 302 0 1
128 302 0 1
127 302 0 1
156 301 0 0
155 301 0 0
154 301 0 0
153 301 0 0
152 301 0 0
130 301 0 1
129 301 0 1
128 301 0 1
127 301 0 1
157 300 0 0
156 300 0 0
155 300 0 0
154 300 0 0
153 300 0 0
152 300 0 0
130 300 0 1
129 300 0 1
128 300 0 1
127 300 0 1
157 299 0 0
156 299 0 0
155 299 0 0
154 299 0 0
153 299 0 0
152 299 0 0
130 299 0 1
129 299 0 1
128 299 0 1
127 299 0 1
157 298 0 0
156 298 0 0
155 298 0 0
154 298 0 0
153 298 0 0
130 298 0 1
129 298 0 1
128 298 0 1
127 298 0 1
158 297 0 0
157 297 0 0
156 297 0 0
155 297 0 0
154 297 0 0
153 297 0 0
130 297 0 1
129 297 0 1
128 297 0 1
127 297 0 1
158 296 0 0
157 296 0 0
156 296 0 0
155 296 0 0
154 296 0 0
153 296 0 0
130 296 0 1
129 296 0 1
128 296 0 1
127 296 0 1
158 295 0 0
157 295 0 0
156 295 0 0
155 295 0 0
154 295 0 0
130 295 0 1
129 295 0 1
128 295 0 1
127 295 0 1
158 294 0 0
157 294 0 0
156 294 0 0
155 294 0 0
154 294 0 0
130 294 0 1
129 294 0 1
128 294 0 1
127 294 0 1
159 293 0 0
158 293 0 0
157 293 0 0
156 293 0 0
155 293 0 0
154 293 0 0
130 293 0 1
129 293 0 1
128 293 0 1
127 293 0 1
159 292 0 0
158 292 0 0
157 292 0 0
156 292 0 0
155 292 0 0
154 292 0 0
130 292 0 1
129 292 0 1
128 292 0 1
127 292 0 1
160 291 0 0
159 291 0 0
158 291 0 0
157 291 0 0
156 291 0 0
155 291 0 0
130 291 0 1
129 291 0 1
128 291 0 1
127 291 0 1
160 290 0 0
159 290 0 0
158 290 0 0
157 290 0 0
156 290 0 0
155 290 0 0
130 290 0 1
129 290 0 1
128 290 0 1
127 290 0 1
161 289 0 0
160 289 0 0
159 289 0 0
158 289 0 0
157 289 0 0
156 289 0 0
130 289 0 1
129 289 0 1
128 289 0 1
127 289 0 1
161 288 0 0
160 288 0 0
159 288 0 0
158 288 0 0
157 288 0 0
156 288 0 0
130 288 0 1
129 288 0 1
128 288 0 1
127 288 0 1
161 287 0 0
160 287 0 0
159 287 0 0
158 287 0 0
157 287 0 0
130 287 0 1
129 287 0 1
128 287 0 1
127 287 0 1
161 286 0 0
160 286 0 0
159 286 0 0
158 286 0 0
157 286 0 0
130 286 0 1
129 286 0 1
128 286 0 1
127 286 0 1
161 285 0 0
160 285 0 0
159 285 0 0
158 285 0 0
157 285 0 0
130 285 0 1
129 285 0 1
128 285 0 1
127 285 0 1
162 284 0 0
161 284 0 0
160 284 0 0
159 284 0 0
158 284 0 0
157 284 0 0
130 284 0 1
129 284 0 1
128 284 0 1
127 284 0 1
162 283 0 0
161 283 0 0
160 283 0 0
159 283 0 0
158 283 0 0
157 283 0 0
130 283 0 1
129 283 0 1
128 283 0 1
127 283 0 1
162 282 0 0
161 282 0 0
160 282 0 0
159 282 0 0
158 282 0 0
130 282 0 1
129 282 0 1
128 282 0 1
127 282 0 1
162 281 0 0
161 281 0 0
160 281 0 0
159 281 0 0
158 281 0 0
130 281 0 1
129 281 0 1
128 281 0 1
127 281 0 1
163 280 0 0
162 280 0 0
161 280 0 0
160 280 0 0
159 280 0 0
158 280 0 0
130 280 0 1
129 280 0 1
128 280 0 1
127 280 0 1
163 279 0 0
162 279 0 0
161 279 0 0
160 279 0 0
159 279 0 0
158 279 0 0
130 279 0 1
129 279 0 1
128 279 0 1
127 279 0 1
164 278 0 0
163 278 0 0
162 278 0 0
161 278 0 0
160 278 0 0
159 278 0 0
130 278 0 1
129 278 0 1
128 278 0 1
127 278 0 1
164 277 0 0
163 277 0 0
162 277 0 0
161 277 0 0
160 277 0 0
159 277 0 0
130 277 0 1
129 277 0 1
128 277 0 1
127 277 0 1
164 276 0 0
163 276 0 0
162 276 0 0
161 276 0 0
160 276 0 0
130 276 0 1
129 276 0 1
128 276 0 1
127 276 0 1
165 275 0 0
164 275 0 0
163 275 0 0
162 275 0 0
161 275 0 0
160 275 0 0
130 275 0 1
129 275 0 1
128 275 0 1
127 275 0 1
165 274 0 0
164 274 0 0
163 274 0 0
162 274 0 0
161 274 0 0
130 274 0 1
129 274 0 1
128 274 0 1
127 274 0 1
165 273 0 0
164 273 0 0
163 273 0 0
162 273 0 0
161 273 0 0
130 273 0 1
129 273 0 1
128 273 0 1
127 273 0 1
165 272 0 0
164 272 0 0
163 272 0 0
162 272 0 0
161 272 0 0
130 272 0 1
129 272 0 1
128 272 0 1
127 272 0 1
165 271 0 0
164 271 0 0
163 271 0 0
162 271 0 0
161 271 0 0
130 271 0 1
129 271 0 1
128 271 0 1
127 271 0 1
166 270 0 0
165 270 0 0
164 270 0 0
163 270 0 0
162 270 0 0
161 270 0 0
130 270 0 1
129 270 0 1
128 270 0 1
127 270 0 1
166 269 0 0
165 269 0 0
164 269 0 0
163 269 0 0
162 269 0 0
130 269 0 1
129 269 0 1
128 269 0 1
127 269 0 1
166 268 0 0
165 268 0 0
164 268 0 0
163 268 0 0
162 268 0 0
130 268 0 1
129 268 0 1
128 268 0 1
127 268 0 1
166 267 0 0
165 267 0 0
164 267 0 0
163 267 0 0
162 267 0 0
130 267 0 1
129 267 0 1
128 267 0 1
127 267 0 1
167 266 0 0
166 266 0 0
165 266 0 0
164 266 0 0
163 266 0 0
162 266 0 0
130 266 0 1
129 266 0 1
128 266 0 1
127 266 0 1
167 265 0 0
166 265 0 0
165 265 0 0
164 265 0 0
163 265 0 0
162 265 0 0
130 265 0 1
129 265 0 1
128 265 0 1
127 265 0 1
168 264 0 0
167 264 0 0
166 264 0 0
165 264 0 0
164 264 0 0
163 264 0 0
130 264 0 1
129 264 0 1
128 264 0 1
127 264 0 1
169 263 0 0
168 263 0 0
167 263 0 0
166 263 0 0
165 263 0 0
164 263 0 0
130 263 0 1
129 263 0 1
128 263 0 1
127 263 0 1
170 262 0 0
169 262 0 0
168 262 0 0
167 262 0 0
166 262 0 0
165 262 0 0
164 262 0 0
130 262 0 1
129 262 0 1
128 262 0 1
127 262 0 1
170 261 0 0
169 261 0 0
168 261 0 0
167 261 0 0
166 261 0 0
165 261 0 0
130 261 0 1
129 261 0 1
128 261 0 1
127 261 0 1
170 260 0 0
169 260 0 0
168 260 0 0
167 260 0 0
166 260 0 0
130 260 0 1
129 260 0 1
128 260 0 1
127 260 0 1
126 260 0 1
171 259 0 0
170 259 0 0
169 259 0 0
168 259 0 0
167 259 0 0
166 259 0 0
130 259 0 1
129 259 0 1
128 259 0 1
127 259 0 1
126 259 0 1
172 258 0 0
171 258 0 0
170 258 0 0
169 258 0 0
168 258 0 0
167 258 0 0
166 258 0 0
130 258 0 1
129 258 0 1
128 258 0 1
127 258 0 1
126 258 0 1
125 258 0 1
173 257 0 0
172 257 0 0
171 257 0 0
170 257 0 0
169 257 0 0
168 257 0 0
167 257 0 0
130 257 0 1
129 257 0 1
128 257 0 1
127 257 0 1
126 257 0 1
125 257 0 1
173 256 0 0
172 256 0 0
171 256 0 0
170 256 0 0
169 256 0 0
168 256 0 0
129 256 0 1
128 256 0 1
127 256 0 1
126 256 0 1
125 256 0 1
124 256 0 1
174 255 0 0
173 255 0 0
172 255 0 0
171 255 0 0
170 255 0 0
169 255 0 0
129 255 0 1
128 255 0 1
127 255 0 1
126 255 0 1
125 255 0 1
124 255 0 1
174 254 0 0
173 254 0 0
172 254 0 0
171 254 0 0
170 254 0 0
169 254 0 0
128 254 0 1
127 254 0 1
126 254 0 1
125 254 0 1
124 254 0 1
175 253 0 0
174 253 0 0
173 253 0 0
172 253 0 0
171 253 0 0
170 253 0 0
128 253 0 1
127 253 0 1
126 253 0 1
125 253 0 1
124 253 0 1
176 252 0 0
175 252 0 0
174 252 0 0
173 252 0 0
172 252 0 0
171 252 0 0
170 252 0 0
128 252 0 1
127 252 0 1
126 252 0 1
125 252 0 1
124 252 0 1
123 252 0 1
176 251 0 0
175 251 0 0
174 251 0 0
173 251 0 0
172 251 0 0
171 251 0 0
127 251 0 1
126 251 0 1
125 251 0 1
124 251 0 1
123 251 0 1
177 250 0 0
176 250 0 0
175 250 0 0
174 250 0 0
173 250 0 0
172 250 0 0
127 250 0 1
126 250 0 1
125 250 0 1
124 250 0 1
123 250 0 1
178 249 0 0
177 249 0 0
176 249 0 0
175 249 0 0
174 249 0 0
173 249 0 0
172 249 0 0
127 249 0 1
126 249 0 1
125 249 0 1
124 249 0 1
123 249 0 1
122 249 0 1
179 248 0 0
178 248 0 0
177 248 0 0
176 248 0 0
175 248 0 0
174 248 0 0
173 248 0 0
127 248 0 1
126 248 0 1
125 248 0 1
124 248 0 1
123 248 0 1
122 248 0 1
179 247 0 0
178 247 0 0
177 247 0 0
176 247 0 0
175 247 0 0
174 247 0 0
126 247 0 1
125 247 0 1
124 247 0 1
123 247 0 1
122 247 0 1
180 246 0 0
179 246 0 0
178 246 0 0
177 246 0 0
176 246 0 0
175 246 0 0
126 246 0 1
125 246 0 1
124 246 0 1
123 246 0 1
122 246 0 1
180 245 0 0
179 245 0 0
178 245 0 0
177 245 0 0
176 245 0 0
175 245 0 0
126 245 0 1
125 245 0 1
124 245 0 1
123 245 0 1
122 245 0 1
121 245 0 1
181 244 0 0
180 244 0 0
179 244 0 0
178 244 0 0
177 244 0 0
176 244 0 0
126 244 0 1
125 244 0 1
124 244 0 1
123 244 0 1
122 244 0 1
121 244 0 1
183 243 0 0
182 243 0 0
181 243 0 0
180 243 0 0
179 243 0 0
178 243 0 0
177 243 0 0
125 243 0 1
124 243 0 1
123 243 0 1
122 243 0 1
121 243 0 1
184 242 0 0
183 242 0 0
182 242 0 0
181 242 0 0
180 242 0 0
179 242 0 0
178 242 0 0
177 242 0 0
125 242 0 1
124 242 0 1
123 242 0 1
122 242 0 1
121 242 0 1
186 241 0 0
185 241 0 0
184 241 0 0
183 241 0 0
182 241 0 0
181 241 0 0
180 241 0 0
179 241 0 0
178 241 0 0
125 241 0 1
124 241 0 1
123 241 0 1
122 241 0 1
121 241 0 1
187 240 0 0
186 240 0 0
185 240 0 0
184 240 0 0
183 240 0 0
182 240 0 0
181 240 0 0
180 240 0 0
179 240 0 0
125 240 0 1
124 240 0 1
123 240 0 1
122 240 0 1
121 240 0 1
188 239 0 0
187 239 0 0
186 239 0 0
185 239 0 0
184 239 0 0
183 239 0 0
182 239 0 0
181 239 0 0
125 239 0 1
124 239 0 1
123 239 0 1
122 239 0 1
121 239 0 1
189 238 0 0
188 238 0 0
187 238 0 0
186 238 0 0
185 238 0 0
184 238 0 0
183 238 0 0
182 238 0 0
124 238 0 1
123 238 0 1
122 238 0 1
121 238 0 1
120 238 0 1
191 237 0 0
190 237 0 0
189 237 0 0
188 237 0 0
187 237 0 0
186 237 0 0
185 237 0 0
184 237 0 0
124 237 0 1
123 237 0 1
122 237 0 1
121 237 0 1
120 237 0 1
192 236 0 0
191 236 0 0
190 236 0 0
189 236 0 0
188 236 0 0
187 236 0 0
186 236 0 0
185 236 0 0
124 236 0 1
123 236 0 1
122 236 0 1
121 236 0 1
120 236 0 1
193 235 0 0
192 235 0 0
191 235 0 0
190 235 0 0
189 235 0 0
188 235 0 0
187 235 0 0
186 235 0 0
124 235 0 1
123 235 0 1
122 235 0 1
121 235 0 1
120 235 0 1
195 234 0 0
194 234 0 0
193 234 0 0
192 234 0 0
191 234 0 0
190 234 0 0
189 234 0 0
188 234 0 0
187 234 0 0
124 234 0 1
123 234 0 1
122 234 0 1
121 234 0 1
120 234 0 1
199 233 0 0
198 233 0 0
197 233 0 0
196 233 0 0
195 233 0 0
194 233 0 0
193 233 0 0
192 233 0 0
191 233 0 0
190 233 0 0
189 233 0 0
188 233 0 0
124 233 0 1
123 233 0 1
122 233 0 1
121 233 0 1
120 233 0 1
200 232 0 0
199 232 0 0
198 232 0 0
197 232 0 0
196 232 0 0
195 232 0 0
194 232 0 0
193 232 0 0
192 232 0 0
191 232 0 0
190 232 0 0
123 232 0 1
122 232 0 1
121 232 0 1
120 232 0 1
201 231 0 0
200 231 0 0
199 231 0 0
198 231 0 0
197 231 0 0
196 231 0 0
195 231 0 0
194 231 0 0
193 231 0 0
192 231 0 0
191 231 0 0
123 231 0 1
122 231 0 1
121 231 0 1
120 231 0 1
201 230 0 0
200 230 0 0
199 230 0 0
198 230 0 0
197 230 0 0
196 230 0 0
195 230 0 0
194 230 0 0
193 230 0 0
123 230 0 1
122 230 0 1
121 230 0 1
120 230 0 1
206 229 0 0
205 229 0 0
204 229 0 0
203 229 0 0
202 229 0 0
201 229 0 0
200 229 0 0
199 229 0 0
198 229 0 0
197 229 0 0
196 229 0 0
195 229 0 0
194 229 0 0
123 229 0 1
122 229 0 1
121 229 0 1
120 229 0 1
208 228 0 0
207 228 0 0
206 228 0 0
205 228 0 0
204 228 0 0
203 228 0 0
202 228 0 0
201 228 0 0
200 228 0 0
199 228 0 0
198 228 0 0
123 228 0 1
122 228 0 1
121 228 0 1
120 228 0 1
211 227 0 0
210 227 0 0
209 227 0 0
208 227 0 0
207 227 0 0
206 227 0 0
205 227 0 0
204 227 0 0
203 227 0 0
202 227 0 0
201 227 0 0
200 227 0 0
199 227 0 0
198 227 0 0
123 227 0 1
122 227 0 1
121 227 0 1
120 227 0 1
119 227 0 1
213 226 0 0
212 226 0 0
211 226 0 0
210 226 0 0
209 226 0 0
208 226 0 0
207 226 0 0
206 226 0 0
205 226 0 0
204 226 0 0
203 226 0 0
202 226 0 0
201 226 0 0
200 226 0 0
199 226 0 0
123 226 0 1
122 226 0 1
121 226 0 1
120 226 0 1
119 226 0 1
214 225 0 0
213 225 0 0
212 225 0 0
211 225 0 0
210 225 0 0
209 225 0 0
208 225 0 0
207 225 0 0
206 225 0 0
205 225 0 0
204 225 0 0
203 225 0 0
202 225 0 0
123 225 0 1
122 225 0 1
121 225 0 1
120 225 0 1
119 225 0 1
218 224 0 0
217 224 0 0
216 224 0 0
215 224 0 0
214 224 0 0
213 224 0 0
212 224 0 0
211 224 0 0
210 224 0 0
209 224 0 0
208 224 0 0
207 224 0 0
206 224 0 0
205 224 0 0
123 224 0 1
122 224 0 1
121 224 0 1
120 224 0 1
119 224 0 1
220 223 0 0
219 223 0 0
218 223 0 0
217 223 0 0
216 223 0 0
215 223 0 0
214 223 0 0
213 223 0 0
212 223 0 0
211 223 0 0
210 223 0 0
209 223 0 0
208 223 0 0
122 223 0 1
121 223 0 1
120 223 0 1
119 223 0 1
221 222 0 0
220 222 0 0
219 222 0 0
218 222 0 0
217 222 0 0
216 222 0 0
215 222 0 0
214 222 0 0
213 222 0 0
212 222 0 0
211 222 0 0
122 222 0 1
121 222 0 1
120 222 0 1
119 222 0 1
222 221 0 0
221 221 0 0
220 221 0 0
219 221 0 0
218 221 0 0
217 221 0 0
216 221 0 0
215 221 0 0
214 221 0 0
213 221 0 0
212 221 0 0
122 221 0 1
121 221 0 1
120 221 0 1
119 221 0 1
223 220 0 0
222 220 0 0
221 220 0 0
220 220 0 0
219 220 0 0
218 220 0 0
217 220 0 0
216 220 0 0
215 220 0 0
214 220 0 0
213 220 0 0
122 220 0 1
121 220 0 1
120 220 0 1
119 220 0 1
225 219 0 0
224 219 0 0
223 219 0 0
222 219 0 0
221 219 0 0
220 219 0 0
219 219 0 0
218 219 0 0
217 219 0 0
122 219 0 1
121 219 0 1
120 219 0 1
119 219 0 1
226 218 0 0
225 218 0 0
224 218 0 0
223 218 0 0
222 218 0 0
221 218 0 0
220 218 0 0
219 218 0 0
122 218 0 1
121 218 0 1
120 218 0 1
119 218 0 1
118 218 0 1
227 217 0 0
226 217 0 0
225 217 0 0
224 217 0 0
223 217 0 0
222 217 0 0
221 217 0 0
220 217 0 0
122 217 0 1
121 217 0 1
120 217 0 1
119 217 0 1
118 217 0 1
229 216 0 0
228 216 0 0
227 216 0 0
226 216 0 0
225 216 0 0
224 216 0 0
223 216 0 0
222 216 0 0
221 216 0 0
122 216 0 1
121 216 0 1
120 216 0 1
119 216 0 1
118 216 0 1
229 215 0 0
228 215 0 0
227 215 0 0
226 215 0 0
225 215 0 0
224 215 0 0
223 215 0 0
122 215 0 1
121 215 0 1
120 215 0 1
119 215 0 1
118 215 0 1
229 214 0 0
228 214 0 0
227 214 0 0
226 214 0 0
225 214 0 0
224 214 0 0
121 214 0 1
120 214 0 1
119 214 0 1
118 214 0 1
229 213 0 0
228 213 0 0
227 213 0 0
226 213 0 0
225 213 0 0
121 213 0 1
120 213 0 1
119 213 0 1
118 213 0 1
121 212 0 1
120 212 0 1
119 212 0 1
118 212 0 1
121 211 0 1
120 211 0 1
119 211 0 1
118 211 0 1
121 210 0 1
120 210 0 1
119 210 0 1
118 210 0 1
121 209 0 1
120 209 0 1
119 209 0 1
118 209 0 1
121 208 0 1
120 208 0 1
119 208 0 1
118 208 0 1
121 207 0 1
120 207 0 1
119 207 0 1
118 207 0 1
121 206 0 1
120 206 0 1
119 206 0 1
118 206 0 1
121 205 0 1
120 205 0 1
119 205 0 1
118 205 0 1
121 204 0 1
120 204 0 1
119 204 0 1
118 204 0 1
121 203 0 1
120 203 0 1
119 203 0 1
118 203 0 1
121 202 0 1
120 202 0 1
119 202 0 1
118 202 0 1
117 202 0 1
121 201 0 1
120 201 0 1
119 201 0 1
118 201 0 1
117 201 0 1
121 200 0 1
120 200 0 1
119 200 0 1
118 200 0 1
117 200 0 1
121 199 0 1
120 199 0 1
119 199 0 1
118 199 0 1
117 199 0 1
121 198 0 1
120 198 0 1
119 198 0 1
118 198 0 1
117 198 0 1
121 197 0 1
120 197 0 1
119 197 0 1
118 197 0 1
117 197 0 1
120 196 0 1
119 196 0 1
118 196 0 1
117 196 0 1
120 195 0 1
119 195 0 1
118 195 0 1
117 195 0 1
120 194 0 1
119 194 0 1
118 194 0 1
117 194 0 1
120 193 0 1
119 193 0 1
118 193 0 1
117 193 0 1
120 192 0 1
119 192 0 1
118 192 0 1
117 192 0 1
120 191 0 1
119 191 0 1
118 191 0 1
117 191 0 1
120 190 0 1
119 190 0 1
118 190 0 1
117 190 0 1
120 189 0 1
119 189 0 1
118 189 0 1
117 189 0 1
120 188 0 1
119 188 0 1
118 188 0 1
117 188 0 1
120 187 0 1
119 187 0 1
118 187 0 1
117 187 0 1
120 186 0 1
119 186 0 1
118 186 0 1
117 186 0 1
120 185 0 1
119 185 0 1
118 185 0 1
117 185 0 1
120 184 0 1
119 184 0 1
118 184 0 1
117 184 0 1
28 184 0 0
27 184 0 0
26 184 0 0
25 184 0 0
120 183 0 1
119 183 0 1
118 183 0 1
117 183 0 1
29 183 0 0
28 183 0 0
27 183 0 0
26 183 0 0
25 183 0 0
120 182 0 1
119 182 0 1
118 182 0 1
117 182 0 1
30 182 0 0
29 182 0 0
28 182 0 0
27 182 0 0
26 182 0 0
25 182 0 0
120 181 0 1
119 181 0 1
118 181 0 1
117 181 0 1
31 181 0 0
30 181 0 0
29 181 0 0
28 181 0 0
27 181 0 0
26 181 0 0
25 181 0 0
120 180 0 1
119 180 0 1
118 180 0 1
117 180 0 1
32 180 0 0
31 180 0 0
30 180 0 0
29 180 0 0
28 180 0 0
27 180 0 0
26 180 0 0
120 179 0 1
119 179 0 1
118 179 0 1
117 179 0 1
33 179 0 0
32 179 0 0
31 179 0 0
30 179 0 0
29 179 0 0
28 179 0 0
27 179 0 0
120 178 0 1
119 178 0 1
118 178 0 1
117 178 0 1
34 178 0 0
33 178 0 0
32 178 0 0
31 178 0 0
30 178 0 0
29 178 0 0
28 178 0 0
120 177 0 1
119 177 0 1
118 177 0 1
117 177 0 1
35 177 0 0
34 177 0 0
33 177 0 0
32 177 0 0
31 177 0 0
30 177 0 0
29 177 0 0
120 176 0 1
119 176 0 1
118 176 0 1
117 176 0 1
36 176 0 0
35 176 0 0
34 176 0 0
33 176 0 0
32 176 0 0
31 176 0 0
30 176 0 0
120 175 0 1
119 175 0 1
118 175 0 1
117 175 0 1
38 175 0 0
37 175 0 0
36 175 0 0
35 175 0 0
34 175 0 0
33 175 0 0
32 175 0 0
31 175 0 0
120 174 0 1
119 174 0 1
118 174 0 1
117 174 0 1
39 174 0 0
38 174 0 0
37 174 0 0
36 174 0 0
35 174 0 0
34 174 0 0
33 174 0 0
32 174 0 0
120 173 0 1
119 173 0 1
118 173 0 1
117 173 0 1
40 173 0 0
39 173 0 0
38 173 0 0
37 173 0 0
36 173 0 0
35 173 0 0
34 173 0 0
33 173 0 0
120 172 0 1
119 172 0 1
118 172 0 1
117 172 0 1
40 172 0 0
39 172 0 0
38 172 0 0
37 172 0 0
36 172 0 0
35 172 0 0
34 172 0 0
120 171 0 1
119 171 0 1
118 171 0 1
117 171 0 1
41 171 0 0
40 171 0 0
39 171 0 0
38 171 0 0
37 171 0 0
36 171 0 0
120 170 0 1
119 170 0 1
118 170 0 1
117 170 0 1
42 170 0 0
41 170 0 0
40 170 0 0
39 170 0 0
38 170 0 0
37 170 0 0
120 169 0 1
119 169 0 1
118 169 0 1
117 169 0 1
42 169 0 0
41 169 0 0
40 169 0 0
39 169 0 0
38 169 0 0
37 169 0 0
120 168 0 1
119 168 0 1
118 168 0 1
117 168 0 1
43 168 0 0
42 168 0 0
41 168 0 0
40 168 0 0
39 168 0 0
38 168 0 0
120 167 0 1
119 167 0 1
118 167 0 1
117 167 0 1
44 167 0 0
43 167 0 0
42 167 0 0
41 167 0 0
40 167 0 0
39 167 0 0
120 166 0 1
119 166 0 1
118 166 0 1
117 166 0 1
45 166 0 0
44 166 0 0
43 166 0 0
42 166 0 0
41 166 0 0
40 166 0 0
39 166 0 0
120 165 0 1
119 165 0 1
118 165 0 1
117 165 0 1
45 165 0 0
44 165 0 0
43 165 0 0
42 165 0 0
41 165 0 0
40 165 0 0
120 164 0 1
119 164 0 1
118 164 0 1
117 164 0 1
46 164 0 0
45 164 0 0
44 164 0 0
43 164 0 0
42 164 0 0
41 164 0 0
120 163 0 1
119 163 0 1
118 163 0 1
117 163 0 1
47 163 0 0
46 163 0 0
45 163 0 0
44 163 0 0
43 163 0 0
42 163 0 0
41 163 0 0
120 162 0 1
119 162 0 1
118 162 0 1
117 162 0 1
48 162 0 0
47 162 0 0
46 162 0 0
45 162 0 0
44 162 0 0
43 162 0 0
42 162 0 0
120 161 0 1
119 161 0 1
118 161 0 1
117 161 0 1
48 161 0 0
47 161 0 0
46 161 0 0
45 161 0 0
44 161 0 0
43 161 0 0
120 160 0 1
119 160 0 1
118 160 0 1
117 160 0 1
49 160 0 0
48 160 0 0
47 160 0 0
46 160 0 0
45 160 0 0
44 160 0 0
120 159 0 1
119 159 0 1
118 159 0 1
117 159 0 1
50 159 0 0
49 159 0 0
48 159 0 0
47 159 0 0
46 159 0 0
45 159 0 0
44 159 0 0
51 158 0 0
50 158 0 0
49 158 0 0
48 158 0 0
47 158 0 0
46 158 0 0
45 158 0 0
51 157 0 0
50 157 0 0
49 157 0 0
48 157 0 0
47 157 0 0
46 157 0 0
52 156 0 0
51 156 0 0
50 156 0 0
49 156 0 0
48 156 0 0
47 156 0 0
53 155 0 0
52 155 0 0
51 155 0 0
50 155 0 0
49 155 0 0
48 155 0 0
47 155 0 0
54 154 0 0
53 154 0 0
52 154 0 0
51 154 0 0
50 154 0 0
49 154 0 0
48 154 0 0
55 153 0 0
54 153 0 0
53 153 0 0
52 153 0 0
51 153 0 0
50 153 0 0
49 153 0 0
56 152 0 0
55 152 0 0
54 152 0 0
53 152 0 0
52 152 0 0
51 152 0 0
50 152 0 0
57 151 0 0
56 151 0 0
55 151 0 0
54 151 0 0
53 151 0 0
52 151 0 0
51 151 0 0
58 150 0 0
57 150 0 0
56 150 0 0
55 150 0 0
54 150 0 0
53 150 0 0
52 150 0 0
58 149 0 0
57 149 0 0
56 149 0 0
55 149 0 0
54 149 0 0
53 149 0 0
60 148 0 0
59 148 0 0
58 148 0 0
57 148 0 0
56 148 0 0
55 148 0 0
54 148 0 0
62 147 0 0
61 147 0 0
60 147 0 0
59 147 0 0
58 147 0 0
57 147 0 0
56 147 0 0
55 147 0 0
54 147 0 0
64 146 0 0
63 146 0 0
62 146 0 0
61 146 0 0
60 146 0 0
59 146 0 0
58 146 0 0
57 146 0 0
56 146 0 0
55 146 0 0
66 145 0 0
65 145 0 0
64 145 0 0
63 145 0 0
62 145 0 0
61 145 0 0
60 145 0 0
59 145 0 0
58 145 0 0
57 145 0 0
56 145 0 0
67 144 0 0
66 144 0 0
65 144 0 0
64 144 0 0
63 144 0 0
62 144 0 0
61 144 0 0
60 144 0 0
59 144 0 0
58 144 0 0
57 144 0 0
69 143 0 0
68 143 0 0
67 143 0 0
66 143 0 0
65 143 0 0
64 143 0 0
63 143 0 0
62 143 0 0
61 143 0 0
60 143 0 0
59 143 0 0
70 142 0 0
69 142 0 0
68 142 0 0
67 142 0 0
66 142 0 0
65 142 0 0
64 142 0 0
63 142 0 0
62 142 0 0
61 142 0 0
72 141 0 0
71 141 0 0
70 141 0 0
69 141 0 0
68 141 0 0
67 141 0 0
66 141 0 0
65 141 0 0
64 141 0 0
63 141 0 0
73 140 0 0
72 140 0 0
71 140 0 0
70 140 0 0
69 140 0 0
68 140 0 0
67 140 0 0
66 140 0 0
65 140 0 0
75 139 0 0
74 139 0 0
73 139 0 0
72 139 0 0
71 139 0 0
70 139 0 0
69 139 0 0
68 139 0 0
67 139 0 0
66 139 0 0
78 138 0 0
77 138 0 0
76 138 0 0
75 138 0 0
74 138 0 0
73 138 0 0
72 138 0 0
71 138 0 0
70 138 0 0
69 138 0 0
68 138 0 0
82 137 0 0
81 137 0 0
80 137 0 0
79 137 0 0
78 137 0 0
77 137 0 0
76 137 0 0
75 137 0 0
74 137 0 0
73 137 0 0
72 137 0 0
71 137 0 0
70 137 0 0
69 137 0 0
84 136 0 0
83 136 0 0
82 136 0 0
81 136 0 0
80 136 0 0
79 136 0 0
78 136 0 0
77 136 0 0
76 136 0 0
75 136 0 0
74 136 0 0
73 136 0 0
72 136 0 0
71 136 0 0
86 135 0 0
85 135 0 0
84 135 0 0
83 135 0 0
82 135 0 0
81 135 0 0
80 135 0 0
79 135 0 0
78 135 0 0
77 135 0 0
76 135 0 0
75 135 0 0
74 135 0 0
73 135 0 0
72 135 0 0
88 134 0 0
87 134 0 0
86 134 0 0
85 134 0 0
84 134 0 0
83 134 0 0
82 134 0 0
81 134 0 0
80 134 0 0
79 134 0 0
78 134 0 0
77 134 0 0
76 134 0 0
75 134 0 0
74 134 0 0
90 133 0 0
89 133 0 0
88 133 0 0
87 133 0 0
86 133 0 0
85 133 0 0
84 133 0 0
83 133 0 0
82 133 0 0
81 133 0 0
80 133 0 0
79 133 0 0
78 133 0 0
92 132 0 0
91 132 0 0
90 132 0 0
89 132 0 0
88 132 0 0
87 132 0 0
86 132 0 0
85 132 0 0
84 132 0 0
83 132 0 0
82 132 0 0
81 132 0 0
94 131 0 0
93 131 0 0
92 131 0 0
91 131 0 0
90 131 0 0
89 131 0 0
88 131 0 0
87 131 0 0
86 131 0 0
85 131 0 0
84 131 0 0
83 131 0 0
96 130 0 0
95 130 0 0
94 130 0 0
93 130 0 0
92 130 0 0
91 130 0 0
90 130 0 0
89 130 0 0
88 130 0 0
87 130 0 0
86 130 0 0
85 130 0 0
98 129 0 0
97 129 0 0
96 129 0 0
95 129 0 0
94 129 0 0
93 129 0 0
92 129 0 0
91 129 0 0
90 129 0 0
89 129 0 0
88 129 0 0
87 129 0 0
100 128 0 0
99 128 0 0
98 128 0 0
97 128 0 0
96 128 0 0
95 128 0 0
94 128 0 0
93 128 0 0
92 128 0 0
91 128 0 0
90 128 0 0
89 128 0 0
102 127 0 0
101 127 0 0
100 127 0 0
99 127 0 0
98 127 0 0
97 127 0 0
96 127 0 0
95 127 0 0
94 127 0 0
93 127 0 0
92 127 0 0
91 127 0 0
104 126 0 0
103 126 0 0
102 126 0 0
101 126 0 0
100 126 0 0
99 126 0 0
98 126 0 0
97 126 0 0
96 126 0 0
95 126 0 0
94 126 0 0
93 126 0 0
106 125 0 0
105 125 0 0
104 125 0 0
103 125 0 0
102 125 0 0
101 125 0 0
100 125 0 0
99 125 0 0
98 125 0 0
97 125 0 0
96 125 0 0
95 125 0 0
110 124 0 0
109 124 0 0
108 124 0 0
107 124 0 0
106 124 0 0
105 124 0 0
104 124 0 0
103 124 0 0
102 124 0 0
101 124 0 0
100 124 0 0
99 124 0 0
98 124 0 0
97 124 0 0
115 123 0 0
114 123 0 0
113 123 0 0
112 123 0 0
111 123 0 0
110 123 0 0
109 123 0 0
108 123 0 0
107 123 0 0
106 123 0 0
105 123 0 0
104 123 0 0
103 123 0 0
102 123 0 0
101 123 0 0
100 123 0 0
99 123 0 0
131 122 0 0
130 122 0 0
129 122 0 0
128 122 0 0
127 122 0 0
126 122 0 0
125 122 0 0
124 122 0 0
123 122 0 0
122 122 0 0
121 122 0 0
120 122 0 0
119 122 0 0
118 122 0 0
117 122 0 0
116 122 0 0
115 122 0 0
114 122 0 0
113 122 0 0
112 122 0 0
111 122 0 0
110 122 0 0
109 122 0 0
108 122 0 0
107 122 0 0
106 122 0 0
105 122 0 0
104 122 0 0
103 122 0 0
102 122 0 0
101 122 0 0
131 121 0 0
130 121 0 0
129 121 0 0
128 121 0 0
127 121 0 0
126 121 0 0
125 121 0 0
124 121 0 0
123 121 0 0
122 121 0 0
121 121 0 0
120 121 0 0
119 121 0 0
118 121 0 0
117 121 0 0
116 121 0 0
115 121 0 0
114 121 0 0
113 121 0 0
112 121 0 0
111 121 0 0
110 121 0 0
109 121 0 0
108 121 0 0
107 121 0 0
106 121 0 0
105 121 0 0
104 121 0 0
103 121 0 0
131 120 0 0
130 120 0 0
129 120 0 0
128 120 0 0
127 120 0 0
126 120 0 0
125 120 0 0
124 120 0 0
123 120 0 0
122 120 0 0
121 120 0 0
120 120 0 0
119 120 0 0
118 120 0 0
117 120 0 0
116 120 0 0
115 120 0 0
114 120 0 0
113 120 0 0
112 120 0 0
111 120 0 0
110 120 0 0
109 120 0 0
108 120 0 0
107 120 0 0
106 120 0 0
105 120 0 0
131 119 0 0
130 119 0 0
129 119 0 0
128 119 0 0
127 119 0 0
126 119 0 0
125 119 0 0
124 119 0 0
123 119 0 0
122 119 0 0
121 119 0 0
120 119 0 0
119 119 0 0
118 119 0 0
117 119 0 0
116 119 0 0
115 119 0 0
114 119 0 0
113 119 0 0
112 119 0 0
111 119 0 0
110 119 0 0
