5049 481 321
179 260 0 0
178 260 0 0
177 260 0 0
176 260 0 0
179 259 0 0
178 259 0 0
177 259 0 0
176 259 0 0
179 258 0 0
178 258 0 0
177 258 0 0
176 258 0 0
179 257 0 0
178 257 0 0
177 257 0 0
176 257 0 0
179 256 0 0
178 256 0 0
177 256 0 0
176 256 0 0
179 255 0 0
178 255 0 0
177 255 0 0
176 255 0 0
179 254 0 0
178 254 0 0
177 254 0 0
176 254 0 0
179 253 0 0
178 253 0 0
177 253 0 0
176 253 0 0
179 252 0 0
178 252 0 0
177 252 0 0
176 252 0 0
179 251 0 0
178 251 0 0
177 251 0 0
176 251 0 0
179 250 0 0
178 250 0 0
177 250 0 0
176 250 0 0
179 249 0 0
178 249 0 0
177 249 0 0
176 249 0 0
179 248 0 0
178 248 0 0
177 248 0 0
176 248 0 0
179 247 0 0
178 247 0 0
177 247 0 0
176 247 0 0
179 246 0 0
178 246 0 0
177 246 0 0
176 246 0 0
175 246 0 0
179 245 0 0
178 245 0 0
177 245 0 0
176 245 0 0
175 245 0 0
179 244 0 0
178 244 0 0
177 244 0 0
176 244 0 0
175 244 0 0
179 243 0 0
178 243 0 0
177 243 0 0
176 243 0 0
175 243 0 0
179 242 0 0
178 242 0 0
177 242 0 0
176 242 0 0
175 242 0 0
179 241 0 0
178 241 0 0
177 241 0 0
176 241 0 0
175 241 0 0
179 240 0 0
178 240 0 0
177 240 0 0
176 240 0 0
175 240 0 0
178 239 0 0
177 239 0 0
176 239 0 0
175 239 0 0
174 239 0 0
178 238 0 0
177 238 0 0
176 238 0 0
175 238 0 0
174 238 0 0
178 237 0 0
177 237 0 0
176 237 0 0
175 237 0 0
174 237 0 0
178 236 0 0
177 236 0 0
176 236 0 0
175 236 0 0
174 236 0 0
178 235 0 0
177 235 0 0
176 235 0 0
175 235 0 0
174 235 0 0
178 234 0 0
177 234 0 0
176 234 0 0
175 234 0 0
174 234 0 0
178 233 0 0
177 233 0 0
176 233 0 0
175 233 0 0
174 233 0 0
178 232 0 0
177 232 0 0
176 232 0 0
175 232 0 0
174 232 0 0
173 232 0 0
177 231 0 0
176 231 0 0
175 231 0 0
174 231 0 0
173 231 0 0
177 230 0 0
176 230 0 0
175 230 0 0
174 230 0 0
173 230 0 0
365 229 0 0
364 229 0 0
363 229 0 0
362 229 0 0
361 229 0 0
360 229 0 0
359 229 0 0
358 229 0 0
357 229 0 0
356 229 0 0
355 229 0 0
354 229 0 0
353 229 0 0
352 229 0 0
351 229 0 0
350 229 0 0
349 229 0 0
348 229 0 0
347 229 0 0
346 229 0 0
345 229 0 0
344 229 0 0
343 229 0 0
177 229 0 0
176 229 0 0
175 229 0 0
174 229 0 0
173 229 0 0
365 228 0 0
364 228 0 0
363 228 0 0
362 228 0 0
361 228 0 0
360 228 0 0
359 228 0 0
358 228 0 0
357 228 0 0
356 228 0 0
355 228 0 0
354 228 0 0
353 228 0 0
352 228 0 0
351 228 0 0
350 228 0 0
349 228 0 0
348 228 0 0
347 228 0 0
346 228 0 0
345 228 0 0
344 228 0 0
343 228 0 0
342 228 0 0
341 228 0 0
340 228 0 0
339 228 0 0
338 228 0 0
337 228 0 0
336 228 0 0
335 228 0 0
334 228 0 0
333 228 0 0
332 228 0 0
331 228 0 0
330 228 0 0
329 228 0 0
328 228 0 0
327 228 0 0
326 228 0 0
325 228 0 0
324 228 0 0
323 228 0 0
322 228 0 0
321 228 0 0
320 228 0 0
319 228 0 0
318 228 0 0
317 228 0 0
316 228 0 0
315 228 0 0
314 228 0 0
313 228 0 0
312 228 0 0
177 228 0 0
176 228 0 0
175 228 0 0
174 228 0 0
173 228 0 0
365 227 0 0
364 227 0 0
363 227 0 0
362 227 0 0
361 227 0 0
360 227 0 0
359 227 0 0
358 227 0 0
357 227 0 0
356 227 0 0
355 227 0 0
354 227 0 0
353 227 0 0
352 227 0 0
351 227 0 0
350 227 0 0
349 227 0 0
348 227 0 0
347 227 0 0
346 227 0 0
345 227 0 0
344 227 0 0
343 227 0 0
342 227 0 0
341 227 0 0
340 227 0 0
339 227 0 0
338 227 0 0
337 227 0 0
336 227 0 0
335 227 0 0
334 227 0 0
333 227 0 0
332 227 0 0
331 227 0 0
330 227 0 0
329 227 0 0
328 227 0 0
327 227 0 0
326 227 0 0
325 227 0 0
324 227 0 0
323 227 0 0
322 227 0 0
321 227 0 0
320 227 0 0
319 227 0 0
318 227 0 0
317 227 0 0
316 227 0 0
315 227 0 0
314 227 0 0
313 227 0 0
312 227 0 0
311 227 0 0
310 227 0 0
309 227 0 0
308 227 0 0
307 227 0 0
306 227 0 0
305 227 0 0
304 227 0 0
303 227 0 0
302 227 0 0
301 227 0 0
300 227 0 0
299 227 0 0
298 227 0 0
297 227 0 0
296 227 0 0
295 227 0 0
294 227 0 0
293 227 0 0
292 227 0 0
291 227 0 0
290 227 0 0
289 227 0 0
288 227 0 0
287 227 0 0
286 227 0 0
285 227 0 0
284 227 0 0
283 227 0 0
282 227 0 0
281 227 0 0
280 227 0 0
279 227 0 0
278 227 0 0
277 227 0 0
276 227 0 0
275 227 0 0
274 227 0 0
273 227 0 0
272 227 0 0
271 227 0 0
270 227 0 0
269 227 0 0
268 227 0 0
267 227 0 0
266 227 0 0
177 227 0 0
176 227 0 0
175 227 0 0
174 227 0 0
173 227 0 0
365 226 0 0
364 226 0 0
363 226 0 0
362 226 0 0
361 226 0 0
360 226 0 0
359 226 0 0
358 226 0 0
357 226 0 0
356 226 0 0
355 226 0 0
354 226 0 0
353 226 0 0
352 226 0 0
351 226 0 0
350 226 0 0
349 226 0 0
348 226 0 0
347 226 0 0
346 226 0 0
345 226 0 0
344 226 0 0
343 226 0 0
342 226 0 0
341 226 0 0
340 226 0 0
339 226 0 0
338 226 0 0
337 226 0 0
336 226 0 0
335 226 0 0
334 226 0 0
333 226 0 0
332 226 0 0
331 226 0 0
330 226 0 0
329 226 0 0
328 226 0 0
327 226 0 0
326 226 0 0
325 226 0 0
324 226 0 0
323 226 0 0
322 226 0 0
321 226 0 0
320 226 0 0
319 226 0 0
318 226 0 0
317 226 0 0
316 226 0 0
315 226 0 0
314 226 0 0
313 226 0 0
312 226 0 0
311 226 0 0
310 226 0 0
309 226 0 0
308 226 0 0
307 226 0 0
306 226 0 0
305 226 0 0
304 226 0 0
303 226 0 0
302 226 0 0
301 226 0 0
300 226 0 0
299 226 0 0
298 226 0 0
297 226 0 0
296 226 0 0
295 226 0 0
294 226 0 0
293 226 0 0
292 226 0 0
291 226 0 0
290 226 0 0
289 226 0 0
288 226 0 0
287 226 0 0
286 226 0 0
285 226 0 0
284 226 0 0
283 226 0 0
282 226 0 0
281 226 0 0
280 226 0 0
279 226 0 0
278 226 0 0
277 226 0 0
276 226 0 0
275 226 0 0
274 226 0 0
273 226 0 0
272 226 0 0
271 226 0 0
270 226 0 0
269 226 0 0
268 226 0 0
267 226 0 0
266 226 0 0
265 226 0 0
264 226 0 0
263 226 0 0
262 226 0 0
261 226 0 0
260 226 0 0
177 226 0 0
176 226 0 0
175 226 0 0
174 226 0 0
173 226 0 0
354 225 0 0
353 225 0 0
352 225 0 0
351 225 0 0
350 225 0 0
349 225 0 0
348 225 0 0
347 225 0 0
346 225 0 0
345 225 0 0
344 225 0 0
343 225 0 0
342 225 0 0
341 225 0 0
340 225 0 0
339 225 0 0
338 225 0 0
337 225 0 0
336 225 0 0
335 225 0 0
334 225 0 0
333 225 0 0
332 225 0 0
331 225 0 0
330 225 0 0
329 225 0 0
328 225 0 0
327 225 0 0
326 225 0 0
325 225 0 0
324 225 0 0
323 225 0 0
322 225 0 0
321 225 0 0
320 225 0 0
319 225 0 0
318 225 0 0
317 225 0 0
316 225 0 0
315 225 0 0
314 225 0 0
313 225 0 0
312 225 0 0
311 225 0 0
310 225 0 0
309 225 0 0
308 225 0 0
307 225 0 0
306 225 0 0
305 225 0 0
304 225 0 0
303 225 0 0
302 225 0 0
301 225 0 0
300 225 0 0
299 225 0 0
298 225 0 0
297 225 0 0
296 225 0 0
295 225 0 0
294 225 0 0
293 225 0 0
292 225 0 0
291 225 0 0
290 225 0 0
289 225 0 0
288 225 0 0
287 225 0 0
286 225 0 0
285 225 0 0
284 225 0 0
283 225 0 0
282 225 0 0
281 225 0 0
280 225 0 0
279 225 0 0
278 225 0 0
277 225 0 0
276 225 0 0
275 225 0 0
274 225 0 0
273 225 0 0
272 225 0 0
271 225 0 0
270 225 0 0
269 225 0 0
268 225 0 0
267 225 0 0
266 225 0 0
265 225 0 0
264 225 0 0
263 225 0 0
262 225 0 0
261 225 0 0
260 225 0 0
259 225 0 0
258 225 0 0
257 225 0 0
256 225 0 0
255 225 0 0
204 225 0 1
203 225 0 1
202 225 0 1
201 225 0 1
177 225 0 0
176 225 0 0
175 225 0 0
174 225 0 0
173 225 0 0
328 224 0 0
327 224 0 0
326 224 0 0
325 224 0 0
324 224 0 0
323 224 0 0
322 224 0 0
321 224 0 0
320 224 0 0
319 224 0 0
318 224 0 0
317 224 0 0
316 224 0 0
315 224 0 0
314 224 0 0
313 224 0 0
312 224 0 0
311 224 0 0
310 224 0 0
309 224 0 0
308 224 0 0
307 224 0 0
306 224 0 0
305 224 0 0
304 224 0 0
303 224 0 0
302 224 0 0
301 224 0 0
300 224 0 0
299 224 0 0
298 224 0 0
297 224 0 0
296 224 0 0
295 224 0 0
294 224 0 0
293 224 0 0
292 224 0 0
291 224 0 0
290 224 0 0
289 224 0 0
288 224 0 0
287 224 0 0
286 224 0 0
285 224 0 0
284 224 0 0
283 224 0 0
282 224 0 0
281 224 0 0
280 224 0 0
279 224 0 0
278 224 0 0
277 224 0 0
276 224 0 0
275 224 0 0
274 224 0 0
273 224 0 0
272 224 0 0
271 224 0 0
270 224 0 0
269 224 0 0
268 224 0 0
267 224 0 0
266 224 0 0
265 224 0 0
264 224 0 0
263 224 0 0
262 224 0 0
261 224 0 0
260 224 0 0
259 224 0 0
258 224 0 0
257 224 0 0
256 224 0 0
255 224 0 0
254 224 0 0
253 224 0 0
252 224 0 0
251 224 0 0
250 224 0 0
249 224 0 0
248 224 0 0
247 224 0 0
204 224 0 1
203 224 0 1
202 224 0 1
201 224 0 1
200 224 0 1
176 224 0 0
175 224 0 0
174 224 0 0
173 224 0 0
172 224 0 0
279 223 0 0
278 223 0 0
277 223 0 0
276 223 0 0
275 223 0 0
274 223 0 0
273 223 0 0
272 223 0 0
271 223 0 0
270 223 0 0
269 223 0 0
268 223 0 0
267 223 0 0
266 223 0 0
265 223 0 0
264 223 0 0
263 223 0 0
262 223 0 0
261 223 0 0
260 223 0 0
259 223 0 0
258 223 0 0
257 223 0 0
256 223 0 0
255 223 0 0
254 223 0 0
253 223 0 0
252 223 0 0
251 223 0 0
250 223 0 0
249 223 0 0
248 223 0 0
247 223 0 0
246 223 0 0
245 223 0 0
244 223 0 0
243 223 0 0
242 223 0 0
241 223 0 0
240 223 0 0
239 223 0 0
238 223 0 0
237 223 0 0
236 223 0 0
235 223 0 0
234 223 0 0
233 223 0 0
232 223 0 0
231 223 0 0
230 223 0 0
229 223 0 0
228 223 0 0
227 223 0 0
226 223 0 0
204 223 0 1
203 223 0 1
202 223 0 1
201 223 0 1
200 223 0 1
199 223 0 1
176 223 0 0
175 223 0 0
174 223 0 0
173 223 0 0
172 223 0 0
266 222 0 0
265 222 0 0
264 222 0 0
263 222 0 0
262 222 0 0
261 222 0 0
260 222 0 0
259 222 0 0
258 222 0 0
257 222 0 0
256 222 0 0
255 222 0 0
254 222 0 0
253 222 0 0
252 222 0 0
251 222 0 0
250 222 0 0
249 222 0 0
248 222 0 0
247 222 0 0
246 222 0 0
245 222 0 0
244 222 0 0
243 222 0 0
242 222 0 0
241 222 0 0
240 222 0 0
239 222 0 0
238 222 0 0
237 222 0 0
236 222 0 0
235 222 0 0
234 222 0 0
233 222 0 0
232 222 0 0
231 222 0 0
230 222 0 0
229 222 0 0
228 222 0 0
227 222 0 0
226 222 0 0
204 222 0 1
203 222 0 1
202 222 0 1
201 222 0 1
200 222 0 1
199 222 0 1
176 222 0 0
175 222 0 0
174 222 0 0
173 222 0 0
172 222 0 0
260 221 0 0
259 221 0 0
258 221 0 0
257 221 0 0
256 221 0 0
255 221 0 0
254 221 0 0
253 221 0 0
252 221 0 0
251 221 0 0
250 221 0 0
249 221 0 0
248 221 0 0
247 221 0 0
246 221 0 0
245 221 0 0
244 221 0 0
243 221 0 0
242 221 0 0
241 221 0 0
240 221 0 0
239 221 0 0
238 221 0 0
237 221 0 0
236 221 0 0
235 221 0 0
234 221 0 0
233 221 0 0
232 221 0 0
231 221 0 0
230 221 0 0
229 221 0 0
228 221 0 0
227 221 0 0
226 221 0 0
203 221 0 1
202 221 0 1
201 221 0 1
200 221 0 1
199 221 0 1
198 221 0 1
176 221 0 0
175 221 0 0
174 221 0 0
173 221 0 0
172 221 0 0
255 220 0 0
254 220 0 0
253 220 0 0
252 220 0 0
251 220 0 0
250 220 0 0
249 220 0 0
248 220 0 0
247 220 0 0
246 220 0 0
245 220 0 0
244 220 0 0
243 220 0 0
242 220 0 0
241 220 0 0
240 220 0 0
239 220 0 0
238 220 0 0
237 220 0 0
236 220 0 0
235 220 0 0
234 220 0 0
233 220 0 0
232 220 0 0
231 220 0 0
230 220 0 0
229 220 0 0
228 220 0 0
227 220 0 0
226 220 0 0
203 220 0 1
202 220 0 1
201 220 0 1
200 220 0 1
199 220 0 1
198 220 0 1
176 220 0 0
175 220 0 0
174 220 0 0
173 220 0 0
172 220 0 0
202 219 0 1
201 219 0 1
200 219 0 1
199 219 0 1
198 219 0 1
197 219 0 1
176 219 0 0
175 219 0 0
174 219 0 0
173 219 0 0
172 219 0 0
201 218 0 1
200 218 0 1
199 218 0 1
198 218 0 1
197 218 0 1
196 218 0 1
195 218 0 1
176 218 0 0
175 218 0 0
174 218 0 0
173 218 0 0
172 218 0 0
201 217 0 1
200 217 0 1
199 217 0 1
198 217 0 1
197 217 0 1
196 217 0 1
195 217 0 1
176 217 0 0
175 217 0 0
174 217 0 0
173 217 0 0
172 217 0 0
200 216 0 1
199 216 0 1
198 216 0 1
197 216 0 1
196 216 0 1
195 216 0 1
194 216 0 1
175 216 0 0
174 216 0 0
173 216 0 0
172 216 0 0
171 216 0 0
200 215 0 1
199 215 0 1
198 215 0 1
197 215 0 1
196 215 0 1
195 215 0 1
194 215 0 1
175 215 0 0
174 215 0 0
173 215 0 0
172 215 0 0
171 215 0 0
198 214 0 1
197 214 0 1
196 214 0 1
195 214 0 1
194 214 0 1
175 214 0 0
174 214 0 0
173 214 0 0
172 214 0 0
171 214 0 0
198 213 0 1
197 213 0 1
196 213 0 1
195 213 0 1
194 213 0 1
175 213 0 0
174 213 0 0
173 213 0 0
172 213 0 0
171 213 0 0
197 212 0 1
196 212 0 1
195 212 0 1
194 212 0 1
175 212 0 0
174 212 0 0
173 212 0 0
172 212 0 0
171 212 0 0
197 211 0 1
196 211 0 1
195 211 0 1
194 211 0 1
175 211 0 0
174 211 0 0
173 211 0 0
172 211 0 0
171 211 0 0
197 210 0 1
196 210 0 1
195 210 0 1
194 210 0 1
175 210 0 0
174 210 0 0
173 210 0 0
172 210 0 0
171 210 0 0
197 209 0 1
196 209 0 1
195 209 0 1
194 209 0 1
175 209 0 0
174 209 0 0
173 209 0 0
172 209 0 0
171 209 0 0
170 209 0 0
197 208 0 1
196 208 0 1
195 208 0 1
194 208 0 1
174 208 0 0
173 208 0 0
172 208 0 0
171 208 0 0
170 208 0 0
197 207 0 1
196 207 0 1
195 207 0 1
194 207 0 1
174 207 0 0
173 207 0 0
172 207 0 0
171 207 0 0
170 207 0 0
197 206 0 1
196 206 0 1
195 206 0 1
194 206 0 1
174 206 0 0
173 206 0 0
172 206 0 0
171 206 0 0
170 206 0 0
197 205 0 1
196 205 0 1
195 205 0 1
194 205 0 1
174 205 0 0
173 205 0 0
172 205 0 0
171 205 0 0
170 205 0 0
197 204 0 1
196 204 0 1
195 204 0 1
194 204 0 1
174 204 0 0
173 204 0 0
172 204 0 0
171 204 0 0
170 204 0 0
197 203 0 1
196 203 0 1
195 203 0 1
194 203 0 1
193 203 0 1
174 203 0 0
173 203 0 0
172 203 0 0
171 203 0 0
170 203 0 0
197 202 0 1
196 202 0 1
195 202 0 1
194 202 0 1
193 202 0 1
174 202 0 0
173 202 0 0
172 202 0 0
171 202 0 0
170 202 0 0
197 201 0 1
196 201 0 1
195 201 0 1
194 201 0 1
193 201 0 1
192 201 0 1
174 201 0 0
173 201 0 0
172 201 0 0
171 201 0 0
170 201 0 0
169 201 0 0
197 200 0 1
196 200 0 1
195 200 0 1
194 200 0 1
193 200 0 1
192 200 0 1
191 200 0 1
173 200 0 0
172 200 0 0
171 200 0 0
170 200 0 0
169 200 0 0
196 199 0 1
195 199 0 1
194 199 0 1
193 199 0 1
192 199 0 1
191 199 0 1
173 199 0 0
172 199 0 0
171 199 0 0
170 199 0 0
169 199 0 0
195 198 0 1
194 198 0 1
193 198 0 1
192 198 0 1
191 198 0 1
173 198 0 0
172 198 0 0
171 198 0 0
170 198 0 0
169 198 0 0
195 197 0 1
194 197 0 1
193 197 0 1
192 197 0 1
191 197 0 1
173 197 0 0
172 197 0 0
171 197 0 0
170 197 0 0
169 197 0 0
194 196 0 1
193 196 0 1
192 196 0 1
191 196 0 1
173 196 0 0
172 196 0 0
171 196 0 0
170 196 0 0
169 196 0 0
194 195 0 1
193 195 0 1
192 195 0 1
191 195 0 1
190 195 0 1
173 195 0 0
172 195 0 0
171 195 0 0
170 195 0 0
169 195 0 0
194 194 0 1
193 194 0 1
192 194 0 1
191 194 0 1
190 194 0 1
173 194 0 0
172 194 0 0
171 194 0 0
170 194 0 0
169 194 0 0
194 193 0 1
193 193 0 1
192 193 0 1
191 193 0 1
190 193 0 1
172 193 0 0
171 193 0 0
170 193 0 0
169 193 0 0
168 193 0 0
193 192 0 1
192 192 0 1
191 192 0 1
190 192 0 1
172 192 0 0
171 192 0 0
170 192 0 0
169 192 0 0
168 192 0 0
193 191 0 1
192 191 0 1
191 191 0 1
190 191 0 1
189 191 0 1
172 191 0 0
171 191 0 0
170 191 0 0
169 191 0 0
168 191 0 0
193 190 0 1
192 190 0 1
191 190 0 1
190 190 0 1
189 190 0 1
188 190 0 1
172 190 0 0
171 190 0 0
170 190 0 0
169 190 0 0
168 190 0 0
193 189 0 1
192 189 0 1
191 189 0 1
190 189 0 1
189 189 0 1
188 189 0 1
187 189 0 1
172 189 0 0
171 189 0 0
170 189 0 0
169 189 0 0
168 189 0 0
192 188 0 1
191 188 0 1
190 188 0 1
189 188 0 1
188 188 0 1
187 188 0 1
186 188 0 1
172 188 0 0
171 188 0 0
170 188 0 0
169 188 0 0
168 188 0 0
191 187 0 1
190 187 0 1
189 187 0 1
188 187 0 1
187 187 0 1
186 187 0 1
185 187 0 1
171 187 0 0
170 187 0 0
169 187 0 0
168 187 0 0
167 187 0 0
190 186 0 1
189 186 0 1
188 186 0 1
187 186 0 1
186 186 0 1
185 186 0 1
184 186 0 1
171 186 0 0
170 186 0 0
169 186 0 0
168 186 0 0
167 186 0 0
189 185 0 1
188 185 0 1
187 185 0 1
186 185 0 1
185 185 0 1
184 185 0 1
171 185 0 0
170 185 0 0
169 185 0 0
168 185 0 0
167 185 0 0
188 184 0 1
187 184 0 1
186 184 0 1
185 184 0 1
184 184 0 1
171 184 0 0
170 184 0 0
169 184 0 0
168 184 0 0
167 184 0 0
187 183 0 1
186 183 0 1
185 183 0 1
184 183 0 1
171 183 0 0
170 183 0 0
169 183 0 0
168 183 0 0
167 183 0 0
187 182 0 1
186 182 0 1
185 182 0 1
184 182 0 1
171 182 0 0
170 182 0 0
169 182 0 0
168 182 0 0
167 182 0 0
187 181 0 1
186 181 0 1
185 181 0 1
184 181 0 1
171 181 0 0
170 181 0 0
169 181 0 0
168 181 0 0
167 181 0 0
187 180 0 1
186 180 0 1
185 180 0 1
184 180 0 1
171 180 0 0
170 180 0 0
169 180 0 0
168 180 0 0
167 180 0 0
187 179 0 1
186 179 0 1
185 179 0 1
184 179 0 1
171 179 0 0
170 179 0 0
169 179 0 0
168 179 0 0
167 179 0 0
187 178 0 1
186 178 0 1
185 178 0 1
184 178 0 1
171 178 0 0
170 178 0 0
169 178 0 0
168 178 0 0
167 178 0 0
187 177 0 1
186 177 0 1
185 177 0 1
184 177 0 1
171 177 0 0
170 177 0 0
169 177 0 0
168 177 0 0
167 177 0 0
317 176 0 0
316 176 0 0
315 176 0 0
314 176 0 0
187 176 0 1
186 176 0 1
185 176 0 1
184 176 0 1
171 176 0 0
170 176 0 0
169 176 0 0
168 176 0 0
167 176 0 0
318 175 0 0
317 175 0 0
316 175 0 0
315 175 0 0
314 175 0 0
187 175 0 1
186 175 0 1
185 175 0 1
184 175 0 1
171 175 0 0
170 175 0 0
169 175 0 0
168 175 0 0
167 175 0 0
318 174 0 0
317 174 0 0
316 174 0 0
315 174 0 0
314 174 0 0
187 174 0 1
186 174 0 1
185 174 0 1
184 174 0 1
171 174 0 0
170 174 0 0
169 174 0 0
168 174 0 0
167 174 0 0
319 173 0 0
318 173 0 0
317 173 0 0
316 173 0 0
315 173 0 0
314 173 0 0
187 173 0 1
186 173 0 1
185 173 0 1
184 173 0 1
171 173 0 0
170 173 0 0
169 173 0 0
168 173 0 0
167 173 0 0
320 172 0 0
319 172 0 0
318 172 0 0
317 172 0 0
316 172 0 0
315 172 0 0
314 172 0 0
187 172 0 1
186 172 0 1
185 172 0 1
184 172 0 1
170 172 0 0
169 172 0 0
168 172 0 0
167 172 0 0
166 172 0 0
321 171 0 0
320 171 0 0
319 171 0 0
318 171 0 0
317 171 0 0
316 171 0 0
315 171 0 0
187 171 0 1
186 171 0 1
185 171 0 1
184 171 0 1
170 171 0 0
169 171 0 0
168 171 0 0
167 171 0 0
166 171 0 0
322 170 0 0
321 170 0 0
320 170 0 0
319 170 0 0
318 170 0 0
317 170 0 0
316 170 0 0
187 170 0 1
186 170 0 1
185 170 0 1
184 170 0 1
170 170 0 0
169 170 0 0
168 170 0 0
167 170 0 0
166 170 0 0
323 169 0 0
322 169 0 0
321 169 0 0
320 169 0 0
319 169 0 0
318 169 0 0
317 169 0 0
187 169 0 1
186 169 0 1
185 169 0 1
184 169 0 1
170 169 0 0
169 169 0 0
168 169 0 0
167 169 0 0
166 169 0 0
324 168 0 0
323 168 0 0
322 168 0 0
321 168 0 0
320 168 0 0
319 168 0 0
318 168 0 0
187 168 0 1
186 168 0 1
185 168 0 1
184 168 0 1
170 168 0 0
169 168 0 0
168 168 0 0
167 168 0 0
166 168 0 0
325 167 0 0
324 167 0 0
323 167 0 0
322 167 0 0
321 167 0 0
320 167 0 0
319 167 0 0
187 167 0 1
186 167 0 1
185 167 0 1
184 167 0 1
170 167 0 0
169 167 0 0
168 167 0 0
167 167 0 0
166 167 0 0
326 166 0 0
325 166 0 0
324 166 0 0
323 166 0 0
322 166 0 0
321 166 0 0
320 166 0 0
187 166 0 1
186 166 0 1
185 166 0 1
184 166 0 1
170 166 0 0
169 166 0 0
168 166 0 0
167 166 0 0
166 166 0 0
327 165 0 0
326 165 0 0
325 165 0 0
324 165 0 0
323 165 0 0
322 165 0 0
321 165 0 0
187 165 0 1
186 165 0 1
185 165 0 1
184 165 0 1
170 165 0 0
169 165 0 0
168 165 0 0
167 165 0 0
166 165 0 0
165 165 0 0
328 164 0 0
327 164 0 0
326 164 0 0
325 164 0 0
324 164 0 0
323 164 0 0
322 164 0 0
187 164 0 1
186 164 0 1
185 164 0 1
184 164 0 1
169 164 0 0
168 164 0 0
167 164 0 0
166 164 0 0
165 164 0 0
329 163 0 0
328 163 0 0
327 163 0 0
326 163 0 0
325 163 0 0
324 163 0 0
323 163 0 0
187 163 0 1
186 163 0 1
185 163 0 1
184 163 0 1
169 163 0 0
168 163 0 0
167 163 0 0
166 163 0 0
165 163 0 0
330 162 0 0
329 162 0 0
328 162 0 0
327 162 0 0
326 162 0 0
325 162 0 0
324 162 0 0
187 162 0 1
186 162 0 1
185 162 0 1
184 162 0 1
169 162 0 0
168 162 0 0
167 162 0 0
166 162 0 0
165 162 0 0
331 161 0 0
330 161 0 0
329 161 0 0
328 161 0 0
327 161 0 0
326 161 0 0
325 161 0 0
187 161 0 1
186 161 0 1
185 161 0 1
184 161 0 1
169 161 0 0
168 161 0 0
167 161 0 0
166 161 0 0
165 161 0 0
332 160 0 0
331 160 0 0
330 160 0 0
329 160 0 0
328 160 0 0
327 160 0 0
326 160 0 0
187 160 0 1
186 160 0 1
185 160 0 1
184 160 0 1
169 160 0 0
168 160 0 0
167 160 0 0
166 160 0 0
165 160 0 0
332 159 0 0
331 159 0 0
330 159 0 0
329 159 0 0
328 159 0 0
327 159 0 0
187 159 0 1
186 159 0 1
185 159 0 1
184 159 0 1
169 159 0 0
168 159 0 0
167 159 0 0
166 159 0 0
165 159 0 0
333 158 0 0
332 158 0 0
331 158 0 0
330 158 0 0
329 158 0 0
328 158 0 0
187 158 0 1
186 158 0 1
185 158 0 1
184 158 0 1
169 158 0 0
168 158 0 0
167 158 0 0
166 158 0 0
165 158 0 0
334 157 0 0
333 157 0 0
332 157 0 0
331 157 0 0
330 157 0 0
329 157 0 0
187 157 0 1
186 157 0 1
185 157 0 1
184 157 0 1
168 157 0 0
167 157 0 0
166 157 0 0
165 157 0 0
334 156 0 0
333 156 0 0
332 156 0 0
331 156 0 0
330 156 0 0
329 156 0 0
187 156 0 1
186 156 0 1
185 156 0 1
184 156 0 1
168 156 0 0
167 156 0 0
166 156 0 0
165 156 0 0
335 155 0 0
334 155 0 0
333 155 0 0
332 155 0 0
331 155 0 0
330 155 0 0
187 155 0 1
186 155 0 1
185 155 0 1
184 155 0 1
168 155 0 0
167 155 0 0
166 155 0 0
165 155 0 0
336 154 0 0
335 154 0 0
334 154 0 0
333 154 0 0
332 154 0 0
331 154 0 0
191 154 0 1
190 154 0 1
189 154 0 1
188 154 0 1
187 154 0 1
186 154 0 1
185 154 0 1
184 154 0 1
168 154 0 0
167 154 0 0
166 154 0 0
165 154 0 0
336 153 0 0
335 153 0 0
334 153 0 0
333 153 0 0
332 153 0 0
331 153 0 0
191 153 0 1
190 153 0 1
189 153 0 1
188 153 0 1
187 153 0 1
186 153 0 1
185 153 0 1
184 153 0 1
168 153 0 0
167 153 0 0
166 153 0 0
165 153 0 0
337 152 0 0
336 152 0 0
335 152 0 0
334 152 0 0
333 152 0 0
332 152 0 0
293 152 0 1
292 152 0 1
291 152 0 1
290 152 0 1
192 152 0 1
191 152 0 1
190 152 0 1
189 152 0 1
188 152 0 1
187 152 0 1
186 152 0 1
185 152 0 1
184 152 0 1
168 152 0 0
167 152 0 0
166 152 0 0
165 152 0 0
338 151 0 0
337 151 0 0
336 151 0 0
335 151 0 0
334 151 0 0
333 151 0 0
293 151 0 1
292 151 0 1
291 151 0 1
290 151 0 1
192 151 0 1
191 151 0 1
190 151 0 1
189 151 0 1
188 151 0 1
187 151 0 1
186 151 0 1
185 151 0 1
184 151 0 1
168 151 0 0
167 151 0 0
166 151 0 0
165 151 0 0
338 150 0 0
337 150 0 0
336 150 0 0
335 150 0 0
334 150 0 0
333 150 0 0
293 150 0 1
292 150 0 1
291 150 0 1
290 150 0 1
192 150 0 1
191 150 0 1
190 150 0 1
189 150 0 1
188 150 0 1
187 150 0 1
186 150 0 1
185 150 0 1
184 150 0 1
168 150 0 0
167 150 0 0
166 150 0 0
165 150 0 0
339 149 0 0
338 149 0 0
337 149 0 0
336 149 0 0
335 149 0 0
334 149 0 0
293 149 0 1
292 149 0 1
291 149 0 1
290 149 0 1
192 149 0 1
191 149 0 1
190 149 0 1
189 149 0 1
188 149 0 1
168 149 0 0
167 149 0 0
166 149 0 0
165 149 0 0
340 148 0 0
339 148 0 0
338 148 0 0
337 148 0 0
336 148 0 0
335 148 0 0
293 148 0 1
292 148 0 1
291 148 0 1
290 148 0 1
193 148 0 1
192 148 0 1
191 148 0 1
190 148 0 1
189 148 0 1
188 148 0 1
168 148 0 0
167 148 0 0
166 148 0 0
165 148 0 0
340 147 0 0
339 147 0 0
338 147 0 0
337 147 0 0
336 147 0 0
335 147 0 0
293 147 0 1
292 147 0 1
291 147 0 1
290 147 0 1
193 147 0 1
192 147 0 1
191 147 0 1
190 147 0 1
189 147 0 1
168 147 0 0
167 147 0 0
166 147 0 0
165 147 0 0
341 146 0 0
340 146 0 0
339 146 0 0
338 146 0 0
337 146 0 0
336 146 0 0
293 146 0 1
292 146 0 1
291 146 0 1
290 146 0 1
193 146 0 1
192 146 0 1
191 146 0 1
190 146 0 1
189 146 0 1
168 146 0 0
167 146 0 0
166 146 0 0
165 146 0 0
342 145 0 0
341 145 0 0
340 145 0 0
339 145 0 0
338 145 0 0
337 145 0 0
293 145 0 1
292 145 0 1
291 145 0 1
290 145 0 1
193 145 0 1
192 145 0 1
191 145 0 1
190 145 0 1
189 145 0 1
168 145 0 0
167 145 0 0
166 145 0 0
165 145 0 0
342 144 0 0
341 144 0 0
340 144 0 0
339 144 0 0
338 144 0 0
337 144 0 0
293 144 0 1
292 144 0 1
291 144 0 1
290 144 0 1
193 144 0 1
192 144 0 1
191 144 0 1
190 144 0 1
189 144 0 1
168 144 0 0
167 144 0 0
166 144 0 0
165 144 0 0
343 143 0 0
342 143 0 0
341 143 0 0
340 143 0 0
339 143 0 0
338 143 0 0
293 143 0 1
292 143 0 1
291 143 0 1
290 143 0 1
193 143 0 1
192 143 0 1
191 143 0 1
190 143 0 1
189 143 0 1
168 143 0 0
167 143 0 0
166 143 0 0
165 143 0 0
344 142 0 0
343 142 0 0
342 142 0 0
341 142 0 0
340 142 0 0
339 142 0 0
293 142 0 1
292 142 0 1
291 142 0 1
290 142 0 1
193 142 0 1
192 142 0 1
191 142 0 1
190 142 0 1
189 142 0 1
168 142 0 0
167 142 0 0
166 142 0 0
165 142 0 0
344 141 0 0
343 141 0 0
342 141 0 0
341 141 0 0
340 141 0 0
339 141 0 0
293 141 0 1
292 141 0 1
291 141 0 1
290 141 0 1
193 141 0 1
192 141 0 1
191 141 0 1
190 141 0 1
168 141 0 0
167 141 0 0
166 141 0 0
165 141 0 0
346 140 0 0
345 140 0 0
344 140 0 0
343 140 0 0
342 140 0 0
341 140 0 0
340 140 0 0
293 140 0 1
292 140 0 1
291 140 0 1
290 140 0 1
193 140 0 1
192 140 0 1
191 140 0 1
190 140 0 1
168 140 0 0
167 140 0 0
166 140 0 0
165 140 0 0
347 139 0 0
346 139 0 0
345 139 0 0
344 139 0 0
343 139 0 0
342 139 0 0
341 139 0 0
293 139 0 1
292 139 0 1
291 139 0 1
290 139 0 1
193 139 0 1
192 139 0 1
191 139 0 1
190 139 0 1
168 139 0 0
167 139 0 0
166 139 0 0
165 139 0 0
164 139 0 0
349 138 0 0
348 138 0 0
347 138 0 0
346 138 0 0
345 138 0 0
344 138 0 0
343 138 0 0
342 138 0 0
341 138 0 0
293 138 0 1
292 138 0 1
291 138 0 1
290 138 0 1
289 138 0 1
193 138 0 1
192 138 0 1
191 138 0 1
190 138 0 1
168 138 0 0
167 138 0 0
166 138 0 0
165 138 0 0
164 138 0 0
350 137 0 0
349 137 0 0
348 137 0 0
347 137 0 0
346 137 0 0
345 137 0 0
344 137 0 0
343 137 0 0
342 137 0 0
293 137 0 1
292 137 0 1
291 137 0 1
290 137 0 1
289 137 0 1
193 137 0 1
192 137 0 1
191 137 0 1
190 137 0 1
168 137 0 0
167 137 0 0
166 137 0 0
165 137 0 0
164 137 0 0
352 136 0 0
351 136 0 0
350 136 0 0
349 136 0 0
348 136 0 0
347 136 0 0
346 136 0 0
345 136 0 0
344 136 0 0
343 136 0 0
293 136 0 1
292 136 0 1
291 136 0 1
290 136 0 1
289 136 0 1
193 136 0 1
192 136 0 1
191 136 0 1
190 136 0 1
168 136 0 0
167 136 0 0
166 136 0 0
165 136 0 0
164 136 0 0
353 135 0 0
352 135 0 0
351 135 0 0
350 135 0 0
349 135 0 0
348 135 0 0
347 135 0 0
346 135 0 0
345 135 0 0
293 135 0 1
292 135 0 1
291 135 0 1
290 135 0 1
289 135 0 1
194 135 0 1
193 135 0 1
192 135 0 1
191 135 0 1
190 135 0 1
168 135 0 0
167 135 0 0
166 135 0 0
165 135 0 0
164 135 0 0
355 134 0 0
354 134 0 0
353 134 0 0
352 134 0 0
351 134 0 0
350 134 0 0
349 134 0 0
348 134 0 0
347 134 0 0
346 134 0 0
293 134 0 1
292 134 0 1
291 134 0 1
290 134 0 1
289 134 0 1
194 134 0 1
193 134 0 1
192 134 0 1
191 134 0 1
190 134 0 1
168 134 0 0
167 134 0 0
166 134 0 0
165 134 0 0
164 134 0 0
356 133 0 0
355 133 0 0
354 133 0 0
353 133 0 0
352 133 0 0
351 133 0 0
350 133 0 0
349 133 0 0
348 133 0 0
293 133 0 1
292 133 0 1
291 133 0 1
290 133 0 1
289 133 0 1
195 133 0 1
194 133 0 1
193 133 0 1
192 133 0 1
191 133 0 1
190 133 0 1
168 133 0 0
167 133 0 0
166 133 0 0
165 133 0 0
164 133 0 0
357 132 0 0
356 132 0 0
355 132 0 0
354 132 0 0
353 132 0 0
352 132 0 0
351 132 0 0
350 132 0 0
292 132 0 1
291 132 0 1
290 132 0 1
289 132 0 1
288 132 0 1
196 132 0 1
195 132 0 1
194 132 0 1
193 132 0 1
192 132 0 1
191 132 0 1
190 132 0 1
168 132 0 0
167 132 0 0
166 132 0 0
165 132 0 0
164 132 0 0
358 131 0 0
357 131 0 0
356 131 0 0
355 131 0 0
354 131 0 0
353 131 0 0
352 131 0 0
351 131 0 0
292 131 0 1
291 131 0 1
290 131 0 1
289 131 0 1
288 131 0 1
197 131 0 1
196 131 0 1
195 131 0 1
194 131 0 1
193 131 0 1
192 131 0 1
191 131 0 1
168 131 0 0
167 131 0 0
166 131 0 0
165 131 0 0
164 131 0 0
359 130 0 0
358 130 0 0
357 130 0 0
356 130 0 0
355 130 0 0
354 130 0 0
353 130 0 0
292 130 0 1
291 130 0 1
290 130 0 1
289 130 0 1
288 130 0 1
198 130 0 1
197 130 0 1
196 130 0 1
195 130 0 1
194 130 0 1
193 130 0 1
192 130 0 1
168 130 0 0
167 130 0 0
166 130 0 0
165 130 0 0
164 130 0 0
360 129 0 0
359 129 0 0
358 129 0 0
357 129 0 0
356 129 0 0
355 129 0 0
354 129 0 0
292 129 0 1
291 129 0 1
290 129 0 1
289 129 0 1
288 129 0 1
199 129 0 1
198 129 0 1
197 129 0 1
196 129 0 1
195 129 0 1
194 129 0 1
193 129 0 1
168 129 0 0
167 129 0 0
166 129 0 0
165 129 0 0
164 129 0 0
361 128 0 0
360 128 0 0
359 128 0 0
358 128 0 0
357 128 0 0
356 128 0 0
355 128 0 0
292 128 0 1
291 128 0 1
290 128 0 1
289 128 0 1
288 128 0 1
200 128 0 1
199 128 0 1
198 128 0 1
197 128 0 1
196 128 0 1
195 128 0 1
194 128 0 1
168 128 0 0
167 128 0 0
166 128 0 0
165 128 0 0
164 128 0 0
362 127 0 0
361 127 0 0
360 127 0 0
359 127 0 0
358 127 0 0
357 127 0 0
356 127 0 0
292 127 0 1
291 127 0 1
290 127 0 1
289 127 0 1
288 127 0 1
201 127 0 1
200 127 0 1
199 127 0 1
198 127 0 1
197 127 0 1
196 127 0 1
195 127 0 1
168 127 0 0
167 127 0 0
166 127 0 0
165 127 0 0
164 127 0 0
363 126 0 0
362 126 0 0
361 126 0 0
360 126 0 0
359 126 0 0
358 126 0 0
357 126 0 0
292 126 0 1
291 126 0 1
290 126 0 1
289 126 0 1
288 126 0 1
202 126 0 1
201 126 0 1
200 126 0 1
199 126 0 1
198 126 0 1
197 126 0 1
196 126 0 1
168 126 0 0
167 126 0 0
166 126 0 0
165 126 0 0
164 126 0 0
364 125 0 0
363 125 0 0
362 125 0 0
361 125 0 0
360 125 0 0
359 125 0 0
358 125 0 0
292 125 0 1
291 125 0 1
290 125 0 1
289 125 0 1
288 125 0 1
203 125 0 1
202 125 0 1
201 125 0 1
200 125 0 1
199 125 0 1
198 125 0 1
197 125 0 1
168 125 0 0
167 125 0 0
166 125 0 0
165 125 0 0
164 125 0 0
365 124 0 0
364 124 0 0
363 124 0 0
362 124 0 0
361 124 0 0
360 124 0 0
359 124 0 0
292 124 0 1
291 124 0 1
290 124 0 1
289 124 0 1
288 124 0 1
203 124 0 1
202 124 0 1
201 124 0 1
200 124 0 1
199 124 0 1
198 124 0 1
167 124 0 0
166 124 0 0
165 124 0 0
164 124 0 0
366 123 0 0
365 123 0 0
364 123 0 0
363 123 0 0
362 123 0 0
361 123 0 0
360 123 0 0
292 123 0 1
291 123 0 1
290 123 0 1
289 123 0 1
288 123 0 1
204 123 0 1
203 123 0 1
202 123 0 1
201 123 0 1
200 123 0 1
199 123 0 1
167 123 0 0
166 123 0 0
165 123 0 0
164 123 0 0
366 122 0 0
365 122 0 0
364 122 0 0
363 122 0 0
362 122 0 0
361 122 0 0
360 122 0 0
292 122 0 1
291 122 0 1
290 122 0 1
289 122 0 1
288 122 0 1
205 122 0 1
204 122 0 1
203 122 0 1
202 122 0 1
201 122 0 1
200 122 0 1
199 122 0 1
167 122 0 0
166 122 0 0
165 122 0 0
164 122 0 0
367 121 0 0
366 121 0 0
365 121 0 0
364 121 0 0
363 121 0 0
362 121 0 0
361 121 0 0
292 121 0 1
291 121 0 1
290 121 0 1
289 121 0 1
288 121 0 1
205 121 0 1
204 121 0 1
203 121 0 1
202 121 0 1
201 121 0 1
200 121 0 1
167 121 0 0
166 121 0 0
165 121 0 0
164 121 0 0
368 120 0 0
367 120 0 0
366 120 0 0
365 120 0 0
364 120 0 0
363 120 0 0
362 120 0 0
291 120 0 1
290 120 0 1
289 120 0 1
288 120 0 1
287 120 0 1
205 120 0 1
204 120 0 1
203 120 0 1
202 120 0 1
201 120 0 1
167 120 0 0
166 120 0 0
165 120 0 0
164 120 0 0
368 119 0 0
367 119 0 0
366 119 0 0
365 119 0 0
364 119 0 0
363 119 0 0
291 119 0 1
290 119 0 1
289 119 0 1
288 119 0 1
287 119 0 1
206 119 0 1
205 119 0 1
204 119 0 1
203 119 0 1
202 119 0 1
201 119 0 1
167 119 0 0
166 119 0 0
165 119 0 0
164 119 0 0
369 118 0 0
368 118 0 0
367 118 0 0
366 118 0 0
365 118 0 0
364 118 0 0
291 118 0 1
290 118 0 1
289 118 0 1
288 118 0 1
287 118 0 1
206 118 0 1
205 118 0 1
204 118 0 1
203 118 0 1
202 118 0 1
201 118 0 1
167 118 0 0
166 118 0 0
165 118 0 0
164 118 0 0
370 117 0 0
369 117 0 0
368 117 0 0
367 117 0 0
366 117 0 0
365 117 0 0
364 117 0 0
291 117 0 1
290 117 0 1
289 117 0 1
288 117 0 1
287 117 0 1
206 117 0 1
205 117 0 1
204 117 0 1
203 117 0 1
202 117 0 1
167 117 0 0
166 117 0 0
165 117 0 0
164 117 0 0
370 116 0 0
369 116 0 0
368 116 0 0
367 116 0 0
366 116 0 0
365 116 0 0
291 116 0 1
290 116 0 1
289 116 0 1
288 116 0 1
287 116 0 1
207 116 0 1
206 116 0 1
205 116 0 1
204 116 0 1
203 116 0 1
202 116 0 1
167 116 0 0
166 116 0 0
165 116 0 0
164 116 0 0
371 115 0 0
370 115 0 0
369 115 0 0
368 115 0 0
367 115 0 0
366 115 0 0
291 115 0 1
290 115 0 1
289 115 0 1
288 115 0 1
287 115 0 1
208 115 0 1
207 115 0 1
206 115 0 1
205 115 0 1
204 115 0 1
203 115 0 1
202 115 0 1
167 115 0 0
166 115 0 0
165 115 0 0
164 115 0 0
372 114 0 0
371 114 0 0
370 114 0 0
369 114 0 0
368 114 0 0
367 114 0 0
366 114 0 0
291 114 0 1
290 114 0 1
289 114 0 1
288 114 0 1
287 114 0 1
208 114 0 1
207 114 0 1
206 114 0 1
205 114 0 1
204 114 0 1
203 114 0 1
167 114 0 0
166 114 0 0
165 114 0 0
164 114 0 0
372 113 0 0
371 113 0 0
370 113 0 0
369 113 0 0
368 113 0 0
367 113 0 0
291 113 0 1
290 113 0 1
289 113 0 1
288 113 0 1
287 113 0 1
209 113 0 1
208 113 0 1
207 113 0 1
206 113 0 1
205 113 0 1
204 113 0 1
167 113 0 0
166 113 0 0
165 113 0 0
164 113 0 0
373 112 0 0
372 112 0 0
371 112 0 0
370 112 0 0
369 112 0 0
368 112 0 0
291 112 0 1
290 112 0 1
289 112 0 1
288 112 0 1
287 112 0 1
286 112 0 1
209 112 0 1
208 112 0 1
207 112 0 1
206 112 0 1
205 112 0 1
167 112 0 0
166 112 0 0
165 112 0 0
164 112 0 0
373 111 0 0
372 111 0 0
371 111 0 0
370 111 0 0
369 111 0 0
368 111 0 0
290 111 0 1
289 111 0 1
288 111 0 1
287 111 0 1
286 111 0 1
209 111 0 1
208 111 0 1
207 111 0 1
206 111 0 1
205 111 0 1
167 111 0 0
166 111 0 0
165 111 0 0
164 111 0 0
374 110 0 0
373 110 0 0
372 110 0 0
371 110 0 0
370 110 0 0
369 110 0 0
290 110 0 1
289 110 0 1
288 110 0 1
287 110 0 1
286 110 0 1
209 110 0 1
208 110 0 1
207 110 0 1
206 110 0 1
167 110 0 0
166 110 0 0
165 110 0 0
164 110 0 0
374 109 0 0
373 109 0 0
372 109 0 0
371 109 0 0
370 109 0 0
369 109 0 0
290 109 0 1
289 109 0 1
288 109 0 1
287 109 0 1
286 109 0 1
285 109 0 1
210 109 0 1
209 109 0 1
208 109 0 1
207 109 0 1
206 109 0 1
167 109 0 0
166 109 0 0
165 109 0 0
164 109 0 0
374 108 0 0
373 108 0 0
372 108 0 0
371 108 0 0
370 108 0 0
290 108 0 1
289 108 0 1
288 108 0 1
287 108 0 1
286 108 0 1
285 108 0 1
210 108 0 1
209 108 0 1
208 108 0 1
207 108 0 1
206 108 0 1
167 108 0 0
166 108 0 0
165 108 0 0
164 108 0 0
375 107 0 0
374 107 0 0
373 107 0 0
372 107 0 0
371 107 0 0
370 107 0 0
289 107 0 1
288 107 0 1
287 107 0 1
286 107 0 1
285 107 0 1
210 107 0 1
209 107 0 1
208 107 0 1
207 107 0 1
206 107 0 1
167 107 0 0
166 107 0 0
165 107 0 0
164 107 0 0
375 106 0 0
374 106 0 0
373 106 0 0
372 106 0 0
371 106 0 0
289 106 0 1
288 106 0 1
287 106 0 1
286 106 0 1
285 106 0 1
284 106 0 1
211 106 0 1
210 106 0 1
209 106 0 1
208 106 0 1
207 106 0 1
206 106 0 1
167 106 0 0
166 106 0 0
165 106 0 0
164 106 0 0
376 105 0 0
375 105 0 0
374 105 0 0
373 105 0 0
372 105 0 0
371 105 0 0
289 105 0 1
288 105 0 1
287 105 0 1
286 105 0 1
285 105 0 1
284 105 0 1
211 105 0 1
210 105 0 1
209 105 0 1
208 105 0 1
207 105 0 1
206 105 0 1
167 105 0 0
166 105 0 0
165 105 0 0
164 105 0 0
376 104 0 0
375 104 0 0
374 104 0 0
373 104 0 0
372 104 0 0
371 104 0 0
288 104 0 1
287 104 0 1
286 104 0 1
285 104 0 1
284 104 0 1
212 104 0 1
211 104 0 1
210 104 0 1
209 104 0 1
208 104 0 1
207 104 0 1
167 104 0 0
166 104 0 0
165 104 0 0
164 104 0 0
377 103 0 0
376 103 0 0
375 103 0 0
374 103 0 0
373 103 0 0
372 103 0 0
288 103 0 1
287 103 0 1
286 103 0 1
285 103 0 1
284 103 0 1
213 103 0 1
212 103 0 1
211 103 0 1
210 103 0 1
209 103 0 1
208 103 0 1
167 103 0 0
166 103 0 0
165 103 0 0
164 103 0 0
378 102 0 0
377 102 0 0
376 102 0 0
375 102 0 0
374 102 0 0
373 102 0 0
372 102 0 0
288 102 0 1
287 102 0 1
286 102 0 1
285 102 0 1
284 102 0 1
214 102 0 1
213 102 0 1
212 102 0 1
211 102 0 1
210 102 0 1
209 102 0 1
208 102 0 1
167 102 0 0
166 102 0 0
165 102 0 0
164 102 0 0
378 101 0 0
377 101 0 0
376 101 0 0
375 101 0 0
374 101 0 0
373 101 0 0
287 101 0 1
286 101 0 1
285 101 0 1
284 101 0 1
283 101 0 1
215 101 0 1
214 101 0 1
213 101 0 1
212 101 0 1
211 101 0 1
210 101 0 1
209 101 0 1
167 101 0 0
166 101 0 0
165 101 0 0
164 101 0 0
379 100 0 0
378 100 0 0
377 100 0 0
376 100 0 0
375 100 0 0
374 100 0 0
287 100 0 1
286 100 0 1
285 100 0 1
284 100 0 1
283 100 0 1
215 100 0 1
214 100 0 1
213 100 0 1
212 100 0 1
211 100 0 1
210 100 0 1
167 100 0 0
166 100 0 0
165 100 0 0
164 100 0 0
380 99 0 0
379 99 0 0
378 99 0 0
377 99 0 0
376 99 0 0
375 99 0 0
374 99 0 0
287 99 0 1
286 99 0 1
285 99 0 1
284 99 0 1
283 99 0 1
216 99 0 1
215 99 0 1
214 99 0 1
213 99 0 1
212 99 0 1
211 99 0 1
167 99 0 0
166 99 0 0
165 99 0 0
164 99 0 0
381 98 0 0
380 98 0 0
379 98 0 0
378 98 0 0
377 98 0 0
376 98 0 0
375 98 0 0
287 98 0 1
286 98 0 1
285 98 0 1
284 98 0 1
283 98 0 1
282 98 0 1
217 98 0 1
216 98 0 1
215 98 0 1
214 98 0 1
213 98 0 1
212 98 0 1
167 98 0 0
166 98 0 0
165 98 0 0
164 98 0 0
381 97 0 0
380 97 0 0
379 97 0 0
378 97 0 0
377 97 0 0
376 97 0 0
287 97 0 1
286 97 0 1
285 97 0 1
284 97 0 1
283 97 0 1
282 97 0 1
217 97 0 1
216 97 0 1
215 97 0 1
214 97 0 1
213 97 0 1
212 97 0 1
167 97 0 0
166 97 0 0
165 97 0 0
164 97 0 0
382 96 0 0
381 96 0 0
380 96 0 0
379 96 0 0
378 96 0 0
377 96 0 0
286 96 0 1
285 96 0 1
284 96 0 1
283 96 0 1
282 96 0 1
217 96 0 1
216 96 0 1
215 96 0 1
214 96 0 1
213 96 0 1
167 96 0 0
166 96 0 0
165 96 0 0
164 96 0 0
383 95 0 0
382 95 0 0
381 95 0 0
380 95 0 0
379 95 0 0
378 95 0 0
377 95 0 0
286 95 0 1
285 95 0 1
284 95 0 1
283 95 0 1
282 95 0 1
218 95 0 1
217 95 0 1
216 95 0 1
215 95 0 1
214 95 0 1
213 95 0 1
168 95 0 0
167 95 0 0
166 95 0 0
165 95 0 0
164 95 0 0
383 94 0 0
382 94 0 0
381 94 0 0
380 94 0 0
379 94 0 0
378 94 0 0
285 94 0 1
284 94 0 1
283 94 0 1
282 94 0 1
281 94 0 1
218 94 0 1
217 94 0 1
216 94 0 1
215 94 0 1
214 94 0 1
213 94 0 1
168 94 0 0
167 94 0 0
166 94 0 0
165 94 0 0
164 94 0 0
383 93 0 0
382 93 0 0
381 93 0 0
380 93 0 0
379 93 0 0
285 93 0 1
284 93 0 1
283 93 0 1
282 93 0 1
281 93 0 1
219 93 0 1
218 93 0 1
217 93 0 1
216 93 0 1
215 93 0 1
214 93 0 1
168 93 0 0
167 93 0 0
166 93 0 0
165 93 0 0
164 93 0 0
383 92 0 0
382 92 0 0
381 92 0 0
380 92 0 0
379 92 0 0
285 92 0 1
284 92 0 1
283 92 0 1
282 92 0 1
281 92 0 1
221 92 0 1
220 92 0 1
219 92 0 1
218 92 0 1
217 92 0 1
216 92 0 1
215 92 0 1
168 92 0 0
167 92 0 0
166 92 0 0
165 92 0 0
164 92 0 0
383 91 0 0
382 91 0 0
381 91 0 0
380 91 0 0
379 91 0 0
285 91 0 1
284 91 0 1
283 91 0 1
282 91 0 1
281 91 0 1
222 91 0 1
221 91 0 1
220 91 0 1
219 91 0 1
218 91 0 1
217 91 0 1
216 91 0 1
215 91 0 1
168 91 0 0
167 91 0 0
166 91 0 0
165 91 0 0
164 91 0 0
384 90 0 0
383 90 0 0
382 90 0 0
381 90 0 0
380 90 0 0
379 90 0 0
223 90 0 1
222 90 0 1
221 90 0 1
220 90 0 1
219 90 0 1
218 90 0 1
217 90 0 1
216 90 0 1
169 90 0 0
168 90 0 0
167 90 0 0
166 90 0 0
165 90 0 0
164 90 0 0
384 89 0 0
383 89 0 0
382 89 0 0
381 89 0 0
380 89 0 0
224 89 0 1
223 89 0 1
222 89 0 1
221 89 0 1
220 89 0 1
219 89 0 1
218 89 0 1
217 89 0 1
169 89 0 0
168 89 0 0
167 89 0 0
166 89 0 0
165 89 0 0
164 89 0 0
384 88 0 0
383 88 0 0
382 88 0 0
381 88 0 0
380 88 0 0
226 88 0 1
225 88 0 1
224 88 0 1
223 88 0 1
222 88 0 1
221 88 0 1
220 88 0 1
219 88 0 1
218 88 0 1
170 88 0 0
169 88 0 0
168 88 0 0
167 88 0 0
166 88 0 0
165 88 0 0
384 87 0 0
383 87 0 0
382 87 0 0
381 87 0 0
380 87 0 0
227 87 0 1
226 87 0 1
225 87 0 1
224 87 0 1
223 87 0 1
222 87 0 1
221 87 0 1
220 87 0 1
171 87 0 0
170 87 0 0
169 87 0 0
168 87 0 0
167 87 0 0
166 87 0 0
384 86 0 0
383 86 0 0
382 86 0 0
381 86 0 0
380 86 0 0
228 86 0 1
227 86 0 1
226 86 0 1
225 86 0 1
224 86 0 1
223 86 0 1
222 86 0 1
221 86 0 1
171 86 0 0
170 86 0 0
169 86 0 0
168 86 0 0
167 86 0 0
166 86 0 0
384 85 0 0
383 85 0 0
382 85 0 0
381 85 0 0
380 85 0 0
228 85 0 1
227 85 0 1
226 85 0 1
225 85 0 1
224 85 0 1
223 85 0 1
222 85 0 1
172 85 0 0
171 85 0 0
170 85 0 0
169 85 0 0
168 85 0 0
167 85 0 0
384 84 0 0
383 84 0 0
382 84 0 0
381 84 0 0
380 84 0 0
229 84 0 1
228 84 0 1
227 84 0 1
226 84 0 1
225 84 0 1
224 84 0 1
223 84 0 1
173 84 0 0
172 84 0 0
171 84 0 0
170 84 0 0
169 84 0 0
168 84 0 0
384 83 0 0
383 83 0 0
382 83 0 0
381 83 0 0
380 83 0 0
231 83 0 1
230 83 0 1
229 83 0 1
228 83 0 1
227 83 0 1
226 83 0 1
225 83 0 1
173 83 0 0
172 83 0 0
171 83 0 0
170 83 0 0
169 83 0 0
168 83 0 0
384 82 0 0
383 82 0 0
382 82 0 0
381 82 0 0
232 82 0 1
231 82 0 1
230 82 0 1
229 82 0 1
228 82 0 1
227 82 0 1
226 82 0 1
225 82 0 1
174 82 0 0
173 82 0 0
172 82 0 0
171 82 0 0
170 82 0 0
169 82 0 0
384 81 0 0
383 81 0 0
382 81 0 0
381 81 0 0
233 81 0 1
232 81 0 1
231 81 0 1
230 81 0 1
229 81 0 1
228 81 0 1
227 81 0 1
226 81 0 1
174 81 0 0
173 81 0 0
172 81 0 0
171 81 0 0
170 81 0 0
169 81 0 0
384 80 0 0
383 80 0 0
382 80 0 0
381 80 0 0
234 80 0 1
233 80 0 1
232 80 0 1
231 80 0 1
230 80 0 1
229 80 0 1
228 80 0 1
227 80 0 1
175 80 0 0
174 80 0 0
173 80 0 0
172 80 0 0
171 80 0 0
170 80 0 0
384 79 0 0
383 79 0 0
382 79 0 0
381 79 0 0
235 79 0 1
234 79 0 1
233 79 0 1
232 79 0 1
231 79 0 1
230 79 0 1
229 79 0 1
176 79 0 0
175 79 0 0
174 79 0 0
173 79 0 0
172 79 0 0
171 79 0 0
170 79 0 0
384 78 0 0
383 78 0 0
382 78 0 0
381 78 0 0
237 78 0 1
236 78 0 1
235 78 0 1
234 78 0 1
233 78 0 1
232 78 0 1
231 78 0 1
230 78 0 1
177 78 0 0
176 78 0 0
175 78 0 0
174 78 0 0
173 78 0 0
172 78 0 0
171 78 0 0
384 77 0 0
383 77 0 0
382 77 0 0
381 77 0 0
238 77 0 1
237 77 0 1
236 77 0 1
235 77 0 1
234 77 0 1
233 77 0 1
232 77 0 1
231 77 0 1
178 77 0 0
177 77 0 0
176 77 0 0
175 77 0 0
174 77 0 0
173 77 0 0
172 77 0 0
384 76 0 0
383 76 0 0
382 76 0 0
381 76 0 0
240 76 0 1
239 76 0 1
238 76 0 1
237 76 0 1
236 76 0 1
235 76 0 1
234 76 0 1
233 76 0 1
232 76 0 1
179 76 0 0
178 76 0 0
177 76 0 0
176 76 0 0
175 76 0 0
174 76 0 0
173 76 0 0
384 75 0 0
383 75 0 0
382 75 0 0
381 75 0 0
380 75 0 0
241 75 0 1
240 75 0 1
239 75 0 1
238 75 0 1
237 75 0 1
236 75 0 1
235 75 0 1
234 75 0 1
233 75 0 1
180 75 0 0
179 75 0 0
178 75 0 0
177 75 0 0
176 75 0 0
175 75 0 0
174 75 0 0
384 74 0 0
383 74 0 0
382 74 0 0
381 74 0 0
380 74 0 0
243 74 0 1
242 74 0 1
241 74 0 1
240 74 0 1
239 74 0 1
238 74 0 1
237 74 0 1
236 74 0 1
235 74 0 1
181 74 0 0
180 74 0 0
179 74 0 0
178 74 0 0
177 74 0 0
176 74 0 0
175 74 0 0
384 73 0 0
383 73 0 0
382 73 0 0
381 73 0 0
380 73 0 0
245 73 0 1
244 73 0 1
243 73 0 1
242 73 0 1
241 73 0 1
240 73 0 1
239 73 0 1
238 73 0 1
237 73 0 1
236 73 0 1
182 73 0 0
181 73 0 0
180 73 0 0
179 73 0 0
178 73 0 0
177 73 0 0
176 73 0 0
384 72 0 0
383 72 0 0
382 72 0 0
381 72 0 0
380 72 0 0
247 72 0 1
246 72 0 1
245 72 0 1
244 72 0 1
243 72 0 1
242 72 0 1
241 72 0 1
240 72 0 1
239 72 0 1
238 72 0 1
183 72 0 0
182 72 0 0
181 72 0 0
180 72 0 0
179 72 0 0
178 72 0 0
177 72 0 0
384 71 0 0
383 71 0 0
382 71 0 0
381 71 0 0
380 71 0 0
270 71 0 1
269 71 0 1
268 71 0 1
267 71 0 1
266 71 0 1
265 71 0 1
264 71 0 1
263 71 0 1
262 71 0 1
261 71 0 1
260 71 0 1
259 71 0 1
258 71 0 1
257 71 0 1
256 71 0 1
255 71 0 1
254 71 0 1
253 71 0 1
252 71 0 1
251 71 0 1
250 71 0 1
249 71 0 1
248 71 0 1
247 71 0 1
246 71 0 1
245 71 0 1
244 71 0 1
243 71 0 1
242 71 0 1
241 71 0 1
240 71 0 1
239 71 0 1
183 71 0 0
182 71 0 0
181 71 0 0
180 71 0 0
179 71 0 0
178 71 0 0
384 70 0 0
383 70 0 0
382 70 0 0
381 70 0 0
380 70 0 0
379 70 0 0
275 70 0 1
274 70 0 1
273 70 0 1
272 70 0 1
271 70 0 1
270 70 0 1
269 70 0 1
268 70 0 1
267 70 0 1
266 70 0 1
265 70 0 1
264 70 0 1
263 70 0 1
262 70 0 1
261 70 0 1
260 70 0 1
259 70 0 1
258 70 0 1
257 70 0 1
256 70 0 1
255 70 0 1
254 70 0 1
253 70 0 1
252 70 0 1
251 70 0 1
250 70 0 1
249 70 0 1
248 70 0 1
247 70 0 1
246 70 0 1
245 70 0 1
244 70 0 1
243 70 0 1
242 70 0 1
241 70 0 1
184 70 0 0
183 70 0 0
182 70 0 0
181 70 0 0
180 70 0 0
179 70 0 0
178 70 0 0
384 69 0 0
383 69 0 0
382 69 0 0
381 69 0 0
380 69 0 0
379 69 0 0
277 69 0 1
276 69 0 1
275 69 0 1
274 69 0 1
273 69 0 1
272 69 0 1
271 69 0 1
270 69 0 1
269 69 0 1
268 69 0 1
267 69 0 1
266 69 0 1
265 69 0 1
264 69 0 1
263 69 0 1
262 69 0 1
261 69 0 1
260 69 0 1
259 69 0 1
258 69 0 1
257 69 0 1
256 69 0 1
255 69 0 1
254 69 0 1
253 69 0 1
252 69 0 1
251 69 0 1
250 69 0 1
249 69 0 1
248 69 0 1
247 69 0 1
246 69 0 1
245 69 0 1
244 69 0 1
243 69 0 1
242 69 0 1
185 69 0 0
184 69 0 0
183 69 0 0
182 69 0 0
181 69 0 0
180 69 0 0
179 69 0 0
383 68 0 0
382 68 0 0
381 68 0 0
380 68 0 0
379 68 0 0
280 68 0 1
279 68 0 1
278 68 0 1
277 68 0 1
276 68 0 1
275 68 0 1
274 68 0 1
273 68 0 1
272 68 0 1
271 68 0 1
270 68 0 1
269 68 0 1
268 68 0 1
267 68 0 1
266 68 0 1
265 68 0 1
264 68 0 1
263 68 0 1
262 68 0 1
261 68 0 1
260 68 0 1
259 68 0 1
258 68 0 1
257 68 0 1
256 68 0 1
255 68 0 1
254 68 0 1
253 68 0 1
252 68 0 1
251 68 0 1
250 68 0 1
249 68 0 1
248 68 0 1
247 68 0 1
246 68 0 1
245 68 0 1
244 68 0 1
186 68 0 0
185 68 0 0
184 68 0 0
183 68 0 0
182 68 0 0
181 68 0 0
180 68 0 0
383 67 0 0
382 67 0 0
381 67 0 0
380 67 0 0
379 67 0 0
285 67 0 1
284 67 0 1
283 67 0 1
282 67 0 1
281 67 0 1
280 67 0 1
279 67 0 1
278 67 0 1
277 67 0 1
276 67 0 1
275 67 0 1
274 67 0 1
273 67 0 1
272 67 0 1
271 67 0 1
270 67 0 1
269 67 0 1
268 67 0 1
267 67 0 1
266 67 0 1
265 67 0 1
264 67 0 1
187 67 0 0
186 67 0 0
185 67 0 0
184 67 0 0
183 67 0 0
182 67 0 0
181 67 0 0
383 66 0 0
382 66 0 0
381 66 0 0
380 66 0 0
379 66 0 0
288 66 0 1
287 66 0 1
286 66 0 1
285 66 0 1
284 66 0 1
283 66 0 1
282 66 0 1
281 66 0 1
280 66 0 1
279 66 0 1
278 66 0 1
277 66 0 1
276 66 0 1
275 66 0 1
274 66 0 1
273 66 0 1
272 66 0 1
271 66 0 1
270 66 0 1
188 66 0 0
187 66 0 0
186 66 0 0
185 66 0 0
184 66 0 0
183 66 0 0
182 66 0 0
383 65 0 0
382 65 0 0
381 65 0 0
380 65 0 0
379 65 0 0
291 65 0 1
290 65 0 1
289 65 0 1
288 65 0 1
287 65 0 1
286 65 0 1
285 65 0 1
284 65 0 1
283 65 0 1
282 65 0 1
281 65 0 1
280 65 0 1
279 65 0 1
278 65 0 1
277 65 0 1
276 65 0 1
275 65 0 1
274 65 0 1
189 65 0 0
188 65 0 0
187 65 0 0
186 65 0 0
185 65 0 0
184 65 0 0
183 65 0 0
383 64 0 0
382 64 0 0
381 64 0 0
380 64 0 0
379 64 0 0
378 64 0 0
299 64 0 1
298 64 0 1
297 64 0 1
296 64 0 1
295 64 0 1
294 64 0 1
293 64 0 1
292 64 0 1
291 64 0 1
290 64 0 1
289 64 0 1
288 64 0 1
287 64 0 1
286 64 0 1
285 64 0 1
284 64 0 1
283 64 0 1
282 64 0 1
281 64 0 1
280 64 0 1
279 64 0 1
278 64 0 1
277 64 0 1
190 64 0 0
189 64 0 0
188 64 0 0
187 64 0 0
186 64 0 0
185 64 0 0
184 64 0 0
382 63 0 0
381 63 0 0
380 63 0 0
379 63 0 0
378 63 0 0
305 63 0 1
304 63 0 1
303 63 0 1
302 63 0 1
301 63 0 1
300 63 0 1
299 63 0 1
298 63 0 1
297 63 0 1
296 63 0 1
295 63 0 1
294 63 0 1
293 63 0 1
292 63 0 1
291 63 0 1
290 63 0 1
289 63 0 1
288 63 0 1
287 63 0 1
286 63 0 1
285 63 0 1
284 63 0 1
283 63 0 1
282 63 0 1
191 63 0 0
190 63 0 0
189 63 0 0
188 63 0 0
187 63 0 0
186 63 0 0
185 63 0 0
382 62 0 0
381 62 0 0
380 62 0 0
379 62 0 0
378 62 0 0
310 62 0 1
309 62 0 1
308 62 0 1
307 62 0 1
306 62 0 1
305 62 0 1
304 62 0 1
303 62 0 1
302 62 0 1
301 62 0 1
300 62 0 1
299 62 0 1
298 62 0 1
297 62 0 1
296 62 0 1
295 62 0 1
294 62 0 1
293 62 0 1
292 62 0 1
291 62 0 1
290 62 0 1
289 62 0 1
288 62 0 1
287 62 0 1
286 62 0 1
285 62 0 1
192 62 0 0
191 62 0 0
190 62 0 0
189 62 0 0
188 62 0 0
187 62 0 0
186 62 0 0
382 61 0 0
381 61 0 0
380 61 0 0
379 61 0 0
378 61 0 0
317 61 0 1
316 61 0 1
315 61 0 1
314 61 0 1
313 61 0 1
312 61 0 1
311 61 0 1
310 61 0 1
309 61 0 1
308 61 0 1
307 61 0 1
306 61 0 1
305 61 0 1
304 61 0 1
303 61 0 1
302 61 0 1
301 61 0 1
300 61 0 1
299 61 0 1
298 61 0 1
297 61 0 1
296 61 0 1
295 61 0 1
294 61 0 1
293 61 0 1
292 61 0 1
291 61 0 1
290 61 0 1
289 61 0 1
288 61 0 1
193 61 0 0
192 61 0 0
191 61 0 0
190 61 0 0
189 61 0 0
188 61 0 0
187 61 0 0
382 60 0 0
381 60 0 0
380 60 0 0
379 60 0 0
378 60 0 0
318 60 0 1
317 60 0 1
316 60 0 1
315 60 0 1
314 60 0 1
313 60 0 1
312 60 0 1
311 60 0 1
310 60 0 1
309 60 0 1
308 60 0 1
307 60 0 1
306 60 0 1
305 60 0 1
304 60 0 1
303 60 0 1
302 60 0 1
301 60 0 1
300 60 0 1
299 60 0 1
298 60 0 1
297 60 0 1
296 60 0 1
295 60 0 1
294 60 0 1
293 60 0 1
193 60 0 0
192 60 0 0
191 60 0 0
190 60 0 0
189 60 0 0
188 60 0 0
187 60 0 0
382 59 0 0
381 59 0 0
380 59 0 0
379 59 0 0
378 59 0 0
320 59 0 1
319 59 0 1
318 59 0 1
317 59 0 1
316 59 0 1
315 59 0 1
314 59 0 1
313 59 0 1
312 59 0 1
311 59 0 1
310 59 0 1
309 59 0 1
308 59 0 1
307 59 0 1
306 59 0 1
305 59 0 1
304 59 0 1
303 59 0 1
302 59 0 1
194 59 0 0
193 59 0 0
192 59 0 0
191 59 0 0
190 59 0 0
189 59 0 0
188 59 0 0
382 58 0 0
381 58 0 0
380 58 0 0
379 58 0 0
378 58 0 0
321 58 0 1
320 58 0 1
319 58 0 1
318 58 0 1
317 58 0 1
316 58 0 1
315 58 0 1
314 58 0 1
313 58 0 1
312 58 0 1
311 58 0 1
310 58 0 1
309 58 0 1
308 58 0 1
307 58 0 1
196 58 0 0
195 58 0 0
194 58 0 0
193 58 0 0
192 58 0 0
191 58 0 0
190 58 0 0
189 58 0 0
382 57 0 0
381 57 0 0
380 57 0 0
379 57 0 0
378 57 0 0
377 57 0 0
322 57 0 1
321 57 0 1
320 57 0 1
319 57 0 1
318 57 0 1
317 57 0 1
316 57 0 1
315 57 0 1
314 57 0 1
313 57 0 1
197 57 0 0
196 57 0 0
195 57 0 0
194 57 0 0
193 57 0 0
192 57 0 0
191 57 0 0
190 57 0 0
381 56 0 0
380 56 0 0
379 56 0 0
378 56 0 0
377 56 0 0
323 56 0 1
322 56 0 1
321 56 0 1
320 56 0 1
319 56 0 1
318 56 0 1
317 56 0 1
316 56 0 1
198 56 0 0
197 56 0 0
196 56 0 0
195 56 0 0
194 56 0 0
193 56 0 0
192 56 0 0
191 56 0 0
381 55 0 0
380 55 0 0
379 55 0 0
378 55 0 0
377 55 0 0
325 55 0 1
324 55 0 1
323 55 0 1
322 55 0 1
321 55 0 1
320 55 0 1
319 55 0 1
318 55 0 1
317 55 0 1
200 55 0 0
199 55 0 0
198 55 0 0
197 55 0 0
196 55 0 0
195 55 0 0
194 55 0 0
193 55 0 0
192 55 0 0
381 54 0 0
380 54 0 0
379 54 0 0
378 54 0 0
377 54 0 0
376 54 0 0
327 54 0 1
326 54 0 1
325 54 0 1
324 54 0 1
323 54 0 1
322 54 0 1
321 54 0 1
320 54 0 1
319 54 0 1
201 54 0 0
200 54 0 0
199 54 0 0
198 54 0 0
197 54 0 0
196 54 0 0
195 54 0 0
194 54 0 0
193 54 0 0
381 53 0 0
380 53 0 0
379 53 0 0
378 53 0 0
377 53 0 0
376 53 0 0
328 53 0 1
327 53 0 1
326 53 0 1
325 53 0 1
324 53 0 1
323 53 0 1
322 53 0 1
321 53 0 1
320 53 0 1
202 53 0 0
201 53 0 0
200 53 0 0
199 53 0 0
198 53 0 0
197 53 0 0
196 53 0 0
195 53 0 0
380 52 0 0
379 52 0 0
378 52 0 0
377 52 0 0
376 52 0 0
329 52 0 1
328 52 0 1
327 52 0 1
326 52 0 1
325 52 0 1
324 52 0 1
323 52 0 1
322 52 0 1
321 52 0 1
203 52 0 0
202 52 0 0
201 52 0 0
200 52 0 0
199 52 0 0
198 52 0 0
197 52 0 0
196 52 0 0
380 51 0 0
379 51 0 0
378 51 0 0
377 51 0 0
376 51 0 0
375 51 0 0
329 51 0 1
328 51 0 1
327 51 0 1
326 51 0 1
325 51 0 1
324 51 0 1
323 51 0 1
322 51 0 1
205 51 0 0
204 51 0 0
203 51 0 0
202 51 0 0
201 51 0 0
200 51 0 0
199 51 0 0
198 51 0 0
197 51 0 0
380 50 0 0
379 50 0 0
378 50 0 0
377 50 0 0
376 50 0 0
375 50 0 0
330 50 0 1
329 50 0 1
328 50 0 1
327 50 0 1
326 50 0 1
325 50 0 1
206 50 0 0
205 50 0 0
204 50 0 0
203 50 0 0
202 50 0 0
201 50 0 0
200 50 0 0
199 50 0 0
198 50 0 0
379 49 0 0
378 49 0 0
377 49 0 0
376 49 0 0
375 49 0 0
374 49 0 0
330 49 0 1
329 49 0 1
328 49 0 1
327 49 0 1
326 49 0 1
325 49 0 1
207 49 0 0
206 49 0 0
205 49 0 0
204 49 0 0
203 49 0 0
202 49 0 0
201 49 0 0
200 49 0 0
378 48 0 0
377 48 0 0
376 48 0 0
375 48 0 0
374 48 0 0
373 48 0 0
331 48 0 1
330 48 0 1
329 48 0 1
328 48 0 1
327 48 0 1
326 48 0 1
208 48 0 0
207 48 0 0
206 48 0 0
205 48 0 0
204 48 0 0
203 48 0 0
202 48 0 0
201 48 0 0
378 47 0 0
377 47 0 0
376 47 0 0
375 47 0 0
374 47 0 0
373 47 0 0
372 47 0 0
332 47 0 1
331 47 0 1
330 47 0 1
329 47 0 1
328 47 0 1
327 47 0 1
326 47 0 1
210 47 0 0
209 47 0 0
208 47 0 0
207 47 0 0
206 47 0 0
205 47 0 0
204 47 0 0
203 47 0 0
202 47 0 0
377 46 0 0
376 46 0 0
375 46 0 0
374 46 0 0
373 46 0 0
372 46 0 0
333 46 0 1
332 46 0 1
331 46 0 1
330 46 0 1
329 46 0 1
328 46 0 1
327 46 0 1
211 46 0 0
210 46 0 0
209 46 0 0
208 46 0 0
207 46 0 0
206 46 0 0
205 46 0 0
204 46 0 0
203 46 0 0
376 45 0 0
375 45 0 0
374 45 0 0
373 45 0 0
372 45 0 0
371 45 0 0
334 45 0 1
333 45 0 1
332 45 0 1
331 45 0 1
330 45 0 1
329 45 0 1
328 45 0 1
213 45 0 0
212 45 0 0
211 45 0 0
210 45 0 0
209 45 0 0
208 45 0 0
207 45 0 0
206 45 0 0
205 45 0 0
204 45 0 0
376 44 0 0
375 44 0 0
374 44 0 0
373 44 0 0
372 44 0 0
371 44 0 0
370 44 0 0
335 44 0 1
334 44 0 1
333 44 0 1
332 44 0 1
331 44 0 1
330 44 0 1
329 44 0 1
215 44 0 0
214 44 0 0
213 44 0 0
212 44 0 0
211 44 0 0
210 44 0 0
209 44 0 0
208 44 0 0
207 44 0 0
206 44 0 0
375 43 0 0
374 43 0 0
373 43 0 0
372 43 0 0
371 43 0 0
370 43 0 0
369 43 0 0
336 43 0 1
335 43 0 1
334 43 0 1
333 43 0 1
332 43 0 1
331 43 0 1
330 43 0 1
216 43 0 0
215 43 0 0
214 43 0 0
213 43 0 0
212 43 0 0
211 43 0 0
210 43 0 0
209 43 0 0
208 43 0 0
207 43 0 0
374 42 0 0
373 42 0 0
372 42 0 0
371 42 0 0
370 42 0 0
369 42 0 0
337 42 0 1
336 42 0 1
335 42 0 1
334 42 0 1
333 42 0 1
332 42 0 1
331 42 0 1
218 42 0 0
217 42 0 0
216 42 0 0
215 42 0 0
214 42 0 0
213 42 0 0
212 42 0 0
211 42 0 0
210 42 0 0
209 42 0 0
373 41 0 0
372 41 0 0
371 41 0 0
370 41 0 0
369 41 0 0
368 41 0 0
338 41 0 1
337 41 0 1
336 41 0 1
335 41 0 1
334 41 0 1
333 41 0 1
332 41 0 1
219 41 0 0
218 41 0 0
217 41 0 0
216 41 0 0
215 41 0 0
214 41 0 0
213 41 0 0
212 41 0 0
211 41 0 0
373 40 0 0
372 40 0 0
371 40 0 0
370 40 0 0
369 40 0 0
368 40 0 0
367 40 0 0
339 40 0 1
338 40 0 1
337 40 0 1
336 40 0 1
335 40 0 1
334 40 0 1
333 40 0 1
221 40 0 0
220 40 0 0
219 40 0 0
218 40 0 0
217 40 0 0
216 40 0 0
215 40 0 0
214 40 0 0
213 40 0 0
212 40 0 0
372 39 0 0
371 39 0 0
370 39 0 0
369 39 0 0
368 39 0 0
367 39 0 0
366 39 0 0
339 39 0 1
338 39 0 1
337 39 0 1
336 39 0 1
335 39 0 1
334 39 0 1
222 39 0 0
221 39 0 0
220 39 0 0
219 39 0 0
218 39 0 0
217 39 0 0
216 39 0 0
215 39 0 0
214 39 0 0
371 38 0 0
370 38 0 0
369 38 0 0
368 38 0 0
367 38 0 0
366 38 0 0
365 38 0 0
346 38 0 1
345 38 0 1
344 38 0 1
343 38 0 1
342 38 0 1
341 38 0 1
340 38 0 1
339 38 0 1
338 38 0 1
337 38 0 1
336 38 0 1
335 38 0 1
224 38 0 0
223 38 0 0
222 38 0 0
221 38 0 0
220 38 0 0
219 38 0 0
218 38 0 0
217 38 0 0
216 38 0 0
215 38 0 0
370 37 0 0
369 37 0 0
368 37 0 0
367 37 0 0
366 37 0 0
365 37 0 0
346 37 0 1
345 37 0 1
344 37 0 1
343 37 0 1
342 37 0 1
341 37 0 1
340 37 0 1
339 37 0 1
338 37 0 1
337 37 0 1
336 37 0 1
335 37 0 1
226 37 0 0
225 37 0 0
224 37 0 0
223 37 0 0
222 37 0 0
221 37 0 0
220 37 0 0
219 37 0 0
218 37 0 0
217 37 0 0
370 36 0 0
369 36 0 0
368 36 0 0
367 36 0 0
366 36 0 0
365 36 0 0
364 36 0 0
346 36 0 1
345 36 0 1
344 36 0 1
343 36 0 1
342 36 0 1
341 36 0 1
340 36 0 1
339 36 0 1
338 36 0 1
337 36 0 1
336 36 0 1
228 36 0 0
227 36 0 0
226 36 0 0
225 36 0 0
224 36 0 0
223 36 0 0
222 36 0 0
221 36 0 0
220 36 0 0
219 36 0 0
218 36 0 0
369 35 0 0
368 35 0 0
367 35 0 0
366 35 0 0
365 35 0 0
364 35 0 0
363 35 0 0
346 35 0 1
345 35 0 1
344 35 0 1
343 35 0 1
342 35 0 1
341 35 0 1
340 35 0 1
339 35 0 1
338 35 0 1
337 35 0 1
230 35 0 0
229 35 0 0
228 35 0 0
227 35 0 0
226 35 0 0
225 35 0 0
224 35 0 0
223 35 0 0
222 35 0 0
221 35 0 0
220 35 0 0
368 34 0 0
367 34 0 0
366 34 0 0
365 34 0 0
364 34 0 0
363 34 0 0
232 34 0 0
231 34 0 0
230 34 0 0
229 34 0 0
228 34 0 0
227 34 0 0
226 34 0 0
225 34 0 0
224 34 0 0
223 34 0 0
222 34 0 0
367 33 0 0
366 33 0 0
365 33 0 0
364 33 0 0
363 33 0 0
362 33 0 0
234 33 0 0
233 33 0 0
232 33 0 0
231 33 0 0
230 33 0 0
229 33 0 0
228 33 0 0
227 33 0 0
226 33 0 0
225 33 0 0
224 33 0 0
367 32 0 0
366 32 0 0
365 32 0 0
364 32 0 0
363 32 0 0
362 32 0 0
236 32 0 0
235 32 0 0
234 32 0 0
233 32 0 0
232 32 0 0
231 32 0 0
230 32 0 0
229 32 0 0
228 32 0 0
227 32 0 0
226 32 0 0
225 32 0 0
366 31 0 0
365 31 0 0
364 31 0 0
363 31 0 0
362 31 0 0
361 31 0 0
238 31 0 0
237 31 0 0
236 31 0 0
235 31 0 0
234 31 0 0
233 31 0 0
232 31 0 0
231 31 0 0
230 31 0 0
229 31 0 0
228 31 0 0
227 31 0 0
365 30 0 0
364 30 0 0
363 30 0 0
362 30 0 0
361 30 0 0
360 30 0 0
240 30 0 0
239 30 0 0
238 30 0 0
237 30 0 0
236 30 0 0
235 30 0 0
234 30 0 0
233 30 0 0
232 30 0 0
231 30 0 0
230 30 0 0
229 30 0 0
365 29 0 0
364 29 0 0
363 29 0 0
362 29 0 0
361 29 0 0
360 29 0 0
243 29 0 0
242 29 0 0
241 29 0 0
240 29 0 0
239 29 0 0
238 29 0 0
237 29 0 0
236 29 0 0
235 29 0 0
234 29 0 0
233 29 0 0
232 29 0 0
231 29 0 0
364 28 0 0
363 28 0 0
362 28 0 0
361 28 0 0
360 28 0 0
359 28 0 0
246 28 0 0
245 28 0 0
244 28 0 0
243 28 0 0
242 28 0 0
241 28 0 0
240 28 0 0
239 28 0 0
238 28 0 0
237 28 0 0
236 28 0 0
235 28 0 0
234 28 0 0
233 28 0 0
364 27 0 0
363 27 0 0
362 27 0 0
361 27 0 0
360 27 0 0
359 27 0 0
249 27 0 0
248 27 0 0
247 27 0 0
246 27 0 0
245 27 0 0
244 27 0 0
243 27 0 0
242 27 0 0
241 27 0 0
240 27 0 0
239 27 0 0
238 27 0 0
237 27 0 0
236 27 0 0
235 27 0 0
363 26 0 0
362 26 0 0
361 26 0 0
360 26 0 0
359 26 0 0
358 26 0 0
253 26 0 0
252 26 0 0
251 26 0 0
250 26 0 0
249 26 0 0
248 26 0 0
247 26 0 0
246 26 0 0
245 26 0 0
244 26 0 0
243 26 0 0
242 26 0 0
241 26 0 0
240 26 0 0
239 26 0 0
238 26 0 0
237 26 0 0
363 25 0 0
362 25 0 0
361 25 0 0
360 25 0 0
359 25 0 0
358 25 0 0
257 25 0 0
256 25 0 0
255 25 0 0
254 25 0 0
253 25 0 0
252 25 0 0
251 25 0 0
250 25 0 0
249 25 0 0
248 25 0 0
247 25 0 0
246 25 0 0
245 25 0 0
244 25 0 0
243 25 0 0
242 25 0 0
241 25 0 0
240 25 0 0
362 24 0 0
361 24 0 0
360 24 0 0
359 24 0 0
358 24 0 0
357 24 0 0
259 24 0 0
258 24 0 0
257 24 0 0
256 24 0 0
255 24 0 0
254 24 0 0
253 24 0 0
252 24 0 0
251 24 0 0
250 24 0 0
249 24 0 0
248 24 0 0
247 24 0 0
246 24 0 0
245 24 0 0
244 24 0 0
243 24 0 0
362 23 0 0
361 23 0 0
360 23 0 0
359 23 0 0
358 23 0 0
357 23 0 0
262 23 0 0
261 23 0 0
260 23 0 0
259 23 0 0
258 23 0 0
257 23 0 0
256 23 0 0
255 23 0 0
254 23 0 0
253 23 0 0
252 23 0 0
251 23 0 0
250 23 0 0
249 23 0 0
248 23 0 0
247 23 0 0
246 23 0 0
361 22 0 0
360 22 0 0
359 22 0 0
358 22 0 0
357 22 0 0
356 22 0 0
265 22 0 0
264 22 0 0
263 22 0 0
262 22 0 0
261 22 0 0
260 22 0 0
259 22 0 0
258 22 0 0
257 22 0 0
256 22 0 0
255 22 0 0
254 22 0 0
253 22 0 0
252 22 0 0
251 22 0 0
250 22 0 0
249 22 0 0
248 22 0 0
361 21 0 0
360 21 0 0
359 21 0 0
358 21 0 0
357 21 0 0
356 21 0 0
355 21 0 0
271 21 0 0
270 21 0 0
269 21 0 0
268 21 0 0
267 21 0 0
266 21 0 0
265 21 0 0
264 21 0 0
263 21 0 0
262 21 0 0
261 21 0 0
260 21 0 0
259 21 0 0
258 21 0 0
257 21 0 0
256 21 0 0
255 21 0 0
254 21 0 0
253 21 0 0
252 21 0 0
360 20 0 0
359 20 0 0
358 20 0 0
357 20 0 0
356 20 0 0
355 20 0 0
354 20 0 0
277 20 0 0
276 20 0 0
275 20 0 0
274 20 0 0
273 20 0 0
272 20 0 0
271 20 0 0
270 20 0 0
269 20 0 0
268 20 0 0
267 20 0 0
266 20 0 0
265 20 0 0
264 20 0 0
263 20 0 0
262 20 0 0
261 20 0 0
260 20 0 0
259 20 0 0
258 20 0 0
257 20 0 0
256 20 0 0
359 19 0 0
358 19 0 0
357 19 0 0
356 19 0 0
355 19 0 0
354 19 0 0
353 19 0 0
285 19 0 0
284 19 0 0
283 19 0 0
282 19 0 0
281 19 0 0
280 19 0 0
279 19 0 0
278 19 0 0
277 19 0 0
276 19 0 0
275 19 0 0
274 19 0 0
273 19 0 0
272 19 0 0
271 19 0 0
270 19 0 0
269 19 0 0
268 19 0 0
267 19 0 0
266 19 0 0
265 19 0 0
264 19 0 0
263 19 0 0
262 19 0 0
261 19 0 0
260 19 0 0
259 19 0 0
358 18 0 0
357 18 0 0
356 18 0 0
355 18 0 0
354 18 0 0
353 18 0 0
352 18 0 0
285 18 0 0
284 18 0 0
283 18 0 0
282 18 0 0
281 18 0 0
280 18 0 0
279 18 0 0
278 18 0 0
277 18 0 0
276 18 0 0
275 18 0 0
274 18 0 0
273 18 0 0
272 18 0 0
271 18 0 0
270 18 0 0
269 18 0 0
268 18 0 0
267 18 0 0
266 18 0 0
265 18 0 0
264 18 0 0
263 18 0 0
262 18 0 0
357 17 0 0
356 17 0 0
355 17 0 0
354 17 0 0
353 17 0 0
352 17 0 0
351 17 0 0
350 17 0 0
285 17 0 0
284 17 0 0
283 17 0 0
282 17 0 0
281 17 0 0
280 17 0 0
279 17 0 0
278 17 0 0
277 17 0 0
276 17 0 0
275 17 0 0
274 17 0 0
273 17 0 0
272 17 0 0
271 17 0 0
270 17 0 0
269 17 0 0
268 17 0 0
267 17 0 0
266 17 0 0
265 17 0 0
356 16 0 0
355 16 0 0
354 16 0 0
353 16 0 0
352 16 0 0
351 16 0 0
350 16 0 0
349 16 0 0
285 16 0 0
284 16 0 0
283 16 0 0
282 16 0 0
281 16 0 0
280 16 0 0
279 16 0 0
278 16 0 0
277 16 0 0
276 16 0 0
275 16 0 0
274 16 0 0
273 16 0 0
272 16 0 0
271 16 0 0
355 15 0 0
354 15 0 0
353 15 0 0
352 15 0 0
351 15 0 0
350 15 0 0
349 15 0 0
348 15 0 0
354 14 0 0
353 14 0 0
352 14 0 0
351 14 0 0
350 14 0 0
349 14 0 0
348 14 0 0
347 14 0 0
353 13 0 0
352 13 0 0
351 13 0 0
350 13 0 0
349 13 0 0
348 13 0 0
347 13 0 0
346 13 0 0
345 13 0 0
351 12 0 0
350 12 0 0
349 12 0 0
348 12 0 0
347 12 0 0
346 12 0 0
345 12 0 0
344 12 0 0
350 11 0 0
349 11 0 0
348 11 0 0
347 11 0 0
346 11 0 0
345 11 0 0
344 11 0 0
343 11 0 0
342 11 0 0
341 11 0 0
349 10 0 0
348 10 0 0
347 10 0 0
346 10 0 0
345 10 0 0
344 10 0 0
343 10 0 0
342 10 0 0
341 10 0 0
340 10 0 0
339 10 0 0
338 10 0 0
348 9 0 0
347 9 0 0
346 9 0 0
345 9 0 0
344 9 0 0
343 9 0 0
342 9 0 0
341 9 0 0
340 9 0 0
339 9 0 0
338 9 0 0
337 9 0 0
336 9 0 0
335 9 0 0
334 9 0 0
333 9 0 0
332 9 0 0
346 8 0 0
345 8 0 0
344 8 0 0
343 8 0 0
342 8 0 0
341 8 0 0
340 8 0 0
339 8 0 0
338 8 0 0
337 8 0 0
336 8 0 0
335 8 0 0
334 8 0 0
333 8 0 0
332 8 0 0
331 8 0 0
330 8 0 0
329 8 0 0
328 8 0 0
327 8 0 0
326 8 0 0
325 8 0 0
324 8 0 0
323 8 0 0
322 8 0 0
321 8 0 0
345 7 0 0
344 7 0 0
343 7 0 0
342 7 0 0
341 7 0 0
340 7 0 0
339 7 0 0
338 7 0 0
337 7 0 0
336 7 0 0
335 7 0 0
334 7 0 0
333 7 0 0
332 7 0 0
331 7 0 0
330 7 0 0
329 7 0 0
328 7 0 0
327 7 0 0
326 7 0 0
325 7 0 0
324 7 0 0
323 7 0 0
322 7 0 0
321 7 0 0
342 6 0 0
341 6 0 0
340 6 0 0
339 6 0 0
338 6 0 0
337 6 0 0
336 6 0 0
335 6 0 0
334 6 0 0
333 6 0 0
332 6 0 0
331 6 0 0
330 6 0 0
329 6 0 0
328 6 0 0
327 6 0 0
326 6 0 0
325 6 0 0
324 6 0 0
323 6 0 0
322 6 0 0
321 6 0 0
338 5 0 0
337 5 0 0
336 5 0 0
335 5 0 0
334 5 0 0
333 5 0 0
332 5 0 0
331 5 0 0
330 5 0 0
329 5 0 0
328 5 0 0
327 5 0 0
326 5 0 0
325 5 0 0
324 5 0 0
323 5 0 0
322 5 0 0
321 5 0 0
