5868 640 480
202 456 0 0
201 456 0 0
200 456 0 0
199 456 0 0
198 456 0 0
197 456 0 0
196 456 0 0
195 456 0 0
194 456 0 0
193 456 0 0
192 456 0 0
191 456 0 0
190 456 0 0
203 455 0 0
202 455 0 0
201 455 0 0
200 455 0 0
199 455 0 0
198 455 0 0
197 455 0 0
196 455 0 0
195 455 0 0
194 455 0 0
193 455 0 0
192 455 0 0
191 455 0 0
190 455 0 0
189 455 0 0
204 454 0 0
203 454 0 0
202 454 0 0
201 454 0 0
200 454 0 0
199 454 0 0
198 454 0 0
197 454 0 0
196 454 0 0
195 454 0 0
194 454 0 0
193 454 0 0
192 454 0 0
191 454 0 0
190 454 0 0
189 454 0 0
188 454 0 0
205 453 0 0
204 453 0 0
203 453 0 0
202 453 0 0
201 453 0 0
200 453 0 0
199 453 0 0
198 453 0 0
197 453 0 0
196 453 0 0
195 453 0 0
194 453 0 0
193 453 0 0
192 453 0 0
191 453 0 0
190 453 0 0
189 453 0 0
188 453 0 0
187 453 0 0
206 452 0 0
205 452 0 0
204 452 0 0
203 452 0 0
202 452 0 0
201 452 0 0
200 452 0 0
194 452 0 0
193 452 0 0
192 452 0 0
191 452 0 0
190 452 0 0
189 452 0 0
188 452 0 0
187 452 0 0
186 452 0 0
206 451 0 0
205 451 0 0
204 451 0 0
203 451 0 0
202 451 0 0
201 451 0 0
191 451 0 0
190 451 0 0
189 451 0 0
188 451 0 0
187 451 0 0
186 451 0 0
185 451 0 0
184 451 0 0
208 450 0 0
207 450 0 0
206 450 0 0
205 450 0 0
204 450 0 0
203 450 0 0
202 450 0 0
190 450 0 0
189 450 0 0
188 450 0 0
187 450 0 0
186 450 0 0
185 450 0 0
184 450 0 0
183 450 0 0
210 449 0 0
209 449 0 0
208 449 0 0
207 449 0 0
206 449 0 0
205 449 0 0
204 449 0 0
203 449 0 0
189 449 0 0
188 449 0 0
187 449 0 0
186 449 0 0
185 449 0 0
184 449 0 0
183 449 0 0
182 449 0 0
181 449 0 0
211 448 0 0
210 448 0 0
209 448 0 0
208 448 0 0
207 448 0 0
206 448 0 0
205 448 0 0
204 448 0 0
203 448 0 0
188 448 0 0
187 448 0 0
186 448 0 0
185 448 0 0
184 448 0 0
183 448 0 0
182 448 0 0
181 448 0 0
180 448 0 0
212 447 0 0
211 447 0 0
210 447 0 0
209 447 0 0
208 447 0 0
207 447 0 0
206 447 0 0
205 447 0 0
204 447 0 0
187 447 0 0
186 447 0 0
185 447 0 0
184 447 0 0
183 447 0 0
182 447 0 0
181 447 0 0
180 447 0 0
179 447 0 0
178 447 0 0
217 446 0 0
216 446 0 0
215 446 0 0
214 446 0 0
213 446 0 0
212 446 0 0
211 446 0 0
210 446 0 0
209 446 0 0
208 446 0 0
207 446 0 0
206 446 0 0
205 446 0 0
185 446 0 0
184 446 0 0
183 446 0 0
182 446 0 0
181 446 0 0
180 446 0 0
179 446 0 0
178 446 0 0
177 446 0 0
218 445 0 0
217 445 0 0
216 445 0 0
215 445 0 0
214 445 0 0
213 445 0 0
212 445 0 0
211 445 0 0
210 445 0 0
209 445 0 0
208 445 0 0
207 445 0 0
184 445 0 0
183 445 0 0
182 445 0 0
181 445 0 0
180 445 0 0
179 445 0 0
178 445 0 0
177 445 0 0
176 445 0 0
175 445 0 0
219 444 0 0
218 444 0 0
217 444 0 0
216 444 0 0
215 444 0 0
214 444 0 0
213 444 0 0
212 444 0 0
211 444 0 0
210 444 0 0
209 444 0 0
182 444 0 0
181 444 0 0
180 444 0 0
179 444 0 0
178 444 0 0
177 444 0 0
176 444 0 0
175 444 0 0
174 444 0 0
219 443 0 0
218 443 0 0
217 443 0 0
216 443 0 0
215 443 0 0
214 443 0 0
213 443 0 0
212 443 0 0
211 443 0 0
210 443 0 0
181 443 0 0
180 443 0 0
179 443 0 0
178 443 0 0
177 443 0 0
176 443 0 0
175 443 0 0
174 443 0 0
173 443 0 0
223 442 0 0
222 442 0 0
221 442 0 0
220 442 0 0
219 442 0 0
218 442 0 0
217 442 0 0
216 442 0 0
215 442 0 0
214 442 0 0
213 442 0 0
212 442 0 0
179 442 0 0
178 442 0 0
177 442 0 0
176 442 0 0
175 442 0 0
174 442 0 0
173 442 0 0
172 442 0 0
226 441 0 0
225 441 0 0
224 441 0 0
223 441 0 0
222 441 0 0
221 441 0 0
220 441 0 0
219 441 0 0
218 441 0 0
217 441 0 0
216 441 0 0
178 441 0 0
177 441 0 0
176 441 0 0
175 441 0 0
174 441 0 0
173 441 0 0
172 441 0 0
171 441 0 0
170 441 0 0
227 440 0 0
226 440 0 0
225 440 0 0
224 440 0 0
223 440 0 0
222 440 0 0
221 440 0 0
220 440 0 0
219 440 0 0
218 440 0 0
217 440 0 0
216 440 0 0
176 440 0 0
175 440 0 0
174 440 0 0
173 440 0 0
172 440 0 0
171 440 0 0
170 440 0 0
169 440 0 0
229 439 0 0
228 439 0 0
227 439 0 0
226 439 0 0
225 439 0 0
224 439 0 0
223 439 0 0
222 439 0 0
221 439 0 0
220 439 0 0
219 439 0 0
218 439 0 0
217 439 0 0
175 439 0 0
174 439 0 0
173 439 0 0
172 439 0 0
171 439 0 0
170 439 0 0
169 439 0 0
168 439 0 0
231 438 0 0
230 438 0 0
229 438 0 0
228 438 0 0
227 438 0 0
226 438 0 0
225 438 0 0
224 438 0 0
223 438 0 0
222 438 0 0
221 438 0 0
220 438 0 0
219 438 0 0
218 438 0 0
174 438 0 0
173 438 0 0
172 438 0 0
171 438 0 0
170 438 0 0
169 438 0 0
168 438 0 0
167 438 0 0
233 437 0 0
232 437 0 0
231 437 0 0
230 437 0 0
229 437 0 0
228 437 0 0
227 437 0 0
226 437 0 0
225 437 0 0
224 437 0 0
223 437 0 0
172 437 0 0
171 437 0 0
170 437 0 0
169 437 0 0
168 437 0 0
167 437 0 0
166 437 0 0
239 436 0 0
238 436 0 0
237 436 0 0
236 436 0 0
235 436 0 0
234 436 0 0
233 436 0 0
232 436 0 0
231 436 0 0
230 436 0 0
229 436 0 0
228 436 0 0
227 436 0 0
226 436 0 0
225 436 0 0
172 436 0 0
171 436 0 0
170 436 0 0
169 436 0 0
168 436 0 0
167 436 0 0
166 436 0 0
240 435 0 0
239 435 0 0
238 435 0 0
237 435 0 0
236 435 0 0
235 435 0 0
234 435 0 0
233 435 0 0
232 435 0 0
231 435 0 0
230 435 0 0
229 435 0 0
228 435 0 0
227 435 0 0
226 435 0 0
171 435 0 0
170 435 0 0
169 435 0 0
168 435 0 0
167 435 0 0
166 435 0 0
165 435 0 0
242 434 0 0
241 434 0 0
240 434 0 0
239 434 0 0
238 434 0 0
237 434 0 0
236 434 0 0
235 434 0 0
234 434 0 0
233 434 0 0
232 434 0 0
231 434 0 0
230 434 0 0
229 434 0 0
228 434 0 0
170 434 0 0
169 434 0 0
168 434 0 0
167 434 0 0
166 434 0 0
165 434 0 0
164 434 0 0
245 433 0 0
244 433 0 0
243 433 0 0
242 433 0 0
241 433 0 0
240 433 0 0
239 433 0 0
238 433 0 0
237 433 0 0
236 433 0 0
235 433 0 0
234 433 0 0
233 433 0 0
232 433 0 0
231 433 0 0
230 433 0 0
169 433 0 0
168 433 0 0
167 433 0 0
166 433 0 0
165 433 0 0
164 433 0 0
163 433 0 0
162 433 0 0
248 432 0 0
247 432 0 0
246 432 0 0
245 432 0 0
244 432 0 0
243 432 0 0
242 432 0 0
241 432 0 0
240 432 0 0
239 432 0 0
238 432 0 0
237 432 0 0
236 432 0 0
235 432 0 0
168 432 0 0
167 432 0 0
166 432 0 0
165 432 0 0
164 432 0 0
163 432 0 0
162 432 0 0
161 432 0 0
252 431 0 0
251 431 0 0
250 431 0 0
249 431 0 0
248 431 0 0
247 431 0 0
246 431 0 0
245 431 0 0
244 431 0 0
243 431 0 0
242 431 0 0
241 431 0 0
240 431 0 0
239 431 0 0
238 431 0 0
167 431 0 0
166 431 0 0
165 431 0 0
164 431 0 0
163 431 0 0
162 431 0 0
161 431 0 0
160 431 0 0
253 430 0 0
252 430 0 0
251 430 0 0
250 430 0 0
249 430 0 0
248 430 0 0
247 430 0 0
246 430 0 0
245 430 0 0
244 430 0 0
243 430 0 0
242 430 0 0
241 430 0 0
240 430 0 0
166 430 0 0
165 430 0 0
164 430 0 0
163 430 0 0
162 430 0 0
161 430 0 0
160 430 0 0
159 430 0 0
255 429 0 0
254 429 0 0
253 429 0 0
252 429 0 0
251 429 0 0
250 429 0 0
249 429 0 0
248 429 0 0
247 429 0 0
246 429 0 0
245 429 0 0
244 429 0 0
243 429 0 0
242 429 0 0
241 429 0 0
165 429 0 0
164 429 0 0
163 429 0 0
162 429 0 0
161 429 0 0
160 429 0 0
159 429 0 0
158 429 0 0
256 428 0 0
255 428 0 0
254 428 0 0
253 428 0 0
252 428 0 0
251 428 0 0
250 428 0 0
249 428 0 0
248 428 0 0
247 428 0 0
246 428 0 0
245 428 0 0
244 428 0 0
164 428 0 0
163 428 0 0
162 428 0 0
161 428 0 0
160 428 0 0
159 428 0 0
158 428 0 0
157 428 0 0
258 427 0 0
257 427 0 0
256 427 0 0
255 427 0 0
254 427 0 0
253 427 0 0
252 427 0 0
251 427 0 0
250 427 0 0
249 427 0 0
248 427 0 0
247 427 0 0
163 427 0 0
162 427 0 0
161 427 0 0
160 427 0 0
159 427 0 0
158 427 0 0
157 427 0 0
156 427 0 0
260 426 0 0
259 426 0 0
258 426 0 0
257 426 0 0
256 426 0 0
255 426 0 0
254 426 0 0
253 426 0 0
252 426 0 0
251 426 0 0
162 426 0 0
161 426 0 0
160 426 0 0
159 426 0 0
158 426 0 0
157 426 0 0
156 426 0 0
155 426 0 0
261 425 0 0
260 425 0 0
259 425 0 0
258 425 0 0
257 425 0 0
256 425 0 0
255 425 0 0
254 425 0 0
253 425 0 0
160 425 0 0
159 425 0 0
158 425 0 0
157 425 0 0
156 425 0 0
155 425 0 0
154 425 0 0
263 424 0 0
262 424 0 0
261 424 0 0
260 424 0 0
259 424 0 0
258 424 0 0
257 424 0 0
256 424 0 0
255 424 0 0
254 424 0 0
159 424 0 0
158 424 0 0
157 424 0 0
156 424 0 0
155 424 0 0
154 424 0 0
153 424 0 0
267 423 0 0
266 423 0 0
265 423 0 0
264 423 0 0
263 423 0 0
262 423 0 0
261 423 0 0
260 423 0 0
259 423 0 0
258 423 0 0
257 423 0 0
256 423 0 0
158 423 0 0
157 423 0 0
156 423 0 0
155 423 0 0
154 423 0 0
153 423 0 0
152 423 0 0
268 422 0 0
267 422 0 0
266 422 0 0
265 422 0 0
264 422 0 0
263 422 0 0
262 422 0 0
261 422 0 0
260 422 0 0
259 422 0 0
258 422 0 0
257 422 0 0
157 422 0 0
156 422 0 0
155 422 0 0
154 422 0 0
153 422 0 0
152 422 0 0
151 422 0 0
270 421 0 0
269 421 0 0
268 421 0 0
267 421 0 0
266 421 0 0
265 421 0 0
264 421 0 0
263 421 0 0
262 421 0 0
261 421 0 0
260 421 0 0
259 421 0 0
156 421 0 0
155 421 0 0
154 421 0 0
153 421 0 0
152 421 0 0
151 421 0 0
150 421 0 0
271 420 0 0
270 420 0 0
269 420 0 0
268 420 0 0
267 420 0 0
266 420 0 0
265 420 0 0
264 420 0 0
263 420 0 0
262 420 0 0
261 420 0 0
260 420 0 0
155 420 0 0
154 420 0 0
153 420 0 0
152 420 0 0
151 420 0 0
150 420 0 0
149 420 0 0
274 419 0 0
273 419 0 0
272 419 0 0
271 419 0 0
270 419 0 0
269 419 0 0
268 419 0 0
267 419 0 0
266 419 0 0
265 419 0 0
264 419 0 0
263 419 0 0
262 419 0 0
154 419 0 0
153 419 0 0
152 419 0 0
151 419 0 0
150 419 0 0
149 419 0 0
148 419 0 0
275 418 0 0
274 418 0 0
273 418 0 0
272 418 0 0
271 418 0 0
270 418 0 0
269 418 0 0
268 418 0 0
267 418 0 0
266 418 0 0
153 418 0 0
152 418 0 0
151 418 0 0
150 418 0 0
149 418 0 0
148 418 0 0
147 418 0 0
276 417 0 0
275 417 0 0
274 417 0 0
273 417 0 0
272 417 0 0
271 417 0 0
270 417 0 0
269 417 0 0
268 417 0 0
267 417 0 0
152 417 0 0
151 417 0 0
150 417 0 0
149 417 0 0
148 417 0 0
147 417 0 0
146 417 0 0
281 416 0 0
280 416 0 0
279 416 0 0
278 416 0 0
277 416 0 0
276 416 0 0
275 416 0 0
274 416 0 0
273 416 0 0
272 416 0 0
271 416 0 0
270 416 0 0
269 416 0 0
151 416 0 0
150 416 0 0
149 416 0 0
148 416 0 0
147 416 0 0
146 416 0 0
145 416 0 0
282 415 0 0
281 415 0 0
280 415 0 0
279 415 0 0
278 415 0 0
277 415 0 0
276 415 0 0
275 415 0 0
274 415 0 0
273 415 0 0
272 415 0 0
271 415 0 0
270 415 0 0
151 415 0 0
150 415 0 0
149 415 0 0
148 415 0 0
147 415 0 0
146 415 0 0
145 415 0 0
283 414 0 0
282 414 0 0
281 414 0 0
280 414 0 0
279 414 0 0
278 414 0 0
277 414 0 0
276 414 0 0
275 414 0 0
274 414 0 0
273 414 0 0
150 414 0 0
149 414 0 0
148 414 0 0
147 414 0 0
146 414 0 0
145 414 0 0
144 414 0 0
284 413 0 0
283 413 0 0
282 413 0 0
281 413 0 0
280 413 0 0
279 413 0 0
278 413 0 0
277 413 0 0
276 413 0 0
275 413 0 0
274 413 0 0
149 413 0 0
148 413 0 0
147 413 0 0
146 413 0 0
145 413 0 0
144 413 0 0
143 413 0 0
142 413 0 0
288 412 0 0
287 412 0 0
286 412 0 0
285 412 0 0
284 412 0 0
283 412 0 0
282 412 0 0
281 412 0 0
280 412 0 0
279 412 0 0
278 412 0 0
277 412 0 0
276 412 0 0
148 412 0 0
147 412 0 0
146 412 0 0
145 412 0 0
144 412 0 0
143 412 0 0
142 412 0 0
141 412 0 0
289 411 0 0
288 411 0 0
287 411 0 0
286 411 0 0
285 411 0 0
284 411 0 0
283 411 0 0
282 411 0 0
281 411 0 0
280 411 0 0
147 411 0 0
146 411 0 0
145 411 0 0
144 411 0 0
143 411 0 0
142 411 0 0
141 411 0 0
140 411 0 0
291 410 0 0
290 410 0 0
289 410 0 0
288 410 0 0
287 410 0 0
286 410 0 0
285 410 0 0
284 410 0 0
283 410 0 0
282 410 0 0
281 410 0 0
146 410 0 0
145 410 0 0
144 410 0 0
143 410 0 0
142 410 0 0
141 410 0 0
140 410 0 0
139 410 0 0
293 409 0 0
292 409 0 0
291 409 0 0
290 409 0 0
289 409 0 0
288 409 0 0
287 409 0 0
286 409 0 0
285 409 0 0
284 409 0 0
283 409 0 0
282 409 0 0
145 409 0 0
144 409 0 0
143 409 0 0
142 409 0 0
141 409 0 0
140 409 0 0
139 409 0 0
138 409 0 0
294 408 0 0
293 408 0 0
292 408 0 0
291 408 0 0
290 408 0 0
289 408 0 0
288 408 0 0
287 408 0 0
286 408 0 0
285 408 0 0
284 408 0 0
283 408 0 0
144 408 0 0
143 408 0 0
142 408 0 0
141 408 0 0
140 408 0 0
139 408 0 0
138 408 0 0
137 408 0 0
295 407 0 0
294 407 0 0
293 407 0 0
292 407 0 0
291 407 0 0
290 407 0 0
289 407 0 0
288 407 0 0
287 407 0 0
143 407 0 0
142 407 0 0
141 407 0 0
140 407 0 0
139 407 0 0
138 407 0 0
137 407 0 0
301 406 0 0
300 406 0 0
299 406 0 0
298 406 0 0
297 406 0 0
296 406 0 0
295 406 0 0
294 406 0 0
293 406 0 0
292 406 0 0
291 406 0 0
290 406 0 0
289 406 0 0
141 406 0 0
140 406 0 0
139 406 0 0
138 406 0 0
137 406 0 0
136 406 0 0
303 405 0 0
302 405 0 0
301 405 0 0
300 405 0 0
299 405 0 0
298 405 0 0
297 405 0 0
296 405 0 0
295 405 0 0
294 405 0 0
293 405 0 0
292 405 0 0
291 405 0 0
290 405 0 0
141 405 0 0
140 405 0 0
139 405 0 0
138 405 0 0
137 405 0 0
136 405 0 0
305 404 0 0
304 404 0 0
303 404 0 0
302 404 0 0
301 404 0 0
300 404 0 0
299 404 0 0
298 404 0 0
297 404 0 0
296 404 0 0
295 404 0 0
294 404 0 0
293 404 0 0
292 404 0 0
140 404 0 0
139 404 0 0
138 404 0 0
137 404 0 0
136 404 0 0
135 404 0 0
308 403 0 0
307 403 0 0
306 403 0 0
305 403 0 0
304 403 0 0
303 403 0 0
302 403 0 0
301 403 0 0
300 403 0 0
299 403 0 0
298 403 0 0
297 403 0 0
296 403 0 0
295 403 0 0
294 403 0 0
293 403 0 0
140 403 0 0
139 403 0 0
138 403 0 0
137 403 0 0
136 403 0 0
135 403 0 0
309 402 0 0
308 402 0 0
307 402 0 0
306 402 0 0
305 402 0 0
304 402 0 0
303 402 0 0
302 402 0 0
301 402 0 0
300 402 0 0
299 402 0 0
139 402 0 0
138 402 0 0
137 402 0 0
136 402 0 0
135 402 0 0
134 402 0 0
311 401 0 0
310 401 0 0
309 401 0 0
308 401 0 0
307 401 0 0
306 401 0 0
305 401 0 0
304 401 0 0
303 401 0 0
302 401 0 0
301 401 0 0
300 401 0 0
139 401 0 0
138 401 0 0
137 401 0 0
136 401 0 0
135 401 0 0
134 401 0 0
312 400 0 0
311 400 0 0
310 400 0 0
309 400 0 0
308 400 0 0
307 400 0 0
306 400 0 0
305 400 0 0
304 400 0 0
303 400 0 0
138 400 0 0
137 400 0 0
136 400 0 0
135 400 0 0
134 400 0 0
133 400 0 0
313 399 0 0
312 399 0 0
311 399 0 0
310 399 0 0
309 399 0 0
308 399 0 0
307 399 0 0
306 399 0 0
305 399 0 0
138 399 0 0
137 399 0 0
136 399 0 0
135 399 0 0
134 399 0 0
133 399 0 0
132 399 0 0
315 398 0 0
314 398 0 0
313 398 0 0
312 398 0 0
311 398 0 0
310 398 0 0
309 398 0 0
308 398 0 0
307 398 0 0
137 398 0 0
136 398 0 0
135 398 0 0
134 398 0 0
133 398 0 0
132 398 0 0
316 397 0 0
315 397 0 0
314 397 0 0
313 397 0 0
312 397 0 0
311 397 0 0
310 397 0 0
309 397 0 0
308 397 0 0
136 397 0 0
135 397 0 0
134 397 0 0
133 397 0 0
132 397 0 0
131 397 0 0
317 396 0 0
316 396 0 0
315 396 0 0
314 396 0 0
313 396 0 0
312 396 0 0
311 396 0 0
310 396 0 0
136 396 0 0
135 396 0 0
134 396 0 0
133 396 0 0
132 396 0 0
131 396 0 0
318 395 0 0
317 395 0 0
316 395 0 0
315 395 0 0
314 395 0 0
313 395 0 0
312 395 0 0
311 395 0 0
135 395 0 0
134 395 0 0
133 395 0 0
132 395 0 0
131 395 0 0
130 395 0 0
319 394 0 0
318 394 0 0
317 394 0 0
316 394 0 0
315 394 0 0
314 394 0 0
313 394 0 0
312 394 0 0
135 394 0 0
134 394 0 0
133 394 0 0
132 394 0 0
131 394 0 0
130 394 0 0
320 393 0 0
319 393 0 0
318 393 0 0
317 393 0 0
316 393 0 0
315 393 0 0
314 393 0 0
134 393 0 0
133 393 0 0
132 393 0 0
131 393 0 0
130 393 0 0
129 393 0 0
321 392 0 0
320 392 0 0
319 392 0 0
318 392 0 0
317 392 0 0
316 392 0 0
315 392 0 0
134 392 0 0
133 392 0 0
132 392 0 0
131 392 0 0
130 392 0 0
129 392 0 0
322 391 0 0
321 391 0 0
320 391 0 0
319 391 0 0
318 391 0 0
317 391 0 0
316 391 0 0
133 391 0 0
132 391 0 0
131 391 0 0
130 391 0 0
129 391 0 0
128 391 0 0
324 390 0 0
323 390 0 0
322 390 0 0
321 390 0 0
320 390 0 0
319 390 0 0
318 390 0 0
317 390 0 0
132 390 0 0
131 390 0 0
130 390 0 0
129 390 0 0
128 390 0 0
127 390 0 0
325 389 0 0
324 389 0 0
323 389 0 0
322 389 0 0
321 389 0 0
320 389 0 0
319 389 0 0
318 389 0 0
132 389 0 0
131 389 0 0
130 389 0 0
129 389 0 0
128 389 0 0
127 389 0 0
326 388 0 0
325 388 0 0
324 388 0 0
323 388 0 0
322 388 0 0
321 388 0 0
320 388 0 0
319 388 0 0
131 388 0 0
130 388 0 0
129 388 0 0
128 388 0 0
127 388 0 0
327 387 0 0
326 387 0 0
325 387 0 0
324 387 0 0
323 387 0 0
322 387 0 0
321 387 0 0
320 387 0 0
131 387 0 0
130 387 0 0
129 387 0 0
128 387 0 0
127 387 0 0
329 386 0 0
328 386 0 0
327 386 0 0
326 386 0 0
325 386 0 0
324 386 0 0
323 386 0 0
322 386 0 0
321 386 0 0
131 386 0 0
130 386 0 0
129 386 0 0
128 386 0 0
127 386 0 0
126 386 0 0
331 385 0 0
330 385 0 0
329 385 0 0
328 385 0 0
327 385 0 0
326 385 0 0
325 385 0 0
324 385 0 0
323 385 0 0
130 385 0 0
129 385 0 0
128 385 0 0
127 385 0 0
126 385 0 0
334 384 0 0
333 384 0 0
332 384 0 0
331 384 0 0
330 384 0 0
329 384 0 0
328 384 0 0
327 384 0 0
326 384 0 0
325 384 0 0
324 384 0 0
130 384 0 0
129 384 0 0
128 384 0 0
127 384 0 0
126 384 0 0
335 383 0 0
334 383 0 0
333 383 0 0
332 383 0 0
331 383 0 0
330 383 0 0
329 383 0 0
328 383 0 0
327 383 0 0
326 383 0 0
325 383 0 0
130 383 0 0
129 383 0 0
128 383 0 0
127 383 0 0
126 383 0 0
125 383 0 0
336 382 0 0
335 382 0 0
334 382 0 0
333 382 0 0
332 382 0 0
331 382 0 0
330 382 0 0
329 382 0 0
328 382 0 0
327 382 0 0
326 382 0 0
130 382 0 0
129 382 0 0
128 382 0 0
127 382 0 0
126 382 0 0
125 382 0 0
337 381 0 0
336 381 0 0
335 381 0 0
334 381 0 0
333 381 0 0
332 381 0 0
331 381 0 0
330 381 0 0
329 381 0 0
328 381 0 0
129 381 0 0
128 381 0 0
127 381 0 0
126 381 0 0
125 381 0 0
339 380 0 0
338 380 0 0
337 380 0 0
336 380 0 0
335 380 0 0
334 380 0 0
333 380 0 0
332 380 0 0
129 380 0 0
128 380 0 0
127 380 0 0
126 380 0 0
125 380 0 0
340 379 0 0
339 379 0 0
338 379 0 0
337 379 0 0
336 379 0 0
335 379 0 0
334 379 0 0
333 379 0 0
129 379 0 0
128 379 0 0
127 379 0 0
126 379 0 0
125 379 0 0
124 379 0 0
343 378 0 0
342 378 0 0
341 378 0 0
340 378 0 0
339 378 0 0
338 378 0 0
337 378 0 0
336 378 0 0
335 378 0 0
334 378 0 0
129 378 0 0
128 378 0 0
127 378 0 0
126 378 0 0
125 378 0 0
124 378 0 0
344 377 0 0
343 377 0 0
342 377 0 0
341 377 0 0
340 377 0 0
339 377 0 0
338 377 0 0
337 377 0 0
336 377 0 0
335 377 0 0
128 377 0 0
127 377 0 0
126 377 0 0
125 377 0 0
124 377 0 0
346 376 0 0
345 376 0 0
344 376 0 0
343 376 0 0
342 376 0 0
341 376 0 0
340 376 0 0
339 376 0 0
338 376 0 0
337 376 0 0
336 376 0 0
128 376 0 0
127 376 0 0
126 376 0 0
125 376 0 0
124 376 0 0
347 375 0 0
346 375 0 0
345 375 0 0
344 375 0 0
343 375 0 0
342 375 0 0
341 375 0 0
340 375 0 0
339 375 0 0
338 375 0 0
128 375 0 0
127 375 0 0
126 375 0 0
125 375 0 0
124 375 0 0
123 375 0 0
347 374 0 0
346 374 0 0
345 374 0 0
344 374 0 0
343 374 0 0
342 374 0 0
341 374 0 0
127 374 0 0
126 374 0 0
125 374 0 0
124 374 0 0
123 374 0 0
347 373 0 0
346 373 0 0
345 373 0 0
344 373 0 0
343 373 0 0
342 373 0 0
127 373 0 0
126 373 0 0
125 373 0 0
124 373 0 0
123 373 0 0
347 372 0 0
346 372 0 0
345 372 0 0
344 372 0 0
343 372 0 0
127 372 0 0
126 372 0 0
125 372 0 0
124 372 0 0
123 372 0 0
122 372 0 0
126 371 0 0
125 371 0 0
124 371 0 0
123 371 0 0
122 371 0 0
126 370 0 0
125 370 0 0
124 370 0 0
123 370 0 0
122 370 0 0
126 369 0 0
125 369 0 0
124 369 0 0
123 369 0 0
122 369 0 0
121 369 0 0
126 368 0 0
125 368 0 0
124 368 0 0
123 368 0 0
122 368 0 0
121 368 0 0
125 367 0 0
124 367 0 0
123 367 0 0
122 367 0 0
121 367 0 0
120 367 0 0
125 366 0 0
124 366 0 0
123 366 0 0
122 366 0 0
121 366 0 0
120 366 0 0
124 365 0 0
123 365 0 0
122 365 0 0
121 365 0 0
120 365 0 0
124 364 0 0
123 364 0 0
122 364 0 0
121 364 0 0
120 364 0 0
119 364 0 0
123 363 0 0
122 363 0 0
121 363 0 0
120 363 0 0
119 363 0 0
123 362 0 0
122 362 0 0
121 362 0 0
120 362 0 0
119 362 0 0
118 362 0 0
122 361 0 0
121 361 0 0
120 361 0 0
119 361 0 0
118 361 0 0
122 360 0 0
121 360 0 0
120 360 0 0
119 360 0 0
118 360 0 0
117 360 0 0
122 359 0 0
121 359 0 0
120 359 0 0
119 359 0 0
118 359 0 0
117 359 0 0
121 358 0 0
120 358 0 0
119 358 0 0
118 358 0 0
117 358 0 0
116 358 0 0
121 357 0 0
120 357 0 0
119 357 0 0
118 357 0 0
117 357 0 0
116 357 0 0
120 356 0 0
119 356 0 0
118 356 0 0
117 356 0 0
116 356 0 0
115 356 0 0
120 355 0 0
119 355 0 0
118 355 0 0
117 355 0 0
116 355 0 0
115 355 0 0
114 355 0 0
119 354 0 0
118 354 0 0
117 354 0 0
116 354 0 0
115 354 0 0
114 354 0 0
118 353 0 0
117 353 0 0
116 353 0 0
115 353 0 0
114 353 0 0
113 353 0 0
118 352 0 0
117 352 0 0
116 352 0 0
115 352 0 0
114 352 0 0
113 352 0 0
112 352 0 0
117 351 0 0
116 351 0 0
115 351 0 0
114 351 0 0
113 351 0 0
112 351 0 0
116 350 0 0
115 350 0 0
114 350 0 0
113 350 0 0
112 350 0 0
111 350 0 0
116 349 0 0
115 349 0 0
114 349 0 0
113 349 0 0
112 349 0 0
111 349 0 0
115 348 0 0
114 348 0 0
113 348 0 0
112 348 0 0
111 348 0 0
115 347 0 0
114 347 0 0
113 347 0 0
112 347 0 0
111 347 0 0
110 347 0 0
114 346 0 0
113 346 0 0
112 346 0 0
111 346 0 0
110 346 0 0
114 345 0 0
113 345 0 0
112 345 0 0
111 345 0 0
110 345 0 0
114 344 0 0
113 344 0 0
112 344 0 0
111 344 0 0
110 344 0 0
109 344 0 0
113 343 0 0
112 343 0 0
111 343 0 0
110 343 0 0
109 343 0 0
113 342 0 0
112 342 0 0
111 342 0 0
110 342 0 0
109 342 0 0
113 341 0 0
112 341 0 0
111 341 0 0
110 341 0 0
109 341 0 0
108 341 0 0
112 340 0 0
111 340 0 0
110 340 0 0
109 340 0 0
108 340 0 0
112 339 0 0
111 339 0 0
110 339 0 0
109 339 0 0
108 339 0 0
107 339 0 0
112 338 0 0
111 338 0 0
110 338 0 0
109 338 0 0
108 338 0 0
107 338 0 0
111 337 0 0
110 337 0 0
109 337 0 0
108 337 0 0
107 337 0 0
106 337 0 0
111 336 0 0
110 336 0 0
109 336 0 0
108 336 0 0
107 336 0 0
106 336 0 0
110 335 0 0
109 335 0 0
108 335 0 0
107 335 0 0
106 335 0 0
105 335 0 0
109 334 0 0
108 334 0 0
107 334 0 0
106 334 0 0
105 334 0 0
104 334 0 0
109 333 0 0
108 333 0 0
107 333 0 0
106 333 0 0
105 333 0 0
104 333 0 0
108 332 0 0
107 332 0 0
106 332 0 0
105 332 0 0
104 332 0 0
103 332 0 0
108 331 0 0
107 331 0 0
106 331 0 0
105 331 0 0
104 331 0 0
103 331 0 0
107 330 0 0
106 330 0 0
105 330 0 0
104 330 0 0
103 330 0 0
102 330 0 0
106 329 0 0
105 329 0 0
104 329 0 0
103 329 0 0
102 329 0 0
101 329 0 0
106 328 0 0
105 328 0 0
104 328 0 0
103 328 0 0
102 328 0 0
101 328 0 0
105 327 0 0
104 327 0 0
103 327 0 0
102 327 0 0
101 327 0 0
100 327 0 0
105 326 0 0
104 326 0 0
103 326 0 0
102 326 0 0
101 326 0 0
100 326 0 0
104 325 0 0
103 325 0 0
102 325 0 0
101 325 0 0
100 325 0 0
104 324 0 0
103 324 0 0
102 324 0 0
101 324 0 0
100 324 0 0
99 324 0 0
103 323 0 0
102 323 0 0
101 323 0 0
100 323 0 0
99 323 0 0
103 322 0 0
102 322 0 0
101 322 0 0
100 322 0 0
99 322 0 0
98 322 0 0
103 321 0 0
102 321 0 0
101 321 0 0
100 321 0 0
99 321 0 0
98 321 0 0
102 320 0 0
101 320 0 0
100 320 0 0
99 320 0 0
98 320 0 0
102 319 0 0
101 319 0 0
100 319 0 0
99 319 0 0
98 319 0 0
97 319 0 0
101 318 0 0
100 318 0 0
99 318 0 0
98 318 0 0
97 318 0 0
101 317 0 0
100 317 0 0
99 317 0 0
98 317 0 0
97 317 0 0
101 316 0 0
100 316 0 0
99 316 0 0
98 316 0 0
97 316 0 0
100 315 0 0
99 315 0 0
98 315 0 0
97 315 0 0
100 314 0 0
99 314 0 0
98 314 0 0
97 314 0 0
100 313 0 0
99 313 0 0
98 313 0 0
97 313 0 0
100 312 0 0
99 312 0 0
98 312 0 0
97 312 0 0
100 311 0 0
99 311 0 0
98 311 0 0
97 311 0 0
100 310 0 0
99 310 0 0
98 310 0 0
97 310 0 0
100 309 0 0
99 309 0 0
98 309 0 0
97 309 0 0
572 242 0 1
571 242 0 1
570 242 0 1
569 242 0 1
568 242 0 1
567 242 0 1
566 242 0 1
565 242 0 1
564 242 0 1
563 242 0 1
562 242 0 1
561 242 0 1
560 242 0 1
559 242 0 1
558 242 0 1
557 242 0 1
556 242 0 1
555 242 0 1
554 242 0 1
553 242 0 1
552 242 0 1
551 242 0 1
550 242 0 1
549 242 0 1
548 242 0 1
547 242 0 1
546 242 0 1
545 242 0 1
544 242 0 1
543 242 0 1
542 242 0 1
541 242 0 1
540 242 0 1
539 242 0 1
538 242 0 1
537 242 0 1
536 242 0 1
535 242 0 1
534 242 0 1
533 242 0 1
532 242 0 1
531 242 0 1
530 242 0 1
529 242 0 1
528 242 0 1
527 242 0 1
526 242 0 1
525 242 0 1
524 242 0 1
523 242 0 1
522 242 0 1
521 242 0 1
520 242 0 1
519 242 0 1
518 242 0 1
517 242 0 1
516 242 0 1
515 242 0 1
514 242 0 1
513 242 0 1
512 242 0 1
511 242 0 1
510 242 0 1
509 242 0 1
508 242 0 1
507 242 0 1
506 242 0 1
505 242 0 1
504 242 0 1
503 242 0 1
502 242 0 1
572 241 0 1
571 241 0 1
570 241 0 1
569 241 0 1
568 241 0 1
567 241 0 1
566 241 0 1
565 241 0 1
564 241 0 1
563 241 0 1
562 241 0 1
561 241 0 1
560 241 0 1
559 241 0 1
558 241 0 1
557 241 0 1
556 241 0 1
555 241 0 1
554 241 0 1
553 241 0 1
552 241 0 1
551 241 0 1
550 241 0 1
549 241 0 1
548 241 0 1
547 241 0 1
546 241 0 1
545 241 0 1
544 241 0 1
543 241 0 1
542 241 0 1
541 241 0 1
540 241 0 1
539 241 0 1
538 241 0 1
537 241 0 1
536 241 0 1
535 241 0 1
534 241 0 1
533 241 0 1
532 241 0 1
531 241 0 1
530 241 0 1
529 241 0 1
528 241 0 1
527 241 0 1
526 241 0 1
525 241 0 1
524 241 0 1
523 241 0 1
522 241 0 1
521 241 0 1
520 241 0 1
519 241 0 1
518 241 0 1
517 241 0 1
516 241 0 1
515 241 0 1
514 241 0 1
513 241 0 1
512 241 0 1
511 241 0 1
510 241 0 1
509 241 0 1
508 241 0 1
507 241 0 1
506 241 0 1
505 241 0 1
504 241 0 1
503 241 0 1
502 241 0 1
501 241 0 1
500 241 0 1
499 241 0 1
498 241 0 1
497 241 0 1
496 241 0 1
495 241 0 1
494 241 0 1
493 241 0 1
492 241 0 1
491 241 0 1
490 241 0 1
489 241 0 1
488 241 0 1
487 241 0 1
486 241 0 1
485 241 0 1
484 241 0 1
483 241 0 1
572 240 0 1
571 240 0 1
570 240 0 1
569 240 0 1
568 240 0 1
567 240 0 1
566 240 0 1
565 240 0 1
564 240 0 1
563 240 0 1
562 240 0 1
561 240 0 1
560 240 0 1
559 240 0 1
558 240 0 1
557 240 0 1
556 240 0 1
555 240 0 1
554 240 0 1
553 240 0 1
552 240 0 1
551 240 0 1
550 240 0 1
549 240 0 1
548 240 0 1
547 240 0 1
546 240 0 1
545 240 0 1
544 240 0 1
543 240 0 1
542 240 0 1
541 240 0 1
540 240 0 1
539 240 0 1
538 240 0 1
537 240 0 1
536 240 0 1
535 240 0 1
534 240 0 1
533 240 0 1
532 240 0 1
531 240 0 1
530 240 0 1
529 240 0 1
528 240 0 1
527 240 0 1
526 240 0 1
525 240 0 1
524 240 0 1
523 240 0 1
522 240 0 1
521 240 0 1
520 240 0 1
519 240 0 1
518 240 0 1
517 240 0 1
516 240 0 1
515 240 0 1
514 240 0 1
513 240 0 1
512 240 0 1
511 240 0 1
510 240 0 1
509 240 0 1
508 240 0 1
507 240 0 1
506 240 0 1
505 240 0 1
504 240 0 1
503 240 0 1
502 240 0 1
501 240 0 1
500 240 0 1
499 240 0 1
498 240 0 1
497 240 0 1
496 240 0 1
495 240 0 1
494 240 0 1
493 240 0 1
492 240 0 1
491 240 0 1
490 240 0 1
489 240 0 1
488 240 0 1
487 240 0 1
486 240 0 1
485 240 0 1
484 240 0 1
483 240 0 1
482 240 0 1
481 240 0 1
480 240 0 1
479 240 0 1
478 240 0 1
477 240 0 1
476 240 0 1
475 240 0 1
474 240 0 1
473 240 0 1
472 240 0 1
471 240 0 1
470 240 0 1
469 240 0 1
468 240 0 1
467 240 0 1
466 240 0 1
465 240 0 1
464 240 0 1
572 239 0 1
571 239 0 1
570 239 0 1
569 239 0 1
568 239 0 1
567 239 0 1
566 239 0 1
565 239 0 1
564 239 0 1
563 239 0 1
562 239 0 1
561 239 0 1
560 239 0 1
559 239 0 1
558 239 0 1
557 239 0 1
556 239 0 1
555 239 0 1
554 239 0 1
553 239 0 1
552 239 0 1
551 239 0 1
550 239 0 1
549 239 0 1
548 239 0 1
547 239 0 1
546 239 0 1
545 239 0 1
544 239 0 1
543 239 0 1
542 239 0 1
541 239 0 1
540 239 0 1
539 239 0 1
538 239 0 1
537 239 0 1
536 239 0 1
535 239 0 1
534 239 0 1
533 239 0 1
532 239 0 1
531 239 0 1
530 239 0 1
529 239 0 1
528 239 0 1
527 239 0 1
526 239 0 1
525 239 0 1
524 239 0 1
523 239 0 1
522 239 0 1
521 239 0 1
520 239 0 1
519 239 0 1
518 239 0 1
517 239 0 1
516 239 0 1
515 239 0 1
514 239 0 1
513 239 0 1
512 239 0 1
511 239 0 1
510 239 0 1
509 239 0 1
508 239 0 1
507 239 0 1
506 239 0 1
505 239 0 1
504 239 0 1
503 239 0 1
502 239 0 1
501 239 0 1
500 239 0 1
499 239 0 1
498 239 0 1
497 239 0 1
496 239 0 1
495 239 0 1
494 239 0 1
493 239 0 1
492 239 0 1
491 239 0 1
490 239 0 1
489 239 0 1
488 239 0 1
487 239 0 1
486 239 0 1
485 239 0 1
484 239 0 1
483 239 0 1
482 239 0 1
481 239 0 1
480 239 0 1
479 239 0 1
478 239 0 1
477 239 0 1
476 239 0 1
475 239 0 1
474 239 0 1
473 239 0 1
472 239 0 1
471 239 0 1
470 239 0 1
469 239 0 1
468 239 0 1
467 239 0 1
466 239 0 1
465 239 0 1
464 239 0 1
463 239 0 1
462 239 0 1
461 239 0 1
460 239 0 1
459 239 0 1
458 239 0 1
457 239 0 1
456 239 0 1
455 239 0 1
454 239 0 1
453 239 0 1
521 238 0 1
520 238 0 1
519 238 0 1
518 238 0 1
517 238 0 1
516 238 0 1
515 238 0 1
514 238 0 1
513 238 0 1
512 238 0 1
511 238 0 1
510 238 0 1
509 238 0 1
508 238 0 1
507 238 0 1
506 238 0 1
505 238 0 1
504 238 0 1
503 238 0 1
502 238 0 1
501 238 0 1
500 238 0 1
499 238 0 1
498 238 0 1
497 238 0 1
496 238 0 1
495 238 0 1
494 238 0 1
493 238 0 1
492 238 0 1
491 238 0 1
490 238 0 1
489 238 0 1
488 238 0 1
487 238 0 1
486 238 0 1
485 238 0 1
484 238 0 1
483 238 0 1
482 238 0 1
481 238 0 1
480 238 0 1
479 238 0 1
478 238 0 1
477 238 0 1
476 238 0 1
475 238 0 1
474 238 0 1
473 238 0 1
472 238 0 1
471 238 0 1
470 238 0 1
469 238 0 1
468 238 0 1
467 238 0 1
466 238 0 1
465 238 0 1
464 238 0 1
463 238 0 1
462 238 0 1
461 238 0 1
460 238 0 1
459 238 0 1
458 238 0 1
457 238 0 1
456 238 0 1
455 238 0 1
454 238 0 1
453 238 0 1
452 238 0 1
451 238 0 1
450 238 0 1
449 238 0 1
448 238 0 1
447 238 0 1
446 238 0 1
445 238 0 1
444 238 0 1
443 238 0 1
442 238 0 1
502 237 0 1
501 237 0 1
500 237 0 1
499 237 0 1
498 237 0 1
497 237 0 1
496 237 0 1
495 237 0 1
494 237 0 1
493 237 0 1
492 237 0 1
491 237 0 1
490 237 0 1
489 237 0 1
488 237 0 1
487 237 0 1
486 237 0 1
485 237 0 1
484 237 0 1
483 237 0 1
482 237 0 1
481 237 0 1
480 237 0 1
479 237 0 1
478 237 0 1
477 237 0 1
476 237 0 1
475 237 0 1
474 237 0 1
473 237 0 1
472 237 0 1
471 237 0 1
470 237 0 1
469 237 0 1
468 237 0 1
467 237 0 1
466 237 0 1
465 237 0 1
464 237 0 1
463 237 0 1
462 237 0 1
461 237 0 1
460 237 0 1
459 237 0 1
458 237 0 1
457 237 0 1
456 237 0 1
455 237 0 1
454 237 0 1
453 237 0 1
452 237 0 1
451 237 0 1
450 237 0 1
449 237 0 1
448 237 0 1
447 237 0 1
446 237 0 1
445 237 0 1
444 237 0 1
443 237 0 1
442 237 0 1
441 237 0 1
440 237 0 1
439 237 0 1
438 237 0 1
437 237 0 1
436 237 0 1
435 237 0 1
434 237 0 1
433 237 0 1
432 237 0 1
482 236 0 1
481 236 0 1
480 236 0 1
479 236 0 1
478 236 0 1
477 236 0 1
476 236 0 1
475 236 0 1
474 236 0 1
473 236 0 1
472 236 0 1
471 236 0 1
470 236 0 1
469 236 0 1
468 236 0 1
467 236 0 1
466 236 0 1
465 236 0 1
464 236 0 1
463 236 0 1
462 236 0 1
461 236 0 1
460 236 0 1
459 236 0 1
458 236 0 1
457 236 0 1
456 236 0 1
455 236 0 1
454 236 0 1
453 236 0 1
452 236 0 1
451 236 0 1
450 236 0 1
449 236 0 1
448 236 0 1
447 236 0 1
446 236 0 1
445 236 0 1
444 236 0 1
443 236 0 1
442 236 0 1
441 236 0 1
440 236 0 1
439 236 0 1
438 236 0 1
437 236 0 1
436 236 0 1
435 236 0 1
434 236 0 1
433 236 0 1
432 236 0 1
431 236 0 1
430 236 0 1
429 236 0 1
428 236 0 1
427 236 0 1
426 236 0 1
425 236 0 1
424 236 0 1
423 236 0 1
422 236 0 1
421 236 0 1
463 235 0 1
462 235 0 1
461 235 0 1
460 235 0 1
459 235 0 1
458 235 0 1
457 235 0 1
456 235 0 1
455 235 0 1
454 235 0 1
453 235 0 1
452 235 0 1
451 235 0 1
450 235 0 1
449 235 0 1
448 235 0 1
447 235 0 1
446 235 0 1
445 235 0 1
444 235 0 1
443 235 0 1
442 235 0 1
441 235 0 1
440 235 0 1
439 235 0 1
438 235 0 1
437 235 0 1
436 235 0 1
435 235 0 1
434 235 0 1
433 235 0 1
432 235 0 1
431 235 0 1
430 235 0 1
429 235 0 1
428 235 0 1
427 235 0 1
426 235 0 1
425 235 0 1
424 235 0 1
423 235 0 1
422 235 0 1
421 235 0 1
420 235 0 1
419 235 0 1
418 235 0 1
417 235 0 1
416 235 0 1
415 235 0 1
414 235 0 1
413 235 0 1
412 235 0 1
411 235 0 1
410 235 0 1
453 234 0 1
452 234 0 1
451 234 0 1
450 234 0 1
449 234 0 1
448 234 0 1
447 234 0 1
446 234 0 1
445 234 0 1
444 234 0 1
443 234 0 1
442 234 0 1
441 234 0 1
440 234 0 1
439 234 0 1
438 234 0 1
437 234 0 1
436 234 0 1
435 234 0 1
434 234 0 1
433 234 0 1
432 234 0 1
431 234 0 1
430 234 0 1
429 234 0 1
428 234 0 1
427 234 0 1
426 234 0 1
425 234 0 1
424 234 0 1
423 234 0 1
422 234 0 1
421 234 0 1
420 234 0 1
419 234 0 1
418 234 0 1
417 234 0 1
416 234 0 1
415 234 0 1
414 234 0 1
413 234 0 1
412 234 0 1
411 234 0 1
410 234 0 1
409 234 0 1
408 234 0 1
407 234 0 1
406 234 0 1
405 234 0 1
404 234 0 1
403 234 0 1
402 234 0 1
401 234 0 1
400 234 0 1
442 233 0 1
441 233 0 1
440 233 0 1
439 233 0 1
438 233 0 1
437 233 0 1
436 233 0 1
435 233 0 1
434 233 0 1
433 233 0 1
432 233 0 1
431 233 0 1
430 233 0 1
429 233 0 1
428 233 0 1
427 233 0 1
426 233 0 1
425 233 0 1
424 233 0 1
423 233 0 1
422 233 0 1
421 233 0 1
420 233 0 1
419 233 0 1
418 233 0 1
417 233 0 1
416 233 0 1
415 233 0 1
414 233 0 1
413 233 0 1
412 233 0 1
411 233 0 1
410 233 0 1
409 233 0 1
408 233 0 1
407 233 0 1
406 233 0 1
405 233 0 1
404 233 0 1
403 233 0 1
402 233 0 1
401 233 0 1
400 233 0 1
399 233 0 1
398 233 0 1
397 233 0 1
396 233 0 1
395 233 0 1
394 233 0 1
393 233 0 1
431 232 0 1
430 232 0 1
429 232 0 1
428 232 0 1
427 232 0 1
426 232 0 1
425 232 0 1
424 232 0 1
423 232 0 1
422 232 0 1
421 232 0 1
420 232 0 1
419 232 0 1
418 232 0 1
417 232 0 1
416 232 0 1
415 232 0 1
414 232 0 1
413 232 0 1
412 232 0 1
411 232 0 1
410 232 0 1
409 232 0 1
408 232 0 1
407 232 0 1
406 232 0 1
405 232 0 1
404 232 0 1
403 232 0 1
402 232 0 1
401 232 0 1
400 232 0 1
399 232 0 1
398 232 0 1
397 232 0 1
396 232 0 1
395 232 0 1
394 232 0 1
393 232 0 1
392 232 0 1
391 232 0 1
390 232 0 1
389 232 0 1
388 232 0 1
387 232 0 1
386 232 0 1
421 231 0 1
420 231 0 1
419 231 0 1
418 231 0 1
417 231 0 1
416 231 0 1
415 231 0 1
414 231 0 1
413 231 0 1
412 231 0 1
411 231 0 1
410 231 0 1
409 231 0 1
408 231 0 1
407 231 0 1
406 231 0 1
405 231 0 1
404 231 0 1
403 231 0 1
402 231 0 1
401 231 0 1
400 231 0 1
399 231 0 1
398 231 0 1
397 231 0 1
396 231 0 1
395 231 0 1
394 231 0 1
393 231 0 1
392 231 0 1
391 231 0 1
390 231 0 1
389 231 0 1
388 231 0 1
387 231 0 1
386 231 0 1
385 231 0 1
384 231 0 1
383 231 0 1
382 231 0 1
381 231 0 1
380 231 0 1
379 231 0 1
410 230 0 1
409 230 0 1
408 230 0 1
407 230 0 1
406 230 0 1
405 230 0 1
404 230 0 1
403 230 0 1
402 230 0 1
401 230 0 1
400 230 0 1
399 230 0 1
398 230 0 1
397 230 0 1
396 230 0 1
395 230 0 1
394 230 0 1
393 230 0 1
392 230 0 1
391 230 0 1
390 230 0 1
389 230 0 1
388 230 0 1
387 230 0 1
386 230 0 1
385 230 0 1
384 230 0 1
383 230 0 1
382 230 0 1
381 230 0 1
380 230 0 1
379 230 0 1
378 230 0 1
377 230 0 1
376 230 0 1
375 230 0 1
374 230 0 1
373 230 0 1
372 230 0 1
399 229 0 1
398 229 0 1
397 229 0 1
396 229 0 1
395 229 0 1
394 229 0 1
393 229 0 1
392 229 0 1
391 229 0 1
390 229 0 1
389 229 0 1
388 229 0 1
387 229 0 1
386 229 0 1
385 229 0 1
384 229 0 1
383 229 0 1
382 229 0 1
381 229 0 1
380 229 0 1
379 229 0 1
378 229 0 1
377 229 0 1
376 229 0 1
375 229 0 1
374 229 0 1
373 229 0 1
372 229 0 1
371 229 0 1
370 229 0 1
369 229 0 1
368 229 0 1
367 229 0 1
366 229 0 1
393 228 0 1
392 228 0 1
391 228 0 1
390 228 0 1
389 228 0 1
388 228 0 1
387 228 0 1
386 228 0 1
385 228 0 1
384 228 0 1
383 228 0 1
382 228 0 1
381 228 0 1
380 228 0 1
379 228 0 1
378 228 0 1
377 228 0 1
376 228 0 1
375 228 0 1
374 228 0 1
373 228 0 1
372 228 0 1
371 228 0 1
370 228 0 1
369 228 0 1
368 228 0 1
367 228 0 1
366 228 0 1
365 228 0 1
364 228 0 1
363 228 0 1
362 228 0 1
361 228 0 1
360 228 0 1
359 228 0 1
386 227 0 1
385 227 0 1
384 227 0 1
383 227 0 1
382 227 0 1
381 227 0 1
380 227 0 1
379 227 0 1
378 227 0 1
377 227 0 1
376 227 0 1
375 227 0 1
374 227 0 1
373 227 0 1
372 227 0 1
371 227 0 1
370 227 0 1
369 227 0 1
368 227 0 1
367 227 0 1
366 227 0 1
365 227 0 1
364 227 0 1
363 227 0 1
362 227 0 1
361 227 0 1
360 227 0 1
359 227 0 1
358 227 0 1
357 227 0 1
356 227 0 1
355 227 0 1
354 227 0 1
353 227 0 1
379 226 0 1
378 226 0 1
377 226 0 1
376 226 0 1
375 226 0 1
374 226 0 1
373 226 0 1
372 226 0 1
371 226 0 1
370 226 0 1
369 226 0 1
368 226 0 1
367 226 0 1
366 226 0 1
365 226 0 1
364 226 0 1
363 226 0 1
362 226 0 1
361 226 0 1
360 226 0 1
359 226 0 1
358 226 0 1
357 226 0 1
356 226 0 1
355 226 0 1
354 226 0 1
353 226 0 1
352 226 0 1
351 226 0 1
350 226 0 1
349 226 0 1
348 226 0 1
347 226 0 1
372 225 0 1
371 225 0 1
370 225 0 1
369 225 0 1
368 225 0 1
367 225 0 1
366 225 0 1
365 225 0 1
364 225 0 1
363 225 0 1
362 225 0 1
361 225 0 1
360 225 0 1
359 225 0 1
358 225 0 1
357 225 0 1
356 225 0 1
355 225 0 1
354 225 0 1
353 225 0 1
352 225 0 1
351 225 0 1
350 225 0 1
349 225 0 1
348 225 0 1
347 225 0 1
346 225 0 1
345 225 0 1
344 225 0 1
343 225 0 1
342 225 0 1
341 225 0 1
365 224 0 1
364 224 0 1
363 224 0 1
362 224 0 1
361 224 0 1
360 224 0 1
359 224 0 1
358 224 0 1
357 224 0 1
356 224 0 1
355 224 0 1
354 224 0 1
353 224 0 1
352 224 0 1
351 224 0 1
350 224 0 1
349 224 0 1
348 224 0 1
347 224 0 1
346 224 0 1
345 224 0 1
344 224 0 1
343 224 0 1
342 224 0 1
341 224 0 1
340 224 0 1
339 224 0 1
338 224 0 1
337 224 0 1
359 223 0 1
358 223 0 1
357 223 0 1
356 223 0 1
355 223 0 1
354 223 0 1
353 223 0 1
352 223 0 1
351 223 0 1
350 223 0 1
349 223 0 1
348 223 0 1
347 223 0 1
346 223 0 1
345 223 0 1
344 223 0 1
343 223 0 1
342 223 0 1
341 223 0 1
340 223 0 1
339 223 0 1
338 223 0 1
337 223 0 1
336 223 0 1
335 223 0 1
334 223 0 1
333 223 0 1
353 222 0 1
352 222 0 1
351 222 0 1
350 222 0 1
349 222 0 1
348 222 0 1
347 222 0 1
346 222 0 1
345 222 0 1
344 222 0 1
343 222 0 1
342 222 0 1
341 222 0 1
340 222 0 1
339 222 0 1
338 222 0 1
337 222 0 1
336 222 0 1
335 222 0 1
334 222 0 1
333 222 0 1
332 222 0 1
331 222 0 1
330 222 0 1
329 222 0 1
347 221 0 1
346 221 0 1
345 221 0 1
344 221 0 1
343 221 0 1
342 221 0 1
341 221 0 1
340 221 0 1
339 221 0 1
338 221 0 1
337 221 0 1
336 221 0 1
335 221 0 1
334 221 0 1
333 221 0 1
332 221 0 1
331 221 0 1
330 221 0 1
329 221 0 1
328 221 0 1
327 221 0 1
326 221 0 1
325 221 0 1
341 220 0 1
340 220 0 1
339 220 0 1
338 220 0 1
337 220 0 1
336 220 0 1
335 220 0 1
334 220 0 1
333 220 0 1
332 220 0 1
331 220 0 1
330 220 0 1
329 220 0 1
328 220 0 1
327 220 0 1
326 220 0 1
325 220 0 1
324 220 0 1
323 220 0 1
322 220 0 1
321 220 0 1
337 219 0 1
336 219 0 1
335 219 0 1
334 219 0 1
333 219 0 1
332 219 0 1
331 219 0 1
330 219 0 1
329 219 0 1
328 219 0 1
327 219 0 1
326 219 0 1
325 219 0 1
324 219 0 1
323 219 0 1
322 219 0 1
321 219 0 1
320 219 0 1
319 219 0 1
318 219 0 1
317 219 0 1
316 219 0 1
333 218 0 1
332 218 0 1
331 218 0 1
330 218 0 1
329 218 0 1
328 218 0 1
327 218 0 1
326 218 0 1
325 218 0 1
324 218 0 1
323 218 0 1
322 218 0 1
321 218 0 1
320 218 0 1
319 218 0 1
318 218 0 1
317 218 0 1
316 218 0 1
315 218 0 1
314 218 0 1
313 218 0 1
312 218 0 1
311 218 0 1
329 217 0 1
328 217 0 1
327 217 0 1
326 217 0 1
325 217 0 1
324 217 0 1
323 217 0 1
322 217 0 1
321 217 0 1
320 217 0 1
319 217 0 1
318 217 0 1
317 217 0 1
316 217 0 1
315 217 0 1
314 217 0 1
313 217 0 1
312 217 0 1
311 217 0 1
310 217 0 1
309 217 0 1
325 216 0 1
324 216 0 1
323 216 0 1
322 216 0 1
321 216 0 1
320 216 0 1
319 216 0 1
318 216 0 1
317 216 0 1
316 216 0 1
315 216 0 1
314 216 0 1
313 216 0 1
312 216 0 1
311 216 0 1
310 216 0 1
309 216 0 1
308 216 0 1
307 216 0 1
306 216 0 1
305 216 0 1
304 216 0 1
322 215 0 1
321 215 0 1
320 215 0 1
319 215 0 1
318 215 0 1
317 215 0 1
316 215 0 1
315 215 0 1
314 215 0 1
313 215 0 1
312 215 0 1
311 215 0 1
310 215 0 1
309 215 0 1
308 215 0 1
307 215 0 1
306 215 0 1
305 215 0 1
304 215 0 1
303 215 0 1
302 215 0 1
301 215 0 1
300 215 0 1
299 215 0 1
316 214 0 1
315 214 0 1
314 214 0 1
313 214 0 1
312 214 0 1
311 214 0 1
310 214 0 1
309 214 0 1
308 214 0 1
307 214 0 1
306 214 0 1
305 214 0 1
304 214 0 1
303 214 0 1
302 214 0 1
301 214 0 1
300 214 0 1
299 214 0 1
298 214 0 1
297 214 0 1
296 214 0 1
295 214 0 1
294 214 0 1
293 214 0 1
312 213 0 1
311 213 0 1
310 213 0 1
309 213 0 1
308 213 0 1
307 213 0 1
306 213 0 1
305 213 0 1
304 213 0 1
303 213 0 1
302 213 0 1
301 213 0 1
300 213 0 1
299 213 0 1
298 213 0 1
297 213 0 1
296 213 0 1
295 213 0 1
294 213 0 1
293 213 0 1
292 213 0 1
291 213 0 1
290 213 0 1
309 212 0 1
308 212 0 1
307 212 0 1
306 212 0 1
305 212 0 1
304 212 0 1
303 212 0 1
302 212 0 1
301 212 0 1
300 212 0 1
299 212 0 1
298 212 0 1
297 212 0 1
296 212 0 1
295 212 0 1
294 212 0 1
293 212 0 1
292 212 0 1
291 212 0 1
290 212 0 1
289 212 0 1
288 212 0 1
287 212 0 1
304 211 0 1
303 211 0 1
302 211 0 1
301 211 0 1
300 211 0 1
299 211 0 1
298 211 0 1
297 211 0 1
296 211 0 1
295 211 0 1
294 211 0 1
293 211 0 1
292 211 0 1
291 211 0 1
290 211 0 1
289 211 0 1
288 211 0 1
287 211 0 1
286 211 0 1
285 211 0 1
284 211 0 1
299 210 0 1
298 210 0 1
297 210 0 1
296 210 0 1
295 210 0 1
294 210 0 1
293 210 0 1
292 210 0 1
291 210 0 1
290 210 0 1
289 210 0 1
288 210 0 1
287 210 0 1
286 210 0 1
285 210 0 1
284 210 0 1
283 210 0 1
282 210 0 1
281 210 0 1
294 209 0 1
293 209 0 1
292 209 0 1
291 209 0 1
290 209 0 1
289 209 0 1
288 209 0 1
287 209 0 1
286 209 0 1
285 209 0 1
284 209 0 1
283 209 0 1
282 209 0 1
281 209 0 1
280 209 0 1
279 209 0 1
278 209 0 1
277 209 0 1
291 208 0 1
290 208 0 1
289 208 0 1
288 208 0 1
287 208 0 1
286 208 0 1
285 208 0 1
284 208 0 1
283 208 0 1
282 208 0 1
281 208 0 1
280 208 0 1
279 208 0 1
278 208 0 1
277 208 0 1
276 208 0 1
275 208 0 1
274 208 0 1
273 208 0 1
288 207 0 1
287 207 0 1
286 207 0 1
285 207 0 1
284 207 0 1
283 207 0 1
282 207 0 1
281 207 0 1
280 207 0 1
279 207 0 1
278 207 0 1
277 207 0 1
276 207 0 1
275 207 0 1
274 207 0 1
273 207 0 1
272 207 0 1
271 207 0 1
270 207 0 1
269 207 0 1
268 207 0 1
285 206 0 1
284 206 0 1
283 206 0 1
282 206 0 1
281 206 0 1
280 206 0 1
279 206 0 1
278 206 0 1
277 206 0 1
276 206 0 1
275 206 0 1
274 206 0 1
273 206 0 1
272 206 0 1
271 206 0 1
270 206 0 1
269 206 0 1
268 206 0 1
267 206 0 1
266 206 0 1
265 206 0 1
264 206 0 1
282 205 0 1
281 205 0 1
280 205 0 1
279 205 0 1
278 205 0 1
277 205 0 1
276 205 0 1
275 205 0 1
274 205 0 1
273 205 0 1
272 205 0 1
271 205 0 1
270 205 0 1
269 205 0 1
268 205 0 1
267 205 0 1
266 205 0 1
265 205 0 1
264 205 0 1
263 205 0 1
262 205 0 1
261 205 0 1
260 205 0 1
259 205 0 1
277 204 0 1
276 204 0 1
275 204 0 1
274 204 0 1
273 204 0 1
272 204 0 1
271 204 0 1
270 204 0 1
269 204 0 1
268 204 0 1
267 204 0 1
266 204 0 1
265 204 0 1
264 204 0 1
263 204 0 1
262 204 0 1
261 204 0 1
260 204 0 1
259 204 0 1
258 204 0 1
257 204 0 1
256 204 0 1
255 204 0 1
254 204 0 1
253 204 0 1
252 204 0 1
273 203 0 1
272 203 0 1
271 203 0 1
270 203 0 1
269 203 0 1
268 203 0 1
267 203 0 1
266 203 0 1
265 203 0 1
264 203 0 1
263 203 0 1
262 203 0 1
261 203 0 1
260 203 0 1
259 203 0 1
258 203 0 1
257 203 0 1
256 203 0 1
255 203 0 1
254 203 0 1
253 203 0 1
252 203 0 1
251 203 0 1
250 203 0 1
249 203 0 1
248 203 0 1
247 203 0 1
246 203 0 1
245 203 0 1
268 202 0 1
267 202 0 1
266 202 0 1
265 202 0 1
264 202 0 1
263 202 0 1
262 202 0 1
261 202 0 1
260 202 0 1
259 202 0 1
258 202 0 1
257 202 0 1
256 202 0 1
255 202 0 1
254 202 0 1
253 202 0 1
252 202 0 1
251 202 0 1
250 202 0 1
249 202 0 1
248 202 0 1
247 202 0 1
246 202 0 1
245 202 0 1
244 202 0 1
243 202 0 1
242 202 0 1
241 202 0 1
240 202 0 1
239 202 0 1
238 202 0 1
237 202 0 1
236 202 0 1
235 202 0 1
264 201 0 1
263 201 0 1
262 201 0 1
261 201 0 1
260 201 0 1
259 201 0 1
258 201 0 1
257 201 0 1
256 201 0 1
255 201 0 1
254 201 0 1
253 201 0 1
252 201 0 1
251 201 0 1
250 201 0 1
249 201 0 1
248 201 0 1
247 201 0 1
246 201 0 1
245 201 0 1
244 201 0 1
243 201 0 1
242 201 0 1
241 201 0 1
240 201 0 1
239 201 0 1
238 201 0 1
237 201 0 1
236 201 0 1
235 201 0 1
234 201 0 1
233 201 0 1
232 201 0 1
231 201 0 1
230 201 0 1
229 201 0 1
259 200 0 1
258 200 0 1
257 200 0 1
256 200 0 1
255 200 0 1
254 200 0 1
253 200 0 1
252 200 0 1
251 200 0 1
250 200 0 1
249 200 0 1
248 200 0 1
247 200 0 1
246 200 0 1
245 200 0 1
244 200 0 1
243 200 0 1
242 200 0 1
241 200 0 1
240 200 0 1
239 200 0 1
238 200 0 1
237 200 0 1
236 200 0 1
235 200 0 1
234 200 0 1
233 200 0 1
232 200 0 1
231 200 0 1
230 200 0 1
229 200 0 1
228 200 0 1
227 200 0 1
226 200 0 1
225 200 0 1
224 200 0 1
223 200 0 1
252 199 0 1
251 199 0 1
250 199 0 1
249 199 0 1
248 199 0 1
247 199 0 1
246 199 0 1
245 199 0 1
244 199 0 1
243 199 0 1
242 199 0 1
241 199 0 1
240 199 0 1
239 199 0 1
238 199 0 1
237 199 0 1
236 199 0 1
235 199 0 1
234 199 0 1
233 199 0 1
232 199 0 1
231 199 0 1
230 199 0 1
229 199 0 1
228 199 0 1
227 199 0 1
226 199 0 1
225 199 0 1
224 199 0 1
223 199 0 1
222 199 0 1
221 199 0 1
220 199 0 1
219 199 0 1
218 199 0 1
217 199 0 1
244 198 0 1
243 198 0 1
242 198 0 1
241 198 0 1
240 198 0 1
239 198 0 1
238 198 0 1
237 198 0 1
236 198 0 1
235 198 0 1
234 198 0 1
233 198 0 1
232 198 0 1
231 198 0 1
230 198 0 1
229 198 0 1
228 198 0 1
227 198 0 1
226 198 0 1
225 198 0 1
224 198 0 1
223 198 0 1
222 198 0 1
221 198 0 1
220 198 0 1
219 198 0 1
218 198 0 1
217 198 0 1
216 198 0 1
215 198 0 1
214 198 0 1
213 198 0 1
212 198 0 1
234 197 0 1
233 197 0 1
232 197 0 1
231 197 0 1
230 197 0 1
229 197 0 1
228 197 0 1
227 197 0 1
226 197 0 1
225 197 0 1
224 197 0 1
223 197 0 1
222 197 0 1
221 197 0 1
220 197 0 1
219 197 0 1
218 197 0 1
217 197 0 1
216 197 0 1
215 197 0 1
214 197 0 1
213 197 0 1
212 197 0 1
211 197 0 1
210 197 0 1
209 197 0 1
208 197 0 1
207 197 0 1
206 197 0 1
205 197 0 1
228 196 0 1
227 196 0 1
226 196 0 1
225 196 0 1
224 196 0 1
223 196 0 1
222 196 0 1
221 196 0 1
220 196 0 1
219 196 0 1
218 196 0 1
217 196 0 1
216 196 0 1
215 196 0 1
214 196 0 1
213 196 0 1
212 196 0 1
211 196 0 1
210 196 0 1
209 196 0 1
208 196 0 1
207 196 0 1
206 196 0 1
205 196 0 1
204 196 0 1
203 196 0 1
202 196 0 1
201 196 0 1
200 196 0 1
199 196 0 1
222 195 0 1
221 195 0 1
220 195 0 1
219 195 0 1
218 195 0 1
217 195 0 1
216 195 0 1
215 195 0 1
214 195 0 1
213 195 0 1
212 195 0 1
211 195 0 1
210 195 0 1
209 195 0 1
208 195 0 1
207 195 0 1
206 195 0 1
205 195 0 1
204 195 0 1
203 195 0 1
202 195 0 1
201 195 0 1
200 195 0 1
199 195 0 1
198 195 0 1
197 195 0 1
196 195 0 1
195 195 0 1
194 195 0 1
193 195 0 1
192 195 0 1
217 194 0 1
216 194 0 1
215 194 0 1
214 194 0 1
213 194 0 1
212 194 0 1
211 194 0 1
210 194 0 1
209 194 0 1
208 194 0 1
207 194 0 1
206 194 0 1
205 194 0 1
204 194 0 1
203 194 0 1
202 194 0 1
201 194 0 1
200 194 0 1
199 194 0 1
198 194 0 1
197 194 0 1
196 194 0 1
195 194 0 1
194 194 0 1
193 194 0 1
192 194 0 1
191 194 0 1
190 194 0 1
189 194 0 1
188 194 0 1
187 194 0 1
186 194 0 1
185 194 0 1
184 194 0 1
183 194 0 1
211 193 0 1
210 193 0 1
209 193 0 1
208 193 0 1
207 193 0 1
206 193 0 1
205 193 0 1
204 193 0 1
203 193 0 1
202 193 0 1
201 193 0 1
200 193 0 1
199 193 0 1
198 193 0 1
197 193 0 1
196 193 0 1
195 193 0 1
194 193 0 1
193 193 0 1
192 193 0 1
191 193 0 1
190 193 0 1
189 193 0 1
188 193 0 1
187 193 0 1
186 193 0 1
185 193 0 1
184 193 0 1
183 193 0 1
182 193 0 1
181 193 0 1
180 193 0 1
179 193 0 1
178 193 0 1
204 192 0 1
203 192 0 1
202 192 0 1
201 192 0 1
200 192 0 1
199 192 0 1
198 192 0 1
197 192 0 1
196 192 0 1
195 192 0 1
194 192 0 1
193 192 0 1
192 192 0 1
191 192 0 1
190 192 0 1
189 192 0 1
188 192 0 1
187 192 0 1
186 192 0 1
185 192 0 1
184 192 0 1
183 192 0 1
182 192 0 1
181 192 0 1
180 192 0 1
179 192 0 1
178 192 0 1
177 192 0 1
176 192 0 1
175 192 0 1
174 192 0 1
198 191 0 1
197 191 0 1
196 191 0 1
195 191 0 1
194 191 0 1
193 191 0 1
192 191 0 1
191 191 0 1
190 191 0 1
189 191 0 1
188 191 0 1
187 191 0 1
186 191 0 1
185 191 0 1
184 191 0 1
183 191 0 1
182 191 0 1
181 191 0 1
180 191 0 1
179 191 0 1
178 191 0 1
177 191 0 1
176 191 0 1
175 191 0 1
174 191 0 1
173 191 0 1
172 191 0 1
171 191 0 1
170 191 0 1
169 191 0 1
191 190 0 1
190 190 0 1
189 190 0 1
188 190 0 1
187 190 0 1
186 190 0 1
185 190 0 1
184 190 0 1
183 190 0 1
182 190 0 1
181 190 0 1
180 190 0 1
179 190 0 1
178 190 0 1
177 190 0 1
176 190 0 1
175 190 0 1
174 190 0 1
173 190 0 1
172 190 0 1
171 190 0 1
170 190 0 1
169 190 0 1
168 190 0 1
167 190 0 1
166 190 0 1
165 190 0 1
164 190 0 1
163 190 0 1
162 190 0 1
161 190 0 1
160 190 0 1
183 189 0 1
182 189 0 1
181 189 0 1
180 189 0 1
179 189 0 1
178 189 0 1
177 189 0 1
176 189 0 1
175 189 0 1
174 189 0 1
173 189 0 1
172 189 0 1
171 189 0 1
170 189 0 1
169 189 0 1
168 189 0 1
167 189 0 1
166 189 0 1
165 189 0 1
164 189 0 1
163 189 0 1
162 189 0 1
161 189 0 1
160 189 0 1
159 189 0 1
158 189 0 1
157 189 0 1
156 189 0 1
155 189 0 1
154 189 0 1
153 189 0 1
152 189 0 1
151 189 0 1
150 189 0 1
149 189 0 1
148 189 0 1
179 188 0 1
178 188 0 1
177 188 0 1
176 188 0 1
175 188 0 1
174 188 0 1
173 188 0 1
172 188 0 1
171 188 0 1
170 188 0 1
169 188 0 1
168 188 0 1
167 188 0 1
166 188 0 1
165 188 0 1
164 188 0 1
163 188 0 1
162 188 0 1
161 188 0 1
160 188 0 1
159 188 0 1
158 188 0 1
157 188 0 1
156 188 0 1
155 188 0 1
154 188 0 1
153 188 0 1
152 188 0 1
151 188 0 1
150 188 0 1
149 188 0 1
148 188 0 1
147 188 0 1
146 188 0 1
145 188 0 1
144 188 0 1
143 188 0 1
142 188 0 1
141 188 0 1
140 188 0 1
139 188 0 1
138 188 0 1
137 188 0 1
136 188 0 1
135 188 0 1
134 188 0 1
175 187 0 1
174 187 0 1
173 187 0 1
172 187 0 1
171 187 0 1
170 187 0 1
169 187 0 1
168 187 0 1
167 187 0 1
166 187 0 1
165 187 0 1
164 187 0 1
163 187 0 1
162 187 0 1
161 187 0 1
160 187 0 1
159 187 0 1
158 187 0 1
157 187 0 1
156 187 0 1
155 187 0 1
154 187 0 1
153 187 0 1
152 187 0 1
151 187 0 1
150 187 0 1
149 187 0 1
148 187 0 1
147 187 0 1
146 187 0 1
145 187 0 1
144 187 0 1
143 187 0 1
142 187 0 1
141 187 0 1
140 187 0 1
139 187 0 1
138 187 0 1
137 187 0 1
136 187 0 1
135 187 0 1
134 187 0 1
133 187 0 1
132 187 0 1
131 187 0 1
109 187 0 1
108 187 0 1
107 187 0 1
106 187 0 1
165 186 0 1
164 186 0 1
163 186 0 1
162 186 0 1
161 186 0 1
160 186 0 1
159 186 0 1
158 186 0 1
157 186 0 1
156 186 0 1
155 186 0 1
154 186 0 1
153 186 0 1
152 186 0 1
151 186 0 1
150 186 0 1
149 186 0 1
148 186 0 1
147 186 0 1
146 186 0 1
145 186 0 1
144 186 0 1
143 186 0 1
142 186 0 1
141 186 0 1
140 186 0 1
139 186 0 1
138 186 0 1
137 186 0 1
136 186 0 1
135 186 0 1
134 186 0 1
133 186 0 1
132 186 0 1
131 186 0 1
130 186 0 1
129 186 0 1
128 186 0 1
127 186 0 1
126 186 0 1
125 186 0 1
124 186 0 1
123 186 0 1
122 186 0 1
121 186 0 1
120 186 0 1
119 186 0 1
118 186 0 1
117 186 0 1
116 186 0 1
115 186 0 1
114 186 0 1
113 186 0 1
112 186 0 1
111 186 0 1
110 186 0 1
109 186 0 1
108 186 0 1
107 186 0 1
106 186 0 1
154 185 0 1
153 185 0 1
152 185 0 1
151 185 0 1
150 185 0 1
149 185 0 1
148 185 0 1
147 185 0 1
146 185 0 1
145 185 0 1
144 185 0 1
143 185 0 1
142 185 0 1
141 185 0 1
140 185 0 1
139 185 0 1
138 185 0 1
137 185 0 1
136 185 0 1
135 185 0 1
134 185 0 1
133 185 0 1
132 185 0 1
131 185 0 1
130 185 0 1
129 185 0 1
128 185 0 1
127 185 0 1
126 185 0 1
125 185 0 1
124 185 0 1
123 185 0 1
122 185 0 1
121 185 0 1
120 185 0 1
119 185 0 1
118 185 0 1
117 185 0 1
116 185 0 1
115 185 0 1
114 185 0 1
113 185 0 1
112 185 0 1
111 185 0 1
110 185 0 1
109 185 0 1
108 185 0 1
107 185 0 1
106 185 0 1
139 184 0 1
138 184 0 1
137 184 0 1
136 184 0 1
135 184 0 1
134 184 0 1
133 184 0 1
132 184 0 1
131 184 0 1
130 184 0 1
129 184 0 1
128 184 0 1
127 184 0 1
126 184 0 1
125 184 0 1
124 184 0 1
123 184 0 1
122 184 0 1
121 184 0 1
120 184 0 1
119 184 0 1
118 184 0 1
117 184 0 1
116 184 0 1
115 184 0 1
114 184 0 1
113 184 0 1
112 184 0 1
111 184 0 1
110 184 0 1
109 184 0 1
108 184 0 1
107 184 0 1
106 184 0 1
134 183 0 1
133 183 0 1
132 183 0 1
131 183 0 1
130 183 0 1
129 183 0 1
128 183 0 1
127 183 0 1
126 183 0 1
125 183 0 1
124 183 0 1
123 183 0 1
122 183 0 1
121 183 0 1
120 183 0 1
119 183 0 1
118 183 0 1
117 183 0 1
116 183 0 1
115 183 0 1
114 183 0 1
113 183 0 1
112 183 0 1
111 183 0 1
110 183 0 1
109 183 0 1
108 183 0 1
107 183 0 1
106 183 0 1
40 132 0 0
39 132 0 0
38 132 0 0
37 132 0 0
40 131 0 0
39 131 0 0
38 131 0 0
37 131 0 0
40 130 0 0
39 130 0 0
38 130 0 0
37 130 0 0
41 129 0 0
40 129 0 0
39 129 0 0
38 129 0 0
37 129 0 0
42 128 0 0
41 128 0 0
40 128 0 0
39 128 0 0
38 128 0 0
37 128 0 0
43 127 0 0
42 127 0 0
41 127 0 0
40 127 0 0
39 127 0 0
38 127 0 0
37 127 0 0
44 126 0 0
43 126 0 0
42 126 0 0
41 126 0 0
40 126 0 0
39 126 0 0
38 126 0 0
45 125 0 0
44 125 0 0
43 125 0 0
42 125 0 0
41 125 0 0
40 125 0 0
39 125 0 0
46 124 0 0
45 124 0 0
44 124 0 0
43 124 0 0
42 124 0 0
41 124 0 0
40 124 0 0
47 123 0 0
46 123 0 0
45 123 0 0
44 123 0 0
43 123 0 0
42 123 0 0
41 123 0 0
49 122 0 0
48 122 0 0
47 122 0 0
46 122 0 0
45 122 0 0
44 122 0 0
43 122 0 0
42 122 0 0
50 121 0 0
49 121 0 0
48 121 0 0
47 121 0 0
46 121 0 0
45 121 0 0
44 121 0 0
43 121 0 0
51 120 0 0
50 120 0 0
49 120 0 0
48 120 0 0
47 120 0 0
46 120 0 0
45 120 0 0
44 120 0 0
53 119 0 0
52 119 0 0
51 119 0 0
50 119 0 0
49 119 0 0
48 119 0 0
47 119 0 0
46 119 0 0
45 119 0 0
54 118 0 0
53 118 0 0
52 118 0 0
51 118 0 0
50 118 0 0
49 118 0 0
48 118 0 0
47 118 0 0
46 118 0 0
55 117 0 0
54 117 0 0
53 117 0 0
52 117 0 0
51 117 0 0
50 117 0 0
49 117 0 0
48 117 0 0
47 117 0 0
57 116 0 0
56 116 0 0
55 116 0 0
54 116 0 0
53 116 0 0
52 116 0 0
51 116 0 0
50 116 0 0
49 116 0 0
58 115 0 0
57 115 0 0
56 115 0 0
55 115 0 0
54 115 0 0
53 115 0 0
52 115 0 0
51 115 0 0
50 115 0 0
60 114 0 0
59 114 0 0
58 114 0 0
57 114 0 0
56 114 0 0
55 114 0 0
54 114 0 0
53 114 0 0
52 114 0 0
51 114 0 0
62 113 0 0
61 113 0 0
60 113 0 0
59 113 0 0
58 113 0 0
57 113 0 0
56 113 0 0
55 113 0 0
54 113 0 0
53 113 0 0
63 112 0 0
62 112 0 0
61 112 0 0
60 112 0 0
59 112 0 0
58 112 0 0
57 112 0 0
56 112 0 0
55 112 0 0
54 112 0 0
65 111 0 0
64 111 0 0
63 111 0 0
62 111 0 0
61 111 0 0
60 111 0 0
59 111 0 0
58 111 0 0
57 111 0 0
56 111 0 0
67 110 0 0
66 110 0 0
65 110 0 0
64 110 0 0
63 110 0 0
62 110 0 0
61 110 0 0
60 110 0 0
59 110 0 0
58 110 0 0
57 110 0 0
69 109 0 0
68 109 0 0
67 109 0 0
66 109 0 0
65 109 0 0
64 109 0 0
63 109 0 0
62 109 0 0
61 109 0 0
60 109 0 0
59 109 0 0
70 108 0 0
69 108 0 0
68 108 0 0
67 108 0 0
66 108 0 0
65 108 0 0
64 108 0 0
63 108 0 0
62 108 0 0
61 108 0 0
72 107 0 0
71 107 0 0
70 107 0 0
69 107 0 0
68 107 0 0
67 107 0 0
66 107 0 0
65 107 0 0
64 107 0 0
63 107 0 0
62 107 0 0
74 106 0 0
73 106 0 0
72 106 0 0
71 106 0 0
70 106 0 0
69 106 0 0
68 106 0 0
67 106 0 0
66 106 0 0
65 106 0 0
64 106 0 0
76 105 0 0
75 105 0 0
74 105 0 0
73 105 0 0
72 105 0 0
71 105 0 0
70 105 0 0
69 105 0 0
68 105 0 0
67 105 0 0
66 105 0 0
78 104 0 0
77 104 0 0
76 104 0 0
75 104 0 0
74 104 0 0
73 104 0 0
72 104 0 0
71 104 0 0
70 104 0 0
69 104 0 0
68 104 0 0
79 103 0 0
78 103 0 0
77 103 0 0
76 103 0 0
75 103 0 0
74 103 0 0
73 103 0 0
72 103 0 0
71 103 0 0
70 103 0 0
81 102 0 0
80 102 0 0
79 102 0 0
78 102 0 0
77 102 0 0
76 102 0 0
75 102 0 0
74 102 0 0
73 102 0 0
72 102 0 0
71 102 0 0
83 101 0 0
82 101 0 0
81 101 0 0
80 101 0 0
79 101 0 0
78 101 0 0
77 101 0 0
76 101 0 0
75 101 0 0
74 101 0 0
73 101 0 0
85 100 0 0
84 100 0 0
83 100 0 0
82 100 0 0
81 100 0 0
80 100 0 0
79 100 0 0
78 100 0 0
77 100 0 0
76 100 0 0
75 100 0 0
87 99 0 0
86 99 0 0
85 99 0 0
84 99 0 0
83 99 0 0
82 99 0 0
81 99 0 0
80 99 0 0
79 99 0 0
78 99 0 0
77 99 0 0
88 98 0 0
87 98 0 0
86 98 0 0
85 98 0 0
84 98 0 0
83 98 0 0
82 98 0 0
81 98 0 0
80 98 0 0
79 98 0 0
90 97 0 0
89 97 0 0
88 97 0 0
87 97 0 0
86 97 0 0
85 97 0 0
84 97 0 0
83 97 0 0
82 97 0 0
81 97 0 0
80 97 0 0
92 96 0 0
91 96 0 0
90 96 0 0
89 96 0 0
88 96 0 0
87 96 0 0
86 96 0 0
85 96 0 0
84 96 0 0
83 96 0 0
82 96 0 0
94 95 0 0
93 95 0 0
92 95 0 0
91 95 0 0
90 95 0 0
89 95 0 0
88 95 0 0
87 95 0 0
86 95 0 0
85 95 0 0
84 95 0 0
96 94 0 0
95 94 0 0
94 94 0 0
93 94 0 0
92 94 0 0
91 94 0 0
90 94 0 0
89 94 0 0
88 94 0 0
87 94 0 0
86 94 0 0
99 93 0 0
98 93 0 0
97 93 0 0
96 93 0 0
95 93 0 0
94 93 0 0
93 93 0 0
92 93 0 0
91 93 0 0
90 93 0 0
89 93 0 0
88 93 0 0
101 92 0 0
100 92 0 0
99 92 0 0
98 92 0 0
97 92 0 0
96 92 0 0
95 92 0 0
94 92 0 0
93 92 0 0
92 92 0 0
91 92 0 0
90 92 0 0
89 92 0 0
104 91 0 0
103 91 0 0
102 91 0 0
101 91 0 0
100 91 0 0
99 91 0 0
98 91 0 0
97 91 0 0
96 91 0 0
95 91 0 0
94 91 0 0
93 91 0 0
92 91 0 0
91 91 0 0
106 90 0 0
105 90 0 0
104 90 0 0
103 90 0 0
102 90 0 0
101 90 0 0
100 90 0 0
99 90 0 0
98 90 0 0
97 90 0 0
96 90 0 0
95 90 0 0
94 90 0 0
93 90 0 0
109 89 0 0
108 89 0 0
107 89 0 0
106 89 0 0
105 89 0 0
104 89 0 0
103 89 0 0
102 89 0 0
101 89 0 0
100 89 0 0
99 89 0 0
98 89 0 0
97 89 0 0
96 89 0 0
111 88 0 0
110 88 0 0
109 88 0 0
108 88 0 0
107 88 0 0
106 88 0 0
105 88 0 0
104 88 0 0
103 88 0 0
102 88 0 0
101 88 0 0
100 88 0 0
99 88 0 0
98 88 0 0
114 87 0 0
113 87 0 0
112 87 0 0
111 87 0 0
110 87 0 0
109 87 0 0
108 87 0 0
107 87 0 0
106 87 0 0
105 87 0 0
104 87 0 0
103 87 0 0
102 87 0 0
101 87 0 0
116 86 0 0
115 86 0 0
114 86 0 0
113 86 0 0
112 86 0 0
111 86 0 0
110 86 0 0
109 86 0 0
108 86 0 0
107 86 0 0
106 86 0 0
105 86 0 0
104 86 0 0
103 86 0 0
117 85 0 0
116 85 0 0
115 85 0 0
114 85 0 0
113 85 0 0
112 85 0 0
111 85 0 0
110 85 0 0
109 85 0 0
108 85 0 0
107 85 0 0
106 85 0 0
119 84 0 0
118 84 0 0
117 84 0 0
116 84 0 0
115 84 0 0
114 84 0 0
113 84 0 0
112 84 0 0
111 84 0 0
110 84 0 0
109 84 0 0
108 84 0 0
120 83 0 0
119 83 0 0
118 83 0 0
117 83 0 0
116 83 0 0
115 83 0 0
114 83 0 0
113 83 0 0
112 83 0 0
111 83 0 0
122 82 0 0
121 82 0 0
120 82 0 0
119 82 0 0
118 82 0 0
117 82 0 0
116 82 0 0
115 82 0 0
114 82 0 0
113 82 0 0
124 81 0 0
123 81 0 0
122 81 0 0
121 81 0 0
120 81 0 0
119 81 0 0
118 81 0 0
117 81 0 0
116 81 0 0
115 81 0 0
125 80 0 0
124 80 0 0
123 80 0 0
122 80 0 0
121 80 0 0
120 80 0 0
119 80 0 0
118 80 0 0
117 80 0 0
116 80 0 0
127 79 0 0
126 79 0 0
125 79 0 0
124 79 0 0
123 79 0 0
122 79 0 0
121 79 0 0
120 79 0 0
119 79 0 0
118 79 0 0
128 78 0 0
127 78 0 0
126 78 0 0
125 78 0 0
124 78 0 0
123 78 0 0
122 78 0 0
121 78 0 0
120 78 0 0
519 77 0 0
518 77 0 0
517 77 0 0
516 77 0 0
515 77 0 0
130 77 0 0
129 77 0 0
128 77 0 0
127 77 0 0
126 77 0 0
125 77 0 0
124 77 0 0
123 77 0 0
122 77 0 0
121 77 0 0
519 76 0 0
518 76 0 0
517 76 0 0
516 76 0 0
515 76 0 0
514 76 0 0
131 76 0 0
130 76 0 0
129 76 0 0
128 76 0 0
127 76 0 0
126 76 0 0
125 76 0 0
124 76 0 0
123 76 0 0
519 75 0 0
518 75 0 0
517 75 0 0
516 75 0 0
515 75 0 0
514 75 0 0
513 75 0 0
132 75 0 0
131 75 0 0
130 75 0 0
129 75 0 0
128 75 0 0
127 75 0 0
126 75 0 0
125 75 0 0
124 75 0 0
519 74 0 0
518 74 0 0
517 74 0 0
516 74 0 0
515 74 0 0
514 74 0 0
513 74 0 0
512 74 0 0
133 74 0 0
132 74 0 0
131 74 0 0
130 74 0 0
129 74 0 0
128 74 0 0
127 74 0 0
126 74 0 0
518 73 0 0
517 73 0 0
516 73 0 0
515 73 0 0
514 73 0 0
513 73 0 0
512 73 0 0
511 73 0 0
135 73 0 0
134 73 0 0
133 73 0 0
132 73 0 0
131 73 0 0
130 73 0 0
129 73 0 0
128 73 0 0
127 73 0 0
517 72 0 0
516 72 0 0
515 72 0 0
514 72 0 0
513 72 0 0
512 72 0 0
511 72 0 0
137 72 0 0
136 72 0 0
135 72 0 0
134 72 0 0
133 72 0 0
132 72 0 0
131 72 0 0
130 72 0 0
129 72 0 0
128 72 0 0
515 71 0 0
514 71 0 0
513 71 0 0
512 71 0 0
511 71 0 0
510 71 0 0
138 71 0 0
137 71 0 0
136 71 0 0
135 71 0 0
134 71 0 0
133 71 0 0
132 71 0 0
131 71 0 0
130 71 0 0
129 71 0 0
515 70 0 0
514 70 0 0
513 70 0 0
512 70 0 0
511 70 0 0
510 70 0 0
509 70 0 0
139 70 0 0
138 70 0 0
137 70 0 0
136 70 0 0
135 70 0 0
134 70 0 0
133 70 0 0
132 70 0 0
131 70 0 0
514 69 0 0
513 69 0 0
512 69 0 0
511 69 0 0
510 69 0 0
509 69 0 0
508 69 0 0
140 69 0 0
139 69 0 0
138 69 0 0
137 69 0 0
136 69 0 0
135 69 0 0
134 69 0 0
133 69 0 0
132 69 0 0
513 68 0 0
512 68 0 0
511 68 0 0
510 68 0 0
509 68 0 0
508 68 0 0
507 68 0 0
506 68 0 0
141 68 0 0
140 68 0 0
139 68 0 0
138 68 0 0
137 68 0 0
136 68 0 0
135 68 0 0
134 68 0 0
512 67 0 0
511 67 0 0
510 67 0 0
509 67 0 0
508 67 0 0
507 67 0 0
506 67 0 0
505 67 0 0
142 67 0 0
141 67 0 0
140 67 0 0
139 67 0 0
138 67 0 0
137 67 0 0
136 67 0 0
511 66 0 0
510 66 0 0
509 66 0 0
508 66 0 0
507 66 0 0
506 66 0 0
505 66 0 0
504 66 0 0
144 66 0 0
143 66 0 0
142 66 0 0
141 66 0 0
140 66 0 0
139 66 0 0
138 66 0 0
137 66 0 0
136 66 0 0
510 65 0 0
509 65 0 0
508 65 0 0
507 65 0 0
506 65 0 0
505 65 0 0
504 65 0 0
503 65 0 0
145 65 0 0
144 65 0 0
143 65 0 0
142 65 0 0
141 65 0 0
140 65 0 0
139 65 0 0
138 65 0 0
137 65 0 0
509 64 0 0
508 64 0 0
507 64 0 0
506 64 0 0
505 64 0 0
504 64 0 0
503 64 0 0
502 64 0 0
147 64 0 0
146 64 0 0
145 64 0 0
144 64 0 0
143 64 0 0
142 64 0 0
141 64 0 0
140 64 0 0
139 64 0 0
138 64 0 0
508 63 0 0
507 63 0 0
506 63 0 0
505 63 0 0
504 63 0 0
503 63 0 0
502 63 0 0
501 63 0 0
148 63 0 0
147 63 0 0
146 63 0 0
145 63 0 0
144 63 0 0
143 63 0 0
142 63 0 0
141 63 0 0
140 63 0 0
506 62 0 0
505 62 0 0
504 62 0 0
503 62 0 0
502 62 0 0
501 62 0 0
150 62 0 0
149 62 0 0
148 62 0 0
147 62 0 0
146 62 0 0
145 62 0 0
144 62 0 0
143 62 0 0
142 62 0 0
141 62 0 0
505 61 0 0
504 61 0 0
503 61 0 0
502 61 0 0
501 61 0 0
500 61 0 0
151 61 0 0
150 61 0 0
149 61 0 0
148 61 0 0
147 61 0 0
146 61 0 0
145 61 0 0
144 61 0 0
143 61 0 0
505 60 0 0
504 60 0 0
503 60 0 0
502 60 0 0
501 60 0 0
500 60 0 0
499 60 0 0
152 60 0 0
151 60 0 0
150 60 0 0
149 60 0 0
148 60 0 0
147 60 0 0
146 60 0 0
145 60 0 0
144 60 0 0
504 59 0 0
503 59 0 0
502 59 0 0
501 59 0 0
500 59 0 0
499 59 0 0
153 59 0 0
152 59 0 0
151 59 0 0
150 59 0 0
149 59 0 0
148 59 0 0
147 59 0 0
146 59 0 0
503 58 0 0
502 58 0 0
501 58 0 0
500 58 0 0
499 58 0 0
498 58 0 0
154 58 0 0
153 58 0 0
152 58 0 0
151 58 0 0
150 58 0 0
149 58 0 0
148 58 0 0
147 58 0 0
503 57 0 0
502 57 0 0
501 57 0 0
500 57 0 0
499 57 0 0
498 57 0 0
497 57 0 0
156 57 0 0
155 57 0 0
154 57 0 0
153 57 0 0
152 57 0 0
151 57 0 0
150 57 0 0
149 57 0 0
148 57 0 0
502 56 0 0
501 56 0 0
500 56 0 0
499 56 0 0
498 56 0 0
497 56 0 0
496 56 0 0
157 56 0 0
156 56 0 0
155 56 0 0
154 56 0 0
153 56 0 0
152 56 0 0
151 56 0 0
150 56 0 0
149 56 0 0
501 55 0 0
500 55 0 0
499 55 0 0
498 55 0 0
497 55 0 0
496 55 0 0
495 55 0 0
160 55 0 0
159 55 0 0
158 55 0 0
157 55 0 0
156 55 0 0
155 55 0 0
154 55 0 0
153 55 0 0
152 55 0 0
151 55 0 0
500 54 0 0
499 54 0 0
498 54 0 0
497 54 0 0
496 54 0 0
495 54 0 0
494 54 0 0
161 54 0 0
160 54 0 0
159 54 0 0
158 54 0 0
157 54 0 0
156 54 0 0
155 54 0 0
154 54 0 0
153 54 0 0
152 54 0 0
499 53 0 0
498 53 0 0
497 53 0 0
496 53 0 0
495 53 0 0
494 53 0 0
493 53 0 0
162 53 0 0
161 53 0 0
160 53 0 0
159 53 0 0
158 53 0 0
157 53 0 0
156 53 0 0
155 53 0 0
154 53 0 0
153 53 0 0
498 52 0 0
497 52 0 0
496 52 0 0
495 52 0 0
494 52 0 0
493 52 0 0
492 52 0 0
165 52 0 0
164 52 0 0
163 52 0 0
162 52 0 0
161 52 0 0
160 52 0 0
159 52 0 0
158 52 0 0
157 52 0 0
156 52 0 0
155 52 0 0
497 51 0 0
496 51 0 0
495 51 0 0
494 51 0 0
493 51 0 0
492 51 0 0
491 51 0 0
166 51 0 0
165 51 0 0
164 51 0 0
163 51 0 0
162 51 0 0
161 51 0 0
160 51 0 0
159 51 0 0
158 51 0 0
157 51 0 0
156 51 0 0
496 50 0 0
495 50 0 0
494 50 0 0
493 50 0 0
492 50 0 0
491 50 0 0
490 50 0 0
167 50 0 0
166 50 0 0
165 50 0 0
164 50 0 0
163 50 0 0
162 50 0 0
161 50 0 0
160 50 0 0
159 50 0 0
495 49 0 0
494 49 0 0
493 49 0 0
492 49 0 0
491 49 0 0
490 49 0 0
489 49 0 0
168 49 0 0
167 49 0 0
166 49 0 0
165 49 0 0
164 49 0 0
163 49 0 0
162 49 0 0
161 49 0 0
160 49 0 0
494 48 0 0
493 48 0 0
492 48 0 0
491 48 0 0
490 48 0 0
489 48 0 0
488 48 0 0
169 48 0 0
168 48 0 0
167 48 0 0
166 48 0 0
165 48 0 0
164 48 0 0
163 48 0 0
162 48 0 0
161 48 0 0
493 47 0 0
492 47 0 0
491 47 0 0
490 47 0 0
489 47 0 0
488 47 0 0
487 47 0 0
169 47 0 0
168 47 0 0
167 47 0 0
166 47 0 0
165 47 0 0
164 47 0 0
492 46 0 0
491 46 0 0
490 46 0 0
489 46 0 0
488 46 0 0
487 46 0 0
486 46 0 0
169 46 0 0
168 46 0 0
167 46 0 0
166 46 0 0
165 46 0 0
491 45 0 0
490 45 0 0
489 45 0 0
488 45 0 0
487 45 0 0
486 45 0 0
485 45 0 0
169 45 0 0
168 45 0 0
167 45 0 0
166 45 0 0
490 44 0 0
489 44 0 0
488 44 0 0
487 44 0 0
486 44 0 0
485 44 0 0
484 44 0 0
489 43 0 0
488 43 0 0
487 43 0 0
486 43 0 0
485 43 0 0
484 43 0 0
483 43 0 0
488 42 0 0
487 42 0 0
486 42 0 0
485 42 0 0
484 42 0 0
483 42 0 0
482 42 0 0
487 41 0 0
486 41 0 0
485 41 0 0
484 41 0 0
483 41 0 0
482 41 0 0
481 41 0 0
480 41 0 0
368 41 0 0
367 41 0 0
366 41 0 0
365 41 0 0
364 41 0 0
363 41 0 0
362 41 0 0
361 41 0 0
486 40 0 0
485 40 0 0
484 40 0 0
483 40 0 0
482 40 0 0
481 40 0 0
480 40 0 0
479 40 0 0
370 40 0 0
369 40 0 0
368 40 0 0
367 40 0 0
366 40 0 0
365 40 0 0
364 40 0 0
363 40 0 0
362 40 0 0
361 40 0 0
485 39 0 0
484 39 0 0
483 39 0 0
482 39 0 0
481 39 0 0
480 39 0 0
479 39 0 0
478 39 0 0
373 39 0 0
372 39 0 0
371 39 0 0
370 39 0 0
369 39 0 0
368 39 0 0
367 39 0 0
366 39 0 0
365 39 0 0
364 39 0 0
363 39 0 0
362 39 0 0
361 39 0 0
484 38 0 0
483 38 0 0
482 38 0 0
481 38 0 0
480 38 0 0
479 38 0 0
478 38 0 0
477 38 0 0
376 38 0 0
375 38 0 0
374 38 0 0
373 38 0 0
372 38 0 0
371 38 0 0
370 38 0 0
369 38 0 0
368 38 0 0
367 38 0 0
366 38 0 0
365 38 0 0
364 38 0 0
363 38 0 0
362 38 0 0
361 38 0 0
483 37 0 0
482 37 0 0
481 37 0 0
480 37 0 0
479 37 0 0
478 37 0 0
477 37 0 0
476 37 0 0
380 37 0 0
379 37 0 0
378 37 0 0
377 37 0 0
376 37 0 0
375 37 0 0
374 37 0 0
373 37 0 0
372 37 0 0
371 37 0 0
370 37 0 0
369 37 0 0
368 37 0 0
367 37 0 0
366 37 0 0
365 37 0 0
482 36 0 0
481 36 0 0
480 36 0 0
479 36 0 0
478 36 0 0
477 36 0 0
476 36 0 0
475 36 0 0
383 36 0 0
382 36 0 0
381 36 0 0
380 36 0 0
379 36 0 0
378 36 0 0
377 36 0 0
376 36 0 0
375 36 0 0
374 36 0 0
373 36 0 0
372 36 0 0
371 36 0 0
370 36 0 0
369 36 0 0
368 36 0 0
367 36 0 0
480 35 0 0
479 35 0 0
478 35 0 0
477 35 0 0
476 35 0 0
475 35 0 0
474 35 0 0
386 35 0 0
385 35 0 0
384 35 0 0
383 35 0 0
382 35 0 0
381 35 0 0
380 35 0 0
379 35 0 0
378 35 0 0
377 35 0 0
376 35 0 0
375 35 0 0
374 35 0 0
373 35 0 0
372 35 0 0
371 35 0 0
370 35 0 0
369 35 0 0
479 34 0 0
478 34 0 0
477 34 0 0
476 34 0 0
475 34 0 0
474 34 0 0
473 34 0 0
389 34 0 0
388 34 0 0
387 34 0 0
386 34 0 0
385 34 0 0
384 34 0 0
383 34 0 0
382 34 0 0
381 34 0 0
380 34 0 0
379 34 0 0
378 34 0 0
377 34 0 0
376 34 0 0
375 34 0 0
374 34 0 0
373 34 0 0
478 33 0 0
477 33 0 0
476 33 0 0
475 33 0 0
474 33 0 0
473 33 0 0
472 33 0 0
393 33 0 0
392 33 0 0
391 33 0 0
390 33 0 0
389 33 0 0
388 33 0 0
387 33 0 0
386 33 0 0
385 33 0 0
384 33 0 0
383 33 0 0
382 33 0 0
381 33 0 0
380 33 0 0
379 33 0 0
378 33 0 0
377 33 0 0
376 33 0 0
477 32 0 0
476 32 0 0
475 32 0 0
474 32 0 0
473 32 0 0
472 32 0 0
471 32 0 0
470 32 0 0
399 32 0 0
398 32 0 0
397 32 0 0
396 32 0 0
395 32 0 0
394 32 0 0
393 32 0 0
392 32 0 0
391 32 0 0
390 32 0 0
389 32 0 0
388 32 0 0
387 32 0 0
386 32 0 0
385 32 0 0
384 32 0 0
383 32 0 0
382 32 0 0
381 32 0 0
380 32 0 0
379 32 0 0
476 31 0 0
475 31 0 0
474 31 0 0
473 31 0 0
472 31 0 0
471 31 0 0
470 31 0 0
469 31 0 0
405 31 0 0
404 31 0 0
403 31 0 0
402 31 0 0
401 31 0 0
400 31 0 0
399 31 0 0
398 31 0 0
397 31 0 0
396 31 0 0
395 31 0 0
394 31 0 0
393 31 0 0
392 31 0 0
391 31 0 0
390 31 0 0
389 31 0 0
388 31 0 0
387 31 0 0
386 31 0 0
385 31 0 0
384 31 0 0
383 31 0 0
475 30 0 0
474 30 0 0
473 30 0 0
472 30 0 0
471 30 0 0
470 30 0 0
469 30 0 0
468 30 0 0
467 30 0 0
412 30 0 0
411 30 0 0
410 30 0 0
409 30 0 0
408 30 0 0
407 30 0 0
406 30 0 0
405 30 0 0
404 30 0 0
403 30 0 0
402 30 0 0
401 30 0 0
400 30 0 0
399 30 0 0
398 30 0 0
397 30 0 0
396 30 0 0
395 30 0 0
394 30 0 0
393 30 0 0
392 30 0 0
391 30 0 0
390 30 0 0
389 30 0 0
388 30 0 0
387 30 0 0
386 30 0 0
474 29 0 0
473 29 0 0
472 29 0 0
471 29 0 0
470 29 0 0
469 29 0 0
468 29 0 0
467 29 0 0
466 29 0 0
465 29 0 0
415 29 0 0
414 29 0 0
413 29 0 0
412 29 0 0
411 29 0 0
410 29 0 0
409 29 0 0
408 29 0 0
407 29 0 0
406 29 0 0
405 29 0 0
404 29 0 0
403 29 0 0
402 29 0 0
401 29 0 0
400 29 0 0
399 29 0 0
398 29 0 0
397 29 0 0
396 29 0 0
395 29 0 0
394 29 0 0
393 29 0 0
392 29 0 0
391 29 0 0
390 29 0 0
389 29 0 0
472 28 0 0
471 28 0 0
470 28 0 0
469 28 0 0
468 28 0 0
467 28 0 0
466 28 0 0
465 28 0 0
464 28 0 0
463 28 0 0
418 28 0 0
417 28 0 0
416 28 0 0
415 28 0 0
414 28 0 0
413 28 0 0
412 28 0 0
411 28 0 0
410 28 0 0
409 28 0 0
408 28 0 0
407 28 0 0
406 28 0 0
405 28 0 0
404 28 0 0
403 28 0 0
402 28 0 0
401 28 0 0
400 28 0 0
399 28 0 0
398 28 0 0
397 28 0 0
396 28 0 0
395 28 0 0
394 28 0 0
393 28 0 0
471 27 0 0
470 27 0 0
469 27 0 0
468 27 0 0
467 27 0 0
466 27 0 0
465 27 0 0
464 27 0 0
463 27 0 0
462 27 0 0
421 27 0 0
420 27 0 0
419 27 0 0
418 27 0 0
417 27 0 0
416 27 0 0
415 27 0 0
414 27 0 0
413 27 0 0
412 27 0 0
411 27 0 0
410 27 0 0
409 27 0 0
408 27 0 0
407 27 0 0
406 27 0 0
405 27 0 0
404 27 0 0
403 27 0 0
402 27 0 0
401 27 0 0
400 27 0 0
399 27 0 0
469 26 0 0
468 26 0 0
467 26 0 0
466 26 0 0
465 26 0 0
464 26 0 0
463 26 0 0
462 26 0 0
461 26 0 0
460 26 0 0
424 26 0 0
423 26 0 0
422 26 0 0
421 26 0 0
420 26 0 0
419 26 0 0
418 26 0 0
417 26 0 0
416 26 0 0
415 26 0 0
414 26 0 0
413 26 0 0
412 26 0 0
411 26 0 0
410 26 0 0
409 26 0 0
408 26 0 0
407 26 0 0
406 26 0 0
468 25 0 0
467 25 0 0
466 25 0 0
465 25 0 0
464 25 0 0
463 25 0 0
462 25 0 0
461 25 0 0
460 25 0 0
459 25 0 0
427 25 0 0
426 25 0 0
425 25 0 0
424 25 0 0
423 25 0 0
422 25 0 0
421 25 0 0
420 25 0 0
419 25 0 0
418 25 0 0
417 25 0 0
416 25 0 0
415 25 0 0
414 25 0 0
413 25 0 0
412 25 0 0
466 24 0 0
465 24 0 0
464 24 0 0
463 24 0 0
462 24 0 0
461 24 0 0
460 24 0 0
459 24 0 0
458 24 0 0
457 24 0 0
431 24 0 0
430 24 0 0
429 24 0 0
428 24 0 0
427 24 0 0
426 24 0 0
425 24 0 0
424 24 0 0
423 24 0 0
422 24 0 0
421 24 0 0
420 24 0 0
419 24 0 0
418 24 0 0
417 24 0 0
416 24 0 0
415 24 0 0
464 23 0 0
463 23 0 0
462 23 0 0
461 23 0 0
460 23 0 0
459 23 0 0
458 23 0 0
457 23 0 0
456 23 0 0
455 23 0 0
454 23 0 0
453 23 0 0
452 23 0 0
451 23 0 0
450 23 0 0
449 23 0 0
448 23 0 0
447 23 0 0
446 23 0 0
445 23 0 0
444 23 0 0
443 23 0 0
442 23 0 0
441 23 0 0
440 23 0 0
439 23 0 0
438 23 0 0
437 23 0 0
436 23 0 0
435 23 0 0
434 23 0 0
433 23 0 0
432 23 0 0
431 23 0 0
430 23 0 0
429 23 0 0
428 23 0 0
427 23 0 0
426 23 0 0
425 23 0 0
424 23 0 0
423 23 0 0
422 23 0 0
421 23 0 0
420 23 0 0
419 23 0 0
418 23 0 0
462 22 0 0
461 22 0 0
460 22 0 0
459 22 0 0
458 22 0 0
457 22 0 0
456 22 0 0
455 22 0 0
454 22 0 0
453 22 0 0
452 22 0 0
451 22 0 0
450 22 0 0
449 22 0 0
448 22 0 0
447 22 0 0
446 22 0 0
445 22 0 0
444 22 0 0
443 22 0 0
442 22 0 0
441 22 0 0
440 22 0 0
439 22 0 0
438 22 0 0
437 22 0 0
436 22 0 0
435 22 0 0
434 22 0 0
433 22 0 0
432 22 0 0
431 22 0 0
430 22 0 0
429 22 0 0
428 22 0 0
427 22 0 0
426 22 0 0
425 22 0 0
424 22 0 0
423 22 0 0
422 22 0 0
421 22 0 0
461 21 0 0
460 21 0 0
459 21 0 0
458 21 0 0
457 21 0 0
456 21 0 0
455 21 0 0
454 21 0 0
453 21 0 0
452 21 0 0
451 21 0 0
450 21 0 0
449 21 0 0
448 21 0 0
447 21 0 0
446 21 0 0
445 21 0 0
444 21 0 0
443 21 0 0
442 21 0 0
441 21 0 0
440 21 0 0
439 21 0 0
438 21 0 0
437 21 0 0
436 21 0 0
435 21 0 0
434 21 0 0
433 21 0 0
432 21 0 0
431 21 0 0
430 21 0 0
429 21 0 0
428 21 0 0
427 21 0 0
426 21 0 0
425 21 0 0
424 21 0 0
423 21 0 0
459 20 0 0
458 20 0 0
457 20 0 0
456 20 0 0
455 20 0 0
454 20 0 0
453 20 0 0
452 20 0 0
451 20 0 0
450 20 0 0
449 20 0 0
448 20 0 0
447 20 0 0
446 20 0 0
445 20 0 0
444 20 0 0
443 20 0 0
442 20 0 0
441 20 0 0
440 20 0 0
439 20 0 0
438 20 0 0
437 20 0 0
436 20 0 0
435 20 0 0
434 20 0 0
433 20 0 0
432 20 0 0
431 20 0 0
430 20 0 0
429 20 0 0
428 20 0 0
427 20 0 0
