4685 481 321
178 314 0 0
177 314 0 0
176 314 0 0
175 314 0 0
174 314 0 0
173 314 0 0
172 314 0 0
171 314 0 0
181 313 0 0
180 313 0 0
179 313 0 0
178 313 0 0
177 313 0 0
176 313 0 0
175 313 0 0
174 313 0 0
173 313 0 0
172 313 0 0
171 313 0 0
184 312 0 0
183 312 0 0
182 312 0 0
181 312 0 0
180 312 0 0
179 312 0 0
178 312 0 0
177 312 0 0
176 312 0 0
175 312 0 0
174 312 0 0
173 312 0 0
172 312 0 0
171 312 0 0
187 311 0 0
186 311 0 0
185 311 0 0
184 311 0 0
183 311 0 0
182 311 0 0
181 311 0 0
180 311 0 0
179 311 0 0
178 311 0 0
177 311 0 0
176 311 0 0
175 311 0 0
174 311 0 0
173 311 0 0
172 311 0 0
171 311 0 0
189 310 0 0
188 310 0 0
187 310 0 0
186 310 0 0
185 310 0 0
184 310 0 0
183 310 0 0
182 310 0 0
181 310 0 0
180 310 0 0
179 310 0 0
178 310 0 0
177 310 0 0
176 310 0 0
175 310 0 0
191 309 0 0
190 309 0 0
189 309 0 0
188 309 0 0
187 309 0 0
186 309 0 0
185 309 0 0
184 309 0 0
183 309 0 0
182 309 0 0
181 309 0 0
180 309 0 0
179 309 0 0
178 309 0 0
193 308 0 0
192 308 0 0
191 308 0 0
190 308 0 0
189 308 0 0
188 308 0 0
187 308 0 0
186 308 0 0
185 308 0 0
184 308 0 0
183 308 0 0
182 308 0 0
181 308 0 0
196 307 0 0
195 307 0 0
194 307 0 0
193 307 0 0
192 307 0 0
191 307 0 0
190 307 0 0
189 307 0 0
188 307 0 0
187 307 0 0
186 307 0 0
185 307 0 0
184 307 0 0
198 306 0 0
197 306 0 0
196 306 0 0
195 306 0 0
194 306 0 0
193 306 0 0
192 306 0 0
191 306 0 0
190 306 0 0
189 306 0 0
188 306 0 0
187 306 0 0
186 306 0 0
200 305 0 0
199 305 0 0
198 305 0 0
197 305 0 0
196 305 0 0
195 305 0 0
194 305 0 0
193 305 0 0
192 305 0 0
191 305 0 0
190 305 0 0
189 305 0 0
188 305 0 0
202 304 0 0
201 304 0 0
200 304 0 0
199 304 0 0
198 304 0 0
197 304 0 0
196 304 0 0
195 304 0 0
194 304 0 0
193 304 0 0
192 304 0 0
191 304 0 0
205 303 0 0
204 303 0 0
203 303 0 0
202 303 0 0
201 303 0 0
200 303 0 0
199 303 0 0
198 303 0 0
197 303 0 0
196 303 0 0
195 303 0 0
194 303 0 0
193 303 0 0
207 302 0 0
206 302 0 0
205 302 0 0
204 302 0 0
203 302 0 0
202 302 0 0
201 302 0 0
200 302 0 0
199 302 0 0
198 302 0 0
197 302 0 0
196 302 0 0
195 302 0 0
209 301 0 0
208 301 0 0
207 301 0 0
206 301 0 0
205 301 0 0
204 301 0 0
203 301 0 0
202 301 0 0
201 301 0 0
200 301 0 0
199 301 0 0
198 301 0 0
197 301 0 0
211 300 0 0
210 300 0 0
209 300 0 0
208 300 0 0
207 300 0 0
206 300 0 0
205 300 0 0
204 300 0 0
203 300 0 0
202 300 0 0
201 300 0 0
200 300 0 0
199 300 0 0
213 299 0 0
212 299 0 0
211 299 0 0
210 299 0 0
209 299 0 0
208 299 0 0
207 299 0 0
206 299 0 0
205 299 0 0
204 299 0 0
203 299 0 0
202 299 0 0
216 298 0 0
215 298 0 0
214 298 0 0
213 298 0 0
212 298 0 0
211 298 0 0
210 298 0 0
209 298 0 0
208 298 0 0
207 298 0 0
206 298 0 0
205 298 0 0
204 298 0 0
218 297 0 0
217 297 0 0
216 297 0 0
215 297 0 0
214 297 0 0
213 297 0 0
212 297 0 0
211 297 0 0
210 297 0 0
209 297 0 0
208 297 0 0
207 297 0 0
206 297 0 0
220 296 0 0
219 296 0 0
218 296 0 0
217 296 0 0
216 296 0 0
215 296 0 0
214 296 0 0
213 296 0 0
212 296 0 0
211 296 0 0
210 296 0 0
209 296 0 0
208 296 0 0
222 295 0 0
221 295 0 0
220 295 0 0
219 295 0 0
218 295 0 0
217 295 0 0
216 295 0 0
215 295 0 0
214 295 0 0
213 295 0 0
212 295 0 0
211 295 0 0
224 294 0 0
223 294 0 0
222 294 0 0
221 294 0 0
220 294 0 0
219 294 0 0
218 294 0 0
217 294 0 0
216 294 0 0
215 294 0 0
214 294 0 0
213 294 0 0
227 293 0 0
226 293 0 0
225 293 0 0
224 293 0 0
223 293 0 0
222 293 0 0
221 293 0 0
220 293 0 0
219 293 0 0
218 293 0 0
217 293 0 0
216 293 0 0
215 293 0 0
229 292 0 0
228 292 0 0
227 292 0 0
226 292 0 0
225 292 0 0
224 292 0 0
223 292 0 0
222 292 0 0
221 292 0 0
220 292 0 0
219 292 0 0
218 292 0 0
217 292 0 0
231 291 0 0
230 291 0 0
229 291 0 0
228 291 0 0
227 291 0 0
226 291 0 0
225 291 0 0
224 291 0 0
223 291 0 0
222 291 0 0
221 291 0 0
220 291 0 0
219 291 0 0
233 290 0 0
232 290 0 0
231 290 0 0
230 290 0 0
229 290 0 0
228 290 0 0
227 290 0 0
226 290 0 0
225 290 0 0
224 290 0 0
223 290 0 0
222 290 0 0
236 289 0 0
235 289 0 0
234 289 0 0
233 289 0 0
232 289 0 0
231 289 0 0
230 289 0 0
229 289 0 0
228 289 0 0
227 289 0 0
226 289 0 0
225 289 0 0
224 289 0 0
238 288 0 0
237 288 0 0
236 288 0 0
235 288 0 0
234 288 0 0
233 288 0 0
232 288 0 0
231 288 0 0
230 288 0 0
229 288 0 0
228 288 0 0
227 288 0 0
226 288 0 0
240 287 0 0
239 287 0 0
238 287 0 0
237 287 0 0
236 287 0 0
235 287 0 0
234 287 0 0
233 287 0 0
232 287 0 0
231 287 0 0
230 287 0 0
229 287 0 0
228 287 0 0
242 286 0 0
241 286 0 0
240 286 0 0
239 286 0 0
238 286 0 0
237 286 0 0
236 286 0 0
235 286 0 0
234 286 0 0
233 286 0 0
232 286 0 0
231 286 0 0
245 285 0 0
244 285 0 0
243 285 0 0
242 285 0 0
241 285 0 0
240 285 0 0
239 285 0 0
238 285 0 0
237 285 0 0
236 285 0 0
235 285 0 0
234 285 0 0
233 285 0 0
247 284 0 0
246 284 0 0
245 284 0 0
244 284 0 0
243 284 0 0
242 284 0 0
241 284 0 0
240 284 0 0
239 284 0 0
238 284 0 0
237 284 0 0
236 284 0 0
235 284 0 0
249 283 0 0
248 283 0 0
247 283 0 0
246 283 0 0
245 283 0 0
244 283 0 0
243 283 0 0
242 283 0 0
241 283 0 0
240 283 0 0
239 283 0 0
238 283 0 0
237 283 0 0
251 282 0 0
250 282 0 0
249 282 0 0
248 282 0 0
247 282 0 0
246 282 0 0
245 282 0 0
244 282 0 0
243 282 0 0
242 282 0 0
241 282 0 0
240 282 0 0
254 281 0 0
253 281 0 0
252 281 0 0
251 281 0 0
250 281 0 0
249 281 0 0
248 281 0 0
247 281 0 0
246 281 0 0
245 281 0 0
244 281 0 0
243 281 0 0
242 281 0 0
256 280 0 0
255 280 0 0
254 280 0 0
253 280 0 0
252 280 0 0
251 280 0 0
250 280 0 0
249 280 0 0
248 280 0 0
247 280 0 0
246 280 0 0
245 280 0 0
244 280 0 0
258 279 0 0
257 279 0 0
256 279 0 0
255 279 0 0
254 279 0 0
253 279 0 0
252 279 0 0
251 279 0 0
250 279 0 0
249 279 0 0
248 279 0 0
247 279 0 0
246 279 0 0
260 278 0 0
259 278 0 0
258 278 0 0
257 278 0 0
256 278 0 0
255 278 0 0
254 278 0 0
253 278 0 0
252 278 0 0
251 278 0 0
250 278 0 0
249 278 0 0
263 277 0 0
262 277 0 0
261 277 0 0
260 277 0 0
259 277 0 0
258 277 0 0
257 277 0 0
256 277 0 0
255 277 0 0
254 277 0 0
253 277 0 0
252 277 0 0
251 277 0 0
265 276 0 0
264 276 0 0
263 276 0 0
262 276 0 0
261 276 0 0
260 276 0 0
259 276 0 0
258 276 0 0
257 276 0 0
256 276 0 0
255 276 0 0
254 276 0 0
253 276 0 0
267 275 0 0
266 275 0 0
265 275 0 0
264 275 0 0
263 275 0 0
262 275 0 0
261 275 0 0
260 275 0 0
259 275 0 0
258 275 0 0
257 275 0 0
256 275 0 0
255 275 0 0
270 274 0 0
269 274 0 0
268 274 0 0
267 274 0 0
266 274 0 0
265 274 0 0
264 274 0 0
263 274 0 0
262 274 0 0
261 274 0 0
260 274 0 0
259 274 0 0
258 274 0 0
272 273 0 0
271 273 0 0
270 273 0 0
269 273 0 0
268 273 0 0
267 273 0 0
266 273 0 0
265 273 0 0
264 273 0 0
263 273 0 0
262 273 0 0
261 273 0 0
260 273 0 0
274 272 0 0
273 272 0 0
272 272 0 0
271 272 0 0
270 272 0 0
269 272 0 0
268 272 0 0
267 272 0 0
266 272 0 0
265 272 0 0
264 272 0 0
263 272 0 0
262 272 0 0
276 271 0 0
275 271 0 0
274 271 0 0
273 271 0 0
272 271 0 0
271 271 0 0
270 271 0 0
269 271 0 0
268 271 0 0
267 271 0 0
266 271 0 0
265 271 0 0
279 270 0 0
278 270 0 0
277 270 0 0
276 270 0 0
275 270 0 0
274 270 0 0
273 270 0 0
272 270 0 0
271 270 0 0
270 270 0 0
269 270 0 0
268 270 0 0
267 270 0 0
281 269 0 0
280 269 0 0
279 269 0 0
278 269 0 0
277 269 0 0
276 269 0 0
275 269 0 0
274 269 0 0
273 269 0 0
272 269 0 0
271 269 0 0
270 269 0 0
269 269 0 0
284 268 0 0
283 268 0 0
282 268 0 0
281 268 0 0
280 268 0 0
279 268 0 0
278 268 0 0
277 268 0 0
276 268 0 0
275 268 0 0
274 268 0 0
273 268 0 0
272 268 0 0
271 268 0 0
286 267 0 0
285 267 0 0
284 267 0 0
283 267 0 0
282 267 0 0
281 267 0 0
280 267 0 0
279 267 0 0
278 267 0 0
277 267 0 0
276 267 0 0
275 267 0 0
274 267 0 0
289 266 0 0
288 266 0 0
287 266 0 0
286 266 0 0
285 266 0 0
284 266 0 0
283 266 0 0
282 266 0 0
281 266 0 0
280 266 0 0
279 266 0 0
278 266 0 0
277 266 0 0
276 266 0 0
291 265 0 0
290 265 0 0
289 265 0 0
288 265 0 0
287 265 0 0
286 265 0 0
285 265 0 0
284 265 0 0
283 265 0 0
282 265 0 0
281 265 0 0
280 265 0 0
279 265 0 0
278 265 0 0
179 265 0 0
178 265 0 0
177 265 0 0
176 265 0 0
175 265 0 0
174 265 0 0
173 265 0 0
172 265 0 0
171 265 0 0
294 264 0 0
293 264 0 0
292 264 0 0
291 264 0 0
290 264 0 0
289 264 0 0
288 264 0 0
287 264 0 0
286 264 0 0
285 264 0 0
284 264 0 0
283 264 0 0
282 264 0 0
281 264 0 0
179 264 0 0
178 264 0 0
177 264 0 0
176 264 0 0
175 264 0 0
174 264 0 0
173 264 0 0
172 264 0 0
171 264 0 0
170 264 0 0
296 263 0 0
295 263 0 0
294 263 0 0
293 263 0 0
292 263 0 0
291 263 0 0
290 263 0 0
289 263 0 0
288 263 0 0
287 263 0 0
286 263 0 0
285 263 0 0
284 263 0 0
283 263 0 0
179 263 0 0
178 263 0 0
177 263 0 0
176 263 0 0
175 263 0 0
174 263 0 0
173 263 0 0
172 263 0 0
171 263 0 0
170 263 0 0
169 263 0 0
299 262 0 0
298 262 0 0
297 262 0 0
296 262 0 0
295 262 0 0
294 262 0 0
293 262 0 0
292 262 0 0
291 262 0 0
290 262 0 0
289 262 0 0
288 262 0 0
287 262 0 0
286 262 0 0
179 262 0 0
178 262 0 0
177 262 0 0
176 262 0 0
175 262 0 0
174 262 0 0
173 262 0 0
172 262 0 0
171 262 0 0
170 262 0 0
169 262 0 0
168 262 0 0
301 261 0 0
300 261 0 0
299 261 0 0
298 261 0 0
297 261 0 0
296 261 0 0
295 261 0 0
294 261 0 0
293 261 0 0
292 261 0 0
291 261 0 0
290 261 0 0
289 261 0 0
288 261 0 0
174 261 0 0
173 261 0 0
172 261 0 0
171 261 0 0
170 261 0 0
169 261 0 0
168 261 0 0
167 261 0 0
304 260 0 0
303 260 0 0
302 260 0 0
301 260 0 0
300 260 0 0
299 260 0 0
298 260 0 0
297 260 0 0
296 260 0 0
295 260 0 0
294 260 0 0
293 260 0 0
292 260 0 0
291 260 0 0
172 260 0 0
171 260 0 0
170 260 0 0
169 260 0 0
168 260 0 0
167 260 0 0
166 260 0 0
165 260 0 0
307 259 0 0
306 259 0 0
305 259 0 0
304 259 0 0
303 259 0 0
302 259 0 0
301 259 0 0
300 259 0 0
299 259 0 0
298 259 0 0
297 259 0 0
296 259 0 0
295 259 0 0
294 259 0 0
293 259 0 0
171 259 0 0
170 259 0 0
169 259 0 0
168 259 0 0
167 259 0 0
166 259 0 0
165 259 0 0
164 259 0 0
307 258 0 0
306 258 0 0
305 258 0 0
304 258 0 0
303 258 0 0
302 258 0 0
301 258 0 0
300 258 0 0
299 258 0 0
298 258 0 0
297 258 0 0
296 258 0 0
170 258 0 0
169 258 0 0
168 258 0 0
167 258 0 0
166 258 0 0
165 258 0 0
164 258 0 0
163 258 0 0
162 258 0 0
307 257 0 0
306 257 0 0
305 257 0 0
304 257 0 0
303 257 0 0
302 257 0 0
301 257 0 0
300 257 0 0
299 257 0 0
298 257 0 0
169 257 0 0
168 257 0 0
167 257 0 0
166 257 0 0
165 257 0 0
164 257 0 0
163 257 0 0
162 257 0 0
161 257 0 0
307 256 0 0
306 256 0 0
305 256 0 0
304 256 0 0
303 256 0 0
302 256 0 0
301 256 0 0
168 256 0 0
167 256 0 0
166 256 0 0
165 256 0 0
164 256 0 0
163 256 0 0
162 256 0 0
161 256 0 0
160 256 0 0
166 255 0 0
165 255 0 0
164 255 0 0
163 255 0 0
162 255 0 0
161 255 0 0
160 255 0 0
159 255 0 0
165 254 0 0
164 254 0 0
163 254 0 0
162 254 0 0
161 254 0 0
160 254 0 0
159 254 0 0
158 254 0 0
163 253 0 0
162 253 0 0
161 253 0 0
160 253 0 0
159 253 0 0
158 253 0 0
157 253 0 0
162 252 0 0
161 252 0 0
160 252 0 0
159 252 0 0
158 252 0 0
157 252 0 0
161 251 0 0
160 251 0 0
159 251 0 0
158 251 0 0
157 251 0 0
156 251 0 0
160 250 0 0
159 250 0 0
158 250 0 0
157 250 0 0
156 250 0 0
155 250 0 0
160 249 0 0
159 249 0 0
158 249 0 0
157 249 0 0
156 249 0 0
155 249 0 0
154 249 0 0
153 249 0 0
159 248 0 0
158 248 0 0
157 248 0 0
156 248 0 0
155 248 0 0
154 248 0 0
153 248 0 0
152 248 0 0
158 247 0 0
157 247 0 0
156 247 0 0
155 247 0 0
154 247 0 0
153 247 0 0
152 247 0 0
151 247 0 0
157 246 0 0
156 246 0 0
155 246 0 0
154 246 0 0
153 246 0 0
152 246 0 0
151 246 0 0
156 245 0 0
155 245 0 0
154 245 0 0
153 245 0 0
152 245 0 0
151 245 0 0
150 245 0 0
155 244 0 0
154 244 0 0
153 244 0 0
152 244 0 0
151 244 0 0
150 244 0 0
149 244 0 0
333 243 0 0
332 243 0 0
331 243 0 0
330 243 0 0
154 243 0 0
153 243 0 0
152 243 0 0
151 243 0 0
150 243 0 0
149 243 0 0
148 243 0 0
333 242 0 0
332 242 0 0
331 242 0 0
330 242 0 0
153 242 0 0
152 242 0 0
151 242 0 0
150 242 0 0
149 242 0 0
148 242 0 0
333 241 0 0
332 241 0 0
331 241 0 0
330 241 0 0
152 241 0 0
151 241 0 0
150 241 0 0
149 241 0 0
148 241 0 0
333 240 0 0
332 240 0 0
331 240 0 0
330 240 0 0
152 240 0 0
151 240 0 0
150 240 0 0
149 240 0 0
148 240 0 0
333 239 0 0
332 239 0 0
331 239 0 0
330 239 0 0
151 239 0 0
150 239 0 0
149 239 0 0
148 239 0 0
333 238 0 0
332 238 0 0
331 238 0 0
330 238 0 0
151 238 0 0
150 238 0 0
149 238 0 0
148 238 0 0
147 238 0 0
333 237 0 0
332 237 0 0
331 237 0 0
330 237 0 0
151 237 0 0
150 237 0 0
149 237 0 0
148 237 0 0
147 237 0 0
146 237 0 0
333 236 0 0
332 236 0 0
331 236 0 0
330 236 0 0
151 236 0 0
150 236 0 0
149 236 0 0
148 236 0 0
147 236 0 0
146 236 0 0
333 235 0 0
332 235 0 0
331 235 0 0
330 235 0 0
150 235 0 0
149 235 0 0
148 235 0 0
147 235 0 0
146 235 0 0
334 234 0 0
333 234 0 0
332 234 0 0
331 234 0 0
330 234 0 0
149 234 0 0
148 234 0 0
147 234 0 0
146 234 0 0
334 233 0 0
333 233 0 0
332 233 0 0
331 233 0 0
330 233 0 0
149 233 0 0
148 233 0 0
147 233 0 0
146 233 0 0
334 232 0 0
333 232 0 0
332 232 0 0
331 232 0 0
330 232 0 0
149 232 0 0
148 232 0 0
147 232 0 0
146 232 0 0
334 231 0 0
333 231 0 0
332 231 0 0
331 231 0 0
330 231 0 0
149 231 0 0
148 231 0 0
147 231 0 0
146 231 0 0
335 230 0 0
334 230 0 0
333 230 0 0
332 230 0 0
331 230 0 0
330 230 0 0
149 230 0 0
148 230 0 0
147 230 0 0
146 230 0 0
335 229 0 0
334 229 0 0
333 229 0 0
332 229 0 0
331 229 0 0
149 229 0 0
148 229 0 0
147 229 0 0
146 229 0 0
335 228 0 0
334 228 0 0
333 228 0 0
332 228 0 0
331 228 0 0
149 228 0 0
148 228 0 0
147 228 0 0
146 228 0 0
335 227 0 0
334 227 0 0
333 227 0 0
332 227 0 0
331 227 0 0
149 227 0 0
148 227 0 0
147 227 0 0
146 227 0 0
336 226 0 0
335 226 0 0
334 226 0 0
333 226 0 0
332 226 0 0
331 226 0 0
149 226 0 0
148 226 0 0
147 226 0 0
146 226 0 0
336 225 0 0
335 225 0 0
334 225 0 0
333 225 0 0
332 225 0 0
163 225 0 1
162 225 0 1
161 225 0 1
160 225 0 1
149 225 0 0
148 225 0 0
147 225 0 0
146 225 0 0
336 224 0 0
335 224 0 0
334 224 0 0
333 224 0 0
332 224 0 0
163 224 0 1
162 224 0 1
161 224 0 1
160 224 0 1
149 224 0 0
148 224 0 0
147 224 0 0
146 224 0 0
336 223 0 0
335 223 0 0
334 223 0 0
333 223 0 0
332 223 0 0
163 223 0 1
162 223 0 1
161 223 0 1
160 223 0 1
149 223 0 0
148 223 0 0
147 223 0 0
146 223 0 0
336 222 0 0
335 222 0 0
334 222 0 0
333 222 0 0
332 222 0 0
163 222 0 1
162 222 0 1
161 222 0 1
160 222 0 1
159 222 0 1
149 222 0 0
148 222 0 0
147 222 0 0
146 222 0 0
337 221 0 0
336 221 0 0
335 221 0 0
334 221 0 0
333 221 0 0
332 221 0 0
163 221 0 1
162 221 0 1
161 221 0 1
160 221 0 1
159 221 0 1
149 221 0 0
148 221 0 0
147 221 0 0
146 221 0 0
337 220 0 0
336 220 0 0
335 220 0 0
334 220 0 0
333 220 0 0
163 220 0 1
162 220 0 1
161 220 0 1
160 220 0 1
159 220 0 1
149 220 0 0
148 220 0 0
147 220 0 0
146 220 0 0
337 219 0 0
336 219 0 0
335 219 0 0
334 219 0 0
333 219 0 0
163 219 0 1
162 219 0 1
161 219 0 1
160 219 0 1
159 219 0 1
149 219 0 0
148 219 0 0
147 219 0 0
146 219 0 0
338 218 0 0
337 218 0 0
336 218 0 0
335 218 0 0
334 218 0 0
333 218 0 0
165 218 0 1
164 218 0 1
163 218 0 1
162 218 0 1
161 218 0 1
160 218 0 1
159 218 0 1
149 218 0 0
148 218 0 0
147 218 0 0
146 218 0 0
338 217 0 0
337 217 0 0
336 217 0 0
335 217 0 0
334 217 0 0
333 217 0 0
166 217 0 1
165 217 0 1
164 217 0 1
163 217 0 1
162 217 0 1
161 217 0 1
160 217 0 1
159 217 0 1
149 217 0 0
148 217 0 0
147 217 0 0
146 217 0 0
338 216 0 0
337 216 0 0
336 216 0 0
335 216 0 0
334 216 0 0
167 216 0 1
166 216 0 1
165 216 0 1
164 216 0 1
163 216 0 1
162 216 0 1
161 216 0 1
160 216 0 1
149 216 0 0
148 216 0 0
147 216 0 0
146 216 0 0
338 215 0 0
337 215 0 0
336 215 0 0
335 215 0 0
334 215 0 0
167 215 0 1
166 215 0 1
165 215 0 1
164 215 0 1
163 215 0 1
162 215 0 1
161 215 0 1
149 215 0 0
148 215 0 0
147 215 0 0
146 215 0 0
339 214 0 0
338 214 0 0
337 214 0 0
336 214 0 0
335 214 0 0
334 214 0 0
168 214 0 1
167 214 0 1
166 214 0 1
165 214 0 1
164 214 0 1
163 214 0 1
149 214 0 0
148 214 0 0
147 214 0 0
146 214 0 0
339 213 0 0
338 213 0 0
337 213 0 0
336 213 0 0
335 213 0 0
169 213 0 1
168 213 0 1
167 213 0 1
166 213 0 1
165 213 0 1
164 213 0 1
163 213 0 1
149 213 0 0
148 213 0 0
147 213 0 0
146 213 0 0
339 212 0 0
338 212 0 0
337 212 0 0
336 212 0 0
335 212 0 0
170 212 0 1
169 212 0 1
168 212 0 1
167 212 0 1
166 212 0 1
165 212 0 1
164 212 0 1
149 212 0 0
148 212 0 0
147 212 0 0
146 212 0 0
339 211 0 0
338 211 0 0
337 211 0 0
336 211 0 0
335 211 0 0
171 211 0 1
170 211 0 1
169 211 0 1
168 211 0 1
167 211 0 1
166 211 0 1
165 211 0 1
149 211 0 0
148 211 0 0
147 211 0 0
146 211 0 0
339 210 0 0
338 210 0 0
337 210 0 0
336 210 0 0
335 210 0 0
171 210 0 1
170 210 0 1
169 210 0 1
168 210 0 1
167 210 0 1
166 210 0 1
165 210 0 1
149 210 0 0
148 210 0 0
147 210 0 0
146 210 0 0
339 209 0 0
338 209 0 0
337 209 0 0
336 209 0 0
335 209 0 0
172 209 0 1
171 209 0 1
170 209 0 1
169 209 0 1
168 209 0 1
167 209 0 1
149 209 0 0
148 209 0 0
147 209 0 0
146 209 0 0
339 208 0 0
338 208 0 0
337 208 0 0
336 208 0 0
335 208 0 0
173 208 0 1
172 208 0 1
171 208 0 1
170 208 0 1
169 208 0 1
168 208 0 1
167 208 0 1
149 208 0 0
148 208 0 0
147 208 0 0
146 208 0 0
340 207 0 0
339 207 0 0
338 207 0 0
337 207 0 0
336 207 0 0
174 207 0 1
173 207 0 1
172 207 0 1
171 207 0 1
170 207 0 1
169 207 0 1
168 207 0 1
149 207 0 0
148 207 0 0
147 207 0 0
146 207 0 0
340 206 0 0
339 206 0 0
338 206 0 0
337 206 0 0
336 206 0 0
175 206 0 1
174 206 0 1
173 206 0 1
172 206 0 1
171 206 0 1
170 206 0 1
169 206 0 1
149 206 0 0
148 206 0 0
147 206 0 0
146 206 0 0
340 205 0 0
339 205 0 0
338 205 0 0
337 205 0 0
336 205 0 0
176 205 0 1
175 205 0 1
174 205 0 1
173 205 0 1
172 205 0 1
171 205 0 1
170 205 0 1
149 205 0 0
148 205 0 0
147 205 0 0
146 205 0 0
340 204 0 0
339 204 0 0
338 204 0 0
337 204 0 0
336 204 0 0
178 204 0 1
177 204 0 1
176 204 0 1
175 204 0 1
174 204 0 1
173 204 0 1
172 204 0 1
171 204 0 1
149 204 0 0
148 204 0 0
147 204 0 0
146 204 0 0
340 203 0 0
339 203 0 0
338 203 0 0
337 203 0 0
336 203 0 0
179 203 0 1
178 203 0 1
177 203 0 1
176 203 0 1
175 203 0 1
174 203 0 1
173 203 0 1
172 203 0 1
171 203 0 1
149 203 0 0
148 203 0 0
147 203 0 0
146 203 0 0
340 202 0 0
339 202 0 0
338 202 0 0
337 202 0 0
336 202 0 0
180 202 0 1
179 202 0 1
178 202 0 1
177 202 0 1
176 202 0 1
175 202 0 1
174 202 0 1
173 202 0 1
172 202 0 1
149 202 0 0
148 202 0 0
147 202 0 0
146 202 0 0
340 201 0 0
339 201 0 0
338 201 0 0
337 201 0 0
336 201 0 0
180 201 0 1
179 201 0 1
178 201 0 1
177 201 0 1
176 201 0 1
175 201 0 1
174 201 0 1
173 201 0 1
149 201 0 0
148 201 0 0
147 201 0 0
146 201 0 0
341 200 0 0
340 200 0 0
339 200 0 0
338 200 0 0
337 200 0 0
181 200 0 1
180 200 0 1
179 200 0 1
178 200 0 1
177 200 0 1
176 200 0 1
175 200 0 1
149 200 0 0
148 200 0 0
147 200 0 0
146 200 0 0
341 199 0 0
340 199 0 0
339 199 0 0
338 199 0 0
337 199 0 0
182 199 0 1
181 199 0 1
180 199 0 1
179 199 0 1
178 199 0 1
177 199 0 1
176 199 0 1
149 199 0 0
148 199 0 0
147 199 0 0
146 199 0 0
341 198 0 0
340 198 0 0
339 198 0 0
338 198 0 0
337 198 0 0
183 198 0 1
182 198 0 1
181 198 0 1
180 198 0 1
179 198 0 1
178 198 0 1
177 198 0 1
149 198 0 0
148 198 0 0
147 198 0 0
146 198 0 0
341 197 0 0
340 197 0 0
339 197 0 0
338 197 0 0
337 197 0 0
184 197 0 1
183 197 0 1
182 197 0 1
181 197 0 1
180 197 0 1
179 197 0 1
178 197 0 1
149 197 0 0
148 197 0 0
147 197 0 0
146 197 0 0
341 196 0 0
340 196 0 0
339 196 0 0
338 196 0 0
337 196 0 0
186 196 0 1
185 196 0 1
184 196 0 1
183 196 0 1
182 196 0 1
181 196 0 1
180 196 0 1
179 196 0 1
149 196 0 0
148 196 0 0
147 196 0 0
146 196 0 0
341 195 0 0
340 195 0 0
339 195 0 0
338 195 0 0
337 195 0 0
187 195 0 1
186 195 0 1
185 195 0 1
184 195 0 1
183 195 0 1
182 195 0 1
181 195 0 1
180 195 0 1
149 195 0 0
148 195 0 0
147 195 0 0
146 195 0 0
341 194 0 0
340 194 0 0
339 194 0 0
338 194 0 0
337 194 0 0
188 194 0 1
187 194 0 1
186 194 0 1
185 194 0 1
184 194 0 1
183 194 0 1
182 194 0 1
181 194 0 1
149 194 0 0
148 194 0 0
147 194 0 0
146 194 0 0
341 193 0 0
340 193 0 0
339 193 0 0
338 193 0 0
337 193 0 0
189 193 0 1
188 193 0 1
187 193 0 1
186 193 0 1
185 193 0 1
184 193 0 1
183 193 0 1
182 193 0 1
149 193 0 0
148 193 0 0
147 193 0 0
146 193 0 0
341 192 0 0
340 192 0 0
339 192 0 0
338 192 0 0
190 192 0 1
189 192 0 1
188 192 0 1
187 192 0 1
186 192 0 1
185 192 0 1
184 192 0 1
183 192 0 1
149 192 0 0
148 192 0 0
147 192 0 0
146 192 0 0
342 191 0 0
341 191 0 0
340 191 0 0
339 191 0 0
338 191 0 0
191 191 0 1
190 191 0 1
189 191 0 1
188 191 0 1
187 191 0 1
186 191 0 1
185 191 0 1
149 191 0 0
148 191 0 0
147 191 0 0
146 191 0 0
342 190 0 0
341 190 0 0
340 190 0 0
339 190 0 0
338 190 0 0
192 190 0 1
191 190 0 1
190 190 0 1
189 190 0 1
188 190 0 1
187 190 0 1
186 190 0 1
185 190 0 1
149 190 0 0
148 190 0 0
147 190 0 0
146 190 0 0
342 189 0 0
341 189 0 0
340 189 0 0
339 189 0 0
338 189 0 0
194 189 0 1
193 189 0 1
192 189 0 1
191 189 0 1
190 189 0 1
189 189 0 1
188 189 0 1
187 189 0 1
186 189 0 1
149 189 0 0
148 189 0 0
147 189 0 0
146 189 0 0
342 188 0 0
341 188 0 0
340 188 0 0
339 188 0 0
338 188 0 0
195 188 0 1
194 188 0 1
193 188 0 1
192 188 0 1
191 188 0 1
190 188 0 1
189 188 0 1
188 188 0 1
149 188 0 0
148 188 0 0
147 188 0 0
146 188 0 0
342 187 0 0
341 187 0 0
340 187 0 0
339 187 0 0
338 187 0 0
196 187 0 1
195 187 0 1
194 187 0 1
193 187 0 1
192 187 0 1
191 187 0 1
190 187 0 1
189 187 0 1
149 187 0 0
148 187 0 0
147 187 0 0
146 187 0 0
342 186 0 0
341 186 0 0
340 186 0 0
339 186 0 0
338 186 0 0
197 186 0 1
196 186 0 1
195 186 0 1
194 186 0 1
193 186 0 1
192 186 0 1
191 186 0 1
190 186 0 1
149 186 0 0
148 186 0 0
147 186 0 0
146 186 0 0
342 185 0 0
341 185 0 0
340 185 0 0
339 185 0 0
338 185 0 0
198 185 0 1
197 185 0 1
196 185 0 1
195 185 0 1
194 185 0 1
193 185 0 1
192 185 0 1
149 185 0 0
148 185 0 0
147 185 0 0
146 185 0 0
342 184 0 0
341 184 0 0
340 184 0 0
339 184 0 0
199 184 0 1
198 184 0 1
197 184 0 1
196 184 0 1
195 184 0 1
194 184 0 1
193 184 0 1
149 184 0 0
148 184 0 0
147 184 0 0
146 184 0 0
342 183 0 0
341 183 0 0
340 183 0 0
339 183 0 0
200 183 0 1
199 183 0 1
198 183 0 1
197 183 0 1
196 183 0 1
195 183 0 1
194 183 0 1
149 183 0 0
148 183 0 0
147 183 0 0
146 183 0 0
342 182 0 0
341 182 0 0
340 182 0 0
339 182 0 0
201 182 0 1
200 182 0 1
199 182 0 1
198 182 0 1
197 182 0 1
196 182 0 1
195 182 0 1
149 182 0 0
148 182 0 0
147 182 0 0
146 182 0 0
343 181 0 0
342 181 0 0
341 181 0 0
340 181 0 0
339 181 0 0
203 181 0 1
202 181 0 1
201 181 0 1
200 181 0 1
199 181 0 1
198 181 0 1
197 181 0 1
196 181 0 1
149 181 0 0
148 181 0 0
147 181 0 0
146 181 0 0
344 180 0 0
343 180 0 0
342 180 0 0
341 180 0 0
340 180 0 0
339 180 0 0
204 180 0 1
203 180 0 1
202 180 0 1
201 180 0 1
200 180 0 1
199 180 0 1
198 180 0 1
197 180 0 1
149 180 0 0
148 180 0 0
147 180 0 0
146 180 0 0
344 179 0 0
343 179 0 0
342 179 0 0
341 179 0 0
340 179 0 0
339 179 0 0
206 179 0 1
205 179 0 1
204 179 0 1
203 179 0 1
202 179 0 1
201 179 0 1
200 179 0 1
199 179 0 1
198 179 0 1
149 179 0 0
148 179 0 0
147 179 0 0
146 179 0 0
345 178 0 0
344 178 0 0
343 178 0 0
342 178 0 0
341 178 0 0
340 178 0 0
207 178 0 1
206 178 0 1
205 178 0 1
204 178 0 1
203 178 0 1
202 178 0 1
201 178 0 1
200 178 0 1
199 178 0 1
149 178 0 0
148 178 0 0
147 178 0 0
146 178 0 0
345 177 0 0
344 177 0 0
343 177 0 0
342 177 0 0
341 177 0 0
208 177 0 1
207 177 0 1
206 177 0 1
205 177 0 1
204 177 0 1
203 177 0 1
202 177 0 1
201 177 0 1
149 177 0 0
148 177 0 0
147 177 0 0
146 177 0 0
345 176 0 0
344 176 0 0
343 176 0 0
342 176 0 0
341 176 0 0
209 176 0 1
208 176 0 1
207 176 0 1
206 176 0 1
205 176 0 1
204 176 0 1
203 176 0 1
202 176 0 1
149 176 0 0
148 176 0 0
147 176 0 0
146 176 0 0
345 175 0 0
344 175 0 0
343 175 0 0
342 175 0 0
210 175 0 1
209 175 0 1
208 175 0 1
207 175 0 1
206 175 0 1
205 175 0 1
204 175 0 1
149 175 0 0
148 175 0 0
147 175 0 0
146 175 0 0
345 174 0 0
344 174 0 0
343 174 0 0
342 174 0 0
210 174 0 1
209 174 0 1
208 174 0 1
207 174 0 1
206 174 0 1
205 174 0 1
149 174 0 0
148 174 0 0
147 174 0 0
146 174 0 0
345 173 0 0
344 173 0 0
343 173 0 0
342 173 0 0
212 173 0 1
211 173 0 1
210 173 0 1
209 173 0 1
208 173 0 1
207 173 0 1
206 173 0 1
149 173 0 0
148 173 0 0
147 173 0 0
146 173 0 0
345 172 0 0
344 172 0 0
343 172 0 0
342 172 0 0
214 172 0 1
213 172 0 1
212 172 0 1
211 172 0 1
210 172 0 1
209 172 0 1
208 172 0 1
207 172 0 1
149 172 0 0
148 172 0 0
147 172 0 0
146 172 0 0
345 171 0 0
344 171 0 0
343 171 0 0
342 171 0 0
216 171 0 1
215 171 0 1
214 171 0 1
213 171 0 1
212 171 0 1
211 171 0 1
210 171 0 1
209 171 0 1
208 171 0 1
207 171 0 1
149 171 0 0
148 171 0 0
147 171 0 0
146 171 0 0
345 170 0 0
344 170 0 0
343 170 0 0
342 170 0 0
218 170 0 1
217 170 0 1
216 170 0 1
215 170 0 1
214 170 0 1
213 170 0 1
212 170 0 1
211 170 0 1
210 170 0 1
209 170 0 1
208 170 0 1
149 170 0 0
148 170 0 0
147 170 0 0
146 170 0 0
346 169 0 0
345 169 0 0
344 169 0 0
343 169 0 0
342 169 0 0
219 169 0 1
218 169 0 1
217 169 0 1
216 169 0 1
215 169 0 1
214 169 0 1
213 169 0 1
212 169 0 1
211 169 0 1
210 169 0 1
209 169 0 1
149 169 0 0
148 169 0 0
147 169 0 0
146 169 0 0
346 168 0 0
345 168 0 0
344 168 0 0
343 168 0 0
342 168 0 0
221 168 0 1
220 168 0 1
219 168 0 1
218 168 0 1
217 168 0 1
216 168 0 1
215 168 0 1
214 168 0 1
213 168 0 1
212 168 0 1
211 168 0 1
149 168 0 0
148 168 0 0
147 168 0 0
146 168 0 0
346 167 0 0
345 167 0 0
344 167 0 0
343 167 0 0
342 167 0 0
222 167 0 1
221 167 0 1
220 167 0 1
219 167 0 1
218 167 0 1
217 167 0 1
216 167 0 1
215 167 0 1
214 167 0 1
213 167 0 1
149 167 0 0
148 167 0 0
147 167 0 0
146 167 0 0
346 166 0 0
345 166 0 0
344 166 0 0
343 166 0 0
342 166 0 0
224 166 0 1
223 166 0 1
222 166 0 1
221 166 0 1
220 166 0 1
219 166 0 1
218 166 0 1
217 166 0 1
216 166 0 1
215 166 0 1
149 166 0 0
148 166 0 0
147 166 0 0
146 166 0 0
346 165 0 0
345 165 0 0
344 165 0 0
343 165 0 0
342 165 0 0
226 165 0 1
225 165 0 1
224 165 0 1
223 165 0 1
222 165 0 1
221 165 0 1
220 165 0 1
219 165 0 1
218 165 0 1
217 165 0 1
149 165 0 0
148 165 0 0
147 165 0 0
146 165 0 0
346 164 0 0
345 164 0 0
344 164 0 0
343 164 0 0
229 164 0 1
228 164 0 1
227 164 0 1
226 164 0 1
225 164 0 1
224 164 0 1
223 164 0 1
222 164 0 1
221 164 0 1
220 164 0 1
219 164 0 1
149 164 0 0
148 164 0 0
147 164 0 0
146 164 0 0
346 163 0 0
345 163 0 0
344 163 0 0
343 163 0 0
233 163 0 1
232 163 0 1
231 163 0 1
230 163 0 1
229 163 0 1
228 163 0 1
227 163 0 1
226 163 0 1
225 163 0 1
224 163 0 1
223 163 0 1
222 163 0 1
221 163 0 1
220 163 0 1
149 163 0 0
148 163 0 0
147 163 0 0
146 163 0 0
346 162 0 0
345 162 0 0
344 162 0 0
343 162 0 0
235 162 0 1
234 162 0 1
233 162 0 1
232 162 0 1
231 162 0 1
230 162 0 1
229 162 0 1
228 162 0 1
227 162 0 1
226 162 0 1
225 162 0 1
224 162 0 1
223 162 0 1
222 162 0 1
149 162 0 0
148 162 0 0
147 162 0 0
146 162 0 0
346 161 0 0
345 161 0 0
344 161 0 0
343 161 0 0
238 161 0 1
237 161 0 1
236 161 0 1
235 161 0 1
234 161 0 1
233 161 0 1
232 161 0 1
231 161 0 1
230 161 0 1
229 161 0 1
228 161 0 1
227 161 0 1
226 161 0 1
225 161 0 1
224 161 0 1
223 161 0 1
149 161 0 0
148 161 0 0
147 161 0 0
146 161 0 0
346 160 0 0
345 160 0 0
344 160 0 0
343 160 0 0
243 160 0 1
242 160 0 1
241 160 0 1
240 160 0 1
239 160 0 1
238 160 0 1
237 160 0 1
236 160 0 1
235 160 0 1
234 160 0 1
233 160 0 1
232 160 0 1
231 160 0 1
230 160 0 1
229 160 0 1
228 160 0 1
227 160 0 1
226 160 0 1
149 160 0 0
148 160 0 0
147 160 0 0
146 160 0 0
346 159 0 0
345 159 0 0
344 159 0 0
343 159 0 0
245 159 0 1
244 159 0 1
243 159 0 1
242 159 0 1
241 159 0 1
240 159 0 1
239 159 0 1
238 159 0 1
237 159 0 1
236 159 0 1
235 159 0 1
234 159 0 1
233 159 0 1
232 159 0 1
231 159 0 1
230 159 0 1
229 159 0 1
228 159 0 1
149 159 0 0
148 159 0 0
147 159 0 0
146 159 0 0
346 158 0 0
345 158 0 0
344 158 0 0
343 158 0 0
246 158 0 1
245 158 0 1
244 158 0 1
243 158 0 1
242 158 0 1
241 158 0 1
240 158 0 1
239 158 0 1
238 158 0 1
237 158 0 1
236 158 0 1
235 158 0 1
234 158 0 1
233 158 0 1
232 158 0 1
149 158 0 0
148 158 0 0
147 158 0 0
146 158 0 0
346 157 0 0
345 157 0 0
344 157 0 0
343 157 0 0
250 157 0 1
249 157 0 1
248 157 0 1
247 157 0 1
246 157 0 1
245 157 0 1
244 157 0 1
243 157 0 1
242 157 0 1
241 157 0 1
240 157 0 1
239 157 0 1
238 157 0 1
237 157 0 1
236 157 0 1
235 157 0 1
149 157 0 0
148 157 0 0
147 157 0 0
146 157 0 0
346 156 0 0
345 156 0 0
344 156 0 0
343 156 0 0
254 156 0 1
253 156 0 1
252 156 0 1
251 156 0 1
250 156 0 1
249 156 0 1
248 156 0 1
247 156 0 1
246 156 0 1
245 156 0 1
244 156 0 1
243 156 0 1
242 156 0 1
241 156 0 1
149 156 0 0
148 156 0 0
147 156 0 0
146 156 0 0
346 155 0 0
345 155 0 0
344 155 0 0
343 155 0 0
258 155 0 1
257 155 0 1
256 155 0 1
255 155 0 1
254 155 0 1
253 155 0 1
252 155 0 1
251 155 0 1
250 155 0 1
249 155 0 1
248 155 0 1
247 155 0 1
246 155 0 1
245 155 0 1
244 155 0 1
243 155 0 1
242 155 0 1
149 155 0 0
148 155 0 0
147 155 0 0
146 155 0 0
346 154 0 0
345 154 0 0
344 154 0 0
343 154 0 0
261 154 0 1
260 154 0 1
259 154 0 1
258 154 0 1
257 154 0 1
256 154 0 1
255 154 0 1
254 154 0 1
253 154 0 1
252 154 0 1
251 154 0 1
250 154 0 1
249 154 0 1
248 154 0 1
247 154 0 1
246 154 0 1
245 154 0 1
244 154 0 1
149 154 0 0
148 154 0 0
147 154 0 0
146 154 0 0
346 153 0 0
345 153 0 0
344 153 0 0
343 153 0 0
266 153 0 1
265 153 0 1
264 153 0 1
263 153 0 1
262 153 0 1
261 153 0 1
260 153 0 1
259 153 0 1
258 153 0 1
257 153 0 1
256 153 0 1
255 153 0 1
254 153 0 1
253 153 0 1
252 153 0 1
251 153 0 1
250 153 0 1
249 153 0 1
248 153 0 1
247 153 0 1
246 153 0 1
245 153 0 1
149 153 0 0
148 153 0 0
147 153 0 0
146 153 0 0
346 152 0 0
345 152 0 0
344 152 0 0
343 152 0 0
269 152 0 1
268 152 0 1
267 152 0 1
266 152 0 1
265 152 0 1
264 152 0 1
263 152 0 1
262 152 0 1
261 152 0 1
260 152 0 1
259 152 0 1
258 152 0 1
257 152 0 1
256 152 0 1
255 152 0 1
254 152 0 1
253 152 0 1
252 152 0 1
251 152 0 1
250 152 0 1
249 152 0 1
150 152 0 0
149 152 0 0
148 152 0 0
147 152 0 0
146 152 0 0
346 151 0 0
345 151 0 0
344 151 0 0
343 151 0 0
275 151 0 1
274 151 0 1
273 151 0 1
272 151 0 1
271 151 0 1
270 151 0 1
269 151 0 1
268 151 0 1
267 151 0 1
266 151 0 1
265 151 0 1
264 151 0 1
263 151 0 1
262 151 0 1
261 151 0 1
260 151 0 1
259 151 0 1
258 151 0 1
257 151 0 1
256 151 0 1
255 151 0 1
254 151 0 1
253 151 0 1
150 151 0 0
149 151 0 0
148 151 0 0
147 151 0 0
146 151 0 0
346 150 0 0
345 150 0 0
344 150 0 0
343 150 0 0
277 150 0 1
276 150 0 1
275 150 0 1
274 150 0 1
273 150 0 1
272 150 0 1
271 150 0 1
270 150 0 1
269 150 0 1
268 150 0 1
267 150 0 1
266 150 0 1
265 150 0 1
264 150 0 1
263 150 0 1
262 150 0 1
261 150 0 1
260 150 0 1
259 150 0 1
258 150 0 1
257 150 0 1
150 150 0 0
149 150 0 0
148 150 0 0
147 150 0 0
146 150 0 0
346 149 0 0
345 149 0 0
344 149 0 0
343 149 0 0
278 149 0 1
277 149 0 1
276 149 0 1
275 149 0 1
274 149 0 1
273 149 0 1
272 149 0 1
271 149 0 1
270 149 0 1
269 149 0 1
268 149 0 1
267 149 0 1
266 149 0 1
265 149 0 1
264 149 0 1
263 149 0 1
262 149 0 1
261 149 0 1
260 149 0 1
151 149 0 0
150 149 0 0
149 149 0 0
148 149 0 0
147 149 0 0
146 149 0 0
346 148 0 0
345 148 0 0
344 148 0 0
343 148 0 0
282 148 0 1
281 148 0 1
280 148 0 1
279 148 0 1
278 148 0 1
277 148 0 1
276 148 0 1
275 148 0 1
274 148 0 1
273 148 0 1
272 148 0 1
271 148 0 1
270 148 0 1
269 148 0 1
268 148 0 1
267 148 0 1
266 148 0 1
265 148 0 1
151 148 0 0
150 148 0 0
149 148 0 0
148 148 0 0
147 148 0 0
146 148 0 0
346 147 0 0
345 147 0 0
344 147 0 0
343 147 0 0
284 147 0 1
283 147 0 1
282 147 0 1
281 147 0 1
280 147 0 1
279 147 0 1
278 147 0 1
277 147 0 1
276 147 0 1
275 147 0 1
274 147 0 1
273 147 0 1
151 147 0 0
150 147 0 0
149 147 0 0
148 147 0 0
147 147 0 0
346 146 0 0
345 146 0 0
344 146 0 0
343 146 0 0
287 146 0 1
286 146 0 1
285 146 0 1
284 146 0 1
283 146 0 1
282 146 0 1
281 146 0 1
280 146 0 1
279 146 0 1
278 146 0 1
277 146 0 1
276 146 0 1
275 146 0 1
274 146 0 1
151 146 0 0
150 146 0 0
149 146 0 0
148 146 0 0
147 146 0 0
346 145 0 0
345 145 0 0
344 145 0 0
343 145 0 0
294 145 0 1
293 145 0 1
292 145 0 1
291 145 0 1
290 145 0 1
289 145 0 1
288 145 0 1
287 145 0 1
286 145 0 1
285 145 0 1
284 145 0 1
283 145 0 1
282 145 0 1
281 145 0 1
280 145 0 1
279 145 0 1
278 145 0 1
277 145 0 1
276 145 0 1
151 145 0 0
150 145 0 0
149 145 0 0
148 145 0 0
147 145 0 0
346 144 0 0
345 144 0 0
344 144 0 0
343 144 0 0
297 144 0 1
296 144 0 1
295 144 0 1
294 144 0 1
293 144 0 1
292 144 0 1
291 144 0 1
290 144 0 1
289 144 0 1
288 144 0 1
287 144 0 1
286 144 0 1
285 144 0 1
284 144 0 1
283 144 0 1
282 144 0 1
281 144 0 1
280 144 0 1
279 144 0 1
278 144 0 1
277 144 0 1
152 144 0 0
151 144 0 0
150 144 0 0
149 144 0 0
148 144 0 0
147 144 0 0
346 143 0 0
345 143 0 0
344 143 0 0
343 143 0 0
300 143 0 1
299 143 0 1
298 143 0 1
297 143 0 1
296 143 0 1
295 143 0 1
294 143 0 1
293 143 0 1
292 143 0 1
291 143 0 1
290 143 0 1
289 143 0 1
288 143 0 1
287 143 0 1
286 143 0 1
285 143 0 1
284 143 0 1
283 143 0 1
282 143 0 1
281 143 0 1
152 143 0 0
151 143 0 0
150 143 0 0
149 143 0 0
148 143 0 0
147 143 0 0
346 142 0 0
345 142 0 0
344 142 0 0
343 142 0 0
303 142 0 1
302 142 0 1
301 142 0 1
300 142 0 1
299 142 0 1
298 142 0 1
297 142 0 1
296 142 0 1
295 142 0 1
294 142 0 1
293 142 0 1
292 142 0 1
291 142 0 1
290 142 0 1
289 142 0 1
288 142 0 1
287 142 0 1
286 142 0 1
285 142 0 1
284 142 0 1
152 142 0 0
151 142 0 0
150 142 0 0
149 142 0 0
148 142 0 0
346 141 0 0
345 141 0 0
344 141 0 0
343 141 0 0
308 141 0 1
307 141 0 1
306 141 0 1
305 141 0 1
304 141 0 1
303 141 0 1
302 141 0 1
301 141 0 1
300 141 0 1
299 141 0 1
298 141 0 1
297 141 0 1
296 141 0 1
295 141 0 1
294 141 0 1
293 141 0 1
292 141 0 1
291 141 0 1
152 141 0 0
151 141 0 0
150 141 0 0
149 141 0 0
148 141 0 0
346 140 0 0
345 140 0 0
344 140 0 0
343 140 0 0
320 140 0 1
319 140 0 1
318 140 0 1
317 140 0 1
316 140 0 1
315 140 0 1
314 140 0 1
313 140 0 1
312 140 0 1
311 140 0 1
310 140 0 1
309 140 0 1
308 140 0 1
307 140 0 1
306 140 0 1
305 140 0 1
304 140 0 1
303 140 0 1
302 140 0 1
301 140 0 1
300 140 0 1
299 140 0 1
298 140 0 1
297 140 0 1
296 140 0 1
295 140 0 1
294 140 0 1
152 140 0 0
151 140 0 0
150 140 0 0
149 140 0 0
148 140 0 0
346 139 0 0
345 139 0 0
344 139 0 0
343 139 0 0
320 139 0 1
319 139 0 1
318 139 0 1
317 139 0 1
316 139 0 1
315 139 0 1
314 139 0 1
313 139 0 1
312 139 0 1
311 139 0 1
310 139 0 1
309 139 0 1
308 139 0 1
307 139 0 1
306 139 0 1
305 139 0 1
304 139 0 1
303 139 0 1
302 139 0 1
301 139 0 1
300 139 0 1
299 139 0 1
298 139 0 1
297 139 0 1
296 139 0 1
153 139 0 0
152 139 0 0
151 139 0 0
150 139 0 0
149 139 0 0
148 139 0 0
346 138 0 0
345 138 0 0
344 138 0 0
343 138 0 0
320 138 0 1
319 138 0 1
318 138 0 1
317 138 0 1
316 138 0 1
315 138 0 1
314 138 0 1
313 138 0 1
312 138 0 1
311 138 0 1
310 138 0 1
309 138 0 1
308 138 0 1
307 138 0 1
306 138 0 1
305 138 0 1
304 138 0 1
303 138 0 1
302 138 0 1
301 138 0 1
300 138 0 1
299 138 0 1
153 138 0 0
152 138 0 0
151 138 0 0
150 138 0 0
149 138 0 0
148 138 0 0
346 137 0 0
345 137 0 0
344 137 0 0
343 137 0 0
320 137 0 1
319 137 0 1
318 137 0 1
317 137 0 1
316 137 0 1
315 137 0 1
314 137 0 1
313 137 0 1
312 137 0 1
311 137 0 1
310 137 0 1
309 137 0 1
308 137 0 1
307 137 0 1
306 137 0 1
305 137 0 1
304 137 0 1
303 137 0 1
154 137 0 0
153 137 0 0
152 137 0 0
151 137 0 0
150 137 0 0
149 137 0 0
346 136 0 0
345 136 0 0
344 136 0 0
343 136 0 0
154 136 0 0
153 136 0 0
152 136 0 0
151 136 0 0
150 136 0 0
149 136 0 0
346 135 0 0
345 135 0 0
344 135 0 0
343 135 0 0
155 135 0 0
154 135 0 0
153 135 0 0
152 135 0 0
151 135 0 0
150 135 0 0
346 134 0 0
345 134 0 0
344 134 0 0
343 134 0 0
155 134 0 0
154 134 0 0
153 134 0 0
152 134 0 0
151 134 0 0
150 134 0 0
346 133 0 0
345 133 0 0
344 133 0 0
343 133 0 0
155 133 0 0
154 133 0 0
153 133 0 0
152 133 0 0
151 133 0 0
346 132 0 0
345 132 0 0
344 132 0 0
343 132 0 0
155 132 0 0
154 132 0 0
153 132 0 0
152 132 0 0
151 132 0 0
346 131 0 0
345 131 0 0
344 131 0 0
343 131 0 0
156 131 0 0
155 131 0 0
154 131 0 0
153 131 0 0
152 131 0 0
151 131 0 0
346 130 0 0
345 130 0 0
344 130 0 0
343 130 0 0
156 130 0 0
155 130 0 0
154 130 0 0
153 130 0 0
152 130 0 0
151 130 0 0
346 129 0 0
345 129 0 0
344 129 0 0
343 129 0 0
156 129 0 0
155 129 0 0
154 129 0 0
153 129 0 0
152 129 0 0
346 128 0 0
345 128 0 0
344 128 0 0
343 128 0 0
156 128 0 0
155 128 0 0
154 128 0 0
153 128 0 0
152 128 0 0
346 127 0 0
345 127 0 0
344 127 0 0
343 127 0 0
156 127 0 0
155 127 0 0
154 127 0 0
153 127 0 0
152 127 0 0
346 126 0 0
345 126 0 0
344 126 0 0
343 126 0 0
342 126 0 0
157 126 0 0
156 126 0 0
155 126 0 0
154 126 0 0
153 126 0 0
152 126 0 0
346 125 0 0
345 125 0 0
344 125 0 0
343 125 0 0
342 125 0 0
157 125 0 0
156 125 0 0
155 125 0 0
154 125 0 0
153 125 0 0
152 125 0 0
346 124 0 0
345 124 0 0
344 124 0 0
343 124 0 0
342 124 0 0
157 124 0 0
156 124 0 0
155 124 0 0
154 124 0 0
153 124 0 0
346 123 0 0
345 123 0 0
344 123 0 0
343 123 0 0
342 123 0 0
157 123 0 0
156 123 0 0
155 123 0 0
154 123 0 0
153 123 0 0
346 122 0 0
345 122 0 0
344 122 0 0
343 122 0 0
342 122 0 0
158 122 0 0
157 122 0 0
156 122 0 0
155 122 0 0
154 122 0 0
153 122 0 0
346 121 0 0
345 121 0 0
344 121 0 0
343 121 0 0
342 121 0 0
159 121 0 0
158 121 0 0
157 121 0 0
156 121 0 0
155 121 0 0
154 121 0 0
153 121 0 0
346 120 0 0
345 120 0 0
344 120 0 0
343 120 0 0
342 120 0 0
159 120 0 0
158 120 0 0
157 120 0 0
156 120 0 0
155 120 0 0
154 120 0 0
345 119 0 0
344 119 0 0
343 119 0 0
342 119 0 0
160 119 0 0
159 119 0 0
158 119 0 0
157 119 0 0
156 119 0 0
155 119 0 0
345 118 0 0
344 118 0 0
343 118 0 0
342 118 0 0
161 118 0 0
160 118 0 0
159 118 0 0
158 118 0 0
157 118 0 0
156 118 0 0
155 118 0 0
345 117 0 0
344 117 0 0
343 117 0 0
342 117 0 0
341 117 0 0
161 117 0 0
160 117 0 0
159 117 0 0
158 117 0 0
157 117 0 0
156 117 0 0
345 116 0 0
344 116 0 0
343 116 0 0
342 116 0 0
341 116 0 0
162 116 0 0
161 116 0 0
160 116 0 0
159 116 0 0
158 116 0 0
157 116 0 0
345 115 0 0
344 115 0 0
343 115 0 0
342 115 0 0
341 115 0 0
162 115 0 0
161 115 0 0
160 115 0 0
159 115 0 0
158 115 0 0
157 115 0 0
345 114 0 0
344 114 0 0
343 114 0 0
342 114 0 0
341 114 0 0
163 114 0 0
162 114 0 0
161 114 0 0
160 114 0 0
159 114 0 0
158 114 0 0
345 113 0 0
344 113 0 0
343 113 0 0
342 113 0 0
341 113 0 0
198 113 0 1
197 113 0 1
196 113 0 1
195 113 0 1
194 113 0 1
193 113 0 1
192 113 0 1
191 113 0 1
190 113 0 1
189 113 0 1
163 113 0 0
162 113 0 0
161 113 0 0
160 113 0 0
159 113 0 0
158 113 0 0
344 112 0 0
343 112 0 0
342 112 0 0
341 112 0 0
318 112 0 1
317 112 0 1
316 112 0 1
315 112 0 1
314 112 0 1
313 112 0 1
312 112 0 1
311 112 0 1
310 112 0 1
309 112 0 1
308 112 0 1
307 112 0 1
306 112 0 1
305 112 0 1
304 112 0 1
303 112 0 1
302 112 0 1
301 112 0 1
300 112 0 1
299 112 0 1
298 112 0 1
297 112 0 1
296 112 0 1
295 112 0 1
294 112 0 1
293 112 0 1
292 112 0 1
291 112 0 1
290 112 0 1
289 112 0 1
288 112 0 1
287 112 0 1
286 112 0 1
285 112 0 1
284 112 0 1
283 112 0 1
282 112 0 1
281 112 0 1
280 112 0 1
279 112 0 1
278 112 0 1
277 112 0 1
276 112 0 1
275 112 0 1
274 112 0 1
273 112 0 1
272 112 0 1
271 112 0 1
270 112 0 1
269 112 0 1
268 112 0 1
267 112 0 1
266 112 0 1
265 112 0 1
264 112 0 1
263 112 0 1
262 112 0 1
261 112 0 1
260 112 0 1
259 112 0 1
258 112 0 1
257 112 0 1
256 112 0 1
255 112 0 1
254 112 0 1
253 112 0 1
252 112 0 1
251 112 0 1
250 112 0 1
249 112 0 1
248 112 0 1
247 112 0 1
246 112 0 1
245 112 0 1
244 112 0 1
243 112 0 1
242 112 0 1
241 112 0 1
240 112 0 1
239 112 0 1
238 112 0 1
237 112 0 1
236 112 0 1
235 112 0 1
234 112 0 1
233 112 0 1
232 112 0 1
231 112 0 1
230 112 0 1
229 112 0 1
228 112 0 1
227 112 0 1
226 112 0 1
225 112 0 1
224 112 0 1
223 112 0 1
222 112 0 1
221 112 0 1
220 112 0 1
219 112 0 1
218 112 0 1
217 112 0 1
216 112 0 1
215 112 0 1
214 112 0 1
213 112 0 1
212 112 0 1
211 112 0 1
210 112 0 1
209 112 0 1
208 112 0 1
207 112 0 1
206 112 0 1
205 112 0 1
204 112 0 1
203 112 0 1
202 112 0 1
201 112 0 1
200 112 0 1
199 112 0 1
198 112 0 1
197 112 0 1
196 112 0 1
195 112 0 1
194 112 0 1
193 112 0 1
192 112 0 1
191 112 0 1
190 112 0 1
189 112 0 1
163 112 0 0
162 112 0 0
161 112 0 0
160 112 0 0
159 112 0 0
344 111 0 0
343 111 0 0
342 111 0 0
341 111 0 0
318 111 0 1
317 111 0 1
316 111 0 1
315 111 0 1
314 111 0 1
313 111 0 1
312 111 0 1
311 111 0 1
310 111 0 1
309 111 0 1
308 111 0 1
307 111 0 1
306 111 0 1
305 111 0 1
304 111 0 1
303 111 0 1
302 111 0 1
301 111 0 1
300 111 0 1
299 111 0 1
298 111 0 1
297 111 0 1
296 111 0 1
295 111 0 1
294 111 0 1
293 111 0 1
292 111 0 1
291 111 0 1
290 111 0 1
289 111 0 1
288 111 0 1
287 111 0 1
286 111 0 1
285 111 0 1
284 111 0 1
283 111 0 1
282 111 0 1
281 111 0 1
280 111 0 1
279 111 0 1
278 111 0 1
277 111 0 1
276 111 0 1
275 111 0 1
274 111 0 1
273 111 0 1
272 111 0 1
271 111 0 1
270 111 0 1
269 111 0 1
268 111 0 1
267 111 0 1
266 111 0 1
265 111 0 1
264 111 0 1
263 111 0 1
262 111 0 1
261 111 0 1
260 111 0 1
259 111 0 1
258 111 0 1
257 111 0 1
256 111 0 1
255 111 0 1
254 111 0 1
253 111 0 1
252 111 0 1
251 111 0 1
250 111 0 1
249 111 0 1
248 111 0 1
247 111 0 1
246 111 0 1
245 111 0 1
244 111 0 1
243 111 0 1
242 111 0 1
241 111 0 1
240 111 0 1
239 111 0 1
238 111 0 1
237 111 0 1
236 111 0 1
235 111 0 1
234 111 0 1
233 111 0 1
232 111 0 1
231 111 0 1
230 111 0 1
229 111 0 1
228 111 0 1
227 111 0 1
226 111 0 1
225 111 0 1
224 111 0 1
223 111 0 1
222 111 0 1
221 111 0 1
220 111 0 1
219 111 0 1
218 111 0 1
217 111 0 1
216 111 0 1
215 111 0 1
214 111 0 1
213 111 0 1
212 111 0 1
211 111 0 1
210 111 0 1
209 111 0 1
208 111 0 1
207 111 0 1
206 111 0 1
205 111 0 1
204 111 0 1
203 111 0 1
202 111 0 1
201 111 0 1
200 111 0 1
199 111 0 1
198 111 0 1
197 111 0 1
196 111 0 1
195 111 0 1
194 111 0 1
193 111 0 1
192 111 0 1
191 111 0 1
190 111 0 1
189 111 0 1
163 111 0 0
162 111 0 0
161 111 0 0
160 111 0 0
159 111 0 0
344 110 0 0
343 110 0 0
342 110 0 0
341 110 0 0
318 110 0 1
317 110 0 1
316 110 0 1
315 110 0 1
314 110 0 1
313 110 0 1
312 110 0 1
311 110 0 1
310 110 0 1
309 110 0 1
308 110 0 1
307 110 0 1
306 110 0 1
305 110 0 1
304 110 0 1
303 110 0 1
302 110 0 1
301 110 0 1
300 110 0 1
299 110 0 1
298 110 0 1
297 110 0 1
296 110 0 1
295 110 0 1
294 110 0 1
293 110 0 1
292 110 0 1
291 110 0 1
290 110 0 1
289 110 0 1
288 110 0 1
287 110 0 1
286 110 0 1
285 110 0 1
284 110 0 1
283 110 0 1
282 110 0 1
281 110 0 1
280 110 0 1
279 110 0 1
278 110 0 1
277 110 0 1
276 110 0 1
275 110 0 1
274 110 0 1
273 110 0 1
272 110 0 1
271 110 0 1
270 110 0 1
269 110 0 1
268 110 0 1
267 110 0 1
266 110 0 1
265 110 0 1
264 110 0 1
263 110 0 1
262 110 0 1
261 110 0 1
260 110 0 1
259 110 0 1
258 110 0 1
257 110 0 1
256 110 0 1
255 110 0 1
254 110 0 1
253 110 0 1
252 110 0 1
251 110 0 1
250 110 0 1
249 110 0 1
248 110 0 1
247 110 0 1
246 110 0 1
245 110 0 1
244 110 0 1
243 110 0 1
242 110 0 1
241 110 0 1
240 110 0 1
239 110 0 1
238 110 0 1
237 110 0 1
236 110 0 1
235 110 0 1
234 110 0 1
233 110 0 1
232 110 0 1
231 110 0 1
230 110 0 1
229 110 0 1
228 110 0 1
227 110 0 1
226 110 0 1
225 110 0 1
224 110 0 1
223 110 0 1
222 110 0 1
221 110 0 1
220 110 0 1
219 110 0 1
218 110 0 1
217 110 0 1
216 110 0 1
215 110 0 1
214 110 0 1
213 110 0 1
212 110 0 1
211 110 0 1
210 110 0 1
209 110 0 1
208 110 0 1
207 110 0 1
206 110 0 1
205 110 0 1
204 110 0 1
203 110 0 1
202 110 0 1
201 110 0 1
200 110 0 1
199 110 0 1
198 110 0 1
197 110 0 1
196 110 0 1
195 110 0 1
194 110 0 1
193 110 0 1
192 110 0 1
191 110 0 1
190 110 0 1
189 110 0 1
163 110 0 0
162 110 0 0
161 110 0 0
160 110 0 0
159 110 0 0
344 109 0 0
343 109 0 0
342 109 0 0
341 109 0 0
340 109 0 0
318 109 0 1
317 109 0 1
316 109 0 1
315 109 0 1
314 109 0 1
313 109 0 1
312 109 0 1
311 109 0 1
310 109 0 1
309 109 0 1
308 109 0 1
307 109 0 1
306 109 0 1
305 109 0 1
304 109 0 1
303 109 0 1
302 109 0 1
301 109 0 1
300 109 0 1
299 109 0 1
298 109 0 1
297 109 0 1
296 109 0 1
295 109 0 1
294 109 0 1
293 109 0 1
292 109 0 1
291 109 0 1
290 109 0 1
289 109 0 1
288 109 0 1
287 109 0 1
286 109 0 1
285 109 0 1
284 109 0 1
283 109 0 1
282 109 0 1
281 109 0 1
280 109 0 1
279 109 0 1
278 109 0 1
277 109 0 1
276 109 0 1
275 109 0 1
274 109 0 1
273 109 0 1
272 109 0 1
271 109 0 1
270 109 0 1
269 109 0 1
268 109 0 1
267 109 0 1
266 109 0 1
265 109 0 1
264 109 0 1
263 109 0 1
262 109 0 1
261 109 0 1
260 109 0 1
259 109 0 1
258 109 0 1
257 109 0 1
256 109 0 1
255 109 0 1
254 109 0 1
253 109 0 1
252 109 0 1
251 109 0 1
250 109 0 1
249 109 0 1
248 109 0 1
247 109 0 1
246 109 0 1
245 109 0 1
244 109 0 1
243 109 0 1
242 109 0 1
241 109 0 1
240 109 0 1
239 109 0 1
238 109 0 1
237 109 0 1
236 109 0 1
235 109 0 1
234 109 0 1
233 109 0 1
232 109 0 1
231 109 0 1
230 109 0 1
229 109 0 1
228 109 0 1
227 109 0 1
226 109 0 1
225 109 0 1
224 109 0 1
223 109 0 1
222 109 0 1
221 109 0 1
220 109 0 1
219 109 0 1
218 109 0 1
217 109 0 1
216 109 0 1
215 109 0 1
214 109 0 1
213 109 0 1
212 109 0 1
211 109 0 1
210 109 0 1
209 109 0 1
208 109 0 1
207 109 0 1
206 109 0 1
205 109 0 1
204 109 0 1
203 109 0 1
202 109 0 1
201 109 0 1
200 109 0 1
199 109 0 1
198 109 0 1
197 109 0 1
196 109 0 1
195 109 0 1
164 109 0 0
163 109 0 0
162 109 0 0
161 109 0 0
160 109 0 0
159 109 0 0
344 108 0 0
343 108 0 0
342 108 0 0
341 108 0 0
340 108 0 0
164 108 0 0
163 108 0 0
162 108 0 0
161 108 0 0
160 108 0 0
159 108 0 0
344 107 0 0
343 107 0 0
342 107 0 0
341 107 0 0
340 107 0 0
164 107 0 0
163 107 0 0
162 107 0 0
161 107 0 0
160 107 0 0
344 106 0 0
343 106 0 0
342 106 0 0
341 106 0 0
340 106 0 0
165 106 0 0
164 106 0 0
163 106 0 0
162 106 0 0
161 106 0 0
160 106 0 0
344 105 0 0
343 105 0 0
342 105 0 0
341 105 0 0
340 105 0 0
339 105 0 0
338 105 0 0
165 105 0 0
164 105 0 0
163 105 0 0
162 105 0 0
161 105 0 0
160 105 0 0
344 104 0 0
343 104 0 0
342 104 0 0
341 104 0 0
340 104 0 0
339 104 0 0
338 104 0 0
165 104 0 0
164 104 0 0
163 104 0 0
162 104 0 0
161 104 0 0
343 103 0 0
342 103 0 0
341 103 0 0
340 103 0 0
339 103 0 0
338 103 0 0
337 103 0 0
166 103 0 0
165 103 0 0
164 103 0 0
163 103 0 0
162 103 0 0
161 103 0 0
342 102 0 0
341 102 0 0
340 102 0 0
339 102 0 0
338 102 0 0
337 102 0 0
336 102 0 0
166 102 0 0
165 102 0 0
164 102 0 0
163 102 0 0
162 102 0 0
161 102 0 0
341 101 0 0
340 101 0 0
339 101 0 0
338 101 0 0
337 101 0 0
336 101 0 0
335 101 0 0
167 101 0 0
166 101 0 0
165 101 0 0
164 101 0 0
163 101 0 0
162 101 0 0
340 100 0 0
339 100 0 0
338 100 0 0
337 100 0 0
336 100 0 0
335 100 0 0
167 100 0 0
166 100 0 0
165 100 0 0
164 100 0 0
163 100 0 0
339 99 0 0
338 99 0 0
337 99 0 0
336 99 0 0
335 99 0 0
167 99 0 0
166 99 0 0
165 99 0 0
164 99 0 0
163 99 0 0
339 98 0 0
338 98 0 0
337 98 0 0
336 98 0 0
335 98 0 0
334 98 0 0
168 98 0 0
167 98 0 0
166 98 0 0
165 98 0 0
164 98 0 0
339 97 0 0
338 97 0 0
337 97 0 0
336 97 0 0
335 97 0 0
334 97 0 0
168 97 0 0
167 97 0 0
166 97 0 0
165 97 0 0
164 97 0 0
338 96 0 0
337 96 0 0
336 96 0 0
335 96 0 0
334 96 0 0
168 96 0 0
167 96 0 0
166 96 0 0
165 96 0 0
164 96 0 0
338 95 0 0
337 95 0 0
336 95 0 0
335 95 0 0
334 95 0 0
333 95 0 0
168 95 0 0
167 95 0 0
166 95 0 0
165 95 0 0
164 95 0 0
338 94 0 0
337 94 0 0
336 94 0 0
335 94 0 0
334 94 0 0
333 94 0 0
332 94 0 0
337 93 0 0
336 93 0 0
335 93 0 0
334 93 0 0
333 93 0 0
332 93 0 0
336 92 0 0
335 92 0 0
334 92 0 0
333 92 0 0
332 92 0 0
331 92 0 0
330 92 0 0
335 91 0 0
334 91 0 0
333 91 0 0
332 91 0 0
331 91 0 0
330 91 0 0
329 91 0 0
328 91 0 0
335 90 0 0
334 90 0 0
333 90 0 0
332 90 0 0
331 90 0 0
330 90 0 0
329 90 0 0
328 90 0 0
327 90 0 0
334 89 0 0
333 89 0 0
332 89 0 0
331 89 0 0
330 89 0 0
329 89 0 0
328 89 0 0
327 89 0 0
326 89 0 0
332 88 0 0
331 88 0 0
330 88 0 0
329 88 0 0
328 88 0 0
327 88 0 0
326 88 0 0
325 88 0 0
324 88 0 0
330 87 0 0
329 87 0 0
328 87 0 0
327 87 0 0
326 87 0 0
325 87 0 0
324 87 0 0
323 87 0 0
329 86 0 0
328 86 0 0
327 86 0 0
326 86 0 0
325 86 0 0
324 86 0 0
323 86 0 0
322 86 0 0
321 86 0 0
328 85 0 0
327 85 0 0
326 85 0 0
325 85 0 0
324 85 0 0
323 85 0 0
322 85 0 0
321 85 0 0
320 85 0 0
319 85 0 0
318 85 0 0
317 85 0 0
316 85 0 0
326 84 0 0
325 84 0 0
324 84 0 0
323 84 0 0
322 84 0 0
321 84 0 0
320 84 0 0
319 84 0 0
318 84 0 0
317 84 0 0
316 84 0 0
315 84 0 0
325 83 0 0
324 83 0 0
323 83 0 0
322 83 0 0
321 83 0 0
320 83 0 0
319 83 0 0
318 83 0 0
317 83 0 0
316 83 0 0
315 83 0 0
314 83 0 0
324 82 0 0
323 82 0 0
322 82 0 0
321 82 0 0
320 82 0 0
319 82 0 0
318 82 0 0
317 82 0 0
316 82 0 0
315 82 0 0
314 82 0 0
313 82 0 0
312 82 0 0
311 82 0 0
319 81 0 0
318 81 0 0
317 81 0 0
316 81 0 0
315 81 0 0
314 81 0 0
313 81 0 0
312 81 0 0
311 81 0 0
310 81 0 0
309 81 0 0
308 81 0 0
317 80 0 0
316 80 0 0
315 80 0 0
314 80 0 0
313 80 0 0
312 80 0 0
311 80 0 0
310 80 0 0
309 80 0 0
308 80 0 0
307 80 0 0
306 80 0 0
316 79 0 0
315 79 0 0
314 79 0 0
313 79 0 0
312 79 0 0
311 79 0 0
310 79 0 0
309 79 0 0
308 79 0 0
307 79 0 0
306 79 0 0
305 79 0 0
304 79 0 0
313 78 0 0
312 78 0 0
311 78 0 0
310 78 0 0
309 78 0 0
308 78 0 0
307 78 0 0
306 78 0 0
305 78 0 0
304 78 0 0
303 78 0 0
302 78 0 0
310 77 0 0
309 77 0 0
308 77 0 0
307 77 0 0
306 77 0 0
305 77 0 0
304 77 0 0
303 77 0 0
302 77 0 0
301 77 0 0
308 76 0 0
307 76 0 0
306 76 0 0
305 76 0 0
304 76 0 0
303 76 0 0
302 76 0 0
301 76 0 0
300 76 0 0
307 75 0 0
306 75 0 0
305 75 0 0
304 75 0 0
303 75 0 0
302 75 0 0
301 75 0 0
300 75 0 0
299 75 0 0
305 74 0 0
304 74 0 0
303 74 0 0
302 74 0 0
301 74 0 0
300 74 0 0
299 74 0 0
298 74 0 0
297 74 0 0
303 73 0 0
302 73 0 0
301 73 0 0
300 73 0 0
299 73 0 0
298 73 0 0
297 73 0 0
296 73 0 0
295 73 0 0
302 72 0 0
301 72 0 0
300 72 0 0
299 72 0 0
298 72 0 0
297 72 0 0
296 72 0 0
295 72 0 0
294 72 0 0
293 72 0 0
301 71 0 0
300 71 0 0
299 71 0 0
298 71 0 0
297 71 0 0
296 71 0 0
295 71 0 0
294 71 0 0
293 71 0 0
292 71 0 0
300 70 0 0
299 70 0 0
298 70 0 0
297 70 0 0
296 70 0 0
295 70 0 0
294 70 0 0
293 70 0 0
292 70 0 0
291 70 0 0
298 69 0 0
297 69 0 0
296 69 0 0
295 69 0 0
294 69 0 0
293 69 0 0
292 69 0 0
291 69 0 0
290 69 0 0
289 69 0 0
296 68 0 0
295 68 0 0
294 68 0 0
293 68 0 0
292 68 0 0
291 68 0 0
290 68 0 0
289 68 0 0
288 68 0 0
287 68 0 0
294 67 0 0
293 67 0 0
292 67 0 0
291 67 0 0
290 67 0 0
289 67 0 0
288 67 0 0
287 67 0 0
286 67 0 0
293 66 0 0
292 66 0 0
291 66 0 0
290 66 0 0
289 66 0 0
288 66 0 0
287 66 0 0
286 66 0 0
285 66 0 0
292 65 0 0
291 65 0 0
290 65 0 0
289 65 0 0
288 65 0 0
287 65 0 0
286 65 0 0
285 65 0 0
284 65 0 0
290 64 0 0
289 64 0 0
288 64 0 0
287 64 0 0
286 64 0 0
285 64 0 0
284 64 0 0
283 64 0 0
288 63 0 0
287 63 0 0
286 63 0 0
285 63 0 0
284 63 0 0
283 63 0 0
282 63 0 0
281 63 0 0
287 62 0 0
286 62 0 0
285 62 0 0
284 62 0 0
283 62 0 0
282 62 0 0
281 62 0 0
280 62 0 0
286 61 0 0
285 61 0 0
284 61 0 0
283 61 0 0
282 61 0 0
281 61 0 0
280 61 0 0
279 61 0 0
285 60 0 0
284 60 0 0
283 60 0 0
282 60 0 0
281 60 0 0
280 60 0 0
279 60 0 0
283 59 0 0
282 59 0 0
281 59 0 0
280 59 0 0
279 59 0 0
278 59 0 0
282 58 0 0
281 58 0 0
280 58 0 0
279 58 0 0
278 58 0 0
277 58 0 0
282 57 0 0
281 57 0 0
280 57 0 0
279 57 0 0
278 57 0 0
277 57 0 0
276 57 0 0
281 56 0 0
280 56 0 0
279 56 0 0
278 56 0 0
277 56 0 0
276 56 0 0
280 55 0 0
279 55 0 0
278 55 0 0
277 55 0 0
276 55 0 0
275 55 0 0
280 54 0 0
279 54 0 0
278 54 0 0
277 54 0 0
276 54 0 0
275 54 0 0
274 54 0 0
279 53 0 0
278 53 0 0
277 53 0 0
276 53 0 0
275 53 0 0
274 53 0 0
273 53 0 0
278 52 0 0
277 52 0 0
276 52 0 0
275 52 0 0
274 52 0 0
273 52 0 0
272 52 0 0
277 51 0 0
276 51 0 0
275 51 0 0
274 51 0 0
273 51 0 0
272 51 0 0
271 51 0 0
277 50 0 0
276 50 0 0
275 50 0 0
274 50 0 0
273 50 0 0
272 50 0 0
271 50 0 0
276 49 0 0
275 49 0 0
274 49 0 0
273 49 0 0
272 49 0 0
271 49 0 0
270 49 0 0
275 48 0 0
274 48 0 0
273 48 0 0
272 48 0 0
271 48 0 0
270 48 0 0
269 48 0 0
268 48 0 0
274 47 0 0
273 47 0 0
272 47 0 0
271 47 0 0
270 47 0 0
269 47 0 0
268 47 0 0
267 47 0 0
273 46 0 0
272 46 0 0
271 46 0 0
270 46 0 0
269 46 0 0
268 46 0 0
267 46 0 0
266 46 0 0
272 45 0 0
271 45 0 0
270 45 0 0
269 45 0 0
268 45 0 0
267 45 0 0
266 45 0 0
265 45 0 0
271 44 0 0
270 44 0 0
269 44 0 0
268 44 0 0
267 44 0 0
266 44 0 0
265 44 0 0
264 44 0 0
270 43 0 0
269 43 0 0
268 43 0 0
267 43 0 0
266 43 0 0
265 43 0 0
264 43 0 0
263 43 0 0
268 42 0 0
267 42 0 0
266 42 0 0
265 42 0 0
264 42 0 0
263 42 0 0
262 42 0 0
267 41 0 0
266 41 0 0
265 41 0 0
264 41 0 0
263 41 0 0
262 41 0 0
261 41 0 0
266 40 0 0
265 40 0 0
264 40 0 0
263 40 0 0
262 40 0 0
261 40 0 0
260 40 0 0
259 40 0 0
265 39 0 0
264 39 0 0
263 39 0 0
262 39 0 0
261 39 0 0
260 39 0 0
259 39 0 0
258 39 0 0
264 38 0 0
263 38 0 0
262 38 0 0
261 38 0 0
260 38 0 0
259 38 0 0
258 38 0 0
257 38 0 0
263 37 0 0
262 37 0 0
261 37 0 0
260 37 0 0
259 37 0 0
258 37 0 0
257 37 0 0
256 37 0 0
255 37 0 0
262 36 0 0
261 36 0 0
260 36 0 0
259 36 0 0
258 36 0 0
257 36 0 0
256 36 0 0
255 36 0 0
254 36 0 0
253 36 0 0
261 35 0 0
260 35 0 0
259 35 0 0
258 35 0 0
257 35 0 0
256 35 0 0
255 35 0 0
254 35 0 0
253 35 0 0
252 35 0 0
251 35 0 0
259 34 0 0
258 34 0 0
257 34 0 0
256 34 0 0
255 34 0 0
254 34 0 0
253 34 0 0
252 34 0 0
251 34 0 0
250 34 0 0
249 34 0 0
258 33 0 0
257 33 0 0
256 33 0 0
255 33 0 0
254 33 0 0
253 33 0 0
252 33 0 0
251 33 0 0
250 33 0 0
249 33 0 0
248 33 0 0
256 32 0 0
255 32 0 0
254 32 0 0
253 32 0 0
252 32 0 0
251 32 0 0
250 32 0 0
249 32 0 0
248 32 0 0
247 32 0 0
254 31 0 0
253 31 0 0
252 31 0 0
251 31 0 0
250 31 0 0
249 31 0 0
248 31 0 0
247 31 0 0
246 31 0 0
252 30 0 0
251 30 0 0
250 30 0 0
249 30 0 0
248 30 0 0
247 30 0 0
246 30 0 0
245 30 0 0
244 30 0 0
250 29 0 0
249 29 0 0
248 29 0 0
247 29 0 0
246 29 0 0
245 29 0 0
244 29 0 0
243 29 0 0
242 29 0 0
241 29 0 0
249 28 0 0
248 28 0 0
247 28 0 0
246 28 0 0
245 28 0 0
244 28 0 0
243 28 0 0
242 28 0 0
241 28 0 0
240 28 0 0
248 27 0 0
247 27 0 0
246 27 0 0
245 27 0 0
244 27 0 0
243 27 0 0
242 27 0 0
241 27 0 0
240 27 0 0
239 27 0 0
238 27 0 0
246 26 0 0
245 26 0 0
244 26 0 0
243 26 0 0
242 26 0 0
241 26 0 0
240 26 0 0
239 26 0 0
238 26 0 0
237 26 0 0
245 25 0 0
244 25 0 0
243 25 0 0
242 25 0 0
241 25 0 0
240 25 0 0
239 25 0 0
238 25 0 0
237 25 0 0
236 25 0 0
242 24 0 0
241 24 0 0
240 24 0 0
239 24 0 0
238 24 0 0
237 24 0 0
236 24 0 0
235 24 0 0
240 23 0 0
239 23 0 0
238 23 0 0
237 23 0 0
236 23 0 0
235 23 0 0
234 23 0 0
239 22 0 0
238 22 0 0
237 22 0 0
236 22 0 0
235 22 0 0
234 22 0 0
233 22 0 0
238 21 0 0
237 21 0 0
236 21 0 0
235 21 0 0
234 21 0 0
233 21 0 0
232 21 0 0
237 20 0 0
236 20 0 0
235 20 0 0
234 20 0 0
233 20 0 0
232 20 0 0
231 20 0 0
237 19 0 0
236 19 0 0
235 19 0 0
234 19 0 0
233 19 0 0
232 19 0 0
231 19 0 0
230 19 0 0
229 19 0 0
236 18 0 0
235 18 0 0
234 18 0 0
233 18 0 0
232 18 0 0
231 18 0 0
230 18 0 0
229 18 0 0
228 18 0 0
235 17 0 0
234 17 0 0
233 17 0 0
232 17 0 0
231 17 0 0
230 17 0 0
229 17 0 0
228 17 0 0
227 17 0 0
233 16 0 0
232 16 0 0
231 16 0 0
230 16 0 0
229 16 0 0
228 16 0 0
227 16 0 0
226 16 0 0
232 15 0 0
231 15 0 0
230 15 0 0
229 15 0 0
228 15 0 0
227 15 0 0
226 15 0 0
225 15 0 0
230 14 0 0
229 14 0 0
228 14 0 0
227 14 0 0
226 14 0 0
225 14 0 0
224 14 0 0
229 13 0 0
228 13 0 0
227 13 0 0
226 13 0 0
225 13 0 0
224 13 0 0
223 13 0 0
228 12 0 0
227 12 0 0
226 12 0 0
225 12 0 0
224 12 0 0
223 12 0 0
222 12 0 0
221 12 0 0
227 11 0 0
226 11 0 0
225 11 0 0
224 11 0 0
223 11 0 0
222 11 0 0
221 11 0 0
220 11 0 0
226 10 0 0
225 10 0 0
224 10 0 0
223 10 0 0
222 10 0 0
221 10 0 0
220 10 0 0
219 10 0 0
218 10 0 0
225 9 0 0
224 9 0 0
223 9 0 0
222 9 0 0
221 9 0 0
220 9 0 0
219 9 0 0
218 9 0 0
217 9 0 0
216 9 0 0
224 8 0 0
223 8 0 0
222 8 0 0
221 8 0 0
220 8 0 0
219 8 0 0
218 8 0 0
217 8 0 0
216 8 0 0
215 8 0 0
214 8 0 0
222 7 0 0
221 7 0 0
220 7 0 0
219 7 0 0
218 7 0 0
217 7 0 0
216 7 0 0
215 7 0 0
214 7 0 0
213 7 0 0
220 6 0 0
219 6 0 0
218 6 0 0
217 6 0 0
216 6 0 0
215 6 0 0
214 6 0 0
213 6 0 0
212 6 0 0
211 6 0 0
218 5 0 0
217 5 0 0
216 5 0 0
215 5 0 0
214 5 0 0
213 5 0 0
212 5 0 0
211 5 0 0
210 5 0 0
209 5 0 0
217 4 0 0
216 4 0 0
215 4 0 0
214 4 0 0
213 4 0 0
212 4 0 0
211 4 0 0
210 4 0 0
209 4 0 0
208 4 0 0
207 4 0 0
216 3 0 0
215 3 0 0
214 3 0 0
213 3 0 0
212 3 0 0
211 3 0 0
210 3 0 0
209 3 0 0
208 3 0 0
207 3 0 0
206 3 0 0
214 2 0 0
213 2 0 0
212 2 0 0
211 2 0 0
210 2 0 0
209 2 0 0
208 2 0 0
207 2 0 0
206 2 0 0
205 2 0 0
204 2 0 0
203 2 0 0
202 2 0 0
211 1 0 0
210 1 0 0
209 1 0 0
208 1 0 0
207 1 0 0
206 1 0 0
205 1 0 0
204 1 0 0
203 1 0 0
202 1 0 0
210 0 0 0
209 0 0 0
208 0 0 0
207 0 0 0
206 0 0 0
205 0 0 0
204 0 0 0
203 0 0 0
202 0 0 0
