4073 284 398
72 371 0 0
71 371 0 0
70 371 0 0
69 371 0 0
68 371 0 0
77 370 0 0
76 370 0 0
75 370 0 0
74 370 0 0
73 370 0 0
72 370 0 0
71 370 0 0
70 370 0 0
69 370 0 0
68 370 0 0
78 369 0 0
77 369 0 0
76 369 0 0
75 369 0 0
74 369 0 0
73 369 0 0
72 369 0 0
71 369 0 0
70 369 0 0
69 369 0 0
68 369 0 0
79 368 0 0
78 368 0 0
77 368 0 0
76 368 0 0
75 368 0 0
74 368 0 0
73 368 0 0
72 368 0 0
71 368 0 0
70 368 0 0
69 368 0 0
68 368 0 0
82 367 0 0
81 367 0 0
80 367 0 0
79 367 0 0
78 367 0 0
77 367 0 0
76 367 0 0
75 367 0 0
74 367 0 0
73 367 0 0
72 367 0 0
71 367 0 0
70 367 0 0
84 366 0 0
83 366 0 0
82 366 0 0
81 366 0 0
80 366 0 0
79 366 0 0
78 366 0 0
77 366 0 0
76 366 0 0
75 366 0 0
74 366 0 0
73 366 0 0
86 365 0 0
85 365 0 0
84 365 0 0
83 365 0 0
82 365 0 0
81 365 0 0
80 365 0 0
79 365 0 0
78 365 0 0
77 365 0 0
76 365 0 0
90 364 0 0
89 364 0 0
88 364 0 0
87 364 0 0
86 364 0 0
85 364 0 0
84 364 0 0
83 364 0 0
82 364 0 0
81 364 0 0
80 364 0 0
79 364 0 0
78 364 0 0
77 364 0 0
92 363 0 0
91 363 0 0
90 363 0 0
89 363 0 0
88 363 0 0
87 363 0 0
86 363 0 0
85 363 0 0
84 363 0 0
83 363 0 0
82 363 0 0
81 363 0 0
80 363 0 0
79 363 0 0
78 363 0 0
93 362 0 0
92 362 0 0
91 362 0 0
90 362 0 0
89 362 0 0
88 362 0 0
87 362 0 0
86 362 0 0
85 362 0 0
84 362 0 0
83 362 0 0
82 362 0 0
81 362 0 0
95 361 0 0
94 361 0 0
93 361 0 0
92 361 0 0
91 361 0 0
90 361 0 0
89 361 0 0
88 361 0 0
87 361 0 0
86 361 0 0
85 361 0 0
84 361 0 0
83 361 0 0
97 360 0 0
96 360 0 0
95 360 0 0
94 360 0 0
93 360 0 0
92 360 0 0
91 360 0 0
90 360 0 0
89 360 0 0
88 360 0 0
87 360 0 0
86 360 0 0
101 359 0 0
100 359 0 0
99 359 0 0
98 359 0 0
97 359 0 0
96 359 0 0
95 359 0 0
94 359 0 0
93 359 0 0
92 359 0 0
91 359 0 0
90 359 0 0
89 359 0 0
103 358 0 0
102 358 0 0
101 358 0 0
100 358 0 0
99 358 0 0
98 358 0 0
97 358 0 0
96 358 0 0
95 358 0 0
94 358 0 0
93 358 0 0
92 358 0 0
91 358 0 0
105 357 0 0
104 357 0 0
103 357 0 0
102 357 0 0
101 357 0 0
100 357 0 0
99 357 0 0
98 357 0 0
97 357 0 0
96 357 0 0
95 357 0 0
94 357 0 0
93 357 0 0
109 356 0 0
108 356 0 0
107 356 0 0
106 356 0 0
105 356 0 0
104 356 0 0
103 356 0 0
102 356 0 0
101 356 0 0
100 356 0 0
99 356 0 0
98 356 0 0
97 356 0 0
96 356 0 0
95 356 0 0
94 356 0 0
113 355 0 0
112 355 0 0
111 355 0 0
110 355 0 0
109 355 0 0
108 355 0 0
107 355 0 0
106 355 0 0
105 355 0 0
104 355 0 0
103 355 0 0
102 355 0 0
101 355 0 0
100 355 0 0
99 355 0 0
98 355 0 0
97 355 0 0
96 355 0 0
115 354 0 0
114 354 0 0
113 354 0 0
112 354 0 0
111 354 0 0
110 354 0 0
109 354 0 0
108 354 0 0
107 354 0 0
106 354 0 0
105 354 0 0
104 354 0 0
103 354 0 0
102 354 0 0
101 354 0 0
100 354 0 0
117 353 0 0
116 353 0 0
115 353 0 0
114 353 0 0
113 353 0 0
112 353 0 0
111 353 0 0
110 353 0 0
109 353 0 0
108 353 0 0
107 353 0 0
106 353 0 0
105 353 0 0
104 353 0 0
103 353 0 0
102 353 0 0
122 352 0 0
121 352 0 0
120 352 0 0
119 352 0 0
118 352 0 0
117 352 0 0
116 352 0 0
115 352 0 0
114 352 0 0
113 352 0 0
112 352 0 0
111 352 0 0
110 352 0 0
109 352 0 0
108 352 0 0
107 352 0 0
106 352 0 0
105 352 0 0
104 352 0 0
128 351 0 0
127 351 0 0
126 351 0 0
125 351 0 0
124 351 0 0
123 351 0 0
122 351 0 0
121 351 0 0
120 351 0 0
119 351 0 0
118 351 0 0
117 351 0 0
116 351 0 0
115 351 0 0
114 351 0 0
113 351 0 0
112 351 0 0
111 351 0 0
110 351 0 0
109 351 0 0
108 351 0 0
130 350 0 0
129 350 0 0
128 350 0 0
127 350 0 0
126 350 0 0
125 350 0 0
124 350 0 0
123 350 0 0
122 350 0 0
121 350 0 0
120 350 0 0
119 350 0 0
118 350 0 0
117 350 0 0
116 350 0 0
115 350 0 0
114 350 0 0
113 350 0 0
112 350 0 0
132 349 0 0
131 349 0 0
130 349 0 0
129 349 0 0
128 349 0 0
127 349 0 0
126 349 0 0
125 349 0 0
124 349 0 0
123 349 0 0
122 349 0 0
121 349 0 0
120 349 0 0
119 349 0 0
118 349 0 0
117 349 0 0
116 349 0 0
115 349 0 0
114 349 0 0
138 348 0 0
137 348 0 0
136 348 0 0
135 348 0 0
134 348 0 0
133 348 0 0
132 348 0 0
131 348 0 0
130 348 0 0
129 348 0 0
128 348 0 0
127 348 0 0
126 348 0 0
125 348 0 0
124 348 0 0
123 348 0 0
122 348 0 0
121 348 0 0
120 348 0 0
119 348 0 0
118 348 0 0
117 348 0 0
144 347 0 0
143 347 0 0
142 347 0 0
141 347 0 0
140 347 0 0
139 347 0 0
138 347 0 0
137 347 0 0
136 347 0 0
135 347 0 0
134 347 0 0
133 347 0 0
132 347 0 0
131 347 0 0
130 347 0 0
129 347 0 0
128 347 0 0
127 347 0 0
126 347 0 0
125 347 0 0
124 347 0 0
123 347 0 0
122 347 0 0
148 346 0 0
147 346 0 0
146 346 0 0
145 346 0 0
144 346 0 0
143 346 0 0
142 346 0 0
141 346 0 0
140 346 0 0
139 346 0 0
138 346 0 0
137 346 0 0
136 346 0 0
135 346 0 0
134 346 0 0
133 346 0 0
132 346 0 0
131 346 0 0
130 346 0 0
129 346 0 0
128 346 0 0
127 346 0 0
157 345 0 0
156 345 0 0
155 345 0 0
154 345 0 0
153 345 0 0
152 345 0 0
151 345 0 0
150 345 0 0
149 345 0 0
148 345 0 0
147 345 0 0
146 345 0 0
145 345 0 0
144 345 0 0
143 345 0 0
142 345 0 0
141 345 0 0
140 345 0 0
139 345 0 0
138 345 0 0
137 345 0 0
136 345 0 0
135 345 0 0
134 345 0 0
133 345 0 0
132 345 0 0
131 345 0 0
130 345 0 0
129 345 0 0
159 344 0 0
158 344 0 0
157 344 0 0
156 344 0 0
155 344 0 0
154 344 0 0
153 344 0 0
152 344 0 0
151 344 0 0
150 344 0 0
149 344 0 0
148 344 0 0
147 344 0 0
146 344 0 0
145 344 0 0
144 344 0 0
143 344 0 0
142 344 0 0
141 344 0 0
140 344 0 0
139 344 0 0
138 344 0 0
137 344 0 0
136 344 0 0
135 344 0 0
134 344 0 0
133 344 0 0
132 344 0 0
161 343 0 0
160 343 0 0
159 343 0 0
158 343 0 0
157 343 0 0
156 343 0 0
155 343 0 0
154 343 0 0
153 343 0 0
152 343 0 0
151 343 0 0
150 343 0 0
149 343 0 0
148 343 0 0
147 343 0 0
146 343 0 0
145 343 0 0
144 343 0 0
143 343 0 0
142 343 0 0
141 343 0 0
140 343 0 0
139 343 0 0
138 343 0 0
163 342 0 0
162 342 0 0
161 342 0 0
160 342 0 0
159 342 0 0
158 342 0 0
157 342 0 0
156 342 0 0
155 342 0 0
154 342 0 0
153 342 0 0
152 342 0 0
151 342 0 0
150 342 0 0
149 342 0 0
148 342 0 0
147 342 0 0
146 342 0 0
145 342 0 0
144 342 0 0
143 342 0 0
176 341 0 0
175 341 0 0
174 341 0 0
173 341 0 0
172 341 0 0
171 341 0 0
170 341 0 0
169 341 0 0
168 341 0 0
167 341 0 0
166 341 0 0
165 341 0 0
164 341 0 0
163 341 0 0
162 341 0 0
161 341 0 0
160 341 0 0
159 341 0 0
158 341 0 0
157 341 0 0
156 341 0 0
155 341 0 0
154 341 0 0
179 340 0 0
178 340 0 0
177 340 0 0
176 340 0 0
175 340 0 0
174 340 0 0
173 340 0 0
172 340 0 0
171 340 0 0
170 340 0 0
169 340 0 0
168 340 0 0
167 340 0 0
166 340 0 0
165 340 0 0
164 340 0 0
163 340 0 0
162 340 0 0
161 340 0 0
160 340 0 0
159 340 0 0
158 340 0 0
157 340 0 0
156 340 0 0
184 339 0 0
183 339 0 0
182 339 0 0
181 339 0 0
180 339 0 0
179 339 0 0
178 339 0 0
177 339 0 0
176 339 0 0
175 339 0 0
174 339 0 0
173 339 0 0
172 339 0 0
171 339 0 0
170 339 0 0
169 339 0 0
168 339 0 0
167 339 0 0
166 339 0 0
165 339 0 0
164 339 0 0
163 339 0 0
162 339 0 0
161 339 0 0
160 339 0 0
159 339 0 0
158 339 0 0
189 338 0 0
188 338 0 0
187 338 0 0
186 338 0 0
185 338 0 0
184 338 0 0
183 338 0 0
182 338 0 0
181 338 0 0
180 338 0 0
179 338 0 0
178 338 0 0
177 338 0 0
176 338 0 0
175 338 0 0
174 338 0 0
173 338 0 0
172 338 0 0
171 338 0 0
170 338 0 0
169 338 0 0
168 338 0 0
167 338 0 0
166 338 0 0
165 338 0 0
164 338 0 0
163 338 0 0
162 338 0 0
161 338 0 0
160 338 0 0
194 337 0 0
193 337 0 0
192 337 0 0
191 337 0 0
190 337 0 0
189 337 0 0
188 337 0 0
187 337 0 0
186 337 0 0
185 337 0 0
184 337 0 0
183 337 0 0
182 337 0 0
181 337 0 0
180 337 0 0
179 337 0 0
178 337 0 0
177 337 0 0
176 337 0 0
175 337 0 0
174 337 0 0
173 337 0 0
172 337 0 0
196 336 0 0
195 336 0 0
194 336 0 0
193 336 0 0
192 336 0 0
191 336 0 0
190 336 0 0
189 336 0 0
188 336 0 0
187 336 0 0
186 336 0 0
185 336 0 0
184 336 0 0
183 336 0 0
182 336 0 0
181 336 0 0
180 336 0 0
179 336 0 0
178 336 0 0
177 336 0 0
176 336 0 0
175 336 0 0
199 335 0 0
198 335 0 0
197 335 0 0
196 335 0 0
195 335 0 0
194 335 0 0
193 335 0 0
192 335 0 0
191 335 0 0
190 335 0 0
189 335 0 0
188 335 0 0
187 335 0 0
186 335 0 0
185 335 0 0
184 335 0 0
183 335 0 0
182 335 0 0
181 335 0 0
180 335 0 0
179 335 0 0
201 334 0 0
200 334 0 0
199 334 0 0
198 334 0 0
197 334 0 0
196 334 0 0
195 334 0 0
194 334 0 0
193 334 0 0
192 334 0 0
191 334 0 0
190 334 0 0
189 334 0 0
188 334 0 0
187 334 0 0
186 334 0 0
185 334 0 0
184 334 0 0
204 333 0 0
203 333 0 0
202 333 0 0
201 333 0 0
200 333 0 0
199 333 0 0
198 333 0 0
197 333 0 0
196 333 0 0
195 333 0 0
194 333 0 0
193 333 0 0
192 333 0 0
191 333 0 0
190 333 0 0
189 333 0 0
207 332 0 0
206 332 0 0
205 332 0 0
204 332 0 0
203 332 0 0
202 332 0 0
201 332 0 0
200 332 0 0
199 332 0 0
198 332 0 0
197 332 0 0
196 332 0 0
195 332 0 0
194 332 0 0
193 332 0 0
210 331 0 0
209 331 0 0
208 331 0 0
207 331 0 0
206 331 0 0
205 331 0 0
204 331 0 0
203 331 0 0
202 331 0 0
201 331 0 0
200 331 0 0
199 331 0 0
198 331 0 0
197 331 0 0
196 331 0 0
213 330 0 0
212 330 0 0
211 330 0 0
210 330 0 0
209 330 0 0
208 330 0 0
207 330 0 0
206 330 0 0
205 330 0 0
204 330 0 0
203 330 0 0
202 330 0 0
201 330 0 0
200 330 0 0
199 330 0 0
198 330 0 0
217 329 0 0
216 329 0 0
215 329 0 0
214 329 0 0
213 329 0 0
212 329 0 0
211 329 0 0
210 329 0 0
209 329 0 0
208 329 0 0
207 329 0 0
206 329 0 0
205 329 0 0
204 329 0 0
203 329 0 0
202 329 0 0
201 329 0 0
234 328 0 0
233 328 0 0
232 328 0 0
231 328 0 0
230 328 0 0
229 328 0 0
228 328 0 0
227 328 0 0
226 328 0 0
225 328 0 0
224 328 0 0
223 328 0 0
222 328 0 0
221 328 0 0
220 328 0 0
219 328 0 0
218 328 0 0
217 328 0 0
216 328 0 0
215 328 0 0
214 328 0 0
213 328 0 0
212 328 0 0
211 328 0 0
210 328 0 0
209 328 0 0
208 328 0 0
207 328 0 0
206 328 0 0
205 328 0 0
204 328 0 0
203 328 0 0
234 327 0 0
233 327 0 0
232 327 0 0
231 327 0 0
230 327 0 0
229 327 0 0
228 327 0 0
227 327 0 0
226 327 0 0
225 327 0 0
224 327 0 0
223 327 0 0
222 327 0 0
221 327 0 0
220 327 0 0
219 327 0 0
218 327 0 0
217 327 0 0
216 327 0 0
215 327 0 0
214 327 0 0
213 327 0 0
212 327 0 0
211 327 0 0
210 327 0 0
209 327 0 0
208 327 0 0
207 327 0 0
234 326 0 0
233 326 0 0
232 326 0 0
231 326 0 0
230 326 0 0
229 326 0 0
228 326 0 0
227 326 0 0
226 326 0 0
225 326 0 0
224 326 0 0
223 326 0 0
222 326 0 0
221 326 0 0
220 326 0 0
219 326 0 0
218 326 0 0
217 326 0 0
216 326 0 0
215 326 0 0
214 326 0 0
213 326 0 0
212 326 0 0
211 326 0 0
210 326 0 0
234 325 0 0
233 325 0 0
232 325 0 0
231 325 0 0
230 325 0 0
229 325 0 0
228 325 0 0
227 325 0 0
226 325 0 0
225 325 0 0
224 325 0 0
223 325 0 0
222 325 0 0
221 325 0 0
220 325 0 0
219 325 0 0
218 325 0 0
217 325 0 0
216 325 0 0
215 325 0 0
214 325 0 0
213 325 0 0
197 313 0 1
196 313 0 1
195 313 0 1
194 313 0 1
193 313 0 1
192 313 0 1
191 313 0 1
197 312 0 1
196 312 0 1
195 312 0 1
194 312 0 1
193 312 0 1
192 312 0 1
191 312 0 1
190 312 0 1
197 311 0 1
196 311 0 1
195 311 0 1
194 311 0 1
193 311 0 1
192 311 0 1
191 311 0 1
190 311 0 1
189 311 0 1
197 310 0 1
196 310 0 1
195 310 0 1
194 310 0 1
193 310 0 1
192 310 0 1
191 310 0 1
190 310 0 1
189 310 0 1
194 309 0 1
193 309 0 1
192 309 0 1
191 309 0 1
190 309 0 1
189 309 0 1
188 309 0 1
192 308 0 1
191 308 0 1
190 308 0 1
189 308 0 1
188 308 0 1
187 308 0 1
186 308 0 1
192 307 0 1
191 307 0 1
190 307 0 1
189 307 0 1
188 307 0 1
187 307 0 1
186 307 0 1
185 307 0 1
184 307 0 1
191 306 0 1
190 306 0 1
189 306 0 1
188 306 0 1
187 306 0 1
186 306 0 1
185 306 0 1
184 306 0 1
183 306 0 1
190 305 0 1
189 305 0 1
188 305 0 1
187 305 0 1
186 305 0 1
185 305 0 1
184 305 0 1
183 305 0 1
182 305 0 1
189 304 0 1
188 304 0 1
187 304 0 1
186 304 0 1
185 304 0 1
184 304 0 1
183 304 0 1
182 304 0 1
181 304 0 1
187 303 0 1
186 303 0 1
185 303 0 1
184 303 0 1
183 303 0 1
182 303 0 1
181 303 0 1
180 303 0 1
185 302 0 1
184 302 0 1
183 302 0 1
182 302 0 1
181 302 0 1
180 302 0 1
184 301 0 1
183 301 0 1
182 301 0 1
181 301 0 1
180 301 0 1
184 300 0 1
183 300 0 1
182 300 0 1
181 300 0 1
180 300 0 1
179 300 0 1
183 299 0 1
182 299 0 1
181 299 0 1
180 299 0 1
179 299 0 1
183 298 0 1
182 298 0 1
181 298 0 1
180 298 0 1
179 298 0 1
178 298 0 1
183 297 0 1
182 297 0 1
181 297 0 1
180 297 0 1
179 297 0 1
178 297 0 1
182 296 0 1
181 296 0 1
180 296 0 1
179 296 0 1
178 296 0 1
177 296 0 1
181 295 0 1
180 295 0 1
179 295 0 1
178 295 0 1
177 295 0 1
176 295 0 1
181 294 0 1
180 294 0 1
179 294 0 1
178 294 0 1
177 294 0 1
176 294 0 1
175 294 0 1
180 293 0 1
179 293 0 1
178 293 0 1
177 293 0 1
176 293 0 1
175 293 0 1
174 293 0 1
179 292 0 1
178 292 0 1
177 292 0 1
176 292 0 1
175 292 0 1
174 292 0 1
178 291 0 1
177 291 0 1
176 291 0 1
175 291 0 1
174 291 0 1
178 290 0 1
177 290 0 1
176 290 0 1
175 290 0 1
174 290 0 1
178 289 0 1
177 289 0 1
176 289 0 1
175 289 0 1
174 289 0 1
178 288 0 1
177 288 0 1
176 288 0 1
175 288 0 1
174 288 0 1
178 287 0 1
177 287 0 1
176 287 0 1
175 287 0 1
174 287 0 1
177 286 0 1
176 286 0 1
175 286 0 1
174 286 0 1
178 285 0 1
177 285 0 1
176 285 0 1
175 285 0 1
174 285 0 1
178 284 0 1
177 284 0 1
176 284 0 1
175 284 0 1
174 284 0 1
178 283 0 1
177 283 0 1
176 283 0 1
175 283 0 1
174 283 0 1
178 282 0 1
177 282 0 1
176 282 0 1
175 282 0 1
174 282 0 1
178 281 0 1
177 281 0 1
176 281 0 1
175 281 0 1
174 281 0 1
178 280 0 1
177 280 0 1
176 280 0 1
175 280 0 1
174 280 0 1
178 279 0 1
177 279 0 1
176 279 0 1
175 279 0 1
174 279 0 1
178 278 0 1
177 278 0 1
176 278 0 1
175 278 0 1
174 278 0 1
178 277 0 1
177 277 0 1
176 277 0 1
175 277 0 1
174 277 0 1
177 276 0 1
176 276 0 1
175 276 0 1
174 276 0 1
177 275 0 1
176 275 0 1
175 275 0 1
174 275 0 1
177 274 0 1
176 274 0 1
175 274 0 1
174 274 0 1
177 273 0 1
176 273 0 1
175 273 0 1
174 273 0 1
177 272 0 1
176 272 0 1
175 272 0 1
174 272 0 1
177 271 0 1
176 271 0 1
175 271 0 1
174 271 0 1
177 270 0 1
176 270 0 1
175 270 0 1
174 270 0 1
173 270 0 1
177 269 0 1
176 269 0 1
175 269 0 1
174 269 0 1
173 269 0 1
177 268 0 1
176 268 0 1
175 268 0 1
174 268 0 1
173 268 0 1
177 267 0 1
176 267 0 1
175 267 0 1
174 267 0 1
173 267 0 1
177 266 0 1
176 266 0 1
175 266 0 1
174 266 0 1
173 266 0 1
176 265 0 1
175 265 0 1
174 265 0 1
173 265 0 1
176 264 0 1
175 264 0 1
174 264 0 1
173 264 0 1
176 263 0 1
175 263 0 1
174 263 0 1
173 263 0 1
172 263 0 1
176 262 0 1
175 262 0 1
174 262 0 1
173 262 0 1
172 262 0 1
176 261 0 1
175 261 0 1
174 261 0 1
173 261 0 1
172 261 0 1
176 260 0 1
175 260 0 1
174 260 0 1
173 260 0 1
172 260 0 1
175 259 0 1
174 259 0 1
173 259 0 1
172 259 0 1
175 258 0 1
174 258 0 1
173 258 0 1
172 258 0 1
175 257 0 1
174 257 0 1
173 257 0 1
172 257 0 1
175 256 0 1
174 256 0 1
173 256 0 1
172 256 0 1
171 256 0 1
175 255 0 1
174 255 0 1
173 255 0 1
172 255 0 1
171 255 0 1
175 254 0 1
174 254 0 1
173 254 0 1
172 254 0 1
171 254 0 1
175 253 0 1
174 253 0 1
173 253 0 1
172 253 0 1
171 253 0 1
174 252 0 1
173 252 0 1
172 252 0 1
171 252 0 1
174 251 0 1
173 251 0 1
172 251 0 1
171 251 0 1
174 250 0 1
173 250 0 1
172 250 0 1
171 250 0 1
174 249 0 1
173 249 0 1
172 249 0 1
171 249 0 1
174 248 0 1
173 248 0 1
172 248 0 1
171 248 0 1
174 247 0 1
173 247 0 1
172 247 0 1
171 247 0 1
174 246 0 1
173 246 0 1
172 246 0 1
171 246 0 1
174 245 0 1
173 245 0 1
172 245 0 1
171 245 0 1
174 244 0 1
173 244 0 1
172 244 0 1
171 244 0 1
174 243 0 1
173 243 0 1
172 243 0 1
171 243 0 1
174 242 0 1
173 242 0 1
172 242 0 1
171 242 0 1
174 241 0 1
173 241 0 1
172 241 0 1
171 241 0 1
174 240 0 1
173 240 0 1
172 240 0 1
171 240 0 1
174 239 0 1
173 239 0 1
172 239 0 1
171 239 0 1
174 238 0 1
173 238 0 1
172 238 0 1
171 238 0 1
174 237 0 1
173 237 0 1
172 237 0 1
171 237 0 1
174 236 0 1
173 236 0 1
172 236 0 1
171 236 0 1
174 235 0 1
173 235 0 1
172 235 0 1
171 235 0 1
174 234 0 1
173 234 0 1
172 234 0 1
171 234 0 1
174 233 0 1
173 233 0 1
172 233 0 1
171 233 0 1
174 232 0 1
173 232 0 1
172 232 0 1
171 232 0 1
174 231 0 1
173 231 0 1
172 231 0 1
171 231 0 1
174 230 0 1
173 230 0 1
172 230 0 1
171 230 0 1
170 230 0 1
174 229 0 1
173 229 0 1
172 229 0 1
171 229 0 1
170 229 0 1
174 228 0 1
173 228 0 1
172 228 0 1
171 228 0 1
170 228 0 1
174 227 0 1
173 227 0 1
172 227 0 1
171 227 0 1
170 227 0 1
174 226 0 1
173 226 0 1
172 226 0 1
171 226 0 1
170 226 0 1
174 225 0 1
173 225 0 1
172 225 0 1
171 225 0 1
170 225 0 1
173 224 0 1
172 224 0 1
171 224 0 1
170 224 0 1
173 223 0 1
172 223 0 1
171 223 0 1
170 223 0 1
173 222 0 1
172 222 0 1
171 222 0 1
170 222 0 1
173 221 0 1
172 221 0 1
171 221 0 1
170 221 0 1
169 221 0 1
173 220 0 1
172 220 0 1
171 220 0 1
170 220 0 1
169 220 0 1
173 219 0 1
172 219 0 1
171 219 0 1
170 219 0 1
169 219 0 1
173 218 0 1
172 218 0 1
171 218 0 1
170 218 0 1
169 218 0 1
168 218 0 1
173 217 0 1
172 217 0 1
171 217 0 1
170 217 0 1
169 217 0 1
168 217 0 1
167 217 0 1
172 216 0 1
171 216 0 1
170 216 0 1
169 216 0 1
168 216 0 1
167 216 0 1
171 215 0 1
170 215 0 1
169 215 0 1
168 215 0 1
167 215 0 1
166 215 0 1
171 214 0 1
170 214 0 1
169 214 0 1
168 214 0 1
167 214 0 1
166 214 0 1
170 213 0 1
169 213 0 1
168 213 0 1
167 213 0 1
166 213 0 1
165 213 0 1
169 212 0 1
168 212 0 1
167 212 0 1
166 212 0 1
165 212 0 1
164 212 0 1
169 211 0 1
168 211 0 1
167 211 0 1
166 211 0 1
165 211 0 1
164 211 0 1
168 210 0 1
167 210 0 1
166 210 0 1
165 210 0 1
164 210 0 1
163 210 0 1
168 209 0 1
167 209 0 1
166 209 0 1
165 209 0 1
164 209 0 1
163 209 0 1
167 208 0 1
166 208 0 1
165 208 0 1
164 208 0 1
163 208 0 1
162 208 0 1
167 207 0 1
166 207 0 1
165 207 0 1
164 207 0 1
163 207 0 1
162 207 0 1
166 206 0 1
165 206 0 1
164 206 0 1
163 206 0 1
162 206 0 1
161 206 0 1
166 205 0 1
165 205 0 1
164 205 0 1
163 205 0 1
162 205 0 1
161 205 0 1
165 204 0 1
164 204 0 1
163 204 0 1
162 204 0 1
161 204 0 1
160 204 0 1
165 203 0 1
164 203 0 1
163 203 0 1
162 203 0 1
161 203 0 1
160 203 0 1
164 202 0 1
163 202 0 1
162 202 0 1
161 202 0 1
160 202 0 1
164 201 0 1
163 201 0 1
162 201 0 1
161 201 0 1
160 201 0 1
159 201 0 1
163 200 0 1
162 200 0 1
161 200 0 1
160 200 0 1
159 200 0 1
163 199 0 1
162 199 0 1
161 199 0 1
160 199 0 1
159 199 0 1
163 198 0 1
162 198 0 1
161 198 0 1
160 198 0 1
159 198 0 1
158 198 0 1
162 197 0 1
161 197 0 1
160 197 0 1
159 197 0 1
158 197 0 1
162 196 0 1
161 196 0 1
160 196 0 1
159 196 0 1
158 196 0 1
157 196 0 1
162 195 0 1
161 195 0 1
160 195 0 1
159 195 0 1
158 195 0 1
157 195 0 1
161 194 0 1
160 194 0 1
159 194 0 1
158 194 0 1
157 194 0 1
156 194 0 1
161 193 0 1
160 193 0 1
159 193 0 1
158 193 0 1
157 193 0 1
156 193 0 1
160 192 0 1
159 192 0 1
158 192 0 1
157 192 0 1
156 192 0 1
155 192 0 1
59 192 0 0
58 192 0 0
57 192 0 0
56 192 0 0
55 192 0 0
159 191 0 1
158 191 0 1
157 191 0 1
156 191 0 1
155 191 0 1
59 191 0 0
58 191 0 0
57 191 0 0
56 191 0 0
55 191 0 0
54 191 0 0
159 190 0 1
158 190 0 1
157 190 0 1
156 190 0 1
155 190 0 1
154 190 0 1
59 190 0 0
58 190 0 0
57 190 0 0
56 190 0 0
55 190 0 0
54 190 0 0
53 190 0 0
253 189 0 0
252 189 0 0
251 189 0 0
250 189 0 0
158 189 0 1
157 189 0 1
156 189 0 1
155 189 0 1
154 189 0 1
153 189 0 1
59 189 0 0
58 189 0 0
57 189 0 0
56 189 0 0
55 189 0 0
54 189 0 0
53 189 0 0
52 189 0 0
51 189 0 0
50 189 0 0
253 188 0 0
252 188 0 0
251 188 0 0
250 188 0 0
249 188 0 0
158 188 0 1
157 188 0 1
156 188 0 1
155 188 0 1
154 188 0 1
153 188 0 1
58 188 0 0
57 188 0 0
56 188 0 0
55 188 0 0
54 188 0 0
53 188 0 0
52 188 0 0
51 188 0 0
50 188 0 0
49 188 0 0
253 187 0 0
252 187 0 0
251 187 0 0
250 187 0 0
249 187 0 0
157 187 0 1
156 187 0 1
155 187 0 1
154 187 0 1
153 187 0 1
152 187 0 1
57 187 0 0
56 187 0 0
55 187 0 0
54 187 0 0
53 187 0 0
52 187 0 0
51 187 0 0
50 187 0 0
49 187 0 0
48 187 0 0
253 186 0 0
252 186 0 0
251 186 0 0
250 186 0 0
249 186 0 0
157 186 0 1
156 186 0 1
155 186 0 1
154 186 0 1
153 186 0 1
152 186 0 1
56 186 0 0
55 186 0 0
54 186 0 0
53 186 0 0
52 186 0 0
51 186 0 0
50 186 0 0
49 186 0 0
48 186 0 0
47 186 0 0
253 185 0 0
252 185 0 0
251 185 0 0
250 185 0 0
249 185 0 0
156 185 0 1
155 185 0 1
154 185 0 1
153 185 0 1
152 185 0 1
52 185 0 0
51 185 0 0
50 185 0 0
49 185 0 0
48 185 0 0
47 185 0 0
252 184 0 0
251 184 0 0
250 184 0 0
249 184 0 0
248 184 0 0
156 184 0 1
155 184 0 1
154 184 0 1
153 184 0 1
152 184 0 1
151 184 0 1
51 184 0 0
50 184 0 0
49 184 0 0
48 184 0 0
47 184 0 0
252 183 0 0
251 183 0 0
250 183 0 0
249 183 0 0
248 183 0 0
247 183 0 0
156 183 0 1
155 183 0 1
154 183 0 1
153 183 0 1
152 183 0 1
151 183 0 1
51 183 0 0
50 183 0 0
49 183 0 0
48 183 0 0
47 183 0 0
46 183 0 0
252 182 0 0
251 182 0 0
250 182 0 0
249 182 0 0
248 182 0 0
247 182 0 0
155 182 0 1
154 182 0 1
153 182 0 1
152 182 0 1
151 182 0 1
50 182 0 0
49 182 0 0
48 182 0 0
47 182 0 0
46 182 0 0
251 181 0 0
250 181 0 0
249 181 0 0
248 181 0 0
247 181 0 0
155 181 0 1
154 181 0 1
153 181 0 1
152 181 0 1
151 181 0 1
150 181 0 1
50 181 0 0
49 181 0 0
48 181 0 0
47 181 0 0
46 181 0 0
45 181 0 0
251 180 0 0
250 180 0 0
249 180 0 0
248 180 0 0
247 180 0 0
155 180 0 1
154 180 0 1
153 180 0 1
152 180 0 1
151 180 0 1
150 180 0 1
50 180 0 0
49 180 0 0
48 180 0 0
47 180 0 0
46 180 0 0
45 180 0 0
251 179 0 0
250 179 0 0
249 179 0 0
248 179 0 0
247 179 0 0
154 179 0 1
153 179 0 1
152 179 0 1
151 179 0 1
150 179 0 1
49 179 0 0
48 179 0 0
47 179 0 0
46 179 0 0
45 179 0 0
44 179 0 0
251 178 0 0
250 178 0 0
249 178 0 0
248 178 0 0
247 178 0 0
246 178 0 0
154 178 0 1
153 178 0 1
152 178 0 1
151 178 0 1
150 178 0 1
149 178 0 1
49 178 0 0
48 178 0 0
47 178 0 0
46 178 0 0
45 178 0 0
44 178 0 0
251 177 0 0
250 177 0 0
249 177 0 0
248 177 0 0
247 177 0 0
246 177 0 0
154 177 0 1
153 177 0 1
152 177 0 1
151 177 0 1
150 177 0 1
149 177 0 1
48 177 0 0
47 177 0 0
46 177 0 0
45 177 0 0
44 177 0 0
43 177 0 0
250 176 0 0
249 176 0 0
248 176 0 0
247 176 0 0
246 176 0 0
153 176 0 1
152 176 0 1
151 176 0 1
150 176 0 1
149 176 0 1
48 176 0 0
47 176 0 0
46 176 0 0
45 176 0 0
44 176 0 0
43 176 0 0
250 175 0 0
249 175 0 0
248 175 0 0
247 175 0 0
246 175 0 0
153 175 0 1
152 175 0 1
151 175 0 1
150 175 0 1
149 175 0 1
148 175 0 1
47 175 0 0
46 175 0 0
45 175 0 0
44 175 0 0
43 175 0 0
42 175 0 0
249 174 0 0
248 174 0 0
247 174 0 0
246 174 0 0
153 174 0 1
152 174 0 1
151 174 0 1
150 174 0 1
149 174 0 1
148 174 0 1
47 174 0 0
46 174 0 0
45 174 0 0
44 174 0 0
43 174 0 0
42 174 0 0
249 173 0 0
248 173 0 0
247 173 0 0
246 173 0 0
152 173 0 1
151 173 0 1
150 173 0 1
149 173 0 1
148 173 0 1
46 173 0 0
45 173 0 0
44 173 0 0
43 173 0 0
42 173 0 0
249 172 0 0
248 172 0 0
247 172 0 0
246 172 0 0
152 172 0 1
151 172 0 1
150 172 0 1
149 172 0 1
148 172 0 1
147 172 0 1
46 172 0 0
45 172 0 0
44 172 0 0
43 172 0 0
42 172 0 0
249 171 0 0
248 171 0 0
247 171 0 0
246 171 0 0
245 171 0 0
151 171 0 1
150 171 0 1
149 171 0 1
148 171 0 1
147 171 0 1
46 171 0 0
45 171 0 0
44 171 0 0
43 171 0 0
42 171 0 0
41 171 0 0
249 170 0 0
248 170 0 0
247 170 0 0
246 170 0 0
245 170 0 0
151 170 0 1
150 170 0 1
149 170 0 1
148 170 0 1
147 170 0 1
146 170 0 1
46 170 0 0
45 170 0 0
44 170 0 0
43 170 0 0
42 170 0 0
41 170 0 0
249 169 0 0
248 169 0 0
247 169 0 0
246 169 0 0
245 169 0 0
244 169 0 0
150 169 0 1
149 169 0 1
148 169 0 1
147 169 0 1
146 169 0 1
45 169 0 0
44 169 0 0
43 169 0 0
42 169 0 0
41 169 0 0
249 168 0 0
248 168 0 0
247 168 0 0
246 168 0 0
245 168 0 0
244 168 0 0
150 168 0 1
149 168 0 1
148 168 0 1
147 168 0 1
146 168 0 1
145 168 0 1
45 168 0 0
44 168 0 0
43 168 0 0
42 168 0 0
41 168 0 0
248 167 0 0
247 167 0 0
246 167 0 0
245 167 0 0
244 167 0 0
150 167 0 1
149 167 0 1
148 167 0 1
147 167 0 1
146 167 0 1
145 167 0 1
144 167 0 1
45 167 0 0
44 167 0 0
43 167 0 0
42 167 0 0
41 167 0 0
40 167 0 0
248 166 0 0
247 166 0 0
246 166 0 0
245 166 0 0
244 166 0 0
149 166 0 1
148 166 0 1
147 166 0 1
146 166 0 1
145 166 0 1
144 166 0 1
143 166 0 1
45 166 0 0
44 166 0 0
43 166 0 0
42 166 0 0
41 166 0 0
40 166 0 0
248 165 0 0
247 165 0 0
246 165 0 0
245 165 0 0
244 165 0 0
243 165 0 0
148 165 0 1
147 165 0 1
146 165 0 1
145 165 0 1
144 165 0 1
143 165 0 1
44 165 0 0
43 165 0 0
42 165 0 0
41 165 0 0
40 165 0 0
248 164 0 0
247 164 0 0
246 164 0 0
245 164 0 0
244 164 0 0
243 164 0 0
147 164 0 1
146 164 0 1
145 164 0 1
144 164 0 1
143 164 0 1
44 164 0 0
43 164 0 0
42 164 0 0
41 164 0 0
40 164 0 0
247 163 0 0
246 163 0 0
245 163 0 0
244 163 0 0
243 163 0 0
146 163 0 1
145 163 0 1
144 163 0 1
143 163 0 1
142 163 0 1
44 163 0 0
43 163 0 0
42 163 0 0
41 163 0 0
40 163 0 0
39 163 0 0
247 162 0 0
246 162 0 0
245 162 0 0
244 162 0 0
243 162 0 0
146 162 0 1
145 162 0 1
144 162 0 1
143 162 0 1
142 162 0 1
44 162 0 0
43 162 0 0
42 162 0 0
41 162 0 0
40 162 0 0
39 162 0 0
247 161 0 0
246 161 0 0
245 161 0 0
244 161 0 0
243 161 0 0
242 161 0 0
146 161 0 1
145 161 0 1
144 161 0 1
143 161 0 1
142 161 0 1
141 161 0 1
43 161 0 0
42 161 0 0
41 161 0 0
40 161 0 0
39 161 0 0
247 160 0 0
246 160 0 0
245 160 0 0
244 160 0 0
243 160 0 0
242 160 0 0
145 160 0 1
144 160 0 1
143 160 0 1
142 160 0 1
141 160 0 1
140 160 0 1
43 160 0 0
42 160 0 0
41 160 0 0
40 160 0 0
39 160 0 0
246 159 0 0
245 159 0 0
244 159 0 0
243 159 0 0
242 159 0 0
145 159 0 1
144 159 0 1
143 159 0 1
142 159 0 1
141 159 0 1
140 159 0 1
43 159 0 0
42 159 0 0
41 159 0 0
40 159 0 0
39 159 0 0
246 158 0 0
245 158 0 0
244 158 0 0
243 158 0 0
242 158 0 0
144 158 0 1
143 158 0 1
142 158 0 1
141 158 0 1
140 158 0 1
43 158 0 0
42 158 0 0
41 158 0 0
40 158 0 0
39 158 0 0
38 158 0 0
246 157 0 0
245 157 0 0
244 157 0 0
243 157 0 0
242 157 0 0
241 157 0 0
144 157 0 1
143 157 0 1
142 157 0 1
141 157 0 1
140 157 0 1
42 157 0 0
41 157 0 0
40 157 0 0
39 157 0 0
38 157 0 0
245 156 0 0
244 156 0 0
243 156 0 0
242 156 0 0
241 156 0 0
144 156 0 1
143 156 0 1
142 156 0 1
141 156 0 1
140 156 0 1
139 156 0 1
42 156 0 0
41 156 0 0
40 156 0 0
39 156 0 0
38 156 0 0
245 155 0 0
244 155 0 0
243 155 0 0
242 155 0 0
241 155 0 0
143 155 0 1
142 155 0 1
141 155 0 1
140 155 0 1
139 155 0 1
42 155 0 0
41 155 0 0
40 155 0 0
39 155 0 0
38 155 0 0
245 154 0 0
244 154 0 0
243 154 0 0
242 154 0 0
241 154 0 0
143 154 0 1
142 154 0 1
141 154 0 1
140 154 0 1
139 154 0 1
42 154 0 0
41 154 0 0
40 154 0 0
39 154 0 0
38 154 0 0
245 153 0 0
244 153 0 0
243 153 0 0
242 153 0 0
241 153 0 0
143 153 0 1
142 153 0 1
141 153 0 1
140 153 0 1
139 153 0 1
138 153 0 1
42 153 0 0
41 153 0 0
40 153 0 0
39 153 0 0
38 153 0 0
245 152 0 0
244 152 0 0
243 152 0 0
242 152 0 0
241 152 0 0
143 152 0 1
142 152 0 1
141 152 0 1
140 152 0 1
139 152 0 1
138 152 0 1
41 152 0 0
40 152 0 0
39 152 0 0
38 152 0 0
37 152 0 0
245 151 0 0
244 151 0 0
243 151 0 0
242 151 0 0
241 151 0 0
240 151 0 0
142 151 0 1
141 151 0 1
140 151 0 1
139 151 0 1
138 151 0 1
41 151 0 0
40 151 0 0
39 151 0 0
38 151 0 0
37 151 0 0
244 150 0 0
243 150 0 0
242 150 0 0
241 150 0 0
240 150 0 0
142 150 0 1
141 150 0 1
140 150 0 1
139 150 0 1
138 150 0 1
137 150 0 1
41 150 0 0
40 150 0 0
39 150 0 0
38 150 0 0
37 150 0 0
244 149 0 0
243 149 0 0
242 149 0 0
241 149 0 0
240 149 0 0
141 149 0 1
140 149 0 1
139 149 0 1
138 149 0 1
137 149 0 1
41 149 0 0
40 149 0 0
39 149 0 0
38 149 0 0
37 149 0 0
244 148 0 0
243 148 0 0
242 148 0 0
241 148 0 0
240 148 0 0
239 148 0 0
141 148 0 1
140 148 0 1
139 148 0 1
138 148 0 1
137 148 0 1
136 148 0 1
41 148 0 0
40 148 0 0
39 148 0 0
38 148 0 0
37 148 0 0
244 147 0 0
243 147 0 0
242 147 0 0
241 147 0 0
240 147 0 0
239 147 0 0
141 147 0 1
140 147 0 1
139 147 0 1
138 147 0 1
137 147 0 1
136 147 0 1
41 147 0 0
40 147 0 0
39 147 0 0
38 147 0 0
37 147 0 0
243 146 0 0
242 146 0 0
241 146 0 0
240 146 0 0
239 146 0 0
140 146 0 1
139 146 0 1
138 146 0 1
137 146 0 1
136 146 0 1
40 146 0 0
39 146 0 0
38 146 0 0
37 146 0 0
243 145 0 0
242 145 0 0
241 145 0 0
240 145 0 0
239 145 0 0
238 145 0 0
140 145 0 1
139 145 0 1
138 145 0 1
137 145 0 1
136 145 0 1
135 145 0 1
40 145 0 0
39 145 0 0
38 145 0 0
37 145 0 0
243 144 0 0
242 144 0 0
241 144 0 0
240 144 0 0
239 144 0 0
238 144 0 0
140 144 0 1
139 144 0 1
138 144 0 1
137 144 0 1
136 144 0 1
135 144 0 1
134 144 0 1
40 144 0 0
39 144 0 0
38 144 0 0
37 144 0 0
242 143 0 0
241 143 0 0
240 143 0 0
239 143 0 0
238 143 0 0
139 143 0 1
138 143 0 1
137 143 0 1
136 143 0 1
135 143 0 1
134 143 0 1
133 143 0 1
40 143 0 0
39 143 0 0
38 143 0 0
37 143 0 0
242 142 0 0
241 142 0 0
240 142 0 0
239 142 0 0
238 142 0 0
237 142 0 0
138 142 0 1
137 142 0 1
136 142 0 1
135 142 0 1
134 142 0 1
133 142 0 1
40 142 0 0
39 142 0 0
38 142 0 0
37 142 0 0
241 141 0 0
240 141 0 0
239 141 0 0
238 141 0 0
237 141 0 0
137 141 0 1
136 141 0 1
135 141 0 1
134 141 0 1
133 141 0 1
132 141 0 1
40 141 0 0
39 141 0 0
38 141 0 0
37 141 0 0
241 140 0 0
240 140 0 0
239 140 0 0
238 140 0 0
237 140 0 0
236 140 0 0
137 140 0 1
136 140 0 1
135 140 0 1
134 140 0 1
133 140 0 1
132 140 0 1
40 140 0 0
39 140 0 0
38 140 0 0
37 140 0 0
241 139 0 0
240 139 0 0
239 139 0 0
238 139 0 0
237 139 0 0
236 139 0 0
136 139 0 1
135 139 0 1
134 139 0 1
133 139 0 1
132 139 0 1
131 139 0 1
40 139 0 0
39 139 0 0
38 139 0 0
37 139 0 0
240 138 0 0
239 138 0 0
238 138 0 0
237 138 0 0
236 138 0 0
136 138 0 1
135 138 0 1
134 138 0 1
133 138 0 1
132 138 0 1
131 138 0 1
40 138 0 0
39 138 0 0
38 138 0 0
37 138 0 0
240 137 0 0
239 137 0 0
238 137 0 0
237 137 0 0
236 137 0 0
135 137 0 1
134 137 0 1
133 137 0 1
132 137 0 1
131 137 0 1
130 137 0 1
40 137 0 0
39 137 0 0
38 137 0 0
37 137 0 0
240 136 0 0
239 136 0 0
238 136 0 0
237 136 0 0
236 136 0 0
235 136 0 0
134 136 0 1
133 136 0 1
132 136 0 1
131 136 0 1
130 136 0 1
129 136 0 1
40 136 0 0
39 136 0 0
38 136 0 0
37 136 0 0
240 135 0 0
239 135 0 0
238 135 0 0
237 135 0 0
236 135 0 0
235 135 0 0
134 135 0 1
133 135 0 1
132 135 0 1
131 135 0 1
130 135 0 1
129 135 0 1
40 135 0 0
39 135 0 0
38 135 0 0
37 135 0 0
239 134 0 0
238 134 0 0
237 134 0 0
236 134 0 0
235 134 0 0
234 134 0 0
133 134 0 1
132 134 0 1
131 134 0 1
130 134 0 1
129 134 0 1
128 134 0 1
40 134 0 0
39 134 0 0
38 134 0 0
37 134 0 0
239 133 0 0
238 133 0 0
237 133 0 0
236 133 0 0
235 133 0 0
234 133 0 0
133 133 0 1
132 133 0 1
131 133 0 1
130 133 0 1
129 133 0 1
128 133 0 1
127 133 0 1
40 133 0 0
39 133 0 0
38 133 0 0
37 133 0 0
238 132 0 0
237 132 0 0
236 132 0 0
235 132 0 0
234 132 0 0
233 132 0 0
132 132 0 1
131 132 0 1
130 132 0 1
129 132 0 1
128 132 0 1
127 132 0 1
126 132 0 1
40 132 0 0
39 132 0 0
38 132 0 0
37 132 0 0
238 131 0 0
237 131 0 0
236 131 0 0
235 131 0 0
234 131 0 0
233 131 0 0
131 131 0 1
130 131 0 1
129 131 0 1
128 131 0 1
127 131 0 1
126 131 0 1
40 131 0 0
39 131 0 0
38 131 0 0
37 131 0 0
237 130 0 0
236 130 0 0
235 130 0 0
234 130 0 0
233 130 0 0
130 130 0 1
129 130 0 1
128 130 0 1
127 130 0 1
126 130 0 1
40 130 0 0
39 130 0 0
38 130 0 0
37 130 0 0
237 129 0 0
236 129 0 0
235 129 0 0
234 129 0 0
233 129 0 0
232 129 0 0
130 129 0 1
129 129 0 1
128 129 0 1
127 129 0 1
126 129 0 1
40 129 0 0
39 129 0 0
38 129 0 0
37 129 0 0
237 128 0 0
236 128 0 0
235 128 0 0
234 128 0 0
233 128 0 0
232 128 0 0
130 128 0 1
129 128 0 1
128 128 0 1
127 128 0 1
126 128 0 1
125 128 0 1
40 128 0 0
39 128 0 0
38 128 0 0
37 128 0 0
236 127 0 0
235 127 0 0
234 127 0 0
233 127 0 0
232 127 0 0
130 127 0 1
129 127 0 1
128 127 0 1
127 127 0 1
126 127 0 1
125 127 0 1
40 127 0 0
39 127 0 0
38 127 0 0
37 127 0 0
236 126 0 0
235 126 0 0
234 126 0 0
233 126 0 0
232 126 0 0
129 126 0 1
128 126 0 1
127 126 0 1
126 126 0 1
125 126 0 1
124 126 0 1
40 126 0 0
39 126 0 0
38 126 0 0
37 126 0 0
236 125 0 0
235 125 0 0
234 125 0 0
233 125 0 0
232 125 0 0
231 125 0 0
129 125 0 1
128 125 0 1
127 125 0 1
126 125 0 1
125 125 0 1
124 125 0 1
40 125 0 0
39 125 0 0
38 125 0 0
37 125 0 0
235 124 0 0
234 124 0 0
233 124 0 0
232 124 0 0
231 124 0 0
128 124 0 1
127 124 0 1
126 124 0 1
125 124 0 1
124 124 0 1
123 124 0 1
40 124 0 0
39 124 0 0
38 124 0 0
37 124 0 0
235 123 0 0
234 123 0 0
233 123 0 0
232 123 0 0
231 123 0 0
230 123 0 0
128 123 0 1
127 123 0 1
126 123 0 1
125 123 0 1
124 123 0 1
123 123 0 1
40 123 0 0
39 123 0 0
38 123 0 0
37 123 0 0
235 122 0 0
234 122 0 0
233 122 0 0
232 122 0 0
231 122 0 0
230 122 0 0
229 122 0 0
127 122 0 1
126 122 0 1
125 122 0 1
124 122 0 1
123 122 0 1
40 122 0 0
39 122 0 0
38 122 0 0
37 122 0 0
234 121 0 0
233 121 0 0
232 121 0 0
231 121 0 0
230 121 0 0
229 121 0 0
127 121 0 1
126 121 0 1
125 121 0 1
124 121 0 1
123 121 0 1
122 121 0 1
40 121 0 0
39 121 0 0
38 121 0 0
37 121 0 0
233 120 0 0
232 120 0 0
231 120 0 0
230 120 0 0
229 120 0 0
228 120 0 0
127 120 0 1
126 120 0 1
125 120 0 1
124 120 0 1
123 120 0 1
122 120 0 1
40 120 0 0
39 120 0 0
38 120 0 0
37 120 0 0
233 119 0 0
232 119 0 0
231 119 0 0
230 119 0 0
229 119 0 0
228 119 0 0
227 119 0 0
126 119 0 1
125 119 0 1
124 119 0 1
123 119 0 1
122 119 0 1
41 119 0 0
40 119 0 0
39 119 0 0
38 119 0 0
37 119 0 0
232 118 0 0
231 118 0 0
230 118 0 0
229 118 0 0
228 118 0 0
227 118 0 0
126 118 0 1
125 118 0 1
124 118 0 1
123 118 0 1
122 118 0 1
121 118 0 1
41 118 0 0
40 118 0 0
39 118 0 0
38 118 0 0
37 118 0 0
231 117 0 0
230 117 0 0
229 117 0 0
228 117 0 0
227 117 0 0
126 117 0 1
125 117 0 1
124 117 0 1
123 117 0 1
122 117 0 1
121 117 0 1
41 117 0 0
40 117 0 0
39 117 0 0
38 117 0 0
37 117 0 0
231 116 0 0
230 116 0 0
229 116 0 0
228 116 0 0
227 116 0 0
125 116 0 1
124 116 0 1
123 116 0 1
122 116 0 1
121 116 0 1
41 116 0 0
40 116 0 0
39 116 0 0
38 116 0 0
37 116 0 0
231 115 0 0
230 115 0 0
229 115 0 0
228 115 0 0
227 115 0 0
125 115 0 1
124 115 0 1
123 115 0 1
122 115 0 1
121 115 0 1
120 115 0 1
41 115 0 0
40 115 0 0
39 115 0 0
38 115 0 0
37 115 0 0
231 114 0 0
230 114 0 0
229 114 0 0
228 114 0 0
227 114 0 0
226 114 0 0
124 114 0 1
123 114 0 1
122 114 0 1
121 114 0 1
120 114 0 1
41 114 0 0
40 114 0 0
39 114 0 0
38 114 0 0
37 114 0 0
231 113 0 0
230 113 0 0
229 113 0 0
228 113 0 0
227 113 0 0
226 113 0 0
124 113 0 1
123 113 0 1
122 113 0 1
121 113 0 1
120 113 0 1
119 113 0 1
42 113 0 0
41 113 0 0
40 113 0 0
39 113 0 0
38 113 0 0
37 113 0 0
230 112 0 0
229 112 0 0
228 112 0 0
227 112 0 0
226 112 0 0
124 112 0 1
123 112 0 1
122 112 0 1
121 112 0 1
120 112 0 1
119 112 0 1
42 112 0 0
41 112 0 0
40 112 0 0
39 112 0 0
38 112 0 0
230 111 0 0
229 111 0 0
228 111 0 0
227 111 0 0
226 111 0 0
123 111 0 1
122 111 0 1
121 111 0 1
120 111 0 1
119 111 0 1
118 111 0 1
42 111 0 0
41 111 0 0
40 111 0 0
39 111 0 0
38 111 0 0
230 110 0 0
229 110 0 0
228 110 0 0
227 110 0 0
226 110 0 0
123 110 0 1
122 110 0 1
121 110 0 1
120 110 0 1
119 110 0 1
118 110 0 1
42 110 0 0
41 110 0 0
40 110 0 0
39 110 0 0
38 110 0 0
230 109 0 0
229 109 0 0
228 109 0 0
227 109 0 0
226 109 0 0
225 109 0 0
122 109 0 1
121 109 0 1
120 109 0 1
119 109 0 1
118 109 0 1
42 109 0 0
41 109 0 0
40 109 0 0
39 109 0 0
38 109 0 0
230 108 0 0
229 108 0 0
228 108 0 0
227 108 0 0
226 108 0 0
225 108 0 0
122 108 0 1
121 108 0 1
120 108 0 1
119 108 0 1
118 108 0 1
117 108 0 1
43 108 0 0
42 108 0 0
41 108 0 0
40 108 0 0
39 108 0 0
38 108 0 0
229 107 0 0
228 107 0 0
227 107 0 0
226 107 0 0
225 107 0 0
121 107 0 1
120 107 0 1
119 107 0 1
118 107 0 1
117 107 0 1
43 107 0 0
42 107 0 0
41 107 0 0
40 107 0 0
39 107 0 0
229 106 0 0
228 106 0 0
227 106 0 0
226 106 0 0
225 106 0 0
224 106 0 0
121 106 0 1
120 106 0 1
119 106 0 1
118 106 0 1
117 106 0 1
43 106 0 0
42 106 0 0
41 106 0 0
40 106 0 0
39 106 0 0
229 105 0 0
228 105 0 0
227 105 0 0
226 105 0 0
225 105 0 0
224 105 0 0
121 105 0 1
120 105 0 1
119 105 0 1
118 105 0 1
117 105 0 1
116 105 0 1
43 105 0 0
42 105 0 0
41 105 0 0
40 105 0 0
39 105 0 0
228 104 0 0
227 104 0 0
226 104 0 0
225 104 0 0
224 104 0 0
120 104 0 1
119 104 0 1
118 104 0 1
117 104 0 1
116 104 0 1
43 104 0 0
42 104 0 0
41 104 0 0
40 104 0 0
39 104 0 0
228 103 0 0
227 103 0 0
226 103 0 0
225 103 0 0
224 103 0 0
223 103 0 0
120 103 0 1
119 103 0 1
118 103 0 1
117 103 0 1
116 103 0 1
115 103 0 1
43 103 0 0
42 103 0 0
41 103 0 0
40 103 0 0
39 103 0 0
228 102 0 0
227 102 0 0
226 102 0 0
225 102 0 0
224 102 0 0
223 102 0 0
120 102 0 1
119 102 0 1
118 102 0 1
117 102 0 1
116 102 0 1
115 102 0 1
43 102 0 0
42 102 0 0
41 102 0 0
40 102 0 0
39 102 0 0
227 101 0 0
226 101 0 0
225 101 0 0
224 101 0 0
223 101 0 0
119 101 0 1
118 101 0 1
117 101 0 1
116 101 0 1
115 101 0 1
43 101 0 0
42 101 0 0
41 101 0 0
40 101 0 0
39 101 0 0
227 100 0 0
226 100 0 0
225 100 0 0
224 100 0 0
223 100 0 0
119 100 0 1
118 100 0 1
117 100 0 1
116 100 0 1
115 100 0 1
114 100 0 1
43 100 0 0
42 100 0 0
41 100 0 0
40 100 0 0
39 100 0 0
227 99 0 0
226 99 0 0
225 99 0 0
224 99 0 0
223 99 0 0
118 99 0 1
117 99 0 1
116 99 0 1
115 99 0 1
114 99 0 1
43 99 0 0
42 99 0 0
41 99 0 0
40 99 0 0
39 99 0 0
226 98 0 0
225 98 0 0
224 98 0 0
223 98 0 0
222 98 0 0
118 98 0 1
117 98 0 1
116 98 0 1
115 98 0 1
114 98 0 1
113 98 0 1
44 98 0 0
43 98 0 0
42 98 0 0
41 98 0 0
40 98 0 0
226 97 0 0
225 97 0 0
224 97 0 0
223 97 0 0
222 97 0 0
221 97 0 0
118 97 0 1
117 97 0 1
116 97 0 1
115 97 0 1
114 97 0 1
113 97 0 1
44 97 0 0
43 97 0 0
42 97 0 0
41 97 0 0
40 97 0 0
226 96 0 0
225 96 0 0
224 96 0 0
223 96 0 0
222 96 0 0
221 96 0 0
220 96 0 0
117 96 0 1
116 96 0 1
115 96 0 1
114 96 0 1
113 96 0 1
44 96 0 0
43 96 0 0
42 96 0 0
41 96 0 0
40 96 0 0
225 95 0 0
224 95 0 0
223 95 0 0
222 95 0 0
221 95 0 0
220 95 0 0
117 95 0 1
116 95 0 1
115 95 0 1
114 95 0 1
113 95 0 1
112 95 0 1
44 95 0 0
43 95 0 0
42 95 0 0
41 95 0 0
40 95 0 0
224 94 0 0
223 94 0 0
222 94 0 0
221 94 0 0
220 94 0 0
116 94 0 1
115 94 0 1
114 94 0 1
113 94 0 1
112 94 0 1
44 94 0 0
43 94 0 0
42 94 0 0
41 94 0 0
40 94 0 0
224 93 0 0
223 93 0 0
222 93 0 0
221 93 0 0
220 93 0 0
219 93 0 0
116 93 0 1
115 93 0 1
114 93 0 1
113 93 0 1
112 93 0 1
111 93 0 1
44 93 0 0
43 93 0 0
42 93 0 0
41 93 0 0
40 93 0 0
224 92 0 0
223 92 0 0
222 92 0 0
221 92 0 0
220 92 0 0
219 92 0 0
116 92 0 1
115 92 0 1
114 92 0 1
113 92 0 1
112 92 0 1
111 92 0 1
45 92 0 0
44 92 0 0
43 92 0 0
42 92 0 0
41 92 0 0
40 92 0 0
223 91 0 0
222 91 0 0
221 91 0 0
220 91 0 0
219 91 0 0
218 91 0 0
115 91 0 1
114 91 0 1
113 91 0 1
112 91 0 1
111 91 0 1
110 91 0 1
45 91 0 0
44 91 0 0
43 91 0 0
42 91 0 0
41 91 0 0
223 90 0 0
222 90 0 0
221 90 0 0
220 90 0 0
219 90 0 0
218 90 0 0
115 90 0 1
114 90 0 1
113 90 0 1
112 90 0 1
111 90 0 1
110 90 0 1
45 90 0 0
44 90 0 0
43 90 0 0
42 90 0 0
41 90 0 0
222 89 0 0
221 89 0 0
220 89 0 0
219 89 0 0
218 89 0 0
114 89 0 1
113 89 0 1
112 89 0 1
111 89 0 1
110 89 0 1
45 89 0 0
44 89 0 0
43 89 0 0
42 89 0 0
41 89 0 0
222 88 0 0
221 88 0 0
220 88 0 0
219 88 0 0
218 88 0 0
217 88 0 0
114 88 0 1
113 88 0 1
112 88 0 1
111 88 0 1
110 88 0 1
109 88 0 1
45 88 0 0
44 88 0 0
43 88 0 0
42 88 0 0
41 88 0 0
222 87 0 0
221 87 0 0
220 87 0 0
219 87 0 0
218 87 0 0
217 87 0 0
216 87 0 0
113 87 0 1
112 87 0 1
111 87 0 1
110 87 0 1
109 87 0 1
46 87 0 0
45 87 0 0
44 87 0 0
43 87 0 0
42 87 0 0
41 87 0 0
221 86 0 0
220 86 0 0
219 86 0 0
218 86 0 0
217 86 0 0
216 86 0 0
215 86 0 0
113 86 0 1
112 86 0 1
111 86 0 1
110 86 0 1
109 86 0 1
108 86 0 1
46 86 0 0
45 86 0 0
44 86 0 0
43 86 0 0
42 86 0 0
41 86 0 0
220 85 0 0
219 85 0 0
218 85 0 0
217 85 0 0
216 85 0 0
215 85 0 0
112 85 0 1
111 85 0 1
110 85 0 1
109 85 0 1
108 85 0 1
46 85 0 0
45 85 0 0
44 85 0 0
43 85 0 0
42 85 0 0
219 84 0 0
218 84 0 0
217 84 0 0
216 84 0 0
215 84 0 0
112 84 0 1
111 84 0 1
110 84 0 1
109 84 0 1
108 84 0 1
107 84 0 1
47 84 0 0
46 84 0 0
45 84 0 0
44 84 0 0
43 84 0 0
42 84 0 0
219 83 0 0
218 83 0 0
217 83 0 0
216 83 0 0
215 83 0 0
111 83 0 1
110 83 0 1
109 83 0 1
108 83 0 1
107 83 0 1
47 83 0 0
46 83 0 0
45 83 0 0
44 83 0 0
43 83 0 0
218 82 0 0
217 82 0 0
216 82 0 0
215 82 0 0
214 82 0 0
111 82 0 1
110 82 0 1
109 82 0 1
108 82 0 1
107 82 0 1
106 82 0 1
48 82 0 0
47 82 0 0
46 82 0 0
45 82 0 0
44 82 0 0
43 82 0 0
218 81 0 0
217 81 0 0
216 81 0 0
215 81 0 0
214 81 0 0
111 81 0 1
110 81 0 1
109 81 0 1
108 81 0 1
107 81 0 1
106 81 0 1
48 81 0 0
47 81 0 0
46 81 0 0
45 81 0 0
44 81 0 0
43 81 0 0
218 80 0 0
217 80 0 0
216 80 0 0
215 80 0 0
214 80 0 0
110 80 0 1
109 80 0 1
108 80 0 1
107 80 0 1
106 80 0 1
105 80 0 1
48 80 0 0
47 80 0 0
46 80 0 0
45 80 0 0
44 80 0 0
217 79 0 0
216 79 0 0
215 79 0 0
214 79 0 0
110 79 0 1
109 79 0 1
108 79 0 1
107 79 0 1
106 79 0 1
105 79 0 1
49 79 0 0
48 79 0 0
47 79 0 0
46 79 0 0
45 79 0 0
44 79 0 0
217 78 0 0
216 78 0 0
215 78 0 0
214 78 0 0
109 78 0 1
108 78 0 1
107 78 0 1
106 78 0 1
105 78 0 1
49 78 0 0
48 78 0 0
47 78 0 0
46 78 0 0
45 78 0 0
44 78 0 0
217 77 0 0
216 77 0 0
215 77 0 0
214 77 0 0
213 77 0 0
109 77 0 1
108 77 0 1
107 77 0 1
106 77 0 1
105 77 0 1
50 77 0 0
49 77 0 0
48 77 0 0
47 77 0 0
46 77 0 0
45 77 0 0
217 76 0 0
216 76 0 0
215 76 0 0
214 76 0 0
213 76 0 0
109 76 0 1
108 76 0 1
107 76 0 1
106 76 0 1
105 76 0 1
50 76 0 0
49 76 0 0
48 76 0 0
47 76 0 0
46 76 0 0
45 76 0 0
217 75 0 0
216 75 0 0
215 75 0 0
214 75 0 0
213 75 0 0
212 75 0 0
109 75 0 1
108 75 0 1
107 75 0 1
106 75 0 1
105 75 0 1
51 75 0 0
50 75 0 0
49 75 0 0
48 75 0 0
47 75 0 0
46 75 0 0
217 74 0 0
216 74 0 0
215 74 0 0
214 74 0 0
213 74 0 0
212 74 0 0
109 74 0 1
108 74 0 1
107 74 0 1
106 74 0 1
105 74 0 1
51 74 0 0
50 74 0 0
49 74 0 0
48 74 0 0
47 74 0 0
46 74 0 0
216 73 0 0
215 73 0 0
214 73 0 0
213 73 0 0
212 73 0 0
108 73 0 1
107 73 0 1
106 73 0 1
105 73 0 1
52 73 0 0
51 73 0 0
50 73 0 0
49 73 0 0
48 73 0 0
47 73 0 0
216 72 0 0
215 72 0 0
214 72 0 0
213 72 0 0
212 72 0 0
108 72 0 1
107 72 0 1
106 72 0 1
105 72 0 1
52 72 0 0
51 72 0 0
50 72 0 0
49 72 0 0
48 72 0 0
47 72 0 0
215 71 0 0
214 71 0 0
213 71 0 0
212 71 0 0
211 71 0 0
108 71 0 1
107 71 0 1
106 71 0 1
105 71 0 1
52 71 0 0
51 71 0 0
50 71 0 0
49 71 0 0
48 71 0 0
215 70 0 0
214 70 0 0
213 70 0 0
212 70 0 0
211 70 0 0
108 70 0 1
107 70 0 1
106 70 0 1
105 70 0 1
52 70 0 0
51 70 0 0
50 70 0 0
49 70 0 0
48 70 0 0
215 69 0 0
214 69 0 0
213 69 0 0
212 69 0 0
211 69 0 0
108 69 0 1
107 69 0 1
106 69 0 1
105 69 0 1
53 69 0 0
52 69 0 0
51 69 0 0
50 69 0 0
49 69 0 0
48 69 0 0
215 68 0 0
214 68 0 0
213 68 0 0
212 68 0 0
211 68 0 0
108 68 0 1
107 68 0 1
106 68 0 1
105 68 0 1
53 68 0 0
52 68 0 0
51 68 0 0
50 68 0 0
49 68 0 0
215 67 0 0
214 67 0 0
213 67 0 0
212 67 0 0
211 67 0 0
53 67 0 0
52 67 0 0
51 67 0 0
50 67 0 0
49 67 0 0
214 66 0 0
213 66 0 0
212 66 0 0
211 66 0 0
210 66 0 0
54 66 0 0
53 66 0 0
52 66 0 0
51 66 0 0
50 66 0 0
49 66 0 0
214 65 0 0
213 65 0 0
212 65 0 0
211 65 0 0
210 65 0 0
209 65 0 0
54 65 0 0
53 65 0 0
52 65 0 0
51 65 0 0
50 65 0 0
49 65 0 0
214 64 0 0
213 64 0 0
212 64 0 0
211 64 0 0
210 64 0 0
209 64 0 0
54 64 0 0
53 64 0 0
52 64 0 0
51 64 0 0
50 64 0 0
213 63 0 0
212 63 0 0
211 63 0 0
210 63 0 0
209 63 0 0
208 63 0 0
55 63 0 0
54 63 0 0
53 63 0 0
52 63 0 0
51 63 0 0
50 63 0 0
213 62 0 0
212 62 0 0
211 62 0 0
210 62 0 0
209 62 0 0
208 62 0 0
207 62 0 0
55 62 0 0
54 62 0 0
53 62 0 0
52 62 0 0
51 62 0 0
212 61 0 0
211 61 0 0
210 61 0 0
209 61 0 0
208 61 0 0
207 61 0 0
206 61 0 0
56 61 0 0
55 61 0 0
54 61 0 0
53 61 0 0
52 61 0 0
51 61 0 0
211 60 0 0
210 60 0 0
209 60 0 0
208 60 0 0
207 60 0 0
206 60 0 0
56 60 0 0
55 60 0 0
54 60 0 0
53 60 0 0
52 60 0 0
51 60 0 0
210 59 0 0
209 59 0 0
208 59 0 0
207 59 0 0
206 59 0 0
205 59 0 0
57 59 0 0
56 59 0 0
55 59 0 0
54 59 0 0
53 59 0 0
52 59 0 0
210 58 0 0
209 58 0 0
208 58 0 0
207 58 0 0
206 58 0 0
205 58 0 0
57 58 0 0
56 58 0 0
55 58 0 0
54 58 0 0
53 58 0 0
52 58 0 0
209 57 0 0
208 57 0 0
207 57 0 0
206 57 0 0
205 57 0 0
204 57 0 0
58 57 0 0
57 57 0 0
56 57 0 0
55 57 0 0
54 57 0 0
53 57 0 0
208 56 0 0
207 56 0 0
206 56 0 0
205 56 0 0
204 56 0 0
203 56 0 0
202 56 0 0
59 56 0 0
58 56 0 0
57 56 0 0
56 56 0 0
55 56 0 0
54 56 0 0
53 56 0 0
208 55 0 0
207 55 0 0
206 55 0 0
205 55 0 0
204 55 0 0
203 55 0 0
202 55 0 0
201 55 0 0
200 55 0 0
60 55 0 0
59 55 0 0
58 55 0 0
57 55 0 0
56 55 0 0
55 55 0 0
54 55 0 0
207 54 0 0
206 54 0 0
205 54 0 0
204 54 0 0
203 54 0 0
202 54 0 0
201 54 0 0
200 54 0 0
199 54 0 0
198 54 0 0
61 54 0 0
60 54 0 0
59 54 0 0
58 54 0 0
57 54 0 0
56 54 0 0
55 54 0 0
206 53 0 0
205 53 0 0
204 53 0 0
203 53 0 0
202 53 0 0
201 53 0 0
200 53 0 0
199 53 0 0
198 53 0 0
197 53 0 0
61 53 0 0
60 53 0 0
59 53 0 0
58 53 0 0
57 53 0 0
56 53 0 0
204 52 0 0
203 52 0 0
202 52 0 0
201 52 0 0
200 52 0 0
199 52 0 0
198 52 0 0
197 52 0 0
196 52 0 0
195 52 0 0
62 52 0 0
61 52 0 0
60 52 0 0
59 52 0 0
58 52 0 0
57 52 0 0
202 51 0 0
201 51 0 0
200 51 0 0
199 51 0 0
198 51 0 0
197 51 0 0
196 51 0 0
195 51 0 0
194 51 0 0
193 51 0 0
63 51 0 0
62 51 0 0
61 51 0 0
60 51 0 0
59 51 0 0
58 51 0 0
57 51 0 0
201 50 0 0
200 50 0 0
199 50 0 0
198 50 0 0
197 50 0 0
196 50 0 0
195 50 0 0
194 50 0 0
193 50 0 0
65 50 0 0
64 50 0 0
63 50 0 0
62 50 0 0
61 50 0 0
60 50 0 0
59 50 0 0
58 50 0 0
199 49 0 0
198 49 0 0
197 49 0 0
196 49 0 0
195 49 0 0
194 49 0 0
193 49 0 0
67 49 0 0
66 49 0 0
65 49 0 0
64 49 0 0
63 49 0 0
62 49 0 0
61 49 0 0
60 49 0 0
59 49 0 0
58 49 0 0
198 48 0 0
197 48 0 0
196 48 0 0
195 48 0 0
194 48 0 0
193 48 0 0
69 48 0 0
68 48 0 0
67 48 0 0
66 48 0 0
65 48 0 0
64 48 0 0
63 48 0 0
62 48 0 0
61 48 0 0
60 48 0 0
59 48 0 0
196 47 0 0
195 47 0 0
194 47 0 0
193 47 0 0
70 47 0 0
69 47 0 0
68 47 0 0
67 47 0 0
66 47 0 0
65 47 0 0
64 47 0 0
63 47 0 0
62 47 0 0
61 47 0 0
60 47 0 0
72 46 0 0
71 46 0 0
70 46 0 0
69 46 0 0
68 46 0 0
67 46 0 0
66 46 0 0
65 46 0 0
64 46 0 0
63 46 0 0
62 46 0 0
74 45 0 0
73 45 0 0
72 45 0 0
71 45 0 0
70 45 0 0
69 45 0 0
68 45 0 0
67 45 0 0
66 45 0 0
65 45 0 0
64 45 0 0
126 44 0 0
125 44 0 0
124 44 0 0
123 44 0 0
122 44 0 0
121 44 0 0
120 44 0 0
119 44 0 0
118 44 0 0
117 44 0 0
116 44 0 0
115 44 0 0
114 44 0 0
113 44 0 0
112 44 0 0
111 44 0 0
110 44 0 0
109 44 0 0
108 44 0 0
107 44 0 0
106 44 0 0
105 44 0 0
104 44 0 0
103 44 0 0
102 44 0 0
101 44 0 0
100 44 0 0
99 44 0 0
98 44 0 0
97 44 0 0
96 44 0 0
95 44 0 0
94 44 0 0
93 44 0 0
92 44 0 0
91 44 0 0
90 44 0 0
89 44 0 0
88 44 0 0
87 44 0 0
86 44 0 0
85 44 0 0
84 44 0 0
83 44 0 0
82 44 0 0
81 44 0 0
80 44 0 0
79 44 0 0
78 44 0 0
77 44 0 0
76 44 0 0
75 44 0 0
74 44 0 0
73 44 0 0
72 44 0 0
71 44 0 0
70 44 0 0
69 44 0 0
68 44 0 0
67 44 0 0
66 44 0 0
126 43 0 0
125 43 0 0
124 43 0 0
123 43 0 0
122 43 0 0
121 43 0 0
120 43 0 0
119 43 0 0
118 43 0 0
117 43 0 0
116 43 0 0
115 43 0 0
114 43 0 0
113 43 0 0
112 43 0 0
111 43 0 0
110 43 0 0
109 43 0 0
108 43 0 0
107 43 0 0
106 43 0 0
105 43 0 0
104 43 0 0
103 43 0 0
102 43 0 0
101 43 0 0
100 43 0 0
99 43 0 0
98 43 0 0
97 43 0 0
96 43 0 0
95 43 0 0
94 43 0 0
93 43 0 0
92 43 0 0
91 43 0 0
90 43 0 0
89 43 0 0
88 43 0 0
87 43 0 0
86 43 0 0
85 43 0 0
84 43 0 0
83 43 0 0
82 43 0 0
81 43 0 0
80 43 0 0
79 43 0 0
78 43 0 0
77 43 0 0
76 43 0 0
75 43 0 0
74 43 0 0
73 43 0 0
72 43 0 0
71 43 0 0
70 43 0 0
69 43 0 0
68 43 0 0
126 42 0 0
125 42 0 0
124 42 0 0
123 42 0 0
122 42 0 0
121 42 0 0
120 42 0 0
119 42 0 0
118 42 0 0
117 42 0 0
116 42 0 0
115 42 0 0
114 42 0 0
113 42 0 0
112 42 0 0
111 42 0 0
110 42 0 0
109 42 0 0
108 42 0 0
107 42 0 0
106 42 0 0
105 42 0 0
104 42 0 0
103 42 0 0
102 42 0 0
101 42 0 0
100 42 0 0
99 42 0 0
98 42 0 0
97 42 0 0
96 42 0 0
95 42 0 0
94 42 0 0
93 42 0 0
92 42 0 0
91 42 0 0
90 42 0 0
89 42 0 0
88 42 0 0
87 42 0 0
86 42 0 0
85 42 0 0
84 42 0 0
83 42 0 0
82 42 0 0
81 42 0 0
80 42 0 0
79 42 0 0
78 42 0 0
77 42 0 0
76 42 0 0
75 42 0 0
74 42 0 0
73 42 0 0
72 42 0 0
71 42 0 0
70 42 0 0
126 41 0 0
125 41 0 0
124 41 0 0
123 41 0 0
122 41 0 0
121 41 0 0
120 41 0 0
119 41 0 0
118 41 0 0
117 41 0 0
116 41 0 0
115 41 0 0
114 41 0 0
113 41 0 0
112 41 0 0
111 41 0 0
110 41 0 0
109 41 0 0
108 41 0 0
107 41 0 0
106 41 0 0
105 41 0 0
104 41 0 0
103 41 0 0
102 41 0 0
101 41 0 0
100 41 0 0
99 41 0 0
98 41 0 0
97 41 0 0
96 41 0 0
95 41 0 0
94 41 0 0
93 41 0 0
92 41 0 0
91 41 0 0
90 41 0 0
89 41 0 0
88 41 0 0
87 41 0 0
86 41 0 0
85 41 0 0
84 41 0 0
83 41 0 0
82 41 0 0
81 41 0 0
80 41 0 0
79 41 0 0
78 41 0 0
77 41 0 0
76 41 0 0
75 41 0 0
74 41 0 0
73 41 0 0
72 41 0 0
71 41 0 0
