8112 640 480
504 419 0 0
503 419 0 0
502 419 0 0
501 419 0 0
506 418 0 0
505 418 0 0
504 418 0 0
503 418 0 0
502 418 0 0
501 418 0 0
507 417 0 0
506 417 0 0
505 417 0 0
504 417 0 0
503 417 0 0
502 417 0 0
501 417 0 0
508 416 0 0
507 416 0 0
506 416 0 0
505 416 0 0
504 416 0 0
503 416 0 0
502 416 0 0
501 416 0 0
509 415 0 0
508 415 0 0
507 415 0 0
506 415 0 0
505 415 0 0
504 415 0 0
503 415 0 0
502 415 0 0
510 414 0 0
509 414 0 0
508 414 0 0
507 414 0 0
506 414 0 0
505 414 0 0
504 414 0 0
511 413 0 0
510 413 0 0
509 413 0 0
508 413 0 0
507 413 0 0
506 413 0 0
505 413 0 0
512 412 0 0
511 412 0 0
510 412 0 0
509 412 0 0
508 412 0 0
507 412 0 0
506 412 0 0
513 411 0 0
512 411 0 0
511 411 0 0
510 411 0 0
509 411 0 0
508 411 0 0
507 411 0 0
514 410 0 0
513 410 0 0
512 410 0 0
511 410 0 0
510 410 0 0
509 410 0 0
508 410 0 0
514 409 0 0
513 409 0 0
512 409 0 0
511 409 0 0
510 409 0 0
509 409 0 0
515 408 0 0
514 408 0 0
513 408 0 0
512 408 0 0
511 408 0 0
510 408 0 0
516 407 0 0
515 407 0 0
514 407 0 0
513 407 0 0
512 407 0 0
511 407 0 0
510 407 0 0
264 407 0 0
263 407 0 0
262 407 0 0
261 407 0 0
516 406 0 0
515 406 0 0
514 406 0 0
513 406 0 0
512 406 0 0
511 406 0 0
264 406 0 0
263 406 0 0
262 406 0 0
261 406 0 0
260 406 0 0
259 406 0 0
517 405 0 0
516 405 0 0
515 405 0 0
514 405 0 0
513 405 0 0
512 405 0 0
264 405 0 0
263 405 0 0
262 405 0 0
261 405 0 0
260 405 0 0
259 405 0 0
258 405 0 0
257 405 0 0
518 404 0 0
517 404 0 0
516 404 0 0
515 404 0 0
514 404 0 0
513 404 0 0
512 404 0 0
264 404 0 0
263 404 0 0
262 404 0 0
261 404 0 0
260 404 0 0
259 404 0 0
258 404 0 0
257 404 0 0
256 404 0 0
255 404 0 0
518 403 0 0
517 403 0 0
516 403 0 0
515 403 0 0
514 403 0 0
513 403 0 0
264 403 0 0
263 403 0 0
262 403 0 0
261 403 0 0
260 403 0 0
259 403 0 0
258 403 0 0
257 403 0 0
256 403 0 0
255 403 0 0
254 403 0 0
253 403 0 0
519 402 0 0
518 402 0 0
517 402 0 0
516 402 0 0
515 402 0 0
514 402 0 0
262 402 0 0
261 402 0 0
260 402 0 0
259 402 0 0
258 402 0 0
257 402 0 0
256 402 0 0
255 402 0 0
254 402 0 0
253 402 0 0
252 402 0 0
520 401 0 0
519 401 0 0
518 401 0 0
517 401 0 0
516 401 0 0
515 401 0 0
514 401 0 0
260 401 0 0
259 401 0 0
258 401 0 0
257 401 0 0
256 401 0 0
255 401 0 0
254 401 0 0
253 401 0 0
252 401 0 0
251 401 0 0
250 401 0 0
249 401 0 0
521 400 0 0
520 400 0 0
519 400 0 0
518 400 0 0
517 400 0 0
516 400 0 0
515 400 0 0
258 400 0 0
257 400 0 0
256 400 0 0
255 400 0 0
254 400 0 0
253 400 0 0
252 400 0 0
251 400 0 0
250 400 0 0
249 400 0 0
248 400 0 0
522 399 0 0
521 399 0 0
520 399 0 0
519 399 0 0
518 399 0 0
517 399 0 0
516 399 0 0
256 399 0 0
255 399 0 0
254 399 0 0
253 399 0 0
252 399 0 0
251 399 0 0
250 399 0 0
249 399 0 0
248 399 0 0
247 399 0 0
246 399 0 0
245 399 0 0
523 398 0 0
522 398 0 0
521 398 0 0
520 398 0 0
519 398 0 0
518 398 0 0
517 398 0 0
254 398 0 0
253 398 0 0
252 398 0 0
251 398 0 0
250 398 0 0
249 398 0 0
248 398 0 0
247 398 0 0
246 398 0 0
245 398 0 0
244 398 0 0
243 398 0 0
242 398 0 0
523 397 0 0
522 397 0 0
521 397 0 0
520 397 0 0
519 397 0 0
518 397 0 0
517 397 0 0
252 397 0 0
251 397 0 0
250 397 0 0
249 397 0 0
248 397 0 0
247 397 0 0
246 397 0 0
245 397 0 0
244 397 0 0
243 397 0 0
242 397 0 0
241 397 0 0
240 397 0 0
239 397 0 0
238 397 0 0
237 397 0 0
236 397 0 0
235 397 0 0
524 396 0 0
523 396 0 0
522 396 0 0
521 396 0 0
520 396 0 0
519 396 0 0
518 396 0 0
250 396 0 0
249 396 0 0
248 396 0 0
247 396 0 0
246 396 0 0
245 396 0 0
244 396 0 0
243 396 0 0
242 396 0 0
241 396 0 0
240 396 0 0
239 396 0 0
238 396 0 0
237 396 0 0
236 396 0 0
235 396 0 0
234 396 0 0
525 395 0 0
524 395 0 0
523 395 0 0
522 395 0 0
521 395 0 0
520 395 0 0
519 395 0 0
247 395 0 0
246 395 0 0
245 395 0 0
244 395 0 0
243 395 0 0
242 395 0 0
241 395 0 0
240 395 0 0
239 395 0 0
238 395 0 0
237 395 0 0
236 395 0 0
235 395 0 0
234 395 0 0
233 395 0 0
526 394 0 0
525 394 0 0
524 394 0 0
523 394 0 0
522 394 0 0
521 394 0 0
520 394 0 0
244 394 0 0
243 394 0 0
242 394 0 0
241 394 0 0
240 394 0 0
239 394 0 0
238 394 0 0
237 394 0 0
236 394 0 0
235 394 0 0
234 394 0 0
233 394 0 0
232 394 0 0
231 394 0 0
230 394 0 0
527 393 0 0
526 393 0 0
525 393 0 0
524 393 0 0
523 393 0 0
522 393 0 0
521 393 0 0
238 393 0 0
237 393 0 0
236 393 0 0
235 393 0 0
234 393 0 0
233 393 0 0
232 393 0 0
231 393 0 0
230 393 0 0
229 393 0 0
228 393 0 0
227 393 0 0
226 393 0 0
528 392 0 0
527 392 0 0
526 392 0 0
525 392 0 0
524 392 0 0
523 392 0 0
522 392 0 0
236 392 0 0
235 392 0 0
234 392 0 0
233 392 0 0
232 392 0 0
231 392 0 0
230 392 0 0
229 392 0 0
228 392 0 0
227 392 0 0
226 392 0 0
225 392 0 0
224 392 0 0
223 392 0 0
222 392 0 0
221 392 0 0
220 392 0 0
219 392 0 0
528 391 0 0
527 391 0 0
526 391 0 0
525 391 0 0
524 391 0 0
523 391 0 0
522 391 0 0
235 391 0 0
234 391 0 0
233 391 0 0
232 391 0 0
231 391 0 0
230 391 0 0
229 391 0 0
228 391 0 0
227 391 0 0
226 391 0 0
225 391 0 0
224 391 0 0
223 391 0 0
222 391 0 0
221 391 0 0
220 391 0 0
219 391 0 0
218 391 0 0
217 391 0 0
216 391 0 0
215 391 0 0
214 391 0 0
213 391 0 0
529 390 0 0
528 390 0 0
527 390 0 0
526 390 0 0
525 390 0 0
524 390 0 0
523 390 0 0
234 390 0 0
233 390 0 0
232 390 0 0
231 390 0 0
230 390 0 0
229 390 0 0
228 390 0 0
227 390 0 0
226 390 0 0
225 390 0 0
224 390 0 0
223 390 0 0
222 390 0 0
221 390 0 0
220 390 0 0
219 390 0 0
218 390 0 0
217 390 0 0
216 390 0 0
215 390 0 0
214 390 0 0
213 390 0 0
212 390 0 0
211 390 0 0
210 390 0 0
530 389 0 0
529 389 0 0
528 389 0 0
527 389 0 0
526 389 0 0
525 389 0 0
524 389 0 0
229 389 0 0
228 389 0 0
227 389 0 0
226 389 0 0
225 389 0 0
224 389 0 0
223 389 0 0
222 389 0 0
221 389 0 0
220 389 0 0
219 389 0 0
218 389 0 0
217 389 0 0
216 389 0 0
215 389 0 0
214 389 0 0
213 389 0 0
212 389 0 0
211 389 0 0
210 389 0 0
209 389 0 0
208 389 0 0
207 389 0 0
531 388 0 0
530 388 0 0
529 388 0 0
528 388 0 0
527 388 0 0
526 388 0 0
525 388 0 0
224 388 0 0
223 388 0 0
222 388 0 0
221 388 0 0
220 388 0 0
219 388 0 0
218 388 0 0
217 388 0 0
216 388 0 0
215 388 0 0
214 388 0 0
213 388 0 0
212 388 0 0
211 388 0 0
210 388 0 0
209 388 0 0
208 388 0 0
207 388 0 0
206 388 0 0
205 388 0 0
204 388 0 0
203 388 0 0
202 388 0 0
201 388 0 0
532 387 0 0
531 387 0 0
530 387 0 0
529 387 0 0
528 387 0 0
527 387 0 0
526 387 0 0
217 387 0 0
216 387 0 0
215 387 0 0
214 387 0 0
213 387 0 0
212 387 0 0
211 387 0 0
210 387 0 0
209 387 0 0
208 387 0 0
207 387 0 0
206 387 0 0
205 387 0 0
204 387 0 0
203 387 0 0
202 387 0 0
201 387 0 0
200 387 0 0
199 387 0 0
198 387 0 0
533 386 0 0
532 386 0 0
531 386 0 0
530 386 0 0
529 386 0 0
528 386 0 0
527 386 0 0
214 386 0 0
213 386 0 0
212 386 0 0
211 386 0 0
210 386 0 0
209 386 0 0
208 386 0 0
207 386 0 0
206 386 0 0
205 386 0 0
204 386 0 0
203 386 0 0
202 386 0 0
201 386 0 0
200 386 0 0
199 386 0 0
198 386 0 0
197 386 0 0
196 386 0 0
195 386 0 0
194 386 0 0
193 386 0 0
534 385 0 0
533 385 0 0
532 385 0 0
531 385 0 0
530 385 0 0
529 385 0 0
528 385 0 0
211 385 0 0
210 385 0 0
209 385 0 0
208 385 0 0
207 385 0 0
206 385 0 0
205 385 0 0
204 385 0 0
203 385 0 0
202 385 0 0
201 385 0 0
200 385 0 0
199 385 0 0
198 385 0 0
197 385 0 0
196 385 0 0
195 385 0 0
194 385 0 0
193 385 0 0
192 385 0 0
535 384 0 0
534 384 0 0
533 384 0 0
532 384 0 0
531 384 0 0
530 384 0 0
529 384 0 0
205 384 0 0
204 384 0 0
203 384 0 0
202 384 0 0
201 384 0 0
200 384 0 0
199 384 0 0
198 384 0 0
197 384 0 0
196 384 0 0
195 384 0 0
194 384 0 0
193 384 0 0
192 384 0 0
191 384 0 0
536 383 0 0
535 383 0 0
534 383 0 0
533 383 0 0
532 383 0 0
531 383 0 0
530 383 0 0
202 383 0 0
201 383 0 0
200 383 0 0
199 383 0 0
198 383 0 0
197 383 0 0
196 383 0 0
195 383 0 0
194 383 0 0
193 383 0 0
192 383 0 0
191 383 0 0
190 383 0 0
537 382 0 0
536 382 0 0
535 382 0 0
534 382 0 0
533 382 0 0
532 382 0 0
531 382 0 0
198 382 0 0
197 382 0 0
196 382 0 0
195 382 0 0
194 382 0 0
193 382 0 0
192 382 0 0
191 382 0 0
190 382 0 0
189 382 0 0
538 381 0 0
537 381 0 0
536 381 0 0
535 381 0 0
534 381 0 0
533 381 0 0
532 381 0 0
195 381 0 0
194 381 0 0
193 381 0 0
192 381 0 0
191 381 0 0
190 381 0 0
189 381 0 0
188 381 0 0
539 380 0 0
538 380 0 0
537 380 0 0
536 380 0 0
535 380 0 0
534 380 0 0
533 380 0 0
194 380 0 0
193 380 0 0
192 380 0 0
191 380 0 0
190 380 0 0
189 380 0 0
188 380 0 0
187 380 0 0
186 380 0 0
185 380 0 0
540 379 0 0
539 379 0 0
538 379 0 0
537 379 0 0
536 379 0 0
535 379 0 0
534 379 0 0
193 379 0 0
192 379 0 0
191 379 0 0
190 379 0 0
189 379 0 0
188 379 0 0
187 379 0 0
186 379 0 0
185 379 0 0
184 379 0 0
541 378 0 0
540 378 0 0
539 378 0 0
538 378 0 0
537 378 0 0
536 378 0 0
535 378 0 0
191 378 0 0
190 378 0 0
189 378 0 0
188 378 0 0
187 378 0 0
186 378 0 0
185 378 0 0
184 378 0 0
183 378 0 0
542 377 0 0
541 377 0 0
540 377 0 0
539 377 0 0
538 377 0 0
537 377 0 0
536 377 0 0
190 377 0 0
189 377 0 0
188 377 0 0
187 377 0 0
186 377 0 0
185 377 0 0
184 377 0 0
183 377 0 0
182 377 0 0
181 377 0 0
543 376 0 0
542 376 0 0
541 376 0 0
540 376 0 0
539 376 0 0
538 376 0 0
537 376 0 0
189 376 0 0
188 376 0 0
187 376 0 0
186 376 0 0
185 376 0 0
184 376 0 0
183 376 0 0
182 376 0 0
181 376 0 0
180 376 0 0
179 376 0 0
544 375 0 0
543 375 0 0
542 375 0 0
541 375 0 0
540 375 0 0
539 375 0 0
538 375 0 0
186 375 0 0
185 375 0 0
184 375 0 0
183 375 0 0
182 375 0 0
181 375 0 0
180 375 0 0
179 375 0 0
178 375 0 0
177 375 0 0
545 374 0 0
544 374 0 0
543 374 0 0
542 374 0 0
541 374 0 0
540 374 0 0
539 374 0 0
185 374 0 0
184 374 0 0
183 374 0 0
182 374 0 0
181 374 0 0
180 374 0 0
179 374 0 0
178 374 0 0
177 374 0 0
176 374 0 0
175 374 0 0
546 373 0 0
545 373 0 0
544 373 0 0
543 373 0 0
542 373 0 0
541 373 0 0
540 373 0 0
184 373 0 0
183 373 0 0
182 373 0 0
181 373 0 0
180 373 0 0
179 373 0 0
178 373 0 0
177 373 0 0
176 373 0 0
175 373 0 0
174 373 0 0
173 373 0 0
547 372 0 0
546 372 0 0
545 372 0 0
544 372 0 0
543 372 0 0
542 372 0 0
541 372 0 0
182 372 0 0
181 372 0 0
180 372 0 0
179 372 0 0
178 372 0 0
177 372 0 0
176 372 0 0
175 372 0 0
174 372 0 0
173 372 0 0
172 372 0 0
171 372 0 0
170 372 0 0
548 371 0 0
547 371 0 0
546 371 0 0
545 371 0 0
544 371 0 0
543 371 0 0
542 371 0 0
180 371 0 0
179 371 0 0
178 371 0 0
177 371 0 0
176 371 0 0
175 371 0 0
174 371 0 0
173 371 0 0
172 371 0 0
171 371 0 0
170 371 0 0
169 371 0 0
168 371 0 0
549 370 0 0
548 370 0 0
547 370 0 0
546 370 0 0
545 370 0 0
544 370 0 0
543 370 0 0
178 370 0 0
177 370 0 0
176 370 0 0
175 370 0 0
174 370 0 0
173 370 0 0
172 370 0 0
171 370 0 0
170 370 0 0
169 370 0 0
168 370 0 0
167 370 0 0
550 369 0 0
549 369 0 0
548 369 0 0
547 369 0 0
546 369 0 0
545 369 0 0
544 369 0 0
176 369 0 0
175 369 0 0
174 369 0 0
173 369 0 0
172 369 0 0
171 369 0 0
170 369 0 0
169 369 0 0
168 369 0 0
167 369 0 0
166 369 0 0
165 369 0 0
551 368 0 0
550 368 0 0
549 368 0 0
548 368 0 0
547 368 0 0
546 368 0 0
545 368 0 0
173 368 0 0
172 368 0 0
171 368 0 0
170 368 0 0
169 368 0 0
168 368 0 0
167 368 0 0
166 368 0 0
165 368 0 0
164 368 0 0
163 368 0 0
162 368 0 0
552 367 0 0
551 367 0 0
550 367 0 0
549 367 0 0
548 367 0 0
547 367 0 0
546 367 0 0
171 367 0 0
170 367 0 0
169 367 0 0
168 367 0 0
167 367 0 0
166 367 0 0
165 367 0 0
164 367 0 0
163 367 0 0
162 367 0 0
161 367 0 0
160 367 0 0
159 367 0 0
158 367 0 0
157 367 0 0
156 367 0 0
155 367 0 0
154 367 0 0
153 367 0 0
152 367 0 0
151 367 0 0
553 366 0 0
552 366 0 0
551 366 0 0
550 366 0 0
549 366 0 0
548 366 0 0
547 366 0 0
169 366 0 0
168 366 0 0
167 366 0 0
166 366 0 0
165 366 0 0
164 366 0 0
163 366 0 0
162 366 0 0
161 366 0 0
160 366 0 0
159 366 0 0
158 366 0 0
157 366 0 0
156 366 0 0
155 366 0 0
154 366 0 0
153 366 0 0
152 366 0 0
151 366 0 0
150 366 0 0
149 366 0 0
554 365 0 0
553 365 0 0
552 365 0 0
551 365 0 0
550 365 0 0
549 365 0 0
548 365 0 0
168 365 0 0
167 365 0 0
166 365 0 0
165 365 0 0
164 365 0 0
163 365 0 0
162 365 0 0
161 365 0 0
160 365 0 0
159 365 0 0
158 365 0 0
157 365 0 0
156 365 0 0
155 365 0 0
154 365 0 0
153 365 0 0
152 365 0 0
151 365 0 0
150 365 0 0
149 365 0 0
555 364 0 0
554 364 0 0
553 364 0 0
552 364 0 0
551 364 0 0
550 364 0 0
549 364 0 0
166 364 0 0
165 364 0 0
164 364 0 0
163 364 0 0
162 364 0 0
161 364 0 0
160 364 0 0
159 364 0 0
158 364 0 0
157 364 0 0
156 364 0 0
155 364 0 0
154 364 0 0
153 364 0 0
152 364 0 0
151 364 0 0
150 364 0 0
149 364 0 0
556 363 0 0
555 363 0 0
554 363 0 0
553 363 0 0
552 363 0 0
551 363 0 0
550 363 0 0
162 363 0 0
161 363 0 0
160 363 0 0
159 363 0 0
158 363 0 0
157 363 0 0
156 363 0 0
155 363 0 0
154 363 0 0
153 363 0 0
152 363 0 0
151 363 0 0
150 363 0 0
149 363 0 0
557 362 0 0
556 362 0 0
555 362 0 0
554 362 0 0
553 362 0 0
552 362 0 0
551 362 0 0
159 362 0 0
158 362 0 0
157 362 0 0
156 362 0 0
155 362 0 0
154 362 0 0
153 362 0 0
152 362 0 0
151 362 0 0
150 362 0 0
149 362 0 0
148 362 0 0
147 362 0 0
558 361 0 0
557 361 0 0
556 361 0 0
555 361 0 0
554 361 0 0
553 361 0 0
552 361 0 0
157 361 0 0
156 361 0 0
155 361 0 0
154 361 0 0
153 361 0 0
152 361 0 0
151 361 0 0
150 361 0 0
149 361 0 0
148 361 0 0
147 361 0 0
146 361 0 0
145 361 0 0
559 360 0 0
558 360 0 0
557 360 0 0
556 360 0 0
555 360 0 0
554 360 0 0
553 360 0 0
156 360 0 0
155 360 0 0
154 360 0 0
153 360 0 0
152 360 0 0
151 360 0 0
150 360 0 0
149 360 0 0
148 360 0 0
147 360 0 0
146 360 0 0
145 360 0 0
144 360 0 0
143 360 0 0
560 359 0 0
559 359 0 0
558 359 0 0
557 359 0 0
556 359 0 0
555 359 0 0
554 359 0 0
153 359 0 0
152 359 0 0
151 359 0 0
150 359 0 0
149 359 0 0
148 359 0 0
147 359 0 0
146 359 0 0
145 359 0 0
144 359 0 0
143 359 0 0
142 359 0 0
141 359 0 0
561 358 0 0
560 358 0 0
559 358 0 0
558 358 0 0
557 358 0 0
556 358 0 0
555 358 0 0
150 358 0 0
149 358 0 0
148 358 0 0
147 358 0 0
146 358 0 0
145 358 0 0
144 358 0 0
143 358 0 0
142 358 0 0
141 358 0 0
140 358 0 0
139 358 0 0
562 357 0 0
561 357 0 0
560 357 0 0
559 357 0 0
558 357 0 0
557 357 0 0
556 357 0 0
148 357 0 0
147 357 0 0
146 357 0 0
145 357 0 0
144 357 0 0
143 357 0 0
142 357 0 0
141 357 0 0
140 357 0 0
139 357 0 0
138 357 0 0
137 357 0 0
136 357 0 0
135 357 0 0
563 356 0 0
562 356 0 0
561 356 0 0
560 356 0 0
559 356 0 0
558 356 0 0
557 356 0 0
146 356 0 0
145 356 0 0
144 356 0 0
143 356 0 0
142 356 0 0
141 356 0 0
140 356 0 0
139 356 0 0
138 356 0 0
137 356 0 0
136 356 0 0
135 356 0 0
134 356 0 0
133 356 0 0
132 356 0 0
131 356 0 0
130 356 0 0
564 355 0 0
563 355 0 0
562 355 0 0
561 355 0 0
560 355 0 0
559 355 0 0
558 355 0 0
144 355 0 0
143 355 0 0
142 355 0 0
141 355 0 0
140 355 0 0
139 355 0 0
138 355 0 0
137 355 0 0
136 355 0 0
135 355 0 0
134 355 0 0
133 355 0 0
132 355 0 0
131 355 0 0
130 355 0 0
129 355 0 0
128 355 0 0
565 354 0 0
564 354 0 0
563 354 0 0
562 354 0 0
561 354 0 0
560 354 0 0
559 354 0 0
558 354 0 0
142 354 0 0
141 354 0 0
140 354 0 0
139 354 0 0
138 354 0 0
137 354 0 0
136 354 0 0
135 354 0 0
134 354 0 0
133 354 0 0
132 354 0 0
131 354 0 0
130 354 0 0
129 354 0 0
128 354 0 0
127 354 0 0
126 354 0 0
125 354 0 0
566 353 0 0
565 353 0 0
564 353 0 0
563 353 0 0
562 353 0 0
561 353 0 0
560 353 0 0
559 353 0 0
140 353 0 0
139 353 0 0
138 353 0 0
137 353 0 0
136 353 0 0
135 353 0 0
134 353 0 0
133 353 0 0
132 353 0 0
131 353 0 0
130 353 0 0
129 353 0 0
128 353 0 0
127 353 0 0
126 353 0 0
125 353 0 0
124 353 0 0
123 353 0 0
122 353 0 0
567 352 0 0
566 352 0 0
565 352 0 0
564 352 0 0
563 352 0 0
562 352 0 0
561 352 0 0
560 352 0 0
135 352 0 0
134 352 0 0
133 352 0 0
132 352 0 0
131 352 0 0
130 352 0 0
129 352 0 0
128 352 0 0
127 352 0 0
126 352 0 0
125 352 0 0
124 352 0 0
123 352 0 0
122 352 0 0
121 352 0 0
120 352 0 0
119 352 0 0
568 351 0 0
567 351 0 0
566 351 0 0
565 351 0 0
564 351 0 0
563 351 0 0
562 351 0 0
561 351 0 0
131 351 0 0
130 351 0 0
129 351 0 0
128 351 0 0
127 351 0 0
126 351 0 0
125 351 0 0
124 351 0 0
123 351 0 0
122 351 0 0
121 351 0 0
120 351 0 0
119 351 0 0
118 351 0 0
117 351 0 0
116 351 0 0
568 350 0 0
567 350 0 0
566 350 0 0
565 350 0 0
564 350 0 0
563 350 0 0
562 350 0 0
128 350 0 0
127 350 0 0
126 350 0 0
125 350 0 0
124 350 0 0
123 350 0 0
122 350 0 0
121 350 0 0
120 350 0 0
119 350 0 0
118 350 0 0
117 350 0 0
116 350 0 0
115 350 0 0
569 349 0 0
568 349 0 0
567 349 0 0
566 349 0 0
565 349 0 0
564 349 0 0
563 349 0 0
125 349 0 0
124 349 0 0
123 349 0 0
122 349 0 0
121 349 0 0
120 349 0 0
119 349 0 0
118 349 0 0
117 349 0 0
116 349 0 0
115 349 0 0
114 349 0 0
113 349 0 0
570 348 0 0
569 348 0 0
568 348 0 0
567 348 0 0
566 348 0 0
565 348 0 0
564 348 0 0
123 348 0 0
122 348 0 0
121 348 0 0
120 348 0 0
119 348 0 0
118 348 0 0
117 348 0 0
116 348 0 0
115 348 0 0
114 348 0 0
113 348 0 0
112 348 0 0
571 347 0 0
570 347 0 0
569 347 0 0
568 347 0 0
567 347 0 0
566 347 0 0
565 347 0 0
120 347 0 0
119 347 0 0
118 347 0 0
117 347 0 0
116 347 0 0
115 347 0 0
114 347 0 0
113 347 0 0
112 347 0 0
111 347 0 0
110 347 0 0
572 346 0 0
571 346 0 0
570 346 0 0
569 346 0 0
568 346 0 0
567 346 0 0
566 346 0 0
117 346 0 0
116 346 0 0
115 346 0 0
114 346 0 0
113 346 0 0
112 346 0 0
111 346 0 0
110 346 0 0
109 346 0 0
108 346 0 0
573 345 0 0
572 345 0 0
571 345 0 0
570 345 0 0
569 345 0 0
568 345 0 0
567 345 0 0
115 345 0 0
114 345 0 0
113 345 0 0
112 345 0 0
111 345 0 0
110 345 0 0
109 345 0 0
108 345 0 0
107 345 0 0
106 345 0 0
105 345 0 0
574 344 0 0
573 344 0 0
572 344 0 0
571 344 0 0
570 344 0 0
569 344 0 0
568 344 0 0
114 344 0 0
113 344 0 0
112 344 0 0
111 344 0 0
110 344 0 0
109 344 0 0
108 344 0 0
107 344 0 0
106 344 0 0
105 344 0 0
104 344 0 0
103 344 0 0
102 344 0 0
575 343 0 0
574 343 0 0
573 343 0 0
572 343 0 0
571 343 0 0
570 343 0 0
569 343 0 0
112 343 0 0
111 343 0 0
110 343 0 0
109 343 0 0
108 343 0 0
107 343 0 0
106 343 0 0
105 343 0 0
104 343 0 0
103 343 0 0
102 343 0 0
101 343 0 0
576 342 0 0
575 342 0 0
574 342 0 0
573 342 0 0
572 342 0 0
571 342 0 0
570 342 0 0
111 342 0 0
110 342 0 0
109 342 0 0
108 342 0 0
107 342 0 0
106 342 0 0
105 342 0 0
104 342 0 0
103 342 0 0
102 342 0 0
101 342 0 0
100 342 0 0
99 342 0 0
577 341 0 0
576 341 0 0
575 341 0 0
574 341 0 0
573 341 0 0
572 341 0 0
571 341 0 0
108 341 0 0
107 341 0 0
106 341 0 0
105 341 0 0
104 341 0 0
103 341 0 0
102 341 0 0
101 341 0 0
100 341 0 0
99 341 0 0
98 341 0 0
578 340 0 0
577 340 0 0
576 340 0 0
575 340 0 0
574 340 0 0
573 340 0 0
572 340 0 0
105 340 0 0
104 340 0 0
103 340 0 0
102 340 0 0
101 340 0 0
100 340 0 0
99 340 0 0
98 340 0 0
97 340 0 0
579 339 0 0
578 339 0 0
577 339 0 0
576 339 0 0
575 339 0 0
574 339 0 0
573 339 0 0
572 339 0 0
103 339 0 0
102 339 0 0
101 339 0 0
100 339 0 0
99 339 0 0
98 339 0 0
97 339 0 0
96 339 0 0
580 338 0 0
579 338 0 0
578 338 0 0
577 338 0 0
576 338 0 0
575 338 0 0
574 338 0 0
573 338 0 0
102 338 0 0
101 338 0 0
100 338 0 0
99 338 0 0
98 338 0 0
97 338 0 0
96 338 0 0
95 338 0 0
94 338 0 0
581 337 0 0
580 337 0 0
579 337 0 0
578 337 0 0
577 337 0 0
576 337 0 0
575 337 0 0
574 337 0 0
101 337 0 0
100 337 0 0
99 337 0 0
98 337 0 0
97 337 0 0
96 337 0 0
95 337 0 0
94 337 0 0
93 337 0 0
582 336 0 0
581 336 0 0
580 336 0 0
579 336 0 0
578 336 0 0
577 336 0 0
576 336 0 0
575 336 0 0
99 336 0 0
98 336 0 0
97 336 0 0
96 336 0 0
95 336 0 0
94 336 0 0
93 336 0 0
92 336 0 0
91 336 0 0
582 335 0 0
581 335 0 0
580 335 0 0
579 335 0 0
578 335 0 0
577 335 0 0
576 335 0 0
98 335 0 0
97 335 0 0
96 335 0 0
95 335 0 0
94 335 0 0
93 335 0 0
92 335 0 0
91 335 0 0
90 335 0 0
583 334 0 0
582 334 0 0
581 334 0 0
580 334 0 0
579 334 0 0
578 334 0 0
577 334 0 0
96 334 0 0
95 334 0 0
94 334 0 0
93 334 0 0
92 334 0 0
91 334 0 0
90 334 0 0
89 334 0 0
584 333 0 0
583 333 0 0
582 333 0 0
581 333 0 0
580 333 0 0
579 333 0 0
578 333 0 0
345 333 0 1
344 333 0 1
343 333 0 1
342 333 0 1
341 333 0 1
340 333 0 1
339 333 0 1
338 333 0 1
337 333 0 1
336 333 0 1
335 333 0 1
334 333 0 1
333 333 0 1
332 333 0 1
331 333 0 1
330 333 0 1
329 333 0 1
328 333 0 1
327 333 0 1
326 333 0 1
325 333 0 1
324 333 0 1
323 333 0 1
322 333 0 1
321 333 0 1
320 333 0 1
319 333 0 1
318 333 0 1
317 333 0 1
316 333 0 1
315 333 0 1
314 333 0 1
313 333 0 1
312 333 0 1
311 333 0 1
310 333 0 1
309 333 0 1
308 333 0 1
307 333 0 1
306 333 0 1
305 333 0 1
304 333 0 1
303 333 0 1
302 333 0 1
301 333 0 1
300 333 0 1
299 333 0 1
298 333 0 1
297 333 0 1
296 333 0 1
295 333 0 1
95 333 0 0
94 333 0 0
93 333 0 0
92 333 0 0
91 333 0 0
90 333 0 0
89 333 0 0
88 333 0 0
585 332 0 0
584 332 0 0
583 332 0 0
582 332 0 0
581 332 0 0
580 332 0 0
579 332 0 0
350 332 0 1
349 332 0 1
348 332 0 1
347 332 0 1
346 332 0 1
345 332 0 1
344 332 0 1
343 332 0 1
342 332 0 1
341 332 0 1
340 332 0 1
339 332 0 1
338 332 0 1
337 332 0 1
336 332 0 1
335 332 0 1
334 332 0 1
333 332 0 1
332 332 0 1
331 332 0 1
330 332 0 1
329 332 0 1
328 332 0 1
327 332 0 1
326 332 0 1
325 332 0 1
324 332 0 1
323 332 0 1
322 332 0 1
321 332 0 1
320 332 0 1
319 332 0 1
318 332 0 1
317 332 0 1
316 332 0 1
315 332 0 1
314 332 0 1
313 332 0 1
312 332 0 1
311 332 0 1
310 332 0 1
309 332 0 1
308 332 0 1
307 332 0 1
306 332 0 1
305 332 0 1
304 332 0 1
303 332 0 1
302 332 0 1
301 332 0 1
300 332 0 1
299 332 0 1
298 332 0 1
297 332 0 1
296 332 0 1
295 332 0 1
294 332 0 1
293 332 0 1
292 332 0 1
291 332 0 1
290 332 0 1
93 332 0 0
92 332 0 0
91 332 0 0
90 332 0 0
89 332 0 0
88 332 0 0
87 332 0 0
586 331 0 0
585 331 0 0
584 331 0 0
583 331 0 0
582 331 0 0
581 331 0 0
580 331 0 0
354 331 0 1
353 331 0 1
352 331 0 1
351 331 0 1
350 331 0 1
349 331 0 1
348 331 0 1
347 331 0 1
346 331 0 1
345 331 0 1
344 331 0 1
343 331 0 1
342 331 0 1
341 331 0 1
340 331 0 1
339 331 0 1
338 331 0 1
337 331 0 1
336 331 0 1
335 331 0 1
334 331 0 1
333 331 0 1
332 331 0 1
331 331 0 1
330 331 0 1
329 331 0 1
328 331 0 1
327 331 0 1
326 331 0 1
325 331 0 1
324 331 0 1
323 331 0 1
322 331 0 1
321 331 0 1
320 331 0 1
319 331 0 1
318 331 0 1
317 331 0 1
316 331 0 1
315 331 0 1
314 331 0 1
313 331 0 1
312 331 0 1
311 331 0 1
310 331 0 1
309 331 0 1
308 331 0 1
307 331 0 1
306 331 0 1
305 331 0 1
304 331 0 1
303 331 0 1
302 331 0 1
301 331 0 1
300 331 0 1
299 331 0 1
298 331 0 1
297 331 0 1
296 331 0 1
295 331 0 1
294 331 0 1
293 331 0 1
292 331 0 1
291 331 0 1
290 331 0 1
289 331 0 1
288 331 0 1
287 331 0 1
92 331 0 0
91 331 0 0
90 331 0 0
89 331 0 0
88 331 0 0
87 331 0 0
86 331 0 0
587 330 0 0
586 330 0 0
585 330 0 0
584 330 0 0
583 330 0 0
582 330 0 0
581 330 0 0
359 330 0 1
358 330 0 1
357 330 0 1
356 330 0 1
355 330 0 1
354 330 0 1
353 330 0 1
352 330 0 1
351 330 0 1
350 330 0 1
349 330 0 1
348 330 0 1
347 330 0 1
346 330 0 1
345 330 0 1
344 330 0 1
343 330 0 1
342 330 0 1
341 330 0 1
340 330 0 1
339 330 0 1
338 330 0 1
337 330 0 1
336 330 0 1
335 330 0 1
334 330 0 1
333 330 0 1
332 330 0 1
331 330 0 1
330 330 0 1
329 330 0 1
328 330 0 1
327 330 0 1
326 330 0 1
325 330 0 1
324 330 0 1
323 330 0 1
322 330 0 1
321 330 0 1
320 330 0 1
319 330 0 1
318 330 0 1
317 330 0 1
316 330 0 1
315 330 0 1
314 330 0 1
313 330 0 1
312 330 0 1
311 330 0 1
310 330 0 1
309 330 0 1
308 330 0 1
307 330 0 1
306 330 0 1
305 330 0 1
304 330 0 1
303 330 0 1
302 330 0 1
301 330 0 1
300 330 0 1
299 330 0 1
298 330 0 1
297 330 0 1
296 330 0 1
295 330 0 1
294 330 0 1
293 330 0 1
292 330 0 1
291 330 0 1
290 330 0 1
289 330 0 1
288 330 0 1
287 330 0 1
286 330 0 1
285 330 0 1
284 330 0 1
91 330 0 0
90 330 0 0
89 330 0 0
88 330 0 0
87 330 0 0
86 330 0 0
85 330 0 0
588 329 0 0
587 329 0 0
586 329 0 0
585 329 0 0
584 329 0 0
583 329 0 0
582 329 0 0
365 329 0 1
364 329 0 1
363 329 0 1
362 329 0 1
361 329 0 1
360 329 0 1
359 329 0 1
358 329 0 1
357 329 0 1
356 329 0 1
355 329 0 1
354 329 0 1
353 329 0 1
352 329 0 1
351 329 0 1
350 329 0 1
349 329 0 1
348 329 0 1
347 329 0 1
346 329 0 1
345 329 0 1
344 329 0 1
343 329 0 1
342 329 0 1
341 329 0 1
340 329 0 1
339 329 0 1
338 329 0 1
337 329 0 1
336 329 0 1
335 329 0 1
298 329 0 1
297 329 0 1
296 329 0 1
295 329 0 1
294 329 0 1
293 329 0 1
292 329 0 1
291 329 0 1
290 329 0 1
289 329 0 1
288 329 0 1
287 329 0 1
286 329 0 1
285 329 0 1
284 329 0 1
283 329 0 1
282 329 0 1
90 329 0 0
89 329 0 0
88 329 0 0
87 329 0 0
86 329 0 0
85 329 0 0
84 329 0 0
589 328 0 0
588 328 0 0
587 328 0 0
586 328 0 0
585 328 0 0
584 328 0 0
583 328 0 0
372 328 0 1
371 328 0 1
370 328 0 1
369 328 0 1
368 328 0 1
367 328 0 1
366 328 0 1
365 328 0 1
364 328 0 1
363 328 0 1
362 328 0 1
361 328 0 1
360 328 0 1
359 328 0 1
358 328 0 1
357 328 0 1
356 328 0 1
355 328 0 1
354 328 0 1
353 328 0 1
352 328 0 1
351 328 0 1
350 328 0 1
349 328 0 1
348 328 0 1
347 328 0 1
346 328 0 1
345 328 0 1
296 328 0 1
295 328 0 1
294 328 0 1
293 328 0 1
292 328 0 1
291 328 0 1
290 328 0 1
289 328 0 1
288 328 0 1
287 328 0 1
286 328 0 1
285 328 0 1
284 328 0 1
283 328 0 1
282 328 0 1
281 328 0 1
280 328 0 1
89 328 0 0
88 328 0 0
87 328 0 0
86 328 0 0
85 328 0 0
84 328 0 0
83 328 0 0
590 327 0 0
589 327 0 0
588 327 0 0
587 327 0 0
586 327 0 0
585 327 0 0
584 327 0 0
380 327 0 1
379 327 0 1
378 327 0 1
377 327 0 1
376 327 0 1
375 327 0 1
374 327 0 1
373 327 0 1
372 327 0 1
371 327 0 1
370 327 0 1
369 327 0 1
368 327 0 1
367 327 0 1
366 327 0 1
365 327 0 1
364 327 0 1
363 327 0 1
362 327 0 1
361 327 0 1
360 327 0 1
359 327 0 1
358 327 0 1
357 327 0 1
356 327 0 1
355 327 0 1
354 327 0 1
353 327 0 1
352 327 0 1
351 327 0 1
350 327 0 1
291 327 0 1
290 327 0 1
289 327 0 1
288 327 0 1
287 327 0 1
286 327 0 1
285 327 0 1
284 327 0 1
283 327 0 1
282 327 0 1
281 327 0 1
280 327 0 1
279 327 0 1
278 327 0 1
277 327 0 1
88 327 0 0
87 327 0 0
86 327 0 0
85 327 0 0
84 327 0 0
83 327 0 0
82 327 0 0
591 326 0 0
590 326 0 0
589 326 0 0
588 326 0 0
587 326 0 0
586 326 0 0
585 326 0 0
388 326 0 1
387 326 0 1
386 326 0 1
385 326 0 1
384 326 0 1
383 326 0 1
382 326 0 1
381 326 0 1
380 326 0 1
379 326 0 1
378 326 0 1
377 326 0 1
376 326 0 1
375 326 0 1
374 326 0 1
373 326 0 1
372 326 0 1
371 326 0 1
370 326 0 1
369 326 0 1
368 326 0 1
367 326 0 1
366 326 0 1
365 326 0 1
364 326 0 1
363 326 0 1
362 326 0 1
361 326 0 1
360 326 0 1
359 326 0 1
358 326 0 1
357 326 0 1
356 326 0 1
355 326 0 1
354 326 0 1
288 326 0 1
287 326 0 1
286 326 0 1
285 326 0 1
284 326 0 1
283 326 0 1
282 326 0 1
281 326 0 1
280 326 0 1
279 326 0 1
278 326 0 1
277 326 0 1
276 326 0 1
275 326 0 1
274 326 0 1
273 326 0 1
87 326 0 0
86 326 0 0
85 326 0 0
84 326 0 0
83 326 0 0
82 326 0 0
81 326 0 0
592 325 0 0
591 325 0 0
590 325 0 0
589 325 0 0
588 325 0 0
587 325 0 0
586 325 0 0
487 325 0 1
486 325 0 1
485 325 0 1
484 325 0 1
483 325 0 1
482 325 0 1
481 325 0 1
480 325 0 1
479 325 0 1
478 325 0 1
477 325 0 1
476 325 0 1
475 325 0 1
474 325 0 1
473 325 0 1
472 325 0 1
471 325 0 1
470 325 0 1
469 325 0 1
468 325 0 1
467 325 0 1
466 325 0 1
465 325 0 1
464 325 0 1
463 325 0 1
462 325 0 1
461 325 0 1
460 325 0 1
459 325 0 1
458 325 0 1
457 325 0 1
456 325 0 1
455 325 0 1
454 325 0 1
453 325 0 1
452 325 0 1
451 325 0 1
450 325 0 1
449 325 0 1
448 325 0 1
447 325 0 1
446 325 0 1
445 325 0 1
444 325 0 1
443 325 0 1
442 325 0 1
441 325 0 1
440 325 0 1
439 325 0 1
438 325 0 1
437 325 0 1
436 325 0 1
435 325 0 1
434 325 0 1
433 325 0 1
432 325 0 1
431 325 0 1
430 325 0 1
429 325 0 1
428 325 0 1
427 325 0 1
426 325 0 1
425 325 0 1
424 325 0 1
423 325 0 1
422 325 0 1
421 325 0 1
420 325 0 1
419 325 0 1
418 325 0 1
417 325 0 1
416 325 0 1
415 325 0 1
414 325 0 1
413 325 0 1
412 325 0 1
411 325 0 1
410 325 0 1
409 325 0 1
408 325 0 1
407 325 0 1
406 325 0 1
405 325 0 1
404 325 0 1
403 325 0 1
402 325 0 1
401 325 0 1
400 325 0 1
399 325 0 1
398 325 0 1
397 325 0 1
396 325 0 1
395 325 0 1
394 325 0 1
393 325 0 1
392 325 0 1
391 325 0 1
390 325 0 1
389 325 0 1
388 325 0 1
387 325 0 1
386 325 0 1
385 325 0 1
384 325 0 1
383 325 0 1
382 325 0 1
381 325 0 1
380 325 0 1
379 325 0 1
378 325 0 1
377 325 0 1
376 325 0 1
375 325 0 1
374 325 0 1
373 325 0 1
372 325 0 1
371 325 0 1
370 325 0 1
369 325 0 1
368 325 0 1
367 325 0 1
366 325 0 1
365 325 0 1
364 325 0 1
363 325 0 1
362 325 0 1
361 325 0 1
360 325 0 1
359 325 0 1
285 325 0 1
284 325 0 1
283 325 0 1
282 325 0 1
281 325 0 1
280 325 0 1
279 325 0 1
278 325 0 1
277 325 0 1
276 325 0 1
275 325 0 1
274 325 0 1
273 325 0 1
272 325 0 1
271 325 0 1
270 325 0 1
269 325 0 1
86 325 0 0
85 325 0 0
84 325 0 0
83 325 0 0
82 325 0 0
81 325 0 0
80 325 0 0
593 324 0 0
592 324 0 0
591 324 0 0
590 324 0 0
589 324 0 0
588 324 0 0
587 324 0 0
492 324 0 1
491 324 0 1
490 324 0 1
489 324 0 1
488 324 0 1
487 324 0 1
486 324 0 1
485 324 0 1
484 324 0 1
483 324 0 1
482 324 0 1
481 324 0 1
480 324 0 1
479 324 0 1
478 324 0 1
477 324 0 1
476 324 0 1
475 324 0 1
474 324 0 1
473 324 0 1
472 324 0 1
471 324 0 1
470 324 0 1
469 324 0 1
468 324 0 1
467 324 0 1
466 324 0 1
465 324 0 1
464 324 0 1
463 324 0 1
462 324 0 1
461 324 0 1
460 324 0 1
459 324 0 1
458 324 0 1
457 324 0 1
456 324 0 1
455 324 0 1
454 324 0 1
453 324 0 1
452 324 0 1
451 324 0 1
450 324 0 1
449 324 0 1
448 324 0 1
447 324 0 1
446 324 0 1
445 324 0 1
444 324 0 1
443 324 0 1
442 324 0 1
441 324 0 1
440 324 0 1
439 324 0 1
438 324 0 1
437 324 0 1
436 324 0 1
435 324 0 1
434 324 0 1
433 324 0 1
432 324 0 1
431 324 0 1
430 324 0 1
429 324 0 1
428 324 0 1
427 324 0 1
426 324 0 1
425 324 0 1
424 324 0 1
423 324 0 1
422 324 0 1
421 324 0 1
420 324 0 1
419 324 0 1
418 324 0 1
417 324 0 1
416 324 0 1
415 324 0 1
414 324 0 1
413 324 0 1
412 324 0 1
411 324 0 1
410 324 0 1
409 324 0 1
408 324 0 1
407 324 0 1
406 324 0 1
405 324 0 1
404 324 0 1
403 324 0 1
402 324 0 1
401 324 0 1
400 324 0 1
399 324 0 1
398 324 0 1
397 324 0 1
396 324 0 1
395 324 0 1
394 324 0 1
393 324 0 1
392 324 0 1
391 324 0 1
390 324 0 1
389 324 0 1
388 324 0 1
387 324 0 1
386 324 0 1
385 324 0 1
384 324 0 1
383 324 0 1
382 324 0 1
381 324 0 1
380 324 0 1
379 324 0 1
378 324 0 1
377 324 0 1
376 324 0 1
375 324 0 1
374 324 0 1
373 324 0 1
372 324 0 1
371 324 0 1
370 324 0 1
369 324 0 1
368 324 0 1
367 324 0 1
366 324 0 1
282 324 0 1
281 324 0 1
280 324 0 1
279 324 0 1
278 324 0 1
277 324 0 1
276 324 0 1
275 324 0 1
274 324 0 1
273 324 0 1
272 324 0 1
271 324 0 1
270 324 0 1
269 324 0 1
268 324 0 1
267 324 0 1
85 324 0 0
84 324 0 0
83 324 0 0
82 324 0 0
81 324 0 0
80 324 0 0
79 324 0 0
594 323 0 0
593 323 0 0
592 323 0 0
591 323 0 0
590 323 0 0
589 323 0 0
588 323 0 0
496 323 0 1
495 323 0 1
494 323 0 1
493 323 0 1
492 323 0 1
491 323 0 1
490 323 0 1
489 323 0 1
488 323 0 1
487 323 0 1
486 323 0 1
485 323 0 1
484 323 0 1
483 323 0 1
482 323 0 1
481 323 0 1
480 323 0 1
479 323 0 1
478 323 0 1
477 323 0 1
476 323 0 1
475 323 0 1
474 323 0 1
473 323 0 1
472 323 0 1
471 323 0 1
470 323 0 1
469 323 0 1
468 323 0 1
467 323 0 1
466 323 0 1
465 323 0 1
464 323 0 1
463 323 0 1
462 323 0 1
461 323 0 1
460 323 0 1
459 323 0 1
458 323 0 1
457 323 0 1
456 323 0 1
455 323 0 1
454 323 0 1
453 323 0 1
452 323 0 1
451 323 0 1
450 323 0 1
449 323 0 1
448 323 0 1
447 323 0 1
446 323 0 1
445 323 0 1
444 323 0 1
443 323 0 1
442 323 0 1
441 323 0 1
440 323 0 1
439 323 0 1
438 323 0 1
437 323 0 1
436 323 0 1
435 323 0 1
434 323 0 1
433 323 0 1
432 323 0 1
431 323 0 1
430 323 0 1
429 323 0 1
428 323 0 1
427 323 0 1
426 323 0 1
425 323 0 1
424 323 0 1
423 323 0 1
422 323 0 1
421 323 0 1
420 323 0 1
419 323 0 1
418 323 0 1
417 323 0 1
416 323 0 1
415 323 0 1
414 323 0 1
413 323 0 1
412 323 0 1
411 323 0 1
410 323 0 1
409 323 0 1
408 323 0 1
407 323 0 1
406 323 0 1
405 323 0 1
404 323 0 1
403 323 0 1
402 323 0 1
401 323 0 1
400 323 0 1
399 323 0 1
398 323 0 1
397 323 0 1
396 323 0 1
395 323 0 1
394 323 0 1
393 323 0 1
392 323 0 1
391 323 0 1
390 323 0 1
389 323 0 1
388 323 0 1
387 323 0 1
386 323 0 1
385 323 0 1
384 323 0 1
383 323 0 1
382 323 0 1
381 323 0 1
380 323 0 1
379 323 0 1
378 323 0 1
377 323 0 1
376 323 0 1
375 323 0 1
374 323 0 1
373 323 0 1
280 323 0 1
279 323 0 1
278 323 0 1
277 323 0 1
276 323 0 1
275 323 0 1
274 323 0 1
273 323 0 1
272 323 0 1
271 323 0 1
270 323 0 1
269 323 0 1
268 323 0 1
267 323 0 1
266 323 0 1
265 323 0 1
84 323 0 0
83 323 0 0
82 323 0 0
81 323 0 0
80 323 0 0
79 323 0 0
78 323 0 0
595 322 0 0
594 322 0 0
593 322 0 0
592 322 0 0
591 322 0 0
590 322 0 0
589 322 0 0
501 322 0 1
500 322 0 1
499 322 0 1
498 322 0 1
497 322 0 1
496 322 0 1
495 322 0 1
494 322 0 1
493 322 0 1
492 322 0 1
491 322 0 1
490 322 0 1
489 322 0 1
488 322 0 1
487 322 0 1
486 322 0 1
485 322 0 1
484 322 0 1
483 322 0 1
482 322 0 1
481 322 0 1
480 322 0 1
479 322 0 1
478 322 0 1
477 322 0 1
476 322 0 1
475 322 0 1
474 322 0 1
473 322 0 1
472 322 0 1
471 322 0 1
470 322 0 1
469 322 0 1
468 322 0 1
467 322 0 1
466 322 0 1
465 322 0 1
464 322 0 1
463 322 0 1
462 322 0 1
461 322 0 1
460 322 0 1
459 322 0 1
458 322 0 1
457 322 0 1
456 322 0 1
455 322 0 1
454 322 0 1
453 322 0 1
452 322 0 1
451 322 0 1
450 322 0 1
449 322 0 1
448 322 0 1
447 322 0 1
446 322 0 1
445 322 0 1
444 322 0 1
443 322 0 1
442 322 0 1
441 322 0 1
440 322 0 1
439 322 0 1
438 322 0 1
437 322 0 1
436 322 0 1
435 322 0 1
434 322 0 1
433 322 0 1
432 322 0 1
431 322 0 1
430 322 0 1
429 322 0 1
428 322 0 1
427 322 0 1
426 322 0 1
425 322 0 1
424 322 0 1
423 322 0 1
422 322 0 1
421 322 0 1
420 322 0 1
419 322 0 1
418 322 0 1
417 322 0 1
416 322 0 1
415 322 0 1
414 322 0 1
413 322 0 1
412 322 0 1
411 322 0 1
410 322 0 1
409 322 0 1
408 322 0 1
407 322 0 1
406 322 0 1
405 322 0 1
404 322 0 1
403 322 0 1
402 322 0 1
401 322 0 1
400 322 0 1
399 322 0 1
398 322 0 1
397 322 0 1
396 322 0 1
395 322 0 1
394 322 0 1
393 322 0 1
392 322 0 1
391 322 0 1
390 322 0 1
389 322 0 1
388 322 0 1
387 322 0 1
386 322 0 1
385 322 0 1
384 322 0 1
383 322 0 1
382 322 0 1
381 322 0 1
278 322 0 1
277 322 0 1
276 322 0 1
275 322 0 1
274 322 0 1
273 322 0 1
272 322 0 1
271 322 0 1
270 322 0 1
269 322 0 1
268 322 0 1
267 322 0 1
266 322 0 1
265 322 0 1
264 322 0 1
263 322 0 1
83 322 0 0
82 322 0 0
81 322 0 0
80 322 0 0
79 322 0 0
78 322 0 0
77 322 0 0
596 321 0 0
595 321 0 0
594 321 0 0
593 321 0 0
592 321 0 0
591 321 0 0
590 321 0 0
589 321 0 0
506 321 0 1
505 321 0 1
504 321 0 1
503 321 0 1
502 321 0 1
501 321 0 1
500 321 0 1
499 321 0 1
498 321 0 1
497 321 0 1
496 321 0 1
495 321 0 1
494 321 0 1
493 321 0 1
492 321 0 1
491 321 0 1
490 321 0 1
489 321 0 1
488 321 0 1
487 321 0 1
486 321 0 1
485 321 0 1
484 321 0 1
483 321 0 1
482 321 0 1
274 321 0 1
273 321 0 1
272 321 0 1
271 321 0 1
270 321 0 1
269 321 0 1
268 321 0 1
267 321 0 1
266 321 0 1
265 321 0 1
264 321 0 1
263 321 0 1
262 321 0 1
261 321 0 1
82 321 0 0
81 321 0 0
80 321 0 0
79 321 0 0
78 321 0 0
77 321 0 0
76 321 0 0
597 320 0 0
596 320 0 0
595 320 0 0
594 320 0 0
593 320 0 0
592 320 0 0
591 320 0 0
590 320 0 0
513 320 0 1
512 320 0 1
511 320 0 1
510 320 0 1
509 320 0 1
508 320 0 1
507 320 0 1
506 320 0 1
505 320 0 1
504 320 0 1
503 320 0 1
502 320 0 1
501 320 0 1
500 320 0 1
499 320 0 1
498 320 0 1
497 320 0 1
496 320 0 1
495 320 0 1
494 320 0 1
493 320 0 1
492 320 0 1
491 320 0 1
490 320 0 1
489 320 0 1
488 320 0 1
487 320 0 1
270 320 0 1
269 320 0 1
268 320 0 1
267 320 0 1
266 320 0 1
265 320 0 1
264 320 0 1
263 320 0 1
262 320 0 1
261 320 0 1
260 320 0 1
81 320 0 0
80 320 0 0
79 320 0 0
78 320 0 0
77 320 0 0
76 320 0 0
75 320 0 0
598 319 0 0
597 319 0 0
596 319 0 0
595 319 0 0
594 319 0 0
593 319 0 0
592 319 0 0
591 319 0 0
520 319 0 1
519 319 0 1
518 319 0 1
517 319 0 1
516 319 0 1
515 319 0 1
514 319 0 1
513 319 0 1
512 319 0 1
511 319 0 1
510 319 0 1
509 319 0 1
508 319 0 1
507 319 0 1
506 319 0 1
505 319 0 1
504 319 0 1
503 319 0 1
502 319 0 1
501 319 0 1
500 319 0 1
499 319 0 1
498 319 0 1
497 319 0 1
496 319 0 1
495 319 0 1
494 319 0 1
493 319 0 1
492 319 0 1
268 319 0 1
267 319 0 1
266 319 0 1
265 319 0 1
264 319 0 1
263 319 0 1
262 319 0 1
261 319 0 1
260 319 0 1
259 319 0 1
258 319 0 1
80 319 0 0
79 319 0 0
78 319 0 0
77 319 0 0
76 319 0 0
75 319 0 0
74 319 0 0
599 318 0 0
598 318 0 0
597 318 0 0
596 318 0 0
595 318 0 0
594 318 0 0
593 318 0 0
592 318 0 0
527 318 0 1
526 318 0 1
525 318 0 1
524 318 0 1
523 318 0 1
522 318 0 1
521 318 0 1
520 318 0 1
519 318 0 1
518 318 0 1
517 318 0 1
516 318 0 1
515 318 0 1
514 318 0 1
513 318 0 1
512 318 0 1
511 318 0 1
510 318 0 1
509 318 0 1
508 318 0 1
507 318 0 1
506 318 0 1
505 318 0 1
504 318 0 1
503 318 0 1
502 318 0 1
501 318 0 1
500 318 0 1
499 318 0 1
498 318 0 1
497 318 0 1
496 318 0 1
266 318 0 1
265 318 0 1
264 318 0 1
263 318 0 1
262 318 0 1
261 318 0 1
260 318 0 1
259 318 0 1
258 318 0 1
257 318 0 1
79 318 0 0
78 318 0 0
77 318 0 0
76 318 0 0
75 318 0 0
74 318 0 0
73 318 0 0
600 317 0 0
599 317 0 0
598 317 0 0
597 317 0 0
596 317 0 0
595 317 0 0
594 317 0 0
593 317 0 0
527 317 0 1
526 317 0 1
525 317 0 1
524 317 0 1
523 317 0 1
522 317 0 1
521 317 0 1
520 317 0 1
519 317 0 1
518 317 0 1
517 317 0 1
516 317 0 1
515 317 0 1
514 317 0 1
513 317 0 1
512 317 0 1
511 317 0 1
510 317 0 1
509 317 0 1
508 317 0 1
507 317 0 1
506 317 0 1
505 317 0 1
504 317 0 1
503 317 0 1
502 317 0 1
501 317 0 1
264 317 0 1
263 317 0 1
262 317 0 1
261 317 0 1
260 317 0 1
259 317 0 1
258 317 0 1
257 317 0 1
256 317 0 1
78 317 0 0
77 317 0 0
76 317 0 0
75 317 0 0
74 317 0 0
73 317 0 0
72 317 0 0
601 316 0 0
600 316 0 0
599 316 0 0
598 316 0 0
597 316 0 0
596 316 0 0
595 316 0 0
594 316 0 0
528 316 0 1
527 316 0 1
526 316 0 1
525 316 0 1
524 316 0 1
523 316 0 1
522 316 0 1
521 316 0 1
520 316 0 1
519 316 0 1
518 316 0 1
517 316 0 1
516 316 0 1
515 316 0 1
514 316 0 1
513 316 0 1
512 316 0 1
511 316 0 1
510 316 0 1
509 316 0 1
508 316 0 1
507 316 0 1
506 316 0 1
262 316 0 1
261 316 0 1
260 316 0 1
259 316 0 1
258 316 0 1
257 316 0 1
256 316 0 1
255 316 0 1
77 316 0 0
76 316 0 0
75 316 0 0
74 316 0 0
73 316 0 0
72 316 0 0
71 316 0 0
602 315 0 0
601 315 0 0
600 315 0 0
599 315 0 0
598 315 0 0
597 315 0 0
596 315 0 0
595 315 0 0
528 315 0 1
527 315 0 1
526 315 0 1
525 315 0 1
524 315 0 1
523 315 0 1
522 315 0 1
521 315 0 1
520 315 0 1
519 315 0 1
518 315 0 1
517 315 0 1
516 315 0 1
515 315 0 1
514 315 0 1
513 315 0 1
261 315 0 1
260 315 0 1
259 315 0 1
258 315 0 1
257 315 0 1
256 315 0 1
255 315 0 1
254 315 0 1
253 315 0 1
76 315 0 0
75 315 0 0
74 315 0 0
73 315 0 0
72 315 0 0
71 315 0 0
70 315 0 0
603 314 0 0
602 314 0 0
601 314 0 0
600 314 0 0
599 314 0 0
598 314 0 0
597 314 0 0
596 314 0 0
528 314 0 1
527 314 0 1
526 314 0 1
525 314 0 1
524 314 0 1
260 314 0 1
259 314 0 1
258 314 0 1
257 314 0 1
256 314 0 1
255 314 0 1
254 314 0 1
253 314 0 1
252 314 0 1
75 314 0 0
74 314 0 0
73 314 0 0
72 314 0 0
71 314 0 0
70 314 0 0
69 314 0 0
604 313 0 0
603 313 0 0
602 313 0 0
601 313 0 0
600 313 0 0
599 313 0 0
598 313 0 0
597 313 0 0
528 313 0 1
527 313 0 1
526 313 0 1
525 313 0 1
524 313 0 1
258 313 0 1
257 313 0 1
256 313 0 1
255 313 0 1
254 313 0 1
253 313 0 1
252 313 0 1
251 313 0 1
74 313 0 0
73 313 0 0
72 313 0 0
71 313 0 0
70 313 0 0
69 313 0 0
68 313 0 0
604 312 0 0
603 312 0 0
602 312 0 0
601 312 0 0
600 312 0 0
599 312 0 0
598 312 0 0
528 312 0 1
527 312 0 1
526 312 0 1
525 312 0 1
524 312 0 1
257 312 0 1
256 312 0 1
255 312 0 1
254 312 0 1
253 312 0 1
252 312 0 1
251 312 0 1
250 312 0 1
73 312 0 0
72 312 0 0
71 312 0 0
70 312 0 0
69 312 0 0
68 312 0 0
67 312 0 0
605 311 0 0
604 311 0 0
603 311 0 0
602 311 0 0
601 311 0 0
600 311 0 0
599 311 0 0
529 311 0 1
528 311 0 1
527 311 0 1
526 311 0 1
525 311 0 1
524 311 0 1
256 311 0 1
255 311 0 1
254 311 0 1
253 311 0 1
252 311 0 1
251 311 0 1
250 311 0 1
249 311 0 1
72 311 0 0
71 311 0 0
70 311 0 0
69 311 0 0
68 311 0 0
67 311 0 0
66 311 0 0
606 310 0 0
605 310 0 0
604 310 0 0
603 310 0 0
602 310 0 0
601 310 0 0
600 310 0 0
530 310 0 1
529 310 0 1
528 310 0 1
527 310 0 1
526 310 0 1
525 310 0 1
524 310 0 1
255 310 0 1
254 310 0 1
253 310 0 1
252 310 0 1
251 310 0 1
250 310 0 1
249 310 0 1
248 310 0 1
71 310 0 0
70 310 0 0
69 310 0 0
68 310 0 0
67 310 0 0
66 310 0 0
65 310 0 0
64 310 0 0
607 309 0 0
606 309 0 0
605 309 0 0
604 309 0 0
603 309 0 0
602 309 0 0
601 309 0 0
530 309 0 1
529 309 0 1
528 309 0 1
527 309 0 1
526 309 0 1
525 309 0 1
253 309 0 1
252 309 0 1
251 309 0 1
250 309 0 1
249 309 0 1
248 309 0 1
247 309 0 1
70 309 0 0
69 309 0 0
68 309 0 0
67 309 0 0
66 309 0 0
65 309 0 0
64 309 0 0
63 309 0 0
608 308 0 0
607 308 0 0
606 308 0 0
605 308 0 0
604 308 0 0
603 308 0 0
602 308 0 0
531 308 0 1
530 308 0 1
529 308 0 1
528 308 0 1
527 308 0 1
526 308 0 1
252 308 0 1
251 308 0 1
250 308 0 1
249 308 0 1
248 308 0 1
247 308 0 1
246 308 0 1
69 308 0 0
68 308 0 0
67 308 0 0
66 308 0 0
65 308 0 0
64 308 0 0
63 308 0 0
62 308 0 0
609 307 0 0
608 307 0 0
607 307 0 0
606 307 0 0
605 307 0 0
604 307 0 0
603 307 0 0
532 307 0 1
531 307 0 1
530 307 0 1
529 307 0 1
528 307 0 1
527 307 0 1
526 307 0 1
251 307 0 1
250 307 0 1
249 307 0 1
248 307 0 1
247 307 0 1
246 307 0 1
68 307 0 0
67 307 0 0
66 307 0 0
65 307 0 0
64 307 0 0
63 307 0 0
62 307 0 0
61 307 0 0
610 306 0 0
609 306 0 0
608 306 0 0
607 306 0 0
606 306 0 0
605 306 0 0
604 306 0 0
532 306 0 1
531 306 0 1
530 306 0 1
529 306 0 1
528 306 0 1
527 306 0 1
251 306 0 1
250 306 0 1
249 306 0 1
248 306 0 1
247 306 0 1
246 306 0 1
245 306 0 1
67 306 0 0
66 306 0 0
65 306 0 0
64 306 0 0
63 306 0 0
62 306 0 0
61 306 0 0
60 306 0 0
611 305 0 0
610 305 0 0
609 305 0 0
608 305 0 0
607 305 0 0
606 305 0 0
605 305 0 0
533 305 0 1
532 305 0 1
531 305 0 1
530 305 0 1
529 305 0 1
528 305 0 1
250 305 0 1
249 305 0 1
248 305 0 1
247 305 0 1
246 305 0 1
245 305 0 1
244 305 0 1
66 305 0 0
65 305 0 0
64 305 0 0
63 305 0 0
62 305 0 0
61 305 0 0
60 305 0 0
612 304 0 0
611 304 0 0
610 304 0 0
609 304 0 0
608 304 0 0
607 304 0 0
606 304 0 0
533 304 0 1
532 304 0 1
531 304 0 1
530 304 0 1
529 304 0 1
528 304 0 1
249 304 0 1
248 304 0 1
247 304 0 1
246 304 0 1
245 304 0 1
244 304 0 1
243 304 0 1
242 304 0 1
64 304 0 0
63 304 0 0
62 304 0 0
61 304 0 0
60 304 0 0
59 304 0 0
613 303 0 0
612 303 0 0
611 303 0 0
610 303 0 0
609 303 0 0
608 303 0 0
607 303 0 0
534 303 0 1
533 303 0 1
532 303 0 1
531 303 0 1
530 303 0 1
529 303 0 1
248 303 0 1
247 303 0 1
246 303 0 1
245 303 0 1
244 303 0 1
243 303 0 1
242 303 0 1
241 303 0 1
63 303 0 0
62 303 0 0
61 303 0 0
60 303 0 0
59 303 0 0
58 303 0 0
614 302 0 0
613 302 0 0
612 302 0 0
611 302 0 0
610 302 0 0
609 302 0 0
608 302 0 0
534 302 0 1
533 302 0 1
532 302 0 1
531 302 0 1
530 302 0 1
529 302 0 1
247 302 0 1
246 302 0 1
245 302 0 1
244 302 0 1
243 302 0 1
242 302 0 1
241 302 0 1
240 302 0 1
239 302 0 1
63 302 0 0
62 302 0 0
61 302 0 0
60 302 0 0
59 302 0 0
58 302 0 0
615 301 0 0
614 301 0 0
613 301 0 0
612 301 0 0
611 301 0 0
610 301 0 0
609 301 0 0
535 301 0 1
534 301 0 1
533 301 0 1
532 301 0 1
531 301 0 1
530 301 0 1
246 301 0 1
245 301 0 1
244 301 0 1
243 301 0 1
242 301 0 1
241 301 0 1
240 301 0 1
239 301 0 1
238 301 0 1
62 301 0 0
61 301 0 0
60 301 0 0
59 301 0 0
58 301 0 0
57 301 0 0
616 300 0 0
615 300 0 0
614 300 0 0
613 300 0 0
612 300 0 0
611 300 0 0
610 300 0 0
536 300 0 1
535 300 0 1
534 300 0 1
533 300 0 1
532 300 0 1
531 300 0 1
245 300 0 1
244 300 0 1
243 300 0 1
242 300 0 1
241 300 0 1
240 300 0 1
239 300 0 1
238 300 0 1
237 300 0 1
236 300 0 1
62 300 0 0
61 300 0 0
60 300 0 0
59 300 0 0
58 300 0 0
57 300 0 0
56 300 0 0
617 299 0 0
616 299 0 0
615 299 0 0
614 299 0 0
613 299 0 0
612 299 0 0
611 299 0 0
536 299 0 1
535 299 0 1
534 299 0 1
533 299 0 1
532 299 0 1
531 299 0 1
243 299 0 1
242 299 0 1
241 299 0 1
240 299 0 1
239 299 0 1
238 299 0 1
237 299 0 1
236 299 0 1
235 299 0 1
234 299 0 1
233 299 0 1
232 299 0 1
231 299 0 1
230 299 0 1
229 299 0 1
228 299 0 1
227 299 0 1
226 299 0 1
225 299 0 1
224 299 0 1
223 299 0 1
222 299 0 1
221 299 0 1
220 299 0 1
219 299 0 1
218 299 0 1
217 299 0 1
216 299 0 1
215 299 0 1
214 299 0 1
213 299 0 1
212 299 0 1
211 299 0 1
61 299 0 0
60 299 0 0
59 299 0 0
58 299 0 0
57 299 0 0
56 299 0 0
618 298 0 0
617 298 0 0
616 298 0 0
615 298 0 0
614 298 0 0
613 298 0 0
612 298 0 0
537 298 0 1
536 298 0 1
535 298 0 1
534 298 0 1
533 298 0 1
532 298 0 1
242 298 0 1
241 298 0 1
240 298 0 1
239 298 0 1
238 298 0 1
237 298 0 1
236 298 0 1
235 298 0 1
234 298 0 1
233 298 0 1
232 298 0 1
231 298 0 1
230 298 0 1
229 298 0 1
228 298 0 1
227 298 0 1
226 298 0 1
225 298 0 1
224 298 0 1
223 298 0 1
222 298 0 1
221 298 0 1
220 298 0 1
219 298 0 1
218 298 0 1
217 298 0 1
216 298 0 1
215 298 0 1
214 298 0 1
213 298 0 1
212 298 0 1
211 298 0 1
210 298 0 1
209 298 0 1
208 298 0 1
207 298 0 1
60 298 0 0
59 298 0 0
58 298 0 0
57 298 0 0
56 298 0 0
55 298 0 0
619 297 0 0
618 297 0 0
617 297 0 0
616 297 0 0
615 297 0 0
614 297 0 0
613 297 0 0
537 297 0 1
536 297 0 1
535 297 0 1
534 297 0 1
533 297 0 1
532 297 0 1
240 297 0 1
239 297 0 1
238 297 0 1
237 297 0 1
236 297 0 1
235 297 0 1
234 297 0 1
233 297 0 1
232 297 0 1
231 297 0 1
230 297 0 1
229 297 0 1
228 297 0 1
227 297 0 1
226 297 0 1
225 297 0 1
224 297 0 1
223 297 0 1
222 297 0 1
221 297 0 1
220 297 0 1
219 297 0 1
218 297 0 1
217 297 0 1
216 297 0 1
215 297 0 1
214 297 0 1
213 297 0 1
212 297 0 1
211 297 0 1
210 297 0 1
209 297 0 1
208 297 0 1
207 297 0 1
206 297 0 1
205 297 0 1
204 297 0 1
60 297 0 0
59 297 0 0
58 297 0 0
57 297 0 0
56 297 0 0
55 297 0 0
620 296 0 0
619 296 0 0
618 296 0 0
617 296 0 0
616 296 0 0
615 296 0 0
614 296 0 0
538 296 0 1
537 296 0 1
536 296 0 1
535 296 0 1
534 296 0 1
533 296 0 1
239 296 0 1
238 296 0 1
237 296 0 1
236 296 0 1
235 296 0 1
234 296 0 1
233 296 0 1
232 296 0 1
231 296 0 1
230 296 0 1
229 296 0 1
228 296 0 1
227 296 0 1
226 296 0 1
225 296 0 1
224 296 0 1
223 296 0 1
222 296 0 1
221 296 0 1
220 296 0 1
219 296 0 1
218 296 0 1
217 296 0 1
216 296 0 1
215 296 0 1
214 296 0 1
213 296 0 1
212 296 0 1
211 296 0 1
210 296 0 1
209 296 0 1
208 296 0 1
207 296 0 1
206 296 0 1
205 296 0 1
204 296 0 1
203 296 0 1
202 296 0 1
201 296 0 1
59 296 0 0
58 296 0 0
57 296 0 0
56 296 0 0
55 296 0 0
54 296 0 0
621 295 0 0
620 295 0 0
619 295 0 0
618 295 0 0
617 295 0 0
616 295 0 0
615 295 0 0
538 295 0 1
537 295 0 1
536 295 0 1
535 295 0 1
534 295 0 1
533 295 0 1
221 295 0 1
220 295 0 1
219 295 0 1
218 295 0 1
217 295 0 1
216 295 0 1
215 295 0 1
214 295 0 1
213 295 0 1
212 295 0 1
211 295 0 1
210 295 0 1
209 295 0 1
208 295 0 1
207 295 0 1
206 295 0 1
205 295 0 1
204 295 0 1
203 295 0 1
202 295 0 1
201 295 0 1
200 295 0 1
199 295 0 1
198 295 0 1
197 295 0 1
59 295 0 0
58 295 0 0
57 295 0 0
56 295 0 0
55 295 0 0
54 295 0 0
53 295 0 0
622 294 0 0
621 294 0 0
620 294 0 0
619 294 0 0
618 294 0 0
617 294 0 0
616 294 0 0
538 294 0 1
537 294 0 1
536 294 0 1
535 294 0 1
534 294 0 1
211 294 0 1
210 294 0 1
209 294 0 1
208 294 0 1
207 294 0 1
206 294 0 1
205 294 0 1
204 294 0 1
203 294 0 1
202 294 0 1
201 294 0 1
200 294 0 1
199 294 0 1
198 294 0 1
197 294 0 1
196 294 0 1
195 294 0 1
58 294 0 0
57 294 0 0
56 294 0 0
55 294 0 0
54 294 0 0
53 294 0 0
623 293 0 0
622 293 0 0
621 293 0 0
620 293 0 0
619 293 0 0
618 293 0 0
617 293 0 0
539 293 0 1
538 293 0 1
537 293 0 1
536 293 0 1
535 293 0 1
534 293 0 1
207 293 0 1
206 293 0 1
205 293 0 1
204 293 0 1
203 293 0 1
202 293 0 1
201 293 0 1
200 293 0 1
199 293 0 1
198 293 0 1
197 293 0 1
196 293 0 1
195 293 0 1
194 293 0 1
193 293 0 1
57 293 0 0
56 293 0 0
55 293 0 0
54 293 0 0
53 293 0 0
52 293 0 0
624 292 0 0
623 292 0 0
622 292 0 0
621 292 0 0
620 292 0 0
619 292 0 0
618 292 0 0
539 292 0 1
538 292 0 1
537 292 0 1
536 292 0 1
535 292 0 1
204 292 0 1
203 292 0 1
202 292 0 1
201 292 0 1
200 292 0 1
199 292 0 1
198 292 0 1
197 292 0 1
196 292 0 1
195 292 0 1
194 292 0 1
193 292 0 1
192 292 0 1
191 292 0 1
190 292 0 1
57 292 0 0
56 292 0 0
55 292 0 0
54 292 0 0
53 292 0 0
52 292 0 0
51 292 0 0
625 291 0 0
624 291 0 0
623 291 0 0
622 291 0 0
621 291 0 0
620 291 0 0
619 291 0 0
539 291 0 1
538 291 0 1
537 291 0 1
536 291 0 1
535 291 0 1
201 291 0 1
200 291 0 1
199 291 0 1
198 291 0 1
197 291 0 1
196 291 0 1
195 291 0 1
194 291 0 1
193 291 0 1
192 291 0 1
191 291 0 1
190 291 0 1
189 291 0 1
188 291 0 1
56 291 0 0
55 291 0 0
54 291 0 0
53 291 0 0
52 291 0 0
51 291 0 0
626 290 0 0
625 290 0 0
624 290 0 0
623 290 0 0
622 290 0 0
621 290 0 0
620 290 0 0
540 290 0 1
539 290 0 1
538 290 0 1
537 290 0 1
536 290 0 1
535 290 0 1
198 290 0 1
197 290 0 1
196 290 0 1
195 290 0 1
194 290 0 1
193 290 0 1
192 290 0 1
191 290 0 1
190 290 0 1
189 290 0 1
188 290 0 1
187 290 0 1
186 290 0 1
55 290 0 0
54 290 0 0
53 290 0 0
52 290 0 0
51 290 0 0
50 290 0 0
627 289 0 0
626 289 0 0
625 289 0 0
624 289 0 0
623 289 0 0
622 289 0 0
621 289 0 0
540 289 0 1
539 289 0 1
538 289 0 1
537 289 0 1
536 289 0 1
195 289 0 1
194 289 0 1
193 289 0 1
192 289 0 1
191 289 0 1
190 289 0 1
189 289 0 1
188 289 0 1
187 289 0 1
186 289 0 1
185 289 0 1
184 289 0 1
55 289 0 0
54 289 0 0
53 289 0 0
52 289 0 0
51 289 0 0
50 289 0 0
49 289 0 0
629 288 0 0
628 288 0 0
627 288 0 0
626 288 0 0
625 288 0 0
624 288 0 0
623 288 0 0
622 288 0 0
540 288 0 1
539 288 0 1
538 288 0 1
537 288 0 1
536 288 0 1
193 288 0 1
192 288 0 1
191 288 0 1
190 288 0 1
189 288 0 1
188 288 0 1
187 288 0 1
186 288 0 1
185 288 0 1
184 288 0 1
183 288 0 1
182 288 0 1
181 288 0 1
54 288 0 0
53 288 0 0
52 288 0 0
51 288 0 0
50 288 0 0
49 288 0 0
630 287 0 0
629 287 0 0
628 287 0 0
627 287 0 0
626 287 0 0
625 287 0 0
624 287 0 0
623 287 0 0
541 287 0 1
540 287 0 1
539 287 0 1
538 287 0 1
537 287 0 1
536 287 0 1
191 287 0 1
190 287 0 1
189 287 0 1
188 287 0 1
187 287 0 1
186 287 0 1
185 287 0 1
184 287 0 1
183 287 0 1
182 287 0 1
181 287 0 1
180 287 0 1
179 287 0 1
53 287 0 0
52 287 0 0
51 287 0 0
50 287 0 0
49 287 0 0
48 287 0 0
631 286 0 0
630 286 0 0
629 286 0 0
628 286 0 0
627 286 0 0
626 286 0 0
625 286 0 0
624 286 0 0
541 286 0 1
540 286 0 1
539 286 0 1
538 286 0 1
537 286 0 1
189 286 0 1
188 286 0 1
187 286 0 1
186 286 0 1
185 286 0 1
184 286 0 1
183 286 0 1
182 286 0 1
181 286 0 1
180 286 0 1
179 286 0 1
178 286 0 1
177 286 0 1
176 286 0 1
53 286 0 0
52 286 0 0
51 286 0 0
50 286 0 0
49 286 0 0
48 286 0 0
632 285 0 0
631 285 0 0
630 285 0 0
629 285 0 0
628 285 0 0
627 285 0 0
626 285 0 0
625 285 0 0
542 285 0 1
541 285 0 1
540 285 0 1
539 285 0 1
538 285 0 1
537 285 0 1
186 285 0 1
185 285 0 1
184 285 0 1
183 285 0 1
182 285 0 1
181 285 0 1
180 285 0 1
179 285 0 1
178 285 0 1
177 285 0 1
176 285 0 1
175 285 0 1
174 285 0 1
52 285 0 0
51 285 0 0
50 285 0 0
49 285 0 0
48 285 0 0
47 285 0 0
635 284 0 0
634 284 0 0
633 284 0 0
632 284 0 0
631 284 0 0
630 284 0 0
629 284 0 0
628 284 0 0
627 284 0 0
626 284 0 0
542 284 0 1
541 284 0 1
540 284 0 1
539 284 0 1
538 284 0 1
537 284 0 1
184 284 0 1
183 284 0 1
182 284 0 1
181 284 0 1
180 284 0 1
179 284 0 1
178 284 0 1
177 284 0 1
176 284 0 1
175 284 0 1
174 284 0 1
173 284 0 1
172 284 0 1
171 284 0 1
52 284 0 0
51 284 0 0
50 284 0 0
49 284 0 0
48 284 0 0
47 284 0 0
636 283 0 0
635 283 0 0
634 283 0 0
633 283 0 0
632 283 0 0
631 283 0 0
630 283 0 0
629 283 0 0
628 283 0 0
627 283 0 0
543 283 0 1
542 283 0 1
541 283 0 1
540 283 0 1
539 283 0 1
538 283 0 1
182 283 0 1
181 283 0 1
180 283 0 1
179 283 0 1
178 283 0 1
177 283 0 1
176 283 0 1
175 283 0 1
174 283 0 1
173 283 0 1
172 283 0 1
171 283 0 1
170 283 0 1
169 283 0 1
168 283 0 1
51 283 0 0
50 283 0 0
49 283 0 0
48 283 0 0
47 283 0 0
46 283 0 0
636 282 0 0
635 282 0 0
634 282 0 0
633 282 0 0
632 282 0 0
631 282 0 0
630 282 0 0
629 282 0 0
543 282 0 1
542 282 0 1
541 282 0 1
540 282 0 1
539 282 0 1
538 282 0 1
179 282 0 1
178 282 0 1
177 282 0 1
176 282 0 1
175 282 0 1
174 282 0 1
173 282 0 1
172 282 0 1
171 282 0 1
170 282 0 1
169 282 0 1
168 282 0 1
167 282 0 1
166 282 0 1
51 282 0 0
50 282 0 0
49 282 0 0
48 282 0 0
47 282 0 0
46 282 0 0
636 281 0 0
635 281 0 0
634 281 0 0
633 281 0 0
632 281 0 0
631 281 0 0
630 281 0 0
544 281 0 1
543 281 0 1
542 281 0 1
541 281 0 1
540 281 0 1
539 281 0 1
177 281 0 1
176 281 0 1
175 281 0 1
174 281 0 1
173 281 0 1
172 281 0 1
171 281 0 1
170 281 0 1
169 281 0 1
168 281 0 1
167 281 0 1
166 281 0 1
165 281 0 1
164 281 0 1
163 281 0 1
50 281 0 0
49 281 0 0
48 281 0 0
47 281 0 0
46 281 0 0
45 281 0 0
636 280 0 0
635 280 0 0
634 280 0 0
633 280 0 0
632 280 0 0
631 280 0 0
544 280 0 1
543 280 0 1
542 280 0 1
541 280 0 1
540 280 0 1
539 280 0 1
174 280 0 1
173 280 0 1
172 280 0 1
171 280 0 1
170 280 0 1
169 280 0 1
168 280 0 1
167 280 0 1
166 280 0 1
165 280 0 1
164 280 0 1
163 280 0 1
162 280 0 1
161 280 0 1
160 280 0 1
50 280 0 0
49 280 0 0
48 280 0 0
47 280 0 0
46 280 0 0
45 280 0 0
545 279 0 1
544 279 0 1
543 279 0 1
542 279 0 1
541 279 0 1
540 279 0 1
171 279 0 1
170 279 0 1
169 279 0 1
168 279 0 1
167 279 0 1
166 279 0 1
165 279 0 1
164 279 0 1
163 279 0 1
162 279 0 1
161 279 0 1
160 279 0 1
159 279 0 1
158 279 0 1
157 279 0 1
156 279 0 1
49 279 0 0
48 279 0 0
47 279 0 0
46 279 0 0
45 279 0 0
44 279 0 0
545 278 0 1
544 278 0 1
543 278 0 1
542 278 0 1
541 278 0 1
540 278 0 1
169 278 0 1
168 278 0 1
167 278 0 1
166 278 0 1
165 278 0 1
164 278 0 1
163 278 0 1
162 278 0 1
161 278 0 1
160 278 0 1
159 278 0 1
158 278 0 1
157 278 0 1
156 278 0 1
155 278 0 1
154 278 0 1
153 278 0 1
152 278 0 1
49 278 0 0
48 278 0 0
47 278 0 0
46 278 0 0
45 278 0 0
44 278 0 0
546 277 0 1
545 277 0 1
544 277 0 1
543 277 0 1
542 277 0 1
541 277 0 1
166 277 0 1
165 277 0 1
164 277 0 1
163 277 0 1
162 277 0 1
161 277 0 1
160 277 0 1
159 277 0 1
158 277 0 1
157 277 0 1
156 277 0 1
155 277 0 1
154 277 0 1
153 277 0 1
152 277 0 1
151 277 0 1
150 277 0 1
149 277 0 1
148 277 0 1
48 277 0 0
47 277 0 0
46 277 0 0
45 277 0 0
44 277 0 0
43 277 0 0
546 276 0 1
545 276 0 1
544 276 0 1
543 276 0 1
542 276 0 1
541 276 0 1
164 276 0 1
163 276 0 1
162 276 0 1
161 276 0 1
160 276 0 1
159 276 0 1
158 276 0 1
157 276 0 1
156 276 0 1
155 276 0 1
154 276 0 1
153 276 0 1
152 276 0 1
151 276 0 1
150 276 0 1
149 276 0 1
148 276 0 1
147 276 0 1
146 276 0 1
48 276 0 0
47 276 0 0
46 276 0 0
45 276 0 0
44 276 0 0
43 276 0 0
547 275 0 1
546 275 0 1
545 275 0 1
544 275 0 1
543 275 0 1
542 275 0 1
160 275 0 1
159 275 0 1
158 275 0 1
157 275 0 1
156 275 0 1
155 275 0 1
154 275 0 1
153 275 0 1
152 275 0 1
151 275 0 1
150 275 0 1
149 275 0 1
148 275 0 1
147 275 0 1
146 275 0 1
145 275 0 1
144 275 0 1
143 275 0 1
47 275 0 0
46 275 0 0
45 275 0 0
44 275 0 0
43 275 0 0
42 275 0 0
547 274 0 1
546 274 0 1
545 274 0 1
544 274 0 1
543 274 0 1
542 274 0 1
156 274 0 1
155 274 0 1
154 274 0 1
153 274 0 1
152 274 0 1
151 274 0 1
150 274 0 1
149 274 0 1
148 274 0 1
147 274 0 1
146 274 0 1
145 274 0 1
144 274 0 1
143 274 0 1
142 274 0 1
141 274 0 1
140 274 0 1
47 274 0 0
46 274 0 0
45 274 0 0
44 274 0 0
43 274 0 0
42 274 0 0
547 273 0 1
546 273 0 1
545 273 0 1
544 273 0 1
543 273 0 1
152 273 0 1
151 273 0 1
150 273 0 1
149 273 0 1
148 273 0 1
147 273 0 1
146 273 0 1
145 273 0 1
144 273 0 1
143 273 0 1
142 273 0 1
141 273 0 1
140 273 0 1
139 273 0 1
138 273 0 1
46 273 0 0
45 273 0 0
44 273 0 0
43 273 0 0
42 273 0 0
41 273 0 0
547 272 0 1
546 272 0 1
545 272 0 1
544 272 0 1
543 272 0 1
149 272 0 1
148 272 0 1
147 272 0 1
146 272 0 1
145 272 0 1
144 272 0 1
143 272 0 1
142 272 0 1
141 272 0 1
140 272 0 1
139 272 0 1
138 272 0 1
137 272 0 1
136 272 0 1
135 272 0 1
46 272 0 0
45 272 0 0
44 272 0 0
43 272 0 0
42 272 0 0
41 272 0 0
548 271 0 1
547 271 0 1
546 271 0 1
545 271 0 1
544 271 0 1
543 271 0 1
146 271 0 1
145 271 0 1
144 271 0 1
143 271 0 1
142 271 0 1
141 271 0 1
140 271 0 1
139 271 0 1
138 271 0 1
137 271 0 1
136 271 0 1
135 271 0 1
134 271 0 1
45 271 0 0
44 271 0 0
43 271 0 0
42 271 0 0
41 271 0 0
40 271 0 0
548 270 0 1
547 270 0 1
546 270 0 1
545 270 0 1
544 270 0 1
144 270 0 1
143 270 0 1
142 270 0 1
141 270 0 1
140 270 0 1
139 270 0 1
138 270 0 1
137 270 0 1
136 270 0 1
135 270 0 1
134 270 0 1
133 270 0 1
132 270 0 1
45 270 0 0
44 270 0 0
43 270 0 0
42 270 0 0
41 270 0 0
40 270 0 0
548 269 0 1
547 269 0 1
546 269 0 1
545 269 0 1
544 269 0 1
141 269 0 1
140 269 0 1
139 269 0 1
138 269 0 1
137 269 0 1
136 269 0 1
135 269 0 1
134 269 0 1
133 269 0 1
132 269 0 1
131 269 0 1
44 269 0 0
43 269 0 0
42 269 0 0
41 269 0 0
40 269 0 0
39 269 0 0
548 268 0 1
547 268 0 1
546 268 0 1
545 268 0 1
544 268 0 1
138 268 0 1
137 268 0 1
136 268 0 1
135 268 0 1
134 268 0 1
133 268 0 1
132 268 0 1
131 268 0 1
130 268 0 1
43 268 0 0
42 268 0 0
41 268 0 0
40 268 0 0
39 268 0 0
38 268 0 0
548 267 0 1
547 267 0 1
546 267 0 1
545 267 0 1
544 267 0 1
136 267 0 1
135 267 0 1
134 267 0 1
133 267 0 1
132 267 0 1
131 267 0 1
130 267 0 1
129 267 0 1
43 267 0 0
42 267 0 0
41 267 0 0
40 267 0 0
39 267 0 0
38 267 0 0
548 266 0 1
547 266 0 1
546 266 0 1
545 266 0 1
135 266 0 1
134 266 0 1
133 266 0 1
132 266 0 1
131 266 0 1
130 266 0 1
129 266 0 1
128 266 0 1
42 266 0 0
41 266 0 0
40 266 0 0
39 266 0 0
38 266 0 0
37 266 0 0
548 265 0 1
547 265 0 1
546 265 0 1
545 265 0 1
134 265 0 1
133 265 0 1
132 265 0 1
131 265 0 1
130 265 0 1
129 265 0 1
128 265 0 1
127 265 0 1
126 265 0 1
42 265 0 0
41 265 0 0
40 265 0 0
39 265 0 0
38 265 0 0
37 265 0 0
548 264 0 1
547 264 0 1
546 264 0 1
545 264 0 1
133 264 0 1
132 264 0 1
131 264 0 1
130 264 0 1
129 264 0 1
128 264 0 1
127 264 0 1
126 264 0 1
125 264 0 1
41 264 0 0
40 264 0 0
39 264 0 0
38 264 0 0
37 264 0 0
36 264 0 0
549 263 0 1
548 263 0 1
547 263 0 1
546 263 0 1
545 263 0 1
131 263 0 1
130 263 0 1
129 263 0 1
128 263 0 1
127 263 0 1
126 263 0 1
125 263 0 1
124 263 0 1
41 263 0 0
40 263 0 0
39 263 0 0
38 263 0 0
37 263 0 0
36 263 0 0
550 262 0 1
549 262 0 1
548 262 0 1
547 262 0 1
546 262 0 1
545 262 0 1
130 262 0 1
129 262 0 1
128 262 0 1
127 262 0 1
126 262 0 1
125 262 0 1
124 262 0 1
123 262 0 1
40 262 0 0
39 262 0 0
38 262 0 0
37 262 0 0
36 262 0 0
35 262 0 0
550 261 0 1
549 261 0 1
548 261 0 1
547 261 0 1
546 261 0 1
545 261 0 1
129 261 0 1
128 261 0 1
127 261 0 1
126 261 0 1
125 261 0 1
124 261 0 1
123 261 0 1
122 261 0 1
40 261 0 0
39 261 0 0
38 261 0 0
37 261 0 0
36 261 0 0
35 261 0 0
551 260 0 1
550 260 0 1
549 260 0 1
548 260 0 1
547 260 0 1
546 260 0 1
128 260 0 1
127 260 0 1
126 260 0 1
125 260 0 1
124 260 0 1
123 260 0 1
122 260 0 1
121 260 0 1
120 260 0 1
39 260 0 0
38 260 0 0
37 260 0 0
36 260 0 0
35 260 0 0
34 260 0 0
551 259 0 1
550 259 0 1
549 259 0 1
548 259 0 1
547 259 0 1
546 259 0 1
127 259 0 1
126 259 0 1
125 259 0 1
124 259 0 1
123 259 0 1
122 259 0 1
121 259 0 1
120 259 0 1
119 259 0 1
39 259 0 0
38 259 0 0
37 259 0 0
36 259 0 0
35 259 0 0
34 259 0 0
551 258 0 1
550 258 0 1
549 258 0 1
548 258 0 1
547 258 0 1
125 258 0 1
124 258 0 1
123 258 0 1
122 258 0 1
121 258 0 1
120 258 0 1
119 258 0 1
118 258 0 1
38 258 0 0
37 258 0 0
36 258 0 0
35 258 0 0
34 258 0 0
551 257 0 1
550 257 0 1
549 257 0 1
548 257 0 1
124 257 0 1
123 257 0 1
122 257 0 1
121 257 0 1
120 257 0 1
119 257 0 1
118 257 0 1
117 257 0 1
38 257 0 0
37 257 0 0
36 257 0 0
35 257 0 0
34 257 0 0
33 257 0 0
551 256 0 1
550 256 0 1
549 256 0 1
548 256 0 1
123 256 0 1
122 256 0 1
121 256 0 1
120 256 0 1
119 256 0 1
118 256 0 1
117 256 0 1
116 256 0 1
115 256 0 1
37 256 0 0
36 256 0 0
35 256 0 0
34 256 0 0
33 256 0 0
551 255 0 1
550 255 0 1
549 255 0 1
548 255 0 1
122 255 0 1
121 255 0 1
120 255 0 1
119 255 0 1
118 255 0 1
117 255 0 1
116 255 0 1
115 255 0 1
114 255 0 1
37 255 0 0
36 255 0 0
35 255 0 0
34 255 0 0
33 255 0 0
551 254 0 1
550 254 0 1
549 254 0 1
548 254 0 1
120 254 0 1
119 254 0 1
118 254 0 1
117 254 0 1
116 254 0 1
115 254 0 1
114 254 0 1
113 254 0 1
37 254 0 0
36 254 0 0
35 254 0 0
34 254 0 0
33 254 0 0
32 254 0 0
551 253 0 1
550 253 0 1
549 253 0 1
548 253 0 1
119 253 0 1
118 253 0 1
117 253 0 1
116 253 0 1
115 253 0 1
114 253 0 1
113 253 0 1
112 253 0 1
36 253 0 0
35 253 0 0
34 253 0 0
33 253 0 0
32 253 0 0
551 252 0 1
550 252 0 1
549 252 0 1
548 252 0 1
118 252 0 1
117 252 0 1
116 252 0 1
115 252 0 1
114 252 0 1
113 252 0 1
112 252 0 1
111 252 0 1
110 252 0 1
36 252 0 0
35 252 0 0
34 252 0 0
33 252 0 0
32 252 0 0
31 252 0 0
551 251 0 1
550 251 0 1
549 251 0 1
548 251 0 1
117 251 0 1
116 251 0 1
115 251 0 1
114 251 0 1
113 251 0 1
112 251 0 1
111 251 0 1
110 251 0 1
109 251 0 1
36 251 0 0
35 251 0 0
34 251 0 0
33 251 0 0
32 251 0 0
31 251 0 0
551 250 0 1
550 250 0 1
549 250 0 1
548 250 0 1
115 250 0 1
114 250 0 1
113 250 0 1
112 250 0 1
111 250 0 1
110 250 0 1
109 250 0 1
108 250 0 1
35 250 0 0
34 250 0 0
33 250 0 0
32 250 0 0
31 250 0 0
551 249 0 1
550 249 0 1
549 249 0 1
548 249 0 1
114 249 0 1
113 249 0 1
112 249 0 1
111 249 0 1
110 249 0 1
109 249 0 1
108 249 0 1
107 249 0 1
35 249 0 0
34 249 0 0
33 249 0 0
32 249 0 0
31 249 0 0
551 248 0 1
550 248 0 1
549 248 0 1
548 248 0 1
113 248 0 1
112 248 0 1
111 248 0 1
110 248 0 1
109 248 0 1
108 248 0 1
107 248 0 1
106 248 0 1
35 248 0 0
34 248 0 0
33 248 0 0
32 248 0 0
31 248 0 0
30 248 0 0
551 247 0 1
550 247 0 1
549 247 0 1
548 247 0 1
112 247 0 1
111 247 0 1
110 247 0 1
109 247 0 1
108 247 0 1
107 247 0 1
106 247 0 1
105 247 0 1
35 247 0 0
34 247 0 0
33 247 0 0
32 247 0 0
31 247 0 0
30 247 0 0
551 246 0 1
550 246 0 1
549 246 0 1
548 246 0 1
110 246 0 1
109 246 0 1
108 246 0 1
107 246 0 1
106 246 0 1
105 246 0 1
104 246 0 1
34 246 0 0
33 246 0 0
32 246 0 0
31 246 0 0
30 246 0 0
551 245 0 1
550 245 0 1
549 245 0 1
548 245 0 1
109 245 0 1
108 245 0 1
107 245 0 1
106 245 0 1
105 245 0 1
104 245 0 1
103 245 0 1
34 245 0 0
33 245 0 0
32 245 0 0
31 245 0 0
30 245 0 0
551 244 0 1
550 244 0 1
549 244 0 1
548 244 0 1
108 244 0 1
107 244 0 1
106 244 0 1
105 244 0 1
104 244 0 1
103 244 0 1
102 244 0 1
34 244 0 0
33 244 0 0
32 244 0 0
31 244 0 0
30 244 0 0
29 244 0 0
551 243 0 1
550 243 0 1
549 243 0 1
548 243 0 1
107 243 0 1
106 243 0 1
105 243 0 1
104 243 0 1
103 243 0 1
102 243 0 1
101 243 0 1
34 243 0 0
33 243 0 0
32 243 0 0
31 243 0 0
30 243 0 0
29 243 0 0
551 242 0 1
550 242 0 1
549 242 0 1
548 242 0 1
106 242 0 1
105 242 0 1
104 242 0 1
103 242 0 1
102 242 0 1
101 242 0 1
100 242 0 1
33 242 0 0
32 242 0 0
31 242 0 0
30 242 0 0
29 242 0 0
551 241 0 1
550 241 0 1
549 241 0 1
548 241 0 1
105 241 0 1
104 241 0 1
103 241 0 1
102 241 0 1
101 241 0 1
100 241 0 1
99 241 0 1
33 241 0 0
32 241 0 0
31 241 0 0
30 241 0 0
29 241 0 0
551 240 0 1
550 240 0 1
549 240 0 1
548 240 0 1
104 240 0 1
103 240 0 1
102 240 0 1
101 240 0 1
100 240 0 1
99 240 0 1
98 240 0 1
33 240 0 0
32 240 0 0
31 240 0 0
30 240 0 0
29 240 0 0
28 240 0 0
551 239 0 1
550 239 0 1
549 239 0 1
548 239 0 1
103 239 0 1
102 239 0 1
101 239 0 1
100 239 0 1
99 239 0 1
98 239 0 1
97 239 0 1
32 239 0 0
31 239 0 0
30 239 0 0
29 239 0 0
28 239 0 0
551 238 0 1
550 238 0 1
549 238 0 1
548 238 0 1
102 238 0 1
101 238 0 1
100 238 0 1
99 238 0 1
98 238 0 1
97 238 0 1
96 238 0 1
32 238 0 0
31 238 0 0
30 238 0 0
29 238 0 0
28 238 0 0
551 237 0 1
550 237 0 1
549 237 0 1
548 237 0 1
101 237 0 1
100 237 0 1
99 237 0 1
98 237 0 1
97 237 0 1
96 237 0 1
32 237 0 0
31 237 0 0
30 237 0 0
29 237 0 0
28 237 0 0
27 237 0 0
551 236 0 1
550 236 0 1
549 236 0 1
548 236 0 1
100 236 0 1
99 236 0 1
98 236 0 1
97 236 0 1
96 236 0 1
95 236 0 1
32 236 0 0
31 236 0 0
30 236 0 0
29 236 0 0
28 236 0 0
27 236 0 0
551 235 0 1
550 235 0 1
549 235 0 1
548 235 0 1
99 235 0 1
98 235 0 1
97 235 0 1
96 235 0 1
95 235 0 1
94 235 0 1
31 235 0 0
30 235 0 0
29 235 0 0
28 235 0 0
27 235 0 0
552 234 0 1
551 234 0 1
550 234 0 1
549 234 0 1
548 234 0 1
99 234 0 1
98 234 0 1
97 234 0 1
96 234 0 1
95 234 0 1
94 234 0 1
31 234 0 0
30 234 0 0
29 234 0 0
28 234 0 0
27 234 0 0
552 233 0 1
551 233 0 1
550 233 0 1
549 233 0 1
548 233 0 1
98 233 0 1
97 233 0 1
96 233 0 1
95 233 0 1
94 233 0 1
93 233 0 1
31 233 0 0
30 233 0 0
29 233 0 0
28 233 0 0
27 233 0 0
26 233 0 0
552 232 0 1
551 232 0 1
550 232 0 1
549 232 0 1
548 232 0 1
97 232 0 1
96 232 0 1
95 232 0 1
94 232 0 1
93 232 0 1
92 232 0 1
31 232 0 0
30 232 0 0
29 232 0 0
28 232 0 0
27 232 0 0
26 232 0 0
552 231 0 1
551 231 0 1
550 231 0 1
549 231 0 1
548 231 0 1
97 231 0 1
96 231 0 1
95 231 0 1
94 231 0 1
93 231 0 1
92 231 0 1
30 231 0 0
29 231 0 0
28 231 0 0
27 231 0 0
26 231 0 0
552 230 0 1
551 230 0 1
550 230 0 1
549 230 0 1
548 230 0 1
96 230 0 1
95 230 0 1
94 230 0 1
93 230 0 1
92 230 0 1
91 230 0 1
30 230 0 0
29 230 0 0
28 230 0 0
27 230 0 0
26 230 0 0
552 229 0 1
551 229 0 1
550 229 0 1
549 229 0 1
548 229 0 1
95 229 0 1
94 229 0 1
93 229 0 1
92 229 0 1
91 229 0 1
90 229 0 1
30 229 0 0
29 229 0 0
28 229 0 0
27 229 0 0
26 229 0 0
25 229 0 0
552 228 0 1
551 228 0 1
550 228 0 1
549 228 0 1
95 228 0 1
94 228 0 1
93 228 0 1
92 228 0 1
91 228 0 1
90 228 0 1
89 228 0 1
30 228 0 0
29 228 0 0
28 228 0 0
27 228 0 0
26 228 0 0
25 228 0 0
552 227 0 1
551 227 0 1
550 227 0 1
549 227 0 1
94 227 0 1
93 227 0 1
92 227 0 1
91 227 0 1
90 227 0 1
89 227 0 1
88 227 0 1
29 227 0 0
28 227 0 0
27 227 0 0
26 227 0 0
25 227 0 0
553 226 0 1
552 226 0 1
551 226 0 1
550 226 0 1
549 226 0 1
93 226 0 1
92 226 0 1
91 226 0 1
90 226 0 1
89 226 0 1
88 226 0 1
87 226 0 1
29 226 0 0
28 226 0 0
27 226 0 0
26 226 0 0
25 226 0 0
553 225 0 1
552 225 0 1
551 225 0 1
550 225 0 1
549 225 0 1
92 225 0 1
91 225 0 1
90 225 0 1
89 225 0 1
88 225 0 1
87 225 0 1
29 225 0 0
28 225 0 0
27 225 0 0
26 225 0 0
25 225 0 0
553 224 0 1
552 224 0 1
551 224 0 1
550 224 0 1
549 224 0 1
91 224 0 1
90 224 0 1
89 224 0 1
88 224 0 1
87 224 0 1
86 224 0 1
29 224 0 0
28 224 0 0
27 224 0 0
26 224 0 0
25 224 0 0
24 224 0 0
553 223 0 1
552 223 0 1
551 223 0 1
550 223 0 1
549 223 0 1
90 223 0 1
89 223 0 1
88 223 0 1
87 223 0 1
86 223 0 1
85 223 0 1
28 223 0 0
27 223 0 0
26 223 0 0
25 223 0 0
24 223 0 0
553 222 0 1
552 222 0 1
551 222 0 1
550 222 0 1
549 222 0 1
90 222 0 1
89 222 0 1
88 222 0 1
87 222 0 1
86 222 0 1
85 222 0 1
28 222 0 0
27 222 0 0
26 222 0 0
25 222 0 0
24 222 0 0
554 221 0 1
553 221 0 1
552 221 0 1
551 221 0 1
550 221 0 1
549 221 0 1
89 221 0 1
88 221 0 1
87 221 0 1
86 221 0 1
85 221 0 1
84 221 0 1
28 221 0 0
27 221 0 0
26 221 0 0
25 221 0 0
24 221 0 0
554 220 0 1
553 220 0 1
552 220 0 1
551 220 0 1
550 220 0 1
88 220 0 1
87 220 0 1
86 220 0 1
85 220 0 1
84 220 0 1
83 220 0 1
28 220 0 0
27 220 0 0
26 220 0 0
25 220 0 0
24 220 0 0
23 220 0 0
554 219 0 1
553 219 0 1
552 219 0 1
551 219 0 1
550 219 0 1
88 219 0 1
87 219 0 1
86 219 0 1
85 219 0 1
84 219 0 1
83 219 0 1
28 219 0 0
27 219 0 0
26 219 0 0
25 219 0 0
24 219 0 0
23 219 0 0
554 218 0 1
553 218 0 1
552 218 0 1
551 218 0 1
550 218 0 1
87 218 0 1
86 218 0 1
85 218 0 1
84 218 0 1
83 218 0 1
82 218 0 1
27 218 0 0
26 218 0 0
25 218 0 0
24 218 0 0
23 218 0 0
555 217 0 1
554 217 0 1
553 217 0 1
552 217 0 1
551 217 0 1
550 217 0 1
86 217 0 1
85 217 0 1
84 217 0 1
83 217 0 1
82 217 0 1
81 217 0 1
27 217 0 0
26 217 0 0
25 217 0 0
24 217 0 0
23 217 0 0
22 217 0 0
555 216 0 1
554 216 0 1
553 216 0 1
552 216 0 1
551 216 0 1
550 216 0 1
86 216 0 1
85 216 0 1
84 216 0 1
83 216 0 1
82 216 0 1
81 216 0 1
27 216 0 0
26 216 0 0
25 216 0 0
24 216 0 0
23 216 0 0
22 216 0 0
556 215 0 1
555 215 0 1
554 215 0 1
553 215 0 1
552 215 0 1
551 215 0 1
85 215 0 1
84 215 0 1
83 215 0 1
82 215 0 1
81 215 0 1
80 215 0 1
26 215 0 0
25 215 0 0
24 215 0 0
23 215 0 0
22 215 0 0
556 214 0 1
555 214 0 1
554 214 0 1
553 214 0 1
552 214 0 1
551 214 0 1
85 214 0 1
84 214 0 1
83 214 0 1
82 214 0 1
81 214 0 1
80 214 0 1
26 214 0 0
25 214 0 0
24 214 0 0
23 214 0 0
22 214 0 0
21 214 0 0
557 213 0 1
556 213 0 1
555 213 0 1
554 213 0 1
553 213 0 1
552 213 0 1
84 213 0 1
83 213 0 1
82 213 0 1
81 213 0 1
80 213 0 1
79 213 0 1
26 213 0 0
25 213 0 0
24 213 0 0
23 213 0 0
22 213 0 0
21 213 0 0
557 212 0 1
556 212 0 1
555 212 0 1
554 212 0 1
553 212 0 1
552 212 0 1
84 212 0 1
83 212 0 1
82 212 0 1
81 212 0 1
80 212 0 1
79 212 0 1
25 212 0 0
24 212 0 0
23 212 0 0
22 212 0 0
21 212 0 0
557 211 0 1
556 211 0 1
555 211 0 1
554 211 0 1
553 211 0 1
83 211 0 1
82 211 0 1
81 211 0 1
80 211 0 1
79 211 0 1
78 211 0 1
25 211 0 0
24 211 0 0
23 211 0 0
22 211 0 0
21 211 0 0
20 211 0 0
558 210 0 1
557 210 0 1
556 210 0 1
555 210 0 1
554 210 0 1
553 210 0 1
83 210 0 1
82 210 0 1
81 210 0 1
80 210 0 1
79 210 0 1
78 210 0 1
25 210 0 0
24 210 0 0
23 210 0 0
22 210 0 0
21 210 0 0
20 210 0 0
558 209 0 1
557 209 0 1
556 209 0 1
555 209 0 1
554 209 0 1
553 209 0 1
82 209 0 1
81 209 0 1
80 209 0 1
79 209 0 1
78 209 0 1
24 209 0 0
23 209 0 0
22 209 0 0
21 209 0 0
20 209 0 0
558 208 0 1
557 208 0 1
556 208 0 1
555 208 0 1
554 208 0 1
82 208 0 1
81 208 0 1
80 208 0 1
79 208 0 1
78 208 0 1
24 208 0 0
23 208 0 0
22 208 0 0
21 208 0 0
20 208 0 0
558 207 0 1
557 207 0 1
556 207 0 1
555 207 0 1
554 207 0 1
82 207 0 1
81 207 0 1
80 207 0 1
79 207 0 1
78 207 0 1
77 207 0 1
24 207 0 0
23 207 0 0
22 207 0 0
21 207 0 0
20 207 0 0
19 207 0 0
559 206 0 1
558 206 0 1
557 206 0 1
556 206 0 1
555 206 0 1
554 206 0 1
82 206 0 1
81 206 0 1
80 206 0 1
79 206 0 1
78 206 0 1
77 206 0 1
23 206 0 0
22 206 0 0
21 206 0 0
20 206 0 0
19 206 0 0
560 205 0 1
559 205 0 1
558 205 0 1
557 205 0 1
556 205 0 1
555 205 0 1
554 205 0 1
81 205 0 1
80 205 0 1
79 205 0 1
78 205 0 1
77 205 0 1
23 205 0 0
22 205 0 0
21 205 0 0
20 205 0 0
19 205 0 0
560 204 0 1
559 204 0 1
558 204 0 1
557 204 0 1
556 204 0 1
555 204 0 1
81 204 0 1
80 204 0 1
79 204 0 1
78 204 0 1
77 204 0 1
23 204 0 0
22 204 0 0
21 204 0 0
20 204 0 0
19 204 0 0
561 203 0 1
560 203 0 1
559 203 0 1
558 203 0 1
557 203 0 1
556 203 0 1
81 203 0 1
80 203 0 1
79 203 0 1
78 203 0 1
77 203 0 1
23 203 0 0
22 203 0 0
21 203 0 0
20 203 0 0
19 203 0 0
18 203 0 0
561 202 0 1
560 202 0 1
559 202 0 1
558 202 0 1
557 202 0 1
556 202 0 1
81 202 0 1
80 202 0 1
79 202 0 1
78 202 0 1
77 202 0 1
76 202 0 1
22 202 0 0
21 202 0 0
20 202 0 0
19 202 0 0
18 202 0 0
561 201 0 1
560 201 0 1
559 201 0 1
558 201 0 1
557 201 0 1
81 201 0 1
80 201 0 1
79 201 0 1
78 201 0 1
77 201 0 1
76 201 0 1
22 201 0 0
21 201 0 0
20 201 0 0
19 201 0 0
18 201 0 0
561 200 0 1
560 200 0 1
559 200 0 1
558 200 0 1
80 200 0 1
79 200 0 1
78 200 0 1
77 200 0 1
76 200 0 1
22 200 0 0
21 200 0 0
20 200 0 0
19 200 0 0
18 200 0 0
17 200 0 0
561 199 0 1
560 199 0 1
559 199 0 1
558 199 0 1
80 199 0 1
79 199 0 1
78 199 0 1
77 199 0 1
76 199 0 1
75 199 0 1
22 199 0 0
21 199 0 0
20 199 0 0
19 199 0 0
18 199 0 0
17 199 0 0
561 198 0 1
560 198 0 1
559 198 0 1
558 198 0 1
80 198 0 1
79 198 0 1
78 198 0 1
77 198 0 1
76 198 0 1
75 198 0 1
21 198 0 0
20 198 0 0
19 198 0 0
18 198 0 0
17 198 0 0
16 198 0 0
562 197 0 1
561 197 0 1
560 197 0 1
559 197 0 1
558 197 0 1
79 197 0 1
78 197 0 1
77 197 0 1
76 197 0 1
75 197 0 1
21 197 0 0
20 197 0 0
19 197 0 0
18 197 0 0
17 197 0 0
16 197 0 0
562 196 0 1
561 196 0 1
560 196 0 1
559 196 0 1
558 196 0 1
79 196 0 1
78 196 0 1
77 196 0 1
76 196 0 1
75 196 0 1
20 196 0 0
19 196 0 0
18 196 0 0
17 196 0 0
16 196 0 0
563 195 0 1
562 195 0 1
561 195 0 1
560 195 0 1
559 195 0 1
558 195 0 1
79 195 0 1
78 195 0 1
77 195 0 1
76 195 0 1
75 195 0 1
74 195 0 1
20 195 0 0
19 195 0 0
18 195 0 0
17 195 0 0
16 195 0 0
563 194 0 1
562 194 0 1
561 194 0 1
560 194 0 1
559 194 0 1
558 194 0 1
78 194 0 1
77 194 0 1
76 194 0 1
75 194 0 1
74 194 0 1
19 194 0 0
18 194 0 0
17 194 0 0
16 194 0 0
563 193 0 1
562 193 0 1
561 193 0 1
560 193 0 1
559 193 0 1
78 193 0 1
77 193 0 1
76 193 0 1
75 193 0 1
74 193 0 1
19 193 0 0
18 193 0 0
17 193 0 0
16 193 0 0
564 192 0 1
563 192 0 1
562 192 0 1
561 192 0 1
560 192 0 1
78 192 0 1
77 192 0 1
76 192 0 1
75 192 0 1
74 192 0 1
19 192 0 0
18 192 0 0
17 192 0 0
16 192 0 0
564 191 0 1
563 191 0 1
562 191 0 1
561 191 0 1
560 191 0 1
78 191 0 1
77 191 0 1
76 191 0 1
75 191 0 1
74 191 0 1
19 191 0 0
18 191 0 0
17 191 0 0
16 191 0 0
564 190 0 1
563 190 0 1
562 190 0 1
561 190 0 1
560 190 0 1
78 190 0 1
77 190 0 1
76 190 0 1
75 190 0 1
74 190 0 1
19 190 0 0
18 190 0 0
17 190 0 0
16 190 0 0
565 189 0 1
564 189 0 1
563 189 0 1
562 189 0 1
561 189 0 1
560 189 0 1
78 189 0 1
77 189 0 1
76 189 0 1
75 189 0 1
74 189 0 1
73 189 0 1
19 189 0 0
18 189 0 0
17 189 0 0
16 189 0 0
565 188 0 1
564 188 0 1
563 188 0 1
562 188 0 1
561 188 0 1
77 188 0 1
76 188 0 1
75 188 0 1
74 188 0 1
73 188 0 1
19 188 0 0
18 188 0 0
17 188 0 0
16 188 0 0
565 187 0 1
564 187 0 1
563 187 0 1
562 187 0 1
561 187 0 1
253 187 0 0
252 187 0 0
251 187 0 0
250 187 0 0
249 187 0 0
77 187 0 1
76 187 0 1
75 187 0 1
74 187 0 1
73 187 0 1
19 187 0 0
18 187 0 0
17 187 0 0
16 187 0 0
566 186 0 1
565 186 0 1
564 186 0 1
563 186 0 1
562 186 0 1
561 186 0 1
253 186 0 0
252 186 0 0
251 186 0 0
250 186 0 0
249 186 0 0
248 186 0 0
247 186 0 0
77 186 0 1
76 186 0 1
75 186 0 1
74 186 0 1
73 186 0 1
72 186 0 1
566 185 0 1
565 185 0 1
564 185 0 1
563 185 0 1
562 185 0 1
253 185 0 0
252 185 0 0
251 185 0 0
250 185 0 0
249 185 0 0
248 185 0 0
247 185 0 0
246 185 0 0
245 185 0 0
244 185 0 0
243 185 0 0
242 185 0 0
76 185 0 1
75 185 0 1
74 185 0 1
73 185 0 1
72 185 0 1
566 184 0 1
565 184 0 1
564 184 0 1
563 184 0 1
562 184 0 1
253 184 0 0
252 184 0 0
251 184 0 0
250 184 0 0
249 184 0 0
248 184 0 0
247 184 0 0
246 184 0 0
245 184 0 0
244 184 0 0
243 184 0 0
242 184 0 0
241 184 0 0
240 184 0 0
239 184 0 0
238 184 0 0
237 184 0 0
236 184 0 0
76 184 0 1
75 184 0 1
74 184 0 1
73 184 0 1
72 184 0 1
71 184 0 1
566 183 0 1
565 183 0 1
564 183 0 1
563 183 0 1
562 183 0 1
253 183 0 0
252 183 0 0
251 183 0 0
250 183 0 0
249 183 0 0
248 183 0 0
247 183 0 0
246 183 0 0
245 183 0 0
244 183 0 0
243 183 0 0
242 183 0 0
241 183 0 0
240 183 0 0
239 183 0 0
238 183 0 0
237 183 0 0
236 183 0 0
235 183 0 0
234 183 0 0
233 183 0 0
75 183 0 1
74 183 0 1
73 183 0 1
72 183 0 1
71 183 0 1
566 182 0 1
565 182 0 1
564 182 0 1
563 182 0 1
250 182 0 0
249 182 0 0
248 182 0 0
247 182 0 0
246 182 0 0
245 182 0 0
244 182 0 0
243 182 0 0
242 182 0 0
241 182 0 0
240 182 0 0
239 182 0 0
238 182 0 0
237 182 0 0
236 182 0 0
235 182 0 0
234 182 0 0
233 182 0 0
232 182 0 0
231 182 0 0
75 182 0 1
74 182 0 1
73 182 0 1
72 182 0 1
71 182 0 1
70 182 0 1
567 181 0 1
566 181 0 1
565 181 0 1
564 181 0 1
563 181 0 1
244 181 0 0
243 181 0 0
242 181 0 0
241 181 0 0
240 181 0 0
239 181 0 0
238 181 0 0
237 181 0 0
236 181 0 0
235 181 0 0
234 181 0 0
233 181 0 0
232 181 0 0
231 181 0 0
230 181 0 0
229 181 0 0
228 181 0 0
227 181 0 0
75 181 0 1
74 181 0 1
73 181 0 1
72 181 0 1
71 181 0 1
70 181 0 1
567 180 0 1
566 180 0 1
565 180 0 1
564 180 0 1
563 180 0 1
240 180 0 0
239 180 0 0
238 180 0 0
237 180 0 0
236 180 0 0
235 180 0 0
234 180 0 0
233 180 0 0
232 180 0 0
231 180 0 0
230 180 0 0
229 180 0 0
228 180 0 0
227 180 0 0
226 180 0 0
225 180 0 0
224 180 0 0
74 180 0 1
73 180 0 1
72 180 0 1
71 180 0 1
70 180 0 1
567 179 0 1
566 179 0 1
565 179 0 1
564 179 0 1
563 179 0 1
237 179 0 0
236 179 0 0
235 179 0 0
234 179 0 0
233 179 0 0
232 179 0 0
231 179 0 0
230 179 0 0
229 179 0 0
228 179 0 0
227 179 0 0
226 179 0 0
225 179 0 0
224 179 0 0
223 179 0 0
74 179 0 1
73 179 0 1
72 179 0 1
71 179 0 1
70 179 0 1
568 178 0 1
567 178 0 1
566 178 0 1
565 178 0 1
564 178 0 1
563 178 0 1
234 178 0 0
233 178 0 0
232 178 0 0
231 178 0 0
230 178 0 0
229 178 0 0
228 178 0 0
227 178 0 0
226 178 0 0
225 178 0 0
224 178 0 0
223 178 0 0
222 178 0 0
74 178 0 1
73 178 0 1
72 178 0 1
71 178 0 1
70 178 0 1
69 178 0 1
568 177 0 1
567 177 0 1
566 177 0 1
565 177 0 1
564 177 0 1
563 177 0 1
232 177 0 0
231 177 0 0
230 177 0 0
229 177 0 0
228 177 0 0
227 177 0 0
226 177 0 0
225 177 0 0
224 177 0 0
223 177 0 0
222 177 0 0
221 177 0 0
220 177 0 0
73 177 0 1
72 177 0 1
71 177 0 1
70 177 0 1
69 177 0 1
569 176 0 1
568 176 0 1
567 176 0 1
566 176 0 1
565 176 0 1
564 176 0 1
228 176 0 0
227 176 0 0
226 176 0 0
225 176 0 0
224 176 0 0
223 176 0 0
222 176 0 0
221 176 0 0
220 176 0 0
219 176 0 0
73 176 0 1
72 176 0 1
71 176 0 1
70 176 0 1
69 176 0 1
570 175 0 1
569 175 0 1
568 175 0 1
567 175 0 1
566 175 0 1
565 175 0 1
225 175 0 0
224 175 0 0
223 175 0 0
222 175 0 0
221 175 0 0
220 175 0 0
219 175 0 0
218 175 0 0
73 175 0 1
72 175 0 1
71 175 0 1
70 175 0 1
69 175 0 1
68 175 0 1
570 174 0 1
569 174 0 1
568 174 0 1
567 174 0 1
566 174 0 1
565 174 0 1
224 174 0 0
223 174 0 0
222 174 0 0
221 174 0 0
220 174 0 0
219 174 0 0
218 174 0 0
217 174 0 0
72 174 0 1
71 174 0 1
70 174 0 1
69 174 0 1
68 174 0 1
570 173 0 1
569 173 0 1
568 173 0 1
567 173 0 1
566 173 0 1
223 173 0 0
222 173 0 0
221 173 0 0
220 173 0 0
219 173 0 0
218 173 0 0
217 173 0 0
216 173 0 0
215 173 0 0
72 173 0 1
71 173 0 1
70 173 0 1
69 173 0 1
68 173 0 1
570 172 0 1
569 172 0 1
568 172 0 1
567 172 0 1
566 172 0 1
221 172 0 0
220 172 0 0
219 172 0 0
218 172 0 0
217 172 0 0
216 172 0 0
215 172 0 0
214 172 0 0
72 172 0 1
71 172 0 1
70 172 0 1
69 172 0 1
68 172 0 1
571 171 0 1
570 171 0 1
569 171 0 1
568 171 0 1
567 171 0 1
566 171 0 1
220 171 0 0
219 171 0 0
218 171 0 0
217 171 0 0
216 171 0 0
215 171 0 0
214 171 0 0
213 171 0 0
72 171 0 1
71 171 0 1
70 171 0 1
69 171 0 1
68 171 0 1
67 171 0 1
571 170 0 1
570 170 0 1
569 170 0 1
568 170 0 1
567 170 0 1
566 170 0 1
219 170 0 0
218 170 0 0
217 170 0 0
216 170 0 0
215 170 0 0
214 170 0 0
213 170 0 0
212 170 0 0
211 170 0 0
71 170 0 1
70 170 0 1
69 170 0 1
68 170 0 1
67 170 0 1
571 169 0 1
570 169 0 1
569 169 0 1
568 169 0 1
567 169 0 1
218 169 0 0
217 169 0 0
216 169 0 0
215 169 0 0
214 169 0 0
213 169 0 0
212 169 0 0
211 169 0 0
210 169 0 0
71 169 0 1
70 169 0 1
69 169 0 1
68 169 0 1
67 169 0 1
572 168 0 1
571 168 0 1
570 168 0 1
569 168 0 1
568 168 0 1
567 168 0 1
216 168 0 0
215 168 0 0
214 168 0 0
213 168 0 0
212 168 0 0
211 168 0 0
210 168 0 0
209 168 0 0
71 168 0 1
70 168 0 1
69 168 0 1
68 168 0 1
67 168 0 1
572 167 0 1
571 167 0 1
570 167 0 1
569 167 0 1
568 167 0 1
567 167 0 1
215 167 0 0
214 167 0 0
213 167 0 0
212 167 0 0
211 167 0 0
210 167 0 0
209 167 0 0
208 167 0 0
71 167 0 1
70 167 0 1
69 167 0 1
68 167 0 1
67 167 0 1
572 166 0 1
571 166 0 1
570 166 0 1
569 166 0 1
568 166 0 1
567 166 0 1
214 166 0 0
213 166 0 0
212 166 0 0
211 166 0 0
210 166 0 0
209 166 0 0
208 166 0 0
207 166 0 0
71 166 0 1
70 166 0 1
69 166 0 1
68 166 0 1
67 166 0 1
572 165 0 1
571 165 0 1
570 165 0 1
569 165 0 1
568 165 0 1
567 165 0 1
213 165 0 0
212 165 0 0
211 165 0 0
210 165 0 0
209 165 0 0
208 165 0 0
207 165 0 0
206 165 0 0
71 165 0 1
70 165 0 1
69 165 0 1
68 165 0 1
67 165 0 1
66 165 0 1
572 164 0 1
571 164 0 1
570 164 0 1
569 164 0 1
568 164 0 1
567 164 0 1
212 164 0 0
211 164 0 0
210 164 0 0
209 164 0 0
208 164 0 0
207 164 0 0
206 164 0 0
205 164 0 0
70 164 0 1
69 164 0 1
68 164 0 1
67 164 0 1
66 164 0 1
573 163 0 1
572 163 0 1
571 163 0 1
570 163 0 1
569 163 0 1
568 163 0 1
567 163 0 1
211 163 0 0
210 163 0 0
209 163 0 0
208 163 0 0
207 163 0 0
206 163 0 0
205 163 0 0
70 163 0 1
69 163 0 1
68 163 0 1
67 163 0 1
66 163 0 1
574 162 0 1
573 162 0 1
572 162 0 1
571 162 0 1
570 162 0 1
569 162 0 1
568 162 0 1
209 162 0 0
208 162 0 0
207 162 0 0
206 162 0 0
205 162 0 0
204 162 0 0
70 162 0 1
69 162 0 1
68 162 0 1
67 162 0 1
66 162 0 1
574 161 0 1
573 161 0 1
572 161 0 1
571 161 0 1
570 161 0 1
569 161 0 1
209 161 0 0
208 161 0 0
207 161 0 0
206 161 0 0
205 161 0 0
204 161 0 0
70 161 0 1
69 161 0 1
68 161 0 1
67 161 0 1
66 161 0 1
575 160 0 1
574 160 0 1
573 160 0 1
572 160 0 1
571 160 0 1
570 160 0 1
208 160 0 0
207 160 0 0
206 160 0 0
205 160 0 0
204 160 0 0
203 160 0 0
70 160 0 1
69 160 0 1
68 160 0 1
67 160 0 1
66 160 0 1
576 159 0 1
575 159 0 1
574 159 0 1
573 159 0 1
572 159 0 1
571 159 0 1
570 159 0 1
208 159 0 0
207 159 0 0
206 159 0 0
205 159 0 0
204 159 0 0
203 159 0 0
70 159 0 1
69 159 0 1
68 159 0 1
67 159 0 1
66 159 0 1
65 159 0 1
577 158 0 1
576 158 0 1
575 158 0 1
574 158 0 1
573 158 0 1
572 158 0 1
571 158 0 1
207 158 0 0
206 158 0 0
205 158 0 0
204 158 0 0
203 158 0 0
69 158 0 1
68 158 0 1
67 158 0 1
66 158 0 1
65 158 0 1
577 157 0 1
576 157 0 1
575 157 0 1
574 157 0 1
573 157 0 1
572 157 0 1
571 157 0 1
207 157 0 0
206 157 0 0
205 157 0 0
204 157 0 0
203 157 0 0
202 157 0 0
69 157 0 1
68 157 0 1
67 157 0 1
66 157 0 1
65 157 0 1
578 156 0 1
577 156 0 1
576 156 0 1
575 156 0 1
574 156 0 1
573 156 0 1
207 156 0 0
206 156 0 0
205 156 0 0
204 156 0 0
203 156 0 0
202 156 0 0
69 156 0 1
68 156 0 1
67 156 0 1
66 156 0 1
65 156 0 1
578 155 0 1
577 155 0 1
576 155 0 1
575 155 0 1
574 155 0 1
573 155 0 1
206 155 0 0
205 155 0 0
204 155 0 0
203 155 0 0
202 155 0 0
201 155 0 0
69 155 0 1
68 155 0 1
67 155 0 1
66 155 0 1
65 155 0 1
64 155 0 1
578 154 0 1
577 154 0 1
576 154 0 1
575 154 0 1
574 154 0 1
206 154 0 0
205 154 0 0
204 154 0 0
203 154 0 0
202 154 0 0
201 154 0 0
200 154 0 0
68 154 0 1
67 154 0 1
66 154 0 1
65 154 0 1
64 154 0 1
579 153 0 1
578 153 0 1
577 153 0 1
576 153 0 1
575 153 0 1
574 153 0 1
205 153 0 0
204 153 0 0
203 153 0 0
202 153 0 0
201 153 0 0
200 153 0 0
68 153 0 1
67 153 0 1
66 153 0 1
65 153 0 1
64 153 0 1
579 152 0 1
578 152 0 1
577 152 0 1
576 152 0 1
575 152 0 1
204 152 0 0
203 152 0 0
202 152 0 0
201 152 0 0
200 152 0 0
199 152 0 0
68 152 0 1
67 152 0 1
66 152 0 1
65 152 0 1
64 152 0 1
580 151 0 1
579 151 0 1
578 151 0 1
577 151 0 1
576 151 0 1
575 151 0 1
204 151 0 0
203 151 0 0
202 151 0 0
201 151 0 0
200 151 0 0
199 151 0 0
68 151 0 1
67 151 0 1
66 151 0 1
65 151 0 1
64 151 0 1
63 151 0 1
581 150 0 1
580 150 0 1
579 150 0 1
578 150 0 1
577 150 0 1
576 150 0 1
203 150 0 0
202 150 0 0
201 150 0 0
200 150 0 0
199 150 0 0
67 150 0 1
66 150 0 1
65 150 0 1
64 150 0 1
63 150 0 1
581 149 0 1
580 149 0 1
579 149 0 1
578 149 0 1
577 149 0 1
576 149 0 1
203 149 0 0
202 149 0 0
201 149 0 0
200 149 0 0
199 149 0 0
67 149 0 1
66 149 0 1
65 149 0 1
64 149 0 1
63 149 0 1
582 148 0 1
581 148 0 1
580 148 0 1
579 148 0 1
578 148 0 1
577 148 0 1
203 148 0 0
202 148 0 0
201 148 0 0
200 148 0 0
199 148 0 0
198 148 0 0
67 148 0 1
66 148 0 1
65 148 0 1
64 148 0 1
63 148 0 1
62 148 0 1
582 147 0 1
581 147 0 1
580 147 0 1
579 147 0 1
578 147 0 1
202 147 0 0
201 147 0 0
200 147 0 0
199 147 0 0
198 147 0 0
67 147 0 1
66 147 0 1
65 147 0 1
64 147 0 1
63 147 0 1
62 147 0 1
582 146 0 1
581 146 0 1
580 146 0 1
579 146 0 1
578 146 0 1
202 146 0 0
201 146 0 0
200 146 0 0
199 146 0 0
198 146 0 0
66 146 0 1
65 146 0 1
64 146 0 1
63 146 0 1
62 146 0 1
582 145 0 1
581 145 0 1
580 145 0 1
579 145 0 1
202 145 0 0
201 145 0 0
200 145 0 0
199 145 0 0
198 145 0 0
197 145 0 0
66 145 0 1
65 145 0 1
64 145 0 1
63 145 0 1
62 145 0 1
202 144 0 0
201 144 0 0
200 144 0 0
199 144 0 0
198 144 0 0
197 144 0 0
66 144 0 1
65 144 0 1
64 144 0 1
63 144 0 1
62 144 0 1
61 144 0 1
201 143 0 0
200 143 0 0
199 143 0 0
198 143 0 0
197 143 0 0
196 143 0 0
66 143 0 1
65 143 0 1
64 143 0 1
63 143 0 1
62 143 0 1
61 143 0 1
201 142 0 0
200 142 0 0
199 142 0 0
198 142 0 0
197 142 0 0
196 142 0 0
65 142 0 1
64 142 0 1
63 142 0 1
62 142 0 1
61 142 0 1
200 141 0 0
199 141 0 0
198 141 0 0
197 141 0 0
196 141 0 0
195 141 0 0
65 141 0 1
64 141 0 1
63 141 0 1
62 141 0 1
61 141 0 1
200 140 0 0
199 140 0 0
198 140 0 0
197 140 0 0
196 140 0 0
195 140 0 0
65 140 0 1
64 140 0 1
63 140 0 1
62 140 0 1
61 140 0 1
60 140 0 1
199 139 0 0
198 139 0 0
197 139 0 0
196 139 0 0
195 139 0 0
65 139 0 1
64 139 0 1
63 139 0 1
62 139 0 1
61 139 0 1
60 139 0 1
199 138 0 0
198 138 0 0
197 138 0 0
196 138 0 0
195 138 0 0
64 138 0 1
63 138 0 1
62 138 0 1
61 138 0 1
60 138 0 1
199 137 0 0
198 137 0 0
197 137 0 0
196 137 0 0
195 137 0 0
194 137 0 0
64 137 0 1
63 137 0 1
62 137 0 1
61 137 0 1
60 137 0 1
199 136 0 0
198 136 0 0
197 136 0 0
196 136 0 0
195 136 0 0
194 136 0 0
64 136 0 1
63 136 0 1
62 136 0 1
61 136 0 1
60 136 0 1
198 135 0 0
197 135 0 0
196 135 0 0
195 135 0 0
194 135 0 0
193 135 0 0
192 135 0 0
64 135 0 1
63 135 0 1
62 135 0 1
61 135 0 1
60 135 0 1
59 135 0 1
198 134 0 0
197 134 0 0
196 134 0 0
195 134 0 0
194 134 0 0
193 134 0 0
192 134 0 0
191 134 0 0
63 134 0 1
62 134 0 1
61 134 0 1
60 134 0 1
59 134 0 1
197 133 0 0
196 133 0 0
195 133 0 0
194 133 0 0
193 133 0 0
192 133 0 0
191 133 0 0
190 133 0 0
63 133 0 1
62 133 0 1
61 133 0 1
60 133 0 1
59 133 0 1
196 132 0 0
195 132 0 0
194 132 0 0
193 132 0 0
192 132 0 0
191 132 0 0
190 132 0 0
189 132 0 0
63 132 0 1
62 132 0 1
61 132 0 1
60 132 0 1
59 132 0 1
194 131 0 0
193 131 0 0
192 131 0 0
191 131 0 0
190 131 0 0
189 131 0 0
188 131 0 0
63 131 0 1
62 131 0 1
61 131 0 1
60 131 0 1
59 131 0 1
193 130 0 0
192 130 0 0
191 130 0 0
190 130 0 0
189 130 0 0
188 130 0 0
63 130 0 1
62 130 0 1
61 130 0 1
60 130 0 1
59 130 0 1
192 129 0 0
191 129 0 0
190 129 0 0
189 129 0 0
188 129 0 0
187 129 0 0
63 129 0 1
62 129 0 1
61 129 0 1
60 129 0 1
59 129 0 1
58 129 0 1
192 128 0 0
191 128 0 0
190 128 0 0
189 128 0 0
188 128 0 0
187 128 0 0
62 128 0 1
61 128 0 1
60 128 0 1
59 128 0 1
58 128 0 1
191 127 0 0
190 127 0 0
189 127 0 0
188 127 0 0
187 127 0 0
62 127 0 1
61 127 0 1
60 127 0 1
59 127 0 1
58 127 0 1
191 126 0 0
190 126 0 0
189 126 0 0
188 126 0 0
187 126 0 0
186 126 0 0
62 126 0 1
61 126 0 1
60 126 0 1
59 126 0 1
58 126 0 1
190 125 0 0
189 125 0 0
188 125 0 0
187 125 0 0
186 125 0 0
185 125 0 0
62 125 0 1
61 125 0 1
60 125 0 1
59 125 0 1
58 125 0 1
190 124 0 0
189 124 0 0
188 124 0 0
187 124 0 0
186 124 0 0
185 124 0 0
184 124 0 0
62 124 0 1
61 124 0 1
60 124 0 1
59 124 0 1
58 124 0 1
190 123 0 0
189 123 0 0
188 123 0 0
187 123 0 0
186 123 0 0
185 123 0 0
184 123 0 0
183 123 0 0
62 123 0 1
61 123 0 1
60 123 0 1
59 123 0 1
58 123 0 1
189 122 0 0
188 122 0 0
187 122 0 0
186 122 0 0
185 122 0 0
184 122 0 0
183 122 0 0
182 122 0 0
61 122 0 1
60 122 0 1
59 122 0 1
58 122 0 1
57 122 0 1
187 121 0 0
186 121 0 0
185 121 0 0
184 121 0 0
183 121 0 0
182 121 0 0
61 121 0 1
60 121 0 1
59 121 0 1
58 121 0 1
57 121 0 1
186 120 0 0
185 120 0 0
184 120 0 0
183 120 0 0
182 120 0 0
181 120 0 0
61 120 0 1
60 120 0 1
59 120 0 1
58 120 0 1
57 120 0 1
186 119 0 0
185 119 0 0
184 119 0 0
183 119 0 0
182 119 0 0
181 119 0 0
180 119 0 0
61 119 0 1
60 119 0 1
59 119 0 1
58 119 0 1
57 119 0 1
185 118 0 0
184 118 0 0
183 118 0 0
182 118 0 0
181 118 0 0
180 118 0 0
61 118 0 1
60 118 0 1
59 118 0 1
58 118 0 1
57 118 0 1
184 117 0 0
183 117 0 0
182 117 0 0
181 117 0 0
180 117 0 0
179 117 0 0
178 117 0 0
61 117 0 1
60 117 0 1
59 117 0 1
58 117 0 1
57 117 0 1
184 116 0 0
183 116 0 0
182 116 0 0
181 116 0 0
180 116 0 0
179 116 0 0
178 116 0 0
177 116 0 0
61 116 0 1
60 116 0 1
59 116 0 1
58 116 0 1
57 116 0 1
183 115 0 0
182 115 0 0
181 115 0 0
180 115 0 0
179 115 0 0
178 115 0 0
177 115 0 0
176 115 0 0
60 115 0 1
59 115 0 1
58 115 0 1
57 115 0 1
56 115 0 1
182 114 0 0
181 114 0 0
180 114 0 0
179 114 0 0
178 114 0 0
177 114 0 0
176 114 0 0
175 114 0 0
174 114 0 0
60 114 0 1
59 114 0 1
58 114 0 1
57 114 0 1
56 114 0 1
180 113 0 0
179 113 0 0
178 113 0 0
177 113 0 0
176 113 0 0
175 113 0 0
174 113 0 0
173 113 0 0
60 113 0 1
59 113 0 1
58 113 0 1
57 113 0 1
56 113 0 1
179 112 0 0
178 112 0 0
177 112 0 0
176 112 0 0
175 112 0 0
174 112 0 0
173 112 0 0
172 112 0 0
171 112 0 0
60 112 0 1
59 112 0 1
58 112 0 1
57 112 0 1
56 112 0 1
178 111 0 0
177 111 0 0
176 111 0 0
175 111 0 0
174 111 0 0
173 111 0 0
172 111 0 0
171 111 0 0
170 111 0 0
60 111 0 1
59 111 0 1
58 111 0 1
57 111 0 1
56 111 0 1
176 110 0 0
175 110 0 0
174 110 0 0
173 110 0 0
172 110 0 0
171 110 0 0
170 110 0 0
169 110 0 0
168 110 0 0
60 110 0 1
59 110 0 1
58 110 0 1
57 110 0 1
56 110 0 1
175 109 0 0
174 109 0 0
173 109 0 0
172 109 0 0
171 109 0 0
170 109 0 0
169 109 0 0
168 109 0 0
167 109 0 0
60 109 0 1
59 109 0 1
58 109 0 1
57 109 0 1
56 109 0 1
173 108 0 0
172 108 0 0
171 108 0 0
170 108 0 0
169 108 0 0
168 108 0 0
167 108 0 0
166 108 0 0
165 108 0 0
59 108 0 1
58 108 0 1
57 108 0 1
56 108 0 1
172 107 0 0
171 107 0 0
170 107 0 0
169 107 0 0
168 107 0 0
167 107 0 0
166 107 0 0
165 107 0 0
164 107 0 0
59 107 0 1
58 107 0 1
57 107 0 1
56 107 0 1
170 106 0 0
169 106 0 0
168 106 0 0
167 106 0 0
166 106 0 0
165 106 0 0
164 106 0 0
163 106 0 0
162 106 0 0
59 106 0 1
58 106 0 1
57 106 0 1
56 106 0 1
169 105 0 0
168 105 0 0
167 105 0 0
166 105 0 0
165 105 0 0
164 105 0 0
163 105 0 0
162 105 0 0
161 105 0 0
59 105 0 1
58 105 0 1
57 105 0 1
56 105 0 1
167 104 0 0
166 104 0 0
165 104 0 0
164 104 0 0
163 104 0 0
162 104 0 0
161 104 0 0
160 104 0 0
59 104 0 1
58 104 0 1
57 104 0 1
56 104 0 1
166 103 0 0
165 103 0 0
164 103 0 0
163 103 0 0
162 103 0 0
161 103 0 0
160 103 0 0
159 103 0 0
59 103 0 1
58 103 0 1
57 103 0 1
56 103 0 1
164 102 0 0
163 102 0 0
162 102 0 0
161 102 0 0
160 102 0 0
159 102 0 0
158 102 0 0
59 102 0 1
58 102 0 1
57 102 0 1
56 102 0 1
163 101 0 0
162 101 0 0
161 101 0 0
160 101 0 0
159 101 0 0
158 101 0 0
157 101 0 0
156 101 0 0
59 101 0 1
58 101 0 1
57 101 0 1
56 101 0 1
162 100 0 0
161 100 0 0
160 100 0 0
159 100 0 0
158 100 0 0
157 100 0 0
156 100 0 0
155 100 0 0
59 100 0 1
58 100 0 1
57 100 0 1
56 100 0 1
161 99 0 0
160 99 0 0
159 99 0 0
158 99 0 0
157 99 0 0
156 99 0 0
155 99 0 0
154 99 0 0
59 99 0 1
58 99 0 1
57 99 0 1
56 99 0 1
160 98 0 0
159 98 0 0
158 98 0 0
157 98 0 0
156 98 0 0
155 98 0 0
154 98 0 0
59 98 0 1
58 98 0 1
57 98 0 1
56 98 0 1
158 97 0 0
157 97 0 0
156 97 0 0
155 97 0 0
154 97 0 0
153 97 0 0
59 97 0 1
58 97 0 1
57 97 0 1
56 97 0 1
157 96 0 0
156 96 0 0
155 96 0 0
154 96 0 0
153 96 0 0
152 96 0 0
151 96 0 0
59 96 0 1
58 96 0 1
57 96 0 1
56 96 0 1
157 95 0 0
156 95 0 0
155 95 0 0
154 95 0 0
153 95 0 0
152 95 0 0
151 95 0 0
150 95 0 0
59 95 0 1
58 95 0 1
57 95 0 1
56 95 0 1
156 94 0 0
155 94 0 0
154 94 0 0
153 94 0 0
152 94 0 0
151 94 0 0
150 94 0 0
149 94 0 0
59 94 0 1
58 94 0 1
57 94 0 1
56 94 0 1
155 93 0 0
154 93 0 0
153 93 0 0
152 93 0 0
151 93 0 0
150 93 0 0
149 93 0 0
148 93 0 0
59 93 0 1
58 93 0 1
57 93 0 1
56 93 0 1
153 92 0 0
152 92 0 0
151 92 0 0
150 92 0 0
149 92 0 0
148 92 0 0
147 92 0 0
59 92 0 1
58 92 0 1
57 92 0 1
56 92 0 1
152 91 0 0
151 91 0 0
150 91 0 0
149 91 0 0
148 91 0 0
147 91 0 0
146 91 0 0
145 91 0 0
59 91 0 1
58 91 0 1
57 91 0 1
56 91 0 1
151 90 0 0
150 90 0 0
149 90 0 0
148 90 0 0
147 90 0 0
146 90 0 0
145 90 0 0
144 90 0 0
143 90 0 0
59 90 0 1
58 90 0 1
57 90 0 1
56 90 0 1
150 89 0 0
149 89 0 0
148 89 0 0
147 89 0 0
146 89 0 0
145 89 0 0
144 89 0 0
143 89 0 0
142 89 0 0
141 89 0 0
59 89 0 1
58 89 0 1
57 89 0 1
56 89 0 1
149 88 0 0
148 88 0 0
147 88 0 0
146 88 0 0
145 88 0 0
144 88 0 0
143 88 0 0
142 88 0 0
141 88 0 0
140 88 0 0
139 88 0 0
59 88 0 1
58 88 0 1
57 88 0 1
56 88 0 1
148 87 0 0
147 87 0 0
146 87 0 0
145 87 0 0
144 87 0 0
143 87 0 0
142 87 0 0
141 87 0 0
140 87 0 0
139 87 0 0
138 87 0 0
137 87 0 0
136 87 0 0
146 86 0 0
145 86 0 0
144 86 0 0
143 86 0 0
142 86 0 0
141 86 0 0
140 86 0 0
139 86 0 0
138 86 0 0
137 86 0 0
136 86 0 0
135 86 0 0
134 86 0 0
133 86 0 0
144 85 0 0
143 85 0 0
142 85 0 0
141 85 0 0
140 85 0 0
139 85 0 0
138 85 0 0
137 85 0 0
136 85 0 0
135 85 0 0
134 85 0 0
133 85 0 0
132 85 0 0
131 85 0 0
130 85 0 0
129 85 0 0
141 84 0 0
140 84 0 0
139 84 0 0
138 84 0 0
137 84 0 0
136 84 0 0
135 84 0 0
134 84 0 0
133 84 0 0
132 84 0 0
131 84 0 0
130 84 0 0
129 84 0 0
128 84 0 0
127 84 0 0
126 84 0 0
125 84 0 0
139 83 0 0
138 83 0 0
137 83 0 0
136 83 0 0
135 83 0 0
134 83 0 0
133 83 0 0
132 83 0 0
131 83 0 0
130 83 0 0
129 83 0 0
128 83 0 0
127 83 0 0
126 83 0 0
125 83 0 0
124 83 0 0
123 83 0 0
122 83 0 0
121 83 0 0
137 82 0 0
136 82 0 0
135 82 0 0
134 82 0 0
133 82 0 0
132 82 0 0
131 82 0 0
130 82 0 0
129 82 0 0
128 82 0 0
127 82 0 0
126 82 0 0
125 82 0 0
124 82 0 0
123 82 0 0
122 82 0 0
121 82 0 0
120 82 0 0
119 82 0 0
118 82 0 0
133 81 0 0
132 81 0 0
131 81 0 0
130 81 0 0
129 81 0 0
128 81 0 0
127 81 0 0
126 81 0 0
125 81 0 0
124 81 0 0
123 81 0 0
122 81 0 0
121 81 0 0
120 81 0 0
119 81 0 0
118 81 0 0
117 81 0 0
116 81 0 0
115 81 0 0
130 80 0 0
129 80 0 0
128 80 0 0
127 80 0 0
126 80 0 0
125 80 0 0
124 80 0 0
123 80 0 0
122 80 0 0
121 80 0 0
120 80 0 0
119 80 0 0
118 80 0 0
117 80 0 0
116 80 0 0
115 80 0 0
114 80 0 0
113 80 0 0
126 79 0 0
125 79 0 0
124 79 0 0
123 79 0 0
122 79 0 0
121 79 0 0
120 79 0 0
119 79 0 0
118 79 0 0
117 79 0 0
116 79 0 0
115 79 0 0
114 79 0 0
113 79 0 0
112 79 0 0
111 79 0 0
110 79 0 0
109 79 0 0
122 78 0 0
121 78 0 0
120 78 0 0
119 78 0 0
118 78 0 0
117 78 0 0
116 78 0 0
115 78 0 0
114 78 0 0
113 78 0 0
112 78 0 0
111 78 0 0
110 78 0 0
109 78 0 0
108 78 0 0
107 78 0 0
106 78 0 0
105 78 0 0
104 78 0 0
119 77 0 0
118 77 0 0
117 77 0 0
116 77 0 0
115 77 0 0
114 77 0 0
113 77 0 0
112 77 0 0
111 77 0 0
110 77 0 0
109 77 0 0
108 77 0 0
107 77 0 0
106 77 0 0
105 77 0 0
104 77 0 0
103 77 0 0
102 77 0 0
101 77 0 0
100 77 0 0
99 77 0 0
98 77 0 0
97 77 0 0
96 77 0 0
95 77 0 0
94 77 0 0
93 77 0 0
92 77 0 0
91 77 0 0
90 77 0 0
116 76 0 0
115 76 0 0
114 76 0 0
113 76 0 0
112 76 0 0
111 76 0 0
110 76 0 0
109 76 0 0
108 76 0 0
107 76 0 0
106 76 0 0
105 76 0 0
104 76 0 0
103 76 0 0
102 76 0 0
101 76 0 0
100 76 0 0
99 76 0 0
98 76 0 0
97 76 0 0
96 76 0 0
95 76 0 0
94 76 0 0
93 76 0 0
92 76 0 0
91 76 0 0
90 76 0 0
89 76 0 0
88 76 0 0
87 76 0 0
86 76 0 0
114 75 0 0
113 75 0 0
112 75 0 0
111 75 0 0
110 75 0 0
109 75 0 0
108 75 0 0
107 75 0 0
106 75 0 0
105 75 0 0
104 75 0 0
103 75 0 0
102 75 0 0
101 75 0 0
100 75 0 0
99 75 0 0
98 75 0 0
97 75 0 0
96 75 0 0
95 75 0 0
94 75 0 0
93 75 0 0
92 75 0 0
91 75 0 0
90 75 0 0
89 75 0 0
88 75 0 0
87 75 0 0
86 75 0 0
85 75 0 0
84 75 0 0
83 75 0 0
82 75 0 0
81 75 0 0
80 75 0 0
79 75 0 0
78 75 0 0
77 75 0 0
76 75 0 0
75 75 0 0
74 75 0 0
73 75 0 0
72 75 0 0
71 75 0 0
70 75 0 0
69 75 0 0
68 75 0 0
67 75 0 0
66 75 0 0
65 75 0 0
64 75 0 0
63 75 0 0
62 75 0 0
61 75 0 0
60 75 0 0
59 75 0 0
58 75 0 0
57 75 0 0
56 75 0 0
55 75 0 0
54 75 0 0
53 75 0 0
52 75 0 0
51 75 0 0
50 75 0 0
49 75 0 0
48 75 0 0
47 75 0 0
46 75 0 0
45 75 0 0
44 75 0 0
43 75 0 0
42 75 0 0
41 75 0 0
40 75 0 0
39 75 0 0
38 75 0 0
37 75 0 0
36 75 0 0
35 75 0 0
34 75 0 0
33 75 0 0
32 75 0 0
31 75 0 0
30 75 0 0
29 75 0 0
28 75 0 0
27 75 0 0
26 75 0 0
25 75 0 0
24 75 0 0
23 75 0 0
22 75 0 0
21 75 0 0
109 74 0 0
108 74 0 0
107 74 0 0
106 74 0 0
105 74 0 0
104 74 0 0
103 74 0 0
102 74 0 0
101 74 0 0
100 74 0 0
99 74 0 0
98 74 0 0
97 74 0 0
96 74 0 0
95 74 0 0
94 74 0 0
93 74 0 0
92 74 0 0
91 74 0 0
90 74 0 0
89 74 0 0
88 74 0 0
87 74 0 0
86 74 0 0
85 74 0 0
84 74 0 0
83 74 0 0
82 74 0 0
81 74 0 0
80 74 0 0
79 74 0 0
78 74 0 0
77 74 0 0
76 74 0 0
75 74 0 0
74 74 0 0
73 74 0 0
72 74 0 0
71 74 0 0
70 74 0 0
69 74 0 0
68 74 0 0
67 74 0 0
66 74 0 0
65 74 0 0
64 74 0 0
63 74 0 0
62 74 0 0
61 74 0 0
60 74 0 0
59 74 0 0
58 74 0 0
57 74 0 0
56 74 0 0
55 74 0 0
54 74 0 0
53 74 0 0
52 74 0 0
51 74 0 0
50 74 0 0
49 74 0 0
48 74 0 0
47 74 0 0
46 74 0 0
45 74 0 0
44 74 0 0
43 74 0 0
42 74 0 0
41 74 0 0
40 74 0 0
39 74 0 0
38 74 0 0
37 74 0 0
36 74 0 0
35 74 0 0
34 74 0 0
33 74 0 0
32 74 0 0
31 74 0 0
30 74 0 0
29 74 0 0
28 74 0 0
27 74 0 0
26 74 0 0
25 74 0 0
24 74 0 0
23 74 0 0
22 74 0 0
21 74 0 0
94 73 0 0
93 73 0 0
92 73 0 0
91 73 0 0
90 73 0 0
89 73 0 0
88 73 0 0
87 73 0 0
86 73 0 0
85 73 0 0
84 73 0 0
83 73 0 0
82 73 0 0
81 73 0 0
80 73 0 0
79 73 0 0
78 73 0 0
77 73 0 0
76 73 0 0
75 73 0 0
74 73 0 0
73 73 0 0
72 73 0 0
71 73 0 0
70 73 0 0
69 73 0 0
68 73 0 0
67 73 0 0
66 73 0 0
65 73 0 0
64 73 0 0
63 73 0 0
62 73 0 0
61 73 0 0
60 73 0 0
59 73 0 0
58 73 0 0
57 73 0 0
56 73 0 0
55 73 0 0
54 73 0 0
53 73 0 0
52 73 0 0
51 73 0 0
50 73 0 0
49 73 0 0
48 73 0 0
47 73 0 0
46 73 0 0
45 73 0 0
44 73 0 0
43 73 0 0
42 73 0 0
41 73 0 0
40 73 0 0
39 73 0 0
38 73 0 0
37 73 0 0
36 73 0 0
35 73 0 0
34 73 0 0
33 73 0 0
32 73 0 0
31 73 0 0
30 73 0 0
29 73 0 0
28 73 0 0
27 73 0 0
26 73 0 0
25 73 0 0
24 73 0 0
23 73 0 0
22 73 0 0
21 73 0 0
91 72 0 0
90 72 0 0
89 72 0 0
88 72 0 0
87 72 0 0
86 72 0 0
85 72 0 0
84 72 0 0
83 72 0 0
82 72 0 0
81 72 0 0
80 72 0 0
79 72 0 0
78 72 0 0
77 72 0 0
76 72 0 0
75 72 0 0
74 72 0 0
73 72 0 0
72 72 0 0
71 72 0 0
70 72 0 0
69 72 0 0
68 72 0 0
67 72 0 0
66 72 0 0
65 72 0 0
64 72 0 0
63 72 0 0
62 72 0 0
61 72 0 0
60 72 0 0
59 72 0 0
58 72 0 0
57 72 0 0
56 72 0 0
55 72 0 0
54 72 0 0
53 72 0 0
52 72 0 0
51 72 0 0
50 72 0 0
49 72 0 0
48 72 0 0
47 72 0 0
46 72 0 0
45 72 0 0
44 72 0 0
43 72 0 0
42 72 0 0
41 72 0 0
40 72 0 0
39 72 0 0
38 72 0 0
37 72 0 0
36 72 0 0
35 72 0 0
34 72 0 0
33 72 0 0
32 72 0 0
31 72 0 0
30 72 0 0
29 72 0 0
28 72 0 0
27 72 0 0
26 72 0 0
25 72 0 0
24 72 0 0
23 72 0 0
22 72 0 0
21 72 0 0
