7689 640 480
323 441 0 0
322 441 0 0
321 441 0 0
320 441 0 0
319 441 0 0
318 441 0 0
317 441 0 0
316 441 0 0
315 441 0 0
314 441 0 0
313 441 0 0
312 441 0 0
311 441 0 0
310 441 0 0
309 441 0 0
308 441 0 0
307 441 0 0
306 441 0 0
305 441 0 0
304 441 0 0
303 441 0 0
302 441 0 0
301 441 0 0
300 441 0 0
299 441 0 0
298 441 0 0
297 441 0 0
326 440 0 0
325 440 0 0
324 440 0 0
323 440 0 0
322 440 0 0
321 440 0 0
320 440 0 0
319 440 0 0
318 440 0 0
317 440 0 0
316 440 0 0
315 440 0 0
314 440 0 0
313 440 0 0
312 440 0 0
311 440 0 0
310 440 0 0
309 440 0 0
308 440 0 0
307 440 0 0
306 440 0 0
305 440 0 0
304 440 0 0
303 440 0 0
302 440 0 0
301 440 0 0
300 440 0 0
299 440 0 0
298 440 0 0
297 440 0 0
296 440 0 0
295 440 0 0
294 440 0 0
293 440 0 0
332 439 0 0
331 439 0 0
330 439 0 0
329 439 0 0
328 439 0 0
327 439 0 0
326 439 0 0
325 439 0 0
324 439 0 0
323 439 0 0
322 439 0 0
321 439 0 0
320 439 0 0
319 439 0 0
318 439 0 0
317 439 0 0
316 439 0 0
315 439 0 0
314 439 0 0
313 439 0 0
312 439 0 0
311 439 0 0
310 439 0 0
309 439 0 0
308 439 0 0
307 439 0 0
306 439 0 0
305 439 0 0
304 439 0 0
303 439 0 0
302 439 0 0
301 439 0 0
300 439 0 0
299 439 0 0
298 439 0 0
297 439 0 0
296 439 0 0
295 439 0 0
294 439 0 0
293 439 0 0
292 439 0 0
291 439 0 0
290 439 0 0
289 439 0 0
288 439 0 0
287 439 0 0
286 439 0 0
335 438 0 0
334 438 0 0
333 438 0 0
332 438 0 0
331 438 0 0
330 438 0 0
329 438 0 0
328 438 0 0
327 438 0 0
326 438 0 0
325 438 0 0
324 438 0 0
323 438 0 0
322 438 0 0
321 438 0 0
320 438 0 0
319 438 0 0
318 438 0 0
317 438 0 0
316 438 0 0
315 438 0 0
314 438 0 0
313 438 0 0
312 438 0 0
311 438 0 0
310 438 0 0
309 438 0 0
308 438 0 0
307 438 0 0
306 438 0 0
305 438 0 0
304 438 0 0
303 438 0 0
302 438 0 0
301 438 0 0
300 438 0 0
299 438 0 0
298 438 0 0
297 438 0 0
296 438 0 0
295 438 0 0
294 438 0 0
293 438 0 0
292 438 0 0
291 438 0 0
290 438 0 0
289 438 0 0
288 438 0 0
287 438 0 0
286 438 0 0
285 438 0 0
284 438 0 0
283 438 0 0
282 438 0 0
281 438 0 0
280 438 0 0
279 438 0 0
278 438 0 0
277 438 0 0
276 438 0 0
275 438 0 0
274 438 0 0
363 437 0 0
362 437 0 0
361 437 0 0
360 437 0 0
359 437 0 0
358 437 0 0
357 437 0 0
356 437 0 0
355 437 0 0
354 437 0 0
353 437 0 0
352 437 0 0
351 437 0 0
350 437 0 0
349 437 0 0
348 437 0 0
347 437 0 0
346 437 0 0
345 437 0 0
344 437 0 0
343 437 0 0
342 437 0 0
341 437 0 0
340 437 0 0
339 437 0 0
338 437 0 0
337 437 0 0
336 437 0 0
335 437 0 0
334 437 0 0
333 437 0 0
332 437 0 0
331 437 0 0
330 437 0 0
329 437 0 0
328 437 0 0
327 437 0 0
326 437 0 0
325 437 0 0
324 437 0 0
323 437 0 0
322 437 0 0
321 437 0 0
320 437 0 0
319 437 0 0
301 437 0 0
300 437 0 0
299 437 0 0
298 437 0 0
297 437 0 0
296 437 0 0
295 437 0 0
294 437 0 0
293 437 0 0
292 437 0 0
291 437 0 0
290 437 0 0
289 437 0 0
288 437 0 0
287 437 0 0
286 437 0 0
285 437 0 0
284 437 0 0
283 437 0 0
282 437 0 0
281 437 0 0
280 437 0 0
279 437 0 0
278 437 0 0
277 437 0 0
276 437 0 0
275 437 0 0
274 437 0 0
273 437 0 0
272 437 0 0
271 437 0 0
270 437 0 0
269 437 0 0
363 436 0 0
362 436 0 0
361 436 0 0
360 436 0 0
359 436 0 0
358 436 0 0
357 436 0 0
356 436 0 0
355 436 0 0
354 436 0 0
353 436 0 0
352 436 0 0
351 436 0 0
350 436 0 0
349 436 0 0
348 436 0 0
347 436 0 0
346 436 0 0
345 436 0 0
344 436 0 0
343 436 0 0
342 436 0 0
341 436 0 0
340 436 0 0
339 436 0 0
338 436 0 0
337 436 0 0
336 436 0 0
335 436 0 0
334 436 0 0
333 436 0 0
332 436 0 0
331 436 0 0
330 436 0 0
329 436 0 0
328 436 0 0
327 436 0 0
326 436 0 0
325 436 0 0
324 436 0 0
323 436 0 0
322 436 0 0
296 436 0 0
295 436 0 0
294 436 0 0
293 436 0 0
292 436 0 0
291 436 0 0
290 436 0 0
289 436 0 0
288 436 0 0
287 436 0 0
286 436 0 0
285 436 0 0
284 436 0 0
283 436 0 0
282 436 0 0
281 436 0 0
280 436 0 0
279 436 0 0
278 436 0 0
277 436 0 0
276 436 0 0
275 436 0 0
274 436 0 0
273 436 0 0
272 436 0 0
271 436 0 0
270 436 0 0
269 436 0 0
268 436 0 0
267 436 0 0
266 436 0 0
265 436 0 0
363 435 0 0
362 435 0 0
361 435 0 0
360 435 0 0
359 435 0 0
358 435 0 0
357 435 0 0
356 435 0 0
355 435 0 0
354 435 0 0
353 435 0 0
352 435 0 0
351 435 0 0
350 435 0 0
349 435 0 0
348 435 0 0
347 435 0 0
346 435 0 0
345 435 0 0
344 435 0 0
343 435 0 0
342 435 0 0
341 435 0 0
340 435 0 0
339 435 0 0
338 435 0 0
337 435 0 0
336 435 0 0
335 435 0 0
334 435 0 0
333 435 0 0
332 435 0 0
331 435 0 0
330 435 0 0
329 435 0 0
328 435 0 0
327 435 0 0
290 435 0 0
289 435 0 0
288 435 0 0
287 435 0 0
286 435 0 0
285 435 0 0
284 435 0 0
283 435 0 0
282 435 0 0
281 435 0 0
280 435 0 0
279 435 0 0
278 435 0 0
277 435 0 0
276 435 0 0
275 435 0 0
274 435 0 0
273 435 0 0
272 435 0 0
271 435 0 0
270 435 0 0
269 435 0 0
268 435 0 0
267 435 0 0
266 435 0 0
265 435 0 0
264 435 0 0
263 435 0 0
262 435 0 0
363 434 0 0
362 434 0 0
361 434 0 0
360 434 0 0
359 434 0 0
358 434 0 0
357 434 0 0
356 434 0 0
355 434 0 0
354 434 0 0
353 434 0 0
352 434 0 0
351 434 0 0
350 434 0 0
349 434 0 0
348 434 0 0
347 434 0 0
346 434 0 0
345 434 0 0
344 434 0 0
343 434 0 0
342 434 0 0
341 434 0 0
340 434 0 0
339 434 0 0
338 434 0 0
337 434 0 0
336 434 0 0
335 434 0 0
334 434 0 0
333 434 0 0
332 434 0 0
331 434 0 0
279 434 0 0
278 434 0 0
277 434 0 0
276 434 0 0
275 434 0 0
274 434 0 0
273 434 0 0
272 434 0 0
271 434 0 0
270 434 0 0
269 434 0 0
268 434 0 0
267 434 0 0
266 434 0 0
265 434 0 0
264 434 0 0
263 434 0 0
262 434 0 0
261 434 0 0
260 434 0 0
259 434 0 0
258 434 0 0
274 433 0 0
273 433 0 0
272 433 0 0
271 433 0 0
270 433 0 0
269 433 0 0
268 433 0 0
267 433 0 0
266 433 0 0
265 433 0 0
264 433 0 0
263 433 0 0
262 433 0 0
261 433 0 0
260 433 0 0
259 433 0 0
258 433 0 0
257 433 0 0
256 433 0 0
255 433 0 0
254 433 0 0
253 433 0 0
270 432 0 0
269 432 0 0
268 432 0 0
267 432 0 0
266 432 0 0
265 432 0 0
264 432 0 0
263 432 0 0
262 432 0 0
261 432 0 0
260 432 0 0
259 432 0 0
258 432 0 0
257 432 0 0
256 432 0 0
255 432 0 0
254 432 0 0
253 432 0 0
252 432 0 0
251 432 0 0
250 432 0 0
249 432 0 0
248 432 0 0
247 432 0 0
266 431 0 0
265 431 0 0
264 431 0 0
263 431 0 0
262 431 0 0
261 431 0 0
260 431 0 0
259 431 0 0
258 431 0 0
257 431 0 0
256 431 0 0
255 431 0 0
254 431 0 0
253 431 0 0
252 431 0 0
251 431 0 0
250 431 0 0
249 431 0 0
248 431 0 0
247 431 0 0
246 431 0 0
245 431 0 0
244 431 0 0
243 431 0 0
262 430 0 0
261 430 0 0
260 430 0 0
259 430 0 0
258 430 0 0
257 430 0 0
256 430 0 0
255 430 0 0
254 430 0 0
253 430 0 0
252 430 0 0
251 430 0 0
250 430 0 0
249 430 0 0
248 430 0 0
247 430 0 0
246 430 0 0
245 430 0 0
244 430 0 0
243 430 0 0
242 430 0 0
241 430 0 0
240 430 0 0
239 430 0 0
258 429 0 0
257 429 0 0
256 429 0 0
255 429 0 0
254 429 0 0
253 429 0 0
252 429 0 0
251 429 0 0
250 429 0 0
249 429 0 0
248 429 0 0
247 429 0 0
246 429 0 0
245 429 0 0
244 429 0 0
243 429 0 0
242 429 0 0
241 429 0 0
240 429 0 0
239 429 0 0
238 429 0 0
237 429 0 0
236 429 0 0
235 429 0 0
252 428 0 0
251 428 0 0
250 428 0 0
249 428 0 0
248 428 0 0
247 428 0 0
246 428 0 0
245 428 0 0
244 428 0 0
243 428 0 0
242 428 0 0
241 428 0 0
240 428 0 0
239 428 0 0
238 428 0 0
237 428 0 0
236 428 0 0
235 428 0 0
234 428 0 0
233 428 0 0
232 428 0 0
231 428 0 0
247 427 0 0
246 427 0 0
245 427 0 0
244 427 0 0
243 427 0 0
242 427 0 0
241 427 0 0
240 427 0 0
239 427 0 0
238 427 0 0
237 427 0 0
236 427 0 0
235 427 0 0
234 427 0 0
233 427 0 0
232 427 0 0
231 427 0 0
230 427 0 0
229 427 0 0
228 427 0 0
227 427 0 0
226 427 0 0
225 427 0 0
224 427 0 0
223 427 0 0
222 427 0 0
221 427 0 0
220 427 0 0
219 427 0 0
218 427 0 0
217 427 0 0
216 427 0 0
215 427 0 0
214 427 0 0
213 427 0 0
212 427 0 0
211 427 0 0
210 427 0 0
209 427 0 0
208 427 0 0
207 427 0 0
206 427 0 0
205 427 0 0
204 427 0 0
243 426 0 0
242 426 0 0
241 426 0 0
240 426 0 0
239 426 0 0
238 426 0 0
237 426 0 0
236 426 0 0
235 426 0 0
234 426 0 0
233 426 0 0
232 426 0 0
231 426 0 0
230 426 0 0
229 426 0 0
228 426 0 0
227 426 0 0
226 426 0 0
225 426 0 0
224 426 0 0
223 426 0 0
222 426 0 0
221 426 0 0
220 426 0 0
219 426 0 0
218 426 0 0
217 426 0 0
216 426 0 0
215 426 0 0
214 426 0 0
213 426 0 0
212 426 0 0
211 426 0 0
210 426 0 0
209 426 0 0
208 426 0 0
207 426 0 0
206 426 0 0
205 426 0 0
204 426 0 0
203 426 0 0
202 426 0 0
201 426 0 0
239 425 0 0
238 425 0 0
237 425 0 0
236 425 0 0
235 425 0 0
234 425 0 0
233 425 0 0
232 425 0 0
231 425 0 0
230 425 0 0
229 425 0 0
228 425 0 0
227 425 0 0
226 425 0 0
225 425 0 0
224 425 0 0
223 425 0 0
222 425 0 0
221 425 0 0
220 425 0 0
219 425 0 0
218 425 0 0
217 425 0 0
216 425 0 0
215 425 0 0
214 425 0 0
213 425 0 0
212 425 0 0
211 425 0 0
210 425 0 0
209 425 0 0
208 425 0 0
207 425 0 0
206 425 0 0
205 425 0 0
204 425 0 0
203 425 0 0
202 425 0 0
201 425 0 0
200 425 0 0
199 425 0 0
198 425 0 0
235 424 0 0
234 424 0 0
233 424 0 0
232 424 0 0
231 424 0 0
230 424 0 0
229 424 0 0
228 424 0 0
227 424 0 0
226 424 0 0
225 424 0 0
224 424 0 0
223 424 0 0
222 424 0 0
221 424 0 0
220 424 0 0
219 424 0 0
218 424 0 0
217 424 0 0
216 424 0 0
215 424 0 0
214 424 0 0
213 424 0 0
212 424 0 0
211 424 0 0
210 424 0 0
209 424 0 0
208 424 0 0
207 424 0 0
206 424 0 0
205 424 0 0
204 424 0 0
203 424 0 0
202 424 0 0
201 424 0 0
200 424 0 0
199 424 0 0
198 424 0 0
197 424 0 0
196 424 0 0
195 424 0 0
194 424 0 0
193 424 0 0
192 424 0 0
191 424 0 0
207 423 0 0
206 423 0 0
205 423 0 0
204 423 0 0
203 423 0 0
202 423 0 0
201 423 0 0
200 423 0 0
199 423 0 0
198 423 0 0
197 423 0 0
196 423 0 0
195 423 0 0
194 423 0 0
193 423 0 0
192 423 0 0
191 423 0 0
190 423 0 0
189 423 0 0
188 423 0 0
187 423 0 0
186 423 0 0
185 423 0 0
184 423 0 0
183 423 0 0
182 423 0 0
181 423 0 0
180 423 0 0
179 423 0 0
205 422 0 0
204 422 0 0
203 422 0 0
202 422 0 0
201 422 0 0
200 422 0 0
199 422 0 0
198 422 0 0
197 422 0 0
196 422 0 0
195 422 0 0
194 422 0 0
193 422 0 0
192 422 0 0
191 422 0 0
190 422 0 0
189 422 0 0
188 422 0 0
187 422 0 0
186 422 0 0
185 422 0 0
184 422 0 0
183 422 0 0
182 422 0 0
181 422 0 0
180 422 0 0
179 422 0 0
178 422 0 0
177 422 0 0
176 422 0 0
175 422 0 0
200 421 0 0
199 421 0 0
198 421 0 0
197 421 0 0
196 421 0 0
195 421 0 0
194 421 0 0
193 421 0 0
192 421 0 0
191 421 0 0
190 421 0 0
189 421 0 0
188 421 0 0
187 421 0 0
186 421 0 0
185 421 0 0
184 421 0 0
183 421 0 0
182 421 0 0
181 421 0 0
180 421 0 0
179 421 0 0
178 421 0 0
177 421 0 0
176 421 0 0
175 421 0 0
174 421 0 0
173 421 0 0
172 421 0 0
171 421 0 0
196 420 0 0
195 420 0 0
194 420 0 0
193 420 0 0
192 420 0 0
191 420 0 0
190 420 0 0
189 420 0 0
188 420 0 0
187 420 0 0
186 420 0 0
185 420 0 0
184 420 0 0
183 420 0 0
182 420 0 0
181 420 0 0
180 420 0 0
179 420 0 0
178 420 0 0
177 420 0 0
176 420 0 0
175 420 0 0
174 420 0 0
173 420 0 0
172 420 0 0
171 420 0 0
170 420 0 0
169 420 0 0
168 420 0 0
186 419 0 0
185 419 0 0
184 419 0 0
183 419 0 0
182 419 0 0
181 419 0 0
180 419 0 0
179 419 0 0
178 419 0 0
177 419 0 0
176 419 0 0
175 419 0 0
174 419 0 0
173 419 0 0
172 419 0 0
171 419 0 0
170 419 0 0
169 419 0 0
168 419 0 0
167 419 0 0
166 419 0 0
165 419 0 0
164 419 0 0
163 419 0 0
162 419 0 0
161 419 0 0
179 418 0 0
178 418 0 0
177 418 0 0
176 418 0 0
175 418 0 0
174 418 0 0
173 418 0 0
172 418 0 0
171 418 0 0
170 418 0 0
169 418 0 0
168 418 0 0
167 418 0 0
166 418 0 0
165 418 0 0
164 418 0 0
163 418 0 0
162 418 0 0
161 418 0 0
160 418 0 0
159 418 0 0
158 418 0 0
157 418 0 0
156 418 0 0
175 417 0 0
174 417 0 0
173 417 0 0
172 417 0 0
171 417 0 0
170 417 0 0
169 417 0 0
168 417 0 0
167 417 0 0
166 417 0 0
165 417 0 0
164 417 0 0
163 417 0 0
162 417 0 0
161 417 0 0
160 417 0 0
159 417 0 0
158 417 0 0
157 417 0 0
156 417 0 0
155 417 0 0
154 417 0 0
153 417 0 0
152 417 0 0
172 416 0 0
171 416 0 0
170 416 0 0
169 416 0 0
168 416 0 0
167 416 0 0
166 416 0 0
165 416 0 0
164 416 0 0
163 416 0 0
162 416 0 0
161 416 0 0
160 416 0 0
159 416 0 0
158 416 0 0
157 416 0 0
156 416 0 0
155 416 0 0
154 416 0 0
153 416 0 0
152 416 0 0
151 416 0 0
150 416 0 0
149 416 0 0
168 415 0 0
167 415 0 0
166 415 0 0
165 415 0 0
164 415 0 0
163 415 0 0
162 415 0 0
161 415 0 0
160 415 0 0
159 415 0 0
158 415 0 0
157 415 0 0
156 415 0 0
155 415 0 0
154 415 0 0
153 415 0 0
152 415 0 0
151 415 0 0
150 415 0 0
149 415 0 0
148 415 0 0
147 415 0 0
146 415 0 0
145 415 0 0
161 414 0 0
160 414 0 0
159 414 0 0
158 414 0 0
157 414 0 0
156 414 0 0
155 414 0 0
154 414 0 0
153 414 0 0
152 414 0 0
151 414 0 0
150 414 0 0
149 414 0 0
148 414 0 0
147 414 0 0
146 414 0 0
145 414 0 0
144 414 0 0
143 414 0 0
157 413 0 0
156 413 0 0
155 413 0 0
154 413 0 0
153 413 0 0
152 413 0 0
151 413 0 0
150 413 0 0
149 413 0 0
148 413 0 0
147 413 0 0
146 413 0 0
145 413 0 0
144 413 0 0
143 413 0 0
142 413 0 0
141 413 0 0
153 412 0 0
152 412 0 0
151 412 0 0
150 412 0 0
149 412 0 0
148 412 0 0
147 412 0 0
146 412 0 0
145 412 0 0
144 412 0 0
143 412 0 0
142 412 0 0
141 412 0 0
140 412 0 0
139 412 0 0
149 411 0 0
148 411 0 0
147 411 0 0
146 411 0 0
145 411 0 0
144 411 0 0
143 411 0 0
142 411 0 0
141 411 0 0
140 411 0 0
139 411 0 0
138 411 0 0
137 411 0 0
146 410 0 0
145 410 0 0
144 410 0 0
143 410 0 0
142 410 0 0
141 410 0 0
140 410 0 0
139 410 0 0
138 410 0 0
137 410 0 0
136 410 0 0
135 410 0 0
144 409 0 0
143 409 0 0
142 409 0 0
141 409 0 0
140 409 0 0
139 409 0 0
138 409 0 0
137 409 0 0
136 409 0 0
135 409 0 0
134 409 0 0
142 408 0 0
141 408 0 0
140 408 0 0
139 408 0 0
138 408 0 0
137 408 0 0
136 408 0 0
135 408 0 0
134 408 0 0
133 408 0 0
132 408 0 0
140 407 0 0
139 407 0 0
138 407 0 0
137 407 0 0
136 407 0 0
135 407 0 0
134 407 0 0
133 407 0 0
132 407 0 0
131 407 0 0
130 407 0 0
138 406 0 0
137 406 0 0
136 406 0 0
135 406 0 0
134 406 0 0
133 406 0 0
132 406 0 0
131 406 0 0
130 406 0 0
129 406 0 0
136 405 0 0
135 405 0 0
134 405 0 0
133 405 0 0
132 405 0 0
131 405 0 0
130 405 0 0
129 405 0 0
128 405 0 0
127 405 0 0
134 404 0 0
133 404 0 0
132 404 0 0
131 404 0 0
130 404 0 0
129 404 0 0
128 404 0 0
127 404 0 0
126 404 0 0
133 403 0 0
132 403 0 0
131 403 0 0
130 403 0 0
129 403 0 0
128 403 0 0
127 403 0 0
126 403 0 0
125 403 0 0
265 402 0 1
264 402 0 1
263 402 0 1
262 402 0 1
261 402 0 1
260 402 0 1
259 402 0 1
258 402 0 1
257 402 0 1
256 402 0 1
255 402 0 1
254 402 0 1
253 402 0 1
252 402 0 1
251 402 0 1
250 402 0 1
249 402 0 1
248 402 0 1
247 402 0 1
246 402 0 1
245 402 0 1
244 402 0 1
243 402 0 1
242 402 0 1
241 402 0 1
240 402 0 1
131 402 0 0
130 402 0 0
129 402 0 0
128 402 0 0
127 402 0 0
126 402 0 0
125 402 0 0
124 402 0 0
123 402 0 0
269 401 0 1
268 401 0 1
267 401 0 1
266 401 0 1
265 401 0 1
264 401 0 1
263 401 0 1
262 401 0 1
261 401 0 1
260 401 0 1
259 401 0 1
258 401 0 1
257 401 0 1
256 401 0 1
255 401 0 1
254 401 0 1
253 401 0 1
252 401 0 1
251 401 0 1
250 401 0 1
249 401 0 1
248 401 0 1
247 401 0 1
246 401 0 1
245 401 0 1
244 401 0 1
243 401 0 1
242 401 0 1
241 401 0 1
240 401 0 1
239 401 0 1
238 401 0 1
237 401 0 1
236 401 0 1
235 401 0 1
234 401 0 1
233 401 0 1
232 401 0 1
231 401 0 1
130 401 0 0
129 401 0 0
128 401 0 0
127 401 0 0
126 401 0 0
125 401 0 0
124 401 0 0
123 401 0 0
122 401 0 0
273 400 0 1
272 400 0 1
271 400 0 1
270 400 0 1
269 400 0 1
268 400 0 1
267 400 0 1
266 400 0 1
265 400 0 1
264 400 0 1
263 400 0 1
262 400 0 1
261 400 0 1
260 400 0 1
259 400 0 1
258 400 0 1
257 400 0 1
256 400 0 1
255 400 0 1
254 400 0 1
253 400 0 1
252 400 0 1
251 400 0 1
250 400 0 1
249 400 0 1
248 400 0 1
247 400 0 1
246 400 0 1
245 400 0 1
244 400 0 1
243 400 0 1
242 400 0 1
241 400 0 1
240 400 0 1
239 400 0 1
238 400 0 1
237 400 0 1
236 400 0 1
235 400 0 1
234 400 0 1
233 400 0 1
232 400 0 1
231 400 0 1
230 400 0 1
229 400 0 1
228 400 0 1
227 400 0 1
226 400 0 1
225 400 0 1
224 400 0 1
223 400 0 1
128 400 0 0
127 400 0 0
126 400 0 0
125 400 0 0
124 400 0 0
123 400 0 0
122 400 0 0
121 400 0 0
276 399 0 1
275 399 0 1
274 399 0 1
273 399 0 1
272 399 0 1
271 399 0 1
270 399 0 1
269 399 0 1
268 399 0 1
267 399 0 1
266 399 0 1
265 399 0 1
264 399 0 1
263 399 0 1
262 399 0 1
261 399 0 1
260 399 0 1
259 399 0 1
258 399 0 1
257 399 0 1
256 399 0 1
255 399 0 1
254 399 0 1
253 399 0 1
252 399 0 1
251 399 0 1
250 399 0 1
249 399 0 1
248 399 0 1
247 399 0 1
246 399 0 1
245 399 0 1
244 399 0 1
243 399 0 1
242 399 0 1
241 399 0 1
240 399 0 1
239 399 0 1
238 399 0 1
237 399 0 1
236 399 0 1
235 399 0 1
234 399 0 1
233 399 0 1
232 399 0 1
231 399 0 1
230 399 0 1
229 399 0 1
228 399 0 1
227 399 0 1
226 399 0 1
225 399 0 1
224 399 0 1
223 399 0 1
222 399 0 1
221 399 0 1
220 399 0 1
219 399 0 1
218 399 0 1
127 399 0 0
126 399 0 0
125 399 0 0
124 399 0 0
123 399 0 0
122 399 0 0
121 399 0 0
120 399 0 0
279 398 0 1
278 398 0 1
277 398 0 1
276 398 0 1
275 398 0 1
274 398 0 1
273 398 0 1
272 398 0 1
271 398 0 1
270 398 0 1
269 398 0 1
268 398 0 1
267 398 0 1
266 398 0 1
265 398 0 1
264 398 0 1
263 398 0 1
262 398 0 1
261 398 0 1
260 398 0 1
259 398 0 1
258 398 0 1
249 398 0 1
248 398 0 1
247 398 0 1
246 398 0 1
245 398 0 1
244 398 0 1
243 398 0 1
242 398 0 1
241 398 0 1
240 398 0 1
239 398 0 1
238 398 0 1
237 398 0 1
236 398 0 1
235 398 0 1
234 398 0 1
233 398 0 1
232 398 0 1
231 398 0 1
230 398 0 1
229 398 0 1
228 398 0 1
227 398 0 1
226 398 0 1
225 398 0 1
224 398 0 1
223 398 0 1
222 398 0 1
221 398 0 1
220 398 0 1
219 398 0 1
218 398 0 1
217 398 0 1
216 398 0 1
215 398 0 1
214 398 0 1
213 398 0 1
126 398 0 0
125 398 0 0
124 398 0 0
123 398 0 0
122 398 0 0
121 398 0 0
120 398 0 0
119 398 0 0
118 398 0 0
285 397 0 1
284 397 0 1
283 397 0 1
282 397 0 1
281 397 0 1
280 397 0 1
279 397 0 1
278 397 0 1
277 397 0 1
276 397 0 1
275 397 0 1
274 397 0 1
273 397 0 1
272 397 0 1
271 397 0 1
270 397 0 1
269 397 0 1
268 397 0 1
267 397 0 1
266 397 0 1
265 397 0 1
239 397 0 1
238 397 0 1
237 397 0 1
236 397 0 1
235 397 0 1
234 397 0 1
233 397 0 1
232 397 0 1
231 397 0 1
230 397 0 1
229 397 0 1
228 397 0 1
227 397 0 1
226 397 0 1
225 397 0 1
224 397 0 1
223 397 0 1
222 397 0 1
221 397 0 1
220 397 0 1
219 397 0 1
218 397 0 1
217 397 0 1
216 397 0 1
215 397 0 1
214 397 0 1
213 397 0 1
212 397 0 1
211 397 0 1
210 397 0 1
209 397 0 1
124 397 0 0
123 397 0 0
122 397 0 0
121 397 0 0
120 397 0 0
119 397 0 0
118 397 0 0
117 397 0 0
287 396 0 1
286 396 0 1
285 396 0 1
284 396 0 1
283 396 0 1
282 396 0 1
281 396 0 1
280 396 0 1
279 396 0 1
278 396 0 1
277 396 0 1
276 396 0 1
275 396 0 1
274 396 0 1
273 396 0 1
272 396 0 1
271 396 0 1
270 396 0 1
269 396 0 1
231 396 0 1
230 396 0 1
229 396 0 1
228 396 0 1
227 396 0 1
226 396 0 1
225 396 0 1
224 396 0 1
223 396 0 1
222 396 0 1
221 396 0 1
220 396 0 1
219 396 0 1
218 396 0 1
217 396 0 1
216 396 0 1
215 396 0 1
214 396 0 1
213 396 0 1
212 396 0 1
211 396 0 1
210 396 0 1
209 396 0 1
208 396 0 1
207 396 0 1
206 396 0 1
205 396 0 1
204 396 0 1
123 396 0 0
122 396 0 0
121 396 0 0
120 396 0 0
119 396 0 0
118 396 0 0
117 396 0 0
116 396 0 0
289 395 0 1
288 395 0 1
287 395 0 1
286 395 0 1
285 395 0 1
284 395 0 1
283 395 0 1
282 395 0 1
281 395 0 1
280 395 0 1
279 395 0 1
278 395 0 1
277 395 0 1
276 395 0 1
275 395 0 1
274 395 0 1
273 395 0 1
272 395 0 1
223 395 0 1
222 395 0 1
221 395 0 1
220 395 0 1
219 395 0 1
218 395 0 1
217 395 0 1
216 395 0 1
215 395 0 1
214 395 0 1
213 395 0 1
212 395 0 1
211 395 0 1
210 395 0 1
209 395 0 1
208 395 0 1
207 395 0 1
206 395 0 1
205 395 0 1
204 395 0 1
203 395 0 1
202 395 0 1
201 395 0 1
122 395 0 0
121 395 0 0
120 395 0 0
119 395 0 0
118 395 0 0
117 395 0 0
116 395 0 0
115 395 0 0
291 394 0 1
290 394 0 1
289 394 0 1
288 394 0 1
287 394 0 1
286 394 0 1
285 394 0 1
284 394 0 1
283 394 0 1
282 394 0 1
281 394 0 1
280 394 0 1
279 394 0 1
278 394 0 1
277 394 0 1
276 394 0 1
275 394 0 1
218 394 0 1
217 394 0 1
216 394 0 1
215 394 0 1
214 394 0 1
213 394 0 1
212 394 0 1
211 394 0 1
210 394 0 1
209 394 0 1
208 394 0 1
207 394 0 1
206 394 0 1
205 394 0 1
204 394 0 1
203 394 0 1
202 394 0 1
201 394 0 1
200 394 0 1
199 394 0 1
198 394 0 1
121 394 0 0
120 394 0 0
119 394 0 0
118 394 0 0
117 394 0 0
116 394 0 0
115 394 0 0
114 394 0 0
113 394 0 0
292 393 0 1
291 393 0 1
290 393 0 1
289 393 0 1
288 393 0 1
287 393 0 1
286 393 0 1
285 393 0 1
284 393 0 1
283 393 0 1
214 393 0 1
213 393 0 1
212 393 0 1
211 393 0 1
210 393 0 1
209 393 0 1
208 393 0 1
207 393 0 1
206 393 0 1
205 393 0 1
204 393 0 1
203 393 0 1
202 393 0 1
201 393 0 1
200 393 0 1
199 393 0 1
198 393 0 1
197 393 0 1
196 393 0 1
195 393 0 1
120 393 0 0
119 393 0 0
118 393 0 0
117 393 0 0
116 393 0 0
115 393 0 0
114 393 0 0
113 393 0 0
112 393 0 0
294 392 0 1
293 392 0 1
292 392 0 1
291 392 0 1
290 392 0 1
289 392 0 1
288 392 0 1
287 392 0 1
286 392 0 1
285 392 0 1
284 392 0 1
209 392 0 1
208 392 0 1
207 392 0 1
206 392 0 1
205 392 0 1
204 392 0 1
203 392 0 1
202 392 0 1
201 392 0 1
200 392 0 1
199 392 0 1
198 392 0 1
197 392 0 1
196 392 0 1
195 392 0 1
194 392 0 1
193 392 0 1
192 392 0 1
191 392 0 1
118 392 0 0
117 392 0 0
116 392 0 0
115 392 0 0
114 392 0 0
113 392 0 0
112 392 0 0
111 392 0 0
110 392 0 0
295 391 0 1
294 391 0 1
293 391 0 1
292 391 0 1
291 391 0 1
290 391 0 1
289 391 0 1
288 391 0 1
287 391 0 1
286 391 0 1
205 391 0 1
204 391 0 1
203 391 0 1
202 391 0 1
201 391 0 1
200 391 0 1
199 391 0 1
198 391 0 1
197 391 0 1
196 391 0 1
195 391 0 1
194 391 0 1
193 391 0 1
192 391 0 1
191 391 0 1
190 391 0 1
189 391 0 1
117 391 0 0
116 391 0 0
115 391 0 0
114 391 0 0
113 391 0 0
112 391 0 0
111 391 0 0
110 391 0 0
109 391 0 0
297 390 0 1
296 390 0 1
295 390 0 1
294 390 0 1
293 390 0 1
292 390 0 1
291 390 0 1
290 390 0 1
289 390 0 1
288 390 0 1
201 390 0 1
200 390 0 1
199 390 0 1
198 390 0 1
197 390 0 1
196 390 0 1
195 390 0 1
194 390 0 1
193 390 0 1
192 390 0 1
191 390 0 1
190 390 0 1
189 390 0 1
188 390 0 1
116 390 0 0
115 390 0 0
114 390 0 0
113 390 0 0
112 390 0 0
111 390 0 0
110 390 0 0
109 390 0 0
108 390 0 0
107 390 0 0
299 389 0 1
298 389 0 1
297 389 0 1
296 389 0 1
295 389 0 1
294 389 0 1
293 389 0 1
292 389 0 1
291 389 0 1
290 389 0 1
198 389 0 1
197 389 0 1
196 389 0 1
195 389 0 1
194 389 0 1
193 389 0 1
192 389 0 1
191 389 0 1
190 389 0 1
189 389 0 1
188 389 0 1
187 389 0 1
186 389 0 1
114 389 0 0
113 389 0 0
112 389 0 0
111 389 0 0
110 389 0 0
109 389 0 0
108 389 0 0
107 389 0 0
106 389 0 0
105 389 0 0
302 388 0 1
301 388 0 1
300 388 0 1
299 388 0 1
298 388 0 1
297 388 0 1
296 388 0 1
295 388 0 1
294 388 0 1
293 388 0 1
292 388 0 1
195 388 0 1
194 388 0 1
193 388 0 1
192 388 0 1
191 388 0 1
190 388 0 1
189 388 0 1
188 388 0 1
187 388 0 1
186 388 0 1
185 388 0 1
184 388 0 1
113 388 0 0
112 388 0 0
111 388 0 0
110 388 0 0
109 388 0 0
108 388 0 0
107 388 0 0
106 388 0 0
105 388 0 0
104 388 0 0
305 387 0 1
304 387 0 1
303 387 0 1
302 387 0 1
301 387 0 1
300 387 0 1
299 387 0 1
298 387 0 1
297 387 0 1
296 387 0 1
295 387 0 1
294 387 0 1
293 387 0 1
192 387 0 1
191 387 0 1
190 387 0 1
189 387 0 1
188 387 0 1
187 387 0 1
186 387 0 1
185 387 0 1
184 387 0 1
183 387 0 1
111 387 0 0
110 387 0 0
109 387 0 0
108 387 0 0
107 387 0 0
106 387 0 0
105 387 0 0
104 387 0 0
103 387 0 0
102 387 0 0
308 386 0 1
307 386 0 1
306 386 0 1
305 386 0 1
304 386 0 1
303 386 0 1
302 386 0 1
301 386 0 1
300 386 0 1
299 386 0 1
298 386 0 1
297 386 0 1
296 386 0 1
295 386 0 1
190 386 0 1
189 386 0 1
188 386 0 1
187 386 0 1
186 386 0 1
185 386 0 1
184 386 0 1
183 386 0 1
182 386 0 1
181 386 0 1
110 386 0 0
109 386 0 0
108 386 0 0
107 386 0 0
106 386 0 0
105 386 0 0
104 386 0 0
103 386 0 0
102 386 0 0
101 386 0 0
311 385 0 1
310 385 0 1
309 385 0 1
308 385 0 1
307 385 0 1
306 385 0 1
305 385 0 1
304 385 0 1
303 385 0 1
302 385 0 1
301 385 0 1
300 385 0 1
299 385 0 1
298 385 0 1
297 385 0 1
296 385 0 1
188 385 0 1
187 385 0 1
186 385 0 1
185 385 0 1
184 385 0 1
183 385 0 1
182 385 0 1
181 385 0 1
180 385 0 1
179 385 0 1
108 385 0 0
107 385 0 0
106 385 0 0
105 385 0 0
104 385 0 0
103 385 0 0
102 385 0 0
101 385 0 0
100 385 0 0
99 385 0 0
314 384 0 1
313 384 0 1
312 384 0 1
311 384 0 1
310 384 0 1
309 384 0 1
308 384 0 1
307 384 0 1
306 384 0 1
305 384 0 1
304 384 0 1
303 384 0 1
302 384 0 1
301 384 0 1
300 384 0 1
299 384 0 1
187 384 0 1
186 384 0 1
185 384 0 1
184 384 0 1
183 384 0 1
182 384 0 1
181 384 0 1
180 384 0 1
179 384 0 1
178 384 0 1
177 384 0 1
106 384 0 0
105 384 0 0
104 384 0 0
103 384 0 0
102 384 0 0
101 384 0 0
100 384 0 0
99 384 0 0
98 384 0 0
97 384 0 0
317 383 0 1
316 383 0 1
315 383 0 1
314 383 0 1
313 383 0 1
312 383 0 1
311 383 0 1
310 383 0 1
309 383 0 1
308 383 0 1
307 383 0 1
306 383 0 1
305 383 0 1
304 383 0 1
303 383 0 1
302 383 0 1
185 383 0 1
184 383 0 1
183 383 0 1
182 383 0 1
181 383 0 1
180 383 0 1
179 383 0 1
178 383 0 1
177 383 0 1
176 383 0 1
175 383 0 1
174 383 0 1
105 383 0 0
104 383 0 0
103 383 0 0
102 383 0 0
101 383 0 0
100 383 0 0
99 383 0 0
98 383 0 0
97 383 0 0
96 383 0 0
95 383 0 0
320 382 0 1
319 382 0 1
318 382 0 1
317 382 0 1
316 382 0 1
315 382 0 1
314 382 0 1
313 382 0 1
312 382 0 1
311 382 0 1
310 382 0 1
309 382 0 1
308 382 0 1
307 382 0 1
306 382 0 1
305 382 0 1
183 382 0 1
182 382 0 1
181 382 0 1
180 382 0 1
179 382 0 1
178 382 0 1
177 382 0 1
176 382 0 1
175 382 0 1
174 382 0 1
173 382 0 1
103 382 0 0
102 382 0 0
101 382 0 0
100 382 0 0
99 382 0 0
98 382 0 0
97 382 0 0
96 382 0 0
95 382 0 0
94 382 0 0
93 382 0 0
323 381 0 1
322 381 0 1
321 381 0 1
320 381 0 1
319 381 0 1
318 381 0 1
317 381 0 1
316 381 0 1
315 381 0 1
314 381 0 1
313 381 0 1
312 381 0 1
311 381 0 1
310 381 0 1
309 381 0 1
308 381 0 1
307 381 0 1
182 381 0 1
181 381 0 1
180 381 0 1
179 381 0 1
178 381 0 1
177 381 0 1
176 381 0 1
175 381 0 1
174 381 0 1
173 381 0 1
172 381 0 1
171 381 0 1
102 381 0 0
101 381 0 0
100 381 0 0
99 381 0 0
98 381 0 0
97 381 0 0
96 381 0 0
95 381 0 0
94 381 0 0
93 381 0 0
92 381 0 0
91 381 0 0
326 380 0 1
325 380 0 1
324 380 0 1
323 380 0 1
322 380 0 1
321 380 0 1
320 380 0 1
319 380 0 1
318 380 0 1
317 380 0 1
316 380 0 1
315 380 0 1
314 380 0 1
313 380 0 1
312 380 0 1
311 380 0 1
310 380 0 1
180 380 0 1
179 380 0 1
178 380 0 1
177 380 0 1
176 380 0 1
175 380 0 1
174 380 0 1
173 380 0 1
172 380 0 1
171 380 0 1
170 380 0 1
100 380 0 0
99 380 0 0
98 380 0 0
97 380 0 0
96 380 0 0
95 380 0 0
94 380 0 0
93 380 0 0
92 380 0 0
91 380 0 0
90 380 0 0
329 379 0 1
328 379 0 1
327 379 0 1
326 379 0 1
325 379 0 1
324 379 0 1
323 379 0 1
322 379 0 1
321 379 0 1
320 379 0 1
319 379 0 1
318 379 0 1
317 379 0 1
316 379 0 1
315 379 0 1
314 379 0 1
313 379 0 1
177 379 0 1
176 379 0 1
175 379 0 1
174 379 0 1
173 379 0 1
172 379 0 1
171 379 0 1
170 379 0 1
169 379 0 1
168 379 0 1
98 379 0 0
97 379 0 0
96 379 0 0
95 379 0 0
94 379 0 0
93 379 0 0
92 379 0 0
91 379 0 0
90 379 0 0
89 379 0 0
88 379 0 0
334 378 0 1
333 378 0 1
332 378 0 1
331 378 0 1
330 378 0 1
329 378 0 1
328 378 0 1
327 378 0 1
326 378 0 1
325 378 0 1
324 378 0 1
323 378 0 1
322 378 0 1
321 378 0 1
320 378 0 1
319 378 0 1
318 378 0 1
317 378 0 1
316 378 0 1
175 378 0 1
174 378 0 1
173 378 0 1
172 378 0 1
171 378 0 1
170 378 0 1
169 378 0 1
168 378 0 1
167 378 0 1
96 378 0 0
95 378 0 0
94 378 0 0
93 378 0 0
92 378 0 0
91 378 0 0
90 378 0 0
89 378 0 0
88 378 0 0
87 378 0 0
340 377 0 1
339 377 0 1
338 377 0 1
337 377 0 1
336 377 0 1
335 377 0 1
334 377 0 1
333 377 0 1
332 377 0 1
331 377 0 1
330 377 0 1
329 377 0 1
328 377 0 1
327 377 0 1
326 377 0 1
325 377 0 1
324 377 0 1
323 377 0 1
322 377 0 1
321 377 0 1
320 377 0 1
319 377 0 1
174 377 0 1
173 377 0 1
172 377 0 1
171 377 0 1
170 377 0 1
169 377 0 1
168 377 0 1
167 377 0 1
166 377 0 1
165 377 0 1
94 377 0 0
93 377 0 0
92 377 0 0
91 377 0 0
90 377 0 0
89 377 0 0
88 377 0 0
87 377 0 0
86 377 0 0
85 377 0 0
345 376 0 1
344 376 0 1
343 376 0 1
342 376 0 1
341 376 0 1
340 376 0 1
339 376 0 1
338 376 0 1
337 376 0 1
336 376 0 1
335 376 0 1
334 376 0 1
333 376 0 1
332 376 0 1
331 376 0 1
330 376 0 1
329 376 0 1
328 376 0 1
327 376 0 1
326 376 0 1
325 376 0 1
324 376 0 1
323 376 0 1
322 376 0 1
172 376 0 1
171 376 0 1
170 376 0 1
169 376 0 1
168 376 0 1
167 376 0 1
166 376 0 1
165 376 0 1
164 376 0 1
92 376 0 0
91 376 0 0
90 376 0 0
89 376 0 0
88 376 0 0
87 376 0 0
86 376 0 0
85 376 0 0
84 376 0 0
349 375 0 1
348 375 0 1
347 375 0 1
346 375 0 1
345 375 0 1
344 375 0 1
343 375 0 1
342 375 0 1
341 375 0 1
340 375 0 1
339 375 0 1
338 375 0 1
337 375 0 1
336 375 0 1
335 375 0 1
334 375 0 1
333 375 0 1
332 375 0 1
331 375 0 1
330 375 0 1
329 375 0 1
328 375 0 1
327 375 0 1
326 375 0 1
325 375 0 1
171 375 0 1
170 375 0 1
169 375 0 1
168 375 0 1
167 375 0 1
166 375 0 1
165 375 0 1
164 375 0 1
163 375 0 1
162 375 0 1
90 375 0 0
89 375 0 0
88 375 0 0
87 375 0 0
86 375 0 0
85 375 0 0
84 375 0 0
83 375 0 0
82 375 0 0
353 374 0 1
352 374 0 1
351 374 0 1
350 374 0 1
349 374 0 1
348 374 0 1
347 374 0 1
346 374 0 1
345 374 0 1
344 374 0 1
343 374 0 1
342 374 0 1
341 374 0 1
340 374 0 1
339 374 0 1
338 374 0 1
337 374 0 1
336 374 0 1
335 374 0 1
334 374 0 1
333 374 0 1
332 374 0 1
331 374 0 1
330 374 0 1
329 374 0 1
169 374 0 1
168 374 0 1
167 374 0 1
166 374 0 1
165 374 0 1
164 374 0 1
163 374 0 1
162 374 0 1
161 374 0 1
89 374 0 0
88 374 0 0
87 374 0 0
86 374 0 0
85 374 0 0
84 374 0 0
83 374 0 0
82 374 0 0
81 374 0 0
80 374 0 0
357 373 0 1
356 373 0 1
355 373 0 1
354 373 0 1
353 373 0 1
352 373 0 1
351 373 0 1
350 373 0 1
349 373 0 1
348 373 0 1
347 373 0 1
346 373 0 1
345 373 0 1
344 373 0 1
343 373 0 1
342 373 0 1
341 373 0 1
340 373 0 1
339 373 0 1
338 373 0 1
337 373 0 1
336 373 0 1
335 373 0 1
334 373 0 1
168 373 0 1
167 373 0 1
166 373 0 1
165 373 0 1
164 373 0 1
163 373 0 1
162 373 0 1
161 373 0 1
160 373 0 1
159 373 0 1
87 373 0 0
86 373 0 0
85 373 0 0
84 373 0 0
83 373 0 0
82 373 0 0
81 373 0 0
80 373 0 0
79 373 0 0
361 372 0 1
360 372 0 1
359 372 0 1
358 372 0 1
357 372 0 1
356 372 0 1
355 372 0 1
354 372 0 1
353 372 0 1
352 372 0 1
351 372 0 1
350 372 0 1
349 372 0 1
348 372 0 1
347 372 0 1
346 372 0 1
345 372 0 1
344 372 0 1
343 372 0 1
342 372 0 1
341 372 0 1
340 372 0 1
166 372 0 1
165 372 0 1
164 372 0 1
163 372 0 1
162 372 0 1
161 372 0 1
160 372 0 1
159 372 0 1
158 372 0 1
86 372 0 0
85 372 0 0
84 372 0 0
83 372 0 0
82 372 0 0
81 372 0 0
80 372 0 0
79 372 0 0
78 372 0 0
77 372 0 0
364 371 0 1
363 371 0 1
362 371 0 1
361 371 0 1
360 371 0 1
359 371 0 1
358 371 0 1
357 371 0 1
356 371 0 1
355 371 0 1
354 371 0 1
353 371 0 1
352 371 0 1
351 371 0 1
350 371 0 1
349 371 0 1
348 371 0 1
347 371 0 1
346 371 0 1
345 371 0 1
165 371 0 1
164 371 0 1
163 371 0 1
162 371 0 1
161 371 0 1
160 371 0 1
159 371 0 1
158 371 0 1
157 371 0 1
156 371 0 1
84 371 0 0
83 371 0 0
82 371 0 0
81 371 0 0
80 371 0 0
79 371 0 0
78 371 0 0
77 371 0 0
76 371 0 0
75 371 0 0
367 370 0 1
366 370 0 1
365 370 0 1
364 370 0 1
363 370 0 1
362 370 0 1
361 370 0 1
360 370 0 1
359 370 0 1
358 370 0 1
357 370 0 1
356 370 0 1
355 370 0 1
354 370 0 1
353 370 0 1
352 370 0 1
351 370 0 1
350 370 0 1
349 370 0 1
163 370 0 1
162 370 0 1
161 370 0 1
160 370 0 1
159 370 0 1
158 370 0 1
157 370 0 1
156 370 0 1
155 370 0 1
83 370 0 0
82 370 0 0
81 370 0 0
80 370 0 0
79 370 0 0
78 370 0 0
77 370 0 0
76 370 0 0
75 370 0 0
74 370 0 0
370 369 0 1
369 369 0 1
368 369 0 1
367 369 0 1
366 369 0 1
365 369 0 1
364 369 0 1
363 369 0 1
362 369 0 1
361 369 0 1
360 369 0 1
359 369 0 1
358 369 0 1
357 369 0 1
356 369 0 1
355 369 0 1
354 369 0 1
353 369 0 1
162 369 0 1
161 369 0 1
160 369 0 1
159 369 0 1
158 369 0 1
157 369 0 1
156 369 0 1
155 369 0 1
154 369 0 1
153 369 0 1
81 369 0 0
80 369 0 0
79 369 0 0
78 369 0 0
77 369 0 0
76 369 0 0
75 369 0 0
74 369 0 0
73 369 0 0
72 369 0 0
568 368 0 0
567 368 0 0
566 368 0 0
565 368 0 0
373 368 0 1
372 368 0 1
371 368 0 1
370 368 0 1
369 368 0 1
368 368 0 1
367 368 0 1
366 368 0 1
365 368 0 1
364 368 0 1
363 368 0 1
362 368 0 1
361 368 0 1
360 368 0 1
359 368 0 1
358 368 0 1
357 368 0 1
160 368 0 1
159 368 0 1
158 368 0 1
157 368 0 1
156 368 0 1
155 368 0 1
154 368 0 1
153 368 0 1
152 368 0 1
80 368 0 0
79 368 0 0
78 368 0 0
77 368 0 0
76 368 0 0
75 368 0 0
74 368 0 0
73 368 0 0
72 368 0 0
71 368 0 0
70 368 0 0
568 367 0 0
567 367 0 0
566 367 0 0
565 367 0 0
375 367 0 1
374 367 0 1
373 367 0 1
372 367 0 1
371 367 0 1
370 367 0 1
369 367 0 1
368 367 0 1
367 367 0 1
366 367 0 1
365 367 0 1
364 367 0 1
363 367 0 1
362 367 0 1
361 367 0 1
360 367 0 1
159 367 0 1
158 367 0 1
157 367 0 1
156 367 0 1
155 367 0 1
154 367 0 1
153 367 0 1
152 367 0 1
151 367 0 1
150 367 0 1
78 367 0 0
77 367 0 0
76 367 0 0
75 367 0 0
74 367 0 0
73 367 0 0
72 367 0 0
71 367 0 0
70 367 0 0
69 367 0 0
68 367 0 0
568 366 0 0
567 366 0 0
566 366 0 0
565 366 0 0
377 366 0 1
376 366 0 1
375 366 0 1
374 366 0 1
373 366 0 1
372 366 0 1
371 366 0 1
370 366 0 1
369 366 0 1
368 366 0 1
367 366 0 1
366 366 0 1
365 366 0 1
364 366 0 1
363 366 0 1
157 366 0 1
156 366 0 1
155 366 0 1
154 366 0 1
153 366 0 1
152 366 0 1
151 366 0 1
150 366 0 1
149 366 0 1
76 366 0 0
75 366 0 0
74 366 0 0
73 366 0 0
72 366 0 0
71 366 0 0
70 366 0 0
69 366 0 0
68 366 0 0
67 366 0 0
568 365 0 0
567 365 0 0
566 365 0 0
565 365 0 0
378 365 0 1
377 365 0 1
376 365 0 1
375 365 0 1
374 365 0 1
373 365 0 1
372 365 0 1
371 365 0 1
370 365 0 1
369 365 0 1
368 365 0 1
367 365 0 1
366 365 0 1
156 365 0 1
155 365 0 1
154 365 0 1
153 365 0 1
152 365 0 1
151 365 0 1
150 365 0 1
149 365 0 1
148 365 0 1
147 365 0 1
75 365 0 0
74 365 0 0
73 365 0 0
72 365 0 0
71 365 0 0
70 365 0 0
69 365 0 0
68 365 0 0
67 365 0 0
66 365 0 0
65 365 0 0
568 364 0 0
567 364 0 0
566 364 0 0
565 364 0 0
380 364 0 1
379 364 0 1
378 364 0 1
377 364 0 1
376 364 0 1
375 364 0 1
374 364 0 1
373 364 0 1
372 364 0 1
371 364 0 1
370 364 0 1
369 364 0 1
154 364 0 1
153 364 0 1
152 364 0 1
151 364 0 1
150 364 0 1
149 364 0 1
148 364 0 1
147 364 0 1
146 364 0 1
73 364 0 0
72 364 0 0
71 364 0 0
70 364 0 0
69 364 0 0
68 364 0 0
67 364 0 0
66 364 0 0
65 364 0 0
64 364 0 0
63 364 0 0
568 363 0 0
567 363 0 0
566 363 0 0
565 363 0 0
382 363 0 1
381 363 0 1
380 363 0 1
379 363 0 1
378 363 0 1
377 363 0 1
376 363 0 1
375 363 0 1
374 363 0 1
373 363 0 1
372 363 0 1
153 363 0 1
152 363 0 1
151 363 0 1
150 363 0 1
149 363 0 1
148 363 0 1
147 363 0 1
146 363 0 1
145 363 0 1
71 363 0 0
70 363 0 0
69 363 0 0
68 363 0 0
67 363 0 0
66 363 0 0
65 363 0 0
64 363 0 0
63 363 0 0
62 363 0 0
61 363 0 0
568 362 0 0
567 362 0 0
566 362 0 0
565 362 0 0
384 362 0 1
383 362 0 1
382 362 0 1
381 362 0 1
380 362 0 1
379 362 0 1
378 362 0 1
377 362 0 1
376 362 0 1
375 362 0 1
374 362 0 1
151 362 0 1
150 362 0 1
149 362 0 1
148 362 0 1
147 362 0 1
146 362 0 1
145 362 0 1
144 362 0 1
143 362 0 1
69 362 0 0
68 362 0 0
67 362 0 0
66 362 0 0
65 362 0 0
64 362 0 0
63 362 0 0
62 362 0 0
61 362 0 0
60 362 0 0
59 362 0 0
568 361 0 0
567 361 0 0
566 361 0 0
565 361 0 0
387 361 0 1
386 361 0 1
385 361 0 1
384 361 0 1
383 361 0 1
382 361 0 1
381 361 0 1
380 361 0 1
379 361 0 1
378 361 0 1
377 361 0 1
376 361 0 1
150 361 0 1
149 361 0 1
148 361 0 1
147 361 0 1
146 361 0 1
145 361 0 1
144 361 0 1
143 361 0 1
142 361 0 1
67 361 0 0
66 361 0 0
65 361 0 0
64 361 0 0
63 361 0 0
62 361 0 0
61 361 0 0
60 361 0 0
59 361 0 0
58 361 0 0
57 361 0 0
568 360 0 0
567 360 0 0
566 360 0 0
565 360 0 0
391 360 0 1
390 360 0 1
389 360 0 1
388 360 0 1
387 360 0 1
386 360 0 1
385 360 0 1
384 360 0 1
383 360 0 1
382 360 0 1
381 360 0 1
380 360 0 1
379 360 0 1
378 360 0 1
149 360 0 1
148 360 0 1
147 360 0 1
146 360 0 1
145 360 0 1
144 360 0 1
143 360 0 1
142 360 0 1
141 360 0 1
66 360 0 0
65 360 0 0
64 360 0 0
63 360 0 0
62 360 0 0
61 360 0 0
60 360 0 0
59 360 0 0
58 360 0 0
57 360 0 0
56 360 0 0
55 360 0 0
54 360 0 0
568 359 0 0
567 359 0 0
566 359 0 0
565 359 0 0
394 359 0 1
393 359 0 1
392 359 0 1
391 359 0 1
390 359 0 1
389 359 0 1
388 359 0 1
387 359 0 1
386 359 0 1
385 359 0 1
384 359 0 1
383 359 0 1
382 359 0 1
381 359 0 1
380 359 0 1
379 359 0 1
147 359 0 1
146 359 0 1
145 359 0 1
144 359 0 1
143 359 0 1
142 359 0 1
141 359 0 1
140 359 0 1
139 359 0 1
64 359 0 0
63 359 0 0
62 359 0 0
61 359 0 0
60 359 0 0
59 359 0 0
58 359 0 0
57 359 0 0
56 359 0 0
55 359 0 0
54 359 0 0
53 359 0 0
52 359 0 0
51 359 0 0
50 359 0 0
49 359 0 0
48 359 0 0
569 358 0 0
568 358 0 0
567 358 0 0
566 358 0 0
565 358 0 0
398 358 0 1
397 358 0 1
396 358 0 1
395 358 0 1
394 358 0 1
393 358 0 1
392 358 0 1
391 358 0 1
390 358 0 1
389 358 0 1
388 358 0 1
387 358 0 1
386 358 0 1
385 358 0 1
384 358 0 1
383 358 0 1
382 358 0 1
381 358 0 1
146 358 0 1
145 358 0 1
144 358 0 1
143 358 0 1
142 358 0 1
141 358 0 1
140 358 0 1
139 358 0 1
138 358 0 1
62 358 0 0
61 358 0 0
60 358 0 0
59 358 0 0
58 358 0 0
57 358 0 0
56 358 0 0
55 358 0 0
54 358 0 0
53 358 0 0
52 358 0 0
51 358 0 0
50 358 0 0
49 358 0 0
48 358 0 0
569 357 0 0
568 357 0 0
567 357 0 0
566 357 0 0
565 357 0 0
400 357 0 1
399 357 0 1
398 357 0 1
397 357 0 1
396 357 0 1
395 357 0 1
394 357 0 1
393 357 0 1
392 357 0 1
391 357 0 1
390 357 0 1
389 357 0 1
388 357 0 1
387 357 0 1
386 357 0 1
385 357 0 1
384 357 0 1
383 357 0 1
144 357 0 1
143 357 0 1
142 357 0 1
141 357 0 1
140 357 0 1
139 357 0 1
138 357 0 1
137 357 0 1
60 357 0 0
59 357 0 0
58 357 0 0
57 357 0 0
56 357 0 0
55 357 0 0
54 357 0 0
53 357 0 0
52 357 0 0
51 357 0 0
50 357 0 0
49 357 0 0
48 357 0 0
569 356 0 0
568 356 0 0
567 356 0 0
566 356 0 0
565 356 0 0
402 356 0 1
401 356 0 1
400 356 0 1
399 356 0 1
398 356 0 1
397 356 0 1
396 356 0 1
395 356 0 1
394 356 0 1
393 356 0 1
392 356 0 1
391 356 0 1
390 356 0 1
389 356 0 1
388 356 0 1
387 356 0 1
143 356 0 1
142 356 0 1
141 356 0 1
140 356 0 1
139 356 0 1
138 356 0 1
137 356 0 1
136 356 0 1
58 356 0 0
57 356 0 0
56 356 0 0
55 356 0 0
54 356 0 0
53 356 0 0
52 356 0 0
51 356 0 0
50 356 0 0
49 356 0 0
48 356 0 0
569 355 0 0
568 355 0 0
567 355 0 0
566 355 0 0
565 355 0 0
403 355 0 1
402 355 0 1
401 355 0 1
400 355 0 1
399 355 0 1
398 355 0 1
397 355 0 1
396 355 0 1
395 355 0 1
394 355 0 1
393 355 0 1
392 355 0 1
391 355 0 1
390 355 0 1
142 355 0 1
141 355 0 1
140 355 0 1
139 355 0 1
138 355 0 1
137 355 0 1
136 355 0 1
135 355 0 1
570 354 0 0
569 354 0 0
568 354 0 0
567 354 0 0
566 354 0 0
565 354 0 0
405 354 0 1
404 354 0 1
403 354 0 1
402 354 0 1
401 354 0 1
400 354 0 1
399 354 0 1
398 354 0 1
397 354 0 1
396 354 0 1
395 354 0 1
394 354 0 1
141 354 0 1
140 354 0 1
139 354 0 1
138 354 0 1
137 354 0 1
136 354 0 1
135 354 0 1
134 354 0 1
570 353 0 0
569 353 0 0
568 353 0 0
567 353 0 0
566 353 0 0
565 353 0 0
407 353 0 1
406 353 0 1
405 353 0 1
404 353 0 1
403 353 0 1
402 353 0 1
401 353 0 1
400 353 0 1
399 353 0 1
398 353 0 1
397 353 0 1
140 353 0 1
139 353 0 1
138 353 0 1
137 353 0 1
136 353 0 1
135 353 0 1
134 353 0 1
133 353 0 1
132 353 0 1
570 352 0 0
569 352 0 0
568 352 0 0
567 352 0 0
566 352 0 0
409 352 0 1
408 352 0 1
407 352 0 1
406 352 0 1
405 352 0 1
404 352 0 1
403 352 0 1
402 352 0 1
401 352 0 1
400 352 0 1
399 352 0 1
138 352 0 1
137 352 0 1
136 352 0 1
135 352 0 1
134 352 0 1
133 352 0 1
132 352 0 1
131 352 0 1
570 351 0 0
569 351 0 0
568 351 0 0
567 351 0 0
566 351 0 0
411 351 0 1
410 351 0 1
409 351 0 1
408 351 0 1
407 351 0 1
406 351 0 1
405 351 0 1
404 351 0 1
403 351 0 1
402 351 0 1
401 351 0 1
137 351 0 1
136 351 0 1
135 351 0 1
134 351 0 1
133 351 0 1
132 351 0 1
131 351 0 1
130 351 0 1
571 350 0 0
570 350 0 0
569 350 0 0
568 350 0 0
567 350 0 0
566 350 0 0
413 350 0 1
412 350 0 1
411 350 0 1
410 350 0 1
409 350 0 1
408 350 0 1
407 350 0 1
406 350 0 1
405 350 0 1
404 350 0 1
403 350 0 1
136 350 0 1
135 350 0 1
134 350 0 1
133 350 0 1
132 350 0 1
131 350 0 1
130 350 0 1
129 350 0 1
571 349 0 0
570 349 0 0
569 349 0 0
568 349 0 0
567 349 0 0
566 349 0 0
414 349 0 1
413 349 0 1
412 349 0 1
411 349 0 1
410 349 0 1
409 349 0 1
408 349 0 1
407 349 0 1
406 349 0 1
405 349 0 1
135 349 0 1
134 349 0 1
133 349 0 1
132 349 0 1
131 349 0 1
130 349 0 1
129 349 0 1
128 349 0 1
571 348 0 0
570 348 0 0
569 348 0 0
568 348 0 0
567 348 0 0
416 348 0 1
415 348 0 1
414 348 0 1
413 348 0 1
412 348 0 1
411 348 0 1
410 348 0 1
409 348 0 1
408 348 0 1
407 348 0 1
406 348 0 1
134 348 0 1
133 348 0 1
132 348 0 1
131 348 0 1
130 348 0 1
129 348 0 1
128 348 0 1
127 348 0 1
571 347 0 0
570 347 0 0
569 347 0 0
568 347 0 0
567 347 0 0
417 347 0 1
416 347 0 1
415 347 0 1
414 347 0 1
413 347 0 1
412 347 0 1
411 347 0 1
410 347 0 1
409 347 0 1
408 347 0 1
132 347 0 1
131 347 0 1
130 347 0 1
129 347 0 1
128 347 0 1
127 347 0 1
126 347 0 1
572 346 0 0
571 346 0 0
570 346 0 0
569 346 0 0
568 346 0 0
567 346 0 0
419 346 0 1
418 346 0 1
417 346 0 1
416 346 0 1
415 346 0 1
414 346 0 1
413 346 0 1
412 346 0 1
411 346 0 1
410 346 0 1
131 346 0 1
130 346 0 1
129 346 0 1
128 346 0 1
127 346 0 1
126 346 0 1
125 346 0 1
572 345 0 0
571 345 0 0
570 345 0 0
569 345 0 0
568 345 0 0
567 345 0 0
420 345 0 1
419 345 0 1
418 345 0 1
417 345 0 1
416 345 0 1
415 345 0 1
414 345 0 1
413 345 0 1
412 345 0 1
130 345 0 1
129 345 0 1
128 345 0 1
127 345 0 1
126 345 0 1
125 345 0 1
124 345 0 1
572 344 0 0
571 344 0 0
570 344 0 0
569 344 0 0
568 344 0 0
422 344 0 1
421 344 0 1
420 344 0 1
419 344 0 1
418 344 0 1
417 344 0 1
416 344 0 1
415 344 0 1
414 344 0 1
413 344 0 1
129 344 0 1
128 344 0 1
127 344 0 1
126 344 0 1
125 344 0 1
124 344 0 1
123 344 0 1
573 343 0 0
572 343 0 0
571 343 0 0
570 343 0 0
569 343 0 0
568 343 0 0
423 343 0 1
422 343 0 1
421 343 0 1
420 343 0 1
419 343 0 1
418 343 0 1
417 343 0 1
416 343 0 1
415 343 0 1
128 343 0 1
127 343 0 1
126 343 0 1
125 343 0 1
124 343 0 1
123 343 0 1
122 343 0 1
573 342 0 0
572 342 0 0
571 342 0 0
570 342 0 0
569 342 0 0
425 342 0 1
424 342 0 1
423 342 0 1
422 342 0 1
421 342 0 1
420 342 0 1
419 342 0 1
418 342 0 1
417 342 0 1
416 342 0 1
127 342 0 1
126 342 0 1
125 342 0 1
124 342 0 1
123 342 0 1
122 342 0 1
121 342 0 1
573 341 0 0
572 341 0 0
571 341 0 0
570 341 0 0
569 341 0 0
427 341 0 1
426 341 0 1
425 341 0 1
424 341 0 1
423 341 0 1
422 341 0 1
421 341 0 1
420 341 0 1
419 341 0 1
418 341 0 1
127 341 0 1
126 341 0 1
125 341 0 1
124 341 0 1
123 341 0 1
122 341 0 1
121 341 0 1
120 341 0 1
574 340 0 0
573 340 0 0
572 340 0 0
571 340 0 0
570 340 0 0
569 340 0 0
429 340 0 1
428 340 0 1
427 340 0 1
426 340 0 1
425 340 0 1
424 340 0 1
423 340 0 1
422 340 0 1
421 340 0 1
420 340 0 1
419 340 0 1
126 340 0 1
125 340 0 1
124 340 0 1
123 340 0 1
122 340 0 1
121 340 0 1
120 340 0 1
119 340 0 1
574 339 0 0
573 339 0 0
572 339 0 0
571 339 0 0
570 339 0 0
431 339 0 1
430 339 0 1
429 339 0 1
428 339 0 1
427 339 0 1
426 339 0 1
425 339 0 1
424 339 0 1
423 339 0 1
422 339 0 1
421 339 0 1
125 339 0 1
124 339 0 1
123 339 0 1
122 339 0 1
121 339 0 1
120 339 0 1
119 339 0 1
118 339 0 1
574 338 0 0
573 338 0 0
572 338 0 0
571 338 0 0
570 338 0 0
433 338 0 1
432 338 0 1
431 338 0 1
430 338 0 1
429 338 0 1
428 338 0 1
427 338 0 1
426 338 0 1
425 338 0 1
424 338 0 1
423 338 0 1
422 338 0 1
124 338 0 1
123 338 0 1
122 338 0 1
121 338 0 1
120 338 0 1
119 338 0 1
118 338 0 1
575 337 0 0
574 337 0 0
573 337 0 0
572 337 0 0
571 337 0 0
570 337 0 0
435 337 0 1
434 337 0 1
433 337 0 1
432 337 0 1
431 337 0 1
430 337 0 1
429 337 0 1
428 337 0 1
427 337 0 1
426 337 0 1
425 337 0 1
424 337 0 1
123 337 0 1
122 337 0 1
121 337 0 1
120 337 0 1
119 337 0 1
118 337 0 1
117 337 0 1
575 336 0 0
574 336 0 0
573 336 0 0
572 336 0 0
571 336 0 0
437 336 0 1
436 336 0 1
435 336 0 1
434 336 0 1
433 336 0 1
432 336 0 1
431 336 0 1
430 336 0 1
429 336 0 1
428 336 0 1
427 336 0 1
426 336 0 1
122 336 0 1
121 336 0 1
120 336 0 1
119 336 0 1
118 336 0 1
117 336 0 1
116 336 0 1
575 335 0 0
574 335 0 0
573 335 0 0
572 335 0 0
571 335 0 0
439 335 0 1
438 335 0 1
437 335 0 1
436 335 0 1
435 335 0 1
434 335 0 1
433 335 0 1
432 335 0 1
431 335 0 1
430 335 0 1
429 335 0 1
428 335 0 1
121 335 0 1
120 335 0 1
119 335 0 1
118 335 0 1
117 335 0 1
116 335 0 1
115 335 0 1
576 334 0 0
575 334 0 0
574 334 0 0
573 334 0 0
572 334 0 0
571 334 0 0
442 334 0 1
441 334 0 1
440 334 0 1
439 334 0 1
438 334 0 1
437 334 0 1
436 334 0 1
435 334 0 1
434 334 0 1
433 334 0 1
432 334 0 1
431 334 0 1
430 334 0 1
120 334 0 1
119 334 0 1
118 334 0 1
117 334 0 1
116 334 0 1
115 334 0 1
114 334 0 1
576 333 0 0
575 333 0 0
574 333 0 0
573 333 0 0
572 333 0 0
443 333 0 1
442 333 0 1
441 333 0 1
440 333 0 1
439 333 0 1
438 333 0 1
437 333 0 1
436 333 0 1
435 333 0 1
434 333 0 1
433 333 0 1
432 333 0 1
119 333 0 1
118 333 0 1
117 333 0 1
116 333 0 1
115 333 0 1
114 333 0 1
113 333 0 1
577 332 0 0
576 332 0 0
575 332 0 0
574 332 0 0
573 332 0 0
572 332 0 0
445 332 0 1
444 332 0 1
443 332 0 1
442 332 0 1
441 332 0 1
440 332 0 1
439 332 0 1
438 332 0 1
437 332 0 1
436 332 0 1
435 332 0 1
434 332 0 1
118 332 0 1
117 332 0 1
116 332 0 1
115 332 0 1
114 332 0 1
113 332 0 1
112 332 0 1
577 331 0 0
576 331 0 0
575 331 0 0
574 331 0 0
573 331 0 0
572 331 0 0
446 331 0 1
445 331 0 1
444 331 0 1
443 331 0 1
442 331 0 1
441 331 0 1
440 331 0 1
439 331 0 1
438 331 0 1
437 331 0 1
436 331 0 1
117 331 0 1
116 331 0 1
115 331 0 1
114 331 0 1
113 331 0 1
112 331 0 1
111 331 0 1
577 330 0 0
576 330 0 0
575 330 0 0
574 330 0 0
573 330 0 0
448 330 0 1
447 330 0 1
446 330 0 1
445 330 0 1
444 330 0 1
443 330 0 1
442 330 0 1
441 330 0 1
440 330 0 1
439 330 0 1
116 330 0 1
115 330 0 1
114 330 0 1
113 330 0 1
112 330 0 1
111 330 0 1
110 330 0 1
578 329 0 0
577 329 0 0
576 329 0 0
575 329 0 0
574 329 0 0
573 329 0 0
449 329 0 1
448 329 0 1
447 329 0 1
446 329 0 1
445 329 0 1
444 329 0 1
443 329 0 1
442 329 0 1
441 329 0 1
115 329 0 1
114 329 0 1
113 329 0 1
112 329 0 1
111 329 0 1
110 329 0 1
109 329 0 1
578 328 0 0
577 328 0 0
576 328 0 0
575 328 0 0
574 328 0 0
451 328 0 1
450 328 0 1
449 328 0 1
448 328 0 1
447 328 0 1
446 328 0 1
445 328 0 1
444 328 0 1
443 328 0 1
114 328 0 1
113 328 0 1
112 328 0 1
111 328 0 1
110 328 0 1
109 328 0 1
108 328 0 1
578 327 0 0
577 327 0 0
576 327 0 0
575 327 0 0
574 327 0 0
452 327 0 1
451 327 0 1
450 327 0 1
449 327 0 1
448 327 0 1
447 327 0 1
446 327 0 1
445 327 0 1
444 327 0 1
114 327 0 1
113 327 0 1
112 327 0 1
111 327 0 1
110 327 0 1
109 327 0 1
108 327 0 1
107 327 0 1
579 326 0 0
578 326 0 0
577 326 0 0
576 326 0 0
575 326 0 0
574 326 0 0
454 326 0 1
453 326 0 1
452 326 0 1
451 326 0 1
450 326 0 1
449 326 0 1
448 326 0 1
447 326 0 1
446 326 0 1
113 326 0 1
112 326 0 1
111 326 0 1
110 326 0 1
109 326 0 1
108 326 0 1
107 326 0 1
106 326 0 1
579 325 0 0
578 325 0 0
577 325 0 0
576 325 0 0
575 325 0 0
455 325 0 1
454 325 0 1
453 325 0 1
452 325 0 1
451 325 0 1
450 325 0 1
449 325 0 1
448 325 0 1
447 325 0 1
112 325 0 1
111 325 0 1
110 325 0 1
109 325 0 1
108 325 0 1
107 325 0 1
106 325 0 1
579 324 0 0
578 324 0 0
577 324 0 0
576 324 0 0
575 324 0 0
457 324 0 1
456 324 0 1
455 324 0 1
454 324 0 1
453 324 0 1
452 324 0 1
451 324 0 1
450 324 0 1
449 324 0 1
111 324 0 1
110 324 0 1
109 324 0 1
108 324 0 1
107 324 0 1
106 324 0 1
105 324 0 1
580 323 0 0
579 323 0 0
578 323 0 0
577 323 0 0
576 323 0 0
575 323 0 0
458 323 0 1
457 323 0 1
456 323 0 1
455 323 0 1
454 323 0 1
453 323 0 1
452 323 0 1
451 323 0 1
450 323 0 1
110 323 0 1
109 323 0 1
108 323 0 1
107 323 0 1
106 323 0 1
105 323 0 1
104 323 0 1
580 322 0 0
579 322 0 0
578 322 0 0
577 322 0 0
576 322 0 0
459 322 0 1
458 322 0 1
457 322 0 1
456 322 0 1
455 322 0 1
454 322 0 1
453 322 0 1
452 322 0 1
109 322 0 1
108 322 0 1
107 322 0 1
106 322 0 1
105 322 0 1
104 322 0 1
103 322 0 1
580 321 0 0
579 321 0 0
578 321 0 0
577 321 0 0
576 321 0 0
460 321 0 1
459 321 0 1
458 321 0 1
457 321 0 1
456 321 0 1
455 321 0 1
454 321 0 1
453 321 0 1
108 321 0 1
107 321 0 1
106 321 0 1
105 321 0 1
104 321 0 1
103 321 0 1
102 321 0 1
581 320 0 0
580 320 0 0
579 320 0 0
578 320 0 0
577 320 0 0
576 320 0 0
462 320 0 1
461 320 0 1
460 320 0 1
459 320 0 1
458 320 0 1
457 320 0 1
456 320 0 1
455 320 0 1
454 320 0 1
107 320 0 1
106 320 0 1
105 320 0 1
104 320 0 1
103 320 0 1
102 320 0 1
101 320 0 1
581 319 0 0
580 319 0 0
579 319 0 0
578 319 0 0
577 319 0 0
463 319 0 1
462 319 0 1
461 319 0 1
460 319 0 1
459 319 0 1
458 319 0 1
457 319 0 1
456 319 0 1
455 319 0 1
106 319 0 1
105 319 0 1
104 319 0 1
103 319 0 1
102 319 0 1
101 319 0 1
582 318 0 0
581 318 0 0
580 318 0 0
579 318 0 0
578 318 0 0
577 318 0 0
465 318 0 1
464 318 0 1
463 318 0 1
462 318 0 1
461 318 0 1
460 318 0 1
459 318 0 1
458 318 0 1
457 318 0 1
105 318 0 1
104 318 0 1
103 318 0 1
102 318 0 1
101 318 0 1
100 318 0 1
582 317 0 0
581 317 0 0
580 317 0 0
579 317 0 0
578 317 0 0
577 317 0 0
466 317 0 1
465 317 0 1
464 317 0 1
463 317 0 1
462 317 0 1
461 317 0 1
460 317 0 1
459 317 0 1
458 317 0 1
105 317 0 1
104 317 0 1
103 317 0 1
102 317 0 1
101 317 0 1
100 317 0 1
99 317 0 1
582 316 0 0
581 316 0 0
580 316 0 0
579 316 0 0
578 316 0 0
468 316 0 1
467 316 0 1
466 316 0 1
465 316 0 1
464 316 0 1
463 316 0 1
462 316 0 1
461 316 0 1
460 316 0 1
104 316 0 1
103 316 0 1
102 316 0 1
101 316 0 1
100 316 0 1
99 316 0 1
583 315 0 0
582 315 0 0
581 315 0 0
580 315 0 0
579 315 0 0
578 315 0 0
469 315 0 1
468 315 0 1
467 315 0 1
466 315 0 1
465 315 0 1
464 315 0 1
463 315 0 1
462 315 0 1
461 315 0 1
103 315 0 1
102 315 0 1
101 315 0 1
100 315 0 1
99 315 0 1
98 315 0 1
583 314 0 0
582 314 0 0
581 314 0 0
580 314 0 0
579 314 0 0
578 314 0 0
471 314 0 1
470 314 0 1
469 314 0 1
468 314 0 1
467 314 0 1
466 314 0 1
465 314 0 1
464 314 0 1
463 314 0 1
103 314 0 1
102 314 0 1
101 314 0 1
100 314 0 1
99 314 0 1
98 314 0 1
97 314 0 1
583 313 0 0
582 313 0 0
581 313 0 0
580 313 0 0
579 313 0 0
472 313 0 1
471 313 0 1
470 313 0 1
469 313 0 1
468 313 0 1
467 313 0 1
466 313 0 1
465 313 0 1
464 313 0 1
102 313 0 1
101 313 0 1
100 313 0 1
99 313 0 1
98 313 0 1
97 313 0 1
96 313 0 1
584 312 0 0
583 312 0 0
582 312 0 0
581 312 0 0
580 312 0 0
579 312 0 0
473 312 0 1
472 312 0 1
471 312 0 1
470 312 0 1
469 312 0 1
468 312 0 1
467 312 0 1
466 312 0 1
101 312 0 1
100 312 0 1
99 312 0 1
98 312 0 1
97 312 0 1
96 312 0 1
584 311 0 0
583 311 0 0
582 311 0 0
581 311 0 0
580 311 0 0
474 311 0 1
473 311 0 1
472 311 0 1
471 311 0 1
470 311 0 1
469 311 0 1
468 311 0 1
467 311 0 1
100 311 0 1
99 311 0 1
98 311 0 1
97 311 0 1
96 311 0 1
95 311 0 1
584 310 0 0
583 310 0 0
582 310 0 0
581 310 0 0
580 310 0 0
475 310 0 1
474 310 0 1
473 310 0 1
472 310 0 1
471 310 0 1
470 310 0 1
469 310 0 1
468 310 0 1
100 310 0 1
99 310 0 1
98 310 0 1
97 310 0 1
96 310 0 1
95 310 0 1
94 310 0 1
585 309 0 0
584 309 0 0
583 309 0 0
582 309 0 0
581 309 0 0
580 309 0 0
476 309 0 1
475 309 0 1
474 309 0 1
473 309 0 1
472 309 0 1
471 309 0 1
470 309 0 1
469 309 0 1
99 309 0 1
98 309 0 1
97 309 0 1
96 309 0 1
95 309 0 1
94 309 0 1
585 308 0 0
584 308 0 0
583 308 0 0
582 308 0 0
581 308 0 0
477 308 0 1
476 308 0 1
475 308 0 1
474 308 0 1
473 308 0 1
472 308 0 1
471 308 0 1
470 308 0 1
98 308 0 1
97 308 0 1
96 308 0 1
95 308 0 1
94 308 0 1
93 308 0 1
585 307 0 0
584 307 0 0
583 307 0 0
582 307 0 0
581 307 0 0
478 307 0 1
477 307 0 1
476 307 0 1
475 307 0 1
474 307 0 1
473 307 0 1
472 307 0 1
98 307 0 1
97 307 0 1
96 307 0 1
95 307 0 1
94 307 0 1
93 307 0 1
92 307 0 1
586 306 0 0
585 306 0 0
584 306 0 0
583 306 0 0
582 306 0 0
581 306 0 0
479 306 0 1
478 306 0 1
477 306 0 1
476 306 0 1
475 306 0 1
474 306 0 1
473 306 0 1
97 306 0 1
96 306 0 1
95 306 0 1
94 306 0 1
93 306 0 1
92 306 0 1
586 305 0 0
585 305 0 0
584 305 0 0
583 305 0 0
582 305 0 0
480 305 0 1
479 305 0 1
478 305 0 1
477 305 0 1
476 305 0 1
475 305 0 1
474 305 0 1
96 305 0 1
95 305 0 1
94 305 0 1
93 305 0 1
92 305 0 1
91 305 0 1
587 304 0 0
586 304 0 0
585 304 0 0
584 304 0 0
583 304 0 0
582 304 0 0
481 304 0 1
480 304 0 1
479 304 0 1
478 304 0 1
477 304 0 1
476 304 0 1
475 304 0 1
96 304 0 1
95 304 0 1
94 304 0 1
93 304 0 1
92 304 0 1
91 304 0 1
587 303 0 0
586 303 0 0
585 303 0 0
584 303 0 0
583 303 0 0
582 303 0 0
482 303 0 1
481 303 0 1
480 303 0 1
479 303 0 1
478 303 0 1
477 303 0 1
476 303 0 1
95 303 0 1
94 303 0 1
93 303 0 1
92 303 0 1
91 303 0 1
90 303 0 1
588 302 0 0
587 302 0 0
586 302 0 0
585 302 0 0
584 302 0 0
583 302 0 0
483 302 0 1
482 302 0 1
481 302 0 1
480 302 0 1
479 302 0 1
478 302 0 1
477 302 0 1
95 302 0 1
94 302 0 1
93 302 0 1
92 302 0 1
91 302 0 1
90 302 0 1
588 301 0 0
587 301 0 0
586 301 0 0
585 301 0 0
584 301 0 0
583 301 0 0
484 301 0 1
483 301 0 1
482 301 0 1
481 301 0 1
480 301 0 1
479 301 0 1
478 301 0 1
94 301 0 1
93 301 0 1
92 301 0 1
91 301 0 1
90 301 0 1
89 301 0 1
589 300 0 0
588 300 0 0
587 300 0 0
586 300 0 0
585 300 0 0
584 300 0 0
484 300 0 1
483 300 0 1
482 300 0 1
481 300 0 1
480 300 0 1
479 300 0 1
94 300 0 1
93 300 0 1
92 300 0 1
91 300 0 1
90 300 0 1
89 300 0 1
589 299 0 0
588 299 0 0
587 299 0 0
586 299 0 0
585 299 0 0
584 299 0 0
485 299 0 1
484 299 0 1
483 299 0 1
482 299 0 1
481 299 0 1
480 299 0 1
479 299 0 1
93 299 0 1
92 299 0 1
91 299 0 1
90 299 0 1
89 299 0 1
88 299 0 1
590 298 0 0
589 298 0 0
588 298 0 0
587 298 0 0
586 298 0 0
585 298 0 0
486 298 0 1
485 298 0 1
484 298 0 1
483 298 0 1
482 298 0 1
481 298 0 1
480 298 0 1
92 298 0 1
91 298 0 1
90 298 0 1
89 298 0 1
88 298 0 1
87 298 0 1
590 297 0 0
589 297 0 0
588 297 0 0
587 297 0 0
586 297 0 0
585 297 0 0
487 297 0 1
486 297 0 1
485 297 0 1
484 297 0 1
483 297 0 1
482 297 0 1
481 297 0 1
92 297 0 1
91 297 0 1
90 297 0 1
89 297 0 1
88 297 0 1
87 297 0 1
591 296 0 0
590 296 0 0
589 296 0 0
588 296 0 0
587 296 0 0
586 296 0 0
487 296 0 1
486 296 0 1
485 296 0 1
484 296 0 1
483 296 0 1
482 296 0 1
378 296 0 0
377 296 0 0
376 296 0 0
375 296 0 0
374 296 0 0
373 296 0 0
372 296 0 0
371 296 0 0
370 296 0 0
369 296 0 0
368 296 0 0
367 296 0 0
366 296 0 0
365 296 0 0
364 296 0 0
363 296 0 0
362 296 0 0
361 296 0 0
360 296 0 0
359 296 0 0
358 296 0 0
357 296 0 0
356 296 0 0
355 296 0 0
354 296 0 0
353 296 0 0
352 296 0 0
351 296 0 0
350 296 0 0
349 296 0 0
348 296 0 0
347 296 0 0
346 296 0 0
345 296 0 0
344 296 0 0
343 296 0 0
342 296 0 0
341 296 0 0
340 296 0 0
339 296 0 0
338 296 0 0
337 296 0 0
336 296 0 0
335 296 0 0
334 296 0 0
333 296 0 0
332 296 0 0
331 296 0 0
330 296 0 0
329 296 0 0
328 296 0 0
327 296 0 0
326 296 0 0
325 296 0 0
324 296 0 0
323 296 0 0
322 296 0 0
321 296 0 0
320 296 0 0
319 296 0 0
318 296 0 0
317 296 0 0
316 296 0 0
315 296 0 0
314 296 0 0
313 296 0 0
312 296 0 0
311 296 0 0
310 296 0 0
309 296 0 0
308 296 0 0
307 296 0 0
306 296 0 0
305 296 0 0
304 296 0 0
303 296 0 0
302 296 0 0
301 296 0 0
300 296 0 0
299 296 0 0
298 296 0 0
297 296 0 0
296 296 0 0
295 296 0 0
91 296 0 1
90 296 0 1
89 296 0 1
88 296 0 1
87 296 0 1
86 296 0 1
591 295 0 0
590 295 0 0
589 295 0 0
588 295 0 0
587 295 0 0
586 295 0 0
488 295 0 1
487 295 0 1
486 295 0 1
485 295 0 1
484 295 0 1
483 295 0 1
482 295 0 1
379 295 0 0
378 295 0 0
377 295 0 0
376 295 0 0
375 295 0 0
374 295 0 0
373 295 0 0
372 295 0 0
371 295 0 0
370 295 0 0
369 295 0 0
368 295 0 0
367 295 0 0
366 295 0 0
365 295 0 0
364 295 0 0
363 295 0 0
362 295 0 0
361 295 0 0
360 295 0 0
359 295 0 0
358 295 0 0
357 295 0 0
356 295 0 0
355 295 0 0
354 295 0 0
353 295 0 0
352 295 0 0
351 295 0 0
350 295 0 0
349 295 0 0
348 295 0 0
347 295 0 0
346 295 0 0
345 295 0 0
344 295 0 0
343 295 0 0
342 295 0 0
341 295 0 0
340 295 0 0
339 295 0 0
338 295 0 0
337 295 0 0
336 295 0 0
335 295 0 0
334 295 0 0
333 295 0 0
332 295 0 0
331 295 0 0
330 295 0 0
329 295 0 0
328 295 0 0
327 295 0 0
326 295 0 0
325 295 0 0
324 295 0 0
323 295 0 0
322 295 0 0
321 295 0 0
320 295 0 0
319 295 0 0
318 295 0 0
317 295 0 0
316 295 0 0
315 295 0 0
314 295 0 0
313 295 0 0
312 295 0 0
311 295 0 0
310 295 0 0
309 295 0 0
308 295 0 0
307 295 0 0
306 295 0 0
305 295 0 0
304 295 0 0
303 295 0 0
302 295 0 0
301 295 0 0
300 295 0 0
299 295 0 0
298 295 0 0
297 295 0 0
296 295 0 0
295 295 0 0
91 295 0 1
90 295 0 1
89 295 0 1
88 295 0 1
87 295 0 1
86 295 0 1
592 294 0 0
591 294 0 0
590 294 0 0
589 294 0 0
588 294 0 0
587 294 0 0
489 294 0 1
488 294 0 1
487 294 0 1
486 294 0 1
485 294 0 1
484 294 0 1
483 294 0 1
381 294 0 0
380 294 0 0
379 294 0 0
378 294 0 0
377 294 0 0
376 294 0 0
375 294 0 0
374 294 0 0
373 294 0 0
372 294 0 0
371 294 0 0
370 294 0 0
369 294 0 0
368 294 0 0
367 294 0 0
366 294 0 0
365 294 0 0
364 294 0 0
363 294 0 0
362 294 0 0
361 294 0 0
360 294 0 0
359 294 0 0
358 294 0 0
357 294 0 0
356 294 0 0
355 294 0 0
354 294 0 0
353 294 0 0
352 294 0 0
351 294 0 0
350 294 0 0
349 294 0 0
348 294 0 0
347 294 0 0
346 294 0 0
345 294 0 0
344 294 0 0
343 294 0 0
342 294 0 0
341 294 0 0
340 294 0 0
339 294 0 0
338 294 0 0
337 294 0 0
336 294 0 0
335 294 0 0
334 294 0 0
333 294 0 0
332 294 0 0
331 294 0 0
330 294 0 0
329 294 0 0
328 294 0 0
327 294 0 0
326 294 0 0
325 294 0 0
324 294 0 0
323 294 0 0
322 294 0 0
321 294 0 0
320 294 0 0
319 294 0 0
318 294 0 0
317 294 0 0
316 294 0 0
315 294 0 0
314 294 0 0
313 294 0 0
312 294 0 0
311 294 0 0
310 294 0 0
309 294 0 0
308 294 0 0
307 294 0 0
306 294 0 0
305 294 0 0
304 294 0 0
303 294 0 0
302 294 0 0
301 294 0 0
300 294 0 0
299 294 0 0
298 294 0 0
297 294 0 0
296 294 0 0
295 294 0 0
90 294 0 1
89 294 0 1
88 294 0 1
87 294 0 1
86 294 0 1
85 294 0 1
592 293 0 0
591 293 0 0
590 293 0 0
589 293 0 0
588 293 0 0
489 293 0 1
488 293 0 1
487 293 0 1
486 293 0 1
485 293 0 1
484 293 0 1
382 293 0 0
381 293 0 0
380 293 0 0
379 293 0 0
378 293 0 0
377 293 0 0
376 293 0 0
375 293 0 0
374 293 0 0
373 293 0 0
372 293 0 0
371 293 0 0
370 293 0 0
369 293 0 0
368 293 0 0
367 293 0 0
366 293 0 0
365 293 0 0
364 293 0 0
363 293 0 0
362 293 0 0
361 293 0 0
360 293 0 0
359 293 0 0
358 293 0 0
357 293 0 0
356 293 0 0
355 293 0 0
354 293 0 0
353 293 0 0
352 293 0 0
351 293 0 0
350 293 0 0
349 293 0 0
348 293 0 0
347 293 0 0
346 293 0 0
345 293 0 0
344 293 0 0
343 293 0 0
342 293 0 0
341 293 0 0
340 293 0 0
339 293 0 0
338 293 0 0
337 293 0 0
336 293 0 0
335 293 0 0
334 293 0 0
333 293 0 0
332 293 0 0
331 293 0 0
330 293 0 0
329 293 0 0
328 293 0 0
327 293 0 0
326 293 0 0
325 293 0 0
324 293 0 0
323 293 0 0
322 293 0 0
321 293 0 0
320 293 0 0
319 293 0 0
318 293 0 0
317 293 0 0
316 293 0 0
315 293 0 0
314 293 0 0
313 293 0 0
312 293 0 0
311 293 0 0
310 293 0 0
309 293 0 0
308 293 0 0
307 293 0 0
306 293 0 0
305 293 0 0
304 293 0 0
303 293 0 0
302 293 0 0
301 293 0 0
300 293 0 0
299 293 0 0
298 293 0 0
297 293 0 0
296 293 0 0
295 293 0 0
90 293 0 1
89 293 0 1
88 293 0 1
87 293 0 1
86 293 0 1
85 293 0 1
593 292 0 0
592 292 0 0
591 292 0 0
590 292 0 0
589 292 0 0
588 292 0 0
490 292 0 1
489 292 0 1
488 292 0 1
487 292 0 1
486 292 0 1
485 292 0 1
384 292 0 0
383 292 0 0
382 292 0 0
381 292 0 0
380 292 0 0
379 292 0 0
378 292 0 0
377 292 0 0
376 292 0 0
375 292 0 0
374 292 0 0
89 292 0 1
88 292 0 1
87 292 0 1
86 292 0 1
85 292 0 1
84 292 0 1
593 291 0 0
592 291 0 0
591 291 0 0
590 291 0 0
589 291 0 0
490 291 0 1
489 291 0 1
488 291 0 1
487 291 0 1
486 291 0 1
485 291 0 1
385 291 0 0
384 291 0 0
383 291 0 0
382 291 0 0
381 291 0 0
380 291 0 0
379 291 0 0
378 291 0 0
377 291 0 0
89 291 0 1
88 291 0 1
87 291 0 1
86 291 0 1
85 291 0 1
84 291 0 1
594 290 0 0
593 290 0 0
592 290 0 0
591 290 0 0
590 290 0 0
589 290 0 0
491 290 0 1
490 290 0 1
489 290 0 1
488 290 0 1
487 290 0 1
486 290 0 1
387 290 0 0
386 290 0 0
385 290 0 0
384 290 0 0
383 290 0 0
382 290 0 0
381 290 0 0
380 290 0 0
379 290 0 0
378 290 0 0
88 290 0 1
87 290 0 1
86 290 0 1
85 290 0 1
84 290 0 1
83 290 0 1
594 289 0 0
593 289 0 0
592 289 0 0
591 289 0 0
590 289 0 0
491 289 0 1
490 289 0 1
489 289 0 1
488 289 0 1
487 289 0 1
486 289 0 1
388 289 0 0
387 289 0 0
386 289 0 0
385 289 0 0
384 289 0 0
383 289 0 0
382 289 0 0
381 289 0 0
380 289 0 0
88 289 0 1
87 289 0 1
86 289 0 1
85 289 0 1
84 289 0 1
83 289 0 1
595 288 0 0
594 288 0 0
593 288 0 0
592 288 0 0
591 288 0 0
590 288 0 0
492 288 0 1
491 288 0 1
490 288 0 1
489 288 0 1
488 288 0 1
487 288 0 1
390 288 0 0
389 288 0 0
388 288 0 0
387 288 0 0
386 288 0 0
385 288 0 0
384 288 0 0
383 288 0 0
382 288 0 0
381 288 0 0
87 288 0 1
86 288 0 1
85 288 0 1
84 288 0 1
83 288 0 1
82 288 0 1
596 287 0 0
595 287 0 0
594 287 0 0
593 287 0 0
592 287 0 0
591 287 0 0
493 287 0 1
492 287 0 1
491 287 0 1
490 287 0 1
489 287 0 1
488 287 0 1
391 287 0 0
390 287 0 0
389 287 0 0
388 287 0 0
387 287 0 0
386 287 0 0
385 287 0 0
384 287 0 0
383 287 0 0
86 287 0 1
85 287 0 1
84 287 0 1
83 287 0 1
82 287 0 1
81 287 0 1
596 286 0 0
595 286 0 0
594 286 0 0
593 286 0 0
592 286 0 0
591 286 0 0
493 286 0 1
492 286 0 1
491 286 0 1
490 286 0 1
489 286 0 1
488 286 0 1
393 286 0 0
392 286 0 0
391 286 0 0
390 286 0 0
389 286 0 0
388 286 0 0
387 286 0 0
386 286 0 0
385 286 0 0
384 286 0 0
86 286 0 1
85 286 0 1
84 286 0 1
83 286 0 1
82 286 0 1
81 286 0 1
597 285 0 0
596 285 0 0
595 285 0 0
594 285 0 0
593 285 0 0
592 285 0 0
494 285 0 1
493 285 0 1
492 285 0 1
491 285 0 1
490 285 0 1
489 285 0 1
394 285 0 0
393 285 0 0
392 285 0 0
391 285 0 0
390 285 0 0
389 285 0 0
388 285 0 0
387 285 0 0
386 285 0 0
85 285 0 1
84 285 0 1
83 285 0 1
82 285 0 1
81 285 0 1
80 285 0 1
597 284 0 0
596 284 0 0
595 284 0 0
594 284 0 0
593 284 0 0
592 284 0 0
494 284 0 1
493 284 0 1
492 284 0 1
491 284 0 1
490 284 0 1
489 284 0 1
396 284 0 0
395 284 0 0
394 284 0 0
393 284 0 0
392 284 0 0
391 284 0 0
390 284 0 0
389 284 0 0
388 284 0 0
85 284 0 1
84 284 0 1
83 284 0 1
82 284 0 1
81 284 0 1
80 284 0 1
598 283 0 0
597 283 0 0
596 283 0 0
595 283 0 0
594 283 0 0
593 283 0 0
495 283 0 1
494 283 0 1
493 283 0 1
492 283 0 1
491 283 0 1
490 283 0 1
397 283 0 0
396 283 0 0
395 283 0 0
394 283 0 0
393 283 0 0
392 283 0 0
391 283 0 0
390 283 0 0
389 283 0 0
84 283 0 1
83 283 0 1
82 283 0 1
81 283 0 1
80 283 0 1
79 283 0 1
598 282 0 0
597 282 0 0
596 282 0 0
595 282 0 0
594 282 0 0
593 282 0 0
496 282 0 1
495 282 0 1
494 282 0 1
493 282 0 1
492 282 0 1
491 282 0 1
490 282 0 1
399 282 0 0
398 282 0 0
397 282 0 0
396 282 0 0
395 282 0 0
394 282 0 0
393 282 0 0
392 282 0 0
391 282 0 0
84 282 0 1
83 282 0 1
82 282 0 1
81 282 0 1
80 282 0 1
79 282 0 1
599 281 0 0
598 281 0 0
597 281 0 0
596 281 0 0
595 281 0 0
594 281 0 0
497 281 0 1
496 281 0 1
495 281 0 1
494 281 0 1
493 281 0 1
492 281 0 1
491 281 0 1
402 281 0 0
401 281 0 0
400 281 0 0
399 281 0 0
398 281 0 0
397 281 0 0
396 281 0 0
395 281 0 0
394 281 0 0
393 281 0 0
392 281 0 0
83 281 0 1
82 281 0 1
81 281 0 1
80 281 0 1
79 281 0 1
78 281 0 1
599 280 0 0
598 280 0 0
597 280 0 0
596 280 0 0
595 280 0 0
594 280 0 0
497 280 0 1
496 280 0 1
495 280 0 1
494 280 0 1
493 280 0 1
492 280 0 1
403 280 0 0
402 280 0 0
401 280 0 0
400 280 0 0
399 280 0 0
398 280 0 0
397 280 0 0
396 280 0 0
395 280 0 0
394 280 0 0
393 280 0 0
83 280 0 1
82 280 0 1
81 280 0 1
80 280 0 1
79 280 0 1
78 280 0 1
600 279 0 0
599 279 0 0
598 279 0 0
597 279 0 0
596 279 0 0
595 279 0 0
498 279 0 1
497 279 0 1
496 279 0 1
495 279 0 1
494 279 0 1
493 279 0 1
492 279 0 1
404 279 0 0
403 279 0 0
402 279 0 0
401 279 0 0
400 279 0 0
399 279 0 0
398 279 0 0
397 279 0 0
396 279 0 0
395 279 0 0
82 279 0 1
81 279 0 1
80 279 0 1
79 279 0 1
78 279 0 1
77 279 0 1
601 278 0 0
600 278 0 0
599 278 0 0
598 278 0 0
597 278 0 0
596 278 0 0
595 278 0 0
499 278 0 1
498 278 0 1
497 278 0 1
496 278 0 1
495 278 0 1
494 278 0 1
493 278 0 1
405 278 0 0
404 278 0 0
403 278 0 0
402 278 0 0
401 278 0 0
400 278 0 0
399 278 0 0
398 278 0 0
397 278 0 0
396 278 0 0
81 278 0 1
80 278 0 1
79 278 0 1
78 278 0 1
77 278 0 1
76 278 0 1
601 277 0 0
600 277 0 0
599 277 0 0
598 277 0 0
597 277 0 0
596 277 0 0
500 277 0 1
499 277 0 1
498 277 0 1
497 277 0 1
496 277 0 1
495 277 0 1
494 277 0 1
408 277 0 0
407 277 0 0
406 277 0 0
405 277 0 0
404 277 0 0
403 277 0 0
402 277 0 0
401 277 0 0
400 277 0 0
399 277 0 0
81 277 0 1
80 277 0 1
79 277 0 1
78 277 0 1
77 277 0 1
76 277 0 1
602 276 0 0
601 276 0 0
600 276 0 0
599 276 0 0
598 276 0 0
597 276 0 0
500 276 0 1
499 276 0 1
498 276 0 1
497 276 0 1
496 276 0 1
495 276 0 1
410 276 0 0
409 276 0 0
408 276 0 0
407 276 0 0
406 276 0 0
405 276 0 0
404 276 0 0
403 276 0 0
402 276 0 0
401 276 0 0
80 276 0 1
79 276 0 1
78 276 0 1
77 276 0 1
76 276 0 1
75 276 0 1
603 275 0 0
602 275 0 0
601 275 0 0
600 275 0 0
599 275 0 0
598 275 0 0
597 275 0 0
501 275 0 1
500 275 0 1
499 275 0 1
498 275 0 1
497 275 0 1
496 275 0 1
495 275 0 1
411 275 0 0
410 275 0 0
409 275 0 0
408 275 0 0
407 275 0 0
406 275 0 0
405 275 0 0
404 275 0 0
403 275 0 0
402 275 0 0
80 275 0 1
79 275 0 1
78 275 0 1
77 275 0 1
76 275 0 1
75 275 0 1
604 274 0 0
603 274 0 0
602 274 0 0
601 274 0 0
600 274 0 0
599 274 0 0
598 274 0 0
502 274 0 1
501 274 0 1
500 274 0 1
499 274 0 1
498 274 0 1
497 274 0 1
496 274 0 1
412 274 0 0
411 274 0 0
410 274 0 0
409 274 0 0
408 274 0 0
407 274 0 0
406 274 0 0
405 274 0 0
404 274 0 0
403 274 0 0
79 274 0 1
78 274 0 1
77 274 0 1
76 274 0 1
75 274 0 1
74 274 0 1
604 273 0 0
603 273 0 0
602 273 0 0
601 273 0 0
600 273 0 0
599 273 0 0
502 273 0 1
501 273 0 1
500 273 0 1
499 273 0 1
498 273 0 1
497 273 0 1
413 273 0 0
412 273 0 0
411 273 0 0
410 273 0 0
409 273 0 0
408 273 0 0
407 273 0 0
406 273 0 0
405 273 0 0
404 273 0 0
78 273 0 1
77 273 0 1
76 273 0 1
75 273 0 1
74 273 0 1
73 273 0 1
605 272 0 0
604 272 0 0
603 272 0 0
602 272 0 0
601 272 0 0
600 272 0 0
599 272 0 0
503 272 0 1
502 272 0 1
501 272 0 1
500 272 0 1
499 272 0 1
498 272 0 1
414 272 0 0
413 272 0 0
412 272 0 0
411 272 0 0
410 272 0 0
409 272 0 0
408 272 0 0
407 272 0 0
78 272 0 1
77 272 0 1
76 272 0 1
75 272 0 1
74 272 0 1
73 272 0 1
606 271 0 0
605 271 0 0
604 271 0 0
603 271 0 0
602 271 0 0
601 271 0 0
600 271 0 0
503 271 0 1
502 271 0 1
501 271 0 1
500 271 0 1
499 271 0 1
498 271 0 1
416 271 0 0
415 271 0 0
414 271 0 0
413 271 0 0
412 271 0 0
411 271 0 0
410 271 0 0
409 271 0 0
77 271 0 1
76 271 0 1
75 271 0 1
74 271 0 1
73 271 0 1
72 271 0 1
606 270 0 0
605 270 0 0
604 270 0 0
603 270 0 0
602 270 0 0
601 270 0 0
504 270 0 1
503 270 0 1
502 270 0 1
501 270 0 1
500 270 0 1
499 270 0 1
417 270 0 0
416 270 0 0
415 270 0 0
414 270 0 0
413 270 0 0
412 270 0 0
411 270 0 0
410 270 0 0
76 270 0 1
75 270 0 1
74 270 0 1
73 270 0 1
72 270 0 1
71 270 0 1
607 269 0 0
606 269 0 0
605 269 0 0
604 269 0 0
603 269 0 0
602 269 0 0
504 269 0 1
503 269 0 1
502 269 0 1
501 269 0 1
500 269 0 1
499 269 0 1
418 269 0 0
417 269 0 0
416 269 0 0
415 269 0 0
414 269 0 0
413 269 0 0
412 269 0 0
411 269 0 0
76 269 0 1
75 269 0 1
74 269 0 1
73 269 0 1
72 269 0 1
71 269 0 1
608 268 0 0
607 268 0 0
606 268 0 0
605 268 0 0
604 268 0 0
603 268 0 0
602 268 0 0
505 268 0 1
504 268 0 1
503 268 0 1
502 268 0 1
501 268 0 1
500 268 0 1
419 268 0 0
418 268 0 0
417 268 0 0
416 268 0 0
415 268 0 0
414 268 0 0
413 268 0 0
412 268 0 0
75 268 0 1
74 268 0 1
73 268 0 1
72 268 0 1
71 268 0 1
70 268 0 1
609 267 0 0
608 267 0 0
607 267 0 0
606 267 0 0
605 267 0 0
604 267 0 0
603 267 0 0
506 267 0 1
505 267 0 1
504 267 0 1
503 267 0 1
502 267 0 1
501 267 0 1
420 267 0 0
419 267 0 0
418 267 0 0
417 267 0 0
416 267 0 0
415 267 0 0
414 267 0 0
413 267 0 0
74 267 0 1
73 267 0 1
72 267 0 1
71 267 0 1
70 267 0 1
69 267 0 1
609 266 0 0
608 266 0 0
607 266 0 0
606 266 0 0
605 266 0 0
604 266 0 0
506 266 0 1
505 266 0 1
504 266 0 1
503 266 0 1
502 266 0 1
501 266 0 1
421 266 0 0
420 266 0 0
419 266 0 0
418 266 0 0
417 266 0 0
416 266 0 0
415 266 0 0
74 266 0 1
73 266 0 1
72 266 0 1
71 266 0 1
70 266 0 1
69 266 0 1
610 265 0 0
609 265 0 0
608 265 0 0
607 265 0 0
606 265 0 0
605 265 0 0
604 265 0 0
507 265 0 1
506 265 0 1
505 265 0 1
504 265 0 1
503 265 0 1
502 265 0 1
423 265 0 0
422 265 0 0
421 265 0 0
420 265 0 0
419 265 0 0
418 265 0 0
417 265 0 0
416 265 0 0
73 265 0 1
72 265 0 1
71 265 0 1
70 265 0 1
69 265 0 1
68 265 0 1
611 264 0 0
610 264 0 0
609 264 0 0
608 264 0 0
607 264 0 0
606 264 0 0
605 264 0 0
507 264 0 1
506 264 0 1
505 264 0 1
504 264 0 1
503 264 0 1
502 264 0 1
424 264 0 0
423 264 0 0
422 264 0 0
421 264 0 0
420 264 0 0
419 264 0 0
418 264 0 0
417 264 0 0
72 264 0 1
71 264 0 1
70 264 0 1
69 264 0 1
68 264 0 1
67 264 0 1
611 263 0 0
610 263 0 0
609 263 0 0
608 263 0 0
607 263 0 0
606 263 0 0
508 263 0 1
507 263 0 1
506 263 0 1
505 263 0 1
504 263 0 1
503 263 0 1
426 263 0 0
425 263 0 0
424 263 0 0
423 263 0 0
422 263 0 0
421 263 0 0
420 263 0 0
419 263 0 0
418 263 0 0
72 263 0 1
71 263 0 1
70 263 0 1
69 263 0 1
68 263 0 1
67 263 0 1
612 262 0 0
611 262 0 0
610 262 0 0
609 262 0 0
608 262 0 0
607 262 0 0
509 262 0 1
508 262 0 1
507 262 0 1
506 262 0 1
505 262 0 1
504 262 0 1
503 262 0 1
427 262 0 0
426 262 0 0
425 262 0 0
424 262 0 0
423 262 0 0
422 262 0 0
421 262 0 0
420 262 0 0
419 262 0 0
71 262 0 1
70 262 0 1
69 262 0 1
68 262 0 1
67 262 0 1
66 262 0 1
613 261 0 0
612 261 0 0
611 261 0 0
610 261 0 0
609 261 0 0
608 261 0 0
607 261 0 0
510 261 0 1
509 261 0 1
508 261 0 1
507 261 0 1
506 261 0 1
505 261 0 1
504 261 0 1
428 261 0 0
427 261 0 0
426 261 0 0
425 261 0 0
424 261 0 0
423 261 0 0
422 261 0 0
421 261 0 0
70 261 0 1
69 261 0 1
68 261 0 1
67 261 0 1
66 261 0 1
65 261 0 1
614 260 0 0
613 260 0 0
612 260 0 0
611 260 0 0
610 260 0 0
609 260 0 0
608 260 0 0
510 260 0 1
509 260 0 1
508 260 0 1
507 260 0 1
506 260 0 1
505 260 0 1
429 260 0 0
428 260 0 0
427 260 0 0
426 260 0 0
425 260 0 0
424 260 0 0
423 260 0 0
422 260 0 0
70 260 0 1
69 260 0 1
68 260 0 1
67 260 0 1
66 260 0 1
65 260 0 1
615 259 0 0
614 259 0 0
613 259 0 0
612 259 0 0
611 259 0 0
610 259 0 0
609 259 0 0
511 259 0 1
510 259 0 1
509 259 0 1
508 259 0 1
507 259 0 1
506 259 0 1
505 259 0 1
430 259 0 0
429 259 0 0
428 259 0 0
427 259 0 0
426 259 0 0
425 259 0 0
424 259 0 0
69 259 0 1
68 259 0 1
67 259 0 1
66 259 0 1
65 259 0 1
615 258 0 0
614 258 0 0
613 258 0 0
612 258 0 0
611 258 0 0
610 258 0 0
512 258 0 1
511 258 0 1
510 258 0 1
509 258 0 1
508 258 0 1
507 258 0 1
506 258 0 1
431 258 0 0
430 258 0 0
429 258 0 0
428 258 0 0
427 258 0 0
426 258 0 0
425 258 0 0
69 258 0 1
68 258 0 1
67 258 0 1
66 258 0 1
65 258 0 1
64 258 0 1
616 257 0 0
615 257 0 0
614 257 0 0
613 257 0 0
612 257 0 0
611 257 0 0
610 257 0 0
513 257 0 1
512 257 0 1
511 257 0 1
510 257 0 1
509 257 0 1
508 257 0 1
507 257 0 1
432 257 0 0
431 257 0 0
430 257 0 0
429 257 0 0
428 257 0 0
427 257 0 0
426 257 0 0
68 257 0 1
67 257 0 1
66 257 0 1
65 257 0 1
64 257 0 1
617 256 0 0
616 256 0 0
615 256 0 0
614 256 0 0
613 256 0 0
612 256 0 0
611 256 0 0
513 256 0 1
512 256 0 1
511 256 0 1
510 256 0 1
509 256 0 1
508 256 0 1
433 256 0 0
432 256 0 0
431 256 0 0
430 256 0 0
429 256 0 0
428 256 0 0
427 256 0 0
68 256 0 1
67 256 0 1
66 256 0 1
65 256 0 1
64 256 0 1
63 256 0 1
618 255 0 0
617 255 0 0
616 255 0 0
615 255 0 0
614 255 0 0
613 255 0 0
612 255 0 0
514 255 0 1
513 255 0 1
512 255 0 1
511 255 0 1
510 255 0 1
509 255 0 1
508 255 0 1
433 255 0 0
432 255 0 0
431 255 0 0
430 255 0 0
429 255 0 0
428 255 0 0
68 255 0 1
67 255 0 1
66 255 0 1
65 255 0 1
64 255 0 1
63 255 0 1
619 254 0 0
618 254 0 0
617 254 0 0
616 254 0 0
615 254 0 0
614 254 0 0
613 254 0 0
515 254 0 1
514 254 0 1
513 254 0 1
512 254 0 1
511 254 0 1
510 254 0 1
509 254 0 1
434 254 0 0
433 254 0 0
432 254 0 0
431 254 0 0
430 254 0 0
429 254 0 0
67 254 0 1
66 254 0 1
65 254 0 1
64 254 0 1
63 254 0 1
62 254 0 1
619 253 0 0
618 253 0 0
617 253 0 0
616 253 0 0
615 253 0 0
614 253 0 0
515 253 0 1
514 253 0 1
513 253 0 1
512 253 0 1
511 253 0 1
510 253 0 1
435 253 0 0
434 253 0 0
433 253 0 0
432 253 0 0
431 253 0 0
430 253 0 0
429 253 0 0
67 253 0 1
66 253 0 1
65 253 0 1
64 253 0 1
63 253 0 1
62 253 0 1
620 252 0 0
619 252 0 0
618 252 0 0
617 252 0 0
616 252 0 0
615 252 0 0
614 252 0 0
516 252 0 1
515 252 0 1
514 252 0 1
513 252 0 1
512 252 0 1
511 252 0 1
436 252 0 0
435 252 0 0
434 252 0 0
433 252 0 0
432 252 0 0
431 252 0 0
430 252 0 0
66 252 0 1
65 252 0 1
64 252 0 1
63 252 0 1
62 252 0 1
621 251 0 0
620 251 0 0
619 251 0 0
618 251 0 0
617 251 0 0
616 251 0 0
615 251 0 0
517 251 0 1
516 251 0 1
515 251 0 1
514 251 0 1
513 251 0 1
512 251 0 1
511 251 0 1
436 251 0 0
435 251 0 0
434 251 0 0
433 251 0 0
432 251 0 0
431 251 0 0
66 251 0 1
65 251 0 1
64 251 0 1
63 251 0 1
62 251 0 1
61 251 0 1
622 250 0 0
621 250 0 0
620 250 0 0
619 250 0 0
618 250 0 0
617 250 0 0
616 250 0 0
517 250 0 1
516 250 0 1
515 250 0 1
514 250 0 1
513 250 0 1
512 250 0 1
437 250 0 0
436 250 0 0
435 250 0 0
434 250 0 0
433 250 0 0
432 250 0 0
65 250 0 1
64 250 0 1
63 250 0 1
62 250 0 1
61 250 0 1
623 249 0 0
622 249 0 0
621 249 0 0
620 249 0 0
619 249 0 0
618 249 0 0
617 249 0 0
518 249 0 1
517 249 0 1
516 249 0 1
515 249 0 1
514 249 0 1
513 249 0 1
438 249 0 0
437 249 0 0
436 249 0 0
435 249 0 0
434 249 0 0
433 249 0 0
432 249 0 0
65 249 0 1
64 249 0 1
63 249 0 1
62 249 0 1
61 249 0 1
60 249 0 1
623 248 0 0
622 248 0 0
621 248 0 0
620 248 0 0
619 248 0 0
618 248 0 0
518 248 0 1
517 248 0 1
516 248 0 1
515 248 0 1
514 248 0 1
513 248 0 1
439 248 0 0
438 248 0 0
437 248 0 0
436 248 0 0
435 248 0 0
434 248 0 0
433 248 0 0
65 248 0 1
64 248 0 1
63 248 0 1
62 248 0 1
61 248 0 1
60 248 0 1
624 247 0 0
623 247 0 0
622 247 0 0
621 247 0 0
620 247 0 0
619 247 0 0
618 247 0 0
518 247 0 1
517 247 0 1
516 247 0 1
515 247 0 1
514 247 0 1
440 247 0 0
439 247 0 0
438 247 0 0
437 247 0 0
436 247 0 0
435 247 0 0
434 247 0 0
64 247 0 1
63 247 0 1
62 247 0 1
61 247 0 1
60 247 0 1
59 247 0 1
625 246 0 0
624 246 0 0
623 246 0 0
622 246 0 0
621 246 0 0
620 246 0 0
619 246 0 0
519 246 0 1
518 246 0 1
517 246 0 1
516 246 0 1
515 246 0 1
441 246 0 0
440 246 0 0
439 246 0 0
438 246 0 0
437 246 0 0
436 246 0 0
435 246 0 0
64 246 0 1
63 246 0 1
62 246 0 1
61 246 0 1
60 246 0 1
59 246 0 1
626 245 0 0
625 245 0 0
624 245 0 0
623 245 0 0
622 245 0 0
621 245 0 0
620 245 0 0
519 245 0 1
518 245 0 1
517 245 0 1
516 245 0 1
515 245 0 1
441 245 0 0
440 245 0 0
439 245 0 0
438 245 0 0
437 245 0 0
436 245 0 0
435 245 0 0
63 245 0 1
62 245 0 1
61 245 0 1
60 245 0 1
59 245 0 1
626 244 0 0
625 244 0 0
624 244 0 0
623 244 0 0
622 244 0 0
621 244 0 0
520 244 0 1
519 244 0 1
518 244 0 1
517 244 0 1
516 244 0 1
515 244 0 1
442 244 0 0
441 244 0 0
440 244 0 0
439 244 0 0
438 244 0 0
437 244 0 0
436 244 0 0
63 244 0 1
62 244 0 1
61 244 0 1
60 244 0 1
59 244 0 1
58 244 0 1
626 243 0 0
625 243 0 0
624 243 0 0
623 243 0 0
622 243 0 0
621 243 0 0
520 243 0 1
519 243 0 1
518 243 0 1
517 243 0 1
516 243 0 1
515 243 0 1
443 243 0 0
442 243 0 0
441 243 0 0
440 243 0 0
439 243 0 0
438 243 0 0
437 243 0 0
62 243 0 1
61 243 0 1
60 243 0 1
59 243 0 1
58 243 0 1
626 242 0 0
625 242 0 0
624 242 0 0
623 242 0 0
622 242 0 0
521 242 0 1
520 242 0 1
519 242 0 1
518 242 0 1
517 242 0 1
516 242 0 1
443 242 0 0
442 242 0 0
441 242 0 0
440 242 0 0
439 242 0 0
438 242 0 0
62 242 0 1
61 242 0 1
60 242 0 1
59 242 0 1
58 242 0 1
57 242 0 1
521 241 0 1
520 241 0 1
519 241 0 1
518 241 0 1
517 241 0 1
516 241 0 1
444 241 0 0
443 241 0 0
442 241 0 0
441 241 0 0
440 241 0 0
439 241 0 0
62 241 0 1
61 241 0 1
60 241 0 1
59 241 0 1
58 241 0 1
57 241 0 1
522 240 0 1
521 240 0 1
520 240 0 1
519 240 0 1
518 240 0 1
517 240 0 1
444 240 0 0
443 240 0 0
442 240 0 0
441 240 0 0
440 240 0 0
439 240 0 0
61 240 0 1
60 240 0 1
59 240 0 1
58 240 0 1
57 240 0 1
523 239 0 1
522 239 0 1
521 239 0 1
520 239 0 1
519 239 0 1
518 239 0 1
517 239 0 1
445 239 0 0
444 239 0 0
443 239 0 0
442 239 0 0
441 239 0 0
440 239 0 0
61 239 0 1
60 239 0 1
59 239 0 1
58 239 0 1
57 239 0 1
523 238 0 1
522 238 0 1
521 238 0 1
520 238 0 1
519 238 0 1
518 238 0 1
445 238 0 0
444 238 0 0
443 238 0 0
442 238 0 0
441 238 0 0
440 238 0 0
61 238 0 1
60 238 0 1
59 238 0 1
58 238 0 1
57 238 0 1
56 238 0 1
524 237 0 1
523 237 0 1
522 237 0 1
521 237 0 1
520 237 0 1
519 237 0 1
446 237 0 0
445 237 0 0
444 237 0 0
443 237 0 0
442 237 0 0
441 237 0 0
60 237 0 1
59 237 0 1
58 237 0 1
57 237 0 1
56 237 0 1
524 236 0 1
523 236 0 1
522 236 0 1
521 236 0 1
520 236 0 1
519 236 0 1
446 236 0 0
445 236 0 0
444 236 0 0
443 236 0 0
442 236 0 0
441 236 0 0
60 236 0 1
59 236 0 1
58 236 0 1
57 236 0 1
56 236 0 1
525 235 0 1
524 235 0 1
523 235 0 1
522 235 0 1
521 235 0 1
520 235 0 1
447 235 0 0
446 235 0 0
445 235 0 0
444 235 0 0
443 235 0 0
442 235 0 0
60 235 0 1
59 235 0 1
58 235 0 1
57 235 0 1
56 235 0 1
55 235 0 1
525 234 0 1
524 234 0 1
523 234 0 1
522 234 0 1
521 234 0 1
520 234 0 1
447 234 0 0
446 234 0 0
445 234 0 0
444 234 0 0
443 234 0 0
442 234 0 0
59 234 0 1
58 234 0 1
57 234 0 1
56 234 0 1
55 234 0 1
526 233 0 1
525 233 0 1
524 233 0 1
523 233 0 1
522 233 0 1
521 233 0 1
447 233 0 0
446 233 0 0
445 233 0 0
444 233 0 0
443 233 0 0
59 233 0 1
58 233 0 1
57 233 0 1
56 233 0 1
55 233 0 1
526 232 0 1
525 232 0 1
524 232 0 1
523 232 0 1
522 232 0 1
521 232 0 1
448 232 0 0
447 232 0 0
446 232 0 0
445 232 0 0
444 232 0 0
443 232 0 0
59 232 0 1
58 232 0 1
57 232 0 1
56 232 0 1
55 232 0 1
54 232 0 1
527 231 0 1
526 231 0 1
525 231 0 1
524 231 0 1
523 231 0 1
522 231 0 1
448 231 0 0
447 231 0 0
446 231 0 0
445 231 0 0
444 231 0 0
443 231 0 0
58 231 0 1
57 231 0 1
56 231 0 1
55 231 0 1
54 231 0 1
527 230 0 1
526 230 0 1
525 230 0 1
524 230 0 1
523 230 0 1
522 230 0 1
449 230 0 0
448 230 0 0
447 230 0 0
446 230 0 0
445 230 0 0
444 230 0 0
58 230 0 1
57 230 0 1
56 230 0 1
55 230 0 1
54 230 0 1
528 229 0 1
527 229 0 1
526 229 0 1
525 229 0 1
524 229 0 1
523 229 0 1
449 229 0 0
448 229 0 0
447 229 0 0
446 229 0 0
445 229 0 0
444 229 0 0
58 229 0 1
57 229 0 1
56 229 0 1
55 229 0 1
54 229 0 1
53 229 0 1
528 228 0 1
527 228 0 1
526 228 0 1
525 228 0 1
524 228 0 1
523 228 0 1
450 228 0 0
449 228 0 0
448 228 0 0
447 228 0 0
446 228 0 0
445 228 0 0
57 228 0 1
56 228 0 1
55 228 0 1
54 228 0 1
53 228 0 1
529 227 0 1
528 227 0 1
527 227 0 1
526 227 0 1
525 227 0 1
524 227 0 1
450 227 0 0
449 227 0 0
448 227 0 0
447 227 0 0
446 227 0 0
445 227 0 0
57 227 0 1
56 227 0 1
55 227 0 1
54 227 0 1
53 227 0 1
529 226 0 1
528 226 0 1
527 226 0 1
526 226 0 1
525 226 0 1
524 226 0 1
451 226 0 0
450 226 0 0
449 226 0 0
448 226 0 0
447 226 0 0
446 226 0 0
57 226 0 1
56 226 0 1
55 226 0 1
54 226 0 1
53 226 0 1
52 226 0 1
530 225 0 1
529 225 0 1
528 225 0 1
527 225 0 1
526 225 0 1
525 225 0 1
451 225 0 0
450 225 0 0
449 225 0 0
448 225 0 0
447 225 0 0
57 225 0 1
56 225 0 1
55 225 0 1
54 225 0 1
53 225 0 1
52 225 0 1
530 224 0 1
529 224 0 1
528 224 0 1
527 224 0 1
526 224 0 1
525 224 0 1
452 224 0 0
451 224 0 0
450 224 0 0
449 224 0 0
448 224 0 0
447 224 0 0
56 224 0 1
55 224 0 1
54 224 0 1
53 224 0 1
52 224 0 1
531 223 0 1
530 223 0 1
529 223 0 1
528 223 0 1
527 223 0 1
526 223 0 1
453 223 0 0
452 223 0 0
451 223 0 0
450 223 0 0
449 223 0 0
448 223 0 0
56 223 0 1
55 223 0 1
54 223 0 1
53 223 0 1
52 223 0 1
51 223 0 1
531 222 0 1
530 222 0 1
529 222 0 1
528 222 0 1
527 222 0 1
526 222 0 1
453 222 0 0
452 222 0 0
451 222 0 0
450 222 0 0
449 222 0 0
448 222 0 0
56 222 0 1
55 222 0 1
54 222 0 1
53 222 0 1
52 222 0 1
51 222 0 1
532 221 0 1
531 221 0 1
530 221 0 1
529 221 0 1
528 221 0 1
527 221 0 1
453 221 0 0
452 221 0 0
451 221 0 0
450 221 0 0
449 221 0 0
55 221 0 1
54 221 0 1
53 221 0 1
52 221 0 1
51 221 0 1
532 220 0 1
531 220 0 1
530 220 0 1
529 220 0 1
528 220 0 1
527 220 0 1
454 220 0 0
453 220 0 0
452 220 0 0
451 220 0 0
450 220 0 0
449 220 0 0
55 220 0 1
54 220 0 1
53 220 0 1
52 220 0 1
51 220 0 1
533 219 0 1
532 219 0 1
531 219 0 1
530 219 0 1
529 219 0 1
528 219 0 1
454 219 0 0
453 219 0 0
452 219 0 0
451 219 0 0
450 219 0 0
449 219 0 0
55 219 0 1
54 219 0 1
53 219 0 1
52 219 0 1
51 219 0 1
534 218 0 1
533 218 0 1
532 218 0 1
531 218 0 1
530 218 0 1
529 218 0 1
454 218 0 0
453 218 0 0
452 218 0 0
451 218 0 0
450 218 0 0
54 218 0 1
53 218 0 1
52 218 0 1
51 218 0 1
534 217 0 1
533 217 0 1
532 217 0 1
531 217 0 1
530 217 0 1
529 217 0 1
455 217 0 0
454 217 0 0
453 217 0 0
452 217 0 0
451 217 0 0
450 217 0 0
54 217 0 1
53 217 0 1
52 217 0 1
51 217 0 1
535 216 0 1
534 216 0 1
533 216 0 1
532 216 0 1
531 216 0 1
530 216 0 1
455 216 0 0
454 216 0 0
453 216 0 0
452 216 0 0
451 216 0 0
54 216 0 1
53 216 0 1
52 216 0 1
51 216 0 1
536 215 0 1
535 215 0 1
534 215 0 1
533 215 0 1
532 215 0 1
531 215 0 1
455 215 0 0
454 215 0 0
453 215 0 0
452 215 0 0
451 215 0 0
54 215 0 1
53 215 0 1
52 215 0 1
51 215 0 1
536 214 0 1
535 214 0 1
534 214 0 1
533 214 0 1
532 214 0 1
531 214 0 1
456 214 0 0
455 214 0 0
454 214 0 0
453 214 0 0
452 214 0 0
451 214 0 0
54 214 0 1
53 214 0 1
52 214 0 1
51 214 0 1
537 213 0 1
536 213 0 1
535 213 0 1
534 213 0 1
533 213 0 1
532 213 0 1
456 213 0 0
455 213 0 0
454 213 0 0
453 213 0 0
452 213 0 0
54 213 0 1
53 213 0 1
52 213 0 1
51 213 0 1
538 212 0 1
537 212 0 1
536 212 0 1
535 212 0 1
534 212 0 1
533 212 0 1
456 212 0 0
455 212 0 0
454 212 0 0
453 212 0 0
452 212 0 0
54 212 0 1
53 212 0 1
52 212 0 1
51 212 0 1
538 211 0 1
537 211 0 1
536 211 0 1
535 211 0 1
534 211 0 1
533 211 0 1
456 211 0 0
455 211 0 0
454 211 0 0
453 211 0 0
452 211 0 0
54 211 0 1
53 211 0 1
52 211 0 1
51 211 0 1
539 210 0 1
538 210 0 1
537 210 0 1
536 210 0 1
535 210 0 1
534 210 0 1
456 210 0 0
455 210 0 0
454 210 0 0
453 210 0 0
54 210 0 1
53 210 0 1
52 210 0 1
51 210 0 1
539 209 0 1
538 209 0 1
537 209 0 1
536 209 0 1
535 209 0 1
534 209 0 1
456 209 0 0
455 209 0 0
454 209 0 0
453 209 0 0
54 209 0 1
53 209 0 1
52 209 0 1
51 209 0 1
540 208 0 1
539 208 0 1
538 208 0 1
537 208 0 1
536 208 0 1
535 208 0 1
456 208 0 0
455 208 0 0
454 208 0 0
453 208 0 0
451 208 0 0
450 208 0 0
449 208 0 0
448 208 0 0
540 207 0 1
539 207 0 1
538 207 0 1
537 207 0 1
536 207 0 1
535 207 0 1
457 207 0 0
456 207 0 0
455 207 0 0
454 207 0 0
453 207 0 0
452 207 0 0
451 207 0 0
450 207 0 0
449 207 0 0
448 207 0 0
541 206 0 1
540 206 0 1
539 206 0 1
538 206 0 1
537 206 0 1
536 206 0 1
457 206 0 0
456 206 0 0
455 206 0 0
454 206 0 0
453 206 0 0
452 206 0 0
451 206 0 0
450 206 0 0
449 206 0 0
448 206 0 0
541 205 0 1
540 205 0 1
539 205 0 1
538 205 0 1
537 205 0 1
536 205 0 1
457 205 0 0
456 205 0 0
455 205 0 0
454 205 0 0
453 205 0 0
452 205 0 0
451 205 0 0
450 205 0 0
449 205 0 0
448 205 0 0
542 204 0 1
541 204 0 1
540 204 0 1
539 204 0 1
538 204 0 1
537 204 0 1
457 204 0 0
456 204 0 0
455 204 0 0
454 204 0 0
453 204 0 0
452 204 0 0
451 204 0 0
450 204 0 0
449 204 0 0
448 204 0 0
542 203 0 1
541 203 0 1
540 203 0 1
539 203 0 1
538 203 0 1
537 203 0 1
457 203 0 0
456 203 0 0
455 203 0 0
454 203 0 0
453 203 0 0
452 203 0 0
451 203 0 0
450 203 0 0
449 203 0 0
448 203 0 0
542 202 0 1
541 202 0 1
540 202 0 1
539 202 0 1
538 202 0 1
457 202 0 0
456 202 0 0
455 202 0 0
454 202 0 0
453 202 0 0
452 202 0 0
451 202 0 0
450 202 0 0
449 202 0 0
448 202 0 0
543 201 0 1
542 201 0 1
541 201 0 1
540 201 0 1
539 201 0 1
538 201 0 1
457 201 0 0
456 201 0 0
455 201 0 0
454 201 0 0
453 201 0 0
452 201 0 0
451 201 0 0
450 201 0 0
449 201 0 0
448 201 0 0
543 200 0 1
542 200 0 1
541 200 0 1
540 200 0 1
539 200 0 1
457 200 0 0
456 200 0 0
455 200 0 0
454 200 0 0
453 200 0 0
452 200 0 0
451 200 0 0
450 200 0 0
449 200 0 0
448 200 0 0
543 199 0 1
542 199 0 1
541 199 0 1
540 199 0 1
539 199 0 1
457 199 0 0
456 199 0 0
455 199 0 0
454 199 0 0
453 199 0 0
452 199 0 0
451 199 0 0
450 199 0 0
449 199 0 0
448 199 0 0
544 198 0 1
543 198 0 1
542 198 0 1
541 198 0 1
540 198 0 1
539 198 0 1
457 198 0 0
456 198 0 0
455 198 0 0
454 198 0 0
453 198 0 0
452 198 0 0
451 198 0 0
450 198 0 0
449 198 0 0
448 198 0 0
544 197 0 1
543 197 0 1
542 197 0 1
541 197 0 1
540 197 0 1
457 197 0 0
456 197 0 0
455 197 0 0
454 197 0 0
453 197 0 0
452 197 0 0
451 197 0 0
450 197 0 0
449 197 0 0
448 197 0 0
544 196 0 1
543 196 0 1
542 196 0 1
541 196 0 1
540 196 0 1
457 196 0 0
456 196 0 0
455 196 0 0
454 196 0 0
453 196 0 0
451 196 0 0
450 196 0 0
449 196 0 0
448 196 0 0
544 195 0 1
543 195 0 1
542 195 0 1
541 195 0 1
540 195 0 1
457 195 0 0
456 195 0 0
455 195 0 0
454 195 0 0
453 195 0 0
451 195 0 0
450 195 0 0
449 195 0 0
448 195 0 0
544 194 0 1
543 194 0 1
542 194 0 1
541 194 0 1
540 194 0 1
457 194 0 0
456 194 0 0
455 194 0 0
454 194 0 0
451 194 0 0
450 194 0 0
449 194 0 0
448 194 0 0
545 193 0 1
544 193 0 1
543 193 0 1
542 193 0 1
541 193 0 1
540 193 0 1
451 193 0 0
450 193 0 0
449 193 0 0
448 193 0 0
545 192 0 1
544 192 0 1
543 192 0 1
542 192 0 1
541 192 0 1
451 192 0 0
450 192 0 0
449 192 0 0
448 192 0 0
546 191 0 1
545 191 0 1
544 191 0 1
543 191 0 1
542 191 0 1
541 191 0 1
451 191 0 0
450 191 0 0
449 191 0 0
448 191 0 0
546 190 0 1
545 190 0 1
544 190 0 1
543 190 0 1
542 190 0 1
541 190 0 1
451 190 0 0
450 190 0 0
449 190 0 0
448 190 0 0
547 189 0 1
546 189 0 1
545 189 0 1
544 189 0 1
543 189 0 1
542 189 0 1
451 189 0 0
450 189 0 0
449 189 0 0
448 189 0 0
547 188 0 1
546 188 0 1
545 188 0 1
544 188 0 1
543 188 0 1
542 188 0 1
451 188 0 0
450 188 0 0
449 188 0 0
448 188 0 0
547 187 0 1
546 187 0 1
545 187 0 1
544 187 0 1
543 187 0 1
451 187 0 0
450 187 0 0
449 187 0 0
448 187 0 0
548 186 0 1
547 186 0 1
546 186 0 1
545 186 0 1
544 186 0 1
543 186 0 1
451 186 0 0
450 186 0 0
449 186 0 0
448 186 0 0
548 185 0 1
547 185 0 1
546 185 0 1
545 185 0 1
544 185 0 1
543 185 0 1
451 185 0 0
450 185 0 0
449 185 0 0
448 185 0 0
548 184 0 1
547 184 0 1
546 184 0 1
545 184 0 1
544 184 0 1
451 184 0 0
450 184 0 0
449 184 0 0
448 184 0 0
549 183 0 1
548 183 0 1
547 183 0 1
546 183 0 1
545 183 0 1
544 183 0 1
451 183 0 0
450 183 0 0
449 183 0 0
448 183 0 0
549 182 0 1
548 182 0 1
547 182 0 1
546 182 0 1
545 182 0 1
544 182 0 1
451 182 0 0
450 182 0 0
449 182 0 0
448 182 0 0
549 181 0 1
548 181 0 1
547 181 0 1
546 181 0 1
545 181 0 1
451 181 0 0
450 181 0 0
449 181 0 0
448 181 0 0
549 180 0 1
548 180 0 1
547 180 0 1
546 180 0 1
545 180 0 1
451 180 0 0
450 180 0 0
449 180 0 0
448 180 0 0
549 179 0 1
548 179 0 1
547 179 0 1
546 179 0 1
545 179 0 1
451 179 0 0
450 179 0 0
449 179 0 0
448 179 0 0
549 178 0 1
548 178 0 1
547 178 0 1
546 178 0 1
451 178 0 0
450 178 0 0
449 178 0 0
448 178 0 0
549 177 0 1
548 177 0 1
547 177 0 1
546 177 0 1
451 177 0 0
450 177 0 0
449 177 0 0
448 177 0 0
549 176 0 1
548 176 0 1
547 176 0 1
546 176 0 1
451 176 0 0
450 176 0 0
449 176 0 0
448 176 0 0
549 175 0 1
548 175 0 1
547 175 0 1
546 175 0 1
451 175 0 0
450 175 0 0
449 175 0 0
448 175 0 0
549 174 0 1
548 174 0 1
547 174 0 1
546 174 0 1
451 174 0 0
450 174 0 0
449 174 0 0
448 174 0 0
550 173 0 1
549 173 0 1
548 173 0 1
547 173 0 1
546 173 0 1
451 173 0 0
450 173 0 0
449 173 0 0
448 173 0 0
550 172 0 1
549 172 0 1
548 172 0 1
547 172 0 1
546 172 0 1
451 172 0 0
450 172 0 0
449 172 0 0
448 172 0 0
550 171 0 1
549 171 0 1
548 171 0 1
547 171 0 1
546 171 0 1
451 171 0 0
450 171 0 0
449 171 0 0
448 171 0 0
550 170 0 1
549 170 0 1
548 170 0 1
547 170 0 1
546 170 0 1
451 170 0 0
450 170 0 0
449 170 0 0
448 170 0 0
550 169 0 1
549 169 0 1
548 169 0 1
547 169 0 1
546 169 0 1
451 169 0 0
450 169 0 0
449 169 0 0
448 169 0 0
550 168 0 1
549 168 0 1
548 168 0 1
547 168 0 1
546 168 0 1
452 168 0 0
451 168 0 0
450 168 0 0
449 168 0 0
448 168 0 0
550 167 0 1
549 167 0 1
548 167 0 1
547 167 0 1
452 167 0 0
451 167 0 0
450 167 0 0
449 167 0 0
448 167 0 0
550 166 0 1
549 166 0 1
548 166 0 1
547 166 0 1
452 166 0 0
451 166 0 0
450 166 0 0
449 166 0 0
448 166 0 0
550 165 0 1
549 165 0 1
548 165 0 1
547 165 0 1
453 165 0 0
452 165 0 0
451 165 0 0
450 165 0 0
449 165 0 0
448 165 0 0
550 164 0 1
549 164 0 1
548 164 0 1
547 164 0 1
453 164 0 0
452 164 0 0
451 164 0 0
450 164 0 0
449 164 0 0
448 164 0 0
550 163 0 1
549 163 0 1
548 163 0 1
547 163 0 1
453 163 0 0
452 163 0 0
451 163 0 0
450 163 0 0
449 163 0 0
550 162 0 1
549 162 0 1
548 162 0 1
547 162 0 1
453 162 0 0
452 162 0 0
451 162 0 0
450 162 0 0
449 162 0 0
550 161 0 1
549 161 0 1
548 161 0 1
547 161 0 1
453 161 0 0
452 161 0 0
451 161 0 0
450 161 0 0
449 161 0 0
550 160 0 1
549 160 0 1
548 160 0 1
547 160 0 1
453 160 0 0
452 160 0 0
451 160 0 0
450 160 0 0
449 160 0 0
550 159 0 1
549 159 0 1
548 159 0 1
547 159 0 1
453 159 0 0
452 159 0 0
451 159 0 0
450 159 0 0
550 158 0 1
549 158 0 1
548 158 0 1
547 158 0 1
453 158 0 0
452 158 0 0
451 158 0 0
450 158 0 0
550 157 0 1
549 157 0 1
548 157 0 1
547 157 0 1
453 157 0 0
452 157 0 0
451 157 0 0
450 157 0 0
550 156 0 1
549 156 0 1
548 156 0 1
547 156 0 1
453 156 0 0
452 156 0 0
451 156 0 0
450 156 0 0
550 155 0 1
549 155 0 1
548 155 0 1
547 155 0 1
453 155 0 0
452 155 0 0
451 155 0 0
450 155 0 0
550 154 0 1
549 154 0 1
548 154 0 1
547 154 0 1
453 154 0 0
452 154 0 0
451 154 0 0
450 154 0 0
550 153 0 1
549 153 0 1
548 153 0 1
547 153 0 1
546 153 0 1
453 153 0 0
452 153 0 0
451 153 0 0
450 153 0 0
550 152 0 1
549 152 0 1
548 152 0 1
547 152 0 1
546 152 0 1
453 152 0 0
452 152 0 0
451 152 0 0
450 152 0 0
550 151 0 1
549 151 0 1
548 151 0 1
547 151 0 1
546 151 0 1
545 151 0 1
453 151 0 0
452 151 0 0
451 151 0 0
450 151 0 0
549 150 0 1
548 150 0 1
547 150 0 1
546 150 0 1
545 150 0 1
544 150 0 1
453 150 0 0
452 150 0 0
451 150 0 0
450 150 0 0
549 149 0 1
548 149 0 1
547 149 0 1
546 149 0 1
545 149 0 1
544 149 0 1
453 149 0 0
452 149 0 0
451 149 0 0
450 149 0 0
548 148 0 1
547 148 0 1
546 148 0 1
545 148 0 1
544 148 0 1
453 148 0 0
452 148 0 0
451 148 0 0
450 148 0 0
548 147 0 1
547 147 0 1
546 147 0 1
545 147 0 1
544 147 0 1
543 147 0 1
453 147 0 0
452 147 0 0
451 147 0 0
450 147 0 0
547 146 0 1
546 146 0 1
545 146 0 1
544 146 0 1
543 146 0 1
453 146 0 0
452 146 0 0
451 146 0 0
450 146 0 0
547 145 0 1
546 145 0 1
545 145 0 1
544 145 0 1
543 145 0 1
542 145 0 1
454 145 0 0
453 145 0 0
452 145 0 0
451 145 0 0
450 145 0 0
547 144 0 1
546 144 0 1
545 144 0 1
544 144 0 1
543 144 0 1
542 144 0 1
541 144 0 1
454 144 0 0
453 144 0 0
452 144 0 0
451 144 0 0
450 144 0 0
546 143 0 1
545 143 0 1
544 143 0 1
543 143 0 1
542 143 0 1
541 143 0 1
540 143 0 1
454 143 0 0
453 143 0 0
452 143 0 0
451 143 0 0
450 143 0 0
545 142 0 1
544 142 0 1
543 142 0 1
542 142 0 1
541 142 0 1
540 142 0 1
454 142 0 0
453 142 0 0
452 142 0 0
451 142 0 0
450 142 0 0
544 141 0 1
543 141 0 1
542 141 0 1
541 141 0 1
540 141 0 1
454 141 0 0
453 141 0 0
452 141 0 0
451 141 0 0
450 141 0 0
543 140 0 1
542 140 0 1
541 140 0 1
540 140 0 1
454 140 0 0
453 140 0 0
452 140 0 0
451 140 0 0
450 140 0 0
454 139 0 0
453 139 0 0
452 139 0 0
451 139 0 0
454 138 0 0
453 138 0 0
452 138 0 0
451 138 0 0
454 137 0 0
453 137 0 0
452 137 0 0
451 137 0 0
455 136 0 0
454 136 0 0
453 136 0 0
452 136 0 0
451 136 0 0
455 135 0 0
454 135 0 0
453 135 0 0
452 135 0 0
451 135 0 0
456 134 0 0
455 134 0 0
454 134 0 0
453 134 0 0
452 134 0 0
451 134 0 0
456 133 0 0
455 133 0 0
454 133 0 0
453 133 0 0
452 133 0 0
451 133 0 0
456 132 0 0
455 132 0 0
454 132 0 0
453 132 0 0
452 132 0 0
456 131 0 0
455 131 0 0
454 131 0 0
453 131 0 0
452 131 0 0
456 130 0 0
455 130 0 0
454 130 0 0
453 130 0 0
456 129 0 0
455 129 0 0
454 129 0 0
453 129 0 0
456 128 0 0
455 128 0 0
454 128 0 0
453 128 0 0
457 127 0 0
456 127 0 0
455 127 0 0
454 127 0 0
453 127 0 0
457 126 0 0
456 126 0 0
455 126 0 0
454 126 0 0
453 126 0 0
457 125 0 0
456 125 0 0
455 125 0 0
454 125 0 0
453 125 0 0
458 124 0 0
457 124 0 0
456 124 0 0
455 124 0 0
454 124 0 0
453 124 0 0
458 123 0 0
457 123 0 0
456 123 0 0
455 123 0 0
454 123 0 0
458 122 0 0
457 122 0 0
456 122 0 0
455 122 0 0
454 122 0 0
458 121 0 0
457 121 0 0
456 121 0 0
455 121 0 0
454 121 0 0
458 120 0 0
457 120 0 0
456 120 0 0
455 120 0 0
458 119 0 0
457 119 0 0
456 119 0 0
455 119 0 0
458 118 0 0
457 118 0 0
456 118 0 0
455 118 0 0
458 117 0 0
457 117 0 0
456 117 0 0
455 117 0 0
458 116 0 0
457 116 0 0
456 116 0 0
455 116 0 0
458 115 0 0
457 115 0 0
456 115 0 0
455 115 0 0
459 114 0 0
458 114 0 0
457 114 0 0
456 114 0 0
455 114 0 0
459 113 0 0
458 113 0 0
457 113 0 0
456 113 0 0
455 113 0 0
459 112 0 0
458 112 0 0
457 112 0 0
456 112 0 0
455 112 0 0
459 111 0 0
458 111 0 0
457 111 0 0
456 111 0 0
455 111 0 0
460 110 0 0
459 110 0 0
458 110 0 0
457 110 0 0
456 110 0 0
455 110 0 0
460 109 0 0
459 109 0 0
458 109 0 0
457 109 0 0
456 109 0 0
460 108 0 0
459 108 0 0
458 108 0 0
457 108 0 0
456 108 0 0
461 107 0 0
460 107 0 0
459 107 0 0
458 107 0 0
457 107 0 0
456 107 0 0
461 106 0 0
460 106 0 0
459 106 0 0
458 106 0 0
457 106 0 0
456 106 0 0
461 105 0 0
460 105 0 0
459 105 0 0
458 105 0 0
457 105 0 0
461 104 0 0
460 104 0 0
459 104 0 0
458 104 0 0
457 104 0 0
461 103 0 0
460 103 0 0
459 103 0 0
458 103 0 0
461 102 0 0
460 102 0 0
459 102 0 0
458 102 0 0
461 101 0 0
460 101 0 0
459 101 0 0
458 101 0 0
462 100 0 0
461 100 0 0
460 100 0 0
459 100 0 0
458 100 0 0
462 99 0 0
461 99 0 0
460 99 0 0
459 99 0 0
458 99 0 0
463 98 0 0
462 98 0 0
461 98 0 0
460 98 0 0
459 98 0 0
458 98 0 0
463 97 0 0
462 97 0 0
461 97 0 0
460 97 0 0
459 97 0 0
458 97 0 0
463 96 0 0
462 96 0 0
461 96 0 0
460 96 0 0
459 96 0 0
463 95 0 0
462 95 0 0
461 95 0 0
460 95 0 0
459 95 0 0
463 94 0 0
462 94 0 0
461 94 0 0
460 94 0 0
459 94 0 0
463 93 0 0
462 93 0 0
461 93 0 0
460 93 0 0
463 92 0 0
462 92 0 0
461 92 0 0
460 92 0 0
