5132 321 481
151 455 0 0
150 455 0 0
149 455 0 0
148 455 0 0
151 454 0 0
150 454 0 0
149 454 0 0
148 454 0 0
151 453 0 0
150 453 0 0
149 453 0 0
148 453 0 0
151 452 0 0
150 452 0 0
149 452 0 0
148 452 0 0
151 451 0 0
150 451 0 0
149 451 0 0
148 451 0 0
151 450 0 0
150 450 0 0
149 450 0 0
148 450 0 0
151 449 0 0
150 449 0 0
149 449 0 0
148 449 0 0
151 448 0 0
150 448 0 0
149 448 0 0
148 448 0 0
151 447 0 0
150 447 0 0
149 447 0 0
148 447 0 0
151 446 0 0
150 446 0 0
149 446 0 0
148 446 0 0
151 445 0 0
150 445 0 0
149 445 0 0
148 445 0 0
151 444 0 0
150 444 0 0
149 444 0 0
148 444 0 0
151 443 0 0
150 443 0 0
149 443 0 0
148 443 0 0
151 442 0 0
150 442 0 0
149 442 0 0
148 442 0 0
151 441 0 0
150 441 0 0
149 441 0 0
148 441 0 0
151 440 0 0
150 440 0 0
149 440 0 0
148 440 0 0
151 439 0 0
150 439 0 0
149 439 0 0
148 439 0 0
151 438 0 0
150 438 0 0
149 438 0 0
148 438 0 0
113 438 0 1
112 438 0 1
111 438 0 1
110 438 0 1
109 438 0 1
151 437 0 0
150 437 0 0
149 437 0 0
148 437 0 0
113 437 0 1
112 437 0 1
111 437 0 1
110 437 0 1
109 437 0 1
151 436 0 0
150 436 0 0
149 436 0 0
148 436 0 0
114 436 0 1
113 436 0 1
112 436 0 1
111 436 0 1
110 436 0 1
109 436 0 1
151 435 0 0
150 435 0 0
149 435 0 0
148 435 0 0
114 435 0 1
113 435 0 1
112 435 0 1
111 435 0 1
110 435 0 1
109 435 0 1
151 434 0 0
150 434 0 0
149 434 0 0
148 434 0 0
114 434 0 1
113 434 0 1
112 434 0 1
111 434 0 1
110 434 0 1
151 433 0 0
150 433 0 0
149 433 0 0
148 433 0 0
115 433 0 1
114 433 0 1
113 433 0 1
112 433 0 1
111 433 0 1
151 432 0 0
150 432 0 0
149 432 0 0
148 432 0 0
115 432 0 1
114 432 0 1
113 432 0 1
112 432 0 1
111 432 0 1
151 431 0 0
150 431 0 0
149 431 0 0
148 431 0 0
115 431 0 1
114 431 0 1
113 431 0 1
112 431 0 1
111 431 0 1
152 430 0 0
151 430 0 0
150 430 0 0
149 430 0 0
148 430 0 0
116 430 0 1
115 430 0 1
114 430 0 1
113 430 0 1
112 430 0 1
111 430 0 1
152 429 0 0
151 429 0 0
150 429 0 0
149 429 0 0
148 429 0 0
118 429 0 1
117 429 0 1
116 429 0 1
115 429 0 1
114 429 0 1
113 429 0 1
112 429 0 1
152 428 0 0
151 428 0 0
150 428 0 0
149 428 0 0
148 428 0 0
118 428 0 1
117 428 0 1
116 428 0 1
115 428 0 1
114 428 0 1
113 428 0 1
112 428 0 1
152 427 0 0
151 427 0 0
150 427 0 0
149 427 0 0
148 427 0 0
119 427 0 1
118 427 0 1
117 427 0 1
116 427 0 1
115 427 0 1
114 427 0 1
113 427 0 1
112 427 0 1
153 426 0 0
152 426 0 0
151 426 0 0
150 426 0 0
149 426 0 0
148 426 0 0
119 426 0 1
118 426 0 1
117 426 0 1
116 426 0 1
115 426 0 1
114 426 0 1
113 426 0 1
153 425 0 0
152 425 0 0
151 425 0 0
150 425 0 0
149 425 0 0
148 425 0 0
119 425 0 1
118 425 0 1
117 425 0 1
116 425 0 1
115 425 0 1
153 424 0 0
152 424 0 0
151 424 0 0
150 424 0 0
149 424 0 0
119 424 0 1
118 424 0 1
117 424 0 1
116 424 0 1
115 424 0 1
154 423 0 0
153 423 0 0
152 423 0 0
151 423 0 0
150 423 0 0
149 423 0 0
119 423 0 1
118 423 0 1
117 423 0 1
116 423 0 1
154 422 0 0
153 422 0 0
152 422 0 0
151 422 0 0
150 422 0 0
149 422 0 0
120 422 0 1
119 422 0 1
118 422 0 1
117 422 0 1
116 422 0 1
154 421 0 0
153 421 0 0
152 421 0 0
151 421 0 0
150 421 0 0
121 421 0 1
120 421 0 1
119 421 0 1
118 421 0 1
117 421 0 1
116 421 0 1
155 420 0 0
154 420 0 0
153 420 0 0
152 420 0 0
151 420 0 0
150 420 0 0
121 420 0 1
120 420 0 1
119 420 0 1
118 420 0 1
117 420 0 1
116 420 0 1
155 419 0 0
154 419 0 0
153 419 0 0
152 419 0 0
151 419 0 0
150 419 0 0
122 419 0 1
121 419 0 1
120 419 0 1
119 419 0 1
118 419 0 1
117 419 0 1
155 418 0 0
154 418 0 0
153 418 0 0
152 418 0 0
151 418 0 0
122 418 0 1
121 418 0 1
120 418 0 1
119 418 0 1
118 418 0 1
117 418 0 1
155 417 0 0
154 417 0 0
153 417 0 0
152 417 0 0
151 417 0 0
122 417 0 1
121 417 0 1
120 417 0 1
119 417 0 1
118 417 0 1
155 416 0 0
154 416 0 0
153 416 0 0
152 416 0 0
151 416 0 0
122 416 0 1
121 416 0 1
120 416 0 1
119 416 0 1
155 415 0 0
154 415 0 0
153 415 0 0
152 415 0 0
151 415 0 0
122 415 0 1
121 415 0 1
120 415 0 1
119 415 0 1
155 414 0 0
154 414 0 0
153 414 0 0
152 414 0 0
151 414 0 0
122 414 0 1
121 414 0 1
120 414 0 1
119 414 0 1
155 413 0 0
154 413 0 0
153 413 0 0
152 413 0 0
122 413 0 1
121 413 0 1
120 413 0 1
119 413 0 1
155 412 0 0
154 412 0 0
153 412 0 0
152 412 0 0
123 412 0 1
122 412 0 1
121 412 0 1
120 412 0 1
119 412 0 1
156 411 0 0
155 411 0 0
154 411 0 0
153 411 0 0
152 411 0 0
123 411 0 1
122 411 0 1
121 411 0 1
120 411 0 1
119 411 0 1
156 410 0 0
155 410 0 0
154 410 0 0
153 410 0 0
152 410 0 0
123 410 0 1
122 410 0 1
121 410 0 1
120 410 0 1
119 410 0 1
156 409 0 0
155 409 0 0
154 409 0 0
153 409 0 0
152 409 0 0
124 409 0 1
123 409 0 1
122 409 0 1
121 409 0 1
120 409 0 1
119 409 0 1
156 408 0 0
155 408 0 0
154 408 0 0
153 408 0 0
152 408 0 0
124 408 0 1
123 408 0 1
122 408 0 1
121 408 0 1
120 408 0 1
119 408 0 1
156 407 0 0
155 407 0 0
154 407 0 0
153 407 0 0
124 407 0 1
123 407 0 1
122 407 0 1
121 407 0 1
120 407 0 1
156 406 0 0
155 406 0 0
154 406 0 0
153 406 0 0
125 406 0 1
124 406 0 1
123 406 0 1
122 406 0 1
121 406 0 1
120 406 0 1
157 405 0 0
156 405 0 0
155 405 0 0
154 405 0 0
153 405 0 0
125 405 0 1
124 405 0 1
123 405 0 1
122 405 0 1
121 405 0 1
120 405 0 1
157 404 0 0
156 404 0 0
155 404 0 0
154 404 0 0
153 404 0 0
126 404 0 1
125 404 0 1
124 404 0 1
123 404 0 1
122 404 0 1
121 404 0 1
157 403 0 0
156 403 0 0
155 403 0 0
154 403 0 0
153 403 0 0
127 403 0 1
126 403 0 1
125 403 0 1
124 403 0 1
123 403 0 1
122 403 0 1
158 402 0 0
157 402 0 0
156 402 0 0
155 402 0 0
154 402 0 0
153 402 0 0
127 402 0 1
126 402 0 1
125 402 0 1
124 402 0 1
123 402 0 1
122 402 0 1
158 401 0 0
157 401 0 0
156 401 0 0
155 401 0 0
154 401 0 0
153 401 0 0
128 401 0 1
127 401 0 1
126 401 0 1
125 401 0 1
124 401 0 1
123 401 0 1
159 400 0 0
158 400 0 0
157 400 0 0
156 400 0 0
155 400 0 0
154 400 0 0
128 400 0 1
127 400 0 1
126 400 0 1
125 400 0 1
124 400 0 1
123 400 0 1
159 399 0 0
158 399 0 0
157 399 0 0
156 399 0 0
155 399 0 0
154 399 0 0
129 399 0 1
128 399 0 1
127 399 0 1
126 399 0 1
125 399 0 1
124 399 0 1
160 398 0 0
159 398 0 0
158 398 0 0
157 398 0 0
156 398 0 0
155 398 0 0
129 398 0 1
128 398 0 1
127 398 0 1
126 398 0 1
125 398 0 1
124 398 0 1
160 397 0 0
159 397 0 0
158 397 0 0
157 397 0 0
156 397 0 0
155 397 0 0
129 397 0 1
128 397 0 1
127 397 0 1
126 397 0 1
125 397 0 1
160 396 0 0
159 396 0 0
158 396 0 0
157 396 0 0
156 396 0 0
129 396 0 1
128 396 0 1
127 396 0 1
126 396 0 1
125 396 0 1
160 395 0 0
159 395 0 0
158 395 0 0
157 395 0 0
156 395 0 0
129 395 0 1
128 395 0 1
127 395 0 1
126 395 0 1
125 395 0 1
160 394 0 0
159 394 0 0
158 394 0 0
157 394 0 0
130 394 0 1
129 394 0 1
128 394 0 1
127 394 0 1
126 394 0 1
125 394 0 1
161 393 0 0
160 393 0 0
159 393 0 0
158 393 0 0
157 393 0 0
130 393 0 1
129 393 0 1
128 393 0 1
127 393 0 1
126 393 0 1
125 393 0 1
161 392 0 0
160 392 0 0
159 392 0 0
158 392 0 0
157 392 0 0
131 392 0 1
130 392 0 1
129 392 0 1
128 392 0 1
127 392 0 1
126 392 0 1
162 391 0 0
161 391 0 0
160 391 0 0
159 391 0 0
158 391 0 0
157 391 0 0
132 391 0 1
131 391 0 1
130 391 0 1
129 391 0 1
128 391 0 1
127 391 0 1
162 390 0 0
161 390 0 0
160 390 0 0
159 390 0 0
158 390 0 0
157 390 0 0
132 390 0 1
131 390 0 1
130 390 0 1
129 390 0 1
128 390 0 1
127 390 0 1
163 389 0 0
162 389 0 0
161 389 0 0
160 389 0 0
159 389 0 0
158 389 0 0
133 389 0 1
132 389 0 1
131 389 0 1
130 389 0 1
129 389 0 1
128 389 0 1
164 388 0 0
163 388 0 0
162 388 0 0
161 388 0 0
160 388 0 0
159 388 0 0
134 388 0 1
133 388 0 1
132 388 0 1
131 388 0 1
130 388 0 1
129 388 0 1
128 388 0 1
164 387 0 0
163 387 0 0
162 387 0 0
161 387 0 0
160 387 0 0
159 387 0 0
135 387 0 1
134 387 0 1
133 387 0 1
132 387 0 1
131 387 0 1
130 387 0 1
129 387 0 1
164 386 0 0
163 386 0 0
162 386 0 0
161 386 0 0
160 386 0 0
135 386 0 1
134 386 0 1
133 386 0 1
132 386 0 1
131 386 0 1
130 386 0 1
164 385 0 0
163 385 0 0
162 385 0 0
161 385 0 0
160 385 0 0
136 385 0 1
135 385 0 1
134 385 0 1
133 385 0 1
132 385 0 1
131 385 0 1
165 384 0 0
164 384 0 0
163 384 0 0
162 384 0 0
161 384 0 0
160 384 0 0
136 384 0 1
135 384 0 1
134 384 0 1
133 384 0 1
132 384 0 1
131 384 0 1
165 383 0 0
164 383 0 0
163 383 0 0
162 383 0 0
161 383 0 0
160 383 0 0
136 383 0 1
135 383 0 1
134 383 0 1
133 383 0 1
132 383 0 1
165 382 0 0
164 382 0 0
163 382 0 0
162 382 0 0
161 382 0 0
137 382 0 1
136 382 0 1
135 382 0 1
134 382 0 1
133 382 0 1
132 382 0 1
166 381 0 0
165 381 0 0
164 381 0 0
163 381 0 0
162 381 0 0
161 381 0 0
138 381 0 1
137 381 0 1
136 381 0 1
135 381 0 1
134 381 0 1
133 381 0 1
132 381 0 1
166 380 0 0
165 380 0 0
164 380 0 0
163 380 0 0
162 380 0 0
139 380 0 1
138 380 0 1
137 380 0 1
136 380 0 1
135 380 0 1
134 380 0 1
133 380 0 1
167 379 0 0
166 379 0 0
165 379 0 0
164 379 0 0
163 379 0 0
162 379 0 0
140 379 0 1
139 379 0 1
138 379 0 1
137 379 0 1
136 379 0 1
135 379 0 1
134 379 0 1
167 378 0 0
166 378 0 0
165 378 0 0
164 378 0 0
163 378 0 0
162 378 0 0
141 378 0 1
140 378 0 1
139 378 0 1
138 378 0 1
137 378 0 1
136 378 0 1
135 378 0 1
167 377 0 0
166 377 0 0
165 377 0 0
164 377 0 0
163 377 0 0
142 377 0 1
141 377 0 1
140 377 0 1
139 377 0 1
138 377 0 1
137 377 0 1
136 377 0 1
167 376 0 0
166 376 0 0
165 376 0 0
164 376 0 0
163 376 0 0
142 376 0 1
141 376 0 1
140 376 0 1
139 376 0 1
138 376 0 1
137 376 0 1
167 375 0 0
166 375 0 0
165 375 0 0
164 375 0 0
163 375 0 0
143 375 0 1
142 375 0 1
141 375 0 1
140 375 0 1
139 375 0 1
138 375 0 1
168 374 0 0
167 374 0 0
166 374 0 0
165 374 0 0
164 374 0 0
163 374 0 0
143 374 0 1
142 374 0 1
141 374 0 1
140 374 0 1
139 374 0 1
138 374 0 1
168 373 0 0
167 373 0 0
166 373 0 0
165 373 0 0
164 373 0 0
163 373 0 0
144 373 0 1
143 373 0 1
142 373 0 1
141 373 0 1
140 373 0 1
139 373 0 1
168 372 0 0
167 372 0 0
166 372 0 0
165 372 0 0
164 372 0 0
144 372 0 1
143 372 0 1
142 372 0 1
141 372 0 1
140 372 0 1
139 372 0 1
168 371 0 0
167 371 0 0
166 371 0 0
165 371 0 0
164 371 0 0
145 371 0 1
144 371 0 1
143 371 0 1
142 371 0 1
141 371 0 1
140 371 0 1
169 370 0 0
168 370 0 0
167 370 0 0
166 370 0 0
165 370 0 0
164 370 0 0
146 370 0 1
145 370 0 1
144 370 0 1
143 370 0 1
142 370 0 1
141 370 0 1
140 370 0 1
169 369 0 0
168 369 0 0
167 369 0 0
166 369 0 0
165 369 0 0
146 369 0 1
145 369 0 1
144 369 0 1
143 369 0 1
142 369 0 1
141 369 0 1
169 368 0 0
168 368 0 0
167 368 0 0
166 368 0 0
165 368 0 0
147 368 0 1
146 368 0 1
145 368 0 1
144 368 0 1
143 368 0 1
142 368 0 1
170 367 0 0
169 367 0 0
168 367 0 0
167 367 0 0
166 367 0 0
165 367 0 0
147 367 0 1
146 367 0 1
145 367 0 1
144 367 0 1
143 367 0 1
142 367 0 1
170 366 0 0
169 366 0 0
168 366 0 0
167 366 0 0
166 366 0 0
165 366 0 0
147 366 0 1
146 366 0 1
145 366 0 1
144 366 0 1
143 366 0 1
171 365 0 0
170 365 0 0
169 365 0 0
168 365 0 0
167 365 0 0
166 365 0 0
148 365 0 1
147 365 0 1
146 365 0 1
145 365 0 1
144 365 0 1
143 365 0 1
171 364 0 0
170 364 0 0
169 364 0 0
168 364 0 0
167 364 0 0
166 364 0 0
148 364 0 1
147 364 0 1
146 364 0 1
145 364 0 1
144 364 0 1
172 363 0 0
171 363 0 0
170 363 0 0
169 363 0 0
168 363 0 0
167 363 0 0
149 363 0 1
148 363 0 1
147 363 0 1
146 363 0 1
145 363 0 1
144 363 0 1
172 362 0 0
171 362 0 0
170 362 0 0
169 362 0 0
168 362 0 0
167 362 0 0
149 362 0 1
148 362 0 1
147 362 0 1
146 362 0 1
145 362 0 1
144 362 0 1
173 361 0 0
172 361 0 0
171 361 0 0
170 361 0 0
169 361 0 0
168 361 0 0
149 361 0 1
148 361 0 1
147 361 0 1
146 361 0 1
145 361 0 1
173 360 0 0
172 360 0 0
171 360 0 0
170 360 0 0
169 360 0 0
168 360 0 0
150 360 0 1
149 360 0 1
148 360 0 1
147 360 0 1
146 360 0 1
145 360 0 1
173 359 0 0
172 359 0 0
171 359 0 0
170 359 0 0
169 359 0 0
150 359 0 1
149 359 0 1
148 359 0 1
147 359 0 1
146 359 0 1
145 359 0 1
174 358 0 0
173 358 0 0
172 358 0 0
171 358 0 0
170 358 0 0
169 358 0 0
150 358 0 1
149 358 0 1
148 358 0 1
147 358 0 1
146 358 0 1
174 357 0 0
173 357 0 0
172 357 0 0
171 357 0 0
170 357 0 0
151 357 0 1
150 357 0 1
149 357 0 1
148 357 0 1
147 357 0 1
146 357 0 1
175 356 0 0
174 356 0 0
173 356 0 0
172 356 0 0
171 356 0 0
170 356 0 0
151 356 0 1
150 356 0 1
149 356 0 1
148 356 0 1
147 356 0 1
146 356 0 1
175 355 0 0
174 355 0 0
173 355 0 0
172 355 0 0
171 355 0 0
152 355 0 1
151 355 0 1
150 355 0 1
149 355 0 1
148 355 0 1
147 355 0 1
176 354 0 0
175 354 0 0
174 354 0 0
173 354 0 0
172 354 0 0
171 354 0 0
152 354 0 1
151 354 0 1
150 354 0 1
149 354 0 1
148 354 0 1
147 354 0 1
176 353 0 0
175 353 0 0
174 353 0 0
173 353 0 0
172 353 0 0
171 353 0 0
153 353 0 1
152 353 0 1
151 353 0 1
150 353 0 1
149 353 0 1
148 353 0 1
176 352 0 0
175 352 0 0
174 352 0 0
173 352 0 0
172 352 0 0
153 352 0 1
152 352 0 1
151 352 0 1
150 352 0 1
149 352 0 1
148 352 0 1
177 351 0 0
176 351 0 0
175 351 0 0
174 351 0 0
173 351 0 0
172 351 0 0
154 351 0 1
153 351 0 1
152 351 0 1
151 351 0 1
150 351 0 1
149 351 0 1
177 350 0 0
176 350 0 0
175 350 0 0
174 350 0 0
173 350 0 0
154 350 0 1
153 350 0 1
152 350 0 1
151 350 0 1
150 350 0 1
149 350 0 1
178 349 0 0
177 349 0 0
176 349 0 0
175 349 0 0
174 349 0 0
173 349 0 0
155 349 0 1
154 349 0 1
153 349 0 1
152 349 0 1
151 349 0 1
150 349 0 1
178 348 0 0
177 348 0 0
176 348 0 0
175 348 0 0
174 348 0 0
173 348 0 0
155 348 0 1
154 348 0 1
153 348 0 1
152 348 0 1
151 348 0 1
150 348 0 1
179 347 0 0
178 347 0 0
177 347 0 0
176 347 0 0
175 347 0 0
174 347 0 0
155 347 0 1
154 347 0 1
153 347 0 1
152 347 0 1
151 347 0 1
179 346 0 0
178 346 0 0
177 346 0 0
176 346 0 0
175 346 0 0
174 346 0 0
155 346 0 1
154 346 0 1
153 346 0 1
152 346 0 1
151 346 0 1
180 345 0 0
179 345 0 0
178 345 0 0
177 345 0 0
176 345 0 0
175 345 0 0
156 345 0 1
155 345 0 1
154 345 0 1
153 345 0 1
152 345 0 1
151 345 0 1
180 344 0 0
179 344 0 0
178 344 0 0
177 344 0 0
176 344 0 0
175 344 0 0
156 344 0 1
155 344 0 1
154 344 0 1
153 344 0 1
152 344 0 1
151 344 0 1
181 343 0 0
180 343 0 0
179 343 0 0
178 343 0 0
177 343 0 0
176 343 0 0
156 343 0 1
155 343 0 1
154 343 0 1
153 343 0 1
152 343 0 1
181 342 0 0
180 342 0 0
179 342 0 0
178 342 0 0
177 342 0 0
176 342 0 0
156 342 0 1
155 342 0 1
154 342 0 1
153 342 0 1
152 342 0 1
181 341 0 0
180 341 0 0
179 341 0 0
178 341 0 0
177 341 0 0
156 341 0 1
155 341 0 1
154 341 0 1
153 341 0 1
152 341 0 1
182 340 0 0
181 340 0 0
180 340 0 0
179 340 0 0
178 340 0 0
177 340 0 0
157 340 0 1
156 340 0 1
155 340 0 1
154 340 0 1
153 340 0 1
182 339 0 0
181 339 0 0
180 339 0 0
179 339 0 0
178 339 0 0
158 339 0 1
157 339 0 1
156 339 0 1
155 339 0 1
154 339 0 1
153 339 0 1
183 338 0 0
182 338 0 0
181 338 0 0
180 338 0 0
179 338 0 0
178 338 0 0
158 338 0 1
157 338 0 1
156 338 0 1
155 338 0 1
154 338 0 1
153 338 0 1
183 337 0 0
182 337 0 0
181 337 0 0
180 337 0 0
179 337 0 0
178 337 0 0
158 337 0 1
157 337 0 1
156 337 0 1
155 337 0 1
154 337 0 1
183 336 0 0
182 336 0 0
181 336 0 0
180 336 0 0
179 336 0 0
158 336 0 1
157 336 0 1
156 336 0 1
155 336 0 1
154 336 0 1
184 335 0 0
183 335 0 0
182 335 0 0
181 335 0 0
180 335 0 0
179 335 0 0
158 335 0 1
157 335 0 1
156 335 0 1
155 335 0 1
154 335 0 1
185 334 0 0
184 334 0 0
183 334 0 0
182 334 0 0
181 334 0 0
180 334 0 0
179 334 0 0
159 334 0 1
158 334 0 1
157 334 0 1
156 334 0 1
155 334 0 1
154 334 0 1
186 333 0 0
185 333 0 0
184 333 0 0
183 333 0 0
182 333 0 0
181 333 0 0
180 333 0 0
159 333 0 1
158 333 0 1
157 333 0 1
156 333 0 1
155 333 0 1
154 333 0 1
186 332 0 0
185 332 0 0
184 332 0 0
183 332 0 0
182 332 0 0
181 332 0 0
160 332 0 1
159 332 0 1
158 332 0 1
157 332 0 1
156 332 0 1
155 332 0 1
187 331 0 0
186 331 0 0
185 331 0 0
184 331 0 0
183 331 0 0
182 331 0 0
161 331 0 1
160 331 0 1
159 331 0 1
158 331 0 1
157 331 0 1
156 331 0 1
155 331 0 1
187 330 0 0
186 330 0 0
185 330 0 0
184 330 0 0
183 330 0 0
161 330 0 1
160 330 0 1
159 330 0 1
158 330 0 1
157 330 0 1
156 330 0 1
188 329 0 0
187 329 0 0
186 329 0 0
185 329 0 0
184 329 0 0
183 329 0 0
162 329 0 1
161 329 0 1
160 329 0 1
159 329 0 1
158 329 0 1
157 329 0 1
189 328 0 0
188 328 0 0
187 328 0 0
186 328 0 0
185 328 0 0
184 328 0 0
163 328 0 1
162 328 0 1
161 328 0 1
160 328 0 1
159 328 0 1
158 328 0 1
190 327 0 0
189 327 0 0
188 327 0 0
187 327 0 0
186 327 0 0
185 327 0 0
184 327 0 0
163 327 0 1
162 327 0 1
161 327 0 1
160 327 0 1
159 327 0 1
158 327 0 1
190 326 0 0
189 326 0 0
188 326 0 0
187 326 0 0
186 326 0 0
185 326 0 0
163 326 0 1
162 326 0 1
161 326 0 1
160 326 0 1
159 326 0 1
191 325 0 0
190 325 0 0
189 325 0 0
188 325 0 0
187 325 0 0
186 325 0 0
163 325 0 1
162 325 0 1
161 325 0 1
160 325 0 1
159 325 0 1
191 324 0 0
190 324 0 0
189 324 0 0
188 324 0 0
187 324 0 0
186 324 0 0
164 324 0 1
163 324 0 1
162 324 0 1
161 324 0 1
160 324 0 1
159 324 0 1
192 323 0 0
191 323 0 0
190 323 0 0
189 323 0 0
188 323 0 0
187 323 0 0
165 323 0 1
164 323 0 1
163 323 0 1
162 323 0 1
161 323 0 1
160 323 0 1
159 323 0 1
193 322 0 0
192 322 0 0
191 322 0 0
190 322 0 0
189 322 0 0
188 322 0 0
166 322 0 1
165 322 0 1
164 322 0 1
163 322 0 1
162 322 0 1
161 322 0 1
160 322 0 1
193 321 0 0
192 321 0 0
191 321 0 0
190 321 0 0
189 321 0 0
188 321 0 0
166 321 0 1
165 321 0 1
164 321 0 1
163 321 0 1
162 321 0 1
161 321 0 1
193 320 0 0
192 320 0 0
191 320 0 0
190 320 0 0
189 320 0 0
167 320 0 1
166 320 0 1
165 320 0 1
164 320 0 1
163 320 0 1
162 320 0 1
193 319 0 0
192 319 0 0
191 319 0 0
190 319 0 0
189 319 0 0
168 319 0 1
167 319 0 1
166 319 0 1
165 319 0 1
164 319 0 1
163 319 0 1
193 318 0 0
192 318 0 0
191 318 0 0
190 318 0 0
189 318 0 0
168 318 0 1
167 318 0 1
166 318 0 1
165 318 0 1
164 318 0 1
163 318 0 1
193 317 0 0
192 317 0 0
191 317 0 0
190 317 0 0
168 317 0 1
167 317 0 1
166 317 0 1
165 317 0 1
164 317 0 1
169 316 0 1
168 316 0 1
167 316 0 1
166 316 0 1
165 316 0 1
164 316 0 1
169 315 0 1
168 315 0 1
167 315 0 1
166 315 0 1
165 315 0 1
164 315 0 1
169 314 0 1
168 314 0 1
167 314 0 1
166 314 0 1
165 314 0 1
170 313 0 1
169 313 0 1
168 313 0 1
167 313 0 1
166 313 0 1
165 313 0 1
170 312 0 1
169 312 0 1
168 312 0 1
167 312 0 1
166 312 0 1
165 312 0 1
171 311 0 1
170 311 0 1
169 311 0 1
168 311 0 1
167 311 0 1
166 311 0 1
172 310 0 1
171 310 0 1
170 310 0 1
169 310 0 1
168 310 0 1
167 310 0 1
172 309 0 1
171 309 0 1
170 309 0 1
169 309 0 1
168 309 0 1
167 309 0 1
172 308 0 1
171 308 0 1
170 308 0 1
169 308 0 1
168 308 0 1
172 307 0 1
171 307 0 1
170 307 0 1
169 307 0 1
168 307 0 1
173 306 0 1
172 306 0 1
171 306 0 1
170 306 0 1
169 306 0 1
168 306 0 1
173 305 0 1
172 305 0 1
171 305 0 1
170 305 0 1
169 305 0 1
173 304 0 1
172 304 0 1
171 304 0 1
170 304 0 1
169 304 0 1
173 303 0 1
172 303 0 1
171 303 0 1
170 303 0 1
169 303 0 1
173 302 0 1
172 302 0 1
171 302 0 1
170 302 0 1
169 302 0 1
174 301 0 1
173 301 0 1
172 301 0 1
171 301 0 1
170 301 0 1
169 301 0 1
174 300 0 1
173 300 0 1
172 300 0 1
171 300 0 1
170 300 0 1
174 299 0 1
173 299 0 1
172 299 0 1
171 299 0 1
170 299 0 1
174 298 0 1
173 298 0 1
172 298 0 1
171 298 0 1
170 298 0 1
175 297 0 1
174 297 0 1
173 297 0 1
172 297 0 1
171 297 0 1
170 297 0 1
175 296 0 1
174 296 0 1
173 296 0 1
172 296 0 1
171 296 0 1
170 296 0 1
175 295 0 1
174 295 0 1
173 295 0 1
172 295 0 1
171 295 0 1
175 294 0 1
174 294 0 1
173 294 0 1
172 294 0 1
171 294 0 1
176 293 0 1
175 293 0 1
174 293 0 1
173 293 0 1
172 293 0 1
171 293 0 1
176 292 0 1
175 292 0 1
174 292 0 1
173 292 0 1
172 292 0 1
171 292 0 1
176 291 0 1
175 291 0 1
174 291 0 1
173 291 0 1
172 291 0 1
176 290 0 1
175 290 0 1
174 290 0 1
173 290 0 1
172 290 0 1
177 289 0 1
176 289 0 1
175 289 0 1
174 289 0 1
173 289 0 1
172 289 0 1
177 288 0 1
176 288 0 1
175 288 0 1
174 288 0 1
173 288 0 1
177 287 0 1
176 287 0 1
175 287 0 1
174 287 0 1
173 287 0 1
178 286 0 1
177 286 0 1
176 286 0 1
175 286 0 1
174 286 0 1
173 286 0 1
178 285 0 1
177 285 0 1
176 285 0 1
175 285 0 1
174 285 0 1
173 285 0 1
178 284 0 1
177 284 0 1
176 284 0 1
175 284 0 1
174 284 0 1
178 283 0 1
177 283 0 1
176 283 0 1
175 283 0 1
174 283 0 1
178 282 0 1
177 282 0 1
176 282 0 1
175 282 0 1
174 282 0 1
179 281 0 1
178 281 0 1
177 281 0 1
176 281 0 1
175 281 0 1
174 281 0 1
179 280 0 1
178 280 0 1
177 280 0 1
176 280 0 1
175 280 0 1
174 280 0 1
179 279 0 1
178 279 0 1
177 279 0 1
176 279 0 1
175 279 0 1
179 278 0 1
178 278 0 1
177 278 0 1
176 278 0 1
175 278 0 1
179 277 0 1
178 277 0 1
177 277 0 1
176 277 0 1
175 277 0 1
179 276 0 1
178 276 0 1
177 276 0 1
176 276 0 1
175 276 0 1
180 275 0 1
179 275 0 1
178 275 0 1
177 275 0 1
176 275 0 1
175 275 0 1
180 274 0 1
179 274 0 1
178 274 0 1
177 274 0 1
176 274 0 1
180 273 0 1
179 273 0 1
178 273 0 1
177 273 0 1
176 273 0 1
180 272 0 1
179 272 0 1
178 272 0 1
177 272 0 1
176 272 0 1
180 271 0 1
179 271 0 1
178 271 0 1
177 271 0 1
176 271 0 1
180 270 0 1
179 270 0 1
178 270 0 1
177 270 0 1
176 270 0 1
180 269 0 1
179 269 0 1
178 269 0 1
177 269 0 1
176 269 0 1
180 268 0 1
179 268 0 1
178 268 0 1
177 268 0 1
176 268 0 1
180 267 0 1
179 267 0 1
178 267 0 1
177 267 0 1
176 267 0 1
180 266 0 1
179 266 0 1
178 266 0 1
177 266 0 1
176 266 0 1
180 265 0 1
179 265 0 1
178 265 0 1
177 265 0 1
176 265 0 1
180 264 0 1
179 264 0 1
178 264 0 1
177 264 0 1
176 264 0 1
86 264 0 0
85 264 0 0
84 264 0 0
83 264 0 0
180 263 0 1
179 263 0 1
178 263 0 1
177 263 0 1
176 263 0 1
86 263 0 0
85 263 0 0
84 263 0 0
83 263 0 0
82 263 0 0
180 262 0 1
179 262 0 1
178 262 0 1
177 262 0 1
86 262 0 0
85 262 0 0
84 262 0 0
83 262 0 0
82 262 0 0
180 261 0 1
179 261 0 1
178 261 0 1
177 261 0 1
86 261 0 0
85 261 0 0
84 261 0 0
83 261 0 0
82 261 0 0
81 261 0 0
180 260 0 1
179 260 0 1
178 260 0 1
177 260 0 1
85 260 0 0
84 260 0 0
83 260 0 0
82 260 0 0
81 260 0 0
80 260 0 0
181 259 0 1
180 259 0 1
179 259 0 1
178 259 0 1
177 259 0 1
85 259 0 0
84 259 0 0
83 259 0 0
82 259 0 0
81 259 0 0
80 259 0 0
79 259 0 0
181 258 0 1
180 258 0 1
179 258 0 1
178 258 0 1
177 258 0 1
84 258 0 0
83 258 0 0
82 258 0 0
81 258 0 0
80 258 0 0
79 258 0 0
181 257 0 1
180 257 0 1
179 257 0 1
178 257 0 1
177 257 0 1
83 257 0 0
82 257 0 0
81 257 0 0
80 257 0 0
79 257 0 0
78 257 0 0
182 256 0 1
181 256 0 1
180 256 0 1
179 256 0 1
178 256 0 1
177 256 0 1
82 256 0 0
81 256 0 0
80 256 0 0
79 256 0 0
78 256 0 0
77 256 0 0
182 255 0 1
181 255 0 1
180 255 0 1
179 255 0 1
178 255 0 1
82 255 0 0
81 255 0 0
80 255 0 0
79 255 0 0
78 255 0 0
77 255 0 0
76 255 0 0
182 254 0 1
181 254 0 1
180 254 0 1
179 254 0 1
178 254 0 1
81 254 0 0
80 254 0 0
79 254 0 0
78 254 0 0
77 254 0 0
76 254 0 0
182 253 0 1
181 253 0 1
180 253 0 1
179 253 0 1
178 253 0 1
80 253 0 0
79 253 0 0
78 253 0 0
77 253 0 0
76 253 0 0
183 252 0 1
182 252 0 1
181 252 0 1
180 252 0 1
179 252 0 1
178 252 0 1
80 252 0 0
79 252 0 0
78 252 0 0
77 252 0 0
76 252 0 0
183 251 0 1
182 251 0 1
181 251 0 1
180 251 0 1
179 251 0 1
80 251 0 0
79 251 0 0
78 251 0 0
77 251 0 0
76 251 0 0
183 250 0 1
182 250 0 1
181 250 0 1
180 250 0 1
179 250 0 1
80 250 0 0
79 250 0 0
78 250 0 0
77 250 0 0
76 250 0 0
183 249 0 1
182 249 0 1
181 249 0 1
180 249 0 1
179 249 0 1
79 249 0 0
78 249 0 0
77 249 0 0
76 249 0 0
183 248 0 1
182 248 0 1
181 248 0 1
180 248 0 1
179 248 0 1
79 248 0 0
78 248 0 0
77 248 0 0
76 248 0 0
75 248 0 0
183 247 0 1
182 247 0 1
181 247 0 1
180 247 0 1
79 247 0 0
78 247 0 0
77 247 0 0
76 247 0 0
75 247 0 0
184 246 0 1
183 246 0 1
182 246 0 1
181 246 0 1
180 246 0 1
79 246 0 0
78 246 0 0
77 246 0 0
76 246 0 0
75 246 0 0
184 245 0 1
183 245 0 1
182 245 0 1
181 245 0 1
180 245 0 1
79 245 0 0
78 245 0 0
77 245 0 0
76 245 0 0
75 245 0 0
74 245 0 0
184 244 0 1
183 244 0 1
182 244 0 1
181 244 0 1
180 244 0 1
79 244 0 0
78 244 0 0
77 244 0 0
76 244 0 0
75 244 0 0
74 244 0 0
184 243 0 1
183 243 0 1
182 243 0 1
181 243 0 1
180 243 0 1
78 243 0 0
77 243 0 0
76 243 0 0
75 243 0 0
74 243 0 0
184 242 0 1
183 242 0 1
182 242 0 1
181 242 0 1
180 242 0 1
78 242 0 0
77 242 0 0
76 242 0 0
75 242 0 0
74 242 0 0
184 241 0 1
183 241 0 1
182 241 0 1
181 241 0 1
180 241 0 1
78 241 0 0
77 241 0 0
76 241 0 0
75 241 0 0
74 241 0 0
184 240 0 1
183 240 0 1
182 240 0 1
181 240 0 1
180 240 0 1
78 240 0 0
77 240 0 0
76 240 0 0
75 240 0 0
74 240 0 0
185 239 0 1
184 239 0 1
183 239 0 1
182 239 0 1
181 239 0 1
77 239 0 0
76 239 0 0
75 239 0 0
74 239 0 0
185 238 0 1
184 238 0 1
183 238 0 1
182 238 0 1
181 238 0 1
77 238 0 0
76 238 0 0
75 238 0 0
74 238 0 0
185 237 0 1
184 237 0 1
183 237 0 1
182 237 0 1
181 237 0 1
77 237 0 0
76 237 0 0
75 237 0 0
74 237 0 0
185 236 0 1
184 236 0 1
183 236 0 1
182 236 0 1
181 236 0 1
77 236 0 0
76 236 0 0
75 236 0 0
74 236 0 0
185 235 0 1
184 235 0 1
183 235 0 1
182 235 0 1
181 235 0 1
77 235 0 0
76 235 0 0
75 235 0 0
74 235 0 0
185 234 0 1
184 234 0 1
183 234 0 1
182 234 0 1
181 234 0 1
77 234 0 0
76 234 0 0
75 234 0 0
74 234 0 0
185 233 0 1
184 233 0 1
183 233 0 1
182 233 0 1
181 233 0 1
77 233 0 0
76 233 0 0
75 233 0 0
74 233 0 0
186 232 0 1
185 232 0 1
184 232 0 1
183 232 0 1
182 232 0 1
181 232 0 1
77 232 0 0
76 232 0 0
75 232 0 0
74 232 0 0
186 231 0 1
185 231 0 1
184 231 0 1
183 231 0 1
182 231 0 1
77 231 0 0
76 231 0 0
75 231 0 0
74 231 0 0
186 230 0 1
185 230 0 1
184 230 0 1
183 230 0 1
182 230 0 1
77 230 0 0
76 230 0 0
75 230 0 0
74 230 0 0
186 229 0 1
185 229 0 1
184 229 0 1
183 229 0 1
182 229 0 1
77 229 0 0
76 229 0 0
75 229 0 0
74 229 0 0
186 228 0 1
185 228 0 1
184 228 0 1
183 228 0 1
182 228 0 1
77 228 0 0
76 228 0 0
75 228 0 0
74 228 0 0
187 227 0 1
186 227 0 1
185 227 0 1
184 227 0 1
183 227 0 1
182 227 0 1
77 227 0 0
76 227 0 0
75 227 0 0
74 227 0 0
187 226 0 1
186 226 0 1
185 226 0 1
184 226 0 1
183 226 0 1
77 226 0 0
76 226 0 0
75 226 0 0
74 226 0 0
187 225 0 1
186 225 0 1
185 225 0 1
184 225 0 1
183 225 0 1
77 225 0 0
76 225 0 0
75 225 0 0
74 225 0 0
187 224 0 1
186 224 0 1
185 224 0 1
184 224 0 1
183 224 0 1
77 224 0 0
76 224 0 0
75 224 0 0
74 224 0 0
187 223 0 1
186 223 0 1
185 223 0 1
184 223 0 1
183 223 0 1
77 223 0 0
76 223 0 0
75 223 0 0
74 223 0 0
188 222 0 1
187 222 0 1
186 222 0 1
185 222 0 1
184 222 0 1
183 222 0 1
77 222 0 0
76 222 0 0
75 222 0 0
74 222 0 0
188 221 0 1
187 221 0 1
186 221 0 1
185 221 0 1
184 221 0 1
77 221 0 0
76 221 0 0
75 221 0 0
74 221 0 0
188 220 0 1
187 220 0 1
186 220 0 1
185 220 0 1
184 220 0 1
77 220 0 0
76 220 0 0
75 220 0 0
74 220 0 0
188 219 0 1
187 219 0 1
186 219 0 1
185 219 0 1
184 219 0 1
77 219 0 0
76 219 0 0
75 219 0 0
74 219 0 0
188 218 0 1
187 218 0 1
186 218 0 1
185 218 0 1
184 218 0 1
77 218 0 0
76 218 0 0
75 218 0 0
74 218 0 0
188 217 0 1
187 217 0 1
186 217 0 1
185 217 0 1
184 217 0 1
77 217 0 0
76 217 0 0
75 217 0 0
74 217 0 0
188 216 0 1
187 216 0 1
186 216 0 1
185 216 0 1
184 216 0 1
77 216 0 0
76 216 0 0
75 216 0 0
74 216 0 0
188 215 0 1
187 215 0 1
186 215 0 1
185 215 0 1
77 215 0 0
76 215 0 0
75 215 0 0
74 215 0 0
188 214 0 1
187 214 0 1
186 214 0 1
185 214 0 1
77 214 0 0
76 214 0 0
75 214 0 0
74 214 0 0
188 213 0 1
187 213 0 1
186 213 0 1
185 213 0 1
77 213 0 0
76 213 0 0
75 213 0 0
74 213 0 0
189 212 0 1
188 212 0 1
187 212 0 1
186 212 0 1
185 212 0 1
77 212 0 0
76 212 0 0
75 212 0 0
74 212 0 0
189 211 0 1
188 211 0 1
187 211 0 1
186 211 0 1
185 211 0 1
144 211 0 1
143 211 0 1
142 211 0 1
141 211 0 1
140 211 0 1
77 211 0 0
76 211 0 0
75 211 0 0
74 211 0 0
189 210 0 1
188 210 0 1
187 210 0 1
186 210 0 1
185 210 0 1
144 210 0 1
143 210 0 1
142 210 0 1
141 210 0 1
140 210 0 1
139 210 0 1
77 210 0 0
76 210 0 0
75 210 0 0
74 210 0 0
189 209 0 1
188 209 0 1
187 209 0 1
186 209 0 1
185 209 0 1
144 209 0 1
143 209 0 1
142 209 0 1
141 209 0 1
140 209 0 1
139 209 0 1
138 209 0 1
137 209 0 1
77 209 0 0
76 209 0 0
75 209 0 0
74 209 0 0
189 208 0 1
188 208 0 1
187 208 0 1
186 208 0 1
185 208 0 1
144 208 0 1
143 208 0 1
142 208 0 1
141 208 0 1
140 208 0 1
139 208 0 1
138 208 0 1
137 208 0 1
136 208 0 1
135 208 0 1
77 208 0 0
76 208 0 0
75 208 0 0
74 208 0 0
189 207 0 1
188 207 0 1
187 207 0 1
186 207 0 1
143 207 0 1
142 207 0 1
141 207 0 1
140 207 0 1
139 207 0 1
138 207 0 1
137 207 0 1
136 207 0 1
135 207 0 1
77 207 0 0
76 207 0 0
75 207 0 0
74 207 0 0
189 206 0 1
188 206 0 1
187 206 0 1
186 206 0 1
142 206 0 1
141 206 0 1
140 206 0 1
139 206 0 1
138 206 0 1
137 206 0 1
136 206 0 1
135 206 0 1
77 206 0 0
76 206 0 0
75 206 0 0
74 206 0 0
190 205 0 1
189 205 0 1
188 205 0 1
187 205 0 1
186 205 0 1
140 205 0 1
139 205 0 1
138 205 0 1
137 205 0 1
136 205 0 1
135 205 0 1
134 205 0 1
133 205 0 1
77 205 0 0
76 205 0 0
75 205 0 0
74 205 0 0
190 204 0 1
189 204 0 1
188 204 0 1
187 204 0 1
186 204 0 1
138 204 0 1
137 204 0 1
136 204 0 1
135 204 0 1
134 204 0 1
133 204 0 1
132 204 0 1
131 204 0 1
77 204 0 0
76 204 0 0
75 204 0 0
74 204 0 0
191 203 0 1
190 203 0 1
189 203 0 1
188 203 0 1
187 203 0 1
186 203 0 1
138 203 0 1
137 203 0 1
136 203 0 1
135 203 0 1
134 203 0 1
133 203 0 1
132 203 0 1
131 203 0 1
130 203 0 1
129 203 0 1
77 203 0 0
76 203 0 0
75 203 0 0
74 203 0 0
191 202 0 1
190 202 0 1
189 202 0 1
188 202 0 1
187 202 0 1
138 202 0 1
137 202 0 1
136 202 0 1
135 202 0 1
134 202 0 1
133 202 0 1
132 202 0 1
131 202 0 1
130 202 0 1
129 202 0 1
128 202 0 1
127 202 0 1
78 202 0 0
77 202 0 0
76 202 0 0
75 202 0 0
74 202 0 0
191 201 0 1
190 201 0 1
189 201 0 1
188 201 0 1
187 201 0 1
136 201 0 1
135 201 0 1
134 201 0 1
133 201 0 1
132 201 0 1
131 201 0 1
130 201 0 1
129 201 0 1
128 201 0 1
127 201 0 1
78 201 0 0
77 201 0 0
76 201 0 0
75 201 0 0
74 201 0 0
191 200 0 1
190 200 0 1
189 200 0 1
188 200 0 1
187 200 0 1
134 200 0 1
133 200 0 1
132 200 0 1
131 200 0 1
130 200 0 1
129 200 0 1
128 200 0 1
127 200 0 1
126 200 0 1
78 200 0 0
77 200 0 0
76 200 0 0
75 200 0 0
74 200 0 0
191 199 0 1
190 199 0 1
189 199 0 1
188 199 0 1
187 199 0 1
132 199 0 1
131 199 0 1
130 199 0 1
129 199 0 1
128 199 0 1
127 199 0 1
126 199 0 1
125 199 0 1
78 199 0 0
77 199 0 0
76 199 0 0
75 199 0 0
74 199 0 0
191 198 0 1
190 198 0 1
189 198 0 1
188 198 0 1
130 198 0 1
129 198 0 1
128 198 0 1
127 198 0 1
126 198 0 1
125 198 0 1
124 198 0 1
78 198 0 0
77 198 0 0
76 198 0 0
75 198 0 0
191 197 0 1
190 197 0 1
189 197 0 1
188 197 0 1
129 197 0 1
128 197 0 1
127 197 0 1
126 197 0 1
125 197 0 1
124 197 0 1
78 197 0 0
77 197 0 0
76 197 0 0
75 197 0 0
191 196 0 1
190 196 0 1
189 196 0 1
188 196 0 1
128 196 0 1
127 196 0 1
126 196 0 1
125 196 0 1
124 196 0 1
79 196 0 0
78 196 0 0
77 196 0 0
76 196 0 0
75 196 0 0
191 195 0 1
190 195 0 1
189 195 0 1
188 195 0 1
128 195 0 1
127 195 0 1
126 195 0 1
125 195 0 1
124 195 0 1
79 195 0 0
78 195 0 0
77 195 0 0
76 195 0 0
75 195 0 0
191 194 0 1
190 194 0 1
189 194 0 1
188 194 0 1
127 194 0 1
126 194 0 1
125 194 0 1
124 194 0 1
79 194 0 0
78 194 0 0
77 194 0 0
76 194 0 0
75 194 0 0
191 193 0 1
190 193 0 1
189 193 0 1
188 193 0 1
127 193 0 1
126 193 0 1
125 193 0 1
124 193 0 1
80 193 0 0
79 193 0 0
78 193 0 0
77 193 0 0
76 193 0 0
75 193 0 0
191 192 0 1
190 192 0 1
189 192 0 1
188 192 0 1
127 192 0 1
126 192 0 1
125 192 0 1
124 192 0 1
80 192 0 0
79 192 0 0
78 192 0 0
77 192 0 0
76 192 0 0
75 192 0 0
191 191 0 1
190 191 0 1
189 191 0 1
188 191 0 1
127 191 0 1
126 191 0 1
125 191 0 1
124 191 0 1
80 191 0 0
79 191 0 0
78 191 0 0
77 191 0 0
76 191 0 0
191 190 0 1
190 190 0 1
189 190 0 1
188 190 0 1
127 190 0 1
126 190 0 1
125 190 0 1
124 190 0 1
80 190 0 0
79 190 0 0
78 190 0 0
77 190 0 0
76 190 0 0
191 189 0 1
190 189 0 1
189 189 0 1
188 189 0 1
127 189 0 1
126 189 0 1
125 189 0 1
124 189 0 1
81 189 0 0
80 189 0 0
79 189 0 0
78 189 0 0
77 189 0 0
76 189 0 0
191 188 0 1
190 188 0 1
189 188 0 1
188 188 0 1
127 188 0 1
126 188 0 1
125 188 0 1
124 188 0 1
81 188 0 0
80 188 0 0
79 188 0 0
78 188 0 0
77 188 0 0
191 187 0 1
190 187 0 1
189 187 0 1
188 187 0 1
127 187 0 1
126 187 0 1
125 187 0 1
124 187 0 1
81 187 0 0
80 187 0 0
79 187 0 0
78 187 0 0
77 187 0 0
191 186 0 1
190 186 0 1
189 186 0 1
188 186 0 1
127 186 0 1
126 186 0 1
125 186 0 1
124 186 0 1
81 186 0 0
80 186 0 0
79 186 0 0
78 186 0 0
77 186 0 0
191 185 0 1
190 185 0 1
189 185 0 1
188 185 0 1
127 185 0 1
126 185 0 1
125 185 0 1
124 185 0 1
81 185 0 0
80 185 0 0
79 185 0 0
78 185 0 0
77 185 0 0
191 184 0 1
190 184 0 1
189 184 0 1
188 184 0 1
127 184 0 1
126 184 0 1
125 184 0 1
124 184 0 1
82 184 0 0
81 184 0 0
80 184 0 0
79 184 0 0
78 184 0 0
77 184 0 0
191 183 0 1
190 183 0 1
189 183 0 1
188 183 0 1
127 183 0 1
126 183 0 1
125 183 0 1
124 183 0 1
82 183 0 0
81 183 0 0
80 183 0 0
79 183 0 0
78 183 0 0
191 182 0 1
190 182 0 1
189 182 0 1
188 182 0 1
127 182 0 1
126 182 0 1
125 182 0 1
124 182 0 1
82 182 0 0
81 182 0 0
80 182 0 0
79 182 0 0
78 182 0 0
191 181 0 1
190 181 0 1
189 181 0 1
188 181 0 1
128 181 0 1
127 181 0 1
126 181 0 1
125 181 0 1
124 181 0 1
82 181 0 0
81 181 0 0
80 181 0 0
79 181 0 0
78 181 0 0
191 180 0 1
190 180 0 1
189 180 0 1
188 180 0 1
128 180 0 1
127 180 0 1
126 180 0 1
125 180 0 1
124 180 0 1
83 180 0 0
82 180 0 0
81 180 0 0
80 180 0 0
79 180 0 0
78 180 0 0
191 179 0 1
190 179 0 1
189 179 0 1
188 179 0 1
128 179 0 1
127 179 0 1
126 179 0 1
125 179 0 1
124 179 0 1
83 179 0 0
82 179 0 0
81 179 0 0
80 179 0 0
79 179 0 0
191 178 0 1
190 178 0 1
189 178 0 1
188 178 0 1
128 178 0 1
127 178 0 1
126 178 0 1
125 178 0 1
124 178 0 1
83 178 0 0
82 178 0 0
81 178 0 0
80 178 0 0
79 178 0 0
191 177 0 1
190 177 0 1
189 177 0 1
188 177 0 1
128 177 0 1
127 177 0 1
126 177 0 1
125 177 0 1
83 177 0 0
82 177 0 0
81 177 0 0
80 177 0 0
79 177 0 0
191 176 0 1
190 176 0 1
189 176 0 1
188 176 0 1
128 176 0 1
127 176 0 1
126 176 0 1
125 176 0 1
84 176 0 0
83 176 0 0
82 176 0 0
81 176 0 0
80 176 0 0
79 176 0 0
191 175 0 1
190 175 0 1
189 175 0 1
188 175 0 1
129 175 0 1
128 175 0 1
127 175 0 1
126 175 0 1
125 175 0 1
84 175 0 0
83 175 0 0
82 175 0 0
81 175 0 0
80 175 0 0
191 174 0 1
190 174 0 1
189 174 0 1
188 174 0 1
129 174 0 1
128 174 0 1
127 174 0 1
126 174 0 1
125 174 0 1
84 174 0 0
83 174 0 0
82 174 0 0
81 174 0 0
80 174 0 0
191 173 0 1
190 173 0 1
189 173 0 1
188 173 0 1
130 173 0 1
129 173 0 1
128 173 0 1
127 173 0 1
126 173 0 1
125 173 0 1
84 173 0 0
83 173 0 0
82 173 0 0
81 173 0 0
80 173 0 0
191 172 0 1
190 172 0 1
189 172 0 1
188 172 0 1
187 172 0 1
130 172 0 1
129 172 0 1
128 172 0 1
127 172 0 1
126 172 0 1
84 172 0 0
83 172 0 0
82 172 0 0
81 172 0 0
80 172 0 0
191 171 0 1
190 171 0 1
189 171 0 1
188 171 0 1
187 171 0 1
130 171 0 1
129 171 0 1
128 171 0 1
127 171 0 1
126 171 0 1
84 171 0 0
83 171 0 0
82 171 0 0
81 171 0 0
80 171 0 0
191 170 0 1
190 170 0 1
189 170 0 1
188 170 0 1
187 170 0 1
130 170 0 1
129 170 0 1
128 170 0 1
127 170 0 1
85 170 0 0
84 170 0 0
83 170 0 0
82 170 0 0
81 170 0 0
80 170 0 0
191 169 0 1
190 169 0 1
189 169 0 1
188 169 0 1
187 169 0 1
130 169 0 1
129 169 0 1
128 169 0 1
127 169 0 1
85 169 0 0
84 169 0 0
83 169 0 0
82 169 0 0
81 169 0 0
191 168 0 1
190 168 0 1
189 168 0 1
188 168 0 1
187 168 0 1
131 168 0 1
130 168 0 1
129 168 0 1
128 168 0 1
127 168 0 1
85 168 0 0
84 168 0 0
83 168 0 0
82 168 0 0
81 168 0 0
190 167 0 1
189 167 0 1
188 167 0 1
187 167 0 1
131 167 0 1
130 167 0 1
129 167 0 1
128 167 0 1
127 167 0 1
86 167 0 0
85 167 0 0
84 167 0 0
83 167 0 0
82 167 0 0
81 167 0 0
190 166 0 1
189 166 0 1
188 166 0 1
187 166 0 1
186 166 0 1
131 166 0 1
130 166 0 1
129 166 0 1
128 166 0 1
127 166 0 1
86 166 0 0
85 166 0 0
84 166 0 0
83 166 0 0
82 166 0 0
190 165 0 1
189 165 0 1
188 165 0 1
187 165 0 1
186 165 0 1
131 165 0 1
130 165 0 1
129 165 0 1
128 165 0 1
127 165 0 1
87 165 0 0
86 165 0 0
85 165 0 0
84 165 0 0
83 165 0 0
82 165 0 0
293 164 0 0
292 164 0 0
291 164 0 0
290 164 0 0
289 164 0 0
190 164 0 1
189 164 0 1
188 164 0 1
187 164 0 1
186 164 0 1
132 164 0 1
131 164 0 1
130 164 0 1
129 164 0 1
128 164 0 1
87 164 0 0
86 164 0 0
85 164 0 0
84 164 0 0
83 164 0 0
293 163 0 0
292 163 0 0
291 163 0 0
290 163 0 0
289 163 0 0
190 163 0 1
189 163 0 1
188 163 0 1
187 163 0 1
186 163 0 1
132 163 0 1
131 163 0 1
130 163 0 1
129 163 0 1
128 163 0 1
88 163 0 0
87 163 0 0
86 163 0 0
85 163 0 0
84 163 0 0
83 163 0 0
293 162 0 0
292 162 0 0
291 162 0 0
290 162 0 0
289 162 0 0
288 162 0 0
190 162 0 1
189 162 0 1
188 162 0 1
187 162 0 1
186 162 0 1
185 162 0 1
132 162 0 1
131 162 0 1
130 162 0 1
129 162 0 1
128 162 0 1
88 162 0 0
87 162 0 0
86 162 0 0
85 162 0 0
84 162 0 0
83 162 0 0
293 161 0 0
292 161 0 0
291 161 0 0
290 161 0 0
289 161 0 0
288 161 0 0
190 161 0 1
189 161 0 1
188 161 0 1
187 161 0 1
186 161 0 1
185 161 0 1
133 161 0 1
132 161 0 1
131 161 0 1
130 161 0 1
129 161 0 1
128 161 0 1
89 161 0 0
88 161 0 0
87 161 0 0
86 161 0 0
85 161 0 0
84 161 0 0
292 160 0 0
291 160 0 0
290 160 0 0
289 160 0 0
288 160 0 0
189 160 0 1
188 160 0 1
187 160 0 1
186 160 0 1
185 160 0 1
133 160 0 1
132 160 0 1
131 160 0 1
130 160 0 1
129 160 0 1
128 160 0 1
89 160 0 0
88 160 0 0
87 160 0 0
86 160 0 0
85 160 0 0
84 160 0 0
292 159 0 0
291 159 0 0
290 159 0 0
289 159 0 0
288 159 0 0
287 159 0 0
189 159 0 1
188 159 0 1
187 159 0 1
186 159 0 1
185 159 0 1
184 159 0 1
134 159 0 1
133 159 0 1
132 159 0 1
131 159 0 1
130 159 0 1
129 159 0 1
89 159 0 0
88 159 0 0
87 159 0 0
86 159 0 0
85 159 0 0
292 158 0 0
291 158 0 0
290 158 0 0
289 158 0 0
288 158 0 0
287 158 0 0
189 158 0 1
188 158 0 1
187 158 0 1
186 158 0 1
185 158 0 1
184 158 0 1
134 158 0 1
133 158 0 1
132 158 0 1
131 158 0 1
130 158 0 1
129 158 0 1
90 158 0 0
89 158 0 0
88 158 0 0
87 158 0 0
86 158 0 0
85 158 0 0
291 157 0 0
290 157 0 0
289 157 0 0
288 157 0 0
287 157 0 0
286 157 0 0
188 157 0 1
187 157 0 1
186 157 0 1
185 157 0 1
184 157 0 1
183 157 0 1
134 157 0 1
133 157 0 1
132 157 0 1
131 157 0 1
130 157 0 1
90 157 0 0
89 157 0 0
88 157 0 0
87 157 0 0
86 157 0 0
291 156 0 0
290 156 0 0
289 156 0 0
288 156 0 0
287 156 0 0
286 156 0 0
285 156 0 0
188 156 0 1
187 156 0 1
186 156 0 1
185 156 0 1
184 156 0 1
183 156 0 1
135 156 0 1
134 156 0 1
133 156 0 1
132 156 0 1
131 156 0 1
130 156 0 1
91 156 0 0
90 156 0 0
89 156 0 0
88 156 0 0
87 156 0 0
86 156 0 0
290 155 0 0
289 155 0 0
288 155 0 0
287 155 0 0
286 155 0 0
285 155 0 0
187 155 0 1
186 155 0 1
185 155 0 1
184 155 0 1
183 155 0 1
135 155 0 1
134 155 0 1
133 155 0 1
132 155 0 1
131 155 0 1
130 155 0 1
91 155 0 0
90 155 0 0
89 155 0 0
88 155 0 0
87 155 0 0
86 155 0 0
289 154 0 0
288 154 0 0
287 154 0 0
286 154 0 0
285 154 0 0
284 154 0 0
187 154 0 1
186 154 0 1
185 154 0 1
184 154 0 1
183 154 0 1
135 154 0 1
134 154 0 1
133 154 0 1
132 154 0 1
131 154 0 1
92 154 0 0
91 154 0 0
90 154 0 0
89 154 0 0
88 154 0 0
87 154 0 0
289 153 0 0
288 153 0 0
287 153 0 0
286 153 0 0
285 153 0 0
284 153 0 0
283 153 0 0
186 153 0 1
185 153 0 1
184 153 0 1
183 153 0 1
136 153 0 1
135 153 0 1
134 153 0 1
133 153 0 1
132 153 0 1
131 153 0 1
92 153 0 0
91 153 0 0
90 153 0 0
89 153 0 0
88 153 0 0
87 153 0 0
288 152 0 0
287 152 0 0
286 152 0 0
285 152 0 0
284 152 0 0
283 152 0 0
282 152 0 0
186 152 0 1
185 152 0 1
184 152 0 1
183 152 0 1
182 152 0 1
136 152 0 1
135 152 0 1
134 152 0 1
133 152 0 1
132 152 0 1
131 152 0 1
92 152 0 0
91 152 0 0
90 152 0 0
89 152 0 0
88 152 0 0
287 151 0 0
286 151 0 0
285 151 0 0
284 151 0 0
283 151 0 0
282 151 0 0
281 151 0 0
186 151 0 1
185 151 0 1
184 151 0 1
183 151 0 1
182 151 0 1
181 151 0 1
137 151 0 1
136 151 0 1
135 151 0 1
134 151 0 1
133 151 0 1
132 151 0 1
93 151 0 0
92 151 0 0
91 151 0 0
90 151 0 0
89 151 0 0
88 151 0 0
286 150 0 0
285 150 0 0
284 150 0 0
283 150 0 0
282 150 0 0
281 150 0 0
280 150 0 0
186 150 0 1
185 150 0 1
184 150 0 1
183 150 0 1
182 150 0 1
181 150 0 1
137 150 0 1
136 150 0 1
135 150 0 1
134 150 0 1
133 150 0 1
93 150 0 0
92 150 0 0
91 150 0 0
90 150 0 0
89 150 0 0
88 150 0 0
285 149 0 0
284 149 0 0
283 149 0 0
282 149 0 0
281 149 0 0
280 149 0 0
279 149 0 0
185 149 0 1
184 149 0 1
183 149 0 1
182 149 0 1
181 149 0 1
180 149 0 1
137 149 0 1
136 149 0 1
135 149 0 1
134 149 0 1
133 149 0 1
93 149 0 0
92 149 0 0
91 149 0 0
90 149 0 0
89 149 0 0
284 148 0 0
283 148 0 0
282 148 0 0
281 148 0 0
280 148 0 0
279 148 0 0
185 148 0 1
184 148 0 1
183 148 0 1
182 148 0 1
181 148 0 1
180 148 0 1
137 148 0 1
136 148 0 1
135 148 0 1
134 148 0 1
94 148 0 0
93 148 0 0
92 148 0 0
91 148 0 0
90 148 0 0
89 148 0 0
283 147 0 0
282 147 0 0
281 147 0 0
280 147 0 0
279 147 0 0
278 147 0 0
184 147 0 1
183 147 0 1
182 147 0 1
181 147 0 1
180 147 0 1
179 147 0 1
137 147 0 1
136 147 0 1
135 147 0 1
134 147 0 1
94 147 0 0
93 147 0 0
92 147 0 0
91 147 0 0
90 147 0 0
89 147 0 0
282 146 0 0
281 146 0 0
280 146 0 0
279 146 0 0
278 146 0 0
277 146 0 0
183 146 0 1
182 146 0 1
181 146 0 1
180 146 0 1
179 146 0 1
178 146 0 1
137 146 0 1
136 146 0 1
135 146 0 1
134 146 0 1
94 146 0 0
93 146 0 0
92 146 0 0
91 146 0 0
90 146 0 0
282 145 0 0
281 145 0 0
280 145 0 0
279 145 0 0
278 145 0 0
277 145 0 0
183 145 0 1
182 145 0 1
181 145 0 1
180 145 0 1
179 145 0 1
178 145 0 1
177 145 0 1
138 145 0 1
137 145 0 1
136 145 0 1
135 145 0 1
134 145 0 1
95 145 0 0
94 145 0 0
93 145 0 0
92 145 0 0
91 145 0 0
90 145 0 0
281 144 0 0
280 144 0 0
279 144 0 0
278 144 0 0
277 144 0 0
276 144 0 0
182 144 0 1
181 144 0 1
180 144 0 1
179 144 0 1
178 144 0 1
177 144 0 1
176 144 0 1
138 144 0 1
137 144 0 1
136 144 0 1
135 144 0 1
134 144 0 1
95 144 0 0
94 144 0 0
93 144 0 0
92 144 0 0
91 144 0 0
90 144 0 0
280 143 0 0
279 143 0 0
278 143 0 0
277 143 0 0
276 143 0 0
275 143 0 0
181 143 0 1
180 143 0 1
179 143 0 1
178 143 0 1
177 143 0 1
176 143 0 1
175 143 0 1
174 143 0 1
138 143 0 1
137 143 0 1
136 143 0 1
135 143 0 1
134 143 0 1
96 143 0 0
95 143 0 0
94 143 0 0
93 143 0 0
92 143 0 0
91 143 0 0
280 142 0 0
279 142 0 0
278 142 0 0
277 142 0 0
276 142 0 0
275 142 0 0
274 142 0 0
180 142 0 1
179 142 0 1
178 142 0 1
177 142 0 1
176 142 0 1
175 142 0 1
174 142 0 1
173 142 0 1
138 142 0 1
137 142 0 1
136 142 0 1
135 142 0 1
134 142 0 1
96 142 0 0
95 142 0 0
94 142 0 0
93 142 0 0
92 142 0 0
91 142 0 0
279 141 0 0
278 141 0 0
277 141 0 0
276 141 0 0
275 141 0 0
274 141 0 0
273 141 0 0
179 141 0 1
178 141 0 1
177 141 0 1
176 141 0 1
175 141 0 1
174 141 0 1
173 141 0 1
172 141 0 1
138 141 0 1
137 141 0 1
136 141 0 1
135 141 0 1
134 141 0 1
96 141 0 0
95 141 0 0
94 141 0 0
93 141 0 0
92 141 0 0
278 140 0 0
277 140 0 0
276 140 0 0
275 140 0 0
274 140 0 0
273 140 0 0
272 140 0 0
178 140 0 1
177 140 0 1
176 140 0 1
175 140 0 1
174 140 0 1
173 140 0 1
172 140 0 1
171 140 0 1
138 140 0 1
137 140 0 1
136 140 0 1
135 140 0 1
134 140 0 1
97 140 0 0
96 140 0 0
95 140 0 0
94 140 0 0
93 140 0 0
92 140 0 0
277 139 0 0
276 139 0 0
275 139 0 0
274 139 0 0
273 139 0 0
272 139 0 0
271 139 0 0
176 139 0 1
175 139 0 1
174 139 0 1
173 139 0 1
172 139 0 1
171 139 0 1
170 139 0 1
169 139 0 1
138 139 0 1
137 139 0 1
136 139 0 1
135 139 0 1
134 139 0 1
97 139 0 0
96 139 0 0
95 139 0 0
94 139 0 0
93 139 0 0
276 138 0 0
275 138 0 0
274 138 0 0
273 138 0 0
272 138 0 0
271 138 0 0
270 138 0 0
175 138 0 1
174 138 0 1
173 138 0 1
172 138 0 1
171 138 0 1
170 138 0 1
169 138 0 1
168 138 0 1
138 138 0 1
137 138 0 1
136 138 0 1
135 138 0 1
98 138 0 0
97 138 0 0
96 138 0 0
95 138 0 0
94 138 0 0
93 138 0 0
275 137 0 0
274 137 0 0
273 137 0 0
272 137 0 0
271 137 0 0
270 137 0 0
269 137 0 0
174 137 0 1
173 137 0 1
172 137 0 1
171 137 0 1
170 137 0 1
169 137 0 1
168 137 0 1
167 137 0 1
166 137 0 1
165 137 0 1
164 137 0 1
138 137 0 1
137 137 0 1
136 137 0 1
135 137 0 1
98 137 0 0
97 137 0 0
96 137 0 0
95 137 0 0
94 137 0 0
274 136 0 0
273 136 0 0
272 136 0 0
271 136 0 0
270 136 0 0
269 136 0 0
268 136 0 0
173 136 0 1
172 136 0 1
171 136 0 1
170 136 0 1
169 136 0 1
168 136 0 1
167 136 0 1
166 136 0 1
165 136 0 1
164 136 0 1
138 136 0 1
137 136 0 1
136 136 0 1
135 136 0 1
99 136 0 0
98 136 0 0
97 136 0 0
96 136 0 0
95 136 0 0
94 136 0 0
273 135 0 0
272 135 0 0
271 135 0 0
270 135 0 0
269 135 0 0
268 135 0 0
267 135 0 0
172 135 0 1
171 135 0 1
170 135 0 1
169 135 0 1
168 135 0 1
167 135 0 1
166 135 0 1
165 135 0 1
164 135 0 1
138 135 0 1
137 135 0 1
136 135 0 1
135 135 0 1
99 135 0 0
98 135 0 0
97 135 0 0
96 135 0 0
95 135 0 0
94 135 0 0
272 134 0 0
271 134 0 0
270 134 0 0
269 134 0 0
268 134 0 0
267 134 0 0
170 134 0 1
169 134 0 1
168 134 0 1
167 134 0 1
166 134 0 1
165 134 0 1
164 134 0 1
138 134 0 1
137 134 0 1
136 134 0 1
135 134 0 1
100 134 0 0
99 134 0 0
98 134 0 0
97 134 0 0
96 134 0 0
95 134 0 0
272 133 0 0
271 133 0 0
270 133 0 0
269 133 0 0
268 133 0 0
267 133 0 0
266 133 0 0
167 133 0 1
166 133 0 1
165 133 0 1
164 133 0 1
163 133 0 1
139 133 0 1
138 133 0 1
137 133 0 1
136 133 0 1
135 133 0 1
100 133 0 0
99 133 0 0
98 133 0 0
97 133 0 0
96 133 0 0
95 133 0 0
271 132 0 0
270 132 0 0
269 132 0 0
268 132 0 0
267 132 0 0
266 132 0 0
265 132 0 0
167 132 0 1
166 132 0 1
165 132 0 1
164 132 0 1
163 132 0 1
139 132 0 1
138 132 0 1
137 132 0 1
136 132 0 1
135 132 0 1
101 132 0 0
100 132 0 0
99 132 0 0
98 132 0 0
97 132 0 0
96 132 0 0
270 131 0 0
269 131 0 0
268 131 0 0
267 131 0 0
266 131 0 0
265 131 0 0
167 131 0 1
166 131 0 1
165 131 0 1
164 131 0 1
163 131 0 1
139 131 0 1
138 131 0 1
137 131 0 1
136 131 0 1
135 131 0 1
101 131 0 0
100 131 0 0
99 131 0 0
98 131 0 0
97 131 0 0
96 131 0 0
269 130 0 0
268 130 0 0
267 130 0 0
266 130 0 0
265 130 0 0
264 130 0 0
167 130 0 1
166 130 0 1
165 130 0 1
164 130 0 1
163 130 0 1
139 130 0 1
138 130 0 1
137 130 0 1
136 130 0 1
135 130 0 1
101 130 0 0
100 130 0 0
99 130 0 0
98 130 0 0
97 130 0 0
269 129 0 0
268 129 0 0
267 129 0 0
266 129 0 0
265 129 0 0
264 129 0 0
167 129 0 1
166 129 0 1
165 129 0 1
164 129 0 1
163 129 0 1
139 129 0 1
138 129 0 1
137 129 0 1
136 129 0 1
102 129 0 0
101 129 0 0
100 129 0 0
99 129 0 0
98 129 0 0
97 129 0 0
268 128 0 0
267 128 0 0
266 128 0 0
265 128 0 0
264 128 0 0
263 128 0 0
166 128 0 1
165 128 0 1
164 128 0 1
163 128 0 1
139 128 0 1
138 128 0 1
137 128 0 1
136 128 0 1
102 128 0 0
101 128 0 0
100 128 0 0
99 128 0 0
98 128 0 0
268 127 0 0
267 127 0 0
266 127 0 0
265 127 0 0
264 127 0 0
263 127 0 0
262 127 0 0
166 127 0 1
165 127 0 1
164 127 0 1
163 127 0 1
139 127 0 1
138 127 0 1
137 127 0 1
136 127 0 1
103 127 0 0
102 127 0 0
101 127 0 0
100 127 0 0
99 127 0 0
98 127 0 0
267 126 0 0
266 126 0 0
265 126 0 0
264 126 0 0
263 126 0 0
262 126 0 0
261 126 0 0
166 126 0 1
165 126 0 1
164 126 0 1
163 126 0 1
139 126 0 1
138 126 0 1
137 126 0 1
136 126 0 1
103 126 0 0
102 126 0 0
101 126 0 0
100 126 0 0
99 126 0 0
267 125 0 0
266 125 0 0
265 125 0 0
264 125 0 0
263 125 0 0
262 125 0 0
261 125 0 0
260 125 0 0
166 125 0 1
165 125 0 1
164 125 0 1
163 125 0 1
162 125 0 1
139 125 0 1
138 125 0 1
137 125 0 1
136 125 0 1
104 125 0 0
103 125 0 0
102 125 0 0
101 125 0 0
100 125 0 0
99 125 0 0
266 124 0 0
265 124 0 0
264 124 0 0
263 124 0 0
262 124 0 0
261 124 0 0
260 124 0 0
259 124 0 0
258 124 0 0
166 124 0 1
165 124 0 1
164 124 0 1
163 124 0 1
162 124 0 1
139 124 0 1
138 124 0 1
137 124 0 1
136 124 0 1
104 124 0 0
103 124 0 0
102 124 0 0
101 124 0 0
100 124 0 0
99 124 0 0
264 123 0 0
263 123 0 0
262 123 0 0
261 123 0 0
260 123 0 0
259 123 0 0
258 123 0 0
257 123 0 0
166 123 0 1
165 123 0 1
164 123 0 1
163 123 0 1
162 123 0 1
139 123 0 1
138 123 0 1
137 123 0 1
136 123 0 1
105 123 0 0
104 123 0 0
103 123 0 0
102 123 0 0
101 123 0 0
100 123 0 0
263 122 0 0
262 122 0 0
261 122 0 0
260 122 0 0
259 122 0 0
258 122 0 0
257 122 0 0
256 122 0 0
165 122 0 1
164 122 0 1
163 122 0 1
162 122 0 1
161 122 0 1
139 122 0 1
138 122 0 1
137 122 0 1
136 122 0 1
105 122 0 0
104 122 0 0
103 122 0 0
102 122 0 0
101 122 0 0
100 122 0 0
262 121 0 0
261 121 0 0
260 121 0 0
259 121 0 0
258 121 0 0
257 121 0 0
256 121 0 0
255 121 0 0
254 121 0 0
165 121 0 1
164 121 0 1
163 121 0 1
162 121 0 1
161 121 0 1
139 121 0 1
138 121 0 1
137 121 0 1
136 121 0 1
105 121 0 0
104 121 0 0
103 121 0 0
102 121 0 0
101 121 0 0
261 120 0 0
260 120 0 0
259 120 0 0
258 120 0 0
257 120 0 0
256 120 0 0
255 120 0 0
254 120 0 0
253 120 0 0
165 120 0 1
164 120 0 1
163 120 0 1
162 120 0 1
161 120 0 1
160 120 0 1
139 120 0 1
138 120 0 1
137 120 0 1
136 120 0 1
106 120 0 0
105 120 0 0
104 120 0 0
103 120 0 0
102 120 0 0
101 120 0 0
259 119 0 0
258 119 0 0
257 119 0 0
256 119 0 0
255 119 0 0
254 119 0 0
253 119 0 0
252 119 0 0
251 119 0 0
164 119 0 1
163 119 0 1
162 119 0 1
161 119 0 1
160 119 0 1
159 119 0 1
139 119 0 1
138 119 0 1
137 119 0 1
136 119 0 1
106 119 0 0
105 119 0 0
104 119 0 0
103 119 0 0
102 119 0 0
258 118 0 0
257 118 0 0
256 118 0 0
255 118 0 0
254 118 0 0
253 118 0 0
252 118 0 0
251 118 0 0
250 118 0 0
249 118 0 0
164 118 0 1
163 118 0 1
162 118 0 1
161 118 0 1
160 118 0 1
159 118 0 1
139 118 0 1
138 118 0 1
137 118 0 1
136 118 0 1
106 118 0 0
105 118 0 0
104 118 0 0
103 118 0 0
102 118 0 0
256 117 0 0
255 117 0 0
254 117 0 0
253 117 0 0
252 117 0 0
251 117 0 0
250 117 0 0
249 117 0 0
248 117 0 0
163 117 0 1
162 117 0 1
161 117 0 1
160 117 0 1
159 117 0 1
139 117 0 1
138 117 0 1
137 117 0 1
136 117 0 1
107 117 0 0
106 117 0 0
105 117 0 0
104 117 0 0
103 117 0 0
102 117 0 0
255 116 0 0
254 116 0 0
253 116 0 0
252 116 0 0
251 116 0 0
250 116 0 0
249 116 0 0
248 116 0 0
247 116 0 0
246 116 0 0
163 116 0 1
162 116 0 1
161 116 0 1
160 116 0 1
159 116 0 1
158 116 0 1
139 116 0 1
138 116 0 1
137 116 0 1
136 116 0 1
107 116 0 0
106 116 0 0
105 116 0 0
104 116 0 0
103 116 0 0
253 115 0 0
252 115 0 0
251 115 0 0
250 115 0 0
249 115 0 0
248 115 0 0
247 115 0 0
246 115 0 0
245 115 0 0
163 115 0 1
162 115 0 1
161 115 0 1
160 115 0 1
159 115 0 1
158 115 0 1
157 115 0 1
139 115 0 1
138 115 0 1
137 115 0 1
136 115 0 1
107 115 0 0
106 115 0 0
105 115 0 0
104 115 0 0
103 115 0 0
252 114 0 0
251 114 0 0
250 114 0 0
249 114 0 0
248 114 0 0
247 114 0 0
246 114 0 0
245 114 0 0
244 114 0 0
162 114 0 1
161 114 0 1
160 114 0 1
159 114 0 1
158 114 0 1
157 114 0 1
156 114 0 1
139 114 0 1
138 114 0 1
137 114 0 1
136 114 0 1
108 114 0 0
107 114 0 0
106 114 0 0
105 114 0 0
104 114 0 0
103 114 0 0
250 113 0 0
249 113 0 0
248 113 0 0
247 113 0 0
246 113 0 0
245 113 0 0
244 113 0 0
243 113 0 0
161 113 0 1
160 113 0 1
159 113 0 1
158 113 0 1
157 113 0 1
156 113 0 1
139 113 0 1
138 113 0 1
137 113 0 1
136 113 0 1
108 113 0 0
107 113 0 0
106 113 0 0
105 113 0 0
104 113 0 0
249 112 0 0
248 112 0 0
247 112 0 0
246 112 0 0
245 112 0 0
244 112 0 0
243 112 0 0
242 112 0 0
160 112 0 1
159 112 0 1
158 112 0 1
157 112 0 1
156 112 0 1
155 112 0 1
139 112 0 1
138 112 0 1
137 112 0 1
136 112 0 1
108 112 0 0
107 112 0 0
106 112 0 0
105 112 0 0
104 112 0 0
247 111 0 0
246 111 0 0
245 111 0 0
244 111 0 0
243 111 0 0
242 111 0 0
241 111 0 0
240 111 0 0
160 111 0 1
159 111 0 1
158 111 0 1
157 111 0 1
156 111 0 1
155 111 0 1
139 111 0 1
138 111 0 1
137 111 0 1
136 111 0 1
109 111 0 0
108 111 0 0
107 111 0 0
106 111 0 0
105 111 0 0
104 111 0 0
246 110 0 0
245 110 0 0
244 110 0 0
243 110 0 0
242 110 0 0
241 110 0 0
240 110 0 0
239 110 0 0
238 110 0 0
159 110 0 1
158 110 0 1
157 110 0 1
156 110 0 1
155 110 0 1
139 110 0 1
138 110 0 1
137 110 0 1
136 110 0 1
109 110 0 0
108 110 0 0
107 110 0 0
106 110 0 0
105 110 0 0
245 109 0 0
244 109 0 0
243 109 0 0
242 109 0 0
241 109 0 0
240 109 0 0
239 109 0 0
238 109 0 0
237 109 0 0
236 109 0 0
159 109 0 1
158 109 0 1
157 109 0 1
156 109 0 1
155 109 0 1
154 109 0 1
139 109 0 1
138 109 0 1
137 109 0 1
136 109 0 1
110 109 0 0
109 109 0 0
108 109 0 0
107 109 0 0
106 109 0 0
105 109 0 0
244 108 0 0
243 108 0 0
242 108 0 0
241 108 0 0
240 108 0 0
239 108 0 0
238 108 0 0
237 108 0 0
236 108 0 0
235 108 0 0
159 108 0 1
158 108 0 1
157 108 0 1
156 108 0 1
155 108 0 1
154 108 0 1
139 108 0 1
138 108 0 1
137 108 0 1
136 108 0 1
110 108 0 0
109 108 0 0
108 108 0 0
107 108 0 0
106 108 0 0
105 108 0 0
242 107 0 0
241 107 0 0
240 107 0 0
239 107 0 0
238 107 0 0
237 107 0 0
236 107 0 0
235 107 0 0
234 107 0 0
233 107 0 0
158 107 0 1
157 107 0 1
156 107 0 1
155 107 0 1
154 107 0 1
139 107 0 1
138 107 0 1
137 107 0 1
136 107 0 1
110 107 0 0
109 107 0 0
108 107 0 0
107 107 0 0
106 107 0 0
241 106 0 0
240 106 0 0
239 106 0 0
238 106 0 0
237 106 0 0
236 106 0 0
235 106 0 0
234 106 0 0
233 106 0 0
232 106 0 0
158 106 0 1
157 106 0 1
156 106 0 1
155 106 0 1
154 106 0 1
139 106 0 1
138 106 0 1
137 106 0 1
136 106 0 1
111 106 0 0
110 106 0 0
109 106 0 0
108 106 0 0
107 106 0 0
106 106 0 0
239 105 0 0
238 105 0 0
237 105 0 0
236 105 0 0
235 105 0 0
234 105 0 0
233 105 0 0
232 105 0 0
231 105 0 0
157 105 0 1
156 105 0 1
155 105 0 1
154 105 0 1
139 105 0 1
138 105 0 1
137 105 0 1
136 105 0 1
111 105 0 0
110 105 0 0
109 105 0 0
108 105 0 0
107 105 0 0
237 104 0 0
236 104 0 0
235 104 0 0
234 104 0 0
233 104 0 0
232 104 0 0
231 104 0 0
157 104 0 1
156 104 0 1
155 104 0 1
154 104 0 1
139 104 0 1
138 104 0 1
137 104 0 1
136 104 0 1
112 104 0 0
111 104 0 0
110 104 0 0
109 104 0 0
108 104 0 0
107 104 0 0
235 103 0 0
234 103 0 0
233 103 0 0
232 103 0 0
231 103 0 0
230 103 0 0
157 103 0 1
156 103 0 1
155 103 0 1
154 103 0 1
139 103 0 1
138 103 0 1
137 103 0 1
136 103 0 1
112 103 0 0
111 103 0 0
110 103 0 0
109 103 0 0
108 103 0 0
107 103 0 0
234 102 0 0
233 102 0 0
232 102 0 0
231 102 0 0
230 102 0 0
229 102 0 0
228 102 0 0
157 102 0 1
156 102 0 1
155 102 0 1
154 102 0 1
112 102 0 0
111 102 0 0
110 102 0 0
109 102 0 0
108 102 0 0
234 101 0 0
233 101 0 0
232 101 0 0
231 101 0 0
230 101 0 0
229 101 0 0
228 101 0 0
227 101 0 0
157 101 0 1
156 101 0 1
155 101 0 1
154 101 0 1
113 101 0 0
112 101 0 0
111 101 0 0
110 101 0 0
109 101 0 0
108 101 0 0
233 100 0 0
232 100 0 0
231 100 0 0
230 100 0 0
229 100 0 0
228 100 0 0
227 100 0 0
226 100 0 0
225 100 0 0
157 100 0 1
156 100 0 1
155 100 0 1
154 100 0 1
113 100 0 0
112 100 0 0
111 100 0 0
110 100 0 0
109 100 0 0
108 100 0 0
232 99 0 0
231 99 0 0
230 99 0 0
229 99 0 0
228 99 0 0
227 99 0 0
226 99 0 0
225 99 0 0
224 99 0 0
223 99 0 0
157 99 0 1
156 99 0 1
155 99 0 1
154 99 0 1
113 99 0 0
112 99 0 0
111 99 0 0
110 99 0 0
109 99 0 0
231 98 0 0
230 98 0 0
229 98 0 0
228 98 0 0
227 98 0 0
226 98 0 0
225 98 0 0
224 98 0 0
223 98 0 0
222 98 0 0
221 98 0 0
157 98 0 1
156 98 0 1
155 98 0 1
154 98 0 1
114 98 0 0
113 98 0 0
112 98 0 0
111 98 0 0
110 98 0 0
109 98 0 0
229 97 0 0
228 97 0 0
227 97 0 0
226 97 0 0
225 97 0 0
224 97 0 0
223 97 0 0
222 97 0 0
221 97 0 0
220 97 0 0
157 97 0 1
156 97 0 1
155 97 0 1
154 97 0 1
114 97 0 0
113 97 0 0
112 97 0 0
111 97 0 0
110 97 0 0
228 96 0 0
227 96 0 0
226 96 0 0
225 96 0 0
224 96 0 0
223 96 0 0
222 96 0 0
221 96 0 0
220 96 0 0
219 96 0 0
218 96 0 0
157 96 0 1
156 96 0 1
155 96 0 1
154 96 0 1
114 96 0 0
113 96 0 0
112 96 0 0
111 96 0 0
110 96 0 0
226 95 0 0
225 95 0 0
224 95 0 0
223 95 0 0
222 95 0 0
221 95 0 0
220 95 0 0
219 95 0 0
218 95 0 0
217 95 0 0
216 95 0 0
157 95 0 1
156 95 0 1
155 95 0 1
154 95 0 1
114 95 0 0
113 95 0 0
112 95 0 0
111 95 0 0
110 95 0 0
224 94 0 0
223 94 0 0
222 94 0 0
221 94 0 0
220 94 0 0
219 94 0 0
218 94 0 0
217 94 0 0
216 94 0 0
215 94 0 0
214 94 0 0
157 94 0 1
156 94 0 1
155 94 0 1
154 94 0 1
114 94 0 0
113 94 0 0
112 94 0 0
111 94 0 0
222 93 0 0
221 93 0 0
220 93 0 0
219 93 0 0
218 93 0 0
217 93 0 0
216 93 0 0
215 93 0 0
214 93 0 0
213 93 0 0
212 93 0 0
211 93 0 0
157 93 0 1
156 93 0 1
155 93 0 1
154 93 0 1
114 93 0 0
113 93 0 0
112 93 0 0
111 93 0 0
221 92 0 0
220 92 0 0
219 92 0 0
218 92 0 0
217 92 0 0
216 92 0 0
215 92 0 0
214 92 0 0
213 92 0 0
212 92 0 0
211 92 0 0
210 92 0 0
209 92 0 0
158 92 0 1
157 92 0 1
156 92 0 1
155 92 0 1
154 92 0 1
114 92 0 0
113 92 0 0
112 92 0 0
111 92 0 0
219 91 0 0
218 91 0 0
217 91 0 0
216 91 0 0
215 91 0 0
214 91 0 0
213 91 0 0
212 91 0 0
211 91 0 0
210 91 0 0
209 91 0 0
208 91 0 0
158 91 0 1
157 91 0 1
156 91 0 1
155 91 0 1
154 91 0 1
114 91 0 0
113 91 0 0
112 91 0 0
111 91 0 0
216 90 0 0
215 90 0 0
214 90 0 0
213 90 0 0
212 90 0 0
211 90 0 0
210 90 0 0
209 90 0 0
208 90 0 0
207 90 0 0
158 90 0 1
157 90 0 1
156 90 0 1
155 90 0 1
154 90 0 1
114 90 0 0
113 90 0 0
112 90 0 0
111 90 0 0
214 89 0 0
213 89 0 0
212 89 0 0
211 89 0 0
210 89 0 0
209 89 0 0
208 89 0 0
207 89 0 0
206 89 0 0
158 89 0 1
157 89 0 1
156 89 0 1
155 89 0 1
154 89 0 1
114 89 0 0
113 89 0 0
112 89 0 0
111 89 0 0
212 88 0 0
211 88 0 0
210 88 0 0
209 88 0 0
208 88 0 0
207 88 0 0
206 88 0 0
205 88 0 0
158 88 0 1
157 88 0 1
156 88 0 1
155 88 0 1
154 88 0 1
114 88 0 0
113 88 0 0
112 88 0 0
111 88 0 0
210 87 0 0
209 87 0 0
208 87 0 0
207 87 0 0
206 87 0 0
205 87 0 0
204 87 0 0
158 87 0 1
157 87 0 1
156 87 0 1
155 87 0 1
154 87 0 1
114 87 0 0
113 87 0 0
112 87 0 0
111 87 0 0
209 86 0 0
208 86 0 0
207 86 0 0
206 86 0 0
205 86 0 0
204 86 0 0
203 86 0 0
158 86 0 1
157 86 0 1
156 86 0 1
155 86 0 1
114 86 0 0
113 86 0 0
112 86 0 0
111 86 0 0
208 85 0 0
207 85 0 0
206 85 0 0
205 85 0 0
204 85 0 0
203 85 0 0
202 85 0 0
158 85 0 1
157 85 0 1
156 85 0 1
155 85 0 1
114 85 0 0
113 85 0 0
112 85 0 0
111 85 0 0
207 84 0 0
206 84 0 0
205 84 0 0
204 84 0 0
203 84 0 0
202 84 0 0
158 84 0 1
157 84 0 1
156 84 0 1
155 84 0 1
114 84 0 0
113 84 0 0
112 84 0 0
111 84 0 0
206 83 0 0
205 83 0 0
204 83 0 0
203 83 0 0
202 83 0 0
201 83 0 0
158 83 0 1
157 83 0 1
156 83 0 1
155 83 0 1
114 83 0 0
113 83 0 0
112 83 0 0
111 83 0 0
205 82 0 0
204 82 0 0
203 82 0 0
202 82 0 0
201 82 0 0
200 82 0 0
159 82 0 1
158 82 0 1
157 82 0 1
156 82 0 1
155 82 0 1
205 81 0 0
204 81 0 0
203 81 0 0
202 81 0 0
201 81 0 0
200 81 0 0
199 81 0 0
159 81 0 1
158 81 0 1
157 81 0 1
156 81 0 1
155 81 0 1
204 80 0 0
203 80 0 0
202 80 0 0
201 80 0 0
200 80 0 0
199 80 0 0
198 80 0 0
159 80 0 1
158 80 0 1
157 80 0 1
156 80 0 1
155 80 0 1
203 79 0 0
202 79 0 0
201 79 0 0
200 79 0 0
199 79 0 0
198 79 0 0
159 79 0 1
158 79 0 1
157 79 0 1
156 79 0 1
155 79 0 1
202 78 0 0
201 78 0 0
200 78 0 0
199 78 0 0
198 78 0 0
197 78 0 0
160 78 0 1
159 78 0 1
158 78 0 1
157 78 0 1
156 78 0 1
155 78 0 1
202 77 0 0
201 77 0 0
200 77 0 0
199 77 0 0
198 77 0 0
197 77 0 0
160 77 0 1
159 77 0 1
158 77 0 1
157 77 0 1
156 77 0 1
155 77 0 1
201 76 0 0
200 76 0 0
199 76 0 0
198 76 0 0
197 76 0 0
196 76 0 0
160 76 0 1
159 76 0 1
158 76 0 1
157 76 0 1
156 76 0 1
201 75 0 0
200 75 0 0
199 75 0 0
198 75 0 0
197 75 0 0
196 75 0 0
160 75 0 1
159 75 0 1
158 75 0 1
157 75 0 1
156 75 0 1
200 74 0 0
199 74 0 0
198 74 0 0
197 74 0 0
196 74 0 0
195 74 0 0
160 74 0 1
159 74 0 1
158 74 0 1
157 74 0 1
156 74 0 1
200 73 0 0
199 73 0 0
198 73 0 0
197 73 0 0
196 73 0 0
195 73 0 0
194 73 0 0
160 73 0 1
159 73 0 1
158 73 0 1
157 73 0 1
199 72 0 0
198 72 0 0
197 72 0 0
196 72 0 0
195 72 0 0
194 72 0 0
160 72 0 1
159 72 0 1
158 72 0 1
157 72 0 1
198 71 0 0
197 71 0 0
196 71 0 0
195 71 0 0
194 71 0 0
193 71 0 0
160 71 0 1
159 71 0 1
158 71 0 1
157 71 0 1
198 70 0 0
197 70 0 0
196 70 0 0
195 70 0 0
194 70 0 0
193 70 0 0
160 70 0 1
159 70 0 1
158 70 0 1
157 70 0 1
197 69 0 0
196 69 0 0
195 69 0 0
194 69 0 0
193 69 0 0
160 69 0 1
159 69 0 1
158 69 0 1
157 69 0 1
197 68 0 0
196 68 0 0
195 68 0 0
194 68 0 0
193 68 0 0
192 68 0 0
160 68 0 1
159 68 0 1
158 68 0 1
157 68 0 1
196 67 0 0
195 67 0 0
194 67 0 0
193 67 0 0
192 67 0 0
196 66 0 0
195 66 0 0
194 66 0 0
193 66 0 0
192 66 0 0
191 66 0 0
196 65 0 0
195 65 0 0
194 65 0 0
193 65 0 0
192 65 0 0
191 65 0 0
195 64 0 0
194 64 0 0
193 64 0 0
192 64 0 0
191 64 0 0
190 64 0 0
194 63 0 0
193 63 0 0
192 63 0 0
191 63 0 0
190 63 0 0
189 63 0 0
194 62 0 0
193 62 0 0
192 62 0 0
191 62 0 0
190 62 0 0
189 62 0 0
193 61 0 0
192 61 0 0
191 61 0 0
190 61 0 0
189 61 0 0
188 61 0 0
193 60 0 0
192 60 0 0
191 60 0 0
190 60 0 0
189 60 0 0
188 60 0 0
192 59 0 0
191 59 0 0
190 59 0 0
189 59 0 0
188 59 0 0
187 59 0 0
192 58 0 0
191 58 0 0
190 58 0 0
189 58 0 0
188 58 0 0
187 58 0 0
186 58 0 0
191 57 0 0
190 57 0 0
189 57 0 0
188 57 0 0
187 57 0 0
186 57 0 0
190 56 0 0
189 56 0 0
188 56 0 0
187 56 0 0
186 56 0 0
185 56 0 0
190 55 0 0
189 55 0 0
188 55 0 0
187 55 0 0
186 55 0 0
185 55 0 0
184 55 0 0
183 55 0 0
189 54 0 0
188 54 0 0
187 54 0 0
186 54 0 0
185 54 0 0
184 54 0 0
183 54 0 0
182 54 0 0
188 53 0 0
187 53 0 0
186 53 0 0
185 53 0 0
184 53 0 0
183 53 0 0
182 53 0 0
181 53 0 0
187 52 0 0
186 52 0 0
185 52 0 0
184 52 0 0
183 52 0 0
182 52 0 0
181 52 0 0
180 52 0 0
186 51 0 0
185 51 0 0
184 51 0 0
183 51 0 0
182 51 0 0
181 51 0 0
180 51 0 0
179 51 0 0
184 50 0 0
183 50 0 0
182 50 0 0
181 50 0 0
180 50 0 0
179 50 0 0
178 50 0 0
183 49 0 0
182 49 0 0
181 49 0 0
180 49 0 0
179 49 0 0
178 49 0 0
177 49 0 0
182 48 0 0
181 48 0 0
180 48 0 0
179 48 0 0
178 48 0 0
177 48 0 0
181 47 0 0
180 47 0 0
179 47 0 0
178 47 0 0
177 47 0 0
181 46 0 0
180 46 0 0
179 46 0 0
178 46 0 0
177 46 0 0
176 46 0 0
180 45 0 0
179 45 0 0
178 45 0 0
177 45 0 0
176 45 0 0
180 44 0 0
179 44 0 0
178 44 0 0
177 44 0 0
176 44 0 0
180 43 0 0
179 43 0 0
178 43 0 0
177 43 0 0
176 43 0 0
175 43 0 0
179 42 0 0
178 42 0 0
177 42 0 0
176 42 0 0
175 42 0 0
179 41 0 0
178 41 0 0
177 41 0 0
176 41 0 0
175 41 0 0
174 41 0 0
179 40 0 0
178 40 0 0
177 40 0 0
176 40 0 0
175 40 0 0
174 40 0 0
178 39 0 0
177 39 0 0
176 39 0 0
175 39 0 0
174 39 0 0
173 39 0 0
177 38 0 0
176 38 0 0
175 38 0 0
174 38 0 0
173 38 0 0
172 38 0 0
177 37 0 0
176 37 0 0
175 37 0 0
174 37 0 0
173 37 0 0
172 37 0 0
176 36 0 0
175 36 0 0
174 36 0 0
173 36 0 0
172 36 0 0
176 35 0 0
175 35 0 0
174 35 0 0
173 35 0 0
172 35 0 0
175 34 0 0
174 34 0 0
173 34 0 0
172 34 0 0
175 33 0 0
174 33 0 0
173 33 0 0
172 33 0 0
175 32 0 0
174 32 0 0
173 32 0 0
172 32 0 0
175 31 0 0
174 31 0 0
173 31 0 0
172 31 0 0
175 30 0 0
174 30 0 0
173 30 0 0
172 30 0 0
