5392 600 450
430 432 0 0
429 432 0 0
428 432 0 0
427 432 0 0
430 431 0 0
429 431 0 0
428 431 0 0
427 431 0 0
430 430 0 0
429 430 0 0
428 430 0 0
427 430 0 0
430 429 0 0
429 429 0 0
428 429 0 0
427 429 0 0
430 428 0 0
429 428 0 0
428 428 0 0
427 428 0 0
430 427 0 0
429 427 0 0
428 427 0 0
427 427 0 0
430 426 0 0
429 426 0 0
428 426 0 0
427 426 0 0
255 426 0 0
254 426 0 0
253 426 0 0
252 426 0 0
430 425 0 0
429 425 0 0
428 425 0 0
427 425 0 0
255 425 0 0
254 425 0 0
253 425 0 0
252 425 0 0
430 424 0 0
429 424 0 0
428 424 0 0
427 424 0 0
255 424 0 0
254 424 0 0
253 424 0 0
252 424 0 0
251 424 0 0
430 423 0 0
429 423 0 0
428 423 0 0
427 423 0 0
426 423 0 0
255 423 0 0
254 423 0 0
253 423 0 0
252 423 0 0
251 423 0 0
430 422 0 0
429 422 0 0
428 422 0 0
427 422 0 0
426 422 0 0
255 422 0 0
254 422 0 0
253 422 0 0
252 422 0 0
251 422 0 0
430 421 0 0
429 421 0 0
428 421 0 0
427 421 0 0
426 421 0 0
425 421 0 0
255 421 0 0
254 421 0 0
253 421 0 0
252 421 0 0
251 421 0 0
430 420 0 0
429 420 0 0
428 420 0 0
427 420 0 0
426 420 0 0
425 420 0 0
255 420 0 0
254 420 0 0
253 420 0 0
252 420 0 0
251 420 0 0
250 420 0 0
429 419 0 0
428 419 0 0
427 419 0 0
426 419 0 0
425 419 0 0
424 419 0 0
255 419 0 0
254 419 0 0
253 419 0 0
252 419 0 0
251 419 0 0
250 419 0 0
429 418 0 0
428 418 0 0
427 418 0 0
426 418 0 0
425 418 0 0
424 418 0 0
254 418 0 0
253 418 0 0
252 418 0 0
251 418 0 0
250 418 0 0
249 418 0 0
428 417 0 0
427 417 0 0
426 417 0 0
425 417 0 0
424 417 0 0
254 417 0 0
253 417 0 0
252 417 0 0
251 417 0 0
250 417 0 0
249 417 0 0
428 416 0 0
427 416 0 0
426 416 0 0
425 416 0 0
424 416 0 0
423 416 0 0
253 416 0 0
252 416 0 0
251 416 0 0
250 416 0 0
249 416 0 0
248 416 0 0
428 415 0 0
427 415 0 0
426 415 0 0
425 415 0 0
424 415 0 0
423 415 0 0
253 415 0 0
252 415 0 0
251 415 0 0
250 415 0 0
249 415 0 0
248 415 0 0
427 414 0 0
426 414 0 0
425 414 0 0
424 414 0 0
423 414 0 0
252 414 0 0
251 414 0 0
250 414 0 0
249 414 0 0
248 414 0 0
427 413 0 0
426 413 0 0
425 413 0 0
424 413 0 0
423 413 0 0
422 413 0 0
252 413 0 0
251 413 0 0
250 413 0 0
249 413 0 0
248 413 0 0
247 413 0 0
427 412 0 0
426 412 0 0
425 412 0 0
424 412 0 0
423 412 0 0
422 412 0 0
252 412 0 0
251 412 0 0
250 412 0 0
249 412 0 0
248 412 0 0
247 412 0 0
426 411 0 0
425 411 0 0
424 411 0 0
423 411 0 0
422 411 0 0
251 411 0 0
250 411 0 0
249 411 0 0
248 411 0 0
247 411 0 0
426 410 0 0
425 410 0 0
424 410 0 0
423 410 0 0
422 410 0 0
421 410 0 0
251 410 0 0
250 410 0 0
249 410 0 0
248 410 0 0
247 410 0 0
246 410 0 0
425 409 0 0
424 409 0 0
423 409 0 0
422 409 0 0
421 409 0 0
250 409 0 0
249 409 0 0
248 409 0 0
247 409 0 0
246 409 0 0
425 408 0 0
424 408 0 0
423 408 0 0
422 408 0 0
421 408 0 0
420 408 0 0
250 408 0 0
249 408 0 0
248 408 0 0
247 408 0 0
246 408 0 0
245 408 0 0
424 407 0 0
423 407 0 0
422 407 0 0
421 407 0 0
420 407 0 0
250 407 0 0
249 407 0 0
248 407 0 0
247 407 0 0
246 407 0 0
245 407 0 0
424 406 0 0
423 406 0 0
422 406 0 0
421 406 0 0
420 406 0 0
419 406 0 0
249 406 0 0
248 406 0 0
247 406 0 0
246 406 0 0
245 406 0 0
244 406 0 0
424 405 0 0
423 405 0 0
422 405 0 0
421 405 0 0
420 405 0 0
419 405 0 0
249 405 0 0
248 405 0 0
247 405 0 0
246 405 0 0
245 405 0 0
244 405 0 0
423 404 0 0
422 404 0 0
421 404 0 0
420 404 0 0
419 404 0 0
248 404 0 0
247 404 0 0
246 404 0 0
245 404 0 0
244 404 0 0
423 403 0 0
422 403 0 0
421 403 0 0
420 403 0 0
419 403 0 0
248 403 0 0
247 403 0 0
246 403 0 0
245 403 0 0
244 403 0 0
243 403 0 0
423 402 0 0
422 402 0 0
421 402 0 0
420 402 0 0
419 402 0 0
247 402 0 0
246 402 0 0
245 402 0 0
244 402 0 0
243 402 0 0
423 401 0 0
422 401 0 0
421 401 0 0
420 401 0 0
419 401 0 0
247 401 0 0
246 401 0 0
245 401 0 0
244 401 0 0
243 401 0 0
242 401 0 0
422 400 0 0
421 400 0 0
420 400 0 0
419 400 0 0
247 400 0 0
246 400 0 0
245 400 0 0
244 400 0 0
243 400 0 0
242 400 0 0
422 399 0 0
421 399 0 0
420 399 0 0
419 399 0 0
246 399 0 0
245 399 0 0
244 399 0 0
243 399 0 0
242 399 0 0
422 398 0 0
421 398 0 0
420 398 0 0
419 398 0 0
246 398 0 0
245 398 0 0
244 398 0 0
243 398 0 0
242 398 0 0
422 397 0 0
421 397 0 0
420 397 0 0
419 397 0 0
246 397 0 0
245 397 0 0
244 397 0 0
243 397 0 0
242 397 0 0
422 396 0 0
421 396 0 0
420 396 0 0
419 396 0 0
246 396 0 0
245 396 0 0
244 396 0 0
243 396 0 0
242 396 0 0
241 396 0 0
422 395 0 0
421 395 0 0
420 395 0 0
419 395 0 0
245 395 0 0
244 395 0 0
243 395 0 0
242 395 0 0
241 395 0 0
422 394 0 0
421 394 0 0
420 394 0 0
419 394 0 0
245 394 0 0
244 394 0 0
243 394 0 0
242 394 0 0
241 394 0 0
422 393 0 0
421 393 0 0
420 393 0 0
419 393 0 0
245 393 0 0
244 393 0 0
243 393 0 0
242 393 0 0
241 393 0 0
422 392 0 0
421 392 0 0
420 392 0 0
419 392 0 0
245 392 0 0
244 392 0 0
243 392 0 0
242 392 0 0
241 392 0 0
422 391 0 0
421 391 0 0
420 391 0 0
419 391 0 0
245 391 0 0
244 391 0 0
243 391 0 0
242 391 0 0
241 391 0 0
240 391 0 0
422 390 0 0
421 390 0 0
420 390 0 0
419 390 0 0
287 390 0 1
286 390 0 1
285 390 0 1
284 390 0 1
244 390 0 0
243 390 0 0
242 390 0 0
241 390 0 0
240 390 0 0
422 389 0 0
421 389 0 0
420 389 0 0
419 389 0 0
287 389 0 1
286 389 0 1
285 389 0 1
284 389 0 1
244 389 0 0
243 389 0 0
242 389 0 0
241 389 0 0
240 389 0 0
422 388 0 0
421 388 0 0
420 388 0 0
419 388 0 0
287 388 0 1
286 388 0 1
285 388 0 1
284 388 0 1
244 388 0 0
243 388 0 0
242 388 0 0
241 388 0 0
240 388 0 0
422 387 0 0
421 387 0 0
420 387 0 0
419 387 0 0
418 387 0 0
287 387 0 1
286 387 0 1
285 387 0 1
284 387 0 1
244 387 0 0
243 387 0 0
242 387 0 0
241 387 0 0
240 387 0 0
422 386 0 0
421 386 0 0
420 386 0 0
419 386 0 0
418 386 0 0
287 386 0 1
286 386 0 1
285 386 0 1
284 386 0 1
244 386 0 0
243 386 0 0
242 386 0 0
241 386 0 0
240 386 0 0
239 386 0 0
422 385 0 0
421 385 0 0
420 385 0 0
419 385 0 0
418 385 0 0
373 385 0 1
372 385 0 1
371 385 0 1
370 385 0 1
287 385 0 1
286 385 0 1
285 385 0 1
284 385 0 1
243 385 0 0
242 385 0 0
241 385 0 0
240 385 0 0
239 385 0 0
422 384 0 0
421 384 0 0
420 384 0 0
419 384 0 0
418 384 0 0
373 384 0 1
372 384 0 1
371 384 0 1
370 384 0 1
287 384 0 1
286 384 0 1
285 384 0 1
284 384 0 1
243 384 0 0
242 384 0 0
241 384 0 0
240 384 0 0
239 384 0 0
422 383 0 0
421 383 0 0
420 383 0 0
419 383 0 0
418 383 0 0
373 383 0 1
372 383 0 1
371 383 0 1
370 383 0 1
287 383 0 1
286 383 0 1
285 383 0 1
284 383 0 1
243 383 0 0
242 383 0 0
241 383 0 0
240 383 0 0
239 383 0 0
422 382 0 0
421 382 0 0
420 382 0 0
419 382 0 0
418 382 0 0
373 382 0 1
372 382 0 1
371 382 0 1
370 382 0 1
287 382 0 1
286 382 0 1
285 382 0 1
284 382 0 1
243 382 0 0
242 382 0 0
241 382 0 0
240 382 0 0
239 382 0 0
422 381 0 0
421 381 0 0
420 381 0 0
419 381 0 0
418 381 0 0
373 381 0 1
372 381 0 1
371 381 0 1
370 381 0 1
287 381 0 1
286 381 0 1
285 381 0 1
284 381 0 1
243 381 0 0
242 381 0 0
241 381 0 0
240 381 0 0
239 381 0 0
422 380 0 0
421 380 0 0
420 380 0 0
419 380 0 0
418 380 0 0
373 380 0 1
372 380 0 1
371 380 0 1
370 380 0 1
287 380 0 1
286 380 0 1
285 380 0 1
284 380 0 1
243 380 0 0
242 380 0 0
241 380 0 0
240 380 0 0
239 380 0 0
238 380 0 0
421 379 0 0
420 379 0 0
419 379 0 0
418 379 0 0
373 379 0 1
372 379 0 1
371 379 0 1
370 379 0 1
287 379 0 1
286 379 0 1
285 379 0 1
284 379 0 1
242 379 0 0
241 379 0 0
240 379 0 0
239 379 0 0
238 379 0 0
421 378 0 0
420 378 0 0
419 378 0 0
418 378 0 0
373 378 0 1
372 378 0 1
371 378 0 1
370 378 0 1
287 378 0 1
286 378 0 1
285 378 0 1
284 378 0 1
242 378 0 0
241 378 0 0
240 378 0 0
239 378 0 0
238 378 0 0
421 377 0 0
420 377 0 0
419 377 0 0
418 377 0 0
373 377 0 1
372 377 0 1
371 377 0 1
370 377 0 1
287 377 0 1
286 377 0 1
285 377 0 1
284 377 0 1
242 377 0 0
241 377 0 0
240 377 0 0
239 377 0 0
238 377 0 0
421 376 0 0
420 376 0 0
419 376 0 0
418 376 0 0
373 376 0 1
372 376 0 1
371 376 0 1
370 376 0 1
288 376 0 1
287 376 0 1
286 376 0 1
285 376 0 1
284 376 0 1
242 376 0 0
241 376 0 0
240 376 0 0
239 376 0 0
238 376 0 0
421 375 0 0
420 375 0 0
419 375 0 0
418 375 0 0
374 375 0 1
373 375 0 1
372 375 0 1
371 375 0 1
370 375 0 1
288 375 0 1
287 375 0 1
286 375 0 1
285 375 0 1
284 375 0 1
242 375 0 0
241 375 0 0
240 375 0 0
239 375 0 0
238 375 0 0
421 374 0 0
420 374 0 0
419 374 0 0
418 374 0 0
374 374 0 1
373 374 0 1
372 374 0 1
371 374 0 1
370 374 0 1
288 374 0 1
287 374 0 1
286 374 0 1
285 374 0 1
284 374 0 1
242 374 0 0
241 374 0 0
240 374 0 0
239 374 0 0
238 374 0 0
237 374 0 0
421 373 0 0
420 373 0 0
419 373 0 0
418 373 0 0
374 373 0 1
373 373 0 1
372 373 0 1
371 373 0 1
370 373 0 1
288 373 0 1
287 373 0 1
286 373 0 1
285 373 0 1
284 373 0 1
241 373 0 0
240 373 0 0
239 373 0 0
238 373 0 0
237 373 0 0
421 372 0 0
420 372 0 0
419 372 0 0
418 372 0 0
374 372 0 1
373 372 0 1
372 372 0 1
371 372 0 1
288 372 0 1
287 372 0 1
286 372 0 1
285 372 0 1
284 372 0 1
241 372 0 0
240 372 0 0
239 372 0 0
238 372 0 0
237 372 0 0
421 371 0 0
420 371 0 0
419 371 0 0
418 371 0 0
374 371 0 1
373 371 0 1
372 371 0 1
371 371 0 1
288 371 0 1
287 371 0 1
286 371 0 1
285 371 0 1
284 371 0 1
241 371 0 0
240 371 0 0
239 371 0 0
238 371 0 0
237 371 0 0
421 370 0 0
420 370 0 0
419 370 0 0
418 370 0 0
374 370 0 1
373 370 0 1
372 370 0 1
371 370 0 1
288 370 0 1
287 370 0 1
286 370 0 1
285 370 0 1
284 370 0 1
241 370 0 0
240 370 0 0
239 370 0 0
238 370 0 0
237 370 0 0
421 369 0 0
420 369 0 0
419 369 0 0
418 369 0 0
374 369 0 1
373 369 0 1
372 369 0 1
371 369 0 1
289 369 0 1
288 369 0 1
287 369 0 1
286 369 0 1
285 369 0 1
241 369 0 0
240 369 0 0
239 369 0 0
238 369 0 0
237 369 0 0
421 368 0 0
420 368 0 0
419 368 0 0
418 368 0 0
375 368 0 1
374 368 0 1
373 368 0 1
372 368 0 1
371 368 0 1
289 368 0 1
288 368 0 1
287 368 0 1
286 368 0 1
285 368 0 1
241 368 0 0
240 368 0 0
239 368 0 0
238 368 0 0
237 368 0 0
421 367 0 0
420 367 0 0
419 367 0 0
418 367 0 0
375 367 0 1
374 367 0 1
373 367 0 1
372 367 0 1
371 367 0 1
289 367 0 1
288 367 0 1
287 367 0 1
286 367 0 1
285 367 0 1
240 367 0 0
239 367 0 0
238 367 0 0
237 367 0 0
236 367 0 0
421 366 0 0
420 366 0 0
419 366 0 0
418 366 0 0
375 366 0 1
374 366 0 1
373 366 0 1
372 366 0 1
371 366 0 1
289 366 0 1
288 366 0 1
287 366 0 1
286 366 0 1
285 366 0 1
240 366 0 0
239 366 0 0
238 366 0 0
237 366 0 0
236 366 0 0
421 365 0 0
420 365 0 0
419 365 0 0
418 365 0 0
375 365 0 1
374 365 0 1
373 365 0 1
372 365 0 1
371 365 0 1
289 365 0 1
288 365 0 1
287 365 0 1
286 365 0 1
285 365 0 1
240 365 0 0
239 365 0 0
238 365 0 0
237 365 0 0
236 365 0 0
421 364 0 0
420 364 0 0
419 364 0 0
418 364 0 0
375 364 0 1
374 364 0 1
373 364 0 1
372 364 0 1
371 364 0 1
289 364 0 1
288 364 0 1
287 364 0 1
286 364 0 1
285 364 0 1
240 364 0 0
239 364 0 0
238 364 0 0
237 364 0 0
236 364 0 0
421 363 0 0
420 363 0 0
419 363 0 0
418 363 0 0
375 363 0 1
374 363 0 1
373 363 0 1
372 363 0 1
371 363 0 1
289 363 0 1
288 363 0 1
287 363 0 1
286 363 0 1
285 363 0 1
240 363 0 0
239 363 0 0
238 363 0 0
237 363 0 0
236 363 0 0
421 362 0 0
420 362 0 0
419 362 0 0
418 362 0 0
375 362 0 1
374 362 0 1
373 362 0 1
372 362 0 1
371 362 0 1
290 362 0 1
289 362 0 1
288 362 0 1
287 362 0 1
286 362 0 1
285 362 0 1
240 362 0 0
239 362 0 0
238 362 0 0
237 362 0 0
236 362 0 0
421 361 0 0
420 361 0 0
419 361 0 0
418 361 0 0
375 361 0 1
374 361 0 1
373 361 0 1
372 361 0 1
371 361 0 1
290 361 0 1
289 361 0 1
288 361 0 1
287 361 0 1
286 361 0 1
240 361 0 0
239 361 0 0
238 361 0 0
237 361 0 0
236 361 0 0
421 360 0 0
420 360 0 0
419 360 0 0
418 360 0 0
375 360 0 1
374 360 0 1
373 360 0 1
372 360 0 1
290 360 0 1
289 360 0 1
288 360 0 1
287 360 0 1
286 360 0 1
240 360 0 0
239 360 0 0
238 360 0 0
237 360 0 0
236 360 0 0
421 359 0 0
420 359 0 0
419 359 0 0
418 359 0 0
375 359 0 1
374 359 0 1
373 359 0 1
372 359 0 1
290 359 0 1
289 359 0 1
288 359 0 1
287 359 0 1
286 359 0 1
240 359 0 0
239 359 0 0
238 359 0 0
237 359 0 0
236 359 0 0
421 358 0 0
420 358 0 0
419 358 0 0
418 358 0 0
375 358 0 1
374 358 0 1
373 358 0 1
372 358 0 1
290 358 0 1
289 358 0 1
288 358 0 1
287 358 0 1
286 358 0 1
239 358 0 0
238 358 0 0
237 358 0 0
236 358 0 0
235 358 0 0
421 357 0 0
420 357 0 0
419 357 0 0
418 357 0 0
375 357 0 1
374 357 0 1
373 357 0 1
372 357 0 1
290 357 0 1
289 357 0 1
288 357 0 1
287 357 0 1
286 357 0 1
239 357 0 0
238 357 0 0
237 357 0 0
236 357 0 0
235 357 0 0
421 356 0 0
420 356 0 0
419 356 0 0
418 356 0 0
375 356 0 1
374 356 0 1
373 356 0 1
372 356 0 1
290 356 0 1
289 356 0 1
288 356 0 1
287 356 0 1
286 356 0 1
239 356 0 0
238 356 0 0
237 356 0 0
236 356 0 0
235 356 0 0
421 355 0 0
420 355 0 0
419 355 0 0
418 355 0 0
375 355 0 1
374 355 0 1
373 355 0 1
372 355 0 1
290 355 0 1
289 355 0 1
288 355 0 1
287 355 0 1
286 355 0 1
239 355 0 0
238 355 0 0
237 355 0 0
236 355 0 0
235 355 0 0
421 354 0 0
420 354 0 0
419 354 0 0
418 354 0 0
375 354 0 1
374 354 0 1
373 354 0 1
372 354 0 1
291 354 0 1
290 354 0 1
289 354 0 1
288 354 0 1
287 354 0 1
239 354 0 0
238 354 0 0
237 354 0 0
236 354 0 0
235 354 0 0
421 353 0 0
420 353 0 0
419 353 0 0
418 353 0 0
375 353 0 1
374 353 0 1
373 353 0 1
372 353 0 1
291 353 0 1
290 353 0 1
289 353 0 1
288 353 0 1
287 353 0 1
239 353 0 0
238 353 0 0
237 353 0 0
236 353 0 0
235 353 0 0
421 352 0 0
420 352 0 0
419 352 0 0
418 352 0 0
375 352 0 1
374 352 0 1
373 352 0 1
372 352 0 1
291 352 0 1
290 352 0 1
289 352 0 1
288 352 0 1
287 352 0 1
239 352 0 0
238 352 0 0
237 352 0 0
236 352 0 0
235 352 0 0
421 351 0 0
420 351 0 0
419 351 0 0
418 351 0 0
375 351 0 1
374 351 0 1
373 351 0 1
372 351 0 1
291 351 0 1
290 351 0 1
289 351 0 1
288 351 0 1
287 351 0 1
239 351 0 0
238 351 0 0
237 351 0 0
236 351 0 0
235 351 0 0
421 350 0 0
420 350 0 0
419 350 0 0
418 350 0 0
375 350 0 1
374 350 0 1
373 350 0 1
372 350 0 1
291 350 0 1
290 350 0 1
289 350 0 1
288 350 0 1
287 350 0 1
239 350 0 0
238 350 0 0
237 350 0 0
236 350 0 0
235 350 0 0
421 349 0 0
420 349 0 0
419 349 0 0
418 349 0 0
375 349 0 1
374 349 0 1
373 349 0 1
372 349 0 1
291 349 0 1
290 349 0 1
289 349 0 1
288 349 0 1
287 349 0 1
238 349 0 0
237 349 0 0
236 349 0 0
235 349 0 0
234 349 0 0
421 348 0 0
420 348 0 0
419 348 0 0
418 348 0 0
375 348 0 1
374 348 0 1
373 348 0 1
372 348 0 1
291 348 0 1
290 348 0 1
289 348 0 1
288 348 0 1
287 348 0 1
238 348 0 0
237 348 0 0
236 348 0 0
235 348 0 0
234 348 0 0
421 347 0 0
420 347 0 0
419 347 0 0
418 347 0 0
375 347 0 1
374 347 0 1
373 347 0 1
372 347 0 1
291 347 0 1
290 347 0 1
289 347 0 1
288 347 0 1
287 347 0 1
238 347 0 0
237 347 0 0
236 347 0 0
235 347 0 0
234 347 0 0
421 346 0 0
420 346 0 0
419 346 0 0
418 346 0 0
375 346 0 1
374 346 0 1
373 346 0 1
372 346 0 1
291 346 0 1
290 346 0 1
289 346 0 1
288 346 0 1
287 346 0 1
238 346 0 0
237 346 0 0
236 346 0 0
235 346 0 0
234 346 0 0
421 345 0 0
420 345 0 0
419 345 0 0
418 345 0 0
375 345 0 1
374 345 0 1
373 345 0 1
372 345 0 1
291 345 0 1
290 345 0 1
289 345 0 1
288 345 0 1
287 345 0 1
238 345 0 0
237 345 0 0
236 345 0 0
235 345 0 0
234 345 0 0
421 344 0 0
420 344 0 0
419 344 0 0
418 344 0 0
375 344 0 1
374 344 0 1
373 344 0 1
372 344 0 1
291 344 0 1
290 344 0 1
289 344 0 1
288 344 0 1
287 344 0 1
238 344 0 0
237 344 0 0
236 344 0 0
235 344 0 0
234 344 0 0
421 343 0 0
420 343 0 0
419 343 0 0
418 343 0 0
375 343 0 1
374 343 0 1
373 343 0 1
372 343 0 1
291 343 0 1
290 343 0 1
289 343 0 1
288 343 0 1
287 343 0 1
238 343 0 0
237 343 0 0
236 343 0 0
235 343 0 0
234 343 0 0
421 342 0 0
420 342 0 0
419 342 0 0
418 342 0 0
375 342 0 1
374 342 0 1
373 342 0 1
372 342 0 1
291 342 0 1
290 342 0 1
289 342 0 1
288 342 0 1
287 342 0 1
238 342 0 0
237 342 0 0
236 342 0 0
235 342 0 0
234 342 0 0
421 341 0 0
420 341 0 0
419 341 0 0
418 341 0 0
375 341 0 1
374 341 0 1
373 341 0 1
372 341 0 1
291 341 0 1
290 341 0 1
289 341 0 1
288 341 0 1
287 341 0 1
238 341 0 0
237 341 0 0
236 341 0 0
235 341 0 0
234 341 0 0
233 341 0 0
421 340 0 0
420 340 0 0
419 340 0 0
418 340 0 0
375 340 0 1
374 340 0 1
373 340 0 1
372 340 0 1
291 340 0 1
290 340 0 1
289 340 0 1
288 340 0 1
287 340 0 1
237 340 0 0
236 340 0 0
235 340 0 0
234 340 0 0
233 340 0 0
421 339 0 0
420 339 0 0
419 339 0 0
418 339 0 0
375 339 0 1
374 339 0 1
373 339 0 1
372 339 0 1
291 339 0 1
290 339 0 1
289 339 0 1
288 339 0 1
237 339 0 0
236 339 0 0
235 339 0 0
234 339 0 0
233 339 0 0
421 338 0 0
420 338 0 0
419 338 0 0
418 338 0 0
375 338 0 1
374 338 0 1
373 338 0 1
372 338 0 1
291 338 0 1
290 338 0 1
289 338 0 1
288 338 0 1
237 338 0 0
236 338 0 0
235 338 0 0
234 338 0 0
233 338 0 0
421 337 0 0
420 337 0 0
419 337 0 0
418 337 0 0
376 337 0 1
375 337 0 1
374 337 0 1
373 337 0 1
372 337 0 1
291 337 0 1
290 337 0 1
289 337 0 1
288 337 0 1
237 337 0 0
236 337 0 0
235 337 0 0
234 337 0 0
233 337 0 0
421 336 0 0
420 336 0 0
419 336 0 0
418 336 0 0
376 336 0 1
375 336 0 1
374 336 0 1
373 336 0 1
372 336 0 1
291 336 0 1
290 336 0 1
289 336 0 1
288 336 0 1
237 336 0 0
236 336 0 0
235 336 0 0
234 336 0 0
233 336 0 0
421 335 0 0
420 335 0 0
419 335 0 0
418 335 0 0
376 335 0 1
375 335 0 1
374 335 0 1
373 335 0 1
372 335 0 1
291 335 0 1
290 335 0 1
289 335 0 1
288 335 0 1
237 335 0 0
236 335 0 0
235 335 0 0
234 335 0 0
233 335 0 0
421 334 0 0
420 334 0 0
419 334 0 0
418 334 0 0
376 334 0 1
375 334 0 1
374 334 0 1
373 334 0 1
372 334 0 1
291 334 0 1
290 334 0 1
289 334 0 1
288 334 0 1
237 334 0 0
236 334 0 0
235 334 0 0
234 334 0 0
233 334 0 0
421 333 0 0
420 333 0 0
419 333 0 0
418 333 0 0
376 333 0 1
375 333 0 1
374 333 0 1
373 333 0 1
372 333 0 1
291 333 0 1
290 333 0 1
289 333 0 1
288 333 0 1
237 333 0 0
236 333 0 0
235 333 0 0
234 333 0 0
233 333 0 0
421 332 0 0
420 332 0 0
419 332 0 0
418 332 0 0
376 332 0 1
375 332 0 1
374 332 0 1
373 332 0 1
372 332 0 1
291 332 0 1
290 332 0 1
289 332 0 1
288 332 0 1
236 332 0 0
235 332 0 0
234 332 0 0
233 332 0 0
232 332 0 0
421 331 0 0
420 331 0 0
419 331 0 0
418 331 0 0
376 331 0 1
375 331 0 1
374 331 0 1
373 331 0 1
372 331 0 1
291 331 0 1
290 331 0 1
289 331 0 1
288 331 0 1
236 331 0 0
235 331 0 0
234 331 0 0
233 331 0 0
232 331 0 0
421 330 0 0
420 330 0 0
419 330 0 0
418 330 0 0
376 330 0 1
375 330 0 1
374 330 0 1
373 330 0 1
372 330 0 1
291 330 0 1
290 330 0 1
289 330 0 1
288 330 0 1
236 330 0 0
235 330 0 0
234 330 0 0
233 330 0 0
232 330 0 0
421 329 0 0
420 329 0 0
419 329 0 0
418 329 0 0
376 329 0 1
375 329 0 1
374 329 0 1
373 329 0 1
372 329 0 1
291 329 0 1
290 329 0 1
289 329 0 1
288 329 0 1
236 329 0 0
235 329 0 0
234 329 0 0
233 329 0 0
232 329 0 0
421 328 0 0
420 328 0 0
419 328 0 0
418 328 0 0
376 328 0 1
375 328 0 1
374 328 0 1
373 328 0 1
372 328 0 1
291 328 0 1
290 328 0 1
289 328 0 1
288 328 0 1
236 328 0 0
235 328 0 0
234 328 0 0
233 328 0 0
232 328 0 0
421 327 0 0
420 327 0 0
419 327 0 0
418 327 0 0
376 327 0 1
375 327 0 1
374 327 0 1
373 327 0 1
372 327 0 1
291 327 0 1
290 327 0 1
289 327 0 1
288 327 0 1
236 327 0 0
235 327 0 0
234 327 0 0
233 327 0 0
232 327 0 0
421 326 0 0
420 326 0 0
419 326 0 0
418 326 0 0
376 326 0 1
375 326 0 1
374 326 0 1
373 326 0 1
372 326 0 1
291 326 0 1
290 326 0 1
289 326 0 1
288 326 0 1
236 326 0 0
235 326 0 0
234 326 0 0
233 326 0 0
232 326 0 0
421 325 0 0
420 325 0 0
419 325 0 0
418 325 0 0
377 325 0 1
376 325 0 1
375 325 0 1
374 325 0 1
373 325 0 1
291 325 0 1
290 325 0 1
289 325 0 1
288 325 0 1
236 325 0 0
235 325 0 0
234 325 0 0
233 325 0 0
232 325 0 0
421 324 0 0
420 324 0 0
419 324 0 0
418 324 0 0
377 324 0 1
376 324 0 1
375 324 0 1
374 324 0 1
373 324 0 1
291 324 0 1
290 324 0 1
289 324 0 1
288 324 0 1
236 324 0 0
235 324 0 0
234 324 0 0
233 324 0 0
232 324 0 0
421 323 0 0
420 323 0 0
419 323 0 0
418 323 0 0
377 323 0 1
376 323 0 1
375 323 0 1
374 323 0 1
373 323 0 1
291 323 0 1
290 323 0 1
289 323 0 1
288 323 0 1
236 323 0 0
235 323 0 0
234 323 0 0
233 323 0 0
232 323 0 0
421 322 0 0
420 322 0 0
419 322 0 0
418 322 0 0
377 322 0 1
376 322 0 1
375 322 0 1
374 322 0 1
373 322 0 1
291 322 0 1
290 322 0 1
289 322 0 1
288 322 0 1
236 322 0 0
235 322 0 0
234 322 0 0
233 322 0 0
232 322 0 0
421 321 0 0
420 321 0 0
419 321 0 0
418 321 0 0
377 321 0 1
376 321 0 1
375 321 0 1
374 321 0 1
373 321 0 1
291 321 0 1
290 321 0 1
289 321 0 1
288 321 0 1
236 321 0 0
235 321 0 0
234 321 0 0
233 321 0 0
232 321 0 0
421 320 0 0
420 320 0 0
419 320 0 0
418 320 0 0
377 320 0 1
376 320 0 1
375 320 0 1
374 320 0 1
373 320 0 1
291 320 0 1
290 320 0 1
289 320 0 1
288 320 0 1
236 320 0 0
235 320 0 0
234 320 0 0
233 320 0 0
232 320 0 0
421 319 0 0
420 319 0 0
419 319 0 0
418 319 0 0
377 319 0 1
376 319 0 1
375 319 0 1
374 319 0 1
373 319 0 1
291 319 0 1
290 319 0 1
289 319 0 1
288 319 0 1
236 319 0 0
235 319 0 0
234 319 0 0
233 319 0 0
232 319 0 0
421 318 0 0
420 318 0 0
419 318 0 0
418 318 0 0
377 318 0 1
376 318 0 1
375 318 0 1
374 318 0 1
373 318 0 1
291 318 0 1
290 318 0 1
289 318 0 1
288 318 0 1
236 318 0 0
235 318 0 0
234 318 0 0
233 318 0 0
232 318 0 0
421 317 0 0
420 317 0 0
419 317 0 0
418 317 0 0
377 317 0 1
376 317 0 1
375 317 0 1
374 317 0 1
373 317 0 1
291 317 0 1
290 317 0 1
289 317 0 1
288 317 0 1
235 317 0 0
234 317 0 0
233 317 0 0
232 317 0 0
231 317 0 0
421 316 0 0
420 316 0 0
419 316 0 0
418 316 0 0
377 316 0 1
376 316 0 1
375 316 0 1
374 316 0 1
373 316 0 1
291 316 0 1
290 316 0 1
289 316 0 1
288 316 0 1
235 316 0 0
234 316 0 0
233 316 0 0
232 316 0 0
231 316 0 0
421 315 0 0
420 315 0 0
419 315 0 0
418 315 0 0
377 315 0 1
376 315 0 1
375 315 0 1
374 315 0 1
373 315 0 1
291 315 0 1
290 315 0 1
289 315 0 1
288 315 0 1
235 315 0 0
234 315 0 0
233 315 0 0
232 315 0 0
231 315 0 0
422 314 0 0
421 314 0 0
420 314 0 0
419 314 0 0
418 314 0 0
377 314 0 1
376 314 0 1
375 314 0 1
374 314 0 1
373 314 0 1
291 314 0 1
290 314 0 1
289 314 0 1
288 314 0 1
235 314 0 0
234 314 0 0
233 314 0 0
232 314 0 0
231 314 0 0
422 313 0 0
421 313 0 0
420 313 0 0
419 313 0 0
418 313 0 0
377 313 0 1
376 313 0 1
375 313 0 1
374 313 0 1
373 313 0 1
291 313 0 1
290 313 0 1
289 313 0 1
288 313 0 1
235 313 0 0
234 313 0 0
233 313 0 0
232 313 0 0
231 313 0 0
422 312 0 0
421 312 0 0
420 312 0 0
419 312 0 0
418 312 0 0
377 312 0 1
376 312 0 1
375 312 0 1
374 312 0 1
373 312 0 1
291 312 0 1
290 312 0 1
289 312 0 1
288 312 0 1
235 312 0 0
234 312 0 0
233 312 0 0
232 312 0 0
231 312 0 0
422 311 0 0
421 311 0 0
420 311 0 0
419 311 0 0
418 311 0 0
377 311 0 1
376 311 0 1
375 311 0 1
374 311 0 1
373 311 0 1
291 311 0 1
290 311 0 1
289 311 0 1
288 311 0 1
235 311 0 0
234 311 0 0
233 311 0 0
232 311 0 0
231 311 0 0
422 310 0 0
421 310 0 0
420 310 0 0
419 310 0 0
418 310 0 0
377 310 0 1
376 310 0 1
375 310 0 1
374 310 0 1
373 310 0 1
291 310 0 1
290 310 0 1
289 310 0 1
288 310 0 1
235 310 0 0
234 310 0 0
233 310 0 0
232 310 0 0
231 310 0 0
422 309 0 0
421 309 0 0
420 309 0 0
419 309 0 0
418 309 0 0
378 309 0 1
377 309 0 1
376 309 0 1
375 309 0 1
374 309 0 1
291 309 0 1
290 309 0 1
289 309 0 1
288 309 0 1
235 309 0 0
234 309 0 0
233 309 0 0
232 309 0 0
231 309 0 0
422 308 0 0
421 308 0 0
420 308 0 0
419 308 0 0
418 308 0 0
378 308 0 1
377 308 0 1
376 308 0 1
375 308 0 1
374 308 0 1
291 308 0 1
290 308 0 1
289 308 0 1
288 308 0 1
235 308 0 0
234 308 0 0
233 308 0 0
232 308 0 0
231 308 0 0
423 307 0 0
422 307 0 0
421 307 0 0
420 307 0 0
419 307 0 0
418 307 0 0
378 307 0 1
377 307 0 1
376 307 0 1
375 307 0 1
374 307 0 1
291 307 0 1
290 307 0 1
289 307 0 1
288 307 0 1
235 307 0 0
234 307 0 0
233 307 0 0
232 307 0 0
231 307 0 0
423 306 0 0
422 306 0 0
421 306 0 0
420 306 0 0
419 306 0 0
378 306 0 1
377 306 0 1
376 306 0 1
375 306 0 1
374 306 0 1
291 306 0 1
290 306 0 1
289 306 0 1
288 306 0 1
235 306 0 0
234 306 0 0
233 306 0 0
232 306 0 0
231 306 0 0
423 305 0 0
422 305 0 0
421 305 0 0
420 305 0 0
419 305 0 0
378 305 0 1
377 305 0 1
376 305 0 1
375 305 0 1
374 305 0 1
291 305 0 1
290 305 0 1
289 305 0 1
288 305 0 1
235 305 0 0
234 305 0 0
233 305 0 0
232 305 0 0
231 305 0 0
423 304 0 0
422 304 0 0
421 304 0 0
420 304 0 0
419 304 0 0
378 304 0 1
377 304 0 1
376 304 0 1
375 304 0 1
374 304 0 1
291 304 0 1
290 304 0 1
289 304 0 1
288 304 0 1
235 304 0 0
234 304 0 0
233 304 0 0
232 304 0 0
231 304 0 0
423 303 0 0
422 303 0 0
421 303 0 0
420 303 0 0
419 303 0 0
378 303 0 1
377 303 0 1
376 303 0 1
375 303 0 1
374 303 0 1
291 303 0 1
290 303 0 1
289 303 0 1
288 303 0 1
235 303 0 0
234 303 0 0
233 303 0 0
232 303 0 0
231 303 0 0
423 302 0 0
422 302 0 0
421 302 0 0
420 302 0 0
419 302 0 0
378 302 0 1
377 302 0 1
376 302 0 1
375 302 0 1
374 302 0 1
291 302 0 1
290 302 0 1
289 302 0 1
288 302 0 1
235 302 0 0
234 302 0 0
233 302 0 0
232 302 0 0
231 302 0 0
423 301 0 0
422 301 0 0
421 301 0 0
420 301 0 0
419 301 0 0
378 301 0 1
377 301 0 1
376 301 0 1
375 301 0 1
374 301 0 1
291 301 0 1
290 301 0 1
289 301 0 1
288 301 0 1
234 301 0 0
233 301 0 0
232 301 0 0
231 301 0 0
230 301 0 0
423 300 0 0
422 300 0 0
421 300 0 0
420 300 0 0
419 300 0 0
378 300 0 1
377 300 0 1
376 300 0 1
375 300 0 1
374 300 0 1
291 300 0 1
290 300 0 1
289 300 0 1
288 300 0 1
234 300 0 0
233 300 0 0
232 300 0 0
231 300 0 0
230 300 0 0
424 299 0 0
423 299 0 0
422 299 0 0
421 299 0 0
420 299 0 0
378 299 0 1
377 299 0 1
376 299 0 1
375 299 0 1
374 299 0 1
291 299 0 1
290 299 0 1
289 299 0 1
288 299 0 1
234 299 0 0
233 299 0 0
232 299 0 0
231 299 0 0
230 299 0 0
424 298 0 0
423 298 0 0
422 298 0 0
421 298 0 0
420 298 0 0
379 298 0 1
378 298 0 1
377 298 0 1
376 298 0 1
375 298 0 1
291 298 0 1
290 298 0 1
289 298 0 1
288 298 0 1
234 298 0 0
233 298 0 0
232 298 0 0
231 298 0 0
230 298 0 0
424 297 0 0
423 297 0 0
422 297 0 0
421 297 0 0
420 297 0 0
379 297 0 1
378 297 0 1
377 297 0 1
376 297 0 1
375 297 0 1
291 297 0 1
290 297 0 1
289 297 0 1
288 297 0 1
234 297 0 0
233 297 0 0
232 297 0 0
231 297 0 0
230 297 0 0
424 296 0 0
423 296 0 0
422 296 0 0
421 296 0 0
420 296 0 0
379 296 0 1
378 296 0 1
377 296 0 1
376 296 0 1
375 296 0 1
291 296 0 1
290 296 0 1
289 296 0 1
288 296 0 1
234 296 0 0
233 296 0 0
232 296 0 0
231 296 0 0
230 296 0 0
424 295 0 0
423 295 0 0
422 295 0 0
421 295 0 0
420 295 0 0
379 295 0 1
378 295 0 1
377 295 0 1
376 295 0 1
375 295 0 1
291 295 0 1
290 295 0 1
289 295 0 1
288 295 0 1
233 295 0 0
232 295 0 0
231 295 0 0
230 295 0 0
229 295 0 0
425 294 0 0
424 294 0 0
423 294 0 0
422 294 0 0
421 294 0 0
420 294 0 0
379 294 0 1
378 294 0 1
377 294 0 1
376 294 0 1
375 294 0 1
291 294 0 1
290 294 0 1
289 294 0 1
288 294 0 1
233 294 0 0
232 294 0 0
231 294 0 0
230 294 0 0
229 294 0 0
425 293 0 0
424 293 0 0
423 293 0 0
422 293 0 0
421 293 0 0
379 293 0 1
378 293 0 1
377 293 0 1
376 293 0 1
375 293 0 1
291 293 0 1
290 293 0 1
289 293 0 1
288 293 0 1
233 293 0 0
232 293 0 0
231 293 0 0
230 293 0 0
229 293 0 0
425 292 0 0
424 292 0 0
423 292 0 0
422 292 0 0
421 292 0 0
379 292 0 1
378 292 0 1
377 292 0 1
376 292 0 1
375 292 0 1
291 292 0 1
290 292 0 1
289 292 0 1
288 292 0 1
233 292 0 0
232 292 0 0
231 292 0 0
230 292 0 0
229 292 0 0
425 291 0 0
424 291 0 0
423 291 0 0
422 291 0 0
421 291 0 0
379 291 0 1
378 291 0 1
377 291 0 1
376 291 0 1
375 291 0 1
291 291 0 1
290 291 0 1
289 291 0 1
288 291 0 1
233 291 0 0
232 291 0 0
231 291 0 0
230 291 0 0
229 291 0 0
425 290 0 0
424 290 0 0
423 290 0 0
422 290 0 0
421 290 0 0
379 290 0 1
378 290 0 1
377 290 0 1
376 290 0 1
375 290 0 1
291 290 0 1
290 290 0 1
289 290 0 1
288 290 0 1
233 290 0 0
232 290 0 0
231 290 0 0
230 290 0 0
229 290 0 0
425 289 0 0
424 289 0 0
423 289 0 0
422 289 0 0
421 289 0 0
379 289 0 1
378 289 0 1
377 289 0 1
376 289 0 1
375 289 0 1
291 289 0 1
290 289 0 1
289 289 0 1
288 289 0 1
232 289 0 0
231 289 0 0
230 289 0 0
229 289 0 0
426 288 0 0
425 288 0 0
424 288 0 0
423 288 0 0
422 288 0 0
421 288 0 0
379 288 0 1
378 288 0 1
377 288 0 1
376 288 0 1
375 288 0 1
291 288 0 1
290 288 0 1
289 288 0 1
288 288 0 1
232 288 0 0
231 288 0 0
230 288 0 0
229 288 0 0
426 287 0 0
425 287 0 0
424 287 0 0
423 287 0 0
422 287 0 0
380 287 0 1
379 287 0 1
378 287 0 1
377 287 0 1
376 287 0 1
291 287 0 1
290 287 0 1
289 287 0 1
288 287 0 1
232 287 0 0
231 287 0 0
230 287 0 0
229 287 0 0
426 286 0 0
425 286 0 0
424 286 0 0
423 286 0 0
422 286 0 0
380 286 0 1
379 286 0 1
378 286 0 1
377 286 0 1
376 286 0 1
291 286 0 1
290 286 0 1
289 286 0 1
288 286 0 1
232 286 0 0
231 286 0 0
230 286 0 0
229 286 0 0
426 285 0 0
425 285 0 0
424 285 0 0
423 285 0 0
422 285 0 0
380 285 0 1
379 285 0 1
378 285 0 1
377 285 0 1
376 285 0 1
291 285 0 1
290 285 0 1
289 285 0 1
288 285 0 1
232 285 0 0
231 285 0 0
230 285 0 0
229 285 0 0
426 284 0 0
425 284 0 0
424 284 0 0
423 284 0 0
422 284 0 0
380 284 0 1
379 284 0 1
378 284 0 1
377 284 0 1
376 284 0 1
291 284 0 1
290 284 0 1
289 284 0 1
288 284 0 1
232 284 0 0
231 284 0 0
230 284 0 0
229 284 0 0
427 283 0 0
426 283 0 0
425 283 0 0
424 283 0 0
423 283 0 0
422 283 0 0
380 283 0 1
379 283 0 1
378 283 0 1
377 283 0 1
376 283 0 1
292 283 0 1
291 283 0 1
290 283 0 1
289 283 0 1
288 283 0 1
232 283 0 0
231 283 0 0
230 283 0 0
229 283 0 0
228 283 0 0
427 282 0 0
426 282 0 0
425 282 0 0
424 282 0 0
423 282 0 0
380 282 0 1
379 282 0 1
378 282 0 1
377 282 0 1
376 282 0 1
292 282 0 1
291 282 0 1
290 282 0 1
289 282 0 1
288 282 0 1
232 282 0 0
231 282 0 0
230 282 0 0
229 282 0 0
228 282 0 0
427 281 0 0
426 281 0 0
425 281 0 0
424 281 0 0
423 281 0 0
380 281 0 1
379 281 0 1
378 281 0 1
377 281 0 1
376 281 0 1
293 281 0 1
292 281 0 1
291 281 0 1
290 281 0 1
289 281 0 1
288 281 0 1
232 281 0 0
231 281 0 0
230 281 0 0
229 281 0 0
228 281 0 0
428 280 0 0
427 280 0 0
426 280 0 0
425 280 0 0
424 280 0 0
423 280 0 0
380 280 0 1
379 280 0 1
378 280 0 1
377 280 0 1
376 280 0 1
293 280 0 1
292 280 0 1
291 280 0 1
290 280 0 1
289 280 0 1
288 280 0 1
232 280 0 0
231 280 0 0
230 280 0 0
229 280 0 0
228 280 0 0
428 279 0 0
427 279 0 0
426 279 0 0
425 279 0 0
424 279 0 0
423 279 0 0
380 279 0 1
379 279 0 1
378 279 0 1
377 279 0 1
376 279 0 1
293 279 0 1
292 279 0 1
291 279 0 1
290 279 0 1
289 279 0 1
288 279 0 1
232 279 0 0
231 279 0 0
230 279 0 0
229 279 0 0
228 279 0 0
227 279 0 0
428 278 0 0
427 278 0 0
426 278 0 0
425 278 0 0
424 278 0 0
380 278 0 1
379 278 0 1
378 278 0 1
377 278 0 1
376 278 0 1
293 278 0 1
292 278 0 1
291 278 0 1
290 278 0 1
289 278 0 1
231 278 0 0
230 278 0 0
229 278 0 0
228 278 0 0
227 278 0 0
429 277 0 0
428 277 0 0
427 277 0 0
426 277 0 0
425 277 0 0
424 277 0 0
380 277 0 1
379 277 0 1
378 277 0 1
377 277 0 1
376 277 0 1
294 277 0 1
293 277 0 1
292 277 0 1
291 277 0 1
290 277 0 1
289 277 0 1
231 277 0 0
230 277 0 0
229 277 0 0
228 277 0 0
227 277 0 0
429 276 0 0
428 276 0 0
427 276 0 0
426 276 0 0
425 276 0 0
424 276 0 0
380 276 0 1
379 276 0 1
378 276 0 1
377 276 0 1
376 276 0 1
294 276 0 1
293 276 0 1
292 276 0 1
291 276 0 1
290 276 0 1
231 276 0 0
230 276 0 0
229 276 0 0
228 276 0 0
227 276 0 0
429 275 0 0
428 275 0 0
427 275 0 0
426 275 0 0
425 275 0 0
380 275 0 1
379 275 0 1
378 275 0 1
377 275 0 1
376 275 0 1
294 275 0 1
293 275 0 1
292 275 0 1
291 275 0 1
290 275 0 1
231 275 0 0
230 275 0 0
229 275 0 0
228 275 0 0
227 275 0 0
226 275 0 0
430 274 0 0
429 274 0 0
428 274 0 0
427 274 0 0
426 274 0 0
425 274 0 0
380 274 0 1
379 274 0 1
378 274 0 1
377 274 0 1
376 274 0 1
294 274 0 1
293 274 0 1
292 274 0 1
291 274 0 1
290 274 0 1
230 274 0 0
229 274 0 0
228 274 0 0
227 274 0 0
226 274 0 0
430 273 0 0
429 273 0 0
428 273 0 0
427 273 0 0
426 273 0 0
425 273 0 0
381 273 0 1
380 273 0 1
379 273 0 1
378 273 0 1
377 273 0 1
376 273 0 1
294 273 0 1
293 273 0 1
292 273 0 1
291 273 0 1
290 273 0 1
230 273 0 0
229 273 0 0
228 273 0 0
227 273 0 0
226 273 0 0
430 272 0 0
429 272 0 0
428 272 0 0
427 272 0 0
426 272 0 0
381 272 0 1
380 272 0 1
379 272 0 1
378 272 0 1
377 272 0 1
294 272 0 1
293 272 0 1
292 272 0 1
291 272 0 1
290 272 0 1
230 272 0 0
229 272 0 0
228 272 0 0
227 272 0 0
226 272 0 0
431 271 0 0
430 271 0 0
429 271 0 0
428 271 0 0
427 271 0 0
426 271 0 0
381 271 0 1
380 271 0 1
379 271 0 1
378 271 0 1
377 271 0 1
294 271 0 1
293 271 0 1
292 271 0 1
291 271 0 1
290 271 0 1
230 271 0 0
229 271 0 0
228 271 0 0
227 271 0 0
226 271 0 0
432 270 0 0
431 270 0 0
430 270 0 0
429 270 0 0
428 270 0 0
427 270 0 0
426 270 0 0
381 270 0 1
380 270 0 1
379 270 0 1
378 270 0 1
377 270 0 1
294 270 0 1
293 270 0 1
292 270 0 1
291 270 0 1
290 270 0 1
230 270 0 0
229 270 0 0
228 270 0 0
227 270 0 0
226 270 0 0
432 269 0 0
431 269 0 0
430 269 0 0
429 269 0 0
428 269 0 0
427 269 0 0
381 269 0 1
380 269 0 1
379 269 0 1
378 269 0 1
377 269 0 1
294 269 0 1
293 269 0 1
292 269 0 1
291 269 0 1
290 269 0 1
230 269 0 0
229 269 0 0
228 269 0 0
227 269 0 0
226 269 0 0
432 268 0 0
431 268 0 0
430 268 0 0
429 268 0 0
428 268 0 0
381 268 0 1
380 268 0 1
379 268 0 1
378 268 0 1
377 268 0 1
294 268 0 1
293 268 0 1
292 268 0 1
291 268 0 1
290 268 0 1
229 268 0 0
228 268 0 0
227 268 0 0
226 268 0 0
225 268 0 0
432 267 0 0
431 267 0 0
430 267 0 0
429 267 0 0
381 267 0 1
380 267 0 1
379 267 0 1
378 267 0 1
377 267 0 1
295 267 0 1
294 267 0 1
293 267 0 1
292 267 0 1
291 267 0 1
229 267 0 0
228 267 0 0
227 267 0 0
226 267 0 0
225 267 0 0
381 266 0 1
380 266 0 1
379 266 0 1
378 266 0 1
377 266 0 1
295 266 0 1
294 266 0 1
293 266 0 1
292 266 0 1
291 266 0 1
229 266 0 0
228 266 0 0
227 266 0 0
226 266 0 0
225 266 0 0
381 265 0 1
380 265 0 1
379 265 0 1
378 265 0 1
377 265 0 1
295 265 0 1
294 265 0 1
293 265 0 1
292 265 0 1
291 265 0 1
229 265 0 0
228 265 0 0
227 265 0 0
226 265 0 0
225 265 0 0
381 264 0 1
380 264 0 1
379 264 0 1
378 264 0 1
377 264 0 1
295 264 0 1
294 264 0 1
293 264 0 1
292 264 0 1
291 264 0 1
229 264 0 0
228 264 0 0
227 264 0 0
226 264 0 0
225 264 0 0
381 263 0 1
380 263 0 1
379 263 0 1
378 263 0 1
377 263 0 1
295 263 0 1
294 263 0 1
293 263 0 1
292 263 0 1
291 263 0 1
229 263 0 0
228 263 0 0
227 263 0 0
226 263 0 0
225 263 0 0
381 262 0 1
380 262 0 1
379 262 0 1
378 262 0 1
377 262 0 1
295 262 0 1
294 262 0 1
293 262 0 1
292 262 0 1
291 262 0 1
229 262 0 0
228 262 0 0
227 262 0 0
226 262 0 0
225 262 0 0
381 261 0 1
380 261 0 1
379 261 0 1
378 261 0 1
377 261 0 1
295 261 0 1
294 261 0 1
293 261 0 1
292 261 0 1
291 261 0 1
229 261 0 0
228 261 0 0
227 261 0 0
226 261 0 0
225 261 0 0
381 260 0 1
380 260 0 1
379 260 0 1
378 260 0 1
377 260 0 1
295 260 0 1
294 260 0 1
293 260 0 1
292 260 0 1
291 260 0 1
229 260 0 0
228 260 0 0
227 260 0 0
226 260 0 0
225 260 0 0
381 259 0 1
380 259 0 1
379 259 0 1
378 259 0 1
377 259 0 1
295 259 0 1
294 259 0 1
293 259 0 1
292 259 0 1
291 259 0 1
229 259 0 0
228 259 0 0
227 259 0 0
226 259 0 0
225 259 0 0
382 258 0 1
381 258 0 1
380 258 0 1
379 258 0 1
378 258 0 1
295 258 0 1
294 258 0 1
293 258 0 1
292 258 0 1
291 258 0 1
228 258 0 0
227 258 0 0
226 258 0 0
225 258 0 0
224 258 0 0
382 257 0 1
381 257 0 1
380 257 0 1
379 257 0 1
378 257 0 1
295 257 0 1
294 257 0 1
293 257 0 1
292 257 0 1
291 257 0 1
228 257 0 0
227 257 0 0
226 257 0 0
225 257 0 0
224 257 0 0
382 256 0 1
381 256 0 1
380 256 0 1
379 256 0 1
378 256 0 1
295 256 0 1
294 256 0 1
293 256 0 1
292 256 0 1
291 256 0 1
228 256 0 0
227 256 0 0
226 256 0 0
225 256 0 0
224 256 0 0
382 255 0 1
381 255 0 1
380 255 0 1
379 255 0 1
378 255 0 1
295 255 0 1
294 255 0 1
293 255 0 1
292 255 0 1
291 255 0 1
228 255 0 0
227 255 0 0
226 255 0 0
225 255 0 0
224 255 0 0
382 254 0 1
381 254 0 1
380 254 0 1
379 254 0 1
378 254 0 1
295 254 0 1
294 254 0 1
293 254 0 1
292 254 0 1
291 254 0 1
228 254 0 0
227 254 0 0
226 254 0 0
225 254 0 0
224 254 0 0
382 253 0 1
381 253 0 1
380 253 0 1
379 253 0 1
378 253 0 1
295 253 0 1
294 253 0 1
293 253 0 1
292 253 0 1
291 253 0 1
228 253 0 0
227 253 0 0
226 253 0 0
225 253 0 0
224 253 0 0
382 252 0 1
381 252 0 1
380 252 0 1
379 252 0 1
378 252 0 1
295 252 0 1
294 252 0 1
293 252 0 1
292 252 0 1
291 252 0 1
228 252 0 0
227 252 0 0
226 252 0 0
225 252 0 0
224 252 0 0
382 251 0 1
381 251 0 1
380 251 0 1
379 251 0 1
378 251 0 1
295 251 0 1
294 251 0 1
293 251 0 1
292 251 0 1
291 251 0 1
228 251 0 0
227 251 0 0
226 251 0 0
225 251 0 0
224 251 0 0
382 250 0 1
381 250 0 1
380 250 0 1
379 250 0 1
378 250 0 1
295 250 0 1
294 250 0 1
293 250 0 1
292 250 0 1
291 250 0 1
228 250 0 0
227 250 0 0
226 250 0 0
225 250 0 0
224 250 0 0
382 249 0 1
381 249 0 1
380 249 0 1
379 249 0 1
378 249 0 1
295 249 0 1
294 249 0 1
293 249 0 1
292 249 0 1
291 249 0 1
228 249 0 0
227 249 0 0
226 249 0 0
225 249 0 0
224 249 0 0
383 248 0 1
382 248 0 1
381 248 0 1
380 248 0 1
379 248 0 1
296 248 0 1
295 248 0 1
294 248 0 1
293 248 0 1
292 248 0 1
228 248 0 0
227 248 0 0
226 248 0 0
225 248 0 0
224 248 0 0
383 247 0 1
382 247 0 1
381 247 0 1
380 247 0 1
379 247 0 1
296 247 0 1
295 247 0 1
294 247 0 1
293 247 0 1
292 247 0 1
228 247 0 0
227 247 0 0
226 247 0 0
225 247 0 0
224 247 0 0
383 246 0 1
382 246 0 1
381 246 0 1
380 246 0 1
379 246 0 1
296 246 0 1
295 246 0 1
294 246 0 1
293 246 0 1
292 246 0 1
228 246 0 0
227 246 0 0
226 246 0 0
225 246 0 0
224 246 0 0
383 245 0 1
382 245 0 1
381 245 0 1
380 245 0 1
379 245 0 1
296 245 0 1
295 245 0 1
294 245 0 1
293 245 0 1
292 245 0 1
228 245 0 0
227 245 0 0
226 245 0 0
225 245 0 0
224 245 0 0
383 244 0 1
382 244 0 1
381 244 0 1
380 244 0 1
379 244 0 1
296 244 0 1
295 244 0 1
294 244 0 1
293 244 0 1
292 244 0 1
228 244 0 0
227 244 0 0
226 244 0 0
225 244 0 0
224 244 0 0
383 243 0 1
382 243 0 1
381 243 0 1
380 243 0 1
379 243 0 1
296 243 0 1
295 243 0 1
294 243 0 1
293 243 0 1
292 243 0 1
227 243 0 0
226 243 0 0
225 243 0 0
224 243 0 0
223 243 0 0
383 242 0 1
382 242 0 1
381 242 0 1
380 242 0 1
379 242 0 1
296 242 0 1
295 242 0 1
294 242 0 1
293 242 0 1
292 242 0 1
227 242 0 0
226 242 0 0
225 242 0 0
224 242 0 0
223 242 0 0
383 241 0 1
382 241 0 1
381 241 0 1
380 241 0 1
379 241 0 1
296 241 0 1
295 241 0 1
294 241 0 1
293 241 0 1
292 241 0 1
227 241 0 0
226 241 0 0
225 241 0 0
224 241 0 0
223 241 0 0
383 240 0 1
382 240 0 1
381 240 0 1
380 240 0 1
379 240 0 1
296 240 0 1
295 240 0 1
294 240 0 1
293 240 0 1
292 240 0 1
227 240 0 0
226 240 0 0
225 240 0 0
224 240 0 0
223 240 0 0
383 239 0 1
382 239 0 1
381 239 0 1
380 239 0 1
379 239 0 1
296 239 0 1
295 239 0 1
294 239 0 1
293 239 0 1
292 239 0 1
227 239 0 0
226 239 0 0
225 239 0 0
224 239 0 0
223 239 0 0
384 238 0 1
383 238 0 1
382 238 0 1
381 238 0 1
380 238 0 1
296 238 0 1
295 238 0 1
294 238 0 1
293 238 0 1
292 238 0 1
227 238 0 0
226 238 0 0
225 238 0 0
224 238 0 0
223 238 0 0
384 237 0 1
383 237 0 1
382 237 0 1
381 237 0 1
380 237 0 1
296 237 0 1
295 237 0 1
294 237 0 1
293 237 0 1
292 237 0 1
227 237 0 0
226 237 0 0
225 237 0 0
224 237 0 0
223 237 0 0
384 236 0 1
383 236 0 1
382 236 0 1
381 236 0 1
380 236 0 1
296 236 0 1
295 236 0 1
294 236 0 1
293 236 0 1
292 236 0 1
227 236 0 0
226 236 0 0
225 236 0 0
224 236 0 0
223 236 0 0
384 235 0 1
383 235 0 1
382 235 0 1
381 235 0 1
380 235 0 1
296 235 0 1
295 235 0 1
294 235 0 1
293 235 0 1
292 235 0 1
227 235 0 0
226 235 0 0
225 235 0 0
224 235 0 0
223 235 0 0
384 234 0 1
383 234 0 1
382 234 0 1
381 234 0 1
380 234 0 1
296 234 0 1
295 234 0 1
294 234 0 1
293 234 0 1
292 234 0 1
227 234 0 0
226 234 0 0
225 234 0 0
224 234 0 0
223 234 0 0
384 233 0 1
383 233 0 1
382 233 0 1
381 233 0 1
380 233 0 1
296 233 0 1
295 233 0 1
294 233 0 1
293 233 0 1
292 233 0 1
227 233 0 0
226 233 0 0
225 233 0 0
224 233 0 0
223 233 0 0
384 232 0 1
383 232 0 1
382 232 0 1
381 232 0 1
380 232 0 1
296 232 0 1
295 232 0 1
294 232 0 1
293 232 0 1
292 232 0 1
227 232 0 0
226 232 0 0
225 232 0 0
224 232 0 0
223 232 0 0
384 231 0 1
383 231 0 1
382 231 0 1
381 231 0 1
380 231 0 1
296 231 0 1
295 231 0 1
294 231 0 1
293 231 0 1
292 231 0 1
227 231 0 0
226 231 0 0
225 231 0 0
224 231 0 0
223 231 0 0
384 230 0 1
383 230 0 1
382 230 0 1
381 230 0 1
380 230 0 1
296 230 0 1
295 230 0 1
294 230 0 1
293 230 0 1
292 230 0 1
226 230 0 0
225 230 0 0
224 230 0 0
223 230 0 0
222 230 0 0
384 229 0 1
383 229 0 1
382 229 0 1
381 229 0 1
380 229 0 1
296 229 0 1
295 229 0 1
294 229 0 1
293 229 0 1
292 229 0 1
226 229 0 0
225 229 0 0
224 229 0 0
223 229 0 0
222 229 0 0
385 228 0 1
384 228 0 1
383 228 0 1
382 228 0 1
381 228 0 1
296 228 0 1
295 228 0 1
294 228 0 1
293 228 0 1
292 228 0 1
226 228 0 0
225 228 0 0
224 228 0 0
223 228 0 0
222 228 0 0
385 227 0 1
384 227 0 1
383 227 0 1
382 227 0 1
381 227 0 1
296 227 0 1
295 227 0 1
294 227 0 1
293 227 0 1
292 227 0 1
226 227 0 0
225 227 0 0
224 227 0 0
223 227 0 0
222 227 0 0
385 226 0 1
384 226 0 1
383 226 0 1
382 226 0 1
381 226 0 1
296 226 0 1
295 226 0 1
294 226 0 1
293 226 0 1
292 226 0 1
226 226 0 0
225 226 0 0
224 226 0 0
223 226 0 0
222 226 0 0
385 225 0 1
384 225 0 1
383 225 0 1
382 225 0 1
381 225 0 1
296 225 0 1
295 225 0 1
294 225 0 1
293 225 0 1
292 225 0 1
226 225 0 0
225 225 0 0
224 225 0 0
223 225 0 0
222 225 0 0
385 224 0 1
384 224 0 1
383 224 0 1
382 224 0 1
381 224 0 1
296 224 0 1
295 224 0 1
294 224 0 1
293 224 0 1
292 224 0 1
226 224 0 0
225 224 0 0
224 224 0 0
223 224 0 0
222 224 0 0
385 223 0 1
384 223 0 1
383 223 0 1
382 223 0 1
381 223 0 1
296 223 0 1
295 223 0 1
294 223 0 1
293 223 0 1
292 223 0 1
226 223 0 0
225 223 0 0
224 223 0 0
223 223 0 0
222 223 0 0
385 222 0 1
384 222 0 1
383 222 0 1
382 222 0 1
381 222 0 1
296 222 0 1
295 222 0 1
294 222 0 1
293 222 0 1
292 222 0 1
226 222 0 0
225 222 0 0
224 222 0 0
223 222 0 0
222 222 0 0
385 221 0 1
384 221 0 1
383 221 0 1
382 221 0 1
381 221 0 1
296 221 0 1
295 221 0 1
294 221 0 1
293 221 0 1
226 221 0 0
225 221 0 0
224 221 0 0
223 221 0 0
222 221 0 0
385 220 0 1
384 220 0 1
383 220 0 1
382 220 0 1
381 220 0 1
296 220 0 1
295 220 0 1
294 220 0 1
293 220 0 1
225 220 0 0
224 220 0 0
223 220 0 0
222 220 0 0
221 220 0 0
385 219 0 1
384 219 0 1
383 219 0 1
382 219 0 1
381 219 0 1
296 219 0 1
295 219 0 1
294 219 0 1
293 219 0 1
225 219 0 0
224 219 0 0
223 219 0 0
222 219 0 0
221 219 0 0
385 218 0 1
384 218 0 1
383 218 0 1
382 218 0 1
381 218 0 1
296 218 0 1
295 218 0 1
294 218 0 1
293 218 0 1
225 218 0 0
224 218 0 0
223 218 0 0
222 218 0 0
221 218 0 0
385 217 0 1
384 217 0 1
383 217 0 1
382 217 0 1
381 217 0 1
296 217 0 1
295 217 0 1
294 217 0 1
293 217 0 1
225 217 0 0
224 217 0 0
223 217 0 0
222 217 0 0
221 217 0 0
385 216 0 1
384 216 0 1
383 216 0 1
382 216 0 1
381 216 0 1
296 216 0 1
295 216 0 1
294 216 0 1
293 216 0 1
225 216 0 0
224 216 0 0
223 216 0 0
222 216 0 0
221 216 0 0
385 215 0 1
384 215 0 1
383 215 0 1
382 215 0 1
381 215 0 1
296 215 0 1
295 215 0 1
294 215 0 1
293 215 0 1
225 215 0 0
224 215 0 0
223 215 0 0
222 215 0 0
221 215 0 0
385 214 0 1
384 214 0 1
383 214 0 1
382 214 0 1
381 214 0 1
296 214 0 1
295 214 0 1
294 214 0 1
293 214 0 1
225 214 0 0
224 214 0 0
223 214 0 0
222 214 0 0
221 214 0 0
385 213 0 1
384 213 0 1
383 213 0 1
382 213 0 1
381 213 0 1
296 213 0 1
295 213 0 1
294 213 0 1
293 213 0 1
225 213 0 0
224 213 0 0
223 213 0 0
222 213 0 0
221 213 0 0
385 212 0 1
384 212 0 1
383 212 0 1
382 212 0 1
381 212 0 1
296 212 0 1
295 212 0 1
294 212 0 1
293 212 0 1
225 212 0 0
224 212 0 0
223 212 0 0
222 212 0 0
221 212 0 0
385 211 0 1
384 211 0 1
383 211 0 1
382 211 0 1
381 211 0 1
296 211 0 1
295 211 0 1
294 211 0 1
293 211 0 1
225 211 0 0
224 211 0 0
223 211 0 0
222 211 0 0
221 211 0 0
220 211 0 0
385 210 0 1
384 210 0 1
383 210 0 1
382 210 0 1
381 210 0 1
296 210 0 1
295 210 0 1
294 210 0 1
293 210 0 1
224 210 0 0
223 210 0 0
222 210 0 0
221 210 0 0
220 210 0 0
385 209 0 1
384 209 0 1
383 209 0 1
382 209 0 1
381 209 0 1
296 209 0 1
295 209 0 1
294 209 0 1
293 209 0 1
224 209 0 0
223 209 0 0
222 209 0 0
221 209 0 0
220 209 0 0
385 208 0 1
384 208 0 1
383 208 0 1
382 208 0 1
381 208 0 1
296 208 0 1
295 208 0 1
294 208 0 1
293 208 0 1
224 208 0 0
223 208 0 0
222 208 0 0
221 208 0 0
220 208 0 0
385 207 0 1
384 207 0 1
383 207 0 1
382 207 0 1
381 207 0 1
296 207 0 1
295 207 0 1
294 207 0 1
293 207 0 1
224 207 0 0
223 207 0 0
222 207 0 0
221 207 0 0
220 207 0 0
385 206 0 1
384 206 0 1
383 206 0 1
382 206 0 1
381 206 0 1
296 206 0 1
295 206 0 1
294 206 0 1
293 206 0 1
224 206 0 0
223 206 0 0
222 206 0 0
221 206 0 0
220 206 0 0
385 205 0 1
384 205 0 1
383 205 0 1
382 205 0 1
381 205 0 1
296 205 0 1
295 205 0 1
294 205 0 1
293 205 0 1
224 205 0 0
223 205 0 0
222 205 0 0
221 205 0 0
220 205 0 0
219 205 0 0
385 204 0 1
384 204 0 1
383 204 0 1
382 204 0 1
381 204 0 1
296 204 0 1
295 204 0 1
294 204 0 1
293 204 0 1
223 204 0 0
222 204 0 0
221 204 0 0
220 204 0 0
219 204 0 0
385 203 0 1
384 203 0 1
383 203 0 1
382 203 0 1
381 203 0 1
296 203 0 1
295 203 0 1
294 203 0 1
293 203 0 1
223 203 0 0
222 203 0 0
221 203 0 0
220 203 0 0
219 203 0 0
385 202 0 1
384 202 0 1
383 202 0 1
382 202 0 1
381 202 0 1
296 202 0 1
295 202 0 1
294 202 0 1
293 202 0 1
223 202 0 0
222 202 0 0
221 202 0 0
220 202 0 0
219 202 0 0
386 201 0 1
385 201 0 1
384 201 0 1
383 201 0 1
382 201 0 1
296 201 0 1
295 201 0 1
294 201 0 1
293 201 0 1
386 200 0 1
385 200 0 1
384 200 0 1
383 200 0 1
382 200 0 1
296 200 0 1
295 200 0 1
294 200 0 1
293 200 0 1
386 199 0 1
385 199 0 1
384 199 0 1
383 199 0 1
382 199 0 1
296 199 0 1
295 199 0 1
294 199 0 1
293 199 0 1
386 198 0 1
385 198 0 1
384 198 0 1
383 198 0 1
382 198 0 1
296 198 0 1
295 198 0 1
294 198 0 1
293 198 0 1
386 197 0 1
385 197 0 1
384 197 0 1
383 197 0 1
382 197 0 1
296 197 0 1
295 197 0 1
294 197 0 1
293 197 0 1
386 196 0 1
385 196 0 1
384 196 0 1
383 196 0 1
382 196 0 1
296 196 0 1
295 196 0 1
294 196 0 1
293 196 0 1
386 195 0 1
385 195 0 1
384 195 0 1
383 195 0 1
382 195 0 1
296 195 0 1
295 195 0 1
294 195 0 1
293 195 0 1
387 194 0 1
386 194 0 1
385 194 0 1
384 194 0 1
383 194 0 1
296 194 0 1
295 194 0 1
294 194 0 1
293 194 0 1
387 193 0 1
386 193 0 1
385 193 0 1
384 193 0 1
383 193 0 1
296 193 0 1
295 193 0 1
294 193 0 1
293 193 0 1
387 192 0 1
386 192 0 1
385 192 0 1
384 192 0 1
383 192 0 1
296 192 0 1
295 192 0 1
294 192 0 1
293 192 0 1
387 191 0 1
386 191 0 1
385 191 0 1
384 191 0 1
383 191 0 1
296 191 0 1
295 191 0 1
294 191 0 1
293 191 0 1
387 190 0 1
386 190 0 1
385 190 0 1
384 190 0 1
383 190 0 1
296 190 0 1
295 190 0 1
294 190 0 1
293 190 0 1
387 189 0 1
386 189 0 1
385 189 0 1
384 189 0 1
383 189 0 1
296 189 0 1
295 189 0 1
294 189 0 1
293 189 0 1
388 188 0 1
387 188 0 1
386 188 0 1
385 188 0 1
384 188 0 1
383 188 0 1
296 188 0 1
295 188 0 1
294 188 0 1
293 188 0 1
388 187 0 1
387 187 0 1
386 187 0 1
385 187 0 1
384 187 0 1
296 187 0 1
295 187 0 1
294 187 0 1
293 187 0 1
388 186 0 1
387 186 0 1
386 186 0 1
385 186 0 1
384 186 0 1
296 186 0 1
295 186 0 1
294 186 0 1
293 186 0 1
388 185 0 1
387 185 0 1
386 185 0 1
385 185 0 1
384 185 0 1
296 185 0 1
295 185 0 1
294 185 0 1
293 185 0 1
389 184 0 1
388 184 0 1
387 184 0 1
386 184 0 1
385 184 0 1
384 184 0 1
296 184 0 1
295 184 0 1
294 184 0 1
293 184 0 1
389 183 0 1
388 183 0 1
387 183 0 1
386 183 0 1
385 183 0 1
384 183 0 1
296 183 0 1
295 183 0 1
294 183 0 1
293 183 0 1
389 182 0 1
388 182 0 1
387 182 0 1
386 182 0 1
385 182 0 1
296 182 0 1
295 182 0 1
294 182 0 1
293 182 0 1
390 181 0 1
389 181 0 1
388 181 0 1
387 181 0 1
386 181 0 1
385 181 0 1
296 181 0 1
295 181 0 1
294 181 0 1
293 181 0 1
390 180 0 1
389 180 0 1
388 180 0 1
387 180 0 1
386 180 0 1
296 180 0 1
295 180 0 1
294 180 0 1
293 180 0 1
390 179 0 1
389 179 0 1
388 179 0 1
387 179 0 1
386 179 0 1
296 179 0 1
295 179 0 1
294 179 0 1
293 179 0 1
390 178 0 1
389 178 0 1
388 178 0 1
387 178 0 1
386 178 0 1
296 178 0 1
295 178 0 1
294 178 0 1
293 178 0 1
390 177 0 1
389 177 0 1
388 177 0 1
387 177 0 1
386 177 0 1
296 177 0 1
295 177 0 1
294 177 0 1
293 177 0 1
390 176 0 1
389 176 0 1
388 176 0 1
387 176 0 1
386 176 0 1
296 176 0 1
295 176 0 1
294 176 0 1
293 176 0 1
390 175 0 1
389 175 0 1
388 175 0 1
387 175 0 1
386 175 0 1
296 175 0 1
295 175 0 1
294 175 0 1
293 175 0 1
391 174 0 1
390 174 0 1
389 174 0 1
388 174 0 1
387 174 0 1
296 174 0 1
295 174 0 1
294 174 0 1
293 174 0 1
391 173 0 1
390 173 0 1
389 173 0 1
388 173 0 1
387 173 0 1
296 173 0 1
295 173 0 1
294 173 0 1
293 173 0 1
391 172 0 1
390 172 0 1
389 172 0 1
388 172 0 1
387 172 0 1
296 172 0 1
295 172 0 1
294 172 0 1
293 172 0 1
391 171 0 1
390 171 0 1
389 171 0 1
388 171 0 1
387 171 0 1
296 171 0 1
295 171 0 1
294 171 0 1
293 171 0 1
391 170 0 1
390 170 0 1
389 170 0 1
388 170 0 1
387 170 0 1
296 170 0 1
295 170 0 1
294 170 0 1
293 170 0 1
391 169 0 1
390 169 0 1
389 169 0 1
388 169 0 1
387 169 0 1
296 169 0 1
295 169 0 1
294 169 0 1
293 169 0 1
391 168 0 1
390 168 0 1
389 168 0 1
388 168 0 1
387 168 0 1
296 168 0 1
295 168 0 1
294 168 0 1
293 168 0 1
392 167 0 1
391 167 0 1
390 167 0 1
389 167 0 1
388 167 0 1
296 167 0 1
295 167 0 1
294 167 0 1
293 167 0 1
392 166 0 1
391 166 0 1
390 166 0 1
389 166 0 1
388 166 0 1
296 166 0 1
295 166 0 1
294 166 0 1
293 166 0 1
392 165 0 1
391 165 0 1
390 165 0 1
389 165 0 1
388 165 0 1
296 165 0 1
295 165 0 1
294 165 0 1
293 165 0 1
392 164 0 1
391 164 0 1
390 164 0 1
389 164 0 1
388 164 0 1
296 164 0 1
295 164 0 1
294 164 0 1
293 164 0 1
392 163 0 1
391 163 0 1
390 163 0 1
389 163 0 1
388 163 0 1
296 163 0 1
295 163 0 1
294 163 0 1
293 163 0 1
392 162 0 1
391 162 0 1
390 162 0 1
389 162 0 1
388 162 0 1
296 162 0 1
295 162 0 1
294 162 0 1
293 162 0 1
392 161 0 1
391 161 0 1
390 161 0 1
389 161 0 1
388 161 0 1
296 161 0 1
295 161 0 1
294 161 0 1
293 161 0 1
392 160 0 1
391 160 0 1
390 160 0 1
389 160 0 1
388 160 0 1
296 160 0 1
295 160 0 1
294 160 0 1
293 160 0 1
392 159 0 1
391 159 0 1
390 159 0 1
389 159 0 1
388 159 0 1
296 159 0 1
295 159 0 1
294 159 0 1
293 159 0 1
392 158 0 1
391 158 0 1
390 158 0 1
389 158 0 1
388 158 0 1
296 158 0 1
295 158 0 1
294 158 0 1
293 158 0 1
392 157 0 1
391 157 0 1
390 157 0 1
389 157 0 1
388 157 0 1
296 157 0 1
295 157 0 1
294 157 0 1
293 157 0 1
392 156 0 1
391 156 0 1
390 156 0 1
389 156 0 1
388 156 0 1
296 156 0 1
295 156 0 1
294 156 0 1
293 156 0 1
392 155 0 1
391 155 0 1
390 155 0 1
389 155 0 1
388 155 0 1
296 155 0 1
295 155 0 1
294 155 0 1
293 155 0 1
392 154 0 1
391 154 0 1
390 154 0 1
389 154 0 1
388 154 0 1
296 154 0 1
295 154 0 1
294 154 0 1
293 154 0 1
242 154 0 0
241 154 0 0
240 154 0 0
239 154 0 0
238 154 0 0
237 154 0 0
393 153 0 1
392 153 0 1
391 153 0 1
390 153 0 1
389 153 0 1
388 153 0 1
296 153 0 1
295 153 0 1
294 153 0 1
293 153 0 1
243 153 0 0
242 153 0 0
241 153 0 0
240 153 0 0
239 153 0 0
238 153 0 0
237 153 0 0
393 152 0 1
392 152 0 1
391 152 0 1
390 152 0 1
389 152 0 1
243 152 0 0
242 152 0 0
241 152 0 0
240 152 0 0
239 152 0 0
238 152 0 0
237 152 0 0
393 151 0 1
392 151 0 1
391 151 0 1
390 151 0 1
389 151 0 1
244 151 0 0
243 151 0 0
242 151 0 0
241 151 0 0
240 151 0 0
239 151 0 0
238 151 0 0
237 151 0 0
393 150 0 1
392 150 0 1
391 150 0 1
390 150 0 1
389 150 0 1
246 150 0 0
245 150 0 0
244 150 0 0
243 150 0 0
242 150 0 0
241 150 0 0
240 150 0 0
239 150 0 0
393 149 0 1
392 149 0 1
391 149 0 1
390 149 0 1
389 149 0 1
247 149 0 0
246 149 0 0
245 149 0 0
244 149 0 0
243 149 0 0
242 149 0 0
241 149 0 0
240 149 0 0
393 148 0 1
392 148 0 1
391 148 0 1
390 148 0 1
389 148 0 1
248 148 0 0
247 148 0 0
246 148 0 0
245 148 0 0
244 148 0 0
243 148 0 0
242 148 0 0
241 148 0 0
240 148 0 0
393 147 0 1
392 147 0 1
391 147 0 1
390 147 0 1
249 147 0 0
248 147 0 0
247 147 0 0
246 147 0 0
245 147 0 0
244 147 0 0
243 147 0 0
242 147 0 0
241 147 0 0
393 146 0 1
392 146 0 1
391 146 0 1
390 146 0 1
250 146 0 0
249 146 0 0
248 146 0 0
247 146 0 0
246 146 0 0
245 146 0 0
244 146 0 0
243 146 0 0
242 146 0 0
252 145 0 0
251 145 0 0
250 145 0 0
249 145 0 0
248 145 0 0
247 145 0 0
246 145 0 0
245 145 0 0
253 144 0 0
252 144 0 0
251 144 0 0
250 144 0 0
249 144 0 0
248 144 0 0
247 144 0 0
246 144 0 0
255 143 0 0
254 143 0 0
253 143 0 0
252 143 0 0
251 143 0 0
250 143 0 0
249 143 0 0
248 143 0 0
247 143 0 0
256 142 0 0
255 142 0 0
254 142 0 0
253 142 0 0
252 142 0 0
251 142 0 0
250 142 0 0
249 142 0 0
248 142 0 0
258 141 0 0
257 141 0 0
256 141 0 0
255 141 0 0
254 141 0 0
253 141 0 0
252 141 0 0
251 141 0 0
250 141 0 0
249 141 0 0
259 140 0 0
258 140 0 0
257 140 0 0
256 140 0 0
255 140 0 0
254 140 0 0
253 140 0 0
252 140 0 0
251 140 0 0
260 139 0 0
259 139 0 0
258 139 0 0
257 139 0 0
256 139 0 0
255 139 0 0
254 139 0 0
253 139 0 0
252 139 0 0
261 138 0 0
260 138 0 0
259 138 0 0
258 138 0 0
257 138 0 0
256 138 0 0
255 138 0 0
254 138 0 0
262 137 0 0
261 137 0 0
260 137 0 0
259 137 0 0
258 137 0 0
257 137 0 0
256 137 0 0
255 137 0 0
263 136 0 0
262 136 0 0
261 136 0 0
260 136 0 0
259 136 0 0
258 136 0 0
257 136 0 0
264 135 0 0
263 135 0 0
262 135 0 0
261 135 0 0
260 135 0 0
259 135 0 0
258 135 0 0
457 134 0 0
456 134 0 0
455 134 0 0
454 134 0 0
453 134 0 0
452 134 0 0
451 134 0 0
450 134 0 0
449 134 0 0
448 134 0 0
447 134 0 0
446 134 0 0
265 134 0 0
264 134 0 0
263 134 0 0
262 134 0 0
261 134 0 0
260 134 0 0
259 134 0 0
457 133 0 0
456 133 0 0
455 133 0 0
454 133 0 0
453 133 0 0
452 133 0 0
451 133 0 0
450 133 0 0
449 133 0 0
448 133 0 0
447 133 0 0
446 133 0 0
445 133 0 0
444 133 0 0
443 133 0 0
266 133 0 0
265 133 0 0
264 133 0 0
263 133 0 0
262 133 0 0
261 133 0 0
260 133 0 0
457 132 0 0
456 132 0 0
455 132 0 0
454 132 0 0
453 132 0 0
452 132 0 0
451 132 0 0
450 132 0 0
449 132 0 0
448 132 0 0
447 132 0 0
446 132 0 0
445 132 0 0
444 132 0 0
443 132 0 0
442 132 0 0
441 132 0 0
267 132 0 0
266 132 0 0
265 132 0 0
264 132 0 0
263 132 0 0
262 132 0 0
261 132 0 0
457 131 0 0
456 131 0 0
455 131 0 0
454 131 0 0
453 131 0 0
452 131 0 0
451 131 0 0
450 131 0 0
449 131 0 0
448 131 0 0
447 131 0 0
446 131 0 0
445 131 0 0
444 131 0 0
443 131 0 0
442 131 0 0
441 131 0 0
440 131 0 0
439 131 0 0
268 131 0 0
267 131 0 0
266 131 0 0
265 131 0 0
264 131 0 0
263 131 0 0
262 131 0 0
450 130 0 0
449 130 0 0
448 130 0 0
447 130 0 0
446 130 0 0
445 130 0 0
444 130 0 0
443 130 0 0
442 130 0 0
441 130 0 0
440 130 0 0
439 130 0 0
438 130 0 0
437 130 0 0
269 130 0 0
268 130 0 0
267 130 0 0
266 130 0 0
265 130 0 0
264 130 0 0
263 130 0 0
447 129 0 0
446 129 0 0
445 129 0 0
444 129 0 0
443 129 0 0
442 129 0 0
441 129 0 0
440 129 0 0
439 129 0 0
438 129 0 0
437 129 0 0
436 129 0 0
435 129 0 0
270 129 0 0
269 129 0 0
268 129 0 0
267 129 0 0
266 129 0 0
265 129 0 0
264 129 0 0
444 128 0 0
443 128 0 0
442 128 0 0
441 128 0 0
440 128 0 0
439 128 0 0
438 128 0 0
437 128 0 0
436 128 0 0
435 128 0 0
434 128 0 0
433 128 0 0
271 128 0 0
270 128 0 0
269 128 0 0
268 128 0 0
267 128 0 0
266 128 0 0
265 128 0 0
442 127 0 0
441 127 0 0
440 127 0 0
439 127 0 0
438 127 0 0
437 127 0 0
436 127 0 0
435 127 0 0
434 127 0 0
433 127 0 0
432 127 0 0
431 127 0 0
273 127 0 0
272 127 0 0
271 127 0 0
270 127 0 0
269 127 0 0
268 127 0 0
267 127 0 0
266 127 0 0
440 126 0 0
439 126 0 0
438 126 0 0
437 126 0 0
436 126 0 0
435 126 0 0
434 126 0 0
433 126 0 0
432 126 0 0
431 126 0 0
430 126 0 0
429 126 0 0
274 126 0 0
273 126 0 0
272 126 0 0
271 126 0 0
270 126 0 0
269 126 0 0
268 126 0 0
267 126 0 0
438 125 0 0
437 125 0 0
436 125 0 0
435 125 0 0
434 125 0 0
433 125 0 0
432 125 0 0
431 125 0 0
430 125 0 0
429 125 0 0
428 125 0 0
427 125 0 0
275 125 0 0
274 125 0 0
273 125 0 0
272 125 0 0
271 125 0 0
270 125 0 0
269 125 0 0
268 125 0 0
436 124 0 0
435 124 0 0
434 124 0 0
433 124 0 0
432 124 0 0
431 124 0 0
430 124 0 0
429 124 0 0
428 124 0 0
427 124 0 0
426 124 0 0
425 124 0 0
276 124 0 0
275 124 0 0
274 124 0 0
273 124 0 0
272 124 0 0
271 124 0 0
270 124 0 0
269 124 0 0
434 123 0 0
433 123 0 0
432 123 0 0
431 123 0 0
430 123 0 0
429 123 0 0
428 123 0 0
427 123 0 0
426 123 0 0
425 123 0 0
424 123 0 0
423 123 0 0
277 123 0 0
276 123 0 0
275 123 0 0
274 123 0 0
273 123 0 0
272 123 0 0
271 123 0 0
270 123 0 0
432 122 0 0
431 122 0 0
430 122 0 0
429 122 0 0
428 122 0 0
427 122 0 0
426 122 0 0
425 122 0 0
424 122 0 0
423 122 0 0
422 122 0 0
421 122 0 0
279 122 0 0
278 122 0 0
277 122 0 0
276 122 0 0
275 122 0 0
274 122 0 0
273 122 0 0
272 122 0 0
271 122 0 0
430 121 0 0
429 121 0 0
428 121 0 0
427 121 0 0
426 121 0 0
425 121 0 0
424 121 0 0
423 121 0 0
422 121 0 0
421 121 0 0
420 121 0 0
419 121 0 0
280 121 0 0
279 121 0 0
278 121 0 0
277 121 0 0
276 121 0 0
275 121 0 0
274 121 0 0
273 121 0 0
272 121 0 0
428 120 0 0
427 120 0 0
426 120 0 0
425 120 0 0
424 120 0 0
423 120 0 0
422 120 0 0
421 120 0 0
420 120 0 0
419 120 0 0
418 120 0 0
282 120 0 0
281 120 0 0
280 120 0 0
279 120 0 0
278 120 0 0
277 120 0 0
276 120 0 0
275 120 0 0
274 120 0 0
426 119 0 0
425 119 0 0
424 119 0 0
423 119 0 0
422 119 0 0
421 119 0 0
420 119 0 0
419 119 0 0
418 119 0 0
417 119 0 0
416 119 0 0
283 119 0 0
282 119 0 0
281 119 0 0
280 119 0 0
279 119 0 0
278 119 0 0
277 119 0 0
276 119 0 0
275 119 0 0
424 118 0 0
423 118 0 0
422 118 0 0
421 118 0 0
420 118 0 0
419 118 0 0
418 118 0 0
417 118 0 0
416 118 0 0
415 118 0 0
414 118 0 0
284 118 0 0
283 118 0 0
282 118 0 0
281 118 0 0
280 118 0 0
279 118 0 0
278 118 0 0
277 118 0 0
276 118 0 0
422 117 0 0
421 117 0 0
420 117 0 0
419 117 0 0
418 117 0 0
417 117 0 0
416 117 0 0
415 117 0 0
414 117 0 0
413 117 0 0
412 117 0 0
286 117 0 0
285 117 0 0
284 117 0 0
283 117 0 0
282 117 0 0
281 117 0 0
280 117 0 0
279 117 0 0
278 117 0 0
420 116 0 0
419 116 0 0
418 116 0 0
417 116 0 0
416 116 0 0
415 116 0 0
414 116 0 0
413 116 0 0
412 116 0 0
411 116 0 0
410 116 0 0
287 116 0 0
286 116 0 0
285 116 0 0
284 116 0 0
283 116 0 0
282 116 0 0
281 116 0 0
280 116 0 0
279 116 0 0
418 115 0 0
417 115 0 0
416 115 0 0
415 115 0 0
414 115 0 0
413 115 0 0
412 115 0 0
411 115 0 0
410 115 0 0
409 115 0 0
408 115 0 0
288 115 0 0
287 115 0 0
286 115 0 0
285 115 0 0
284 115 0 0
283 115 0 0
282 115 0 0
281 115 0 0
416 114 0 0
415 114 0 0
414 114 0 0
413 114 0 0
412 114 0 0
411 114 0 0
410 114 0 0
409 114 0 0
408 114 0 0
407 114 0 0
406 114 0 0
289 114 0 0
288 114 0 0
287 114 0 0
286 114 0 0
285 114 0 0
284 114 0 0
283 114 0 0
282 114 0 0
414 113 0 0
413 113 0 0
412 113 0 0
411 113 0 0
410 113 0 0
409 113 0 0
408 113 0 0
407 113 0 0
406 113 0 0
405 113 0 0
404 113 0 0
290 113 0 0
289 113 0 0
288 113 0 0
287 113 0 0
286 113 0 0
285 113 0 0
284 113 0 0
283 113 0 0
413 112 0 0
412 112 0 0
411 112 0 0
410 112 0 0
409 112 0 0
408 112 0 0
407 112 0 0
406 112 0 0
405 112 0 0
404 112 0 0
403 112 0 0
402 112 0 0
292 112 0 0
291 112 0 0
290 112 0 0
289 112 0 0
288 112 0 0
287 112 0 0
286 112 0 0
285 112 0 0
284 112 0 0
411 111 0 0
410 111 0 0
409 111 0 0
408 111 0 0
407 111 0 0
406 111 0 0
405 111 0 0
404 111 0 0
403 111 0 0
402 111 0 0
401 111 0 0
400 111 0 0
295 111 0 0
294 111 0 0
293 111 0 0
292 111 0 0
291 111 0 0
290 111 0 0
289 111 0 0
288 111 0 0
287 111 0 0
286 111 0 0
285 111 0 0
409 110 0 0
408 110 0 0
407 110 0 0
406 110 0 0
405 110 0 0
404 110 0 0
403 110 0 0
402 110 0 0
401 110 0 0
400 110 0 0
399 110 0 0
398 110 0 0
298 110 0 0
297 110 0 0
296 110 0 0
295 110 0 0
294 110 0 0
293 110 0 0
292 110 0 0
291 110 0 0
290 110 0 0
289 110 0 0
288 110 0 0
287 110 0 0
407 109 0 0
406 109 0 0
405 109 0 0
404 109 0 0
403 109 0 0
402 109 0 0
401 109 0 0
400 109 0 0
399 109 0 0
398 109 0 0
397 109 0 0
396 109 0 0
301 109 0 0
300 109 0 0
299 109 0 0
298 109 0 0
297 109 0 0
296 109 0 0
295 109 0 0
294 109 0 0
293 109 0 0
292 109 0 0
291 109 0 0
290 109 0 0
289 109 0 0
288 109 0 0
405 108 0 0
404 108 0 0
403 108 0 0
402 108 0 0
401 108 0 0
400 108 0 0
399 108 0 0
398 108 0 0
397 108 0 0
396 108 0 0
395 108 0 0
394 108 0 0
303 108 0 0
302 108 0 0
301 108 0 0
300 108 0 0
299 108 0 0
298 108 0 0
297 108 0 0
296 108 0 0
295 108 0 0
294 108 0 0
293 108 0 0
292 108 0 0
291 108 0 0
290 108 0 0
403 107 0 0
402 107 0 0
401 107 0 0
400 107 0 0
399 107 0 0
398 107 0 0
397 107 0 0
396 107 0 0
395 107 0 0
394 107 0 0
393 107 0 0
392 107 0 0
305 107 0 0
304 107 0 0
303 107 0 0
302 107 0 0
301 107 0 0
300 107 0 0
299 107 0 0
298 107 0 0
297 107 0 0
296 107 0 0
295 107 0 0
294 107 0 0
293 107 0 0
292 107 0 0
291 107 0 0
401 106 0 0
400 106 0 0
399 106 0 0
398 106 0 0
397 106 0 0
396 106 0 0
395 106 0 0
394 106 0 0
393 106 0 0
392 106 0 0
391 106 0 0
390 106 0 0
389 106 0 0
307 106 0 0
306 106 0 0
305 106 0 0
304 106 0 0
303 106 0 0
302 106 0 0
301 106 0 0
300 106 0 0
299 106 0 0
298 106 0 0
297 106 0 0
296 106 0 0
295 106 0 0
294 106 0 0
399 105 0 0
398 105 0 0
397 105 0 0
396 105 0 0
395 105 0 0
394 105 0 0
393 105 0 0
392 105 0 0
391 105 0 0
390 105 0 0
389 105 0 0
388 105 0 0
387 105 0 0
310 105 0 0
309 105 0 0
308 105 0 0
307 105 0 0
306 105 0 0
305 105 0 0
304 105 0 0
303 105 0 0
302 105 0 0
301 105 0 0
300 105 0 0
299 105 0 0
298 105 0 0
297 105 0 0
397 104 0 0
396 104 0 0
395 104 0 0
394 104 0 0
393 104 0 0
392 104 0 0
391 104 0 0
390 104 0 0
389 104 0 0
388 104 0 0
387 104 0 0
386 104 0 0
385 104 0 0
384 104 0 0
313 104 0 0
312 104 0 0
311 104 0 0
310 104 0 0
309 104 0 0
308 104 0 0
307 104 0 0
306 104 0 0
305 104 0 0
304 104 0 0
303 104 0 0
302 104 0 0
301 104 0 0
300 104 0 0
394 103 0 0
393 103 0 0
392 103 0 0
391 103 0 0
390 103 0 0
389 103 0 0
388 103 0 0
387 103 0 0
386 103 0 0
385 103 0 0
384 103 0 0
383 103 0 0
382 103 0 0
381 103 0 0
316 103 0 0
315 103 0 0
314 103 0 0
313 103 0 0
312 103 0 0
311 103 0 0
310 103 0 0
309 103 0 0
308 103 0 0
307 103 0 0
306 103 0 0
305 103 0 0
304 103 0 0
303 103 0 0
302 103 0 0
392 102 0 0
391 102 0 0
390 102 0 0
389 102 0 0
388 102 0 0
387 102 0 0
386 102 0 0
385 102 0 0
384 102 0 0
383 102 0 0
382 102 0 0
381 102 0 0
380 102 0 0
319 102 0 0
318 102 0 0
317 102 0 0
316 102 0 0
315 102 0 0
314 102 0 0
313 102 0 0
312 102 0 0
311 102 0 0
310 102 0 0
309 102 0 0
308 102 0 0
307 102 0 0
306 102 0 0
305 102 0 0
304 102 0 0
390 101 0 0
389 101 0 0
388 101 0 0
387 101 0 0
386 101 0 0
385 101 0 0
384 101 0 0
383 101 0 0
382 101 0 0
381 101 0 0
380 101 0 0
379 101 0 0
378 101 0 0
322 101 0 0
321 101 0 0
320 101 0 0
319 101 0 0
318 101 0 0
317 101 0 0
316 101 0 0
315 101 0 0
314 101 0 0
313 101 0 0
312 101 0 0
311 101 0 0
310 101 0 0
309 101 0 0
308 101 0 0
307 101 0 0
306 101 0 0
387 100 0 0
386 100 0 0
385 100 0 0
384 100 0 0
383 100 0 0
382 100 0 0
381 100 0 0
380 100 0 0
379 100 0 0
378 100 0 0
377 100 0 0
376 100 0 0
325 100 0 0
324 100 0 0
323 100 0 0
322 100 0 0
321 100 0 0
320 100 0 0
319 100 0 0
318 100 0 0
317 100 0 0
316 100 0 0
315 100 0 0
314 100 0 0
313 100 0 0
312 100 0 0
311 100 0 0
310 100 0 0
309 100 0 0
384 99 0 0
383 99 0 0
382 99 0 0
381 99 0 0
380 99 0 0
379 99 0 0
378 99 0 0
377 99 0 0
376 99 0 0
375 99 0 0
374 99 0 0
373 99 0 0
327 99 0 0
326 99 0 0
325 99 0 0
324 99 0 0
323 99 0 0
322 99 0 0
321 99 0 0
320 99 0 0
319 99 0 0
318 99 0 0
317 99 0 0
316 99 0 0
315 99 0 0
314 99 0 0
313 99 0 0
312 99 0 0
382 98 0 0
381 98 0 0
380 98 0 0
379 98 0 0
378 98 0 0
377 98 0 0
376 98 0 0
375 98 0 0
374 98 0 0
373 98 0 0
372 98 0 0
371 98 0 0
370 98 0 0
329 98 0 0
328 98 0 0
327 98 0 0
326 98 0 0
325 98 0 0
324 98 0 0
323 98 0 0
322 98 0 0
321 98 0 0
320 98 0 0
319 98 0 0
318 98 0 0
317 98 0 0
316 98 0 0
315 98 0 0
380 97 0 0
379 97 0 0
378 97 0 0
377 97 0 0
376 97 0 0
375 97 0 0
374 97 0 0
373 97 0 0
372 97 0 0
371 97 0 0
370 97 0 0
369 97 0 0
368 97 0 0
367 97 0 0
331 97 0 0
330 97 0 0
329 97 0 0
328 97 0 0
327 97 0 0
326 97 0 0
325 97 0 0
324 97 0 0
323 97 0 0
322 97 0 0
321 97 0 0
320 97 0 0
319 97 0 0
318 97 0 0
379 96 0 0
378 96 0 0
377 96 0 0
376 96 0 0
375 96 0 0
374 96 0 0
373 96 0 0
372 96 0 0
371 96 0 0
370 96 0 0
369 96 0 0
368 96 0 0
367 96 0 0
366 96 0 0
365 96 0 0
364 96 0 0
363 96 0 0
335 96 0 0
334 96 0 0
333 96 0 0
332 96 0 0
331 96 0 0
330 96 0 0
329 96 0 0
328 96 0 0
327 96 0 0
326 96 0 0
325 96 0 0
324 96 0 0
323 96 0 0
322 96 0 0
321 96 0 0
376 95 0 0
375 95 0 0
374 95 0 0
373 95 0 0
372 95 0 0
371 95 0 0
370 95 0 0
369 95 0 0
368 95 0 0
367 95 0 0
366 95 0 0
365 95 0 0
364 95 0 0
363 95 0 0
362 95 0 0
361 95 0 0
360 95 0 0
359 95 0 0
358 95 0 0
357 95 0 0
356 95 0 0
355 95 0 0
354 95 0 0
353 95 0 0
352 95 0 0
351 95 0 0
350 95 0 0
349 95 0 0
348 95 0 0
347 95 0 0
346 95 0 0
345 95 0 0
344 95 0 0
343 95 0 0
342 95 0 0
341 95 0 0
340 95 0 0
339 95 0 0
338 95 0 0
337 95 0 0
336 95 0 0
335 95 0 0
334 95 0 0
333 95 0 0
332 95 0 0
331 95 0 0
330 95 0 0
329 95 0 0
328 95 0 0
327 95 0 0
326 95 0 0
325 95 0 0
324 95 0 0
373 94 0 0
372 94 0 0
371 94 0 0
370 94 0 0
369 94 0 0
368 94 0 0
367 94 0 0
366 94 0 0
365 94 0 0
364 94 0 0
363 94 0 0
362 94 0 0
361 94 0 0
360 94 0 0
359 94 0 0
358 94 0 0
357 94 0 0
356 94 0 0
355 94 0 0
354 94 0 0
353 94 0 0
352 94 0 0
351 94 0 0
350 94 0 0
349 94 0 0
348 94 0 0
347 94 0 0
346 94 0 0
345 94 0 0
344 94 0 0
343 94 0 0
342 94 0 0
341 94 0 0
340 94 0 0
339 94 0 0
338 94 0 0
337 94 0 0
336 94 0 0
335 94 0 0
334 94 0 0
333 94 0 0
332 94 0 0
331 94 0 0
330 94 0 0
329 94 0 0
328 94 0 0
327 94 0 0
326 94 0 0
371 93 0 0
370 93 0 0
369 93 0 0
368 93 0 0
367 93 0 0
366 93 0 0
365 93 0 0
364 93 0 0
363 93 0 0
362 93 0 0
361 93 0 0
360 93 0 0
359 93 0 0
358 93 0 0
357 93 0 0
356 93 0 0
355 93 0 0
354 93 0 0
353 93 0 0
352 93 0 0
351 93 0 0
350 93 0 0
349 93 0 0
348 93 0 0
347 93 0 0
346 93 0 0
345 93 0 0
344 93 0 0
343 93 0 0
342 93 0 0
341 93 0 0
340 93 0 0
339 93 0 0
338 93 0 0
337 93 0 0
336 93 0 0
335 93 0 0
334 93 0 0
333 93 0 0
332 93 0 0
331 93 0 0
330 93 0 0
329 93 0 0
328 93 0 0
367 92 0 0
366 92 0 0
365 92 0 0
364 92 0 0
363 92 0 0
362 92 0 0
361 92 0 0
360 92 0 0
359 92 0 0
358 92 0 0
357 92 0 0
356 92 0 0
355 92 0 0
354 92 0 0
353 92 0 0
352 92 0 0
351 92 0 0
350 92 0 0
349 92 0 0
348 92 0 0
347 92 0 0
346 92 0 0
345 92 0 0
344 92 0 0
343 92 0 0
342 92 0 0
341 92 0 0
340 92 0 0
339 92 0 0
338 92 0 0
337 92 0 0
336 92 0 0
335 92 0 0
334 92 0 0
333 92 0 0
332 92 0 0
331 92 0 0
330 92 0 0
