6304 640 480
285 452 0 0
284 452 0 0
283 452 0 0
282 452 0 0
285 451 0 0
284 451 0 0
283 451 0 0
282 451 0 0
285 450 0 0
284 450 0 0
283 450 0 0
282 450 0 0
285 449 0 0
284 449 0 0
283 449 0 0
282 449 0 0
285 448 0 0
284 448 0 0
283 448 0 0
282 448 0 0
285 447 0 0
284 447 0 0
283 447 0 0
282 447 0 0
285 446 0 0
284 446 0 0
283 446 0 0
282 446 0 0
281 446 0 0
285 445 0 0
284 445 0 0
283 445 0 0
282 445 0 0
281 445 0 0
280 445 0 0
285 444 0 0
284 444 0 0
283 444 0 0
282 444 0 0
281 444 0 0
280 444 0 0
284 443 0 0
283 443 0 0
282 443 0 0
281 443 0 0
280 443 0 0
284 442 0 0
283 442 0 0
282 442 0 0
281 442 0 0
280 442 0 0
279 442 0 0
283 441 0 0
282 441 0 0
281 441 0 0
280 441 0 0
279 441 0 0
283 440 0 0
282 440 0 0
281 440 0 0
280 440 0 0
279 440 0 0
278 440 0 0
283 439 0 0
282 439 0 0
281 439 0 0
280 439 0 0
279 439 0 0
278 439 0 0
282 438 0 0
281 438 0 0
280 438 0 0
279 438 0 0
278 438 0 0
282 437 0 0
281 437 0 0
280 437 0 0
279 437 0 0
278 437 0 0
282 436 0 0
281 436 0 0
280 436 0 0
279 436 0 0
278 436 0 0
277 436 0 0
282 435 0 0
281 435 0 0
280 435 0 0
279 435 0 0
278 435 0 0
277 435 0 0
281 434 0 0
280 434 0 0
279 434 0 0
278 434 0 0
277 434 0 0
281 433 0 0
280 433 0 0
279 433 0 0
278 433 0 0
277 433 0 0
281 432 0 0
280 432 0 0
279 432 0 0
278 432 0 0
277 432 0 0
276 432 0 0
281 431 0 0
280 431 0 0
279 431 0 0
278 431 0 0
277 431 0 0
276 431 0 0
385 430 0 1
384 430 0 1
383 430 0 1
382 430 0 1
280 430 0 0
279 430 0 0
278 430 0 0
277 430 0 0
276 430 0 0
275 430 0 0
385 429 0 1
384 429 0 1
383 429 0 1
382 429 0 1
280 429 0 0
279 429 0 0
278 429 0 0
277 429 0 0
276 429 0 0
275 429 0 0
386 428 0 1
385 428 0 1
384 428 0 1
383 428 0 1
382 428 0 1
279 428 0 0
278 428 0 0
277 428 0 0
276 428 0 0
275 428 0 0
387 427 0 1
386 427 0 1
385 427 0 1
384 427 0 1
383 427 0 1
382 427 0 1
279 427 0 0
278 427 0 0
277 427 0 0
276 427 0 0
275 427 0 0
388 426 0 1
387 426 0 1
386 426 0 1
385 426 0 1
384 426 0 1
383 426 0 1
382 426 0 1
278 426 0 0
277 426 0 0
276 426 0 0
275 426 0 0
274 426 0 0
388 425 0 1
387 425 0 1
386 425 0 1
385 425 0 1
384 425 0 1
383 425 0 1
278 425 0 0
277 425 0 0
276 425 0 0
275 425 0 0
274 425 0 0
388 424 0 1
387 424 0 1
386 424 0 1
385 424 0 1
384 424 0 1
278 424 0 0
277 424 0 0
276 424 0 0
275 424 0 0
274 424 0 0
388 423 0 1
387 423 0 1
386 423 0 1
385 423 0 1
384 423 0 1
278 423 0 0
277 423 0 0
276 423 0 0
275 423 0 0
274 423 0 0
388 422 0 1
387 422 0 1
386 422 0 1
385 422 0 1
278 422 0 0
277 422 0 0
276 422 0 0
275 422 0 0
274 422 0 0
273 422 0 0
388 421 0 1
387 421 0 1
386 421 0 1
385 421 0 1
277 421 0 0
276 421 0 0
275 421 0 0
274 421 0 0
273 421 0 0
388 420 0 1
387 420 0 1
386 420 0 1
385 420 0 1
277 420 0 0
276 420 0 0
275 420 0 0
274 420 0 0
273 420 0 0
272 420 0 0
389 419 0 1
388 419 0 1
387 419 0 1
386 419 0 1
385 419 0 1
277 419 0 0
276 419 0 0
275 419 0 0
274 419 0 0
273 419 0 0
272 419 0 0
389 418 0 1
388 418 0 1
387 418 0 1
386 418 0 1
385 418 0 1
276 418 0 0
275 418 0 0
274 418 0 0
273 418 0 0
272 418 0 0
271 418 0 0
389 417 0 1
388 417 0 1
387 417 0 1
386 417 0 1
385 417 0 1
276 417 0 0
275 417 0 0
274 417 0 0
273 417 0 0
272 417 0 0
271 417 0 0
389 416 0 1
388 416 0 1
387 416 0 1
386 416 0 1
385 416 0 1
275 416 0 0
274 416 0 0
273 416 0 0
272 416 0 0
271 416 0 0
389 415 0 1
388 415 0 1
387 415 0 1
386 415 0 1
385 415 0 1
275 415 0 0
274 415 0 0
273 415 0 0
272 415 0 0
271 415 0 0
389 414 0 1
388 414 0 1
387 414 0 1
386 414 0 1
275 414 0 0
274 414 0 0
273 414 0 0
272 414 0 0
271 414 0 0
389 413 0 1
388 413 0 1
387 413 0 1
386 413 0 1
274 413 0 0
273 413 0 0
272 413 0 0
271 413 0 0
389 412 0 1
388 412 0 1
387 412 0 1
386 412 0 1
274 412 0 0
273 412 0 0
272 412 0 0
271 412 0 0
270 412 0 0
389 411 0 1
388 411 0 1
387 411 0 1
386 411 0 1
274 411 0 0
273 411 0 0
272 411 0 0
271 411 0 0
270 411 0 0
389 410 0 1
388 410 0 1
387 410 0 1
386 410 0 1
274 410 0 0
273 410 0 0
272 410 0 0
271 410 0 0
270 410 0 0
269 410 0 0
389 409 0 1
388 409 0 1
387 409 0 1
386 409 0 1
274 409 0 0
273 409 0 0
272 409 0 0
271 409 0 0
270 409 0 0
269 409 0 0
389 408 0 1
388 408 0 1
387 408 0 1
386 408 0 1
298 408 0 1
297 408 0 1
296 408 0 1
295 408 0 1
273 408 0 0
272 408 0 0
271 408 0 0
270 408 0 0
269 408 0 0
268 408 0 0
389 407 0 1
388 407 0 1
387 407 0 1
386 407 0 1
298 407 0 1
297 407 0 1
296 407 0 1
295 407 0 1
273 407 0 0
272 407 0 0
271 407 0 0
270 407 0 0
269 407 0 0
268 407 0 0
389 406 0 1
388 406 0 1
387 406 0 1
386 406 0 1
298 406 0 1
297 406 0 1
296 406 0 1
295 406 0 1
272 406 0 0
271 406 0 0
270 406 0 0
269 406 0 0
268 406 0 0
267 406 0 0
389 405 0 1
388 405 0 1
387 405 0 1
386 405 0 1
298 405 0 1
297 405 0 1
296 405 0 1
295 405 0 1
272 405 0 0
271 405 0 0
270 405 0 0
269 405 0 0
268 405 0 0
267 405 0 0
389 404 0 1
388 404 0 1
387 404 0 1
386 404 0 1
298 404 0 1
297 404 0 1
296 404 0 1
295 404 0 1
271 404 0 0
270 404 0 0
269 404 0 0
268 404 0 0
267 404 0 0
266 404 0 0
437 403 0 0
436 403 0 0
435 403 0 0
434 403 0 0
389 403 0 1
388 403 0 1
387 403 0 1
386 403 0 1
298 403 0 1
297 403 0 1
296 403 0 1
295 403 0 1
271 403 0 0
270 403 0 0
269 403 0 0
268 403 0 0
267 403 0 0
266 403 0 0
437 402 0 0
436 402 0 0
435 402 0 0
434 402 0 0
389 402 0 1
388 402 0 1
387 402 0 1
386 402 0 1
298 402 0 1
297 402 0 1
296 402 0 1
295 402 0 1
270 402 0 0
269 402 0 0
268 402 0 0
267 402 0 0
266 402 0 0
437 401 0 0
436 401 0 0
435 401 0 0
434 401 0 0
389 401 0 1
388 401 0 1
387 401 0 1
386 401 0 1
298 401 0 1
297 401 0 1
296 401 0 1
295 401 0 1
270 401 0 0
269 401 0 0
268 401 0 0
267 401 0 0
266 401 0 0
265 401 0 0
437 400 0 0
436 400 0 0
435 400 0 0
434 400 0 0
389 400 0 1
388 400 0 1
387 400 0 1
386 400 0 1
298 400 0 1
297 400 0 1
296 400 0 1
295 400 0 1
270 400 0 0
269 400 0 0
268 400 0 0
267 400 0 0
266 400 0 0
265 400 0 0
437 399 0 0
436 399 0 0
435 399 0 0
434 399 0 0
389 399 0 1
388 399 0 1
387 399 0 1
386 399 0 1
298 399 0 1
297 399 0 1
296 399 0 1
295 399 0 1
269 399 0 0
268 399 0 0
267 399 0 0
266 399 0 0
265 399 0 0
437 398 0 0
436 398 0 0
435 398 0 0
434 398 0 0
389 398 0 1
388 398 0 1
387 398 0 1
386 398 0 1
298 398 0 1
297 398 0 1
296 398 0 1
295 398 0 1
269 398 0 0
268 398 0 0
267 398 0 0
266 398 0 0
265 398 0 0
437 397 0 0
436 397 0 0
435 397 0 0
434 397 0 0
389 397 0 1
388 397 0 1
387 397 0 1
386 397 0 1
298 397 0 1
297 397 0 1
296 397 0 1
295 397 0 1
269 397 0 0
268 397 0 0
267 397 0 0
266 397 0 0
265 397 0 0
437 396 0 0
436 396 0 0
435 396 0 0
434 396 0 0
389 396 0 1
388 396 0 1
387 396 0 1
386 396 0 1
298 396 0 1
297 396 0 1
296 396 0 1
295 396 0 1
268 396 0 0
267 396 0 0
266 396 0 0
265 396 0 0
437 395 0 0
436 395 0 0
435 395 0 0
434 395 0 0
389 395 0 1
388 395 0 1
387 395 0 1
386 395 0 1
298 395 0 1
297 395 0 1
296 395 0 1
295 395 0 1
268 395 0 0
267 395 0 0
266 395 0 0
265 395 0 0
264 395 0 0
437 394 0 0
436 394 0 0
435 394 0 0
434 394 0 0
389 394 0 1
388 394 0 1
387 394 0 1
386 394 0 1
298 394 0 1
297 394 0 1
296 394 0 1
295 394 0 1
268 394 0 0
267 394 0 0
266 394 0 0
265 394 0 0
264 394 0 0
437 393 0 0
436 393 0 0
435 393 0 0
434 393 0 0
389 393 0 1
388 393 0 1
387 393 0 1
386 393 0 1
298 393 0 1
297 393 0 1
296 393 0 1
295 393 0 1
268 393 0 0
267 393 0 0
266 393 0 0
265 393 0 0
264 393 0 0
437 392 0 0
436 392 0 0
435 392 0 0
434 392 0 0
389 392 0 1
388 392 0 1
387 392 0 1
386 392 0 1
298 392 0 1
297 392 0 1
296 392 0 1
295 392 0 1
268 392 0 0
267 392 0 0
266 392 0 0
265 392 0 0
264 392 0 0
437 391 0 0
436 391 0 0
435 391 0 0
434 391 0 0
389 391 0 1
388 391 0 1
387 391 0 1
386 391 0 1
298 391 0 1
297 391 0 1
296 391 0 1
295 391 0 1
268 391 0 0
267 391 0 0
266 391 0 0
265 391 0 0
264 391 0 0
437 390 0 0
436 390 0 0
435 390 0 0
434 390 0 0
389 390 0 1
388 390 0 1
387 390 0 1
386 390 0 1
298 390 0 1
297 390 0 1
296 390 0 1
295 390 0 1
267 390 0 0
266 390 0 0
265 390 0 0
264 390 0 0
437 389 0 0
436 389 0 0
435 389 0 0
434 389 0 0
389 389 0 1
388 389 0 1
387 389 0 1
386 389 0 1
298 389 0 1
297 389 0 1
296 389 0 1
295 389 0 1
267 389 0 0
266 389 0 0
265 389 0 0
264 389 0 0
437 388 0 0
436 388 0 0
435 388 0 0
434 388 0 0
389 388 0 1
388 388 0 1
387 388 0 1
386 388 0 1
298 388 0 1
297 388 0 1
296 388 0 1
295 388 0 1
267 388 0 0
266 388 0 0
265 388 0 0
264 388 0 0
437 387 0 0
436 387 0 0
435 387 0 0
434 387 0 0
389 387 0 1
388 387 0 1
387 387 0 1
386 387 0 1
298 387 0 1
297 387 0 1
296 387 0 1
295 387 0 1
267 387 0 0
266 387 0 0
265 387 0 0
264 387 0 0
437 386 0 0
436 386 0 0
435 386 0 0
434 386 0 0
389 386 0 1
388 386 0 1
387 386 0 1
386 386 0 1
298 386 0 1
297 386 0 1
296 386 0 1
295 386 0 1
267 386 0 0
266 386 0 0
265 386 0 0
264 386 0 0
263 386 0 0
437 385 0 0
436 385 0 0
435 385 0 0
434 385 0 0
389 385 0 1
388 385 0 1
387 385 0 1
386 385 0 1
298 385 0 1
297 385 0 1
296 385 0 1
295 385 0 1
267 385 0 0
266 385 0 0
265 385 0 0
264 385 0 0
263 385 0 0
437 384 0 0
436 384 0 0
435 384 0 0
434 384 0 0
389 384 0 1
388 384 0 1
387 384 0 1
386 384 0 1
298 384 0 1
297 384 0 1
296 384 0 1
295 384 0 1
267 384 0 0
266 384 0 0
265 384 0 0
264 384 0 0
263 384 0 0
437 383 0 0
436 383 0 0
435 383 0 0
434 383 0 0
389 383 0 1
388 383 0 1
387 383 0 1
386 383 0 1
298 383 0 1
297 383 0 1
296 383 0 1
295 383 0 1
267 383 0 0
266 383 0 0
265 383 0 0
264 383 0 0
263 383 0 0
437 382 0 0
436 382 0 0
435 382 0 0
434 382 0 0
389 382 0 1
388 382 0 1
387 382 0 1
386 382 0 1
298 382 0 1
297 382 0 1
296 382 0 1
295 382 0 1
267 382 0 0
266 382 0 0
265 382 0 0
264 382 0 0
263 382 0 0
437 381 0 0
436 381 0 0
435 381 0 0
434 381 0 0
389 381 0 1
388 381 0 1
387 381 0 1
386 381 0 1
298 381 0 1
297 381 0 1
296 381 0 1
295 381 0 1
266 381 0 0
265 381 0 0
264 381 0 0
263 381 0 0
262 381 0 0
437 380 0 0
436 380 0 0
435 380 0 0
434 380 0 0
389 380 0 1
388 380 0 1
387 380 0 1
386 380 0 1
298 380 0 1
297 380 0 1
296 380 0 1
295 380 0 1
266 380 0 0
265 380 0 0
264 380 0 0
263 380 0 0
262 380 0 0
437 379 0 0
436 379 0 0
435 379 0 0
434 379 0 0
389 379 0 1
388 379 0 1
387 379 0 1
386 379 0 1
298 379 0 1
297 379 0 1
296 379 0 1
295 379 0 1
266 379 0 0
265 379 0 0
264 379 0 0
263 379 0 0
262 379 0 0
261 379 0 0
437 378 0 0
436 378 0 0
435 378 0 0
434 378 0 0
389 378 0 1
388 378 0 1
387 378 0 1
386 378 0 1
298 378 0 1
297 378 0 1
296 378 0 1
295 378 0 1
265 378 0 0
264 378 0 0
263 378 0 0
262 378 0 0
261 378 0 0
437 377 0 0
436 377 0 0
435 377 0 0
434 377 0 0
389 377 0 1
388 377 0 1
387 377 0 1
386 377 0 1
298 377 0 1
297 377 0 1
296 377 0 1
295 377 0 1
265 377 0 0
264 377 0 0
263 377 0 0
262 377 0 0
261 377 0 0
437 376 0 0
436 376 0 0
435 376 0 0
434 376 0 0
389 376 0 1
388 376 0 1
387 376 0 1
386 376 0 1
298 376 0 1
297 376 0 1
296 376 0 1
295 376 0 1
265 376 0 0
264 376 0 0
263 376 0 0
262 376 0 0
261 376 0 0
437 375 0 0
436 375 0 0
435 375 0 0
434 375 0 0
389 375 0 1
388 375 0 1
387 375 0 1
386 375 0 1
298 375 0 1
297 375 0 1
296 375 0 1
295 375 0 1
265 375 0 0
264 375 0 0
263 375 0 0
262 375 0 0
261 375 0 0
260 375 0 0
437 374 0 0
436 374 0 0
435 374 0 0
434 374 0 0
389 374 0 1
388 374 0 1
387 374 0 1
386 374 0 1
298 374 0 1
297 374 0 1
296 374 0 1
295 374 0 1
265 374 0 0
264 374 0 0
263 374 0 0
262 374 0 0
261 374 0 0
260 374 0 0
437 373 0 0
436 373 0 0
435 373 0 0
434 373 0 0
389 373 0 1
388 373 0 1
387 373 0 1
386 373 0 1
298 373 0 1
297 373 0 1
296 373 0 1
295 373 0 1
264 373 0 0
263 373 0 0
262 373 0 0
261 373 0 0
260 373 0 0
437 372 0 0
436 372 0 0
435 372 0 0
434 372 0 0
389 372 0 1
388 372 0 1
387 372 0 1
386 372 0 1
298 372 0 1
297 372 0 1
296 372 0 1
295 372 0 1
264 372 0 0
263 372 0 0
262 372 0 0
261 372 0 0
260 372 0 0
259 372 0 0
437 371 0 0
436 371 0 0
435 371 0 0
434 371 0 0
389 371 0 1
388 371 0 1
387 371 0 1
386 371 0 1
298 371 0 1
297 371 0 1
296 371 0 1
295 371 0 1
264 371 0 0
263 371 0 0
262 371 0 0
261 371 0 0
260 371 0 0
259 371 0 0
258 371 0 0
437 370 0 0
436 370 0 0
435 370 0 0
434 370 0 0
389 370 0 1
388 370 0 1
387 370 0 1
386 370 0 1
298 370 0 1
297 370 0 1
296 370 0 1
295 370 0 1
263 370 0 0
262 370 0 0
261 370 0 0
260 370 0 0
259 370 0 0
258 370 0 0
437 369 0 0
436 369 0 0
435 369 0 0
434 369 0 0
389 369 0 1
388 369 0 1
387 369 0 1
386 369 0 1
298 369 0 1
297 369 0 1
296 369 0 1
295 369 0 1
262 369 0 0
261 369 0 0
260 369 0 0
259 369 0 0
258 369 0 0
437 368 0 0
436 368 0 0
435 368 0 0
434 368 0 0
389 368 0 1
388 368 0 1
387 368 0 1
386 368 0 1
298 368 0 1
297 368 0 1
296 368 0 1
295 368 0 1
261 368 0 0
260 368 0 0
259 368 0 0
258 368 0 0
437 367 0 0
436 367 0 0
435 367 0 0
434 367 0 0
389 367 0 1
388 367 0 1
387 367 0 1
386 367 0 1
298 367 0 1
297 367 0 1
296 367 0 1
295 367 0 1
261 367 0 0
260 367 0 0
259 367 0 0
258 367 0 0
437 366 0 0
436 366 0 0
435 366 0 0
434 366 0 0
389 366 0 1
388 366 0 1
387 366 0 1
386 366 0 1
298 366 0 1
297 366 0 1
296 366 0 1
295 366 0 1
261 366 0 0
260 366 0 0
259 366 0 0
258 366 0 0
257 366 0 0
437 365 0 0
436 365 0 0
435 365 0 0
434 365 0 0
389 365 0 1
388 365 0 1
387 365 0 1
386 365 0 1
298 365 0 1
297 365 0 1
296 365 0 1
295 365 0 1
261 365 0 0
260 365 0 0
259 365 0 0
258 365 0 0
257 365 0 0
437 364 0 0
436 364 0 0
435 364 0 0
434 364 0 0
389 364 0 1
388 364 0 1
387 364 0 1
386 364 0 1
298 364 0 1
297 364 0 1
296 364 0 1
295 364 0 1
261 364 0 0
260 364 0 0
259 364 0 0
258 364 0 0
257 364 0 0
437 363 0 0
436 363 0 0
435 363 0 0
434 363 0 0
389 363 0 1
388 363 0 1
387 363 0 1
386 363 0 1
298 363 0 1
297 363 0 1
296 363 0 1
295 363 0 1
261 363 0 0
260 363 0 0
259 363 0 0
258 363 0 0
257 363 0 0
256 363 0 0
437 362 0 0
436 362 0 0
435 362 0 0
434 362 0 0
389 362 0 1
388 362 0 1
387 362 0 1
386 362 0 1
298 362 0 1
297 362 0 1
296 362 0 1
295 362 0 1
261 362 0 0
260 362 0 0
259 362 0 0
258 362 0 0
257 362 0 0
256 362 0 0
437 361 0 0
436 361 0 0
435 361 0 0
434 361 0 0
389 361 0 1
388 361 0 1
387 361 0 1
386 361 0 1
298 361 0 1
297 361 0 1
296 361 0 1
295 361 0 1
260 361 0 0
259 361 0 0
258 361 0 0
257 361 0 0
256 361 0 0
255 361 0 0
437 360 0 0
436 360 0 0
435 360 0 0
434 360 0 0
389 360 0 1
388 360 0 1
387 360 0 1
386 360 0 1
298 360 0 1
297 360 0 1
296 360 0 1
295 360 0 1
259 360 0 0
258 360 0 0
257 360 0 0
256 360 0 0
255 360 0 0
254 360 0 0
437 359 0 0
436 359 0 0
435 359 0 0
434 359 0 0
389 359 0 1
388 359 0 1
387 359 0 1
386 359 0 1
385 359 0 1
298 359 0 1
297 359 0 1
296 359 0 1
295 359 0 1
259 359 0 0
258 359 0 0
257 359 0 0
256 359 0 0
255 359 0 0
254 359 0 0
437 358 0 0
436 358 0 0
435 358 0 0
434 358 0 0
389 358 0 1
388 358 0 1
387 358 0 1
386 358 0 1
385 358 0 1
298 358 0 1
297 358 0 1
296 358 0 1
295 358 0 1
258 358 0 0
257 358 0 0
256 358 0 0
255 358 0 0
254 358 0 0
437 357 0 0
436 357 0 0
435 357 0 0
434 357 0 0
389 357 0 1
388 357 0 1
387 357 0 1
386 357 0 1
385 357 0 1
298 357 0 1
297 357 0 1
296 357 0 1
295 357 0 1
258 357 0 0
257 357 0 0
256 357 0 0
255 357 0 0
254 357 0 0
253 357 0 0
437 356 0 0
436 356 0 0
435 356 0 0
434 356 0 0
389 356 0 1
388 356 0 1
387 356 0 1
386 356 0 1
385 356 0 1
298 356 0 1
297 356 0 1
296 356 0 1
295 356 0 1
258 356 0 0
257 356 0 0
256 356 0 0
255 356 0 0
254 356 0 0
253 356 0 0
437 355 0 0
436 355 0 0
435 355 0 0
434 355 0 0
389 355 0 1
388 355 0 1
387 355 0 1
386 355 0 1
385 355 0 1
298 355 0 1
297 355 0 1
296 355 0 1
295 355 0 1
257 355 0 0
256 355 0 0
255 355 0 0
254 355 0 0
253 355 0 0
437 354 0 0
436 354 0 0
435 354 0 0
434 354 0 0
389 354 0 1
388 354 0 1
387 354 0 1
386 354 0 1
385 354 0 1
298 354 0 1
297 354 0 1
296 354 0 1
295 354 0 1
257 354 0 0
256 354 0 0
255 354 0 0
254 354 0 0
253 354 0 0
437 353 0 0
436 353 0 0
435 353 0 0
434 353 0 0
389 353 0 1
388 353 0 1
387 353 0 1
386 353 0 1
385 353 0 1
298 353 0 1
297 353 0 1
296 353 0 1
295 353 0 1
257 353 0 0
256 353 0 0
255 353 0 0
254 353 0 0
253 353 0 0
252 353 0 0
437 352 0 0
436 352 0 0
435 352 0 0
434 352 0 0
388 352 0 1
387 352 0 1
386 352 0 1
385 352 0 1
298 352 0 1
297 352 0 1
296 352 0 1
295 352 0 1
257 352 0 0
256 352 0 0
255 352 0 0
254 352 0 0
253 352 0 0
252 352 0 0
437 351 0 0
436 351 0 0
435 351 0 0
434 351 0 0
388 351 0 1
387 351 0 1
386 351 0 1
385 351 0 1
298 351 0 1
297 351 0 1
296 351 0 1
295 351 0 1
256 351 0 0
255 351 0 0
254 351 0 0
253 351 0 0
252 351 0 0
251 351 0 0
437 350 0 0
436 350 0 0
435 350 0 0
434 350 0 0
388 350 0 1
387 350 0 1
386 350 0 1
385 350 0 1
384 350 0 1
298 350 0 1
297 350 0 1
296 350 0 1
295 350 0 1
256 350 0 0
255 350 0 0
254 350 0 0
253 350 0 0
252 350 0 0
251 350 0 0
437 349 0 0
436 349 0 0
435 349 0 0
434 349 0 0
388 349 0 1
387 349 0 1
386 349 0 1
385 349 0 1
384 349 0 1
298 349 0 1
297 349 0 1
296 349 0 1
295 349 0 1
255 349 0 0
254 349 0 0
253 349 0 0
252 349 0 0
251 349 0 0
250 349 0 0
437 348 0 0
436 348 0 0
435 348 0 0
434 348 0 0
388 348 0 1
387 348 0 1
386 348 0 1
385 348 0 1
384 348 0 1
298 348 0 1
297 348 0 1
296 348 0 1
295 348 0 1
255 348 0 0
254 348 0 0
253 348 0 0
252 348 0 0
251 348 0 0
250 348 0 0
437 347 0 0
436 347 0 0
435 347 0 0
434 347 0 0
388 347 0 1
387 347 0 1
386 347 0 1
385 347 0 1
384 347 0 1
298 347 0 1
297 347 0 1
296 347 0 1
295 347 0 1
254 347 0 0
253 347 0 0
252 347 0 0
251 347 0 0
250 347 0 0
437 346 0 0
436 346 0 0
435 346 0 0
434 346 0 0
388 346 0 1
387 346 0 1
386 346 0 1
385 346 0 1
384 346 0 1
383 346 0 1
298 346 0 1
297 346 0 1
296 346 0 1
295 346 0 1
254 346 0 0
253 346 0 0
252 346 0 0
251 346 0 0
250 346 0 0
249 346 0 0
437 345 0 0
436 345 0 0
435 345 0 0
434 345 0 0
387 345 0 1
386 345 0 1
385 345 0 1
384 345 0 1
383 345 0 1
298 345 0 1
297 345 0 1
296 345 0 1
295 345 0 1
253 345 0 0
252 345 0 0
251 345 0 0
250 345 0 0
249 345 0 0
437 344 0 0
436 344 0 0
435 344 0 0
434 344 0 0
387 344 0 1
386 344 0 1
385 344 0 1
384 344 0 1
383 344 0 1
298 344 0 1
297 344 0 1
296 344 0 1
295 344 0 1
253 344 0 0
252 344 0 0
251 344 0 0
250 344 0 0
249 344 0 0
248 344 0 0
437 343 0 0
436 343 0 0
435 343 0 0
434 343 0 0
387 343 0 1
386 343 0 1
385 343 0 1
384 343 0 1
383 343 0 1
382 343 0 1
298 343 0 1
297 343 0 1
296 343 0 1
295 343 0 1
253 343 0 0
252 343 0 0
251 343 0 0
250 343 0 0
249 343 0 0
248 343 0 0
437 342 0 0
436 342 0 0
435 342 0 0
434 342 0 0
387 342 0 1
386 342 0 1
385 342 0 1
384 342 0 1
383 342 0 1
382 342 0 1
298 342 0 1
297 342 0 1
296 342 0 1
295 342 0 1
252 342 0 0
251 342 0 0
250 342 0 0
249 342 0 0
248 342 0 0
437 341 0 0
436 341 0 0
435 341 0 0
434 341 0 0
386 341 0 1
385 341 0 1
384 341 0 1
383 341 0 1
382 341 0 1
298 341 0 1
297 341 0 1
296 341 0 1
295 341 0 1
252 341 0 0
251 341 0 0
250 341 0 0
249 341 0 0
248 341 0 0
247 341 0 0
437 340 0 0
436 340 0 0
435 340 0 0
434 340 0 0
386 340 0 1
385 340 0 1
384 340 0 1
383 340 0 1
382 340 0 1
381 340 0 1
298 340 0 1
297 340 0 1
296 340 0 1
295 340 0 1
251 340 0 0
250 340 0 0
249 340 0 0
248 340 0 0
247 340 0 0
437 339 0 0
436 339 0 0
435 339 0 0
434 339 0 0
386 339 0 1
385 339 0 1
384 339 0 1
383 339 0 1
382 339 0 1
381 339 0 1
298 339 0 1
297 339 0 1
296 339 0 1
295 339 0 1
251 339 0 0
250 339 0 0
249 339 0 0
248 339 0 0
247 339 0 0
437 338 0 0
436 338 0 0
435 338 0 0
434 338 0 0
385 338 0 1
384 338 0 1
383 338 0 1
382 338 0 1
381 338 0 1
298 338 0 1
297 338 0 1
296 338 0 1
295 338 0 1
251 338 0 0
250 338 0 0
249 338 0 0
248 338 0 0
247 338 0 0
246 338 0 0
437 337 0 0
436 337 0 0
435 337 0 0
434 337 0 0
385 337 0 1
384 337 0 1
383 337 0 1
382 337 0 1
381 337 0 1
298 337 0 1
297 337 0 1
296 337 0 1
295 337 0 1
250 337 0 0
249 337 0 0
248 337 0 0
247 337 0 0
246 337 0 0
437 336 0 0
436 336 0 0
435 336 0 0
434 336 0 0
385 336 0 1
384 336 0 1
383 336 0 1
382 336 0 1
381 336 0 1
298 336 0 1
297 336 0 1
296 336 0 1
295 336 0 1
250 336 0 0
249 336 0 0
248 336 0 0
247 336 0 0
246 336 0 0
245 336 0 0
437 335 0 0
436 335 0 0
435 335 0 0
434 335 0 0
385 335 0 1
384 335 0 1
383 335 0 1
382 335 0 1
381 335 0 1
298 335 0 1
297 335 0 1
296 335 0 1
295 335 0 1
250 335 0 0
249 335 0 0
248 335 0 0
247 335 0 0
246 335 0 0
245 335 0 0
437 334 0 0
436 334 0 0
435 334 0 0
434 334 0 0
384 334 0 1
383 334 0 1
382 334 0 1
381 334 0 1
298 334 0 1
297 334 0 1
296 334 0 1
295 334 0 1
249 334 0 0
248 334 0 0
247 334 0 0
246 334 0 0
245 334 0 0
244 334 0 0
437 333 0 0
436 333 0 0
435 333 0 0
434 333 0 0
384 333 0 1
383 333 0 1
382 333 0 1
381 333 0 1
298 333 0 1
297 333 0 1
296 333 0 1
295 333 0 1
248 333 0 0
247 333 0 0
246 333 0 0
245 333 0 0
244 333 0 0
243 333 0 0
437 332 0 0
436 332 0 0
435 332 0 0
434 332 0 0
384 332 0 1
383 332 0 1
382 332 0 1
381 332 0 1
380 332 0 1
298 332 0 1
297 332 0 1
296 332 0 1
295 332 0 1
248 332 0 0
247 332 0 0
246 332 0 0
245 332 0 0
244 332 0 0
243 332 0 0
437 331 0 0
436 331 0 0
435 331 0 0
434 331 0 0
384 331 0 1
383 331 0 1
382 331 0 1
381 331 0 1
380 331 0 1
379 331 0 1
298 331 0 1
297 331 0 1
296 331 0 1
295 331 0 1
247 331 0 0
246 331 0 0
245 331 0 0
244 331 0 0
243 331 0 0
242 331 0 0
437 330 0 0
436 330 0 0
435 330 0 0
434 330 0 0
384 330 0 1
383 330 0 1
382 330 0 1
381 330 0 1
380 330 0 1
379 330 0 1
378 330 0 1
298 330 0 1
297 330 0 1
296 330 0 1
295 330 0 1
246 330 0 0
245 330 0 0
244 330 0 0
243 330 0 0
242 330 0 0
241 330 0 0
437 329 0 0
436 329 0 0
435 329 0 0
434 329 0 0
383 329 0 1
382 329 0 1
381 329 0 1
380 329 0 1
379 329 0 1
378 329 0 1
298 329 0 1
297 329 0 1
296 329 0 1
295 329 0 1
246 329 0 0
245 329 0 0
244 329 0 0
243 329 0 0
242 329 0 0
241 329 0 0
437 328 0 0
436 328 0 0
435 328 0 0
434 328 0 0
382 328 0 1
381 328 0 1
380 328 0 1
379 328 0 1
378 328 0 1
298 328 0 1
297 328 0 1
296 328 0 1
295 328 0 1
245 328 0 0
244 328 0 0
243 328 0 0
242 328 0 0
241 328 0 0
240 328 0 0
437 327 0 0
436 327 0 0
435 327 0 0
434 327 0 0
382 327 0 1
381 327 0 1
380 327 0 1
379 327 0 1
378 327 0 1
377 327 0 1
298 327 0 1
297 327 0 1
296 327 0 1
295 327 0 1
245 327 0 0
244 327 0 0
243 327 0 0
242 327 0 0
241 327 0 0
240 327 0 0
239 327 0 0
437 326 0 0
436 326 0 0
435 326 0 0
434 326 0 0
381 326 0 1
380 326 0 1
379 326 0 1
378 326 0 1
377 326 0 1
298 326 0 1
297 326 0 1
296 326 0 1
295 326 0 1
244 326 0 0
243 326 0 0
242 326 0 0
241 326 0 0
240 326 0 0
239 326 0 0
437 325 0 0
436 325 0 0
435 325 0 0
434 325 0 0
381 325 0 1
380 325 0 1
379 325 0 1
378 325 0 1
377 325 0 1
298 325 0 1
297 325 0 1
296 325 0 1
295 325 0 1
243 325 0 0
242 325 0 0
241 325 0 0
240 325 0 0
239 325 0 0
238 325 0 0
437 324 0 0
436 324 0 0
435 324 0 0
434 324 0 0
381 324 0 1
380 324 0 1
379 324 0 1
378 324 0 1
377 324 0 1
298 324 0 1
297 324 0 1
296 324 0 1
295 324 0 1
243 324 0 0
242 324 0 0
241 324 0 0
240 324 0 0
239 324 0 0
238 324 0 0
437 323 0 0
436 323 0 0
435 323 0 0
434 323 0 0
380 323 0 1
379 323 0 1
378 323 0 1
377 323 0 1
298 323 0 1
297 323 0 1
296 323 0 1
295 323 0 1
242 323 0 0
241 323 0 0
240 323 0 0
239 323 0 0
238 323 0 0
437 322 0 0
436 322 0 0
435 322 0 0
434 322 0 0
380 322 0 1
379 322 0 1
378 322 0 1
377 322 0 1
298 322 0 1
297 322 0 1
296 322 0 1
295 322 0 1
242 322 0 0
241 322 0 0
240 322 0 0
239 322 0 0
238 322 0 0
237 322 0 0
437 321 0 0
436 321 0 0
435 321 0 0
434 321 0 0
380 321 0 1
379 321 0 1
378 321 0 1
377 321 0 1
298 321 0 1
297 321 0 1
296 321 0 1
295 321 0 1
242 321 0 0
241 321 0 0
240 321 0 0
239 321 0 0
238 321 0 0
237 321 0 0
437 320 0 0
436 320 0 0
435 320 0 0
434 320 0 0
380 320 0 1
379 320 0 1
378 320 0 1
377 320 0 1
298 320 0 1
297 320 0 1
296 320 0 1
295 320 0 1
241 320 0 0
240 320 0 0
239 320 0 0
238 320 0 0
237 320 0 0
437 319 0 0
436 319 0 0
435 319 0 0
434 319 0 0
380 319 0 1
379 319 0 1
378 319 0 1
377 319 0 1
298 319 0 1
297 319 0 1
296 319 0 1
295 319 0 1
241 319 0 0
240 319 0 0
239 319 0 0
238 319 0 0
237 319 0 0
236 319 0 0
437 318 0 0
436 318 0 0
435 318 0 0
434 318 0 0
380 318 0 1
379 318 0 1
378 318 0 1
377 318 0 1
298 318 0 1
297 318 0 1
296 318 0 1
295 318 0 1
241 318 0 0
240 318 0 0
239 318 0 0
238 318 0 0
237 318 0 0
236 318 0 0
437 317 0 0
436 317 0 0
435 317 0 0
434 317 0 0
380 317 0 1
379 317 0 1
378 317 0 1
377 317 0 1
298 317 0 1
297 317 0 1
296 317 0 1
295 317 0 1
240 317 0 0
239 317 0 0
238 317 0 0
237 317 0 0
236 317 0 0
438 316 0 0
437 316 0 0
436 316 0 0
435 316 0 0
434 316 0 0
380 316 0 1
379 316 0 1
378 316 0 1
377 316 0 1
298 316 0 1
297 316 0 1
296 316 0 1
295 316 0 1
240 316 0 0
239 316 0 0
238 316 0 0
237 316 0 0
236 316 0 0
235 316 0 0
438 315 0 0
437 315 0 0
436 315 0 0
435 315 0 0
434 315 0 0
380 315 0 1
379 315 0 1
378 315 0 1
377 315 0 1
298 315 0 1
297 315 0 1
296 315 0 1
295 315 0 1
240 315 0 0
239 315 0 0
238 315 0 0
237 315 0 0
236 315 0 0
235 315 0 0
438 314 0 0
437 314 0 0
436 314 0 0
435 314 0 0
434 314 0 0
380 314 0 1
379 314 0 1
378 314 0 1
377 314 0 1
376 314 0 1
298 314 0 1
297 314 0 1
296 314 0 1
295 314 0 1
239 314 0 0
238 314 0 0
237 314 0 0
236 314 0 0
235 314 0 0
438 313 0 0
437 313 0 0
436 313 0 0
435 313 0 0
434 313 0 0
380 313 0 1
379 313 0 1
378 313 0 1
377 313 0 1
376 313 0 1
298 313 0 1
297 313 0 1
296 313 0 1
295 313 0 1
239 313 0 0
238 313 0 0
237 313 0 0
236 313 0 0
235 313 0 0
234 313 0 0
439 312 0 0
438 312 0 0
437 312 0 0
436 312 0 0
435 312 0 0
380 312 0 1
379 312 0 1
378 312 0 1
377 312 0 1
376 312 0 1
298 312 0 1
297 312 0 1
296 312 0 1
295 312 0 1
239 312 0 0
238 312 0 0
237 312 0 0
236 312 0 0
235 312 0 0
234 312 0 0
439 311 0 0
438 311 0 0
437 311 0 0
436 311 0 0
435 311 0 0
380 311 0 1
379 311 0 1
378 311 0 1
377 311 0 1
376 311 0 1
298 311 0 1
297 311 0 1
296 311 0 1
295 311 0 1
238 311 0 0
237 311 0 0
236 311 0 0
235 311 0 0
234 311 0 0
233 311 0 0
440 310 0 0
439 310 0 0
438 310 0 0
437 310 0 0
436 310 0 0
435 310 0 0
380 310 0 1
379 310 0 1
378 310 0 1
377 310 0 1
376 310 0 1
298 310 0 1
297 310 0 1
296 310 0 1
295 310 0 1
238 310 0 0
237 310 0 0
236 310 0 0
235 310 0 0
234 310 0 0
233 310 0 0
440 309 0 0
439 309 0 0
438 309 0 0
437 309 0 0
436 309 0 0
435 309 0 0
380 309 0 1
379 309 0 1
378 309 0 1
377 309 0 1
376 309 0 1
298 309 0 1
297 309 0 1
296 309 0 1
295 309 0 1
237 309 0 0
236 309 0 0
235 309 0 0
234 309 0 0
233 309 0 0
232 309 0 0
440 308 0 0
439 308 0 0
438 308 0 0
437 308 0 0
436 308 0 0
380 308 0 1
379 308 0 1
378 308 0 1
377 308 0 1
376 308 0 1
298 308 0 1
297 308 0 1
296 308 0 1
295 308 0 1
237 308 0 0
236 308 0 0
235 308 0 0
234 308 0 0
233 308 0 0
232 308 0 0
440 307 0 0
439 307 0 0
438 307 0 0
437 307 0 0
436 307 0 0
380 307 0 1
379 307 0 1
378 307 0 1
377 307 0 1
376 307 0 1
298 307 0 1
297 307 0 1
296 307 0 1
295 307 0 1
236 307 0 0
235 307 0 0
234 307 0 0
233 307 0 0
232 307 0 0
441 306 0 0
440 306 0 0
439 306 0 0
438 306 0 0
437 306 0 0
379 306 0 1
378 306 0 1
377 306 0 1
376 306 0 1
298 306 0 1
297 306 0 1
296 306 0 1
295 306 0 1
236 306 0 0
235 306 0 0
234 306 0 0
233 306 0 0
232 306 0 0
441 305 0 0
440 305 0 0
439 305 0 0
438 305 0 0
437 305 0 0
379 305 0 1
378 305 0 1
377 305 0 1
376 305 0 1
298 305 0 1
297 305 0 1
296 305 0 1
295 305 0 1
236 305 0 0
235 305 0 0
234 305 0 0
233 305 0 0
232 305 0 0
231 305 0 0
441 304 0 0
440 304 0 0
439 304 0 0
438 304 0 0
437 304 0 0
379 304 0 1
378 304 0 1
377 304 0 1
376 304 0 1
298 304 0 1
297 304 0 1
296 304 0 1
295 304 0 1
294 304 0 1
236 304 0 0
235 304 0 0
234 304 0 0
233 304 0 0
232 304 0 0
231 304 0 0
442 303 0 0
441 303 0 0
440 303 0 0
439 303 0 0
438 303 0 0
437 303 0 0
379 303 0 1
378 303 0 1
377 303 0 1
376 303 0 1
298 303 0 1
297 303 0 1
296 303 0 1
295 303 0 1
294 303 0 1
235 303 0 0
234 303 0 0
233 303 0 0
232 303 0 0
231 303 0 0
230 303 0 0
442 302 0 0
441 302 0 0
440 302 0 0
439 302 0 0
438 302 0 0
437 302 0 0
379 302 0 1
378 302 0 1
377 302 0 1
376 302 0 1
298 302 0 1
297 302 0 1
296 302 0 1
295 302 0 1
294 302 0 1
234 302 0 0
233 302 0 0
232 302 0 0
231 302 0 0
230 302 0 0
229 302 0 0
442 301 0 0
441 301 0 0
440 301 0 0
439 301 0 0
438 301 0 0
379 301 0 1
378 301 0 1
377 301 0 1
376 301 0 1
298 301 0 1
297 301 0 1
296 301 0 1
295 301 0 1
294 301 0 1
234 301 0 0
233 301 0 0
232 301 0 0
231 301 0 0
230 301 0 0
229 301 0 0
442 300 0 0
441 300 0 0
440 300 0 0
439 300 0 0
438 300 0 0
379 300 0 1
378 300 0 1
377 300 0 1
376 300 0 1
375 300 0 1
298 300 0 1
297 300 0 1
296 300 0 1
295 300 0 1
294 300 0 1
233 300 0 0
232 300 0 0
231 300 0 0
230 300 0 0
229 300 0 0
228 300 0 0
443 299 0 0
442 299 0 0
441 299 0 0
440 299 0 0
439 299 0 0
379 299 0 1
378 299 0 1
377 299 0 1
376 299 0 1
375 299 0 1
298 299 0 1
297 299 0 1
296 299 0 1
295 299 0 1
294 299 0 1
232 299 0 0
231 299 0 0
230 299 0 0
229 299 0 0
228 299 0 0
443 298 0 0
442 298 0 0
441 298 0 0
440 298 0 0
439 298 0 0
379 298 0 1
378 298 0 1
377 298 0 1
376 298 0 1
375 298 0 1
298 298 0 1
297 298 0 1
296 298 0 1
295 298 0 1
294 298 0 1
232 298 0 0
231 298 0 0
230 298 0 0
229 298 0 0
228 298 0 0
227 298 0 0
444 297 0 0
443 297 0 0
442 297 0 0
441 297 0 0
440 297 0 0
439 297 0 0
379 297 0 1
378 297 0 1
377 297 0 1
376 297 0 1
375 297 0 1
297 297 0 1
296 297 0 1
295 297 0 1
294 297 0 1
232 297 0 0
231 297 0 0
230 297 0 0
229 297 0 0
228 297 0 0
227 297 0 0
444 296 0 0
443 296 0 0
442 296 0 0
441 296 0 0
440 296 0 0
439 296 0 0
379 296 0 1
378 296 0 1
377 296 0 1
376 296 0 1
375 296 0 1
297 296 0 1
296 296 0 1
295 296 0 1
294 296 0 1
231 296 0 0
230 296 0 0
229 296 0 0
228 296 0 0
227 296 0 0
444 295 0 0
443 295 0 0
442 295 0 0
441 295 0 0
440 295 0 0
379 295 0 1
378 295 0 1
377 295 0 1
376 295 0 1
375 295 0 1
297 295 0 1
296 295 0 1
295 295 0 1
294 295 0 1
293 295 0 1
231 295 0 0
230 295 0 0
229 295 0 0
228 295 0 0
227 295 0 0
444 294 0 0
443 294 0 0
442 294 0 0
441 294 0 0
440 294 0 0
378 294 0 1
377 294 0 1
376 294 0 1
375 294 0 1
297 294 0 1
296 294 0 1
295 294 0 1
294 294 0 1
293 294 0 1
231 294 0 0
230 294 0 0
229 294 0 0
228 294 0 0
227 294 0 0
444 293 0 0
443 293 0 0
442 293 0 0
441 293 0 0
378 293 0 1
377 293 0 1
376 293 0 1
375 293 0 1
297 293 0 1
296 293 0 1
295 293 0 1
294 293 0 1
293 293 0 1
231 293 0 0
230 293 0 0
229 293 0 0
228 293 0 0
227 293 0 0
444 292 0 0
443 292 0 0
442 292 0 0
441 292 0 0
378 292 0 1
377 292 0 1
376 292 0 1
375 292 0 1
297 292 0 1
296 292 0 1
295 292 0 1
294 292 0 1
293 292 0 1
231 292 0 0
230 292 0 0
229 292 0 0
228 292 0 0
227 292 0 0
226 292 0 0
444 291 0 0
443 291 0 0
442 291 0 0
441 291 0 0
378 291 0 1
377 291 0 1
376 291 0 1
375 291 0 1
297 291 0 1
296 291 0 1
295 291 0 1
294 291 0 1
293 291 0 1
230 291 0 0
229 291 0 0
228 291 0 0
227 291 0 0
226 291 0 0
444 290 0 0
443 290 0 0
442 290 0 0
441 290 0 0
378 290 0 1
377 290 0 1
376 290 0 1
375 290 0 1
297 290 0 1
296 290 0 1
295 290 0 1
294 290 0 1
293 290 0 1
230 290 0 0
229 290 0 0
228 290 0 0
227 290 0 0
226 290 0 0
444 289 0 0
443 289 0 0
442 289 0 0
441 289 0 0
378 289 0 1
377 289 0 1
376 289 0 1
375 289 0 1
374 289 0 1
296 289 0 1
295 289 0 1
294 289 0 1
293 289 0 1
292 289 0 1
230 289 0 0
229 289 0 0
228 289 0 0
227 289 0 0
226 289 0 0
445 288 0 0
444 288 0 0
443 288 0 0
442 288 0 0
441 288 0 0
378 288 0 1
377 288 0 1
376 288 0 1
375 288 0 1
374 288 0 1
296 288 0 1
295 288 0 1
294 288 0 1
293 288 0 1
292 288 0 1
230 288 0 0
229 288 0 0
228 288 0 0
227 288 0 0
226 288 0 0
445 287 0 0
444 287 0 0
443 287 0 0
442 287 0 0
441 287 0 0
378 287 0 1
377 287 0 1
376 287 0 1
375 287 0 1
374 287 0 1
373 287 0 1
296 287 0 1
295 287 0 1
294 287 0 1
293 287 0 1
292 287 0 1
230 287 0 0
229 287 0 0
228 287 0 0
227 287 0 0
226 287 0 0
225 287 0 0
445 286 0 0
444 286 0 0
443 286 0 0
442 286 0 0
441 286 0 0
378 286 0 1
377 286 0 1
376 286 0 1
375 286 0 1
374 286 0 1
373 286 0 1
296 286 0 1
295 286 0 1
294 286 0 1
293 286 0 1
292 286 0 1
229 286 0 0
228 286 0 0
227 286 0 0
226 286 0 0
225 286 0 0
445 285 0 0
444 285 0 0
443 285 0 0
442 285 0 0
441 285 0 0
377 285 0 1
376 285 0 1
375 285 0 1
374 285 0 1
373 285 0 1
296 285 0 1
295 285 0 1
294 285 0 1
293 285 0 1
292 285 0 1
229 285 0 0
228 285 0 0
227 285 0 0
226 285 0 0
225 285 0 0
445 284 0 0
444 284 0 0
443 284 0 0
442 284 0 0
441 284 0 0
377 284 0 1
376 284 0 1
375 284 0 1
374 284 0 1
373 284 0 1
372 284 0 1
296 284 0 1
295 284 0 1
294 284 0 1
293 284 0 1
292 284 0 1
291 284 0 1
229 284 0 0
228 284 0 0
227 284 0 0
226 284 0 0
225 284 0 0
224 284 0 0
446 283 0 0
445 283 0 0
444 283 0 0
443 283 0 0
442 283 0 0
441 283 0 0
377 283 0 1
376 283 0 1
375 283 0 1
374 283 0 1
373 283 0 1
372 283 0 1
296 283 0 1
295 283 0 1
294 283 0 1
293 283 0 1
292 283 0 1
291 283 0 1
229 283 0 0
228 283 0 0
227 283 0 0
226 283 0 0
225 283 0 0
224 283 0 0
446 282 0 0
445 282 0 0
444 282 0 0
443 282 0 0
442 282 0 0
441 282 0 0
376 282 0 1
375 282 0 1
374 282 0 1
373 282 0 1
372 282 0 1
295 282 0 1
294 282 0 1
293 282 0 1
292 282 0 1
291 282 0 1
228 282 0 0
227 282 0 0
226 282 0 0
225 282 0 0
224 282 0 0
446 281 0 0
445 281 0 0
444 281 0 0
443 281 0 0
442 281 0 0
376 281 0 1
375 281 0 1
374 281 0 1
373 281 0 1
372 281 0 1
295 281 0 1
294 281 0 1
293 281 0 1
292 281 0 1
291 281 0 1
228 281 0 0
227 281 0 0
226 281 0 0
225 281 0 0
224 281 0 0
223 281 0 0
447 280 0 0
446 280 0 0
445 280 0 0
444 280 0 0
443 280 0 0
442 280 0 0
376 280 0 1
375 280 0 1
374 280 0 1
373 280 0 1
372 280 0 1
295 280 0 1
294 280 0 1
293 280 0 1
292 280 0 1
291 280 0 1
228 280 0 0
227 280 0 0
226 280 0 0
225 280 0 0
224 280 0 0
223 280 0 0
447 279 0 0
446 279 0 0
445 279 0 0
444 279 0 0
443 279 0 0
442 279 0 0
376 279 0 1
375 279 0 1
374 279 0 1
373 279 0 1
372 279 0 1
295 279 0 1
294 279 0 1
293 279 0 1
292 279 0 1
291 279 0 1
227 279 0 0
226 279 0 0
225 279 0 0
224 279 0 0
223 279 0 0
447 278 0 0
446 278 0 0
445 278 0 0
444 278 0 0
443 278 0 0
375 278 0 1
374 278 0 1
373 278 0 1
372 278 0 1
295 278 0 1
294 278 0 1
293 278 0 1
292 278 0 1
291 278 0 1
227 278 0 0
226 278 0 0
225 278 0 0
224 278 0 0
223 278 0 0
222 278 0 0
448 277 0 0
447 277 0 0
446 277 0 0
445 277 0 0
444 277 0 0
443 277 0 0
375 277 0 1
374 277 0 1
373 277 0 1
372 277 0 1
371 277 0 1
294 277 0 1
293 277 0 1
292 277 0 1
291 277 0 1
226 277 0 0
225 277 0 0
224 277 0 0
223 277 0 0
222 277 0 0
448 276 0 0
447 276 0 0
446 276 0 0
445 276 0 0
444 276 0 0
443 276 0 0
375 276 0 1
374 276 0 1
373 276 0 1
372 276 0 1
371 276 0 1
294 276 0 1
293 276 0 1
292 276 0 1
291 276 0 1
226 276 0 0
225 276 0 0
224 276 0 0
223 276 0 0
222 276 0 0
448 275 0 0
447 275 0 0
446 275 0 0
445 275 0 0
444 275 0 0
375 275 0 1
374 275 0 1
373 275 0 1
372 275 0 1
371 275 0 1
294 275 0 1
293 275 0 1
292 275 0 1
291 275 0 1
290 275 0 1
226 275 0 0
225 275 0 0
224 275 0 0
223 275 0 0
222 275 0 0
448 274 0 0
447 274 0 0
446 274 0 0
445 274 0 0
444 274 0 0
375 274 0 1
374 274 0 1
373 274 0 1
372 274 0 1
371 274 0 1
294 274 0 1
293 274 0 1
292 274 0 1
291 274 0 1
290 274 0 1
225 274 0 0
224 274 0 0
223 274 0 0
222 274 0 0
449 273 0 0
448 273 0 0
447 273 0 0
446 273 0 0
445 273 0 0
444 273 0 0
375 273 0 1
374 273 0 1
373 273 0 1
372 273 0 1
371 273 0 1
370 273 0 1
294 273 0 1
293 273 0 1
292 273 0 1
291 273 0 1
290 273 0 1
449 272 0 0
448 272 0 0
447 272 0 0
446 272 0 0
445 272 0 0
444 272 0 0
375 272 0 1
374 272 0 1
373 272 0 1
372 272 0 1
371 272 0 1
370 272 0 1
294 272 0 1
293 272 0 1
292 272 0 1
291 272 0 1
290 272 0 1
450 271 0 0
449 271 0 0
448 271 0 0
447 271 0 0
446 271 0 0
445 271 0 0
374 271 0 1
373 271 0 1
372 271 0 1
371 271 0 1
370 271 0 1
294 271 0 1
293 271 0 1
292 271 0 1
291 271 0 1
290 271 0 1
450 270 0 0
449 270 0 0
448 270 0 0
447 270 0 0
446 270 0 0
445 270 0 0
374 270 0 1
373 270 0 1
372 270 0 1
371 270 0 1
370 270 0 1
369 270 0 1
368 270 0 1
294 270 0 1
293 270 0 1
292 270 0 1
291 270 0 1
290 270 0 1
289 270 0 1
451 269 0 0
450 269 0 0
449 269 0 0
448 269 0 0
447 269 0 0
446 269 0 0
373 269 0 1
372 269 0 1
371 269 0 1
370 269 0 1
369 269 0 1
368 269 0 1
293 269 0 1
292 269 0 1
291 269 0 1
290 269 0 1
289 269 0 1
451 268 0 0
450 268 0 0
449 268 0 0
448 268 0 0
447 268 0 0
446 268 0 0
373 268 0 1
372 268 0 1
371 268 0 1
370 268 0 1
369 268 0 1
368 268 0 1
293 268 0 1
292 268 0 1
291 268 0 1
290 268 0 1
289 268 0 1
451 267 0 0
450 267 0 0
449 267 0 0
448 267 0 0
447 267 0 0
373 267 0 1
372 267 0 1
371 267 0 1
370 267 0 1
369 267 0 1
368 267 0 1
293 267 0 1
292 267 0 1
291 267 0 1
290 267 0 1
289 267 0 1
451 266 0 0
450 266 0 0
449 266 0 0
448 266 0 0
447 266 0 0
371 266 0 1
370 266 0 1
369 266 0 1
368 266 0 1
367 266 0 1
293 266 0 1
292 266 0 1
291 266 0 1
290 266 0 1
289 266 0 1
451 265 0 0
450 265 0 0
449 265 0 0
448 265 0 0
447 265 0 0
371 265 0 1
370 265 0 1
369 265 0 1
368 265 0 1
367 265 0 1
366 265 0 1
293 265 0 1
292 265 0 1
291 265 0 1
290 265 0 1
289 265 0 1
452 264 0 0
451 264 0 0
450 264 0 0
449 264 0 0
448 264 0 0
447 264 0 0
371 264 0 1
370 264 0 1
369 264 0 1
368 264 0 1
367 264 0 1
366 264 0 1
365 264 0 1
293 264 0 1
292 264 0 1
291 264 0 1
290 264 0 1
289 264 0 1
288 264 0 1
452 263 0 0
451 263 0 0
450 263 0 0
449 263 0 0
448 263 0 0
370 263 0 1
369 263 0 1
368 263 0 1
367 263 0 1
366 263 0 1
365 263 0 1
364 263 0 1
292 263 0 1
291 263 0 1
290 263 0 1
289 263 0 1
288 263 0 1
452 262 0 0
451 262 0 0
450 262 0 0
449 262 0 0
448 262 0 0
369 262 0 1
368 262 0 1
367 262 0 1
366 262 0 1
365 262 0 1
364 262 0 1
363 262 0 1
292 262 0 1
291 262 0 1
290 262 0 1
289 262 0 1
288 262 0 1
452 261 0 0
451 261 0 0
450 261 0 0
449 261 0 0
448 261 0 0
368 261 0 1
367 261 0 1
366 261 0 1
365 261 0 1
364 261 0 1
363 261 0 1
362 261 0 1
292 261 0 1
291 261 0 1
290 261 0 1
289 261 0 1
288 261 0 1
452 260 0 0
451 260 0 0
450 260 0 0
449 260 0 0
448 260 0 0
367 260 0 1
366 260 0 1
365 260 0 1
364 260 0 1
363 260 0 1
362 260 0 1
292 260 0 1
291 260 0 1
290 260 0 1
289 260 0 1
288 260 0 1
452 259 0 0
451 259 0 0
450 259 0 0
449 259 0 0
367 259 0 1
366 259 0 1
365 259 0 1
364 259 0 1
363 259 0 1
362 259 0 1
361 259 0 1
292 259 0 1
291 259 0 1
290 259 0 1
289 259 0 1
288 259 0 1
287 259 0 1
453 258 0 0
452 258 0 0
451 258 0 0
450 258 0 0
449 258 0 0
366 258 0 1
365 258 0 1
364 258 0 1
363 258 0 1
362 258 0 1
361 258 0 1
360 258 0 1
291 258 0 1
290 258 0 1
289 258 0 1
288 258 0 1
287 258 0 1
453 257 0 0
452 257 0 0
451 257 0 0
450 257 0 0
449 257 0 0
365 257 0 1
364 257 0 1
363 257 0 1
362 257 0 1
361 257 0 1
360 257 0 1
291 257 0 1
290 257 0 1
289 257 0 1
288 257 0 1
287 257 0 1
286 257 0 1
453 256 0 0
452 256 0 0
451 256 0 0
450 256 0 0
449 256 0 0
364 256 0 1
363 256 0 1
362 256 0 1
361 256 0 1
360 256 0 1
359 256 0 1
290 256 0 1
289 256 0 1
288 256 0 1
287 256 0 1
286 256 0 1
453 255 0 0
452 255 0 0
451 255 0 0
450 255 0 0
449 255 0 0
364 255 0 1
363 255 0 1
362 255 0 1
361 255 0 1
360 255 0 1
359 255 0 1
358 255 0 1
290 255 0 1
289 255 0 1
288 255 0 1
287 255 0 1
286 255 0 1
285 255 0 1
453 254 0 0
452 254 0 0
451 254 0 0
450 254 0 0
449 254 0 0
363 254 0 1
362 254 0 1
361 254 0 1
360 254 0 1
359 254 0 1
358 254 0 1
289 254 0 1
288 254 0 1
287 254 0 1
286 254 0 1
285 254 0 1
453 253 0 0
452 253 0 0
451 253 0 0
450 253 0 0
362 253 0 1
361 253 0 1
360 253 0 1
359 253 0 1
358 253 0 1
357 253 0 1
289 253 0 1
288 253 0 1
287 253 0 1
286 253 0 1
285 253 0 1
454 252 0 0
453 252 0 0
452 252 0 0
451 252 0 0
450 252 0 0
362 252 0 1
361 252 0 1
360 252 0 1
359 252 0 1
358 252 0 1
357 252 0 1
289 252 0 1
288 252 0 1
287 252 0 1
286 252 0 1
285 252 0 1
454 251 0 0
453 251 0 0
452 251 0 0
451 251 0 0
450 251 0 0
361 251 0 1
360 251 0 1
359 251 0 1
358 251 0 1
357 251 0 1
288 251 0 1
287 251 0 1
286 251 0 1
285 251 0 1
454 250 0 0
453 250 0 0
452 250 0 0
451 250 0 0
450 250 0 0
361 250 0 1
360 250 0 1
359 250 0 1
358 250 0 1
357 250 0 1
356 250 0 1
288 250 0 1
287 250 0 1
286 250 0 1
285 250 0 1
454 249 0 0
453 249 0 0
452 249 0 0
451 249 0 0
361 249 0 1
360 249 0 1
359 249 0 1
358 249 0 1
357 249 0 1
356 249 0 1
288 249 0 1
287 249 0 1
286 249 0 1
285 249 0 1
454 248 0 0
453 248 0 0
452 248 0 0
451 248 0 0
360 248 0 1
359 248 0 1
358 248 0 1
357 248 0 1
356 248 0 1
288 248 0 1
287 248 0 1
286 248 0 1
285 248 0 1
454 247 0 0
453 247 0 0
452 247 0 0
451 247 0 0
360 247 0 1
359 247 0 1
358 247 0 1
357 247 0 1
356 247 0 1
355 247 0 1
288 247 0 1
287 247 0 1
286 247 0 1
285 247 0 1
454 246 0 0
453 246 0 0
452 246 0 0
451 246 0 0
360 246 0 1
359 246 0 1
358 246 0 1
357 246 0 1
356 246 0 1
355 246 0 1
288 246 0 1
287 246 0 1
286 246 0 1
285 246 0 1
284 246 0 1
454 245 0 0
453 245 0 0
452 245 0 0
451 245 0 0
359 245 0 1
358 245 0 1
357 245 0 1
356 245 0 1
355 245 0 1
354 245 0 1
288 245 0 1
287 245 0 1
286 245 0 1
285 245 0 1
284 245 0 1
454 244 0 0
453 244 0 0
452 244 0 0
451 244 0 0
359 244 0 1
358 244 0 1
357 244 0 1
356 244 0 1
355 244 0 1
354 244 0 1
288 244 0 1
287 244 0 1
286 244 0 1
285 244 0 1
284 244 0 1
454 243 0 0
453 243 0 0
452 243 0 0
451 243 0 0
358 243 0 1
357 243 0 1
356 243 0 1
355 243 0 1
354 243 0 1
288 243 0 1
287 243 0 1
286 243 0 1
285 243 0 1
284 243 0 1
454 242 0 0
453 242 0 0
452 242 0 0
451 242 0 0
358 242 0 1
357 242 0 1
356 242 0 1
355 242 0 1
354 242 0 1
288 242 0 1
287 242 0 1
286 242 0 1
285 242 0 1
284 242 0 1
454 241 0 0
453 241 0 0
452 241 0 0
451 241 0 0
358 241 0 1
357 241 0 1
356 241 0 1
355 241 0 1
354 241 0 1
288 241 0 1
287 241 0 1
286 241 0 1
285 241 0 1
284 241 0 1
455 240 0 0
454 240 0 0
453 240 0 0
452 240 0 0
451 240 0 0
358 240 0 1
357 240 0 1
356 240 0 1
355 240 0 1
354 240 0 1
287 240 0 1
286 240 0 1
285 240 0 1
284 240 0 1
283 240 0 1
455 239 0 0
454 239 0 0
453 239 0 0
452 239 0 0
451 239 0 0
358 239 0 1
357 239 0 1
356 239 0 1
355 239 0 1
354 239 0 1
287 239 0 1
286 239 0 1
285 239 0 1
284 239 0 1
283 239 0 1
455 238 0 0
454 238 0 0
453 238 0 0
452 238 0 0
451 238 0 0
357 238 0 1
356 238 0 1
355 238 0 1
354 238 0 1
287 238 0 1
286 238 0 1
285 238 0 1
284 238 0 1
283 238 0 1
455 237 0 0
454 237 0 0
453 237 0 0
452 237 0 0
451 237 0 0
357 237 0 1
356 237 0 1
355 237 0 1
354 237 0 1
287 237 0 1
286 237 0 1
285 237 0 1
284 237 0 1
283 237 0 1
455 236 0 0
454 236 0 0
453 236 0 0
452 236 0 0
451 236 0 0
357 236 0 1
356 236 0 1
355 236 0 1
354 236 0 1
353 236 0 1
287 236 0 1
286 236 0 1
285 236 0 1
284 236 0 1
283 236 0 1
455 235 0 0
454 235 0 0
453 235 0 0
452 235 0 0
451 235 0 0
357 235 0 1
356 235 0 1
355 235 0 1
354 235 0 1
353 235 0 1
287 235 0 1
286 235 0 1
285 235 0 1
284 235 0 1
283 235 0 1
282 235 0 1
455 234 0 0
454 234 0 0
453 234 0 0
452 234 0 0
357 234 0 1
356 234 0 1
355 234 0 1
354 234 0 1
353 234 0 1
352 234 0 1
286 234 0 1
285 234 0 1
284 234 0 1
283 234 0 1
282 234 0 1
455 233 0 0
454 233 0 0
453 233 0 0
452 233 0 0
357 233 0 1
356 233 0 1
355 233 0 1
354 233 0 1
353 233 0 1
352 233 0 1
286 233 0 1
285 233 0 1
284 233 0 1
283 233 0 1
282 233 0 1
455 232 0 0
454 232 0 0
453 232 0 0
452 232 0 0
356 232 0 1
355 232 0 1
354 232 0 1
353 232 0 1
352 232 0 1
351 232 0 1
286 232 0 1
285 232 0 1
284 232 0 1
283 232 0 1
282 232 0 1
455 231 0 0
454 231 0 0
453 231 0 0
452 231 0 0
356 231 0 1
355 231 0 1
354 231 0 1
353 231 0 1
352 231 0 1
351 231 0 1
286 231 0 1
285 231 0 1
284 231 0 1
283 231 0 1
282 231 0 1
281 231 0 1
456 230 0 0
455 230 0 0
454 230 0 0
453 230 0 0
452 230 0 0
355 230 0 1
354 230 0 1
353 230 0 1
352 230 0 1
351 230 0 1
286 230 0 1
285 230 0 1
284 230 0 1
283 230 0 1
282 230 0 1
281 230 0 1
456 229 0 0
455 229 0 0
454 229 0 0
453 229 0 0
452 229 0 0
355 229 0 1
354 229 0 1
353 229 0 1
352 229 0 1
351 229 0 1
285 229 0 1
284 229 0 1
283 229 0 1
282 229 0 1
281 229 0 1
456 228 0 0
455 228 0 0
454 228 0 0
453 228 0 0
452 228 0 0
354 228 0 1
353 228 0 1
352 228 0 1
351 228 0 1
285 228 0 1
284 228 0 1
283 228 0 1
282 228 0 1
281 228 0 1
456 227 0 0
455 227 0 0
454 227 0 0
453 227 0 0
452 227 0 0
354 227 0 1
353 227 0 1
352 227 0 1
351 227 0 1
285 227 0 1
284 227 0 1
283 227 0 1
282 227 0 1
281 227 0 1
456 226 0 0
455 226 0 0
454 226 0 0
453 226 0 0
452 226 0 0
354 226 0 1
353 226 0 1
352 226 0 1
351 226 0 1
285 226 0 1
284 226 0 1
283 226 0 1
282 226 0 1
281 226 0 1
457 225 0 0
456 225 0 0
455 225 0 0
454 225 0 0
453 225 0 0
452 225 0 0
354 225 0 1
353 225 0 1
352 225 0 1
351 225 0 1
284 225 0 1
283 225 0 1
282 225 0 1
281 225 0 1
457 224 0 0
456 224 0 0
455 224 0 0
454 224 0 0
453 224 0 0
354 224 0 1
353 224 0 1
352 224 0 1
351 224 0 1
284 224 0 1
283 224 0 1
282 224 0 1
281 224 0 1
457 223 0 0
456 223 0 0
455 223 0 0
454 223 0 0
453 223 0 0
354 223 0 1
353 223 0 1
352 223 0 1
351 223 0 1
284 223 0 1
283 223 0 1
282 223 0 1
281 223 0 1
457 222 0 0
456 222 0 0
455 222 0 0
454 222 0 0
453 222 0 0
354 222 0 1
353 222 0 1
352 222 0 1
351 222 0 1
284 222 0 1
283 222 0 1
282 222 0 1
281 222 0 1
457 221 0 0
456 221 0 0
455 221 0 0
454 221 0 0
453 221 0 0
354 221 0 1
353 221 0 1
352 221 0 1
351 221 0 1
284 221 0 1
283 221 0 1
282 221 0 1
281 221 0 1
457 220 0 0
456 220 0 0
455 220 0 0
454 220 0 0
453 220 0 0
354 220 0 1
353 220 0 1
352 220 0 1
351 220 0 1
284 220 0 1
283 220 0 1
282 220 0 1
281 220 0 1
457 219 0 0
456 219 0 0
455 219 0 0
454 219 0 0
453 219 0 0
354 219 0 1
353 219 0 1
352 219 0 1
351 219 0 1
284 219 0 1
283 219 0 1
282 219 0 1
281 219 0 1
457 218 0 0
456 218 0 0
455 218 0 0
454 218 0 0
453 218 0 0
354 218 0 1
353 218 0 1
352 218 0 1
351 218 0 1
284 218 0 1
283 218 0 1
282 218 0 1
281 218 0 1
457 217 0 0
456 217 0 0
455 217 0 0
454 217 0 0
453 217 0 0
354 217 0 1
353 217 0 1
352 217 0 1
351 217 0 1
284 217 0 1
283 217 0 1
282 217 0 1
281 217 0 1
457 216 0 0
456 216 0 0
455 216 0 0
454 216 0 0
453 216 0 0
354 216 0 1
353 216 0 1
352 216 0 1
351 216 0 1
284 216 0 1
283 216 0 1
282 216 0 1
281 216 0 1
457 215 0 0
456 215 0 0
455 215 0 0
454 215 0 0
453 215 0 0
354 215 0 1
353 215 0 1
352 215 0 1
351 215 0 1
284 215 0 1
283 215 0 1
282 215 0 1
281 215 0 1
457 214 0 0
456 214 0 0
455 214 0 0
454 214 0 0
453 214 0 0
354 214 0 1
353 214 0 1
352 214 0 1
351 214 0 1
284 214 0 1
283 214 0 1
282 214 0 1
281 214 0 1
457 213 0 0
456 213 0 0
455 213 0 0
454 213 0 0
453 213 0 0
354 213 0 1
353 213 0 1
352 213 0 1
351 213 0 1
284 213 0 1
283 213 0 1
282 213 0 1
281 213 0 1
458 212 0 0
457 212 0 0
456 212 0 0
455 212 0 0
454 212 0 0
453 212 0 0
354 212 0 1
353 212 0 1
352 212 0 1
351 212 0 1
284 212 0 1
283 212 0 1
282 212 0 1
281 212 0 1
458 211 0 0
457 211 0 0
456 211 0 0
455 211 0 0
454 211 0 0
354 211 0 1
353 211 0 1
352 211 0 1
351 211 0 1
284 211 0 1
283 211 0 1
282 211 0 1
281 211 0 1
458 210 0 0
457 210 0 0
456 210 0 0
455 210 0 0
454 210 0 0
354 210 0 1
353 210 0 1
352 210 0 1
351 210 0 1
284 210 0 1
283 210 0 1
282 210 0 1
281 210 0 1
458 209 0 0
457 209 0 0
456 209 0 0
455 209 0 0
454 209 0 0
354 209 0 1
353 209 0 1
352 209 0 1
351 209 0 1
284 209 0 1
283 209 0 1
282 209 0 1
281 209 0 1
459 208 0 0
458 208 0 0
457 208 0 0
456 208 0 0
455 208 0 0
454 208 0 0
354 208 0 1
353 208 0 1
352 208 0 1
351 208 0 1
284 208 0 1
283 208 0 1
282 208 0 1
281 208 0 1
459 207 0 0
458 207 0 0
457 207 0 0
456 207 0 0
455 207 0 0
354 207 0 1
353 207 0 1
352 207 0 1
351 207 0 1
284 207 0 1
283 207 0 1
282 207 0 1
281 207 0 1
459 206 0 0
458 206 0 0
457 206 0 0
456 206 0 0
455 206 0 0
354 206 0 1
353 206 0 1
352 206 0 1
351 206 0 1
284 206 0 1
283 206 0 1
282 206 0 1
281 206 0 1
460 205 0 0
459 205 0 0
458 205 0 0
457 205 0 0
456 205 0 0
455 205 0 0
354 205 0 1
353 205 0 1
352 205 0 1
351 205 0 1
284 205 0 1
283 205 0 1
282 205 0 1
281 205 0 1
460 204 0 0
459 204 0 0
458 204 0 0
457 204 0 0
456 204 0 0
354 204 0 1
353 204 0 1
352 204 0 1
351 204 0 1
284 204 0 1
283 204 0 1
282 204 0 1
281 204 0 1
460 203 0 0
459 203 0 0
458 203 0 0
457 203 0 0
456 203 0 0
354 203 0 1
353 203 0 1
352 203 0 1
351 203 0 1
284 203 0 1
283 203 0 1
282 203 0 1
281 203 0 1
460 202 0 0
459 202 0 0
458 202 0 0
457 202 0 0
456 202 0 0
355 202 0 1
354 202 0 1
353 202 0 1
352 202 0 1
351 202 0 1
284 202 0 1
283 202 0 1
282 202 0 1
281 202 0 1
460 201 0 0
459 201 0 0
458 201 0 0
457 201 0 0
456 201 0 0
355 201 0 1
354 201 0 1
353 201 0 1
352 201 0 1
351 201 0 1
284 201 0 1
283 201 0 1
282 201 0 1
281 201 0 1
460 200 0 0
459 200 0 0
458 200 0 0
457 200 0 0
355 200 0 1
354 200 0 1
353 200 0 1
352 200 0 1
351 200 0 1
284 200 0 1
283 200 0 1
282 200 0 1
281 200 0 1
460 199 0 0
459 199 0 0
458 199 0 0
457 199 0 0
355 199 0 1
354 199 0 1
353 199 0 1
352 199 0 1
351 199 0 1
284 199 0 1
283 199 0 1
282 199 0 1
281 199 0 1
460 198 0 0
459 198 0 0
458 198 0 0
457 198 0 0
355 198 0 1
354 198 0 1
353 198 0 1
352 198 0 1
351 198 0 1
284 198 0 1
283 198 0 1
282 198 0 1
281 198 0 1
460 197 0 0
459 197 0 0
458 197 0 0
457 197 0 0
355 197 0 1
354 197 0 1
353 197 0 1
352 197 0 1
351 197 0 1
284 197 0 1
283 197 0 1
282 197 0 1
281 197 0 1
460 196 0 0
459 196 0 0
458 196 0 0
457 196 0 0
355 196 0 1
354 196 0 1
353 196 0 1
352 196 0 1
351 196 0 1
284 196 0 1
283 196 0 1
282 196 0 1
281 196 0 1
460 195 0 0
459 195 0 0
458 195 0 0
457 195 0 0
355 195 0 1
354 195 0 1
353 195 0 1
352 195 0 1
284 195 0 1
283 195 0 1
282 195 0 1
281 195 0 1
460 194 0 0
459 194 0 0
458 194 0 0
457 194 0 0
355 194 0 1
354 194 0 1
353 194 0 1
352 194 0 1
284 194 0 1
283 194 0 1
282 194 0 1
281 194 0 1
460 193 0 0
459 193 0 0
458 193 0 0
457 193 0 0
355 193 0 1
354 193 0 1
353 193 0 1
352 193 0 1
284 193 0 1
283 193 0 1
282 193 0 1
281 193 0 1
460 192 0 0
459 192 0 0
458 192 0 0
457 192 0 0
355 192 0 1
354 192 0 1
353 192 0 1
352 192 0 1
284 192 0 1
283 192 0 1
282 192 0 1
281 192 0 1
460 191 0 0
459 191 0 0
458 191 0 0
457 191 0 0
355 191 0 1
354 191 0 1
353 191 0 1
352 191 0 1
284 191 0 1
283 191 0 1
282 191 0 1
281 191 0 1
460 190 0 0
459 190 0 0
458 190 0 0
457 190 0 0
355 190 0 1
354 190 0 1
353 190 0 1
352 190 0 1
284 190 0 1
283 190 0 1
282 190 0 1
281 190 0 1
460 189 0 0
459 189 0 0
458 189 0 0
457 189 0 0
355 189 0 1
354 189 0 1
353 189 0 1
352 189 0 1
284 189 0 1
283 189 0 1
282 189 0 1
281 189 0 1
460 188 0 0
459 188 0 0
458 188 0 0
457 188 0 0
355 188 0 1
354 188 0 1
353 188 0 1
352 188 0 1
284 188 0 1
283 188 0 1
282 188 0 1
281 188 0 1
460 187 0 0
459 187 0 0
458 187 0 0
457 187 0 0
456 187 0 0
355 187 0 1
354 187 0 1
353 187 0 1
352 187 0 1
284 187 0 1
283 187 0 1
282 187 0 1
281 187 0 1
460 186 0 0
459 186 0 0
458 186 0 0
457 186 0 0
456 186 0 0
355 186 0 1
354 186 0 1
353 186 0 1
352 186 0 1
284 186 0 1
283 186 0 1
282 186 0 1
281 186 0 1
460 185 0 0
459 185 0 0
458 185 0 0
457 185 0 0
456 185 0 0
455 185 0 0
355 185 0 1
354 185 0 1
353 185 0 1
352 185 0 1
284 185 0 1
283 185 0 1
282 185 0 1
281 185 0 1
460 184 0 0
459 184 0 0
458 184 0 0
457 184 0 0
456 184 0 0
455 184 0 0
355 184 0 1
354 184 0 1
353 184 0 1
352 184 0 1
284 184 0 1
283 184 0 1
282 184 0 1
281 184 0 1
459 183 0 0
458 183 0 0
457 183 0 0
456 183 0 0
455 183 0 0
355 183 0 1
354 183 0 1
353 183 0 1
352 183 0 1
284 183 0 1
283 183 0 1
282 183 0 1
281 183 0 1
459 182 0 0
458 182 0 0
457 182 0 0
456 182 0 0
455 182 0 0
355 182 0 1
354 182 0 1
353 182 0 1
352 182 0 1
284 182 0 1
283 182 0 1
282 182 0 1
281 182 0 1
458 181 0 0
457 181 0 0
456 181 0 0
455 181 0 0
355 181 0 1
354 181 0 1
353 181 0 1
352 181 0 1
285 181 0 1
284 181 0 1
283 181 0 1
282 181 0 1
281 181 0 1
458 180 0 0
457 180 0 0
456 180 0 0
455 180 0 0
355 180 0 1
354 180 0 1
353 180 0 1
352 180 0 1
285 180 0 1
284 180 0 1
283 180 0 1
282 180 0 1
281 180 0 1
355 179 0 1
354 179 0 1
353 179 0 1
352 179 0 1
285 179 0 1
284 179 0 1
283 179 0 1
282 179 0 1
281 179 0 1
355 178 0 1
354 178 0 1
353 178 0 1
352 178 0 1
285 178 0 1
284 178 0 1
283 178 0 1
282 178 0 1
281 178 0 1
355 177 0 1
354 177 0 1
353 177 0 1
352 177 0 1
285 177 0 1
284 177 0 1
283 177 0 1
282 177 0 1
281 177 0 1
355 176 0 1
354 176 0 1
353 176 0 1
352 176 0 1
285 176 0 1
284 176 0 1
283 176 0 1
282 176 0 1
281 176 0 1
355 175 0 1
354 175 0 1
353 175 0 1
352 175 0 1
285 175 0 1
284 175 0 1
283 175 0 1
282 175 0 1
281 175 0 1
355 174 0 1
354 174 0 1
353 174 0 1
352 174 0 1
286 174 0 1
285 174 0 1
284 174 0 1
283 174 0 1
282 174 0 1
355 173 0 1
354 173 0 1
353 173 0 1
352 173 0 1
286 173 0 1
285 173 0 1
284 173 0 1
283 173 0 1
282 173 0 1
355 172 0 1
354 172 0 1
353 172 0 1
352 172 0 1
286 172 0 1
285 172 0 1
284 172 0 1
283 172 0 1
282 172 0 1
355 171 0 1
354 171 0 1
353 171 0 1
352 171 0 1
286 171 0 1
285 171 0 1
284 171 0 1
283 171 0 1
282 171 0 1
355 170 0 1
354 170 0 1
353 170 0 1
352 170 0 1
286 170 0 1
285 170 0 1
284 170 0 1
283 170 0 1
282 170 0 1
355 169 0 1
354 169 0 1
353 169 0 1
352 169 0 1
287 169 0 1
286 169 0 1
285 169 0 1
284 169 0 1
283 169 0 1
282 169 0 1
355 168 0 1
354 168 0 1
353 168 0 1
352 168 0 1
287 168 0 1
286 168 0 1
285 168 0 1
284 168 0 1
283 168 0 1
355 167 0 1
354 167 0 1
353 167 0 1
352 167 0 1
287 167 0 1
286 167 0 1
285 167 0 1
284 167 0 1
283 167 0 1
355 166 0 1
354 166 0 1
353 166 0 1
352 166 0 1
287 166 0 1
286 166 0 1
285 166 0 1
284 166 0 1
283 166 0 1
355 165 0 1
354 165 0 1
353 165 0 1
352 165 0 1
287 165 0 1
286 165 0 1
285 165 0 1
284 165 0 1
283 165 0 1
355 164 0 1
354 164 0 1
353 164 0 1
352 164 0 1
287 164 0 1
286 164 0 1
285 164 0 1
284 164 0 1
283 164 0 1
355 163 0 1
354 163 0 1
353 163 0 1
352 163 0 1
288 163 0 1
287 163 0 1
286 163 0 1
285 163 0 1
284 163 0 1
283 163 0 1
355 162 0 1
354 162 0 1
353 162 0 1
352 162 0 1
288 162 0 1
287 162 0 1
286 162 0 1
285 162 0 1
284 162 0 1
355 161 0 1
354 161 0 1
353 161 0 1
352 161 0 1
288 161 0 1
287 161 0 1
286 161 0 1
285 161 0 1
284 161 0 1
355 160 0 1
354 160 0 1
353 160 0 1
352 160 0 1
288 160 0 1
287 160 0 1
286 160 0 1
285 160 0 1
284 160 0 1
355 159 0 1
354 159 0 1
353 159 0 1
352 159 0 1
288 159 0 1
287 159 0 1
286 159 0 1
285 159 0 1
284 159 0 1
355 158 0 1
354 158 0 1
353 158 0 1
352 158 0 1
288 158 0 1
287 158 0 1
286 158 0 1
285 158 0 1
284 158 0 1
355 157 0 1
354 157 0 1
353 157 0 1
352 157 0 1
289 157 0 1
288 157 0 1
287 157 0 1
286 157 0 1
285 157 0 1
355 156 0 1
354 156 0 1
353 156 0 1
352 156 0 1
289 156 0 1
288 156 0 1
287 156 0 1
286 156 0 1
285 156 0 1
355 155 0 1
354 155 0 1
353 155 0 1
352 155 0 1
289 155 0 1
288 155 0 1
287 155 0 1
286 155 0 1
285 155 0 1
355 154 0 1
354 154 0 1
353 154 0 1
352 154 0 1
289 154 0 1
288 154 0 1
287 154 0 1
286 154 0 1
285 154 0 1
355 153 0 1
354 153 0 1
353 153 0 1
352 153 0 1
289 153 0 1
288 153 0 1
287 153 0 1
286 153 0 1
285 153 0 1
356 152 0 1
355 152 0 1
354 152 0 1
353 152 0 1
352 152 0 1
289 152 0 1
288 152 0 1
287 152 0 1
286 152 0 1
285 152 0 1
356 151 0 1
355 151 0 1
354 151 0 1
353 151 0 1
352 151 0 1
290 151 0 1
289 151 0 1
288 151 0 1
287 151 0 1
286 151 0 1
285 151 0 1
356 150 0 1
355 150 0 1
354 150 0 1
353 150 0 1
352 150 0 1
290 150 0 1
289 150 0 1
288 150 0 1
287 150 0 1
286 150 0 1
356 149 0 1
355 149 0 1
354 149 0 1
353 149 0 1
352 149 0 1
290 149 0 1
289 149 0 1
288 149 0 1
287 149 0 1
286 149 0 1
356 148 0 1
355 148 0 1
354 148 0 1
353 148 0 1
352 148 0 1
290 148 0 1
289 148 0 1
288 148 0 1
287 148 0 1
286 148 0 1
356 147 0 1
355 147 0 1
354 147 0 1
353 147 0 1
290 147 0 1
289 147 0 1
288 147 0 1
287 147 0 1
286 147 0 1
356 146 0 1
355 146 0 1
354 146 0 1
353 146 0 1
290 146 0 1
289 146 0 1
288 146 0 1
287 146 0 1
286 146 0 1
357 145 0 1
356 145 0 1
355 145 0 1
354 145 0 1
353 145 0 1
291 145 0 1
290 145 0 1
289 145 0 1
288 145 0 1
287 145 0 1
286 145 0 1
357 144 0 1
356 144 0 1
355 144 0 1
354 144 0 1
353 144 0 1
291 144 0 1
290 144 0 1
289 144 0 1
288 144 0 1
287 144 0 1
357 143 0 1
356 143 0 1
355 143 0 1
354 143 0 1
353 143 0 1
291 143 0 1
290 143 0 1
289 143 0 1
288 143 0 1
287 143 0 1
358 142 0 1
357 142 0 1
356 142 0 1
355 142 0 1
354 142 0 1
353 142 0 1
292 142 0 1
291 142 0 1
290 142 0 1
289 142 0 1
288 142 0 1
287 142 0 1
358 141 0 1
357 141 0 1
356 141 0 1
355 141 0 1
354 141 0 1
353 141 0 1
292 141 0 1
291 141 0 1
290 141 0 1
289 141 0 1
288 141 0 1
287 141 0 1
358 140 0 1
357 140 0 1
356 140 0 1
355 140 0 1
354 140 0 1
292 140 0 1
291 140 0 1
290 140 0 1
289 140 0 1
288 140 0 1
358 139 0 1
357 139 0 1
356 139 0 1
355 139 0 1
354 139 0 1
293 139 0 1
292 139 0 1
291 139 0 1
290 139 0 1
289 139 0 1
288 139 0 1
359 138 0 1
358 138 0 1
357 138 0 1
356 138 0 1
355 138 0 1
354 138 0 1
293 138 0 1
292 138 0 1
291 138 0 1
290 138 0 1
289 138 0 1
359 137 0 1
358 137 0 1
357 137 0 1
356 137 0 1
355 137 0 1
354 137 0 1
293 137 0 1
292 137 0 1
291 137 0 1
290 137 0 1
289 137 0 1
359 136 0 1
358 136 0 1
357 136 0 1
356 136 0 1
355 136 0 1
294 136 0 1
293 136 0 1
292 136 0 1
291 136 0 1
290 136 0 1
289 136 0 1
359 135 0 1
358 135 0 1
357 135 0 1
356 135 0 1
355 135 0 1
294 135 0 1
293 135 0 1
292 135 0 1
291 135 0 1
290 135 0 1
359 134 0 1
358 134 0 1
357 134 0 1
356 134 0 1
355 134 0 1
294 134 0 1
293 134 0 1
292 134 0 1
291 134 0 1
290 134 0 1
360 133 0 1
359 133 0 1
358 133 0 1
357 133 0 1
356 133 0 1
355 133 0 1
295 133 0 1
294 133 0 1
293 133 0 1
292 133 0 1
291 133 0 1
290 133 0 1
360 132 0 1
359 132 0 1
358 132 0 1
357 132 0 1
356 132 0 1
355 132 0 1
295 132 0 1
294 132 0 1
293 132 0 1
292 132 0 1
291 132 0 1
360 131 0 1
359 131 0 1
358 131 0 1
357 131 0 1
356 131 0 1
295 131 0 1
294 131 0 1
293 131 0 1
292 131 0 1
291 131 0 1
360 130 0 1
359 130 0 1
358 130 0 1
357 130 0 1
356 130 0 1
295 130 0 1
294 130 0 1
293 130 0 1
292 130 0 1
291 130 0 1
360 129 0 1
359 129 0 1
358 129 0 1
357 129 0 1
356 129 0 1
295 129 0 1
294 129 0 1
293 129 0 1
292 129 0 1
291 129 0 1
361 128 0 1
360 128 0 1
359 128 0 1
358 128 0 1
357 128 0 1
356 128 0 1
295 128 0 1
294 128 0 1
293 128 0 1
292 128 0 1
291 128 0 1
361 127 0 1
360 127 0 1
359 127 0 1
358 127 0 1
357 127 0 1
356 127 0 1
295 127 0 1
294 127 0 1
293 127 0 1
292 127 0 1
291 127 0 1
361 126 0 1
360 126 0 1
359 126 0 1
358 126 0 1
357 126 0 1
295 126 0 1
294 126 0 1
293 126 0 1
292 126 0 1
291 126 0 1
362 125 0 1
361 125 0 1
360 125 0 1
359 125 0 1
358 125 0 1
357 125 0 1
296 125 0 1
295 125 0 1
294 125 0 1
293 125 0 1
292 125 0 1
291 125 0 1
362 124 0 1
361 124 0 1
360 124 0 1
359 124 0 1
358 124 0 1
297 124 0 1
296 124 0 1
295 124 0 1
294 124 0 1
293 124 0 1
292 124 0 1
291 124 0 1
363 123 0 1
362 123 0 1
361 123 0 1
360 123 0 1
359 123 0 1
358 123 0 1
297 123 0 1
296 123 0 1
295 123 0 1
294 123 0 1
293 123 0 1
292 123 0 1
363 122 0 1
362 122 0 1
361 122 0 1
360 122 0 1
359 122 0 1
358 122 0 1
298 122 0 1
297 122 0 1
296 122 0 1
295 122 0 1
294 122 0 1
293 122 0 1
364 121 0 1
363 121 0 1
362 121 0 1
361 121 0 1
360 121 0 1
359 121 0 1
299 121 0 1
298 121 0 1
297 121 0 1
296 121 0 1
295 121 0 1
294 121 0 1
364 120 0 1
363 120 0 1
362 120 0 1
361 120 0 1
360 120 0 1
359 120 0 1
300 120 0 1
299 120 0 1
298 120 0 1
297 120 0 1
296 120 0 1
295 120 0 1
294 120 0 1
365 119 0 1
364 119 0 1
363 119 0 1
362 119 0 1
361 119 0 1
360 119 0 1
301 119 0 1
300 119 0 1
299 119 0 1
298 119 0 1
297 119 0 1
296 119 0 1
295 119 0 1
365 118 0 1
364 118 0 1
363 118 0 1
362 118 0 1
361 118 0 1
360 118 0 1
302 118 0 1
301 118 0 1
300 118 0 1
299 118 0 1
298 118 0 1
297 118 0 1
296 118 0 1
366 117 0 1
365 117 0 1
364 117 0 1
363 117 0 1
362 117 0 1
361 117 0 1
303 117 0 1
302 117 0 1
301 117 0 1
300 117 0 1
299 117 0 1
298 117 0 1
297 117 0 1
367 116 0 1
366 116 0 1
365 116 0 1
364 116 0 1
363 116 0 1
362 116 0 1
304 116 0 1
303 116 0 1
302 116 0 1
301 116 0 1
300 116 0 1
299 116 0 1
298 116 0 1
367 115 0 1
366 115 0 1
365 115 0 1
364 115 0 1
363 115 0 1
362 115 0 1
305 115 0 1
304 115 0 1
303 115 0 1
302 115 0 1
301 115 0 1
300 115 0 1
299 115 0 1
368 114 0 1
367 114 0 1
366 114 0 1
365 114 0 1
364 114 0 1
363 114 0 1
306 114 0 1
305 114 0 1
304 114 0 1
303 114 0 1
302 114 0 1
301 114 0 1
300 114 0 1
368 113 0 1
367 113 0 1
366 113 0 1
365 113 0 1
364 113 0 1
307 113 0 1
306 113 0 1
305 113 0 1
304 113 0 1
303 113 0 1
302 113 0 1
301 113 0 1
369 112 0 1
368 112 0 1
367 112 0 1
366 112 0 1
365 112 0 1
364 112 0 1
308 112 0 1
307 112 0 1
306 112 0 1
305 112 0 1
304 112 0 1
303 112 0 1
302 112 0 1
235 112 0 0
234 112 0 0
233 112 0 0
232 112 0 0
231 112 0 0
370 111 0 1
369 111 0 1
368 111 0 1
367 111 0 1
366 111 0 1
365 111 0 1
310 111 0 1
309 111 0 1
308 111 0 1
307 111 0 1
306 111 0 1
305 111 0 1
304 111 0 1
303 111 0 1
236 111 0 0
235 111 0 0
234 111 0 0
233 111 0 0
232 111 0 0
231 111 0 0
433 110 0 0
432 110 0 0
431 110 0 0
430 110 0 0
370 110 0 1
369 110 0 1
368 110 0 1
367 110 0 1
366 110 0 1
365 110 0 1
311 110 0 1
310 110 0 1
309 110 0 1
308 110 0 1
307 110 0 1
306 110 0 1
305 110 0 1
304 110 0 1
237 110 0 0
236 110 0 0
235 110 0 0
234 110 0 0
233 110 0 0
232 110 0 0
231 110 0 0
433 109 0 0
432 109 0 0
431 109 0 0
430 109 0 0
371 109 0 1
370 109 0 1
369 109 0 1
368 109 0 1
367 109 0 1
366 109 0 1
312 109 0 1
311 109 0 1
310 109 0 1
309 109 0 1
308 109 0 1
307 109 0 1
306 109 0 1
305 109 0 1
242 109 0 0
241 109 0 0
240 109 0 0
239 109 0 0
238 109 0 0
237 109 0 0
236 109 0 0
235 109 0 0
234 109 0 0
233 109 0 0
232 109 0 0
231 109 0 0
433 108 0 0
432 108 0 0
431 108 0 0
430 108 0 0
429 108 0 0
372 108 0 1
371 108 0 1
370 108 0 1
369 108 0 1
368 108 0 1
367 108 0 1
366 108 0 1
313 108 0 1
312 108 0 1
311 108 0 1
310 108 0 1
309 108 0 1
308 108 0 1
307 108 0 1
306 108 0 1
243 108 0 0
242 108 0 0
241 108 0 0
240 108 0 0
239 108 0 0
238 108 0 0
237 108 0 0
236 108 0 0
235 108 0 0
234 108 0 0
233 108 0 0
433 107 0 0
432 107 0 0
431 107 0 0
430 107 0 0
429 107 0 0
372 107 0 1
371 107 0 1
370 107 0 1
369 107 0 1
368 107 0 1
367 107 0 1
314 107 0 1
313 107 0 1
312 107 0 1
311 107 0 1
310 107 0 1
309 107 0 1
308 107 0 1
307 107 0 1
244 107 0 0
243 107 0 0
242 107 0 0
241 107 0 0
240 107 0 0
239 107 0 0
238 107 0 0
237 107 0 0
236 107 0 0
235 107 0 0
234 107 0 0
433 106 0 0
432 106 0 0
431 106 0 0
430 106 0 0
429 106 0 0
428 106 0 0
427 106 0 0
373 106 0 1
372 106 0 1
371 106 0 1
370 106 0 1
369 106 0 1
368 106 0 1
315 106 0 1
314 106 0 1
313 106 0 1
312 106 0 1
311 106 0 1
310 106 0 1
309 106 0 1
247 106 0 0
246 106 0 0
245 106 0 0
244 106 0 0
243 106 0 0
242 106 0 0
241 106 0 0
240 106 0 0
239 106 0 0
238 106 0 0
237 106 0 0
236 106 0 0
235 106 0 0
432 105 0 0
431 105 0 0
430 105 0 0
429 105 0 0
428 105 0 0
427 105 0 0
426 105 0 0
373 105 0 1
372 105 0 1
371 105 0 1
370 105 0 1
369 105 0 1
368 105 0 1
318 105 0 1
317 105 0 1
316 105 0 1
315 105 0 1
314 105 0 1
313 105 0 1
312 105 0 1
311 105 0 1
310 105 0 1
248 105 0 0
247 105 0 0
246 105 0 0
245 105 0 0
244 105 0 0
243 105 0 0
242 105 0 0
241 105 0 0
240 105 0 0
239 105 0 0
238 105 0 0
432 104 0 0
431 104 0 0
430 104 0 0
429 104 0 0
428 104 0 0
427 104 0 0
426 104 0 0
425 104 0 0
424 104 0 0
374 104 0 1
373 104 0 1
372 104 0 1
371 104 0 1
370 104 0 1
369 104 0 1
319 104 0 1
318 104 0 1
317 104 0 1
316 104 0 1
315 104 0 1
314 104 0 1
313 104 0 1
312 104 0 1
311 104 0 1
252 104 0 0
251 104 0 0
250 104 0 0
249 104 0 0
248 104 0 0
247 104 0 0
246 104 0 0
245 104 0 0
244 104 0 0
243 104 0 0
242 104 0 0
241 104 0 0
431 103 0 0
430 103 0 0
429 103 0 0
428 103 0 0
427 103 0 0
426 103 0 0
425 103 0 0
424 103 0 0
423 103 0 0
375 103 0 1
374 103 0 1
373 103 0 1
372 103 0 1
371 103 0 1
370 103 0 1
320 103 0 1
319 103 0 1
318 103 0 1
317 103 0 1
316 103 0 1
315 103 0 1
314 103 0 1
313 103 0 1
312 103 0 1
253 103 0 0
252 103 0 0
251 103 0 0
250 103 0 0
249 103 0 0
248 103 0 0
247 103 0 0
246 103 0 0
245 103 0 0
244 103 0 0
243 103 0 0
242 103 0 0
430 102 0 0
429 102 0 0
428 102 0 0
427 102 0 0
426 102 0 0
425 102 0 0
424 102 0 0
423 102 0 0
422 102 0 0
375 102 0 1
374 102 0 1
373 102 0 1
372 102 0 1
371 102 0 1
370 102 0 1
321 102 0 1
320 102 0 1
319 102 0 1
318 102 0 1
317 102 0 1
316 102 0 1
315 102 0 1
314 102 0 1
313 102 0 1
254 102 0 0
253 102 0 0
252 102 0 0
251 102 0 0
250 102 0 0
249 102 0 0
248 102 0 0
247 102 0 0
246 102 0 0
245 102 0 0
244 102 0 0
243 102 0 0
428 101 0 0
427 101 0 0
426 101 0 0
425 101 0 0
424 101 0 0
423 101 0 0
422 101 0 0
375 101 0 1
374 101 0 1
373 101 0 1
372 101 0 1
371 101 0 1
321 101 0 1
320 101 0 1
319 101 0 1
318 101 0 1
317 101 0 1
316 101 0 1
315 101 0 1
255 101 0 0
254 101 0 0
253 101 0 0
252 101 0 0
251 101 0 0
250 101 0 0
249 101 0 0
248 101 0 0
247 101 0 0
246 101 0 0
427 100 0 0
426 100 0 0
425 100 0 0
424 100 0 0
423 100 0 0
422 100 0 0
421 100 0 0
376 100 0 1
375 100 0 1
374 100 0 1
373 100 0 1
372 100 0 1
371 100 0 1
322 100 0 1
321 100 0 1
320 100 0 1
319 100 0 1
318 100 0 1
317 100 0 1
316 100 0 1
256 100 0 0
255 100 0 0
254 100 0 0
253 100 0 0
252 100 0 0
251 100 0 0
250 100 0 0
249 100 0 0
425 99 0 0
424 99 0 0
423 99 0 0
422 99 0 0
421 99 0 0
420 99 0 0
419 99 0 0
376 99 0 1
375 99 0 1
374 99 0 1
373 99 0 1
372 99 0 1
323 99 0 1
322 99 0 1
321 99 0 1
320 99 0 1
319 99 0 1
318 99 0 1
257 99 0 0
256 99 0 0
255 99 0 0
254 99 0 0
253 99 0 0
252 99 0 0
251 99 0 0
425 98 0 0
424 98 0 0
423 98 0 0
422 98 0 0
421 98 0 0
420 98 0 0
419 98 0 0
418 98 0 0
377 98 0 1
376 98 0 1
375 98 0 1
374 98 0 1
373 98 0 1
372 98 0 1
324 98 0 1
323 98 0 1
322 98 0 1
321 98 0 1
320 98 0 1
319 98 0 1
318 98 0 1
258 98 0 0
257 98 0 0
256 98 0 0
255 98 0 0
254 98 0 0
253 98 0 0
252 98 0 0
424 97 0 0
423 97 0 0
422 97 0 0
421 97 0 0
420 97 0 0
419 97 0 0
418 97 0 0
417 97 0 0
416 97 0 0
377 97 0 1
376 97 0 1
375 97 0 1
374 97 0 1
373 97 0 1
372 97 0 1
326 97 0 1
325 97 0 1
324 97 0 1
323 97 0 1
322 97 0 1
321 97 0 1
320 97 0 1
319 97 0 1
259 97 0 0
258 97 0 0
257 97 0 0
256 97 0 0
255 97 0 0
254 97 0 0
253 97 0 0
423 96 0 0
422 96 0 0
421 96 0 0
420 96 0 0
419 96 0 0
418 96 0 0
417 96 0 0
416 96 0 0
415 96 0 0
377 96 0 1
376 96 0 1
375 96 0 1
374 96 0 1
373 96 0 1
327 96 0 1
326 96 0 1
325 96 0 1
324 96 0 1
323 96 0 1
322 96 0 1
321 96 0 1
320 96 0 1
262 96 0 0
261 96 0 0
260 96 0 0
259 96 0 0
258 96 0 0
257 96 0 0
256 96 0 0
255 96 0 0
254 96 0 0
421 95 0 0
420 95 0 0
419 95 0 0
418 95 0 0
417 95 0 0
416 95 0 0
415 95 0 0
414 95 0 0
413 95 0 0
377 95 0 1
376 95 0 1
375 95 0 1
374 95 0 1
373 95 0 1
328 95 0 1
327 95 0 1
326 95 0 1
325 95 0 1
324 95 0 1
323 95 0 1
322 95 0 1
321 95 0 1
263 95 0 0
262 95 0 0
261 95 0 0
260 95 0 0
259 95 0 0
258 95 0 0
257 95 0 0
256 95 0 0
255 95 0 0
420 94 0 0
419 94 0 0
418 94 0 0
417 94 0 0
416 94 0 0
415 94 0 0
414 94 0 0
413 94 0 0
412 94 0 0
377 94 0 1
376 94 0 1
375 94 0 1
374 94 0 1
373 94 0 1
328 94 0 1
327 94 0 1
326 94 0 1
325 94 0 1
324 94 0 1
323 94 0 1
322 94 0 1
264 94 0 0
263 94 0 0
262 94 0 0
261 94 0 0
260 94 0 0
259 94 0 0
258 94 0 0
257 94 0 0
256 94 0 0
418 93 0 0
417 93 0 0
416 93 0 0
415 93 0 0
414 93 0 0
413 93 0 0
412 93 0 0
411 93 0 0
377 93 0 1
376 93 0 1
375 93 0 1
374 93 0 1
373 93 0 1
328 93 0 1
327 93 0 1
326 93 0 1
325 93 0 1
324 93 0 1
323 93 0 1
265 93 0 0
264 93 0 0
263 93 0 0
262 93 0 0
261 93 0 0
260 93 0 0
259 93 0 0
258 93 0 0
257 93 0 0
417 92 0 0
416 92 0 0
415 92 0 0
414 92 0 0
413 92 0 0
412 92 0 0
411 92 0 0
410 92 0 0
377 92 0 1
376 92 0 1
375 92 0 1
374 92 0 1
328 92 0 1
327 92 0 1
326 92 0 1
325 92 0 1
267 92 0 0
266 92 0 0
265 92 0 0
264 92 0 0
263 92 0 0
262 92 0 0
261 92 0 0
260 92 0 0
259 92 0 0
415 91 0 0
414 91 0 0
413 91 0 0
412 91 0 0
411 91 0 0
410 91 0 0
409 91 0 0
377 91 0 1
376 91 0 1
375 91 0 1
374 91 0 1
269 91 0 0
268 91 0 0
267 91 0 0
266 91 0 0
265 91 0 0
264 91 0 0
263 91 0 0
262 91 0 0
261 91 0 0
260 91 0 0
414 90 0 0
413 90 0 0
412 90 0 0
411 90 0 0
410 90 0 0
409 90 0 0
408 90 0 0
377 90 0 1
376 90 0 1
375 90 0 1
374 90 0 1
270 90 0 0
269 90 0 0
268 90 0 0
267 90 0 0
266 90 0 0
265 90 0 0
264 90 0 0
263 90 0 0
262 90 0 0
413 89 0 0
412 89 0 0
411 89 0 0
410 89 0 0
409 89 0 0
408 89 0 0
407 89 0 0
377 89 0 1
376 89 0 1
375 89 0 1
374 89 0 1
272 89 0 0
271 89 0 0
270 89 0 0
269 89 0 0
268 89 0 0
267 89 0 0
266 89 0 0
265 89 0 0
264 89 0 0
263 89 0 0
412 88 0 0
411 88 0 0
410 88 0 0
409 88 0 0
408 88 0 0
407 88 0 0
406 88 0 0
405 88 0 0
377 88 0 1
376 88 0 1
375 88 0 1
374 88 0 1
274 88 0 0
273 88 0 0
272 88 0 0
271 88 0 0
270 88 0 0
269 88 0 0
268 88 0 0
267 88 0 0
266 88 0 0
265 88 0 0
411 87 0 0
410 87 0 0
409 87 0 0
408 87 0 0
407 87 0 0
406 87 0 0
405 87 0 0
404 87 0 0
403 87 0 0
275 87 0 0
274 87 0 0
273 87 0 0
272 87 0 0
271 87 0 0
270 87 0 0
269 87 0 0
268 87 0 0
267 87 0 0
410 86 0 0
409 86 0 0
408 86 0 0
407 86 0 0
406 86 0 0
405 86 0 0
404 86 0 0
403 86 0 0
402 86 0 0
401 86 0 0
400 86 0 0
276 86 0 0
275 86 0 0
274 86 0 0
273 86 0 0
272 86 0 0
271 86 0 0
270 86 0 0
269 86 0 0
268 86 0 0
409 85 0 0
408 85 0 0
407 85 0 0
406 85 0 0
405 85 0 0
404 85 0 0
403 85 0 0
402 85 0 0
401 85 0 0
400 85 0 0
399 85 0 0
276 85 0 0
275 85 0 0
274 85 0 0
273 85 0 0
272 85 0 0
271 85 0 0
270 85 0 0
408 84 0 0
407 84 0 0
406 84 0 0
405 84 0 0
404 84 0 0
403 84 0 0
402 84 0 0
401 84 0 0
400 84 0 0
399 84 0 0
398 84 0 0
277 84 0 0
276 84 0 0
275 84 0 0
274 84 0 0
273 84 0 0
272 84 0 0
271 84 0 0
406 83 0 0
405 83 0 0
404 83 0 0
403 83 0 0
402 83 0 0
401 83 0 0
400 83 0 0
399 83 0 0
398 83 0 0
397 83 0 0
279 83 0 0
278 83 0 0
277 83 0 0
276 83 0 0
275 83 0 0
274 83 0 0
273 83 0 0
272 83 0 0
404 82 0 0
403 82 0 0
402 82 0 0
401 82 0 0
400 82 0 0
399 82 0 0
398 82 0 0
397 82 0 0
396 82 0 0
280 82 0 0
279 82 0 0
278 82 0 0
277 82 0 0
276 82 0 0
275 82 0 0
274 82 0 0
273 82 0 0
401 81 0 0
400 81 0 0
399 81 0 0
398 81 0 0
397 81 0 0
396 81 0 0
395 81 0 0
281 81 0 0
280 81 0 0
279 81 0 0
278 81 0 0
277 81 0 0
276 81 0 0
275 81 0 0
274 81 0 0
400 80 0 0
399 80 0 0
398 80 0 0
397 80 0 0
396 80 0 0
395 80 0 0
394 80 0 0
393 80 0 0
392 80 0 0
283 80 0 0
282 80 0 0
281 80 0 0
280 80 0 0
279 80 0 0
278 80 0 0
277 80 0 0
276 80 0 0
275 80 0 0
399 79 0 0
398 79 0 0
397 79 0 0
396 79 0 0
395 79 0 0
394 79 0 0
393 79 0 0
392 79 0 0
391 79 0 0
284 79 0 0
283 79 0 0
282 79 0 0
281 79 0 0
280 79 0 0
279 79 0 0
278 79 0 0
277 79 0 0
276 79 0 0
398 78 0 0
397 78 0 0
396 78 0 0
395 78 0 0
394 78 0 0
393 78 0 0
392 78 0 0
391 78 0 0
390 78 0 0
389 78 0 0
286 78 0 0
285 78 0 0
284 78 0 0
283 78 0 0
282 78 0 0
281 78 0 0
280 78 0 0
279 78 0 0
278 78 0 0
397 77 0 0
396 77 0 0
395 77 0 0
394 77 0 0
393 77 0 0
392 77 0 0
391 77 0 0
390 77 0 0
389 77 0 0
388 77 0 0
387 77 0 0
386 77 0 0
385 77 0 0
287 77 0 0
286 77 0 0
285 77 0 0
284 77 0 0
283 77 0 0
282 77 0 0
281 77 0 0
280 77 0 0
279 77 0 0
396 76 0 0
395 76 0 0
394 76 0 0
393 76 0 0
392 76 0 0
391 76 0 0
390 76 0 0
389 76 0 0
388 76 0 0
387 76 0 0
386 76 0 0
385 76 0 0
384 76 0 0
288 76 0 0
287 76 0 0
286 76 0 0
285 76 0 0
284 76 0 0
283 76 0 0
282 76 0 0
281 76 0 0
393 75 0 0
392 75 0 0
391 75 0 0
390 75 0 0
389 75 0 0
388 75 0 0
387 75 0 0
386 75 0 0
385 75 0 0
384 75 0 0
383 75 0 0
382 75 0 0
289 75 0 0
288 75 0 0
287 75 0 0
286 75 0 0
285 75 0 0
284 75 0 0
283 75 0 0
282 75 0 0
391 74 0 0
390 74 0 0
389 74 0 0
388 74 0 0
387 74 0 0
386 74 0 0
385 74 0 0
384 74 0 0
383 74 0 0
382 74 0 0
381 74 0 0
380 74 0 0
379 74 0 0
378 74 0 0
290 74 0 0
289 74 0 0
288 74 0 0
287 74 0 0
286 74 0 0
285 74 0 0
284 74 0 0
390 73 0 0
389 73 0 0
388 73 0 0
387 73 0 0
386 73 0 0
385 73 0 0
384 73 0 0
383 73 0 0
382 73 0 0
381 73 0 0
380 73 0 0
379 73 0 0
378 73 0 0
377 73 0 0
376 73 0 0
375 73 0 0
291 73 0 0
290 73 0 0
289 73 0 0
288 73 0 0
287 73 0 0
286 73 0 0
285 73 0 0
284 73 0 0
386 72 0 0
385 72 0 0
384 72 0 0
383 72 0 0
382 72 0 0
381 72 0 0
380 72 0 0
379 72 0 0
378 72 0 0
377 72 0 0
376 72 0 0
375 72 0 0
374 72 0 0
373 72 0 0
372 72 0 0
371 72 0 0
292 72 0 0
291 72 0 0
290 72 0 0
289 72 0 0
288 72 0 0
287 72 0 0
286 72 0 0
285 72 0 0
384 71 0 0
383 71 0 0
382 71 0 0
381 71 0 0
380 71 0 0
379 71 0 0
378 71 0 0
377 71 0 0
376 71 0 0
375 71 0 0
374 71 0 0
373 71 0 0
372 71 0 0
371 71 0 0
370 71 0 0
369 71 0 0
368 71 0 0
294 71 0 0
293 71 0 0
292 71 0 0
291 71 0 0
290 71 0 0
289 71 0 0
288 71 0 0
287 71 0 0
382 70 0 0
381 70 0 0
380 70 0 0
379 70 0 0
378 70 0 0
377 70 0 0
376 70 0 0
375 70 0 0
374 70 0 0
373 70 0 0
372 70 0 0
371 70 0 0
370 70 0 0
369 70 0 0
368 70 0 0
367 70 0 0
366 70 0 0
365 70 0 0
364 70 0 0
363 70 0 0
362 70 0 0
361 70 0 0
360 70 0 0
296 70 0 0
295 70 0 0
294 70 0 0
293 70 0 0
292 70 0 0
291 70 0 0
290 70 0 0
289 70 0 0
288 70 0 0
379 69 0 0
378 69 0 0
377 69 0 0
376 69 0 0
375 69 0 0
374 69 0 0
373 69 0 0
372 69 0 0
371 69 0 0
370 69 0 0
369 69 0 0
368 69 0 0
367 69 0 0
366 69 0 0
365 69 0 0
364 69 0 0
363 69 0 0
362 69 0 0
361 69 0 0
360 69 0 0
359 69 0 0
358 69 0 0
357 69 0 0
356 69 0 0
355 69 0 0
354 69 0 0
353 69 0 0
352 69 0 0
298 69 0 0
297 69 0 0
296 69 0 0
295 69 0 0
294 69 0 0
293 69 0 0
292 69 0 0
291 69 0 0
290 69 0 0
289 69 0 0
376 68 0 0
375 68 0 0
374 68 0 0
373 68 0 0
372 68 0 0
371 68 0 0
370 68 0 0
369 68 0 0
368 68 0 0
367 68 0 0
366 68 0 0
365 68 0 0
364 68 0 0
363 68 0 0
362 68 0 0
361 68 0 0
360 68 0 0
359 68 0 0
358 68 0 0
357 68 0 0
356 68 0 0
355 68 0 0
354 68 0 0
353 68 0 0
352 68 0 0
351 68 0 0
350 68 0 0
349 68 0 0
348 68 0 0
347 68 0 0
346 68 0 0
345 68 0 0
298 68 0 0
297 68 0 0
296 68 0 0
295 68 0 0
294 68 0 0
293 68 0 0
292 68 0 0
291 68 0 0
290 68 0 0
372 67 0 0
371 67 0 0
370 67 0 0
369 67 0 0
368 67 0 0
367 67 0 0
366 67 0 0
365 67 0 0
364 67 0 0
363 67 0 0
362 67 0 0
361 67 0 0
360 67 0 0
359 67 0 0
358 67 0 0
357 67 0 0
356 67 0 0
355 67 0 0
354 67 0 0
353 67 0 0
352 67 0 0
351 67 0 0
350 67 0 0
349 67 0 0
348 67 0 0
347 67 0 0
346 67 0 0
345 67 0 0
344 67 0 0
343 67 0 0
302 67 0 0
301 67 0 0
300 67 0 0
299 67 0 0
298 67 0 0
297 67 0 0
296 67 0 0
295 67 0 0
294 67 0 0
293 67 0 0
292 67 0 0
291 67 0 0
365 66 0 0
364 66 0 0
363 66 0 0
362 66 0 0
361 66 0 0
360 66 0 0
359 66 0 0
358 66 0 0
357 66 0 0
356 66 0 0
355 66 0 0
354 66 0 0
353 66 0 0
352 66 0 0
351 66 0 0
350 66 0 0
349 66 0 0
348 66 0 0
347 66 0 0
346 66 0 0
345 66 0 0
344 66 0 0
343 66 0 0
342 66 0 0
341 66 0 0
340 66 0 0
339 66 0 0
338 66 0 0
337 66 0 0
336 66 0 0
335 66 0 0
334 66 0 0
333 66 0 0
332 66 0 0
331 66 0 0
330 66 0 0
329 66 0 0
328 66 0 0
327 66 0 0
326 66 0 0
306 66 0 0
305 66 0 0
304 66 0 0
303 66 0 0
302 66 0 0
301 66 0 0
300 66 0 0
299 66 0 0
298 66 0 0
297 66 0 0
296 66 0 0
295 66 0 0
294 66 0 0
293 66 0 0
356 65 0 0
355 65 0 0
354 65 0 0
353 65 0 0
352 65 0 0
351 65 0 0
350 65 0 0
349 65 0 0
348 65 0 0
347 65 0 0
346 65 0 0
345 65 0 0
344 65 0 0
343 65 0 0
342 65 0 0
341 65 0 0
340 65 0 0
339 65 0 0
338 65 0 0
337 65 0 0
336 65 0 0
335 65 0 0
334 65 0 0
333 65 0 0
332 65 0 0
331 65 0 0
330 65 0 0
329 65 0 0
328 65 0 0
327 65 0 0
326 65 0 0
325 65 0 0
324 65 0 0
323 65 0 0
322 65 0 0
321 65 0 0
320 65 0 0
319 65 0 0
318 65 0 0
317 65 0 0
316 65 0 0
315 65 0 0
314 65 0 0
313 65 0 0
312 65 0 0
311 65 0 0
310 65 0 0
309 65 0 0
308 65 0 0
307 65 0 0
306 65 0 0
305 65 0 0
304 65 0 0
303 65 0 0
302 65 0 0
301 65 0 0
300 65 0 0
299 65 0 0
298 65 0 0
297 65 0 0
296 65 0 0
295 65 0 0
350 64 0 0
349 64 0 0
348 64 0 0
347 64 0 0
346 64 0 0
345 64 0 0
344 64 0 0
343 64 0 0
342 64 0 0
341 64 0 0
340 64 0 0
339 64 0 0
338 64 0 0
337 64 0 0
336 64 0 0
335 64 0 0
334 64 0 0
333 64 0 0
332 64 0 0
331 64 0 0
330 64 0 0
329 64 0 0
328 64 0 0
327 64 0 0
326 64 0 0
325 64 0 0
324 64 0 0
323 64 0 0
322 64 0 0
321 64 0 0
320 64 0 0
319 64 0 0
318 64 0 0
317 64 0 0
316 64 0 0
315 64 0 0
314 64 0 0
313 64 0 0
312 64 0 0
311 64 0 0
310 64 0 0
309 64 0 0
308 64 0 0
307 64 0 0
306 64 0 0
305 64 0 0
304 64 0 0
303 64 0 0
302 64 0 0
301 64 0 0
300 64 0 0
299 64 0 0
298 64 0 0
297 64 0 0
296 64 0 0
295 64 0 0
346 63 0 0
345 63 0 0
344 63 0 0
343 63 0 0
342 63 0 0
341 63 0 0
340 63 0 0
339 63 0 0
338 63 0 0
337 63 0 0
336 63 0 0
335 63 0 0
334 63 0 0
333 63 0 0
332 63 0 0
331 63 0 0
330 63 0 0
329 63 0 0
328 63 0 0
327 63 0 0
326 63 0 0
325 63 0 0
324 63 0 0
323 63 0 0
322 63 0 0
321 63 0 0
320 63 0 0
319 63 0 0
318 63 0 0
317 63 0 0
316 63 0 0
315 63 0 0
314 63 0 0
313 63 0 0
312 63 0 0
311 63 0 0
310 63 0 0
309 63 0 0
308 63 0 0
307 63 0 0
306 63 0 0
305 63 0 0
304 63 0 0
303 63 0 0
302 63 0 0
301 63 0 0
300 63 0 0
299 63 0 0
298 63 0 0
331 62 0 0
330 62 0 0
329 62 0 0
328 62 0 0
327 62 0 0
326 62 0 0
325 62 0 0
324 62 0 0
323 62 0 0
322 62 0 0
321 62 0 0
320 62 0 0
319 62 0 0
318 62 0 0
317 62 0 0
316 62 0 0
315 62 0 0
314 62 0 0
313 62 0 0
312 62 0 0
311 62 0 0
310 62 0 0
309 62 0 0
308 62 0 0
307 62 0 0
306 62 0 0
305 62 0 0
304 62 0 0
303 62 0 0
302 62 0 0
301 62 0 0
