3568 321 481
114 395 0 0
113 395 0 0
112 395 0 0
111 395 0 0
114 394 0 0
113 394 0 0
112 394 0 0
111 394 0 0
114 393 0 0
113 393 0 0
112 393 0 0
111 393 0 0
114 392 0 0
113 392 0 0
112 392 0 0
111 392 0 0
114 391 0 0
113 391 0 0
112 391 0 0
111 391 0 0
110 391 0 0
114 390 0 0
113 390 0 0
112 390 0 0
111 390 0 0
110 390 0 0
114 389 0 0
113 389 0 0
112 389 0 0
111 389 0 0
110 389 0 0
109 389 0 0
113 388 0 0
112 388 0 0
111 388 0 0
110 388 0 0
109 388 0 0
113 387 0 0
112 387 0 0
111 387 0 0
110 387 0 0
109 387 0 0
108 387 0 0
112 386 0 0
111 386 0 0
110 386 0 0
109 386 0 0
108 386 0 0
107 386 0 0
112 385 0 0
111 385 0 0
110 385 0 0
109 385 0 0
108 385 0 0
107 385 0 0
111 384 0 0
110 384 0 0
109 384 0 0
108 384 0 0
107 384 0 0
202 383 0 0
201 383 0 0
200 383 0 0
199 383 0 0
110 383 0 0
109 383 0 0
108 383 0 0
107 383 0 0
106 383 0 0
202 382 0 0
201 382 0 0
200 382 0 0
199 382 0 0
110 382 0 0
109 382 0 0
108 382 0 0
107 382 0 0
106 382 0 0
105 382 0 0
202 381 0 0
201 381 0 0
200 381 0 0
199 381 0 0
110 381 0 0
109 381 0 0
108 381 0 0
107 381 0 0
106 381 0 0
105 381 0 0
104 381 0 0
202 380 0 0
201 380 0 0
200 380 0 0
199 380 0 0
109 380 0 0
108 380 0 0
107 380 0 0
106 380 0 0
105 380 0 0
104 380 0 0
202 379 0 0
201 379 0 0
200 379 0 0
199 379 0 0
108 379 0 0
107 379 0 0
106 379 0 0
105 379 0 0
104 379 0 0
202 378 0 0
201 378 0 0
200 378 0 0
199 378 0 0
108 378 0 0
107 378 0 0
106 378 0 0
105 378 0 0
104 378 0 0
103 378 0 0
202 377 0 0
201 377 0 0
200 377 0 0
199 377 0 0
108 377 0 0
107 377 0 0
106 377 0 0
105 377 0 0
104 377 0 0
103 377 0 0
202 376 0 0
201 376 0 0
200 376 0 0
199 376 0 0
107 376 0 0
106 376 0 0
105 376 0 0
104 376 0 0
103 376 0 0
102 376 0 0
202 375 0 0
201 375 0 0
200 375 0 0
199 375 0 0
107 375 0 0
106 375 0 0
105 375 0 0
104 375 0 0
103 375 0 0
102 375 0 0
202 374 0 0
201 374 0 0
200 374 0 0
199 374 0 0
106 374 0 0
105 374 0 0
104 374 0 0
103 374 0 0
102 374 0 0
202 373 0 0
201 373 0 0
200 373 0 0
199 373 0 0
105 373 0 0
104 373 0 0
103 373 0 0
102 373 0 0
101 373 0 0
202 372 0 0
201 372 0 0
200 372 0 0
199 372 0 0
105 372 0 0
104 372 0 0
103 372 0 0
102 372 0 0
101 372 0 0
100 372 0 0
202 371 0 0
201 371 0 0
200 371 0 0
199 371 0 0
105 371 0 0
104 371 0 0
103 371 0 0
102 371 0 0
101 371 0 0
100 371 0 0
99 371 0 0
202 370 0 0
201 370 0 0
200 370 0 0
199 370 0 0
104 370 0 0
103 370 0 0
102 370 0 0
101 370 0 0
100 370 0 0
99 370 0 0
202 369 0 0
201 369 0 0
200 369 0 0
199 369 0 0
103 369 0 0
102 369 0 0
101 369 0 0
100 369 0 0
99 369 0 0
202 368 0 0
201 368 0 0
200 368 0 0
199 368 0 0
103 368 0 0
102 368 0 0
101 368 0 0
100 368 0 0
99 368 0 0
98 368 0 0
202 367 0 0
201 367 0 0
200 367 0 0
199 367 0 0
103 367 0 0
102 367 0 0
101 367 0 0
100 367 0 0
99 367 0 0
98 367 0 0
97 367 0 0
202 366 0 0
201 366 0 0
200 366 0 0
199 366 0 0
198 366 0 0
102 366 0 0
101 366 0 0
100 366 0 0
99 366 0 0
98 366 0 0
97 366 0 0
202 365 0 0
201 365 0 0
200 365 0 0
199 365 0 0
198 365 0 0
101 365 0 0
100 365 0 0
99 365 0 0
98 365 0 0
97 365 0 0
96 365 0 0
202 364 0 0
201 364 0 0
200 364 0 0
199 364 0 0
198 364 0 0
101 364 0 0
100 364 0 0
99 364 0 0
98 364 0 0
97 364 0 0
96 364 0 0
95 364 0 0
202 363 0 0
201 363 0 0
200 363 0 0
199 363 0 0
198 363 0 0
100 363 0 0
99 363 0 0
98 363 0 0
97 363 0 0
96 363 0 0
95 363 0 0
201 362 0 0
200 362 0 0
199 362 0 0
198 362 0 0
99 362 0 0
98 362 0 0
97 362 0 0
96 362 0 0
95 362 0 0
201 361 0 0
200 361 0 0
199 361 0 0
198 361 0 0
99 361 0 0
98 361 0 0
97 361 0 0
96 361 0 0
95 361 0 0
94 361 0 0
201 360 0 0
200 360 0 0
199 360 0 0
198 360 0 0
99 360 0 0
98 360 0 0
97 360 0 0
96 360 0 0
95 360 0 0
94 360 0 0
201 359 0 0
200 359 0 0
199 359 0 0
198 359 0 0
98 359 0 0
97 359 0 0
96 359 0 0
95 359 0 0
94 359 0 0
201 358 0 0
200 358 0 0
199 358 0 0
198 358 0 0
98 358 0 0
97 358 0 0
96 358 0 0
95 358 0 0
94 358 0 0
93 358 0 0
201 357 0 0
200 357 0 0
199 357 0 0
198 357 0 0
98 357 0 0
97 357 0 0
96 357 0 0
95 357 0 0
94 357 0 0
93 357 0 0
201 356 0 0
200 356 0 0
199 356 0 0
198 356 0 0
97 356 0 0
96 356 0 0
95 356 0 0
94 356 0 0
93 356 0 0
201 355 0 0
200 355 0 0
199 355 0 0
198 355 0 0
97 355 0 0
96 355 0 0
95 355 0 0
94 355 0 0
93 355 0 0
92 355 0 0
201 354 0 0
200 354 0 0
199 354 0 0
198 354 0 0
97 354 0 0
96 354 0 0
95 354 0 0
94 354 0 0
93 354 0 0
92 354 0 0
201 353 0 0
200 353 0 0
199 353 0 0
198 353 0 0
96 353 0 0
95 353 0 0
94 353 0 0
93 353 0 0
92 353 0 0
201 352 0 0
200 352 0 0
199 352 0 0
198 352 0 0
96 352 0 0
95 352 0 0
94 352 0 0
93 352 0 0
92 352 0 0
91 352 0 0
201 351 0 0
200 351 0 0
199 351 0 0
198 351 0 0
96 351 0 0
95 351 0 0
94 351 0 0
93 351 0 0
92 351 0 0
91 351 0 0
201 350 0 0
200 350 0 0
199 350 0 0
198 350 0 0
95 350 0 0
94 350 0 0
93 350 0 0
92 350 0 0
91 350 0 0
201 349 0 0
200 349 0 0
199 349 0 0
198 349 0 0
95 349 0 0
94 349 0 0
93 349 0 0
92 349 0 0
91 349 0 0
90 349 0 0
201 348 0 0
200 348 0 0
199 348 0 0
198 348 0 0
95 348 0 0
94 348 0 0
93 348 0 0
92 348 0 0
91 348 0 0
90 348 0 0
201 347 0 0
200 347 0 0
199 347 0 0
198 347 0 0
94 347 0 0
93 347 0 0
92 347 0 0
91 347 0 0
90 347 0 0
201 346 0 0
200 346 0 0
199 346 0 0
198 346 0 0
94 346 0 0
93 346 0 0
92 346 0 0
91 346 0 0
90 346 0 0
201 345 0 0
200 345 0 0
199 345 0 0
198 345 0 0
94 345 0 0
93 345 0 0
92 345 0 0
91 345 0 0
90 345 0 0
201 344 0 0
200 344 0 0
199 344 0 0
198 344 0 0
94 344 0 0
93 344 0 0
92 344 0 0
91 344 0 0
90 344 0 0
89 344 0 0
201 343 0 0
200 343 0 0
199 343 0 0
198 343 0 0
94 343 0 0
93 343 0 0
92 343 0 0
91 343 0 0
90 343 0 0
89 343 0 0
201 342 0 0
200 342 0 0
199 342 0 0
198 342 0 0
93 342 0 0
92 342 0 0
91 342 0 0
90 342 0 0
89 342 0 0
201 341 0 0
200 341 0 0
199 341 0 0
198 341 0 0
93 341 0 0
92 341 0 0
91 341 0 0
90 341 0 0
89 341 0 0
201 340 0 0
200 340 0 0
199 340 0 0
198 340 0 0
93 340 0 0
92 340 0 0
91 340 0 0
90 340 0 0
89 340 0 0
201 339 0 0
200 339 0 0
199 339 0 0
198 339 0 0
93 339 0 0
92 339 0 0
91 339 0 0
90 339 0 0
89 339 0 0
88 339 0 0
201 338 0 0
200 338 0 0
199 338 0 0
198 338 0 0
93 338 0 0
92 338 0 0
91 338 0 0
90 338 0 0
89 338 0 0
88 338 0 0
201 337 0 0
200 337 0 0
199 337 0 0
198 337 0 0
92 337 0 0
91 337 0 0
90 337 0 0
89 337 0 0
88 337 0 0
87 337 0 0
201 336 0 0
200 336 0 0
199 336 0 0
198 336 0 0
92 336 0 0
91 336 0 0
90 336 0 0
89 336 0 0
88 336 0 0
87 336 0 0
201 335 0 0
200 335 0 0
199 335 0 0
198 335 0 0
91 335 0 0
90 335 0 0
89 335 0 0
88 335 0 0
87 335 0 0
86 335 0 0
201 334 0 0
200 334 0 0
199 334 0 0
198 334 0 0
91 334 0 0
90 334 0 0
89 334 0 0
88 334 0 0
87 334 0 0
86 334 0 0
201 333 0 0
200 333 0 0
199 333 0 0
198 333 0 0
90 333 0 0
89 333 0 0
88 333 0 0
87 333 0 0
86 333 0 0
85 333 0 0
201 332 0 0
200 332 0 0
199 332 0 0
198 332 0 0
90 332 0 0
89 332 0 0
88 332 0 0
87 332 0 0
86 332 0 0
85 332 0 0
201 331 0 0
200 331 0 0
199 331 0 0
198 331 0 0
89 331 0 0
88 331 0 0
87 331 0 0
86 331 0 0
85 331 0 0
84 331 0 0
201 330 0 0
200 330 0 0
199 330 0 0
198 330 0 0
89 330 0 0
88 330 0 0
87 330 0 0
86 330 0 0
85 330 0 0
84 330 0 0
201 329 0 0
200 329 0 0
199 329 0 0
198 329 0 0
88 329 0 0
87 329 0 0
86 329 0 0
85 329 0 0
84 329 0 0
83 329 0 0
201 328 0 0
200 328 0 0
199 328 0 0
198 328 0 0
137 328 0 1
136 328 0 1
135 328 0 1
134 328 0 1
88 328 0 0
87 328 0 0
86 328 0 0
85 328 0 0
84 328 0 0
83 328 0 0
201 327 0 0
200 327 0 0
199 327 0 0
198 327 0 0
137 327 0 1
136 327 0 1
135 327 0 1
134 327 0 1
87 327 0 0
86 327 0 0
85 327 0 0
84 327 0 0
83 327 0 0
201 326 0 0
200 326 0 0
199 326 0 0
198 326 0 0
137 326 0 1
136 326 0 1
135 326 0 1
134 326 0 1
87 326 0 0
86 326 0 0
85 326 0 0
84 326 0 0
83 326 0 0
82 326 0 0
201 325 0 0
200 325 0 0
199 325 0 0
198 325 0 0
182 325 0 1
181 325 0 1
180 325 0 1
179 325 0 1
137 325 0 1
136 325 0 1
135 325 0 1
134 325 0 1
86 325 0 0
85 325 0 0
84 325 0 0
83 325 0 0
82 325 0 0
201 324 0 0
200 324 0 0
199 324 0 0
198 324 0 0
182 324 0 1
181 324 0 1
180 324 0 1
179 324 0 1
138 324 0 1
137 324 0 1
136 324 0 1
135 324 0 1
134 324 0 1
86 324 0 0
85 324 0 0
84 324 0 0
83 324 0 0
82 324 0 0
201 323 0 0
200 323 0 0
199 323 0 0
198 323 0 0
182 323 0 1
181 323 0 1
180 323 0 1
179 323 0 1
138 323 0 1
137 323 0 1
136 323 0 1
135 323 0 1
134 323 0 1
86 323 0 0
85 323 0 0
84 323 0 0
83 323 0 0
82 323 0 0
81 323 0 0
201 322 0 0
200 322 0 0
199 322 0 0
198 322 0 0
182 322 0 1
181 322 0 1
180 322 0 1
179 322 0 1
138 322 0 1
137 322 0 1
136 322 0 1
135 322 0 1
134 322 0 1
85 322 0 0
84 322 0 0
83 322 0 0
82 322 0 0
81 322 0 0
201 321 0 0
200 321 0 0
199 321 0 0
198 321 0 0
182 321 0 1
181 321 0 1
180 321 0 1
179 321 0 1
139 321 0 1
138 321 0 1
137 321 0 1
136 321 0 1
135 321 0 1
134 321 0 1
85 321 0 0
84 321 0 0
83 321 0 0
82 321 0 0
81 321 0 0
201 320 0 0
200 320 0 0
199 320 0 0
198 320 0 0
182 320 0 1
181 320 0 1
180 320 0 1
179 320 0 1
139 320 0 1
138 320 0 1
137 320 0 1
136 320 0 1
135 320 0 1
134 320 0 1
85 320 0 0
84 320 0 0
83 320 0 0
82 320 0 0
81 320 0 0
80 320 0 0
201 319 0 0
200 319 0 0
199 319 0 0
198 319 0 0
182 319 0 1
181 319 0 1
180 319 0 1
179 319 0 1
139 319 0 1
138 319 0 1
137 319 0 1
136 319 0 1
135 319 0 1
84 319 0 0
83 319 0 0
82 319 0 0
81 319 0 0
80 319 0 0
201 318 0 0
200 318 0 0
199 318 0 0
198 318 0 0
182 318 0 1
181 318 0 1
180 318 0 1
179 318 0 1
140 318 0 1
139 318 0 1
138 318 0 1
137 318 0 1
136 318 0 1
135 318 0 1
84 318 0 0
83 318 0 0
82 318 0 0
81 318 0 0
80 318 0 0
201 317 0 0
200 317 0 0
199 317 0 0
198 317 0 0
182 317 0 1
181 317 0 1
180 317 0 1
179 317 0 1
140 317 0 1
139 317 0 1
138 317 0 1
137 317 0 1
136 317 0 1
84 317 0 0
83 317 0 0
82 317 0 0
81 317 0 0
80 317 0 0
79 317 0 0
201 316 0 0
200 316 0 0
199 316 0 0
198 316 0 0
183 316 0 1
182 316 0 1
181 316 0 1
180 316 0 1
179 316 0 1
141 316 0 1
140 316 0 1
139 316 0 1
138 316 0 1
137 316 0 1
136 316 0 1
83 316 0 0
82 316 0 0
81 316 0 0
80 316 0 0
79 316 0 0
201 315 0 0
200 315 0 0
199 315 0 0
198 315 0 0
183 315 0 1
182 315 0 1
181 315 0 1
180 315 0 1
179 315 0 1
141 315 0 1
140 315 0 1
139 315 0 1
138 315 0 1
137 315 0 1
136 315 0 1
123 315 0 1
122 315 0 1
121 315 0 1
120 315 0 1
83 315 0 0
82 315 0 0
81 315 0 0
80 315 0 0
79 315 0 0
78 315 0 0
201 314 0 0
200 314 0 0
199 314 0 0
198 314 0 0
183 314 0 1
182 314 0 1
181 314 0 1
180 314 0 1
141 314 0 1
140 314 0 1
139 314 0 1
138 314 0 1
137 314 0 1
123 314 0 1
122 314 0 1
121 314 0 1
120 314 0 1
83 314 0 0
82 314 0 0
81 314 0 0
80 314 0 0
79 314 0 0
78 314 0 0
201 313 0 0
200 313 0 0
199 313 0 0
198 313 0 0
183 313 0 1
182 313 0 1
181 313 0 1
180 313 0 1
142 313 0 1
141 313 0 1
140 313 0 1
139 313 0 1
138 313 0 1
137 313 0 1
123 313 0 1
122 313 0 1
121 313 0 1
120 313 0 1
82 313 0 0
81 313 0 0
80 313 0 0
79 313 0 0
78 313 0 0
201 312 0 0
200 312 0 0
199 312 0 0
198 312 0 0
183 312 0 1
182 312 0 1
181 312 0 1
180 312 0 1
142 312 0 1
141 312 0 1
140 312 0 1
139 312 0 1
138 312 0 1
123 312 0 1
122 312 0 1
121 312 0 1
120 312 0 1
82 312 0 0
81 312 0 0
80 312 0 0
79 312 0 0
78 312 0 0
201 311 0 0
200 311 0 0
199 311 0 0
198 311 0 0
183 311 0 1
182 311 0 1
181 311 0 1
180 311 0 1
142 311 0 1
141 311 0 1
140 311 0 1
139 311 0 1
138 311 0 1
123 311 0 1
122 311 0 1
121 311 0 1
120 311 0 1
82 311 0 0
81 311 0 0
80 311 0 0
79 311 0 0
78 311 0 0
77 311 0 0
201 310 0 0
200 310 0 0
199 310 0 0
198 310 0 0
183 310 0 1
182 310 0 1
181 310 0 1
180 310 0 1
142 310 0 1
141 310 0 1
140 310 0 1
139 310 0 1
138 310 0 1
123 310 0 1
122 310 0 1
121 310 0 1
120 310 0 1
81 310 0 0
80 310 0 0
79 310 0 0
78 310 0 0
77 310 0 0
201 309 0 0
200 309 0 0
199 309 0 0
198 309 0 0
183 309 0 1
182 309 0 1
181 309 0 1
180 309 0 1
142 309 0 1
141 309 0 1
140 309 0 1
139 309 0 1
123 309 0 1
122 309 0 1
121 309 0 1
120 309 0 1
81 309 0 0
80 309 0 0
79 309 0 0
78 309 0 0
77 309 0 0
201 308 0 0
200 308 0 0
199 308 0 0
198 308 0 0
183 308 0 1
182 308 0 1
181 308 0 1
180 308 0 1
142 308 0 1
141 308 0 1
140 308 0 1
139 308 0 1
123 308 0 1
122 308 0 1
121 308 0 1
120 308 0 1
81 308 0 0
80 308 0 0
79 308 0 0
78 308 0 0
77 308 0 0
201 307 0 0
200 307 0 0
199 307 0 0
198 307 0 0
183 307 0 1
182 307 0 1
181 307 0 1
180 307 0 1
142 307 0 1
141 307 0 1
140 307 0 1
139 307 0 1
123 307 0 1
122 307 0 1
121 307 0 1
120 307 0 1
81 307 0 0
80 307 0 0
79 307 0 0
78 307 0 0
77 307 0 0
76 307 0 0
201 306 0 0
200 306 0 0
199 306 0 0
198 306 0 0
183 306 0 1
182 306 0 1
181 306 0 1
180 306 0 1
142 306 0 1
141 306 0 1
140 306 0 1
139 306 0 1
123 306 0 1
122 306 0 1
121 306 0 1
120 306 0 1
80 306 0 0
79 306 0 0
78 306 0 0
77 306 0 0
76 306 0 0
202 305 0 0
201 305 0 0
200 305 0 0
199 305 0 0
198 305 0 0
183 305 0 1
182 305 0 1
181 305 0 1
180 305 0 1
143 305 0 1
142 305 0 1
141 305 0 1
140 305 0 1
139 305 0 1
123 305 0 1
122 305 0 1
121 305 0 1
120 305 0 1
80 305 0 0
79 305 0 0
78 305 0 0
77 305 0 0
76 305 0 0
202 304 0 0
201 304 0 0
200 304 0 0
199 304 0 0
198 304 0 0
183 304 0 1
182 304 0 1
181 304 0 1
180 304 0 1
144 304 0 1
143 304 0 1
142 304 0 1
141 304 0 1
140 304 0 1
139 304 0 1
123 304 0 1
122 304 0 1
121 304 0 1
120 304 0 1
80 304 0 0
79 304 0 0
78 304 0 0
77 304 0 0
76 304 0 0
75 304 0 0
202 303 0 0
201 303 0 0
200 303 0 0
199 303 0 0
198 303 0 0
183 303 0 1
182 303 0 1
181 303 0 1
180 303 0 1
145 303 0 1
144 303 0 1
143 303 0 1
142 303 0 1
141 303 0 1
140 303 0 1
139 303 0 1
123 303 0 1
122 303 0 1
121 303 0 1
120 303 0 1
119 303 0 1
79 303 0 0
78 303 0 0
77 303 0 0
76 303 0 0
75 303 0 0
202 302 0 0
201 302 0 0
200 302 0 0
199 302 0 0
198 302 0 0
183 302 0 1
182 302 0 1
181 302 0 1
180 302 0 1
145 302 0 1
144 302 0 1
143 302 0 1
142 302 0 1
141 302 0 1
140 302 0 1
123 302 0 1
122 302 0 1
121 302 0 1
120 302 0 1
119 302 0 1
79 302 0 0
78 302 0 0
77 302 0 0
76 302 0 0
75 302 0 0
203 301 0 0
202 301 0 0
201 301 0 0
200 301 0 0
199 301 0 0
198 301 0 0
183 301 0 1
182 301 0 1
181 301 0 1
180 301 0 1
146 301 0 1
145 301 0 1
144 301 0 1
143 301 0 1
142 301 0 1
141 301 0 1
140 301 0 1
123 301 0 1
122 301 0 1
121 301 0 1
120 301 0 1
119 301 0 1
79 301 0 0
78 301 0 0
77 301 0 0
76 301 0 0
75 301 0 0
203 300 0 0
202 300 0 0
201 300 0 0
200 300 0 0
199 300 0 0
198 300 0 0
183 300 0 1
182 300 0 1
181 300 0 1
180 300 0 1
147 300 0 1
146 300 0 1
145 300 0 1
144 300 0 1
143 300 0 1
142 300 0 1
141 300 0 1
123 300 0 1
122 300 0 1
121 300 0 1
120 300 0 1
119 300 0 1
79 300 0 0
78 300 0 0
77 300 0 0
76 300 0 0
75 300 0 0
74 300 0 0
203 299 0 0
202 299 0 0
201 299 0 0
200 299 0 0
199 299 0 0
183 299 0 1
182 299 0 1
181 299 0 1
180 299 0 1
147 299 0 1
146 299 0 1
145 299 0 1
144 299 0 1
143 299 0 1
142 299 0 1
123 299 0 1
122 299 0 1
121 299 0 1
120 299 0 1
119 299 0 1
78 299 0 0
77 299 0 0
76 299 0 0
75 299 0 0
74 299 0 0
204 298 0 0
203 298 0 0
202 298 0 0
201 298 0 0
200 298 0 0
199 298 0 0
183 298 0 1
182 298 0 1
181 298 0 1
180 298 0 1
147 298 0 1
146 298 0 1
145 298 0 1
144 298 0 1
143 298 0 1
123 298 0 1
122 298 0 1
121 298 0 1
120 298 0 1
119 298 0 1
78 298 0 0
77 298 0 0
76 298 0 0
75 298 0 0
74 298 0 0
204 297 0 0
203 297 0 0
202 297 0 0
201 297 0 0
200 297 0 0
199 297 0 0
183 297 0 1
182 297 0 1
181 297 0 1
180 297 0 1
148 297 0 1
147 297 0 1
146 297 0 1
145 297 0 1
144 297 0 1
143 297 0 1
122 297 0 1
121 297 0 1
120 297 0 1
119 297 0 1
78 297 0 0
77 297 0 0
76 297 0 0
75 297 0 0
74 297 0 0
73 297 0 0
204 296 0 0
203 296 0 0
202 296 0 0
201 296 0 0
200 296 0 0
183 296 0 1
182 296 0 1
181 296 0 1
180 296 0 1
148 296 0 1
147 296 0 1
146 296 0 1
145 296 0 1
144 296 0 1
122 296 0 1
121 296 0 1
120 296 0 1
119 296 0 1
78 296 0 0
77 296 0 0
76 296 0 0
75 296 0 0
74 296 0 0
73 296 0 0
204 295 0 0
203 295 0 0
202 295 0 0
201 295 0 0
200 295 0 0
183 295 0 1
182 295 0 1
181 295 0 1
180 295 0 1
149 295 0 1
148 295 0 1
147 295 0 1
146 295 0 1
145 295 0 1
144 295 0 1
122 295 0 1
121 295 0 1
120 295 0 1
119 295 0 1
77 295 0 0
76 295 0 0
75 295 0 0
74 295 0 0
73 295 0 0
205 294 0 0
204 294 0 0
203 294 0 0
202 294 0 0
201 294 0 0
183 294 0 1
182 294 0 1
181 294 0 1
180 294 0 1
149 294 0 1
148 294 0 1
147 294 0 1
146 294 0 1
145 294 0 1
144 294 0 1
122 294 0 1
121 294 0 1
120 294 0 1
119 294 0 1
77 294 0 0
76 294 0 0
75 294 0 0
74 294 0 0
73 294 0 0
206 293 0 0
205 293 0 0
204 293 0 0
203 293 0 0
202 293 0 0
201 293 0 0
183 293 0 1
182 293 0 1
181 293 0 1
180 293 0 1
150 293 0 1
149 293 0 1
148 293 0 1
147 293 0 1
146 293 0 1
145 293 0 1
122 293 0 1
121 293 0 1
120 293 0 1
119 293 0 1
77 293 0 0
76 293 0 0
75 293 0 0
74 293 0 0
73 293 0 0
72 293 0 0
206 292 0 0
205 292 0 0
204 292 0 0
203 292 0 0
202 292 0 0
201 292 0 0
183 292 0 1
182 292 0 1
181 292 0 1
180 292 0 1
150 292 0 1
149 292 0 1
148 292 0 1
147 292 0 1
146 292 0 1
122 292 0 1
121 292 0 1
120 292 0 1
119 292 0 1
76 292 0 0
75 292 0 0
74 292 0 0
73 292 0 0
72 292 0 0
207 291 0 0
206 291 0 0
205 291 0 0
204 291 0 0
203 291 0 0
202 291 0 0
183 291 0 1
182 291 0 1
181 291 0 1
180 291 0 1
150 291 0 1
149 291 0 1
148 291 0 1
147 291 0 1
146 291 0 1
122 291 0 1
121 291 0 1
120 291 0 1
119 291 0 1
76 291 0 0
75 291 0 0
74 291 0 0
73 291 0 0
72 291 0 0
207 290 0 0
206 290 0 0
205 290 0 0
204 290 0 0
203 290 0 0
202 290 0 0
183 290 0 1
182 290 0 1
181 290 0 1
180 290 0 1
151 290 0 1
150 290 0 1
149 290 0 1
148 290 0 1
147 290 0 1
122 290 0 1
121 290 0 1
120 290 0 1
119 290 0 1
76 290 0 0
75 290 0 0
74 290 0 0
73 290 0 0
72 290 0 0
208 289 0 0
207 289 0 0
206 289 0 0
205 289 0 0
204 289 0 0
203 289 0 0
183 289 0 1
182 289 0 1
181 289 0 1
180 289 0 1
151 289 0 1
150 289 0 1
149 289 0 1
148 289 0 1
147 289 0 1
122 289 0 1
121 289 0 1
120 289 0 1
119 289 0 1
76 289 0 0
75 289 0 0
74 289 0 0
73 289 0 0
72 289 0 0
71 289 0 0
208 288 0 0
207 288 0 0
206 288 0 0
205 288 0 0
204 288 0 0
203 288 0 0
183 288 0 1
182 288 0 1
181 288 0 1
180 288 0 1
151 288 0 1
150 288 0 1
149 288 0 1
148 288 0 1
147 288 0 1
122 288 0 1
121 288 0 1
120 288 0 1
119 288 0 1
75 288 0 0
74 288 0 0
73 288 0 0
72 288 0 0
71 288 0 0
209 287 0 0
208 287 0 0
207 287 0 0
206 287 0 0
205 287 0 0
204 287 0 0
183 287 0 1
182 287 0 1
181 287 0 1
180 287 0 1
151 287 0 1
150 287 0 1
149 287 0 1
148 287 0 1
147 287 0 1
122 287 0 1
121 287 0 1
120 287 0 1
119 287 0 1
75 287 0 0
74 287 0 0
73 287 0 0
72 287 0 0
71 287 0 0
209 286 0 0
208 286 0 0
207 286 0 0
206 286 0 0
205 286 0 0
204 286 0 0
183 286 0 1
182 286 0 1
181 286 0 1
180 286 0 1
151 286 0 1
150 286 0 1
149 286 0 1
148 286 0 1
122 286 0 1
121 286 0 1
120 286 0 1
119 286 0 1
75 286 0 0
74 286 0 0
73 286 0 0
72 286 0 0
71 286 0 0
210 285 0 0
209 285 0 0
208 285 0 0
207 285 0 0
206 285 0 0
205 285 0 0
183 285 0 1
182 285 0 1
181 285 0 1
180 285 0 1
122 285 0 1
121 285 0 1
120 285 0 1
119 285 0 1
75 285 0 0
74 285 0 0
73 285 0 0
72 285 0 0
71 285 0 0
70 285 0 0
210 284 0 0
209 284 0 0
208 284 0 0
207 284 0 0
206 284 0 0
205 284 0 0
183 284 0 1
182 284 0 1
181 284 0 1
180 284 0 1
122 284 0 1
121 284 0 1
120 284 0 1
119 284 0 1
74 284 0 0
73 284 0 0
72 284 0 0
71 284 0 0
70 284 0 0
211 283 0 0
210 283 0 0
209 283 0 0
208 283 0 0
207 283 0 0
206 283 0 0
183 283 0 1
182 283 0 1
181 283 0 1
180 283 0 1
122 283 0 1
121 283 0 1
120 283 0 1
119 283 0 1
74 283 0 0
73 283 0 0
72 283 0 0
71 283 0 0
70 283 0 0
211 282 0 0
210 282 0 0
209 282 0 0
208 282 0 0
207 282 0 0
206 282 0 0
183 282 0 1
182 282 0 1
181 282 0 1
180 282 0 1
122 282 0 1
121 282 0 1
120 282 0 1
119 282 0 1
74 282 0 0
73 282 0 0
72 282 0 0
71 282 0 0
70 282 0 0
69 282 0 0
211 281 0 0
210 281 0 0
209 281 0 0
208 281 0 0
207 281 0 0
183 281 0 1
182 281 0 1
181 281 0 1
180 281 0 1
179 281 0 1
122 281 0 1
121 281 0 1
120 281 0 1
119 281 0 1
74 281 0 0
73 281 0 0
72 281 0 0
71 281 0 0
70 281 0 0
69 281 0 0
212 280 0 0
211 280 0 0
210 280 0 0
209 280 0 0
208 280 0 0
207 280 0 0
183 280 0 1
182 280 0 1
181 280 0 1
180 280 0 1
179 280 0 1
178 280 0 1
123 280 0 1
122 280 0 1
121 280 0 1
120 280 0 1
119 280 0 1
73 280 0 0
72 280 0 0
71 280 0 0
70 280 0 0
69 280 0 0
212 279 0 0
211 279 0 0
210 279 0 0
209 279 0 0
208 279 0 0
207 279 0 0
183 279 0 1
182 279 0 1
181 279 0 1
180 279 0 1
179 279 0 1
178 279 0 1
124 279 0 1
123 279 0 1
122 279 0 1
121 279 0 1
120 279 0 1
119 279 0 1
73 279 0 0
72 279 0 0
71 279 0 0
70 279 0 0
69 279 0 0
68 279 0 0
213 278 0 0
212 278 0 0
211 278 0 0
210 278 0 0
209 278 0 0
208 278 0 0
182 278 0 1
181 278 0 1
180 278 0 1
179 278 0 1
178 278 0 1
125 278 0 1
124 278 0 1
123 278 0 1
122 278 0 1
121 278 0 1
120 278 0 1
119 278 0 1
72 278 0 0
71 278 0 0
70 278 0 0
69 278 0 0
68 278 0 0
214 277 0 0
213 277 0 0
212 277 0 0
211 277 0 0
210 277 0 0
209 277 0 0
181 277 0 1
180 277 0 1
179 277 0 1
178 277 0 1
127 277 0 1
126 277 0 1
125 277 0 1
124 277 0 1
123 277 0 1
122 277 0 1
121 277 0 1
120 277 0 1
119 277 0 1
72 277 0 0
71 277 0 0
70 277 0 0
69 277 0 0
68 277 0 0
214 276 0 0
213 276 0 0
212 276 0 0
211 276 0 0
210 276 0 0
209 276 0 0
181 276 0 1
180 276 0 1
179 276 0 1
178 276 0 1
128 276 0 1
127 276 0 1
126 276 0 1
125 276 0 1
124 276 0 1
123 276 0 1
122 276 0 1
121 276 0 1
120 276 0 1
72 276 0 0
71 276 0 0
70 276 0 0
69 276 0 0
68 276 0 0
67 276 0 0
215 275 0 0
214 275 0 0
213 275 0 0
212 275 0 0
211 275 0 0
210 275 0 0
181 275 0 1
180 275 0 1
179 275 0 1
178 275 0 1
130 275 0 1
129 275 0 1
128 275 0 1
127 275 0 1
126 275 0 1
125 275 0 1
124 275 0 1
123 275 0 1
122 275 0 1
121 275 0 1
71 275 0 0
70 275 0 0
69 275 0 0
68 275 0 0
67 275 0 0
215 274 0 0
214 274 0 0
213 274 0 0
212 274 0 0
211 274 0 0
210 274 0 0
181 274 0 1
180 274 0 1
179 274 0 1
178 274 0 1
134 274 0 1
133 274 0 1
132 274 0 1
131 274 0 1
130 274 0 1
129 274 0 1
128 274 0 1
127 274 0 1
126 274 0 1
125 274 0 1
124 274 0 1
123 274 0 1
122 274 0 1
71 274 0 0
70 274 0 0
69 274 0 0
68 274 0 0
67 274 0 0
217 273 0 0
216 273 0 0
215 273 0 0
214 273 0 0
213 273 0 0
212 273 0 0
211 273 0 0
181 273 0 1
180 273 0 1
179 273 0 1
178 273 0 1
135 273 0 1
134 273 0 1
133 273 0 1
132 273 0 1
131 273 0 1
130 273 0 1
129 273 0 1
128 273 0 1
127 273 0 1
126 273 0 1
125 273 0 1
124 273 0 1
71 273 0 0
70 273 0 0
69 273 0 0
68 273 0 0
67 273 0 0
66 273 0 0
218 272 0 0
217 272 0 0
216 272 0 0
215 272 0 0
214 272 0 0
213 272 0 0
212 272 0 0
211 272 0 0
181 272 0 1
180 272 0 1
179 272 0 1
178 272 0 1
177 272 0 1
136 272 0 1
135 272 0 1
134 272 0 1
133 272 0 1
132 272 0 1
131 272 0 1
130 272 0 1
129 272 0 1
128 272 0 1
127 272 0 1
126 272 0 1
70 272 0 0
69 272 0 0
68 272 0 0
67 272 0 0
66 272 0 0
219 271 0 0
218 271 0 0
217 271 0 0
216 271 0 0
215 271 0 0
214 271 0 0
213 271 0 0
212 271 0 0
181 271 0 1
180 271 0 1
179 271 0 1
178 271 0 1
177 271 0 1
141 271 0 1
140 271 0 1
139 271 0 1
138 271 0 1
137 271 0 1
136 271 0 1
135 271 0 1
134 271 0 1
133 271 0 1
132 271 0 1
131 271 0 1
130 271 0 1
129 271 0 1
128 271 0 1
70 271 0 0
69 271 0 0
68 271 0 0
67 271 0 0
66 271 0 0
219 270 0 0
218 270 0 0
217 270 0 0
216 270 0 0
215 270 0 0
214 270 0 0
213 270 0 0
181 270 0 1
180 270 0 1
179 270 0 1
178 270 0 1
177 270 0 1
145 270 0 1
144 270 0 1
143 270 0 1
142 270 0 1
141 270 0 1
140 270 0 1
139 270 0 1
138 270 0 1
137 270 0 1
136 270 0 1
135 270 0 1
134 270 0 1
133 270 0 1
132 270 0 1
131 270 0 1
70 270 0 0
69 270 0 0
68 270 0 0
67 270 0 0
66 270 0 0
65 270 0 0
220 269 0 0
219 269 0 0
218 269 0 0
217 269 0 0
216 269 0 0
215 269 0 0
181 269 0 1
180 269 0 1
179 269 0 1
178 269 0 1
177 269 0 1
176 269 0 1
175 269 0 1
174 269 0 1
173 269 0 1
172 269 0 1
171 269 0 1
170 269 0 1
169 269 0 1
168 269 0 1
167 269 0 1
166 269 0 1
165 269 0 1
164 269 0 1
163 269 0 1
162 269 0 1
161 269 0 1
160 269 0 1
159 269 0 1
158 269 0 1
157 269 0 1
156 269 0 1
155 269 0 1
154 269 0 1
153 269 0 1
152 269 0 1
151 269 0 1
150 269 0 1
149 269 0 1
148 269 0 1
147 269 0 1
146 269 0 1
145 269 0 1
144 269 0 1
143 269 0 1
142 269 0 1
141 269 0 1
140 269 0 1
139 269 0 1
138 269 0 1
137 269 0 1
136 269 0 1
135 269 0 1
134 269 0 1
133 269 0 1
132 269 0 1
69 269 0 0
68 269 0 0
67 269 0 0
66 269 0 0
65 269 0 0
221 268 0 0
220 268 0 0
219 268 0 0
218 268 0 0
217 268 0 0
216 268 0 0
215 268 0 0
181 268 0 1
180 268 0 1
179 268 0 1
178 268 0 1
177 268 0 1
176 268 0 1
175 268 0 1
174 268 0 1
173 268 0 1
172 268 0 1
171 268 0 1
170 268 0 1
169 268 0 1
168 268 0 1
167 268 0 1
166 268 0 1
165 268 0 1
164 268 0 1
163 268 0 1
162 268 0 1
161 268 0 1
160 268 0 1
159 268 0 1
158 268 0 1
157 268 0 1
156 268 0 1
155 268 0 1
154 268 0 1
153 268 0 1
152 268 0 1
151 268 0 1
150 268 0 1
149 268 0 1
148 268 0 1
147 268 0 1
146 268 0 1
145 268 0 1
144 268 0 1
143 268 0 1
142 268 0 1
141 268 0 1
140 268 0 1
139 268 0 1
138 268 0 1
137 268 0 1
136 268 0 1
135 268 0 1
134 268 0 1
133 268 0 1
69 268 0 0
68 268 0 0
67 268 0 0
66 268 0 0
65 268 0 0
64 268 0 0
221 267 0 0
220 267 0 0
219 267 0 0
218 267 0 0
217 267 0 0
216 267 0 0
181 267 0 1
180 267 0 1
179 267 0 1
178 267 0 1
177 267 0 1
176 267 0 1
175 267 0 1
174 267 0 1
173 267 0 1
172 267 0 1
171 267 0 1
170 267 0 1
169 267 0 1
168 267 0 1
167 267 0 1
166 267 0 1
165 267 0 1
164 267 0 1
163 267 0 1
162 267 0 1
161 267 0 1
160 267 0 1
159 267 0 1
158 267 0 1
157 267 0 1
156 267 0 1
155 267 0 1
154 267 0 1
153 267 0 1
152 267 0 1
151 267 0 1
150 267 0 1
149 267 0 1
148 267 0 1
147 267 0 1
146 267 0 1
145 267 0 1
144 267 0 1
143 267 0 1
142 267 0 1
141 267 0 1
140 267 0 1
139 267 0 1
138 267 0 1
137 267 0 1
69 267 0 0
68 267 0 0
67 267 0 0
66 267 0 0
65 267 0 0
64 267 0 0
222 266 0 0
221 266 0 0
220 266 0 0
219 266 0 0
218 266 0 0
217 266 0 0
181 266 0 1
180 266 0 1
179 266 0 1
178 266 0 1
177 266 0 1
176 266 0 1
175 266 0 1
174 266 0 1
173 266 0 1
172 266 0 1
171 266 0 1
170 266 0 1
169 266 0 1
168 266 0 1
167 266 0 1
166 266 0 1
165 266 0 1
164 266 0 1
163 266 0 1
162 266 0 1
161 266 0 1
160 266 0 1
159 266 0 1
158 266 0 1
157 266 0 1
156 266 0 1
155 266 0 1
154 266 0 1
153 266 0 1
152 266 0 1
151 266 0 1
150 266 0 1
149 266 0 1
148 266 0 1
147 266 0 1
146 266 0 1
145 266 0 1
144 266 0 1
143 266 0 1
142 266 0 1
68 266 0 0
67 266 0 0
66 266 0 0
65 266 0 0
64 266 0 0
223 265 0 0
222 265 0 0
221 265 0 0
220 265 0 0
219 265 0 0
218 265 0 0
217 265 0 0
180 265 0 1
179 265 0 1
178 265 0 1
177 265 0 1
68 265 0 0
67 265 0 0
66 265 0 0
65 265 0 0
64 265 0 0
63 265 0 0
224 264 0 0
223 264 0 0
222 264 0 0
221 264 0 0
220 264 0 0
219 264 0 0
218 264 0 0
180 264 0 1
179 264 0 1
178 264 0 1
177 264 0 1
67 264 0 0
66 264 0 0
65 264 0 0
64 264 0 0
63 264 0 0
225 263 0 0
224 263 0 0
223 263 0 0
222 263 0 0
221 263 0 0
220 263 0 0
219 263 0 0
180 263 0 1
179 263 0 1
178 263 0 1
177 263 0 1
67 263 0 0
66 263 0 0
65 263 0 0
64 263 0 0
63 263 0 0
62 263 0 0
226 262 0 0
225 262 0 0
224 262 0 0
223 262 0 0
222 262 0 0
221 262 0 0
220 262 0 0
180 262 0 1
179 262 0 1
178 262 0 1
177 262 0 1
67 262 0 0
66 262 0 0
65 262 0 0
64 262 0 0
63 262 0 0
62 262 0 0
228 261 0 0
227 261 0 0
226 261 0 0
225 261 0 0
224 261 0 0
223 261 0 0
222 261 0 0
221 261 0 0
180 261 0 1
179 261 0 1
178 261 0 1
177 261 0 1
66 261 0 0
65 261 0 0
64 261 0 0
63 261 0 0
62 261 0 0
61 261 0 0
229 260 0 0
228 260 0 0
227 260 0 0
226 260 0 0
225 260 0 0
224 260 0 0
223 260 0 0
222 260 0 0
180 260 0 1
179 260 0 1
178 260 0 1
177 260 0 1
66 260 0 0
65 260 0 0
64 260 0 0
63 260 0 0
62 260 0 0
61 260 0 0
230 259 0 0
229 259 0 0
228 259 0 0
227 259 0 0
226 259 0 0
225 259 0 0
224 259 0 0
223 259 0 0
180 259 0 1
179 259 0 1
178 259 0 1
177 259 0 1
65 259 0 0
64 259 0 0
63 259 0 0
62 259 0 0
61 259 0 0
231 258 0 0
230 258 0 0
229 258 0 0
228 258 0 0
227 258 0 0
226 258 0 0
225 258 0 0
224 258 0 0
180 258 0 1
179 258 0 1
178 258 0 1
177 258 0 1
65 258 0 0
64 258 0 0
63 258 0 0
62 258 0 0
61 258 0 0
60 258 0 0
232 257 0 0
231 257 0 0
230 257 0 0
229 257 0 0
228 257 0 0
227 257 0 0
226 257 0 0
225 257 0 0
180 257 0 1
179 257 0 1
178 257 0 1
177 257 0 1
64 257 0 0
63 257 0 0
62 257 0 0
61 257 0 0
60 257 0 0
233 256 0 0
232 256 0 0
231 256 0 0
230 256 0 0
229 256 0 0
228 256 0 0
227 256 0 0
180 256 0 1
179 256 0 1
178 256 0 1
177 256 0 1
64 256 0 0
63 256 0 0
62 256 0 0
61 256 0 0
60 256 0 0
59 256 0 0
235 255 0 0
234 255 0 0
233 255 0 0
232 255 0 0
231 255 0 0
230 255 0 0
229 255 0 0
228 255 0 0
180 255 0 1
179 255 0 1
178 255 0 1
177 255 0 1
64 255 0 0
63 255 0 0
62 255 0 0
61 255 0 0
60 255 0 0
59 255 0 0
237 254 0 0
236 254 0 0
235 254 0 0
234 254 0 0
233 254 0 0
232 254 0 0
231 254 0 0
230 254 0 0
229 254 0 0
180 254 0 1
179 254 0 1
178 254 0 1
177 254 0 1
63 254 0 0
62 254 0 0
61 254 0 0
60 254 0 0
59 254 0 0
237 253 0 0
236 253 0 0
235 253 0 0
234 253 0 0
233 253 0 0
232 253 0 0
231 253 0 0
230 253 0 0
180 253 0 1
179 253 0 1
178 253 0 1
177 253 0 1
63 253 0 0
62 253 0 0
61 253 0 0
60 253 0 0
59 253 0 0
237 252 0 0
236 252 0 0
235 252 0 0
234 252 0 0
233 252 0 0
232 252 0 0
231 252 0 0
230 252 0 0
180 252 0 1
179 252 0 1
178 252 0 1
177 252 0 1
63 252 0 0
62 252 0 0
61 252 0 0
60 252 0 0
59 252 0 0
58 252 0 0
237 251 0 0
236 251 0 0
235 251 0 0
234 251 0 0
233 251 0 0
180 251 0 1
179 251 0 1
178 251 0 1
177 251 0 1
63 251 0 0
62 251 0 0
61 251 0 0
60 251 0 0
59 251 0 0
58 251 0 0
180 250 0 1
179 250 0 1
178 250 0 1
177 250 0 1
62 250 0 0
61 250 0 0
60 250 0 0
59 250 0 0
58 250 0 0
180 249 0 1
179 249 0 1
178 249 0 1
177 249 0 1
62 249 0 0
61 249 0 0
60 249 0 0
59 249 0 0
58 249 0 0
57 249 0 0
180 248 0 1
179 248 0 1
178 248 0 1
177 248 0 1
62 248 0 0
61 248 0 0
60 248 0 0
59 248 0 0
58 248 0 0
57 248 0 0
180 247 0 1
179 247 0 1
178 247 0 1
177 247 0 1
61 247 0 0
60 247 0 0
59 247 0 0
58 247 0 0
57 247 0 0
180 246 0 1
179 246 0 1
178 246 0 1
177 246 0 1
61 246 0 0
60 246 0 0
59 246 0 0
58 246 0 0
57 246 0 0
180 245 0 1
179 245 0 1
178 245 0 1
177 245 0 1
61 245 0 0
60 245 0 0
59 245 0 0
58 245 0 0
57 245 0 0
180 244 0 1
179 244 0 1
178 244 0 1
177 244 0 1
60 244 0 0
59 244 0 0
58 244 0 0
57 244 0 0
180 243 0 1
179 243 0 1
178 243 0 1
177 243 0 1
60 243 0 0
59 243 0 0
58 243 0 0
57 243 0 0
180 242 0 1
179 242 0 1
178 242 0 1
177 242 0 1
60 242 0 0
59 242 0 0
58 242 0 0
57 242 0 0
180 241 0 1
179 241 0 1
178 241 0 1
177 241 0 1
180 240 0 1
179 240 0 1
178 240 0 1
177 240 0 1
180 239 0 1
179 239 0 1
178 239 0 1
177 239 0 1
180 238 0 1
179 238 0 1
178 238 0 1
177 238 0 1
180 237 0 1
179 237 0 1
178 237 0 1
177 237 0 1
180 236 0 1
179 236 0 1
178 236 0 1
177 236 0 1
180 235 0 1
179 235 0 1
178 235 0 1
177 235 0 1
180 234 0 1
179 234 0 1
178 234 0 1
177 234 0 1
248 233 0 0
247 233 0 0
246 233 0 0
245 233 0 0
180 233 0 1
179 233 0 1
178 233 0 1
177 233 0 1
248 232 0 0
247 232 0 0
246 232 0 0
245 232 0 0
180 232 0 1
179 232 0 1
178 232 0 1
177 232 0 1
248 231 0 0
247 231 0 0
246 231 0 0
245 231 0 0
180 231 0 1
179 231 0 1
178 231 0 1
177 231 0 1
248 230 0 0
247 230 0 0
246 230 0 0
245 230 0 0
180 230 0 1
179 230 0 1
178 230 0 1
177 230 0 1
248 229 0 0
247 229 0 0
246 229 0 0
245 229 0 0
181 229 0 1
180 229 0 1
179 229 0 1
178 229 0 1
177 229 0 1
248 228 0 0
247 228 0 0
246 228 0 0
245 228 0 0
182 228 0 1
181 228 0 1
180 228 0 1
179 228 0 1
178 228 0 1
177 228 0 1
248 227 0 0
247 227 0 0
246 227 0 0
245 227 0 0
182 227 0 1
181 227 0 1
180 227 0 1
179 227 0 1
178 227 0 1
177 227 0 1
176 227 0 1
248 226 0 0
247 226 0 0
246 226 0 0
245 226 0 0
183 226 0 1
182 226 0 1
181 226 0 1
180 226 0 1
179 226 0 1
178 226 0 1
177 226 0 1
176 226 0 1
175 226 0 1
174 226 0 1
248 225 0 0
247 225 0 0
246 225 0 0
245 225 0 0
183 225 0 1
182 225 0 1
181 225 0 1
180 225 0 1
179 225 0 1
178 225 0 1
177 225 0 1
176 225 0 1
175 225 0 1
174 225 0 1
173 225 0 1
172 225 0 1
248 224 0 0
247 224 0 0
246 224 0 0
245 224 0 0
184 224 0 1
183 224 0 1
182 224 0 1
181 224 0 1
180 224 0 1
179 224 0 1
178 224 0 1
177 224 0 1
176 224 0 1
175 224 0 1
174 224 0 1
173 224 0 1
172 224 0 1
171 224 0 1
248 223 0 0
247 223 0 0
246 223 0 0
245 223 0 0
244 223 0 0
184 223 0 1
183 223 0 1
182 223 0 1
181 223 0 1
180 223 0 1
179 223 0 1
178 223 0 1
177 223 0 1
176 223 0 1
175 223 0 1
174 223 0 1
173 223 0 1
172 223 0 1
171 223 0 1
170 223 0 1
248 222 0 0
247 222 0 0
246 222 0 0
245 222 0 0
244 222 0 0
185 222 0 1
184 222 0 1
183 222 0 1
182 222 0 1
181 222 0 1
180 222 0 1
177 222 0 1
176 222 0 1
175 222 0 1
174 222 0 1
173 222 0 1
172 222 0 1
171 222 0 1
170 222 0 1
169 222 0 1
168 222 0 1
167 222 0 1
248 221 0 0
247 221 0 0
246 221 0 0
245 221 0 0
244 221 0 0
186 221 0 1
185 221 0 1
184 221 0 1
183 221 0 1
182 221 0 1
181 221 0 1
175 221 0 1
174 221 0 1
173 221 0 1
172 221 0 1
171 221 0 1
170 221 0 1
169 221 0 1
168 221 0 1
167 221 0 1
166 221 0 1
248 220 0 0
247 220 0 0
246 220 0 0
245 220 0 0
244 220 0 0
187 220 0 1
186 220 0 1
185 220 0 1
184 220 0 1
183 220 0 1
182 220 0 1
181 220 0 1
173 220 0 1
172 220 0 1
171 220 0 1
170 220 0 1
169 220 0 1
168 220 0 1
167 220 0 1
166 220 0 1
165 220 0 1
248 219 0 0
247 219 0 0
246 219 0 0
245 219 0 0
244 219 0 0
243 219 0 0
187 219 0 1
186 219 0 1
185 219 0 1
184 219 0 1
183 219 0 1
182 219 0 1
181 219 0 1
172 219 0 1
171 219 0 1
170 219 0 1
169 219 0 1
168 219 0 1
167 219 0 1
166 219 0 1
165 219 0 1
164 219 0 1
248 218 0 0
247 218 0 0
246 218 0 0
245 218 0 0
244 218 0 0
243 218 0 0
188 218 0 1
187 218 0 1
186 218 0 1
185 218 0 1
184 218 0 1
183 218 0 1
169 218 0 1
168 218 0 1
167 218 0 1
166 218 0 1
165 218 0 1
164 218 0 1
163 218 0 1
247 217 0 0
246 217 0 0
245 217 0 0
244 217 0 0
243 217 0 0
189 217 0 1
188 217 0 1
187 217 0 1
186 217 0 1
185 217 0 1
184 217 0 1
183 217 0 1
168 217 0 1
167 217 0 1
166 217 0 1
165 217 0 1
164 217 0 1
163 217 0 1
162 217 0 1
161 217 0 1
160 217 0 1
247 216 0 0
246 216 0 0
245 216 0 0
244 216 0 0
243 216 0 0
190 216 0 1
189 216 0 1
188 216 0 1
187 216 0 1
186 216 0 1
185 216 0 1
184 216 0 1
167 216 0 1
166 216 0 1
165 216 0 1
164 216 0 1
163 216 0 1
162 216 0 1
161 216 0 1
160 216 0 1
159 216 0 1
247 215 0 0
246 215 0 0
245 215 0 0
244 215 0 0
243 215 0 0
191 215 0 1
190 215 0 1
189 215 0 1
188 215 0 1
187 215 0 1
186 215 0 1
185 215 0 1
166 215 0 1
165 215 0 1
164 215 0 1
163 215 0 1
162 215 0 1
161 215 0 1
160 215 0 1
159 215 0 1
158 215 0 1
247 214 0 0
246 214 0 0
245 214 0 0
244 214 0 0
243 214 0 0
242 214 0 0
192 214 0 1
191 214 0 1
190 214 0 1
189 214 0 1
188 214 0 1
187 214 0 1
186 214 0 1
165 214 0 1
164 214 0 1
163 214 0 1
162 214 0 1
161 214 0 1
160 214 0 1
159 214 0 1
158 214 0 1
157 214 0 1
247 213 0 0
246 213 0 0
245 213 0 0
244 213 0 0
243 213 0 0
242 213 0 0
194 213 0 1
193 213 0 1
192 213 0 1
191 213 0 1
190 213 0 1
189 213 0 1
188 213 0 1
187 213 0 1
162 213 0 1
161 213 0 1
160 213 0 1
159 213 0 1
158 213 0 1
157 213 0 1
156 213 0 1
155 213 0 1
246 212 0 0
245 212 0 0
244 212 0 0
243 212 0 0
242 212 0 0
195 212 0 1
194 212 0 1
193 212 0 1
192 212 0 1
191 212 0 1
190 212 0 1
189 212 0 1
188 212 0 1
187 212 0 1
162 212 0 1
161 212 0 1
160 212 0 1
159 212 0 1
158 212 0 1
157 212 0 1
156 212 0 1
155 212 0 1
154 212 0 1
153 212 0 1
246 211 0 0
245 211 0 0
244 211 0 0
243 211 0 0
242 211 0 0
241 211 0 0
196 211 0 1
195 211 0 1
194 211 0 1
193 211 0 1
192 211 0 1
191 211 0 1
190 211 0 1
189 211 0 1
161 211 0 1
160 211 0 1
159 211 0 1
158 211 0 1
157 211 0 1
156 211 0 1
155 211 0 1
154 211 0 1
153 211 0 1
152 211 0 1
151 211 0 1
150 211 0 1
149 211 0 1
148 211 0 1
147 211 0 1
146 211 0 1
145 211 0 1
144 211 0 1
143 211 0 1
142 211 0 1
141 211 0 1
140 211 0 1
246 210 0 0
245 210 0 0
244 210 0 0
243 210 0 0
242 210 0 0
241 210 0 0
197 210 0 1
196 210 0 1
195 210 0 1
194 210 0 1
193 210 0 1
192 210 0 1
191 210 0 1
190 210 0 1
160 210 0 1
159 210 0 1
158 210 0 1
157 210 0 1
156 210 0 1
155 210 0 1
154 210 0 1
153 210 0 1
152 210 0 1
151 210 0 1
150 210 0 1
149 210 0 1
148 210 0 1
147 210 0 1
146 210 0 1
145 210 0 1
144 210 0 1
143 210 0 1
142 210 0 1
141 210 0 1
140 210 0 1
245 209 0 0
244 209 0 0
243 209 0 0
242 209 0 0
241 209 0 0
200 209 0 1
199 209 0 1
198 209 0 1
197 209 0 1
196 209 0 1
195 209 0 1
194 209 0 1
193 209 0 1
192 209 0 1
191 209 0 1
157 209 0 1
156 209 0 1
155 209 0 1
154 209 0 1
153 209 0 1
152 209 0 1
151 209 0 1
150 209 0 1
149 209 0 1
148 209 0 1
147 209 0 1
146 209 0 1
145 209 0 1
144 209 0 1
143 209 0 1
142 209 0 1
141 209 0 1
140 209 0 1
245 208 0 0
244 208 0 0
243 208 0 0
242 208 0 0
241 208 0 0
201 208 0 1
200 208 0 1
199 208 0 1
198 208 0 1
197 208 0 1
196 208 0 1
195 208 0 1
194 208 0 1
193 208 0 1
155 208 0 1
154 208 0 1
153 208 0 1
152 208 0 1
151 208 0 1
150 208 0 1
149 208 0 1
148 208 0 1
147 208 0 1
146 208 0 1
145 208 0 1
144 208 0 1
143 208 0 1
142 208 0 1
141 208 0 1
140 208 0 1
244 207 0 0
243 207 0 0
242 207 0 0
241 207 0 0
203 207 0 1
202 207 0 1
201 207 0 1
200 207 0 1
199 207 0 1
198 207 0 1
197 207 0 1
196 207 0 1
195 207 0 1
194 207 0 1
244 206 0 0
243 206 0 0
242 206 0 0
241 206 0 0
240 206 0 0
204 206 0 1
203 206 0 1
202 206 0 1
201 206 0 1
200 206 0 1
199 206 0 1
198 206 0 1
197 206 0 1
196 206 0 1
195 206 0 1
244 205 0 0
243 205 0 0
242 205 0 0
241 205 0 0
240 205 0 0
239 205 0 0
208 205 0 1
207 205 0 1
206 205 0 1
205 205 0 1
204 205 0 1
203 205 0 1
202 205 0 1
201 205 0 1
200 205 0 1
199 205 0 1
198 205 0 1
197 205 0 1
196 205 0 1
244 204 0 0
243 204 0 0
242 204 0 0
241 204 0 0
240 204 0 0
239 204 0 0
208 204 0 1
207 204 0 1
206 204 0 1
205 204 0 1
204 204 0 1
203 204 0 1
202 204 0 1
201 204 0 1
200 204 0 1
199 204 0 1
243 203 0 0
242 203 0 0
241 203 0 0
240 203 0 0
239 203 0 0
238 203 0 0
237 203 0 0
208 203 0 1
207 203 0 1
206 203 0 1
205 203 0 1
204 203 0 1
203 203 0 1
202 203 0 1
201 203 0 1
242 202 0 0
241 202 0 0
240 202 0 0
239 202 0 0
238 202 0 0
237 202 0 0
236 202 0 0
235 202 0 0
234 202 0 0
233 202 0 0
208 202 0 1
207 202 0 1
206 202 0 1
205 202 0 1
204 202 0 1
203 202 0 1
202 202 0 1
242 201 0 0
241 201 0 0
240 201 0 0
239 201 0 0
238 201 0 0
237 201 0 0
236 201 0 0
235 201 0 0
234 201 0 0
233 201 0 0
232 201 0 0
242 200 0 0
241 200 0 0
240 200 0 0
239 200 0 0
238 200 0 0
237 200 0 0
236 200 0 0
235 200 0 0
234 200 0 0
233 200 0 0
232 200 0 0
231 200 0 0
230 200 0 0
239 199 0 0
238 199 0 0
237 199 0 0
236 199 0 0
235 199 0 0
234 199 0 0
233 199 0 0
232 199 0 0
231 199 0 0
230 199 0 0
229 199 0 0
236 198 0 0
235 198 0 0
234 198 0 0
233 198 0 0
232 198 0 0
231 198 0 0
230 198 0 0
229 198 0 0
228 198 0 0
227 198 0 0
235 197 0 0
234 197 0 0
233 197 0 0
232 197 0 0
231 197 0 0
230 197 0 0
229 197 0 0
228 197 0 0
227 197 0 0
226 197 0 0
225 197 0 0
232 196 0 0
231 196 0 0
230 196 0 0
229 196 0 0
228 196 0 0
227 196 0 0
226 196 0 0
225 196 0 0
224 196 0 0
223 196 0 0
222 196 0 0
232 195 0 0
231 195 0 0
230 195 0 0
229 195 0 0
228 195 0 0
227 195 0 0
226 195 0 0
225 195 0 0
224 195 0 0
223 195 0 0
222 195 0 0
221 195 0 0
220 195 0 0
230 194 0 0
229 194 0 0
228 194 0 0
227 194 0 0
226 194 0 0
225 194 0 0
224 194 0 0
223 194 0 0
222 194 0 0
221 194 0 0
220 194 0 0
219 194 0 0
218 194 0 0
217 194 0 0
216 194 0 0
215 194 0 0
214 194 0 0
228 193 0 0
227 193 0 0
226 193 0 0
225 193 0 0
224 193 0 0
223 193 0 0
222 193 0 0
221 193 0 0
220 193 0 0
219 193 0 0
218 193 0 0
217 193 0 0
216 193 0 0
215 193 0 0
214 193 0 0
213 193 0 0
212 193 0 0
226 192 0 0
225 192 0 0
224 192 0 0
223 192 0 0
222 192 0 0
221 192 0 0
220 192 0 0
219 192 0 0
218 192 0 0
217 192 0 0
216 192 0 0
215 192 0 0
214 192 0 0
213 192 0 0
212 192 0 0
211 192 0 0
210 192 0 0
209 192 0 0
223 191 0 0
222 191 0 0
221 191 0 0
220 191 0 0
219 191 0 0
218 191 0 0
217 191 0 0
216 191 0 0
215 191 0 0
214 191 0 0
213 191 0 0
212 191 0 0
211 191 0 0
210 191 0 0
209 191 0 0
208 191 0 0
207 191 0 0
206 191 0 0
205 191 0 0
204 191 0 0
218 190 0 0
217 190 0 0
216 190 0 0
215 190 0 0
214 190 0 0
213 190 0 0
212 190 0 0
211 190 0 0
210 190 0 0
209 190 0 0
208 190 0 0
207 190 0 0
206 190 0 0
205 190 0 0
204 190 0 0
203 190 0 0
202 190 0 0
201 190 0 0
215 189 0 0
214 189 0 0
213 189 0 0
212 189 0 0
211 189 0 0
210 189 0 0
209 189 0 0
208 189 0 0
207 189 0 0
206 189 0 0
205 189 0 0
204 189 0 0
203 189 0 0
202 189 0 0
201 189 0 0
200 189 0 0
199 189 0 0
198 189 0 0
213 188 0 0
212 188 0 0
211 188 0 0
210 188 0 0
209 188 0 0
208 188 0 0
207 188 0 0
206 188 0 0
205 188 0 0
204 188 0 0
203 188 0 0
202 188 0 0
201 188 0 0
200 188 0 0
199 188 0 0
198 188 0 0
197 188 0 0
196 188 0 0
195 188 0 0
194 188 0 0
207 187 0 0
206 187 0 0
205 187 0 0
204 187 0 0
203 187 0 0
202 187 0 0
201 187 0 0
200 187 0 0
199 187 0 0
198 187 0 0
197 187 0 0
196 187 0 0
195 187 0 0
194 187 0 0
193 187 0 0
192 187 0 0
205 186 0 0
204 186 0 0
203 186 0 0
202 186 0 0
201 186 0 0
200 186 0 0
199 186 0 0
198 186 0 0
197 186 0 0
196 186 0 0
195 186 0 0
194 186 0 0
193 186 0 0
192 186 0 0
191 186 0 0
190 186 0 0
202 185 0 0
201 185 0 0
200 185 0 0
199 185 0 0
198 185 0 0
197 185 0 0
196 185 0 0
195 185 0 0
194 185 0 0
193 185 0 0
192 185 0 0
191 185 0 0
190 185 0 0
189 185 0 0
188 185 0 0
187 185 0 0
186 185 0 0
185 185 0 0
184 185 0 0
199 184 0 0
198 184 0 0
197 184 0 0
196 184 0 0
195 184 0 0
194 184 0 0
193 184 0 0
192 184 0 0
191 184 0 0
190 184 0 0
189 184 0 0
188 184 0 0
187 184 0 0
186 184 0 0
185 184 0 0
184 184 0 0
183 184 0 0
182 184 0 0
181 184 0 0
180 184 0 0
179 184 0 0
195 183 0 0
194 183 0 0
193 183 0 0
192 183 0 0
191 183 0 0
190 183 0 0
189 183 0 0
188 183 0 0
187 183 0 0
186 183 0 0
185 183 0 0
184 183 0 0
183 183 0 0
182 183 0 0
181 183 0 0
180 183 0 0
179 183 0 0
178 183 0 0
177 183 0 0
176 183 0 0
175 183 0 0
193 182 0 0
192 182 0 0
191 182 0 0
190 182 0 0
189 182 0 0
188 182 0 0
187 182 0 0
186 182 0 0
185 182 0 0
184 182 0 0
183 182 0 0
182 182 0 0
181 182 0 0
180 182 0 0
179 182 0 0
178 182 0 0
177 182 0 0
176 182 0 0
175 182 0 0
174 182 0 0
173 182 0 0
172 182 0 0
189 181 0 0
188 181 0 0
187 181 0 0
186 181 0 0
185 181 0 0
184 181 0 0
183 181 0 0
182 181 0 0
181 181 0 0
180 181 0 0
179 181 0 0
178 181 0 0
177 181 0 0
176 181 0 0
175 181 0 0
174 181 0 0
173 181 0 0
172 181 0 0
171 181 0 0
170 181 0 0
169 181 0 0
168 181 0 0
167 181 0 0
185 180 0 0
184 180 0 0
183 180 0 0
182 180 0 0
181 180 0 0
180 180 0 0
179 180 0 0
178 180 0 0
177 180 0 0
176 180 0 0
175 180 0 0
174 180 0 0
173 180 0 0
172 180 0 0
171 180 0 0
170 180 0 0
169 180 0 0
168 180 0 0
167 180 0 0
166 180 0 0
165 180 0 0
164 180 0 0
163 180 0 0
162 180 0 0
161 180 0 0
160 180 0 0
180 179 0 0
179 179 0 0
178 179 0 0
177 179 0 0
176 179 0 0
175 179 0 0
174 179 0 0
173 179 0 0
172 179 0 0
171 179 0 0
170 179 0 0
169 179 0 0
168 179 0 0
167 179 0 0
166 179 0 0
165 179 0 0
164 179 0 0
163 179 0 0
162 179 0 0
161 179 0 0
160 179 0 0
159 179 0 0
176 178 0 0
175 178 0 0
174 178 0 0
173 178 0 0
172 178 0 0
171 178 0 0
170 178 0 0
169 178 0 0
168 178 0 0
167 178 0 0
166 178 0 0
165 178 0 0
164 178 0 0
163 178 0 0
162 178 0 0
161 178 0 0
160 178 0 0
159 178 0 0
170 177 0 0
169 177 0 0
168 177 0 0
167 177 0 0
166 177 0 0
165 177 0 0
164 177 0 0
163 177 0 0
162 177 0 0
161 177 0 0
160 177 0 0
159 177 0 0
164 176 0 0
163 176 0 0
162 176 0 0
161 176 0 0
160 176 0 0
159 176 0 0
