4519 481 321
341 310 0 0
340 310 0 0
339 310 0 0
338 310 0 0
337 310 0 0
336 310 0 0
335 310 0 0
334 310 0 0
333 310 0 0
332 310 0 0
331 310 0 0
330 310 0 0
329 310 0 0
328 310 0 0
327 310 0 0
326 310 0 0
325 310 0 0
324 310 0 0
323 310 0 0
322 310 0 0
321 310 0 0
320 310 0 0
319 310 0 0
318 310 0 0
317 310 0 0
316 310 0 0
315 310 0 0
314 310 0 0
313 310 0 0
312 310 0 0
311 310 0 0
310 310 0 0
309 310 0 0
308 310 0 0
307 310 0 0
306 310 0 0
343 309 0 0
342 309 0 0
341 309 0 0
340 309 0 0
339 309 0 0
338 309 0 0
337 309 0 0
336 309 0 0
335 309 0 0
334 309 0 0
333 309 0 0
332 309 0 0
331 309 0 0
330 309 0 0
329 309 0 0
328 309 0 0
327 309 0 0
326 309 0 0
325 309 0 0
324 309 0 0
323 309 0 0
322 309 0 0
321 309 0 0
320 309 0 0
319 309 0 0
318 309 0 0
317 309 0 0
316 309 0 0
315 309 0 0
314 309 0 0
313 309 0 0
312 309 0 0
311 309 0 0
310 309 0 0
309 309 0 0
308 309 0 0
307 309 0 0
306 309 0 0
346 308 0 0
345 308 0 0
344 308 0 0
343 308 0 0
342 308 0 0
341 308 0 0
340 308 0 0
339 308 0 0
338 308 0 0
337 308 0 0
336 308 0 0
335 308 0 0
334 308 0 0
333 308 0 0
332 308 0 0
331 308 0 0
330 308 0 0
329 308 0 0
328 308 0 0
327 308 0 0
326 308 0 0
325 308 0 0
324 308 0 0
323 308 0 0
322 308 0 0
321 308 0 0
320 308 0 0
319 308 0 0
318 308 0 0
317 308 0 0
316 308 0 0
315 308 0 0
314 308 0 0
313 308 0 0
312 308 0 0
311 308 0 0
310 308 0 0
309 308 0 0
308 308 0 0
307 308 0 0
306 308 0 0
348 307 0 0
347 307 0 0
346 307 0 0
345 307 0 0
344 307 0 0
343 307 0 0
342 307 0 0
341 307 0 0
340 307 0 0
339 307 0 0
338 307 0 0
337 307 0 0
336 307 0 0
335 307 0 0
334 307 0 0
333 307 0 0
332 307 0 0
331 307 0 0
330 307 0 0
329 307 0 0
328 307 0 0
327 307 0 0
326 307 0 0
325 307 0 0
324 307 0 0
323 307 0 0
322 307 0 0
321 307 0 0
320 307 0 0
319 307 0 0
318 307 0 0
317 307 0 0
316 307 0 0
315 307 0 0
314 307 0 0
313 307 0 0
312 307 0 0
311 307 0 0
310 307 0 0
309 307 0 0
308 307 0 0
307 307 0 0
306 307 0 0
350 306 0 0
349 306 0 0
348 306 0 0
347 306 0 0
346 306 0 0
345 306 0 0
344 306 0 0
343 306 0 0
342 306 0 0
341 306 0 0
340 306 0 0
339 306 0 0
338 306 0 0
353 305 0 0
352 305 0 0
351 305 0 0
350 305 0 0
349 305 0 0
348 305 0 0
347 305 0 0
346 305 0 0
345 305 0 0
344 305 0 0
343 305 0 0
342 305 0 0
341 305 0 0
356 304 0 0
355 304 0 0
354 304 0 0
353 304 0 0
352 304 0 0
351 304 0 0
350 304 0 0
349 304 0 0
348 304 0 0
347 304 0 0
346 304 0 0
345 304 0 0
344 304 0 0
343 304 0 0
359 303 0 0
358 303 0 0
357 303 0 0
356 303 0 0
355 303 0 0
354 303 0 0
353 303 0 0
352 303 0 0
351 303 0 0
350 303 0 0
349 303 0 0
348 303 0 0
347 303 0 0
346 303 0 0
345 303 0 0
362 302 0 0
361 302 0 0
360 302 0 0
359 302 0 0
358 302 0 0
357 302 0 0
356 302 0 0
355 302 0 0
354 302 0 0
353 302 0 0
352 302 0 0
351 302 0 0
350 302 0 0
349 302 0 0
348 302 0 0
366 301 0 0
365 301 0 0
364 301 0 0
363 301 0 0
362 301 0 0
361 301 0 0
360 301 0 0
359 301 0 0
358 301 0 0
357 301 0 0
356 301 0 0
355 301 0 0
354 301 0 0
353 301 0 0
352 301 0 0
351 301 0 0
350 301 0 0
368 300 0 0
367 300 0 0
366 300 0 0
365 300 0 0
364 300 0 0
363 300 0 0
362 300 0 0
361 300 0 0
360 300 0 0
359 300 0 0
358 300 0 0
357 300 0 0
356 300 0 0
355 300 0 0
354 300 0 0
353 300 0 0
352 300 0 0
371 299 0 0
370 299 0 0
369 299 0 0
368 299 0 0
367 299 0 0
366 299 0 0
365 299 0 0
364 299 0 0
363 299 0 0
362 299 0 0
361 299 0 0
360 299 0 0
359 299 0 0
358 299 0 0
357 299 0 0
356 299 0 0
373 298 0 0
372 298 0 0
371 298 0 0
370 298 0 0
369 298 0 0
368 298 0 0
367 298 0 0
366 298 0 0
365 298 0 0
364 298 0 0
363 298 0 0
362 298 0 0
361 298 0 0
360 298 0 0
359 298 0 0
376 297 0 0
375 297 0 0
374 297 0 0
373 297 0 0
372 297 0 0
371 297 0 0
370 297 0 0
369 297 0 0
368 297 0 0
367 297 0 0
366 297 0 0
365 297 0 0
364 297 0 0
363 297 0 0
362 297 0 0
378 296 0 0
377 296 0 0
376 296 0 0
375 296 0 0
374 296 0 0
373 296 0 0
372 296 0 0
371 296 0 0
370 296 0 0
369 296 0 0
368 296 0 0
367 296 0 0
366 296 0 0
365 296 0 0
380 295 0 0
379 295 0 0
378 295 0 0
377 295 0 0
376 295 0 0
375 295 0 0
374 295 0 0
373 295 0 0
372 295 0 0
371 295 0 0
370 295 0 0
369 295 0 0
368 295 0 0
383 294 0 0
382 294 0 0
381 294 0 0
380 294 0 0
379 294 0 0
378 294 0 0
377 294 0 0
376 294 0 0
375 294 0 0
374 294 0 0
373 294 0 0
372 294 0 0
371 294 0 0
370 294 0 0
386 293 0 0
385 293 0 0
384 293 0 0
383 293 0 0
382 293 0 0
381 293 0 0
380 293 0 0
379 293 0 0
378 293 0 0
377 293 0 0
376 293 0 0
375 293 0 0
374 293 0 0
373 293 0 0
390 292 0 0
389 292 0 0
388 292 0 0
387 292 0 0
386 292 0 0
385 292 0 0
384 292 0 0
383 292 0 0
382 292 0 0
381 292 0 0
380 292 0 0
379 292 0 0
378 292 0 0
377 292 0 0
376 292 0 0
375 292 0 0
392 291 0 0
391 291 0 0
390 291 0 0
389 291 0 0
388 291 0 0
387 291 0 0
386 291 0 0
385 291 0 0
384 291 0 0
383 291 0 0
382 291 0 0
381 291 0 0
380 291 0 0
379 291 0 0
378 291 0 0
395 290 0 0
394 290 0 0
393 290 0 0
392 290 0 0
391 290 0 0
390 290 0 0
389 290 0 0
388 290 0 0
387 290 0 0
386 290 0 0
385 290 0 0
384 290 0 0
383 290 0 0
382 290 0 0
381 290 0 0
380 290 0 0
398 289 0 0
397 289 0 0
396 289 0 0
395 289 0 0
394 289 0 0
393 289 0 0
392 289 0 0
391 289 0 0
390 289 0 0
389 289 0 0
388 289 0 0
387 289 0 0
386 289 0 0
385 289 0 0
384 289 0 0
383 289 0 0
382 289 0 0
401 288 0 0
400 288 0 0
399 288 0 0
398 288 0 0
397 288 0 0
396 288 0 0
395 288 0 0
394 288 0 0
393 288 0 0
392 288 0 0
391 288 0 0
390 288 0 0
389 288 0 0
388 288 0 0
387 288 0 0
386 288 0 0
405 287 0 0
404 287 0 0
403 287 0 0
402 287 0 0
401 287 0 0
400 287 0 0
399 287 0 0
398 287 0 0
397 287 0 0
396 287 0 0
395 287 0 0
394 287 0 0
393 287 0 0
392 287 0 0
391 287 0 0
390 287 0 0
389 287 0 0
407 286 0 0
406 286 0 0
405 286 0 0
404 286 0 0
403 286 0 0
402 286 0 0
401 286 0 0
400 286 0 0
399 286 0 0
398 286 0 0
397 286 0 0
396 286 0 0
395 286 0 0
394 286 0 0
393 286 0 0
392 286 0 0
410 285 0 0
409 285 0 0
408 285 0 0
407 285 0 0
406 285 0 0
405 285 0 0
404 285 0 0
403 285 0 0
402 285 0 0
401 285 0 0
400 285 0 0
399 285 0 0
398 285 0 0
397 285 0 0
396 285 0 0
395 285 0 0
411 284 0 0
410 284 0 0
409 284 0 0
408 284 0 0
407 284 0 0
406 284 0 0
405 284 0 0
404 284 0 0
403 284 0 0
402 284 0 0
401 284 0 0
400 284 0 0
399 284 0 0
398 284 0 0
397 284 0 0
412 283 0 0
411 283 0 0
410 283 0 0
409 283 0 0
408 283 0 0
407 283 0 0
406 283 0 0
405 283 0 0
404 283 0 0
403 283 0 0
402 283 0 0
401 283 0 0
413 282 0 0
412 282 0 0
411 282 0 0
410 282 0 0
409 282 0 0
408 282 0 0
407 282 0 0
406 282 0 0
405 282 0 0
404 282 0 0
415 281 0 0
414 281 0 0
413 281 0 0
412 281 0 0
411 281 0 0
410 281 0 0
409 281 0 0
408 281 0 0
407 281 0 0
418 280 0 0
417 280 0 0
416 280 0 0
415 280 0 0
414 280 0 0
413 280 0 0
412 280 0 0
411 280 0 0
410 280 0 0
409 280 0 0
419 279 0 0
418 279 0 0
417 279 0 0
416 279 0 0
415 279 0 0
414 279 0 0
413 279 0 0
412 279 0 0
411 279 0 0
410 279 0 0
421 278 0 0
420 278 0 0
419 278 0 0
418 278 0 0
417 278 0 0
416 278 0 0
415 278 0 0
414 278 0 0
413 278 0 0
412 278 0 0
411 278 0 0
422 277 0 0
421 277 0 0
420 277 0 0
419 277 0 0
418 277 0 0
417 277 0 0
416 277 0 0
415 277 0 0
414 277 0 0
413 277 0 0
412 277 0 0
423 276 0 0
422 276 0 0
421 276 0 0
420 276 0 0
419 276 0 0
418 276 0 0
417 276 0 0
416 276 0 0
415 276 0 0
424 275 0 0
423 275 0 0
422 275 0 0
421 275 0 0
420 275 0 0
419 275 0 0
418 275 0 0
417 275 0 0
425 274 0 0
424 274 0 0
423 274 0 0
422 274 0 0
421 274 0 0
420 274 0 0
419 274 0 0
418 274 0 0
426 273 0 0
425 273 0 0
424 273 0 0
423 273 0 0
422 273 0 0
421 273 0 0
420 273 0 0
427 272 0 0
426 272 0 0
425 272 0 0
424 272 0 0
423 272 0 0
422 272 0 0
421 272 0 0
428 271 0 0
427 271 0 0
426 271 0 0
425 271 0 0
424 271 0 0
423 271 0 0
422 271 0 0
430 270 0 0
429 270 0 0
428 270 0 0
427 270 0 0
426 270 0 0
425 270 0 0
424 270 0 0
423 270 0 0
431 269 0 0
430 269 0 0
429 269 0 0
428 269 0 0
427 269 0 0
426 269 0 0
425 269 0 0
424 269 0 0
432 268 0 0
431 268 0 0
430 268 0 0
429 268 0 0
428 268 0 0
427 268 0 0
426 268 0 0
425 268 0 0
433 267 0 0
432 267 0 0
431 267 0 0
430 267 0 0
429 267 0 0
428 267 0 0
427 267 0 0
426 267 0 0
434 266 0 0
433 266 0 0
432 266 0 0
431 266 0 0
430 266 0 0
429 266 0 0
428 266 0 0
427 266 0 0
435 265 0 0
434 265 0 0
433 265 0 0
432 265 0 0
431 265 0 0
430 265 0 0
429 265 0 0
428 265 0 0
436 264 0 0
435 264 0 0
434 264 0 0
433 264 0 0
432 264 0 0
431 264 0 0
430 264 0 0
429 264 0 0
436 263 0 0
435 263 0 0
434 263 0 0
433 263 0 0
432 263 0 0
431 263 0 0
437 262 0 0
436 262 0 0
435 262 0 0
434 262 0 0
433 262 0 0
432 262 0 0
438 261 0 0
437 261 0 0
436 261 0 0
435 261 0 0
434 261 0 0
433 261 0 0
432 261 0 0
438 260 0 0
437 260 0 0
436 260 0 0
435 260 0 0
434 260 0 0
433 260 0 0
439 259 0 0
438 259 0 0
437 259 0 0
436 259 0 0
435 259 0 0
434 259 0 0
440 258 0 0
439 258 0 0
438 258 0 0
437 258 0 0
436 258 0 0
435 258 0 0
434 258 0 0
441 257 0 0
440 257 0 0
439 257 0 0
438 257 0 0
437 257 0 0
436 257 0 0
435 257 0 0
441 256 0 0
440 256 0 0
439 256 0 0
438 256 0 0
437 256 0 0
436 256 0 0
442 255 0 0
441 255 0 0
440 255 0 0
439 255 0 0
438 255 0 0
437 255 0 0
443 254 0 0
442 254 0 0
441 254 0 0
440 254 0 0
439 254 0 0
438 254 0 0
437 254 0 0
443 253 0 0
442 253 0 0
441 253 0 0
440 253 0 0
439 253 0 0
438 253 0 0
443 252 0 0
442 252 0 0
441 252 0 0
440 252 0 0
439 252 0 0
444 251 0 0
443 251 0 0
442 251 0 0
441 251 0 0
440 251 0 0
439 251 0 0
444 250 0 0
443 250 0 0
442 250 0 0
441 250 0 0
440 250 0 0
445 249 0 0
444 249 0 0
443 249 0 0
442 249 0 0
441 249 0 0
440 249 0 0
445 248 0 0
444 248 0 0
443 248 0 0
442 248 0 0
441 248 0 0
446 247 0 0
445 247 0 0
444 247 0 0
443 247 0 0
442 247 0 0
441 247 0 0
446 246 0 0
445 246 0 0
444 246 0 0
443 246 0 0
442 246 0 0
441 246 0 0
446 245 0 0
445 245 0 0
444 245 0 0
443 245 0 0
442 245 0 0
447 244 0 0
446 244 0 0
445 244 0 0
444 244 0 0
443 244 0 0
442 244 0 0
447 243 0 0
446 243 0 0
445 243 0 0
444 243 0 0
443 243 0 0
447 242 0 0
446 242 0 0
445 242 0 0
444 242 0 0
443 242 0 0
448 241 0 0
447 241 0 0
446 241 0 0
445 241 0 0
444 241 0 0
443 241 0 0
448 240 0 0
447 240 0 0
446 240 0 0
445 240 0 0
444 240 0 0
449 239 0 0
448 239 0 0
447 239 0 0
446 239 0 0
445 239 0 0
444 239 0 0
449 238 0 0
448 238 0 0
447 238 0 0
446 238 0 0
445 238 0 0
444 238 0 0
449 237 0 0
448 237 0 0
447 237 0 0
446 237 0 0
445 237 0 0
449 236 0 0
448 236 0 0
447 236 0 0
446 236 0 0
445 236 0 0
449 235 0 0
448 235 0 0
447 235 0 0
446 235 0 0
445 235 0 0
450 234 0 0
449 234 0 0
448 234 0 0
447 234 0 0
446 234 0 0
445 234 0 0
450 233 0 0
449 233 0 0
448 233 0 0
447 233 0 0
446 233 0 0
450 232 0 0
449 232 0 0
448 232 0 0
447 232 0 0
446 232 0 0
450 231 0 0
449 231 0 0
448 231 0 0
447 231 0 0
446 231 0 0
450 230 0 0
449 230 0 0
448 230 0 0
447 230 0 0
446 230 0 0
451 229 0 0
450 229 0 0
449 229 0 0
448 229 0 0
447 229 0 0
446 229 0 0
451 228 0 0
450 228 0 0
449 228 0 0
448 228 0 0
447 228 0 0
451 227 0 0
450 227 0 0
449 227 0 0
448 227 0 0
447 227 0 0
451 226 0 0
450 226 0 0
449 226 0 0
448 226 0 0
447 226 0 0
451 225 0 0
450 225 0 0
449 225 0 0
448 225 0 0
447 225 0 0
451 224 0 0
450 224 0 0
449 224 0 0
448 224 0 0
447 224 0 0
451 223 0 0
450 223 0 0
449 223 0 0
448 223 0 0
447 223 0 0
451 222 0 0
450 222 0 0
449 222 0 0
448 222 0 0
447 222 0 0
451 221 0 0
450 221 0 0
449 221 0 0
448 221 0 0
447 221 0 0
452 220 0 0
451 220 0 0
450 220 0 0
449 220 0 0
448 220 0 0
452 219 0 0
451 219 0 0
450 219 0 0
449 219 0 0
448 219 0 0
452 218 0 0
451 218 0 0
450 218 0 0
449 218 0 0
448 218 0 0
452 217 0 0
451 217 0 0
450 217 0 0
449 217 0 0
448 217 0 0
452 216 0 0
451 216 0 0
450 216 0 0
449 216 0 0
448 216 0 0
452 215 0 0
451 215 0 0
450 215 0 0
449 215 0 0
448 215 0 0
452 214 0 0
451 214 0 0
450 214 0 0
449 214 0 0
448 214 0 0
452 213 0 0
451 213 0 0
450 213 0 0
449 213 0 0
448 213 0 0
453 212 0 0
452 212 0 0
451 212 0 0
450 212 0 0
449 212 0 0
388 212 0 1
387 212 0 1
386 212 0 1
385 212 0 1
384 212 0 1
383 212 0 1
382 212 0 1
381 212 0 1
380 212 0 1
379 212 0 1
378 212 0 1
377 212 0 1
376 212 0 1
375 212 0 1
374 212 0 1
373 212 0 1
372 212 0 1
371 212 0 1
370 212 0 1
369 212 0 1
368 212 0 1
367 212 0 1
366 212 0 1
365 212 0 1
364 212 0 1
363 212 0 1
362 212 0 1
453 211 0 0
452 211 0 0
451 211 0 0
450 211 0 0
449 211 0 0
388 211 0 1
387 211 0 1
386 211 0 1
385 211 0 1
384 211 0 1
383 211 0 1
382 211 0 1
381 211 0 1
380 211 0 1
379 211 0 1
378 211 0 1
377 211 0 1
376 211 0 1
375 211 0 1
374 211 0 1
373 211 0 1
372 211 0 1
371 211 0 1
370 211 0 1
369 211 0 1
368 211 0 1
367 211 0 1
366 211 0 1
365 211 0 1
364 211 0 1
363 211 0 1
362 211 0 1
361 211 0 1
360 211 0 1
359 211 0 1
358 211 0 1
357 211 0 1
453 210 0 0
452 210 0 0
451 210 0 0
450 210 0 0
449 210 0 0
388 210 0 1
387 210 0 1
386 210 0 1
385 210 0 1
384 210 0 1
383 210 0 1
382 210 0 1
381 210 0 1
380 210 0 1
379 210 0 1
378 210 0 1
377 210 0 1
376 210 0 1
375 210 0 1
374 210 0 1
373 210 0 1
372 210 0 1
371 210 0 1
370 210 0 1
369 210 0 1
368 210 0 1
367 210 0 1
366 210 0 1
365 210 0 1
364 210 0 1
363 210 0 1
362 210 0 1
361 210 0 1
360 210 0 1
359 210 0 1
358 210 0 1
357 210 0 1
356 210 0 1
355 210 0 1
354 210 0 1
353 210 0 1
352 210 0 1
351 210 0 1
350 210 0 1
453 209 0 0
452 209 0 0
451 209 0 0
450 209 0 0
449 209 0 0
388 209 0 1
387 209 0 1
386 209 0 1
385 209 0 1
384 209 0 1
383 209 0 1
382 209 0 1
381 209 0 1
380 209 0 1
379 209 0 1
378 209 0 1
377 209 0 1
376 209 0 1
375 209 0 1
374 209 0 1
373 209 0 1
372 209 0 1
371 209 0 1
370 209 0 1
369 209 0 1
368 209 0 1
367 209 0 1
366 209 0 1
365 209 0 1
364 209 0 1
363 209 0 1
362 209 0 1
361 209 0 1
360 209 0 1
359 209 0 1
358 209 0 1
357 209 0 1
356 209 0 1
355 209 0 1
354 209 0 1
353 209 0 1
352 209 0 1
351 209 0 1
350 209 0 1
349 209 0 1
348 209 0 1
347 209 0 1
346 209 0 1
345 209 0 1
453 208 0 0
452 208 0 0
451 208 0 0
450 208 0 0
449 208 0 0
367 208 0 1
366 208 0 1
365 208 0 1
364 208 0 1
363 208 0 1
362 208 0 1
361 208 0 1
360 208 0 1
359 208 0 1
358 208 0 1
357 208 0 1
356 208 0 1
355 208 0 1
354 208 0 1
353 208 0 1
352 208 0 1
351 208 0 1
350 208 0 1
349 208 0 1
348 208 0 1
347 208 0 1
346 208 0 1
345 208 0 1
344 208 0 1
343 208 0 1
342 208 0 1
341 208 0 1
453 207 0 0
452 207 0 0
451 207 0 0
450 207 0 0
449 207 0 0
362 207 0 1
361 207 0 1
360 207 0 1
359 207 0 1
358 207 0 1
357 207 0 1
356 207 0 1
355 207 0 1
354 207 0 1
353 207 0 1
352 207 0 1
351 207 0 1
350 207 0 1
349 207 0 1
348 207 0 1
347 207 0 1
346 207 0 1
345 207 0 1
344 207 0 1
343 207 0 1
342 207 0 1
341 207 0 1
340 207 0 1
339 207 0 1
338 207 0 1
337 207 0 1
453 206 0 0
452 206 0 0
451 206 0 0
450 206 0 0
449 206 0 0
357 206 0 1
356 206 0 1
355 206 0 1
354 206 0 1
353 206 0 1
352 206 0 1
351 206 0 1
350 206 0 1
349 206 0 1
348 206 0 1
347 206 0 1
346 206 0 1
345 206 0 1
344 206 0 1
343 206 0 1
342 206 0 1
341 206 0 1
340 206 0 1
339 206 0 1
338 206 0 1
337 206 0 1
336 206 0 1
335 206 0 1
334 206 0 1
333 206 0 1
453 205 0 0
452 205 0 0
451 205 0 0
450 205 0 0
449 205 0 0
350 205 0 1
349 205 0 1
348 205 0 1
347 205 0 1
346 205 0 1
345 205 0 1
344 205 0 1
343 205 0 1
342 205 0 1
341 205 0 1
340 205 0 1
339 205 0 1
338 205 0 1
337 205 0 1
336 205 0 1
335 205 0 1
334 205 0 1
333 205 0 1
332 205 0 1
331 205 0 1
330 205 0 1
329 205 0 1
453 204 0 0
452 204 0 0
451 204 0 0
450 204 0 0
346 204 0 1
345 204 0 1
344 204 0 1
343 204 0 1
342 204 0 1
341 204 0 1
340 204 0 1
339 204 0 1
338 204 0 1
337 204 0 1
336 204 0 1
335 204 0 1
334 204 0 1
333 204 0 1
332 204 0 1
331 204 0 1
330 204 0 1
329 204 0 1
328 204 0 1
327 204 0 1
326 204 0 1
325 204 0 1
324 204 0 1
453 203 0 0
452 203 0 0
451 203 0 0
450 203 0 0
342 203 0 1
341 203 0 1
340 203 0 1
339 203 0 1
338 203 0 1
337 203 0 1
336 203 0 1
335 203 0 1
334 203 0 1
333 203 0 1
332 203 0 1
331 203 0 1
330 203 0 1
329 203 0 1
328 203 0 1
327 203 0 1
326 203 0 1
325 203 0 1
324 203 0 1
323 203 0 1
322 203 0 1
321 203 0 1
320 203 0 1
453 202 0 0
452 202 0 0
451 202 0 0
450 202 0 0
338 202 0 1
337 202 0 1
336 202 0 1
335 202 0 1
334 202 0 1
333 202 0 1
332 202 0 1
331 202 0 1
330 202 0 1
329 202 0 1
328 202 0 1
327 202 0 1
326 202 0 1
325 202 0 1
324 202 0 1
323 202 0 1
322 202 0 1
321 202 0 1
320 202 0 1
319 202 0 1
318 202 0 1
317 202 0 1
316 202 0 1
315 202 0 1
453 201 0 0
452 201 0 0
451 201 0 0
450 201 0 0
333 201 0 1
332 201 0 1
331 201 0 1
330 201 0 1
329 201 0 1
328 201 0 1
327 201 0 1
326 201 0 1
325 201 0 1
324 201 0 1
323 201 0 1
322 201 0 1
321 201 0 1
320 201 0 1
319 201 0 1
318 201 0 1
317 201 0 1
316 201 0 1
315 201 0 1
314 201 0 1
313 201 0 1
312 201 0 1
311 201 0 1
310 201 0 1
453 200 0 0
452 200 0 0
451 200 0 0
450 200 0 0
329 200 0 1
328 200 0 1
327 200 0 1
326 200 0 1
325 200 0 1
324 200 0 1
323 200 0 1
322 200 0 1
321 200 0 1
320 200 0 1
319 200 0 1
318 200 0 1
317 200 0 1
316 200 0 1
315 200 0 1
314 200 0 1
313 200 0 1
312 200 0 1
311 200 0 1
310 200 0 1
309 200 0 1
308 200 0 1
307 200 0 1
306 200 0 1
305 200 0 1
453 199 0 0
452 199 0 0
451 199 0 0
450 199 0 0
325 199 0 1
324 199 0 1
323 199 0 1
322 199 0 1
321 199 0 1
320 199 0 1
319 199 0 1
318 199 0 1
317 199 0 1
316 199 0 1
315 199 0 1
314 199 0 1
313 199 0 1
312 199 0 1
311 199 0 1
310 199 0 1
309 199 0 1
308 199 0 1
307 199 0 1
306 199 0 1
305 199 0 1
304 199 0 1
303 199 0 1
302 199 0 1
301 199 0 1
300 199 0 1
453 198 0 0
452 198 0 0
451 198 0 0
450 198 0 0
320 198 0 1
319 198 0 1
318 198 0 1
317 198 0 1
316 198 0 1
315 198 0 1
314 198 0 1
313 198 0 1
312 198 0 1
311 198 0 1
310 198 0 1
309 198 0 1
308 198 0 1
307 198 0 1
306 198 0 1
305 198 0 1
304 198 0 1
303 198 0 1
302 198 0 1
301 198 0 1
300 198 0 1
299 198 0 1
298 198 0 1
297 198 0 1
296 198 0 1
295 198 0 1
294 198 0 1
454 197 0 0
453 197 0 0
452 197 0 0
451 197 0 0
450 197 0 0
315 197 0 1
314 197 0 1
313 197 0 1
312 197 0 1
311 197 0 1
310 197 0 1
309 197 0 1
308 197 0 1
307 197 0 1
306 197 0 1
305 197 0 1
304 197 0 1
303 197 0 1
302 197 0 1
301 197 0 1
300 197 0 1
299 197 0 1
298 197 0 1
297 197 0 1
296 197 0 1
295 197 0 1
294 197 0 1
293 197 0 1
292 197 0 1
291 197 0 1
290 197 0 1
289 197 0 1
288 197 0 1
454 196 0 0
453 196 0 0
452 196 0 0
451 196 0 0
450 196 0 0
310 196 0 1
309 196 0 1
308 196 0 1
307 196 0 1
306 196 0 1
305 196 0 1
304 196 0 1
303 196 0 1
302 196 0 1
301 196 0 1
300 196 0 1
299 196 0 1
298 196 0 1
297 196 0 1
296 196 0 1
295 196 0 1
294 196 0 1
293 196 0 1
292 196 0 1
291 196 0 1
290 196 0 1
289 196 0 1
288 196 0 1
287 196 0 1
286 196 0 1
285 196 0 1
284 196 0 1
283 196 0 1
282 196 0 1
454 195 0 0
453 195 0 0
452 195 0 0
451 195 0 0
450 195 0 0
305 195 0 1
304 195 0 1
303 195 0 1
302 195 0 1
301 195 0 1
300 195 0 1
299 195 0 1
298 195 0 1
297 195 0 1
296 195 0 1
295 195 0 1
294 195 0 1
293 195 0 1
292 195 0 1
291 195 0 1
290 195 0 1
289 195 0 1
288 195 0 1
287 195 0 1
286 195 0 1
285 195 0 1
284 195 0 1
283 195 0 1
282 195 0 1
281 195 0 1
280 195 0 1
279 195 0 1
278 195 0 1
277 195 0 1
454 194 0 0
453 194 0 0
452 194 0 0
451 194 0 0
450 194 0 0
299 194 0 1
298 194 0 1
297 194 0 1
296 194 0 1
295 194 0 1
294 194 0 1
293 194 0 1
292 194 0 1
291 194 0 1
290 194 0 1
289 194 0 1
288 194 0 1
287 194 0 1
286 194 0 1
285 194 0 1
284 194 0 1
283 194 0 1
282 194 0 1
281 194 0 1
280 194 0 1
279 194 0 1
278 194 0 1
277 194 0 1
276 194 0 1
275 194 0 1
274 194 0 1
273 194 0 1
272 194 0 1
454 193 0 0
453 193 0 0
452 193 0 0
451 193 0 0
450 193 0 0
293 193 0 1
292 193 0 1
291 193 0 1
290 193 0 1
289 193 0 1
288 193 0 1
287 193 0 1
286 193 0 1
285 193 0 1
284 193 0 1
283 193 0 1
282 193 0 1
281 193 0 1
280 193 0 1
279 193 0 1
278 193 0 1
277 193 0 1
276 193 0 1
275 193 0 1
274 193 0 1
273 193 0 1
272 193 0 1
271 193 0 1
270 193 0 1
269 193 0 1
268 193 0 1
267 193 0 1
266 193 0 1
265 193 0 1
264 193 0 1
454 192 0 0
453 192 0 0
452 192 0 0
451 192 0 0
450 192 0 0
287 192 0 1
286 192 0 1
285 192 0 1
284 192 0 1
283 192 0 1
282 192 0 1
281 192 0 1
280 192 0 1
279 192 0 1
278 192 0 1
277 192 0 1
276 192 0 1
275 192 0 1
274 192 0 1
273 192 0 1
272 192 0 1
271 192 0 1
270 192 0 1
269 192 0 1
268 192 0 1
267 192 0 1
266 192 0 1
265 192 0 1
264 192 0 1
263 192 0 1
262 192 0 1
261 192 0 1
260 192 0 1
259 192 0 1
258 192 0 1
257 192 0 1
256 192 0 1
455 191 0 0
454 191 0 0
453 191 0 0
452 191 0 0
451 191 0 0
282 191 0 1
281 191 0 1
280 191 0 1
279 191 0 1
278 191 0 1
277 191 0 1
276 191 0 1
275 191 0 1
274 191 0 1
273 191 0 1
272 191 0 1
271 191 0 1
270 191 0 1
269 191 0 1
268 191 0 1
267 191 0 1
266 191 0 1
265 191 0 1
264 191 0 1
263 191 0 1
262 191 0 1
261 191 0 1
260 191 0 1
259 191 0 1
258 191 0 1
257 191 0 1
256 191 0 1
255 191 0 1
254 191 0 1
253 191 0 1
252 191 0 1
251 191 0 1
250 191 0 1
455 190 0 0
454 190 0 0
453 190 0 0
452 190 0 0
451 190 0 0
277 190 0 1
276 190 0 1
275 190 0 1
274 190 0 1
273 190 0 1
272 190 0 1
271 190 0 1
270 190 0 1
269 190 0 1
268 190 0 1
267 190 0 1
266 190 0 1
265 190 0 1
264 190 0 1
263 190 0 1
262 190 0 1
261 190 0 1
260 190 0 1
259 190 0 1
258 190 0 1
257 190 0 1
256 190 0 1
255 190 0 1
254 190 0 1
253 190 0 1
252 190 0 1
251 190 0 1
250 190 0 1
249 190 0 1
248 190 0 1
247 190 0 1
246 190 0 1
245 190 0 1
244 190 0 1
455 189 0 0
454 189 0 0
453 189 0 0
452 189 0 0
451 189 0 0
271 189 0 1
270 189 0 1
269 189 0 1
268 189 0 1
267 189 0 1
266 189 0 1
265 189 0 1
264 189 0 1
263 189 0 1
262 189 0 1
261 189 0 1
260 189 0 1
259 189 0 1
258 189 0 1
257 189 0 1
256 189 0 1
255 189 0 1
254 189 0 1
253 189 0 1
252 189 0 1
251 189 0 1
250 189 0 1
249 189 0 1
248 189 0 1
247 189 0 1
246 189 0 1
245 189 0 1
244 189 0 1
243 189 0 1
242 189 0 1
241 189 0 1
240 189 0 1
239 189 0 1
455 188 0 0
454 188 0 0
453 188 0 0
452 188 0 0
451 188 0 0
263 188 0 1
262 188 0 1
261 188 0 1
260 188 0 1
259 188 0 1
258 188 0 1
257 188 0 1
256 188 0 1
255 188 0 1
254 188 0 1
253 188 0 1
252 188 0 1
251 188 0 1
250 188 0 1
249 188 0 1
248 188 0 1
247 188 0 1
246 188 0 1
245 188 0 1
244 188 0 1
243 188 0 1
242 188 0 1
241 188 0 1
240 188 0 1
239 188 0 1
238 188 0 1
237 188 0 1
236 188 0 1
235 188 0 1
456 187 0 0
455 187 0 0
454 187 0 0
453 187 0 0
452 187 0 0
255 187 0 1
254 187 0 1
253 187 0 1
252 187 0 1
251 187 0 1
250 187 0 1
249 187 0 1
248 187 0 1
247 187 0 1
246 187 0 1
245 187 0 1
244 187 0 1
243 187 0 1
242 187 0 1
241 187 0 1
240 187 0 1
239 187 0 1
238 187 0 1
237 187 0 1
236 187 0 1
235 187 0 1
234 187 0 1
233 187 0 1
232 187 0 1
456 186 0 0
455 186 0 0
454 186 0 0
453 186 0 0
452 186 0 0
250 186 0 1
249 186 0 1
248 186 0 1
247 186 0 1
246 186 0 1
245 186 0 1
244 186 0 1
243 186 0 1
242 186 0 1
241 186 0 1
240 186 0 1
239 186 0 1
238 186 0 1
237 186 0 1
236 186 0 1
235 186 0 1
234 186 0 1
233 186 0 1
232 186 0 1
231 186 0 1
230 186 0 1
229 186 0 1
228 186 0 1
456 185 0 0
455 185 0 0
454 185 0 0
453 185 0 0
452 185 0 0
244 185 0 1
243 185 0 1
242 185 0 1
241 185 0 1
240 185 0 1
239 185 0 1
238 185 0 1
237 185 0 1
236 185 0 1
235 185 0 1
234 185 0 1
233 185 0 1
232 185 0 1
231 185 0 1
230 185 0 1
229 185 0 1
228 185 0 1
227 185 0 1
226 185 0 1
225 185 0 1
224 185 0 1
223 185 0 1
456 184 0 0
455 184 0 0
454 184 0 0
453 184 0 0
452 184 0 0
239 184 0 1
238 184 0 1
237 184 0 1
236 184 0 1
235 184 0 1
234 184 0 1
233 184 0 1
232 184 0 1
231 184 0 1
230 184 0 1
229 184 0 1
228 184 0 1
227 184 0 1
226 184 0 1
225 184 0 1
224 184 0 1
223 184 0 1
222 184 0 1
221 184 0 1
220 184 0 1
456 183 0 0
455 183 0 0
454 183 0 0
453 183 0 0
452 183 0 0
235 183 0 1
234 183 0 1
233 183 0 1
232 183 0 1
231 183 0 1
230 183 0 1
229 183 0 1
228 183 0 1
227 183 0 1
226 183 0 1
225 183 0 1
224 183 0 1
223 183 0 1
222 183 0 1
221 183 0 1
220 183 0 1
219 183 0 1
218 183 0 1
217 183 0 1
456 182 0 0
455 182 0 0
454 182 0 0
453 182 0 0
452 182 0 0
232 182 0 1
231 182 0 1
230 182 0 1
229 182 0 1
228 182 0 1
227 182 0 1
226 182 0 1
225 182 0 1
224 182 0 1
223 182 0 1
222 182 0 1
221 182 0 1
220 182 0 1
219 182 0 1
218 182 0 1
217 182 0 1
216 182 0 1
215 182 0 1
214 182 0 1
213 182 0 1
456 181 0 0
455 181 0 0
454 181 0 0
453 181 0 0
452 181 0 0
229 181 0 1
228 181 0 1
227 181 0 1
226 181 0 1
225 181 0 1
224 181 0 1
223 181 0 1
222 181 0 1
221 181 0 1
220 181 0 1
219 181 0 1
218 181 0 1
217 181 0 1
216 181 0 1
215 181 0 1
214 181 0 1
213 181 0 1
212 181 0 1
211 181 0 1
456 180 0 0
455 180 0 0
454 180 0 0
453 180 0 0
452 180 0 0
224 180 0 1
223 180 0 1
222 180 0 1
221 180 0 1
220 180 0 1
219 180 0 1
218 180 0 1
217 180 0 1
216 180 0 1
215 180 0 1
214 180 0 1
213 180 0 1
212 180 0 1
211 180 0 1
210 180 0 1
209 180 0 1
456 179 0 0
455 179 0 0
454 179 0 0
453 179 0 0
452 179 0 0
220 179 0 1
219 179 0 1
218 179 0 1
217 179 0 1
216 179 0 1
215 179 0 1
214 179 0 1
213 179 0 1
212 179 0 1
211 179 0 1
210 179 0 1
209 179 0 1
208 179 0 1
207 179 0 1
206 179 0 1
457 178 0 0
456 178 0 0
455 178 0 0
454 178 0 0
453 178 0 0
452 178 0 0
217 178 0 1
216 178 0 1
215 178 0 1
214 178 0 1
213 178 0 1
212 178 0 1
211 178 0 1
210 178 0 1
209 178 0 1
208 178 0 1
207 178 0 1
206 178 0 1
205 178 0 1
457 177 0 0
456 177 0 0
455 177 0 0
454 177 0 0
453 177 0 0
214 177 0 1
213 177 0 1
212 177 0 1
211 177 0 1
210 177 0 1
209 177 0 1
208 177 0 1
207 177 0 1
206 177 0 1
205 177 0 1
204 177 0 1
203 177 0 1
457 176 0 0
456 176 0 0
455 176 0 0
454 176 0 0
453 176 0 0
211 176 0 1
210 176 0 1
209 176 0 1
208 176 0 1
207 176 0 1
206 176 0 1
205 176 0 1
204 176 0 1
203 176 0 1
202 176 0 1
457 175 0 0
456 175 0 0
455 175 0 0
454 175 0 0
453 175 0 0
209 175 0 1
208 175 0 1
207 175 0 1
206 175 0 1
205 175 0 1
204 175 0 1
203 175 0 1
202 175 0 1
201 175 0 1
200 175 0 1
458 174 0 0
457 174 0 0
456 174 0 0
455 174 0 0
454 174 0 0
453 174 0 0
207 174 0 1
206 174 0 1
205 174 0 1
204 174 0 1
203 174 0 1
202 174 0 1
201 174 0 1
200 174 0 1
199 174 0 1
198 174 0 1
458 173 0 0
457 173 0 0
456 173 0 0
455 173 0 0
454 173 0 0
205 173 0 1
204 173 0 1
203 173 0 1
202 173 0 1
201 173 0 1
200 173 0 1
199 173 0 1
198 173 0 1
197 173 0 1
196 173 0 1
195 173 0 1
458 172 0 0
457 172 0 0
456 172 0 0
455 172 0 0
454 172 0 0
204 172 0 1
203 172 0 1
202 172 0 1
201 172 0 1
200 172 0 1
199 172 0 1
198 172 0 1
197 172 0 1
196 172 0 1
195 172 0 1
194 172 0 1
193 172 0 1
459 171 0 0
458 171 0 0
457 171 0 0
456 171 0 0
455 171 0 0
454 171 0 0
202 171 0 1
201 171 0 1
200 171 0 1
199 171 0 1
198 171 0 1
197 171 0 1
196 171 0 1
195 171 0 1
194 171 0 1
193 171 0 1
192 171 0 1
459 170 0 0
458 170 0 0
457 170 0 0
456 170 0 0
455 170 0 0
454 170 0 0
201 170 0 1
200 170 0 1
199 170 0 1
198 170 0 1
197 170 0 1
196 170 0 1
195 170 0 1
194 170 0 1
193 170 0 1
192 170 0 1
191 170 0 1
190 170 0 1
459 169 0 0
458 169 0 0
457 169 0 0
456 169 0 0
455 169 0 0
198 169 0 1
197 169 0 1
196 169 0 1
195 169 0 1
194 169 0 1
193 169 0 1
192 169 0 1
191 169 0 1
190 169 0 1
189 169 0 1
188 169 0 1
459 168 0 0
458 168 0 0
457 168 0 0
456 168 0 0
455 168 0 0
196 168 0 1
195 168 0 1
194 168 0 1
193 168 0 1
192 168 0 1
191 168 0 1
190 168 0 1
189 168 0 1
188 168 0 1
187 168 0 1
186 168 0 1
460 167 0 0
459 167 0 0
458 167 0 0
457 167 0 0
456 167 0 0
455 167 0 0
194 167 0 1
193 167 0 1
192 167 0 1
191 167 0 1
190 167 0 1
189 167 0 1
188 167 0 1
187 167 0 1
186 167 0 1
185 167 0 1
184 167 0 1
183 167 0 1
460 166 0 0
459 166 0 0
458 166 0 0
457 166 0 0
456 166 0 0
192 166 0 1
191 166 0 1
190 166 0 1
189 166 0 1
188 166 0 1
187 166 0 1
186 166 0 1
185 166 0 1
184 166 0 1
183 166 0 1
182 166 0 1
181 166 0 1
460 165 0 0
459 165 0 0
458 165 0 0
457 165 0 0
456 165 0 0
191 165 0 1
190 165 0 1
189 165 0 1
188 165 0 1
187 165 0 1
186 165 0 1
185 165 0 1
184 165 0 1
183 165 0 1
182 165 0 1
181 165 0 1
180 165 0 1
179 165 0 1
460 164 0 0
459 164 0 0
458 164 0 0
457 164 0 0
456 164 0 0
189 164 0 1
188 164 0 1
187 164 0 1
186 164 0 1
185 164 0 1
184 164 0 1
183 164 0 1
182 164 0 1
181 164 0 1
180 164 0 1
179 164 0 1
178 164 0 1
177 164 0 1
176 164 0 1
461 163 0 0
460 163 0 0
459 163 0 0
458 163 0 0
457 163 0 0
456 163 0 0
186 163 0 1
185 163 0 1
184 163 0 1
183 163 0 1
182 163 0 1
181 163 0 1
180 163 0 1
179 163 0 1
178 163 0 1
177 163 0 1
176 163 0 1
175 163 0 1
174 163 0 1
173 163 0 1
461 162 0 0
460 162 0 0
459 162 0 0
458 162 0 0
457 162 0 0
184 162 0 1
183 162 0 1
182 162 0 1
181 162 0 1
180 162 0 1
179 162 0 1
178 162 0 1
177 162 0 1
176 162 0 1
175 162 0 1
174 162 0 1
173 162 0 1
172 162 0 1
171 162 0 1
461 161 0 0
460 161 0 0
459 161 0 0
458 161 0 0
457 161 0 0
182 161 0 1
181 161 0 1
180 161 0 1
179 161 0 1
178 161 0 1
177 161 0 1
176 161 0 1
175 161 0 1
174 161 0 1
173 161 0 1
172 161 0 1
171 161 0 1
170 161 0 1
169 161 0 1
461 160 0 0
460 160 0 0
459 160 0 0
458 160 0 0
457 160 0 0
180 160 0 1
179 160 0 1
178 160 0 1
177 160 0 1
176 160 0 1
175 160 0 1
174 160 0 1
173 160 0 1
172 160 0 1
171 160 0 1
170 160 0 1
169 160 0 1
168 160 0 1
167 160 0 1
166 160 0 1
461 159 0 0
460 159 0 0
459 159 0 0
458 159 0 0
457 159 0 0
177 159 0 1
176 159 0 1
175 159 0 1
174 159 0 1
173 159 0 1
172 159 0 1
171 159 0 1
170 159 0 1
169 159 0 1
168 159 0 1
167 159 0 1
166 159 0 1
165 159 0 1
164 159 0 1
163 159 0 1
162 159 0 1
461 158 0 0
460 158 0 0
459 158 0 0
458 158 0 0
457 158 0 0
174 158 0 1
173 158 0 1
172 158 0 1
171 158 0 1
170 158 0 1
169 158 0 1
168 158 0 1
167 158 0 1
166 158 0 1
165 158 0 1
164 158 0 1
163 158 0 1
162 158 0 1
161 158 0 1
160 158 0 1
159 158 0 1
158 158 0 1
157 158 0 1
156 158 0 1
155 158 0 1
154 158 0 1
153 158 0 1
462 157 0 0
461 157 0 0
460 157 0 0
459 157 0 0
458 157 0 0
457 157 0 0
172 157 0 1
171 157 0 1
170 157 0 1
169 157 0 1
168 157 0 1
167 157 0 1
166 157 0 1
165 157 0 1
164 157 0 1
163 157 0 1
162 157 0 1
161 157 0 1
160 157 0 1
159 157 0 1
158 157 0 1
157 157 0 1
156 157 0 1
155 157 0 1
154 157 0 1
153 157 0 1
152 157 0 1
151 157 0 1
150 157 0 1
149 157 0 1
462 156 0 0
461 156 0 0
460 156 0 0
459 156 0 0
458 156 0 0
170 156 0 1
169 156 0 1
168 156 0 1
167 156 0 1
166 156 0 1
165 156 0 1
164 156 0 1
163 156 0 1
162 156 0 1
161 156 0 1
160 156 0 1
159 156 0 1
158 156 0 1
157 156 0 1
156 156 0 1
155 156 0 1
154 156 0 1
153 156 0 1
152 156 0 1
151 156 0 1
150 156 0 1
149 156 0 1
148 156 0 1
147 156 0 1
146 156 0 1
462 155 0 0
461 155 0 0
460 155 0 0
459 155 0 0
458 155 0 0
167 155 0 1
166 155 0 1
165 155 0 1
164 155 0 1
163 155 0 1
162 155 0 1
161 155 0 1
160 155 0 1
159 155 0 1
158 155 0 1
157 155 0 1
156 155 0 1
155 155 0 1
154 155 0 1
153 155 0 1
152 155 0 1
151 155 0 1
150 155 0 1
149 155 0 1
148 155 0 1
147 155 0 1
146 155 0 1
145 155 0 1
144 155 0 1
143 155 0 1
142 155 0 1
141 155 0 1
140 155 0 1
139 155 0 1
138 155 0 1
137 155 0 1
462 154 0 0
461 154 0 0
460 154 0 0
459 154 0 0
458 154 0 0
158 154 0 1
157 154 0 1
156 154 0 1
155 154 0 1
154 154 0 1
153 154 0 1
152 154 0 1
151 154 0 1
150 154 0 1
149 154 0 1
148 154 0 1
147 154 0 1
146 154 0 1
145 154 0 1
144 154 0 1
143 154 0 1
142 154 0 1
141 154 0 1
140 154 0 1
139 154 0 1
138 154 0 1
137 154 0 1
136 154 0 1
135 154 0 1
134 154 0 1
462 153 0 0
461 153 0 0
460 153 0 0
459 153 0 0
458 153 0 0
154 153 0 1
153 153 0 1
152 153 0 1
151 153 0 1
150 153 0 1
149 153 0 1
148 153 0 1
147 153 0 1
146 153 0 1
145 153 0 1
144 153 0 1
143 153 0 1
142 153 0 1
141 153 0 1
140 153 0 1
139 153 0 1
138 153 0 1
137 153 0 1
136 153 0 1
135 153 0 1
134 153 0 1
133 153 0 1
132 153 0 1
131 153 0 1
130 153 0 1
129 153 0 1
462 152 0 0
461 152 0 0
460 152 0 0
459 152 0 0
458 152 0 0
150 152 0 1
149 152 0 1
148 152 0 1
147 152 0 1
146 152 0 1
145 152 0 1
144 152 0 1
143 152 0 1
142 152 0 1
141 152 0 1
140 152 0 1
139 152 0 1
138 152 0 1
137 152 0 1
136 152 0 1
135 152 0 1
134 152 0 1
133 152 0 1
132 152 0 1
131 152 0 1
130 152 0 1
129 152 0 1
128 152 0 1
127 152 0 1
463 151 0 0
462 151 0 0
461 151 0 0
460 151 0 0
459 151 0 0
458 151 0 0
141 151 0 1
140 151 0 1
139 151 0 1
138 151 0 1
137 151 0 1
136 151 0 1
135 151 0 1
134 151 0 1
133 151 0 1
132 151 0 1
131 151 0 1
130 151 0 1
129 151 0 1
128 151 0 1
127 151 0 1
126 151 0 1
463 150 0 0
462 150 0 0
461 150 0 0
460 150 0 0
459 150 0 0
138 150 0 1
137 150 0 1
136 150 0 1
135 150 0 1
134 150 0 1
133 150 0 1
132 150 0 1
131 150 0 1
130 150 0 1
129 150 0 1
128 150 0 1
127 150 0 1
126 150 0 1
125 150 0 1
463 149 0 0
462 149 0 0
461 149 0 0
460 149 0 0
459 149 0 0
132 149 0 1
131 149 0 1
130 149 0 1
129 149 0 1
128 149 0 1
127 149 0 1
126 149 0 1
125 149 0 1
124 149 0 1
463 148 0 0
462 148 0 0
461 148 0 0
460 148 0 0
459 148 0 0
129 148 0 1
128 148 0 1
127 148 0 1
126 148 0 1
125 148 0 1
124 148 0 1
123 148 0 1
122 148 0 1
463 147 0 0
462 147 0 0
461 147 0 0
460 147 0 0
128 147 0 1
127 147 0 1
126 147 0 1
125 147 0 1
124 147 0 1
123 147 0 1
122 147 0 1
121 147 0 1
463 146 0 0
462 146 0 0
461 146 0 0
460 146 0 0
127 146 0 1
126 146 0 1
125 146 0 1
124 146 0 1
123 146 0 1
122 146 0 1
121 146 0 1
120 146 0 1
463 145 0 0
462 145 0 0
461 145 0 0
460 145 0 0
126 145 0 1
125 145 0 1
124 145 0 1
123 145 0 1
122 145 0 1
121 145 0 1
120 145 0 1
463 144 0 0
462 144 0 0
461 144 0 0
460 144 0 0
125 144 0 1
124 144 0 1
123 144 0 1
122 144 0 1
121 144 0 1
120 144 0 1
463 143 0 0
462 143 0 0
461 143 0 0
460 143 0 0
124 143 0 1
123 143 0 1
122 143 0 1
121 143 0 1
120 143 0 1
119 143 0 1
463 142 0 0
462 142 0 0
461 142 0 0
460 142 0 0
124 142 0 1
123 142 0 1
122 142 0 1
121 142 0 1
120 142 0 1
119 142 0 1
463 141 0 0
462 141 0 0
461 141 0 0
460 141 0 0
123 141 0 1
122 141 0 1
121 141 0 1
120 141 0 1
119 141 0 1
463 140 0 0
462 140 0 0
461 140 0 0
460 140 0 0
123 140 0 1
122 140 0 1
121 140 0 1
120 140 0 1
119 140 0 1
463 139 0 0
462 139 0 0
461 139 0 0
460 139 0 0
123 139 0 1
122 139 0 1
121 139 0 1
120 139 0 1
119 139 0 1
118 139 0 1
463 138 0 0
462 138 0 0
461 138 0 0
460 138 0 0
123 138 0 1
122 138 0 1
121 138 0 1
120 138 0 1
119 138 0 1
118 138 0 1
463 137 0 0
462 137 0 0
461 137 0 0
460 137 0 0
122 137 0 1
121 137 0 1
120 137 0 1
119 137 0 1
118 137 0 1
463 136 0 0
462 136 0 0
461 136 0 0
460 136 0 0
122 136 0 1
121 136 0 1
120 136 0 1
119 136 0 1
118 136 0 1
117 136 0 1
463 135 0 0
462 135 0 0
461 135 0 0
460 135 0 0
122 135 0 1
121 135 0 1
120 135 0 1
119 135 0 1
118 135 0 1
117 135 0 1
463 134 0 0
462 134 0 0
461 134 0 0
460 134 0 0
121 134 0 1
120 134 0 1
119 134 0 1
118 134 0 1
117 134 0 1
463 133 0 0
462 133 0 0
461 133 0 0
460 133 0 0
121 133 0 1
120 133 0 1
119 133 0 1
118 133 0 1
117 133 0 1
463 132 0 0
462 132 0 0
461 132 0 0
460 132 0 0
121 132 0 1
120 132 0 1
119 132 0 1
118 132 0 1
117 132 0 1
463 131 0 0
462 131 0 0
461 131 0 0
460 131 0 0
121 131 0 1
120 131 0 1
119 131 0 1
118 131 0 1
117 131 0 1
463 130 0 0
462 130 0 0
461 130 0 0
460 130 0 0
120 130 0 1
119 130 0 1
118 130 0 1
117 130 0 1
463 129 0 0
462 129 0 0
461 129 0 0
460 129 0 0
120 129 0 1
119 129 0 1
118 129 0 1
117 129 0 1
463 128 0 0
462 128 0 0
461 128 0 0
460 128 0 0
120 128 0 1
119 128 0 1
118 128 0 1
117 128 0 1
463 127 0 0
462 127 0 0
461 127 0 0
460 127 0 0
120 127 0 1
119 127 0 1
118 127 0 1
117 127 0 1
463 126 0 0
462 126 0 0
461 126 0 0
460 126 0 0
459 126 0 0
120 126 0 1
119 126 0 1
118 126 0 1
117 126 0 1
463 125 0 0
462 125 0 0
461 125 0 0
460 125 0 0
459 125 0 0
120 125 0 1
119 125 0 1
118 125 0 1
117 125 0 1
463 124 0 0
462 124 0 0
461 124 0 0
460 124 0 0
459 124 0 0
120 124 0 1
119 124 0 1
118 124 0 1
117 124 0 1
463 123 0 0
462 123 0 0
461 123 0 0
460 123 0 0
459 123 0 0
120 123 0 1
119 123 0 1
118 123 0 1
117 123 0 1
120 122 0 1
119 122 0 1
118 122 0 1
117 122 0 1
120 121 0 1
119 121 0 1
118 121 0 1
117 121 0 1
116 121 0 1
120 120 0 1
119 120 0 1
118 120 0 1
117 120 0 1
116 120 0 1
120 119 0 1
119 119 0 1
118 119 0 1
117 119 0 1
116 119 0 1
120 118 0 1
119 118 0 1
118 118 0 1
117 118 0 1
116 118 0 1
120 117 0 1
119 117 0 1
118 117 0 1
117 117 0 1
116 117 0 1
119 116 0 1
118 116 0 1
117 116 0 1
116 116 0 1
119 115 0 1
118 115 0 1
117 115 0 1
116 115 0 1
119 114 0 1
118 114 0 1
117 114 0 1
116 114 0 1
119 113 0 1
118 113 0 1
117 113 0 1
116 113 0 1
119 112 0 1
118 112 0 1
117 112 0 1
116 112 0 1
119 111 0 1
118 111 0 1
117 111 0 1
116 111 0 1
119 110 0 1
118 110 0 1
117 110 0 1
116 110 0 1
119 109 0 1
118 109 0 1
117 109 0 1
116 109 0 1
119 108 0 1
118 108 0 1
117 108 0 1
116 108 0 1
119 107 0 1
118 107 0 1
117 107 0 1
116 107 0 1
119 106 0 1
118 106 0 1
117 106 0 1
116 106 0 1
119 105 0 1
118 105 0 1
117 105 0 1
116 105 0 1
119 104 0 1
118 104 0 1
117 104 0 1
116 104 0 1
119 103 0 1
118 103 0 1
117 103 0 1
116 103 0 1
119 102 0 1
118 102 0 1
117 102 0 1
116 102 0 1
119 101 0 1
118 101 0 1
117 101 0 1
116 101 0 1
119 100 0 1
118 100 0 1
117 100 0 1
116 100 0 1
119 99 0 1
118 99 0 1
117 99 0 1
116 99 0 1
119 98 0 1
118 98 0 1
117 98 0 1
116 98 0 1
119 97 0 1
118 97 0 1
117 97 0 1
116 97 0 1
119 96 0 1
118 96 0 1
117 96 0 1
116 96 0 1
119 95 0 1
118 95 0 1
117 95 0 1
116 95 0 1
119 94 0 1
118 94 0 1
117 94 0 1
116 94 0 1
119 93 0 1
118 93 0 1
117 93 0 1
116 93 0 1
119 92 0 1
118 92 0 1
117 92 0 1
116 92 0 1
119 91 0 1
118 91 0 1
117 91 0 1
116 91 0 1
119 90 0 1
118 90 0 1
117 90 0 1
116 90 0 1
119 89 0 1
118 89 0 1
117 89 0 1
116 89 0 1
119 88 0 1
118 88 0 1
117 88 0 1
116 88 0 1
241 87 0 0
240 87 0 0
239 87 0 0
238 87 0 0
119 87 0 1
118 87 0 1
117 87 0 1
116 87 0 1
242 86 0 0
241 86 0 0
240 86 0 0
239 86 0 0
238 86 0 0
119 86 0 1
118 86 0 1
117 86 0 1
116 86 0 1
242 85 0 0
241 85 0 0
240 85 0 0
239 85 0 0
238 85 0 0
119 85 0 1
118 85 0 1
117 85 0 1
116 85 0 1
243 84 0 0
242 84 0 0
241 84 0 0
240 84 0 0
239 84 0 0
238 84 0 0
119 84 0 1
118 84 0 1
117 84 0 1
116 84 0 1
244 83 0 0
243 83 0 0
242 83 0 0
241 83 0 0
240 83 0 0
239 83 0 0
238 83 0 0
119 83 0 1
118 83 0 1
117 83 0 1
116 83 0 1
245 82 0 0
244 82 0 0
243 82 0 0
242 82 0 0
241 82 0 0
240 82 0 0
239 82 0 0
119 82 0 1
118 82 0 1
117 82 0 1
116 82 0 1
248 81 0 0
247 81 0 0
246 81 0 0
245 81 0 0
244 81 0 0
243 81 0 0
242 81 0 0
241 81 0 0
240 81 0 0
119 81 0 1
118 81 0 1
117 81 0 1
116 81 0 1
248 80 0 0
247 80 0 0
246 80 0 0
245 80 0 0
244 80 0 0
243 80 0 0
242 80 0 0
241 80 0 0
119 80 0 1
118 80 0 1
117 80 0 1
116 80 0 1
248 79 0 0
247 79 0 0
246 79 0 0
245 79 0 0
244 79 0 0
243 79 0 0
242 79 0 0
241 79 0 0
119 79 0 1
118 79 0 1
117 79 0 1
116 79 0 1
249 78 0 0
248 78 0 0
247 78 0 0
246 78 0 0
245 78 0 0
244 78 0 0
243 78 0 0
242 78 0 0
119 78 0 1
118 78 0 1
117 78 0 1
116 78 0 1
250 77 0 0
249 77 0 0
248 77 0 0
247 77 0 0
246 77 0 0
245 77 0 0
119 77 0 1
118 77 0 1
117 77 0 1
116 77 0 1
252 76 0 0
251 76 0 0
250 76 0 0
249 76 0 0
248 76 0 0
247 76 0 0
246 76 0 0
245 76 0 0
119 76 0 1
118 76 0 1
117 76 0 1
116 76 0 1
253 75 0 0
252 75 0 0
251 75 0 0
250 75 0 0
249 75 0 0
248 75 0 0
247 75 0 0
246 75 0 0
119 75 0 1
118 75 0 1
117 75 0 1
116 75 0 1
253 74 0 0
252 74 0 0
251 74 0 0
250 74 0 0
249 74 0 0
248 74 0 0
247 74 0 0
246 74 0 0
119 74 0 1
118 74 0 1
117 74 0 1
116 74 0 1
115 74 0 1
253 73 0 0
252 73 0 0
251 73 0 0
250 73 0 0
249 73 0 0
248 73 0 0
247 73 0 0
119 73 0 1
118 73 0 1
117 73 0 1
116 73 0 1
115 73 0 1
253 72 0 0
252 72 0 0
251 72 0 0
250 72 0 0
249 72 0 0
119 72 0 1
118 72 0 1
117 72 0 1
116 72 0 1
115 72 0 1
253 71 0 0
252 71 0 0
251 71 0 0
250 71 0 0
119 71 0 1
118 71 0 1
117 71 0 1
116 71 0 1
115 71 0 1
253 70 0 0
252 70 0 0
251 70 0 0
250 70 0 0
119 70 0 1
118 70 0 1
117 70 0 1
116 70 0 1
115 70 0 1
253 69 0 0
252 69 0 0
251 69 0 0
250 69 0 0
118 69 0 1
117 69 0 1
116 69 0 1
115 69 0 1
114 69 0 1
253 68 0 0
252 68 0 0
251 68 0 0
250 68 0 0
118 68 0 1
117 68 0 1
116 68 0 1
115 68 0 1
114 68 0 1
253 67 0 0
252 67 0 0
251 67 0 0
250 67 0 0
118 67 0 1
117 67 0 1
116 67 0 1
115 67 0 1
114 67 0 1
113 67 0 1
253 66 0 0
252 66 0 0
251 66 0 0
250 66 0 0
118 66 0 1
117 66 0 1
116 66 0 1
115 66 0 1
114 66 0 1
113 66 0 1
112 66 0 1
253 65 0 0
252 65 0 0
251 65 0 0
250 65 0 0
117 65 0 1
116 65 0 1
115 65 0 1
114 65 0 1
113 65 0 1
112 65 0 1
111 65 0 1
110 65 0 1
253 64 0 0
252 64 0 0
251 64 0 0
250 64 0 0
116 64 0 1
115 64 0 1
114 64 0 1
113 64 0 1
112 64 0 1
111 64 0 1
110 64 0 1
253 63 0 0
252 63 0 0
251 63 0 0
250 63 0 0
115 63 0 1
114 63 0 1
113 63 0 1
112 63 0 1
111 63 0 1
110 63 0 1
253 62 0 0
252 62 0 0
251 62 0 0
250 62 0 0
115 62 0 1
114 62 0 1
113 62 0 1
112 62 0 1
111 62 0 1
110 62 0 1
253 61 0 0
252 61 0 0
251 61 0 0
250 61 0 0
253 60 0 0
252 60 0 0
251 60 0 0
250 60 0 0
253 59 0 0
252 59 0 0
251 59 0 0
250 59 0 0
253 58 0 0
252 58 0 0
251 58 0 0
250 58 0 0
253 57 0 0
252 57 0 0
251 57 0 0
250 57 0 0
253 56 0 0
252 56 0 0
251 56 0 0
250 56 0 0
253 55 0 0
252 55 0 0
251 55 0 0
250 55 0 0
253 54 0 0
252 54 0 0
251 54 0 0
250 54 0 0
253 53 0 0
252 53 0 0
251 53 0 0
250 53 0 0
253 52 0 0
252 52 0 0
251 52 0 0
250 52 0 0
253 51 0 0
252 51 0 0
251 51 0 0
250 51 0 0
253 50 0 0
252 50 0 0
251 50 0 0
250 50 0 0
249 50 0 0
253 49 0 0
252 49 0 0
251 49 0 0
250 49 0 0
249 49 0 0
248 49 0 0
253 48 0 0
252 48 0 0
251 48 0 0
250 48 0 0
249 48 0 0
248 48 0 0
247 48 0 0
252 47 0 0
251 47 0 0
250 47 0 0
249 47 0 0
248 47 0 0
247 47 0 0
246 47 0 0
251 46 0 0
250 46 0 0
249 46 0 0
248 46 0 0
247 46 0 0
246 46 0 0
245 46 0 0
250 45 0 0
249 45 0 0
248 45 0 0
247 45 0 0
246 45 0 0
245 45 0 0
244 45 0 0
250 44 0 0
249 44 0 0
248 44 0 0
247 44 0 0
246 44 0 0
245 44 0 0
244 44 0 0
243 44 0 0
249 43 0 0
248 43 0 0
247 43 0 0
246 43 0 0
245 43 0 0
244 43 0 0
243 43 0 0
242 43 0 0
241 43 0 0
248 42 0 0
247 42 0 0
246 42 0 0
245 42 0 0
244 42 0 0
243 42 0 0
242 42 0 0
241 42 0 0
240 42 0 0
239 42 0 0
238 42 0 0
246 41 0 0
245 41 0 0
244 41 0 0
243 41 0 0
242 41 0 0
241 41 0 0
240 41 0 0
239 41 0 0
238 41 0 0
237 41 0 0
236 41 0 0
245 40 0 0
244 40 0 0
243 40 0 0
242 40 0 0
241 40 0 0
240 40 0 0
239 40 0 0
238 40 0 0
237 40 0 0
236 40 0 0
235 40 0 0
234 40 0 0
233 40 0 0
243 39 0 0
242 39 0 0
241 39 0 0
240 39 0 0
239 39 0 0
238 39 0 0
237 39 0 0
236 39 0 0
235 39 0 0
234 39 0 0
233 39 0 0
232 39 0 0
231 39 0 0
230 39 0 0
229 39 0 0
228 39 0 0
242 38 0 0
241 38 0 0
240 38 0 0
239 38 0 0
238 38 0 0
237 38 0 0
236 38 0 0
235 38 0 0
234 38 0 0
233 38 0 0
232 38 0 0
231 38 0 0
230 38 0 0
229 38 0 0
228 38 0 0
227 38 0 0
226 38 0 0
225 38 0 0
239 37 0 0
238 37 0 0
237 37 0 0
236 37 0 0
235 37 0 0
234 37 0 0
233 37 0 0
232 37 0 0
231 37 0 0
230 37 0 0
229 37 0 0
228 37 0 0
227 37 0 0
226 37 0 0
225 37 0 0
224 37 0 0
223 37 0 0
236 36 0 0
235 36 0 0
234 36 0 0
233 36 0 0
232 36 0 0
231 36 0 0
230 36 0 0
229 36 0 0
228 36 0 0
227 36 0 0
226 36 0 0
225 36 0 0
224 36 0 0
223 36 0 0
222 36 0 0
221 36 0 0
233 35 0 0
232 35 0 0
231 35 0 0
230 35 0 0
229 35 0 0
228 35 0 0
227 35 0 0
226 35 0 0
225 35 0 0
224 35 0 0
223 35 0 0
222 35 0 0
221 35 0 0
220 35 0 0
219 35 0 0
228 34 0 0
227 34 0 0
226 34 0 0
225 34 0 0
224 34 0 0
223 34 0 0
222 34 0 0
221 34 0 0
220 34 0 0
219 34 0 0
218 34 0 0
217 34 0 0
226 33 0 0
225 33 0 0
224 33 0 0
223 33 0 0
222 33 0 0
221 33 0 0
220 33 0 0
219 33 0 0
218 33 0 0
217 33 0 0
216 33 0 0
215 33 0 0
224 32 0 0
223 32 0 0
222 32 0 0
221 32 0 0
220 32 0 0
219 32 0 0
218 32 0 0
217 32 0 0
216 32 0 0
215 32 0 0
214 32 0 0
213 32 0 0
212 32 0 0
222 31 0 0
221 31 0 0
220 31 0 0
219 31 0 0
218 31 0 0
217 31 0 0
216 31 0 0
215 31 0 0
214 31 0 0
213 31 0 0
212 31 0 0
211 31 0 0
210 31 0 0
209 31 0 0
208 31 0 0
220 30 0 0
219 30 0 0
218 30 0 0
217 30 0 0
216 30 0 0
215 30 0 0
214 30 0 0
213 30 0 0
212 30 0 0
211 30 0 0
210 30 0 0
209 30 0 0
208 30 0 0
207 30 0 0
206 30 0 0
205 30 0 0
218 29 0 0
217 29 0 0
216 29 0 0
215 29 0 0
214 29 0 0
213 29 0 0
212 29 0 0
211 29 0 0
210 29 0 0
209 29 0 0
208 29 0 0
207 29 0 0
206 29 0 0
205 29 0 0
204 29 0 0
203 29 0 0
202 29 0 0
216 28 0 0
215 28 0 0
214 28 0 0
213 28 0 0
212 28 0 0
211 28 0 0
210 28 0 0
209 28 0 0
208 28 0 0
207 28 0 0
206 28 0 0
205 28 0 0
204 28 0 0
203 28 0 0
202 28 0 0
201 28 0 0
200 28 0 0
212 27 0 0
211 27 0 0
210 27 0 0
209 27 0 0
208 27 0 0
207 27 0 0
206 27 0 0
205 27 0 0
204 27 0 0
203 27 0 0
202 27 0 0
201 27 0 0
200 27 0 0
199 27 0 0
198 27 0 0
197 27 0 0
209 26 0 0
208 26 0 0
207 26 0 0
206 26 0 0
205 26 0 0
204 26 0 0
203 26 0 0
202 26 0 0
201 26 0 0
200 26 0 0
199 26 0 0
198 26 0 0
197 26 0 0
196 26 0 0
195 26 0 0
194 26 0 0
193 26 0 0
192 26 0 0
206 25 0 0
205 25 0 0
204 25 0 0
203 25 0 0
202 25 0 0
201 25 0 0
200 25 0 0
199 25 0 0
198 25 0 0
197 25 0 0
196 25 0 0
195 25 0 0
194 25 0 0
193 25 0 0
192 25 0 0
191 25 0 0
190 25 0 0
189 25 0 0
188 25 0 0
187 25 0 0
186 25 0 0
185 25 0 0
184 25 0 0
183 25 0 0
182 25 0 0
181 25 0 0
203 24 0 0
202 24 0 0
201 24 0 0
200 24 0 0
199 24 0 0
198 24 0 0
197 24 0 0
196 24 0 0
195 24 0 0
194 24 0 0
193 24 0 0
192 24 0 0
191 24 0 0
190 24 0 0
189 24 0 0
188 24 0 0
187 24 0 0
186 24 0 0
185 24 0 0
184 24 0 0
183 24 0 0
182 24 0 0
181 24 0 0
180 24 0 0
179 24 0 0
178 24 0 0
177 24 0 0
200 23 0 0
199 23 0 0
198 23 0 0
197 23 0 0
196 23 0 0
195 23 0 0
194 23 0 0
193 23 0 0
192 23 0 0
191 23 0 0
190 23 0 0
189 23 0 0
188 23 0 0
187 23 0 0
186 23 0 0
185 23 0 0
184 23 0 0
183 23 0 0
182 23 0 0
181 23 0 0
180 23 0 0
179 23 0 0
178 23 0 0
177 23 0 0
176 23 0 0
175 23 0 0
174 23 0 0
197 22 0 0
196 22 0 0
195 22 0 0
194 22 0 0
193 22 0 0
192 22 0 0
191 22 0 0
190 22 0 0
189 22 0 0
188 22 0 0
187 22 0 0
186 22 0 0
185 22 0 0
184 22 0 0
183 22 0 0
182 22 0 0
181 22 0 0
180 22 0 0
179 22 0 0
178 22 0 0
177 22 0 0
176 22 0 0
175 22 0 0
174 22 0 0
173 22 0 0
172 22 0 0
171 22 0 0
170 22 0 0
169 22 0 0
168 22 0 0
167 22 0 0
186 21 0 0
185 21 0 0
184 21 0 0
183 21 0 0
182 21 0 0
181 21 0 0
180 21 0 0
179 21 0 0
178 21 0 0
177 21 0 0
176 21 0 0
175 21 0 0
174 21 0 0
173 21 0 0
172 21 0 0
171 21 0 0
170 21 0 0
169 21 0 0
168 21 0 0
167 21 0 0
166 21 0 0
165 21 0 0
164 21 0 0
163 21 0 0
181 20 0 0
180 20 0 0
179 20 0 0
178 20 0 0
177 20 0 0
176 20 0 0
175 20 0 0
174 20 0 0
173 20 0 0
172 20 0 0
171 20 0 0
170 20 0 0
169 20 0 0
168 20 0 0
167 20 0 0
166 20 0 0
165 20 0 0
164 20 0 0
163 20 0 0
162 20 0 0
161 20 0 0
160 20 0 0
159 20 0 0
158 20 0 0
178 19 0 0
177 19 0 0
176 19 0 0
175 19 0 0
174 19 0 0
173 19 0 0
172 19 0 0
171 19 0 0
170 19 0 0
169 19 0 0
168 19 0 0
167 19 0 0
166 19 0 0
165 19 0 0
164 19 0 0
163 19 0 0
162 19 0 0
161 19 0 0
160 19 0 0
159 19 0 0
158 19 0 0
157 19 0 0
156 19 0 0
155 19 0 0
154 19 0 0
153 19 0 0
47 19 0 0
46 19 0 0
45 19 0 0
44 19 0 0
43 19 0 0
42 19 0 0
41 19 0 0
40 19 0 0
39 19 0 0
38 19 0 0
37 19 0 0
36 19 0 0
35 19 0 0
34 19 0 0
33 19 0 0
32 19 0 0
31 19 0 0
30 19 0 0
29 19 0 0
28 19 0 0
27 19 0 0
26 19 0 0
25 19 0 0
24 19 0 0
23 19 0 0
22 19 0 0
21 19 0 0
171 18 0 0
170 18 0 0
169 18 0 0
168 18 0 0
167 18 0 0
166 18 0 0
165 18 0 0
164 18 0 0
163 18 0 0
162 18 0 0
161 18 0 0
160 18 0 0
159 18 0 0
158 18 0 0
157 18 0 0
156 18 0 0
155 18 0 0
154 18 0 0
153 18 0 0
152 18 0 0
151 18 0 0
150 18 0 0
149 18 0 0
148 18 0 0
147 18 0 0
146 18 0 0
145 18 0 0
144 18 0 0
143 18 0 0
142 18 0 0
141 18 0 0
140 18 0 0
139 18 0 0
138 18 0 0
137 18 0 0
49 18 0 0
48 18 0 0
47 18 0 0
46 18 0 0
45 18 0 0
44 18 0 0
43 18 0 0
42 18 0 0
41 18 0 0
40 18 0 0
39 18 0 0
38 18 0 0
37 18 0 0
36 18 0 0
35 18 0 0
34 18 0 0
33 18 0 0
32 18 0 0
31 18 0 0
30 18 0 0
29 18 0 0
28 18 0 0
27 18 0 0
26 18 0 0
25 18 0 0
24 18 0 0
23 18 0 0
22 18 0 0
21 18 0 0
167 17 0 0
166 17 0 0
165 17 0 0
164 17 0 0
163 17 0 0
162 17 0 0
161 17 0 0
160 17 0 0
159 17 0 0
158 17 0 0
157 17 0 0
156 17 0 0
155 17 0 0
154 17 0 0
153 17 0 0
152 17 0 0
151 17 0 0
150 17 0 0
149 17 0 0
148 17 0 0
147 17 0 0
146 17 0 0
145 17 0 0
144 17 0 0
143 17 0 0
142 17 0 0
141 17 0 0
140 17 0 0
139 17 0 0
138 17 0 0
137 17 0 0
136 17 0 0
135 17 0 0
54 17 0 0
53 17 0 0
52 17 0 0
51 17 0 0
50 17 0 0
49 17 0 0
48 17 0 0
47 17 0 0
46 17 0 0
45 17 0 0
44 17 0 0
43 17 0 0
42 17 0 0
41 17 0 0
40 17 0 0
39 17 0 0
38 17 0 0
37 17 0 0
36 17 0 0
35 17 0 0
34 17 0 0
33 17 0 0
32 17 0 0
31 17 0 0
30 17 0 0
29 17 0 0
28 17 0 0
27 17 0 0
26 17 0 0
25 17 0 0
24 17 0 0
23 17 0 0
22 17 0 0
21 17 0 0
164 16 0 0
163 16 0 0
162 16 0 0
161 16 0 0
160 16 0 0
159 16 0 0
158 16 0 0
157 16 0 0
156 16 0 0
155 16 0 0
154 16 0 0
153 16 0 0
152 16 0 0
151 16 0 0
150 16 0 0
149 16 0 0
148 16 0 0
147 16 0 0
146 16 0 0
145 16 0 0
144 16 0 0
143 16 0 0
142 16 0 0
141 16 0 0
140 16 0 0
139 16 0 0
138 16 0 0
137 16 0 0
136 16 0 0
135 16 0 0
134 16 0 0
133 16 0 0
132 16 0 0
58 16 0 0
57 16 0 0
56 16 0 0
55 16 0 0
54 16 0 0
53 16 0 0
52 16 0 0
51 16 0 0
50 16 0 0
49 16 0 0
48 16 0 0
47 16 0 0
46 16 0 0
45 16 0 0
44 16 0 0
43 16 0 0
42 16 0 0
41 16 0 0
40 16 0 0
39 16 0 0
38 16 0 0
37 16 0 0
36 16 0 0
35 16 0 0
34 16 0 0
33 16 0 0
32 16 0 0
31 16 0 0
30 16 0 0
29 16 0 0
28 16 0 0
27 16 0 0
26 16 0 0
25 16 0 0
24 16 0 0
23 16 0 0
22 16 0 0
21 16 0 0
159 15 0 0
158 15 0 0
157 15 0 0
156 15 0 0
155 15 0 0
154 15 0 0
153 15 0 0
152 15 0 0
151 15 0 0
150 15 0 0
149 15 0 0
148 15 0 0
147 15 0 0
146 15 0 0
145 15 0 0
144 15 0 0
143 15 0 0
142 15 0 0
141 15 0 0
140 15 0 0
139 15 0 0
138 15 0 0
137 15 0 0
136 15 0 0
135 15 0 0
134 15 0 0
133 15 0 0
132 15 0 0
131 15 0 0
130 15 0 0
129 15 0 0
128 15 0 0
61 15 0 0
60 15 0 0
59 15 0 0
58 15 0 0
57 15 0 0
56 15 0 0
55 15 0 0
54 15 0 0
53 15 0 0
52 15 0 0
51 15 0 0
50 15 0 0
49 15 0 0
48 15 0 0
47 15 0 0
46 15 0 0
45 15 0 0
44 15 0 0
140 14 0 0
139 14 0 0
138 14 0 0
137 14 0 0
136 14 0 0
135 14 0 0
134 14 0 0
133 14 0 0
132 14 0 0
131 14 0 0
130 14 0 0
129 14 0 0
128 14 0 0
127 14 0 0
126 14 0 0
66 14 0 0
65 14 0 0
64 14 0 0
63 14 0 0
62 14 0 0
61 14 0 0
60 14 0 0
59 14 0 0
58 14 0 0
57 14 0 0
56 14 0 0
55 14 0 0
54 14 0 0
53 14 0 0
52 14 0 0
51 14 0 0
50 14 0 0
49 14 0 0
48 14 0 0
47 14 0 0
46 14 0 0
138 13 0 0
137 13 0 0
136 13 0 0
135 13 0 0
134 13 0 0
133 13 0 0
132 13 0 0
131 13 0 0
130 13 0 0
129 13 0 0
128 13 0 0
127 13 0 0
126 13 0 0
125 13 0 0
70 13 0 0
69 13 0 0
68 13 0 0
67 13 0 0
66 13 0 0
65 13 0 0
64 13 0 0
63 13 0 0
62 13 0 0
61 13 0 0
60 13 0 0
59 13 0 0
58 13 0 0
57 13 0 0
56 13 0 0
55 13 0 0
54 13 0 0
53 13 0 0
52 13 0 0
51 13 0 0
50 13 0 0
49 13 0 0
48 13 0 0
136 12 0 0
135 12 0 0
134 12 0 0
133 12 0 0
132 12 0 0
131 12 0 0
130 12 0 0
129 12 0 0
128 12 0 0
127 12 0 0
126 12 0 0
125 12 0 0
124 12 0 0
123 12 0 0
75 12 0 0
74 12 0 0
73 12 0 0
72 12 0 0
71 12 0 0
70 12 0 0
69 12 0 0
68 12 0 0
67 12 0 0
66 12 0 0
65 12 0 0
64 12 0 0
63 12 0 0
62 12 0 0
61 12 0 0
60 12 0 0
59 12 0 0
58 12 0 0
57 12 0 0
56 12 0 0
55 12 0 0
54 12 0 0
53 12 0 0
133 11 0 0
132 11 0 0
131 11 0 0
130 11 0 0
129 11 0 0
128 11 0 0
127 11 0 0
126 11 0 0
125 11 0 0
124 11 0 0
123 11 0 0
122 11 0 0
121 11 0 0
120 11 0 0
119 11 0 0
118 11 0 0
117 11 0 0
116 11 0 0
99 11 0 0
98 11 0 0
97 11 0 0
96 11 0 0
95 11 0 0
94 11 0 0
93 11 0 0
92 11 0 0
91 11 0 0
90 11 0 0
89 11 0 0
88 11 0 0
87 11 0 0
86 11 0 0
85 11 0 0
84 11 0 0
83 11 0 0
82 11 0 0
81 11 0 0
80 11 0 0
79 11 0 0
78 11 0 0
77 11 0 0
76 11 0 0
75 11 0 0
74 11 0 0
73 11 0 0
72 11 0 0
71 11 0 0
70 11 0 0
69 11 0 0
68 11 0 0
67 11 0 0
66 11 0 0
65 11 0 0
64 11 0 0
63 11 0 0
62 11 0 0
61 11 0 0
60 11 0 0
59 11 0 0
58 11 0 0
57 11 0 0
129 10 0 0
128 10 0 0
127 10 0 0
126 10 0 0
125 10 0 0
124 10 0 0
123 10 0 0
122 10 0 0
121 10 0 0
120 10 0 0
119 10 0 0
118 10 0 0
117 10 0 0
116 10 0 0
115 10 0 0
114 10 0 0
113 10 0 0
112 10 0 0
111 10 0 0
110 10 0 0
109 10 0 0
108 10 0 0
107 10 0 0
106 10 0 0
105 10 0 0
104 10 0 0
103 10 0 0
102 10 0 0
101 10 0 0
100 10 0 0
99 10 0 0
98 10 0 0
97 10 0 0
96 10 0 0
95 10 0 0
94 10 0 0
93 10 0 0
92 10 0 0
91 10 0 0
90 10 0 0
89 10 0 0
88 10 0 0
87 10 0 0
86 10 0 0
85 10 0 0
84 10 0 0
83 10 0 0
82 10 0 0
81 10 0 0
80 10 0 0
79 10 0 0
78 10 0 0
77 10 0 0
76 10 0 0
75 10 0 0
74 10 0 0
73 10 0 0
72 10 0 0
71 10 0 0
70 10 0 0
69 10 0 0
68 10 0 0
67 10 0 0
66 10 0 0
65 10 0 0
64 10 0 0
63 10 0 0
62 10 0 0
61 10 0 0
60 10 0 0
127 9 0 0
126 9 0 0
125 9 0 0
124 9 0 0
123 9 0 0
122 9 0 0
121 9 0 0
120 9 0 0
119 9 0 0
118 9 0 0
117 9 0 0
116 9 0 0
115 9 0 0
114 9 0 0
113 9 0 0
112 9 0 0
111 9 0 0
110 9 0 0
109 9 0 0
108 9 0 0
107 9 0 0
106 9 0 0
105 9 0 0
104 9 0 0
103 9 0 0
102 9 0 0
101 9 0 0
100 9 0 0
99 9 0 0
98 9 0 0
97 9 0 0
96 9 0 0
95 9 0 0
94 9 0 0
93 9 0 0
92 9 0 0
91 9 0 0
90 9 0 0
89 9 0 0
88 9 0 0
87 9 0 0
86 9 0 0
85 9 0 0
84 9 0 0
83 9 0 0
82 9 0 0
81 9 0 0
80 9 0 0
79 9 0 0
78 9 0 0
77 9 0 0
76 9 0 0
75 9 0 0
74 9 0 0
73 9 0 0
72 9 0 0
71 9 0 0
70 9 0 0
69 9 0 0
68 9 0 0
67 9 0 0
66 9 0 0
65 9 0 0
125 8 0 0
124 8 0 0
123 8 0 0
122 8 0 0
121 8 0 0
120 8 0 0
119 8 0 0
118 8 0 0
117 8 0 0
116 8 0 0
115 8 0 0
114 8 0 0
113 8 0 0
112 8 0 0
111 8 0 0
110 8 0 0
109 8 0 0
108 8 0 0
107 8 0 0
106 8 0 0
105 8 0 0
104 8 0 0
103 8 0 0
102 8 0 0
101 8 0 0
100 8 0 0
99 8 0 0
98 8 0 0
97 8 0 0
96 8 0 0
95 8 0 0
94 8 0 0
93 8 0 0
92 8 0 0
91 8 0 0
90 8 0 0
89 8 0 0
88 8 0 0
87 8 0 0
86 8 0 0
85 8 0 0
84 8 0 0
83 8 0 0
82 8 0 0
81 8 0 0
80 8 0 0
79 8 0 0
78 8 0 0
77 8 0 0
76 8 0 0
75 8 0 0
74 8 0 0
73 8 0 0
72 8 0 0
71 8 0 0
70 8 0 0
121 7 0 0
120 7 0 0
119 7 0 0
118 7 0 0
117 7 0 0
116 7 0 0
115 7 0 0
114 7 0 0
113 7 0 0
112 7 0 0
111 7 0 0
110 7 0 0
109 7 0 0
108 7 0 0
107 7 0 0
106 7 0 0
105 7 0 0
104 7 0 0
103 7 0 0
102 7 0 0
101 7 0 0
100 7 0 0
99 7 0 0
98 7 0 0
97 7 0 0
96 7 0 0
95 7 0 0
94 7 0 0
93 7 0 0
