5353 600 450
293 443 0 0
292 443 0 0
291 443 0 0
290 443 0 0
289 443 0 0
293 442 0 0
292 442 0 0
291 442 0 0
290 442 0 0
289 442 0 0
293 441 0 0
292 441 0 0
291 441 0 0
290 441 0 0
289 441 0 0
293 440 0 0
292 440 0 0
291 440 0 0
290 440 0 0
289 440 0 0
288 440 0 0
292 439 0 0
291 439 0 0
290 439 0 0
289 439 0 0
288 439 0 0
432 438 0 1
431 438 0 1
430 438 0 1
429 438 0 1
292 438 0 0
291 438 0 0
290 438 0 0
289 438 0 0
288 438 0 0
432 437 0 1
431 437 0 1
430 437 0 1
429 437 0 1
292 437 0 0
291 437 0 0
290 437 0 0
289 437 0 0
288 437 0 0
433 436 0 1
432 436 0 1
431 436 0 1
430 436 0 1
429 436 0 1
291 436 0 0
290 436 0 0
289 436 0 0
288 436 0 0
434 435 0 1
433 435 0 1
432 435 0 1
431 435 0 1
430 435 0 1
429 435 0 1
291 435 0 0
290 435 0 0
289 435 0 0
288 435 0 0
287 435 0 0
434 434 0 1
433 434 0 1
432 434 0 1
431 434 0 1
430 434 0 1
429 434 0 1
291 434 0 0
290 434 0 0
289 434 0 0
288 434 0 0
287 434 0 0
434 433 0 1
433 433 0 1
432 433 0 1
431 433 0 1
430 433 0 1
291 433 0 0
290 433 0 0
289 433 0 0
288 433 0 0
287 433 0 0
286 433 0 0
434 432 0 1
433 432 0 1
432 432 0 1
431 432 0 1
290 432 0 0
289 432 0 0
288 432 0 0
287 432 0 0
286 432 0 0
285 432 0 0
434 431 0 1
433 431 0 1
432 431 0 1
431 431 0 1
290 431 0 0
289 431 0 0
288 431 0 0
287 431 0 0
286 431 0 0
285 431 0 0
435 430 0 1
434 430 0 1
433 430 0 1
432 430 0 1
431 430 0 1
289 430 0 0
288 430 0 0
287 430 0 0
286 430 0 0
285 430 0 0
435 429 0 1
434 429 0 1
433 429 0 1
432 429 0 1
431 429 0 1
289 429 0 0
288 429 0 0
287 429 0 0
286 429 0 0
285 429 0 0
435 428 0 1
434 428 0 1
433 428 0 1
432 428 0 1
431 428 0 1
289 428 0 0
288 428 0 0
287 428 0 0
286 428 0 0
285 428 0 0
435 427 0 1
434 427 0 1
433 427 0 1
432 427 0 1
431 427 0 1
289 427 0 0
288 427 0 0
287 427 0 0
286 427 0 0
285 427 0 0
284 427 0 0
435 426 0 1
434 426 0 1
433 426 0 1
432 426 0 1
431 426 0 1
289 426 0 0
288 426 0 0
287 426 0 0
286 426 0 0
285 426 0 0
284 426 0 0
283 426 0 0
435 425 0 1
434 425 0 1
433 425 0 1
432 425 0 1
288 425 0 0
287 425 0 0
286 425 0 0
285 425 0 0
284 425 0 0
283 425 0 0
435 424 0 1
434 424 0 1
433 424 0 1
432 424 0 1
287 424 0 0
286 424 0 0
285 424 0 0
284 424 0 0
283 424 0 0
435 423 0 1
434 423 0 1
433 423 0 1
432 423 0 1
286 423 0 0
285 423 0 0
284 423 0 0
283 423 0 0
282 423 0 0
436 422 0 1
435 422 0 1
434 422 0 1
433 422 0 1
432 422 0 1
286 422 0 0
285 422 0 0
284 422 0 0
283 422 0 0
282 422 0 0
436 421 0 1
435 421 0 1
434 421 0 1
433 421 0 1
432 421 0 1
287 421 0 0
286 421 0 0
285 421 0 0
284 421 0 0
283 421 0 0
282 421 0 0
436 420 0 1
435 420 0 1
434 420 0 1
433 420 0 1
432 420 0 1
287 420 0 0
286 420 0 0
285 420 0 0
284 420 0 0
283 420 0 0
282 420 0 0
436 419 0 1
435 419 0 1
434 419 0 1
433 419 0 1
432 419 0 1
287 419 0 0
286 419 0 0
285 419 0 0
284 419 0 0
283 419 0 0
282 419 0 0
436 418 0 1
435 418 0 1
434 418 0 1
433 418 0 1
287 418 0 0
286 418 0 0
285 418 0 0
284 418 0 0
283 418 0 0
282 418 0 0
436 417 0 1
435 417 0 1
434 417 0 1
433 417 0 1
287 417 0 0
286 417 0 0
285 417 0 0
284 417 0 0
283 417 0 0
282 417 0 0
436 416 0 1
435 416 0 1
434 416 0 1
433 416 0 1
286 416 0 0
285 416 0 0
284 416 0 0
283 416 0 0
282 416 0 0
281 416 0 0
436 415 0 1
435 415 0 1
434 415 0 1
433 415 0 1
285 415 0 0
284 415 0 0
283 415 0 0
282 415 0 0
281 415 0 0
280 415 0 0
436 414 0 1
435 414 0 1
434 414 0 1
433 414 0 1
285 414 0 0
284 414 0 0
283 414 0 0
282 414 0 0
281 414 0 0
280 414 0 0
436 413 0 1
435 413 0 1
434 413 0 1
433 413 0 1
284 413 0 0
283 413 0 0
282 413 0 0
281 413 0 0
280 413 0 0
279 413 0 0
436 412 0 1
435 412 0 1
434 412 0 1
433 412 0 1
284 412 0 0
283 412 0 0
282 412 0 0
281 412 0 0
280 412 0 0
279 412 0 0
278 412 0 0
436 411 0 1
435 411 0 1
434 411 0 1
433 411 0 1
283 411 0 0
282 411 0 0
281 411 0 0
280 411 0 0
279 411 0 0
278 411 0 0
277 411 0 0
436 410 0 1
435 410 0 1
434 410 0 1
433 410 0 1
282 410 0 0
281 410 0 0
280 410 0 0
279 410 0 0
278 410 0 0
277 410 0 0
276 410 0 0
436 409 0 1
435 409 0 1
434 409 0 1
433 409 0 1
281 409 0 0
280 409 0 0
279 409 0 0
278 409 0 0
277 409 0 0
276 409 0 0
275 409 0 0
436 408 0 1
435 408 0 1
434 408 0 1
433 408 0 1
280 408 0 0
279 408 0 0
278 408 0 0
277 408 0 0
276 408 0 0
275 408 0 0
436 407 0 1
435 407 0 1
434 407 0 1
433 407 0 1
279 407 0 0
278 407 0 0
277 407 0 0
276 407 0 0
275 407 0 0
274 407 0 0
273 407 0 0
436 406 0 1
435 406 0 1
434 406 0 1
433 406 0 1
279 406 0 0
278 406 0 0
277 406 0 0
276 406 0 0
275 406 0 0
274 406 0 0
273 406 0 0
272 406 0 0
436 405 0 1
435 405 0 1
434 405 0 1
433 405 0 1
278 405 0 0
277 405 0 0
276 405 0 0
275 405 0 0
274 405 0 0
273 405 0 0
272 405 0 0
271 405 0 0
437 404 0 1
436 404 0 1
435 404 0 1
434 404 0 1
433 404 0 1
277 404 0 0
276 404 0 0
275 404 0 0
274 404 0 0
273 404 0 0
272 404 0 0
271 404 0 0
270 404 0 0
437 403 0 1
436 403 0 1
435 403 0 1
434 403 0 1
433 403 0 1
276 403 0 0
275 403 0 0
274 403 0 0
273 403 0 0
272 403 0 0
271 403 0 0
270 403 0 0
269 403 0 0
437 402 0 1
436 402 0 1
435 402 0 1
434 402 0 1
433 402 0 1
274 402 0 0
273 402 0 0
272 402 0 0
271 402 0 0
270 402 0 0
269 402 0 0
437 401 0 1
436 401 0 1
435 401 0 1
434 401 0 1
433 401 0 1
273 401 0 0
272 401 0 0
271 401 0 0
270 401 0 0
269 401 0 0
268 401 0 0
437 400 0 1
436 400 0 1
435 400 0 1
434 400 0 1
433 400 0 1
273 400 0 0
272 400 0 0
271 400 0 0
270 400 0 0
269 400 0 0
268 400 0 0
267 400 0 0
437 399 0 1
436 399 0 1
435 399 0 1
434 399 0 1
433 399 0 1
272 399 0 0
271 399 0 0
270 399 0 0
269 399 0 0
268 399 0 0
267 399 0 0
437 398 0 1
436 398 0 1
435 398 0 1
434 398 0 1
433 398 0 1
271 398 0 0
270 398 0 0
269 398 0 0
268 398 0 0
267 398 0 0
437 397 0 1
436 397 0 1
435 397 0 1
434 397 0 1
271 397 0 0
270 397 0 0
269 397 0 0
268 397 0 0
267 397 0 0
266 397 0 0
437 396 0 1
436 396 0 1
435 396 0 1
434 396 0 1
271 396 0 0
270 396 0 0
269 396 0 0
268 396 0 0
267 396 0 0
266 396 0 0
437 395 0 1
436 395 0 1
435 395 0 1
434 395 0 1
270 395 0 0
269 395 0 0
268 395 0 0
267 395 0 0
266 395 0 0
437 394 0 1
436 394 0 1
435 394 0 1
434 394 0 1
270 394 0 0
269 394 0 0
268 394 0 0
267 394 0 0
266 394 0 0
265 394 0 0
437 393 0 1
436 393 0 1
435 393 0 1
434 393 0 1
270 393 0 0
269 393 0 0
268 393 0 0
267 393 0 0
266 393 0 0
265 393 0 0
438 392 0 1
437 392 0 1
436 392 0 1
435 392 0 1
434 392 0 1
269 392 0 0
268 392 0 0
267 392 0 0
266 392 0 0
265 392 0 0
438 391 0 1
437 391 0 1
436 391 0 1
435 391 0 1
434 391 0 1
269 391 0 0
268 391 0 0
267 391 0 0
266 391 0 0
265 391 0 0
438 390 0 1
437 390 0 1
436 390 0 1
435 390 0 1
434 390 0 1
269 390 0 0
268 390 0 0
267 390 0 0
266 390 0 0
265 390 0 0
264 390 0 0
438 389 0 1
437 389 0 1
436 389 0 1
435 389 0 1
434 389 0 1
269 389 0 0
268 389 0 0
267 389 0 0
266 389 0 0
265 389 0 0
264 389 0 0
438 388 0 1
437 388 0 1
436 388 0 1
435 388 0 1
434 388 0 1
268 388 0 0
267 388 0 0
266 388 0 0
265 388 0 0
264 388 0 0
438 387 0 1
437 387 0 1
436 387 0 1
435 387 0 1
434 387 0 1
268 387 0 0
267 387 0 0
266 387 0 0
265 387 0 0
264 387 0 0
438 386 0 1
437 386 0 1
436 386 0 1
435 386 0 1
268 386 0 0
267 386 0 0
266 386 0 0
265 386 0 0
264 386 0 0
438 385 0 1
437 385 0 1
436 385 0 1
435 385 0 1
268 385 0 0
267 385 0 0
266 385 0 0
265 385 0 0
264 385 0 0
263 385 0 0
438 384 0 1
437 384 0 1
436 384 0 1
435 384 0 1
268 384 0 0
267 384 0 0
266 384 0 0
265 384 0 0
264 384 0 0
263 384 0 0
438 383 0 1
437 383 0 1
436 383 0 1
435 383 0 1
267 383 0 0
266 383 0 0
265 383 0 0
264 383 0 0
263 383 0 0
438 382 0 1
437 382 0 1
436 382 0 1
435 382 0 1
267 382 0 0
266 382 0 0
265 382 0 0
264 382 0 0
263 382 0 0
438 381 0 1
437 381 0 1
436 381 0 1
435 381 0 1
267 381 0 0
266 381 0 0
265 381 0 0
264 381 0 0
263 381 0 0
262 381 0 0
438 380 0 1
437 380 0 1
436 380 0 1
435 380 0 1
267 380 0 0
266 380 0 0
265 380 0 0
264 380 0 0
263 380 0 0
262 380 0 0
438 379 0 1
437 379 0 1
436 379 0 1
435 379 0 1
266 379 0 0
265 379 0 0
264 379 0 0
263 379 0 0
262 379 0 0
438 378 0 1
437 378 0 1
436 378 0 1
435 378 0 1
266 378 0 0
265 378 0 0
264 378 0 0
263 378 0 0
262 378 0 0
261 378 0 0
438 377 0 1
437 377 0 1
436 377 0 1
435 377 0 1
266 377 0 0
265 377 0 0
264 377 0 0
263 377 0 0
262 377 0 0
261 377 0 0
438 376 0 1
437 376 0 1
436 376 0 1
435 376 0 1
265 376 0 0
264 376 0 0
263 376 0 0
262 376 0 0
261 376 0 0
438 375 0 1
437 375 0 1
436 375 0 1
435 375 0 1
265 375 0 0
264 375 0 0
263 375 0 0
262 375 0 0
261 375 0 0
260 375 0 0
438 374 0 1
437 374 0 1
436 374 0 1
435 374 0 1
265 374 0 0
264 374 0 0
263 374 0 0
262 374 0 0
261 374 0 0
260 374 0 0
438 373 0 1
437 373 0 1
436 373 0 1
435 373 0 1
264 373 0 0
263 373 0 0
262 373 0 0
261 373 0 0
260 373 0 0
438 372 0 1
437 372 0 1
436 372 0 1
435 372 0 1
264 372 0 0
263 372 0 0
262 372 0 0
261 372 0 0
260 372 0 0
438 371 0 1
437 371 0 1
436 371 0 1
435 371 0 1
263 371 0 0
262 371 0 0
261 371 0 0
260 371 0 0
259 371 0 0
438 370 0 1
437 370 0 1
436 370 0 1
435 370 0 1
263 370 0 0
262 370 0 0
261 370 0 0
260 370 0 0
259 370 0 0
438 369 0 1
437 369 0 1
436 369 0 1
435 369 0 1
263 369 0 0
262 369 0 0
261 369 0 0
260 369 0 0
259 369 0 0
258 369 0 0
438 368 0 1
437 368 0 1
436 368 0 1
435 368 0 1
263 368 0 0
262 368 0 0
261 368 0 0
260 368 0 0
259 368 0 0
258 368 0 0
438 367 0 1
437 367 0 1
436 367 0 1
435 367 0 1
262 367 0 0
261 367 0 0
260 367 0 0
259 367 0 0
258 367 0 0
438 366 0 1
437 366 0 1
436 366 0 1
435 366 0 1
261 366 0 0
260 366 0 0
259 366 0 0
258 366 0 0
438 365 0 1
437 365 0 1
436 365 0 1
435 365 0 1
261 365 0 0
260 365 0 0
259 365 0 0
258 365 0 0
438 364 0 1
437 364 0 1
436 364 0 1
435 364 0 1
261 364 0 0
260 364 0 0
259 364 0 0
258 364 0 0
438 363 0 1
437 363 0 1
436 363 0 1
435 363 0 1
261 363 0 0
260 363 0 0
259 363 0 0
258 363 0 0
438 362 0 1
437 362 0 1
436 362 0 1
435 362 0 1
261 362 0 0
260 362 0 0
259 362 0 0
258 362 0 0
438 361 0 1
437 361 0 1
436 361 0 1
435 361 0 1
261 361 0 0
260 361 0 0
259 361 0 0
258 361 0 0
438 360 0 1
437 360 0 1
436 360 0 1
435 360 0 1
261 360 0 0
260 360 0 0
259 360 0 0
258 360 0 0
438 359 0 1
437 359 0 1
436 359 0 1
435 359 0 1
261 359 0 0
260 359 0 0
259 359 0 0
258 359 0 0
438 358 0 1
437 358 0 1
436 358 0 1
435 358 0 1
261 358 0 0
260 358 0 0
259 358 0 0
258 358 0 0
438 357 0 1
437 357 0 1
436 357 0 1
435 357 0 1
261 357 0 0
260 357 0 0
259 357 0 0
258 357 0 0
438 356 0 1
437 356 0 1
436 356 0 1
435 356 0 1
434 356 0 1
261 356 0 0
260 356 0 0
259 356 0 0
258 356 0 0
438 355 0 1
437 355 0 1
436 355 0 1
435 355 0 1
434 355 0 1
261 355 0 0
260 355 0 0
259 355 0 0
258 355 0 0
438 354 0 1
437 354 0 1
436 354 0 1
435 354 0 1
434 354 0 1
261 354 0 0
260 354 0 0
259 354 0 0
258 354 0 0
438 353 0 1
437 353 0 1
436 353 0 1
435 353 0 1
434 353 0 1
433 353 0 1
295 353 0 1
294 353 0 1
293 353 0 1
292 353 0 1
291 353 0 1
290 353 0 1
289 353 0 1
288 353 0 1
287 353 0 1
261 353 0 0
260 353 0 0
259 353 0 0
258 353 0 0
438 352 0 1
437 352 0 1
436 352 0 1
435 352 0 1
434 352 0 1
433 352 0 1
298 352 0 1
297 352 0 1
296 352 0 1
295 352 0 1
294 352 0 1
293 352 0 1
292 352 0 1
291 352 0 1
290 352 0 1
289 352 0 1
288 352 0 1
287 352 0 1
261 352 0 0
260 352 0 0
259 352 0 0
258 352 0 0
437 351 0 1
436 351 0 1
435 351 0 1
434 351 0 1
433 351 0 1
302 351 0 1
301 351 0 1
300 351 0 1
299 351 0 1
298 351 0 1
297 351 0 1
296 351 0 1
295 351 0 1
294 351 0 1
293 351 0 1
292 351 0 1
291 351 0 1
290 351 0 1
289 351 0 1
288 351 0 1
287 351 0 1
261 351 0 0
260 351 0 0
259 351 0 0
258 351 0 0
437 350 0 1
436 350 0 1
435 350 0 1
434 350 0 1
433 350 0 1
432 350 0 1
303 350 0 1
302 350 0 1
301 350 0 1
300 350 0 1
299 350 0 1
298 350 0 1
297 350 0 1
296 350 0 1
295 350 0 1
294 350 0 1
293 350 0 1
292 350 0 1
291 350 0 1
290 350 0 1
289 350 0 1
288 350 0 1
287 350 0 1
261 350 0 0
260 350 0 0
259 350 0 0
258 350 0 0
437 349 0 1
436 349 0 1
435 349 0 1
434 349 0 1
433 349 0 1
432 349 0 1
305 349 0 1
304 349 0 1
303 349 0 1
302 349 0 1
301 349 0 1
300 349 0 1
299 349 0 1
298 349 0 1
297 349 0 1
296 349 0 1
295 349 0 1
294 349 0 1
293 349 0 1
292 349 0 1
261 349 0 0
260 349 0 0
259 349 0 0
258 349 0 0
436 348 0 1
435 348 0 1
434 348 0 1
433 348 0 1
432 348 0 1
306 348 0 1
305 348 0 1
304 348 0 1
303 348 0 1
302 348 0 1
301 348 0 1
300 348 0 1
299 348 0 1
298 348 0 1
297 348 0 1
296 348 0 1
295 348 0 1
294 348 0 1
261 348 0 0
260 348 0 0
259 348 0 0
258 348 0 0
436 347 0 1
435 347 0 1
434 347 0 1
433 347 0 1
432 347 0 1
308 347 0 1
307 347 0 1
306 347 0 1
305 347 0 1
304 347 0 1
303 347 0 1
302 347 0 1
301 347 0 1
300 347 0 1
299 347 0 1
298 347 0 1
261 347 0 0
260 347 0 0
259 347 0 0
258 347 0 0
436 346 0 1
435 346 0 1
434 346 0 1
433 346 0 1
432 346 0 1
431 346 0 1
309 346 0 1
308 346 0 1
307 346 0 1
306 346 0 1
305 346 0 1
304 346 0 1
303 346 0 1
302 346 0 1
301 346 0 1
261 346 0 0
260 346 0 0
259 346 0 0
258 346 0 0
435 345 0 1
434 345 0 1
433 345 0 1
432 345 0 1
431 345 0 1
311 345 0 1
310 345 0 1
309 345 0 1
308 345 0 1
307 345 0 1
306 345 0 1
305 345 0 1
304 345 0 1
303 345 0 1
302 345 0 1
261 345 0 0
260 345 0 0
259 345 0 0
258 345 0 0
435 344 0 1
434 344 0 1
433 344 0 1
432 344 0 1
431 344 0 1
313 344 0 1
312 344 0 1
311 344 0 1
310 344 0 1
309 344 0 1
308 344 0 1
307 344 0 1
306 344 0 1
305 344 0 1
304 344 0 1
261 344 0 0
260 344 0 0
259 344 0 0
258 344 0 0
435 343 0 1
434 343 0 1
433 343 0 1
432 343 0 1
431 343 0 1
430 343 0 1
315 343 0 1
314 343 0 1
313 343 0 1
312 343 0 1
311 343 0 1
310 343 0 1
309 343 0 1
308 343 0 1
307 343 0 1
306 343 0 1
305 343 0 1
261 343 0 0
260 343 0 0
259 343 0 0
258 343 0 0
435 342 0 1
434 342 0 1
433 342 0 1
432 342 0 1
431 342 0 1
430 342 0 1
316 342 0 1
315 342 0 1
314 342 0 1
313 342 0 1
312 342 0 1
311 342 0 1
310 342 0 1
309 342 0 1
308 342 0 1
307 342 0 1
261 342 0 0
260 342 0 0
259 342 0 0
258 342 0 0
434 341 0 1
433 341 0 1
432 341 0 1
431 341 0 1
430 341 0 1
318 341 0 1
317 341 0 1
316 341 0 1
315 341 0 1
314 341 0 1
313 341 0 1
312 341 0 1
311 341 0 1
310 341 0 1
309 341 0 1
261 341 0 0
260 341 0 0
259 341 0 0
258 341 0 0
434 340 0 1
433 340 0 1
432 340 0 1
431 340 0 1
430 340 0 1
320 340 0 1
319 340 0 1
318 340 0 1
317 340 0 1
316 340 0 1
315 340 0 1
314 340 0 1
313 340 0 1
312 340 0 1
311 340 0 1
310 340 0 1
261 340 0 0
260 340 0 0
259 340 0 0
258 340 0 0
434 339 0 1
433 339 0 1
432 339 0 1
431 339 0 1
430 339 0 1
322 339 0 1
321 339 0 1
320 339 0 1
319 339 0 1
318 339 0 1
317 339 0 1
316 339 0 1
315 339 0 1
314 339 0 1
313 339 0 1
312 339 0 1
261 339 0 0
260 339 0 0
259 339 0 0
258 339 0 0
434 338 0 1
433 338 0 1
432 338 0 1
431 338 0 1
430 338 0 1
429 338 0 1
323 338 0 1
322 338 0 1
321 338 0 1
320 338 0 1
319 338 0 1
318 338 0 1
317 338 0 1
316 338 0 1
315 338 0 1
314 338 0 1
261 338 0 0
260 338 0 0
259 338 0 0
258 338 0 0
434 337 0 1
433 337 0 1
432 337 0 1
431 337 0 1
430 337 0 1
429 337 0 1
325 337 0 1
324 337 0 1
323 337 0 1
322 337 0 1
321 337 0 1
320 337 0 1
319 337 0 1
318 337 0 1
317 337 0 1
316 337 0 1
261 337 0 0
260 337 0 0
259 337 0 0
258 337 0 0
433 336 0 1
432 336 0 1
431 336 0 1
430 336 0 1
429 336 0 1
327 336 0 1
326 336 0 1
325 336 0 1
324 336 0 1
323 336 0 1
322 336 0 1
321 336 0 1
320 336 0 1
319 336 0 1
318 336 0 1
317 336 0 1
261 336 0 0
260 336 0 0
259 336 0 0
258 336 0 0
433 335 0 1
432 335 0 1
431 335 0 1
430 335 0 1
429 335 0 1
428 335 0 1
328 335 0 1
327 335 0 1
326 335 0 1
325 335 0 1
324 335 0 1
323 335 0 1
322 335 0 1
321 335 0 1
320 335 0 1
319 335 0 1
261 335 0 0
260 335 0 0
259 335 0 0
258 335 0 0
432 334 0 1
431 334 0 1
430 334 0 1
429 334 0 1
428 334 0 1
330 334 0 1
329 334 0 1
328 334 0 1
327 334 0 1
326 334 0 1
325 334 0 1
324 334 0 1
323 334 0 1
322 334 0 1
321 334 0 1
261 334 0 0
260 334 0 0
259 334 0 0
258 334 0 0
432 333 0 1
431 333 0 1
430 333 0 1
429 333 0 1
428 333 0 1
427 333 0 1
331 333 0 1
330 333 0 1
329 333 0 1
328 333 0 1
327 333 0 1
326 333 0 1
325 333 0 1
324 333 0 1
323 333 0 1
261 333 0 0
260 333 0 0
259 333 0 0
258 333 0 0
432 332 0 1
431 332 0 1
430 332 0 1
429 332 0 1
428 332 0 1
427 332 0 1
332 332 0 1
331 332 0 1
330 332 0 1
329 332 0 1
328 332 0 1
327 332 0 1
326 332 0 1
325 332 0 1
324 332 0 1
261 332 0 0
260 332 0 0
259 332 0 0
258 332 0 0
431 331 0 1
430 331 0 1
429 331 0 1
428 331 0 1
427 331 0 1
334 331 0 1
333 331 0 1
332 331 0 1
331 331 0 1
330 331 0 1
329 331 0 1
328 331 0 1
327 331 0 1
326 331 0 1
261 331 0 0
260 331 0 0
259 331 0 0
258 331 0 0
431 330 0 1
430 330 0 1
429 330 0 1
428 330 0 1
427 330 0 1
336 330 0 1
335 330 0 1
334 330 0 1
333 330 0 1
332 330 0 1
331 330 0 1
330 330 0 1
329 330 0 1
328 330 0 1
327 330 0 1
262 330 0 0
261 330 0 0
260 330 0 0
259 330 0 0
258 330 0 0
431 329 0 1
430 329 0 1
429 329 0 1
428 329 0 1
427 329 0 1
338 329 0 1
337 329 0 1
336 329 0 1
335 329 0 1
334 329 0 1
333 329 0 1
332 329 0 1
331 329 0 1
330 329 0 1
329 329 0 1
328 329 0 1
262 329 0 0
261 329 0 0
260 329 0 0
259 329 0 0
258 329 0 0
431 328 0 1
430 328 0 1
429 328 0 1
428 328 0 1
427 328 0 1
339 328 0 1
338 328 0 1
337 328 0 1
336 328 0 1
335 328 0 1
334 328 0 1
333 328 0 1
332 328 0 1
331 328 0 1
330 328 0 1
262 328 0 0
261 328 0 0
260 328 0 0
259 328 0 0
258 328 0 0
431 327 0 1
430 327 0 1
429 327 0 1
428 327 0 1
427 327 0 1
341 327 0 1
340 327 0 1
339 327 0 1
338 327 0 1
337 327 0 1
336 327 0 1
335 327 0 1
334 327 0 1
333 327 0 1
332 327 0 1
331 327 0 1
263 327 0 0
262 327 0 0
261 327 0 0
260 327 0 0
259 327 0 0
258 327 0 0
430 326 0 1
429 326 0 1
428 326 0 1
427 326 0 1
342 326 0 1
341 326 0 1
340 326 0 1
339 326 0 1
338 326 0 1
337 326 0 1
336 326 0 1
335 326 0 1
334 326 0 1
333 326 0 1
263 326 0 0
262 326 0 0
261 326 0 0
260 326 0 0
259 326 0 0
258 326 0 0
430 325 0 1
429 325 0 1
428 325 0 1
427 325 0 1
426 325 0 1
343 325 0 1
342 325 0 1
341 325 0 1
340 325 0 1
339 325 0 1
338 325 0 1
337 325 0 1
336 325 0 1
335 325 0 1
264 325 0 0
263 325 0 0
262 325 0 0
261 325 0 0
260 325 0 0
259 325 0 0
430 324 0 1
429 324 0 1
428 324 0 1
427 324 0 1
426 324 0 1
344 324 0 1
343 324 0 1
342 324 0 1
341 324 0 1
340 324 0 1
339 324 0 1
338 324 0 1
337 324 0 1
264 324 0 0
263 324 0 0
262 324 0 0
261 324 0 0
260 324 0 0
259 324 0 0
430 323 0 1
429 323 0 1
428 323 0 1
427 323 0 1
426 323 0 1
425 323 0 1
346 323 0 1
345 323 0 1
344 323 0 1
343 323 0 1
342 323 0 1
341 323 0 1
340 323 0 1
339 323 0 1
338 323 0 1
265 323 0 0
264 323 0 0
263 323 0 0
262 323 0 0
261 323 0 0
260 323 0 0
430 322 0 1
429 322 0 1
428 322 0 1
427 322 0 1
426 322 0 1
425 322 0 1
347 322 0 1
346 322 0 1
345 322 0 1
344 322 0 1
343 322 0 1
342 322 0 1
341 322 0 1
340 322 0 1
339 322 0 1
266 322 0 0
265 322 0 0
264 322 0 0
263 322 0 0
262 322 0 0
261 322 0 0
260 322 0 0
429 321 0 1
428 321 0 1
427 321 0 1
426 321 0 1
425 321 0 1
424 321 0 1
349 321 0 1
348 321 0 1
347 321 0 1
346 321 0 1
345 321 0 1
344 321 0 1
343 321 0 1
342 321 0 1
341 321 0 1
267 321 0 0
266 321 0 0
265 321 0 0
264 321 0 0
263 321 0 0
262 321 0 0
261 321 0 0
429 320 0 1
428 320 0 1
427 320 0 1
426 320 0 1
425 320 0 1
424 320 0 1
350 320 0 1
349 320 0 1
348 320 0 1
347 320 0 1
346 320 0 1
345 320 0 1
344 320 0 1
343 320 0 1
342 320 0 1
268 320 0 0
267 320 0 0
266 320 0 0
265 320 0 0
264 320 0 0
263 320 0 0
262 320 0 0
428 319 0 1
427 319 0 1
426 319 0 1
425 319 0 1
424 319 0 1
423 319 0 1
352 319 0 1
351 319 0 1
350 319 0 1
349 319 0 1
348 319 0 1
347 319 0 1
346 319 0 1
345 319 0 1
344 319 0 1
343 319 0 1
269 319 0 0
268 319 0 0
267 319 0 0
266 319 0 0
265 319 0 0
264 319 0 0
263 319 0 0
427 318 0 1
426 318 0 1
425 318 0 1
424 318 0 1
423 318 0 1
422 318 0 1
353 318 0 1
352 318 0 1
351 318 0 1
350 318 0 1
349 318 0 1
348 318 0 1
347 318 0 1
346 318 0 1
345 318 0 1
270 318 0 0
269 318 0 0
268 318 0 0
267 318 0 0
266 318 0 0
265 318 0 0
264 318 0 0
427 317 0 1
426 317 0 1
425 317 0 1
424 317 0 1
423 317 0 1
422 317 0 1
354 317 0 1
353 317 0 1
352 317 0 1
351 317 0 1
350 317 0 1
349 317 0 1
348 317 0 1
347 317 0 1
346 317 0 1
272 317 0 0
271 317 0 0
270 317 0 0
269 317 0 0
268 317 0 0
267 317 0 0
266 317 0 0
265 317 0 0
426 316 0 1
425 316 0 1
424 316 0 1
423 316 0 1
422 316 0 1
354 316 0 1
353 316 0 1
352 316 0 1
351 316 0 1
350 316 0 1
349 316 0 1
348 316 0 1
274 316 0 0
273 316 0 0
272 316 0 0
271 316 0 0
270 316 0 0
269 316 0 0
268 316 0 0
267 316 0 0
266 316 0 0
265 316 0 0
426 315 0 1
425 315 0 1
424 315 0 1
423 315 0 1
422 315 0 1
421 315 0 1
355 315 0 1
354 315 0 1
353 315 0 1
352 315 0 1
351 315 0 1
350 315 0 1
349 315 0 1
275 315 0 0
274 315 0 0
273 315 0 0
272 315 0 0
271 315 0 0
270 315 0 0
269 315 0 0
268 315 0 0
267 315 0 0
266 315 0 0
426 314 0 1
425 314 0 1
424 314 0 1
423 314 0 1
422 314 0 1
421 314 0 1
357 314 0 1
356 314 0 1
355 314 0 1
354 314 0 1
353 314 0 1
352 314 0 1
351 314 0 1
279 314 0 0
278 314 0 0
277 314 0 0
276 314 0 0
275 314 0 0
274 314 0 0
273 314 0 0
272 314 0 0
271 314 0 0
270 314 0 0
269 314 0 0
268 314 0 0
267 314 0 0
425 313 0 1
424 313 0 1
423 313 0 1
422 313 0 1
421 313 0 1
358 313 0 1
357 313 0 1
356 313 0 1
355 313 0 1
354 313 0 1
353 313 0 1
352 313 0 1
351 313 0 1
283 313 0 0
282 313 0 0
281 313 0 0
280 313 0 0
279 313 0 0
278 313 0 0
277 313 0 0
276 313 0 0
275 313 0 0
274 313 0 0
273 313 0 0
272 313 0 0
271 313 0 0
270 313 0 0
269 313 0 0
510 312 0 0
509 312 0 0
508 312 0 0
507 312 0 0
425 312 0 1
424 312 0 1
423 312 0 1
422 312 0 1
421 312 0 1
358 312 0 1
357 312 0 1
356 312 0 1
355 312 0 1
354 312 0 1
353 312 0 1
352 312 0 1
298 312 0 0
297 312 0 0
296 312 0 0
295 312 0 0
294 312 0 0
293 312 0 0
292 312 0 0
291 312 0 0
290 312 0 0
289 312 0 0
288 312 0 0
287 312 0 0
286 312 0 0
285 312 0 0
284 312 0 0
283 312 0 0
282 312 0 0
281 312 0 0
280 312 0 0
279 312 0 0
278 312 0 0
277 312 0 0
276 312 0 0
275 312 0 0
274 312 0 0
273 312 0 0
272 312 0 0
271 312 0 0
511 311 0 0
510 311 0 0
509 311 0 0
508 311 0 0
507 311 0 0
425 311 0 1
424 311 0 1
423 311 0 1
422 311 0 1
421 311 0 1
420 311 0 1
358 311 0 1
357 311 0 1
356 311 0 1
355 311 0 1
354 311 0 1
353 311 0 1
303 311 0 0
302 311 0 0
301 311 0 0
300 311 0 0
299 311 0 0
298 311 0 0
297 311 0 0
296 311 0 0
295 311 0 0
294 311 0 0
293 311 0 0
292 311 0 0
291 311 0 0
290 311 0 0
289 311 0 0
288 311 0 0
287 311 0 0
286 311 0 0
285 311 0 0
284 311 0 0
283 311 0 0
282 311 0 0
281 311 0 0
280 311 0 0
279 311 0 0
278 311 0 0
277 311 0 0
276 311 0 0
275 311 0 0
274 311 0 0
273 311 0 0
512 310 0 0
511 310 0 0
510 310 0 0
509 310 0 0
508 310 0 0
507 310 0 0
425 310 0 1
424 310 0 1
423 310 0 1
422 310 0 1
421 310 0 1
420 310 0 1
358 310 0 1
357 310 0 1
356 310 0 1
355 310 0 1
354 310 0 1
353 310 0 1
352 310 0 1
303 310 0 0
302 310 0 0
301 310 0 0
300 310 0 0
299 310 0 0
298 310 0 0
297 310 0 0
296 310 0 0
295 310 0 0
294 310 0 0
293 310 0 0
292 310 0 0
291 310 0 0
290 310 0 0
289 310 0 0
288 310 0 0
287 310 0 0
286 310 0 0
285 310 0 0
284 310 0 0
283 310 0 0
282 310 0 0
281 310 0 0
280 310 0 0
279 310 0 0
278 310 0 0
277 310 0 0
276 310 0 0
512 309 0 0
511 309 0 0
510 309 0 0
509 309 0 0
508 309 0 0
507 309 0 0
424 309 0 1
423 309 0 1
422 309 0 1
421 309 0 1
420 309 0 1
358 309 0 1
357 309 0 1
356 309 0 1
355 309 0 1
354 309 0 1
353 309 0 1
352 309 0 1
351 309 0 1
303 309 0 0
302 309 0 0
301 309 0 0
300 309 0 0
299 309 0 0
298 309 0 0
297 309 0 0
296 309 0 0
295 309 0 0
294 309 0 0
293 309 0 0
292 309 0 0
291 309 0 0
290 309 0 0
289 309 0 0
288 309 0 0
287 309 0 0
286 309 0 0
285 309 0 0
284 309 0 0
283 309 0 0
282 309 0 0
281 309 0 0
280 309 0 0
512 308 0 0
511 308 0 0
510 308 0 0
509 308 0 0
508 308 0 0
424 308 0 1
423 308 0 1
422 308 0 1
421 308 0 1
420 308 0 1
419 308 0 1
357 308 0 1
356 308 0 1
355 308 0 1
354 308 0 1
353 308 0 1
352 308 0 1
351 308 0 1
303 308 0 0
302 308 0 0
301 308 0 0
300 308 0 0
299 308 0 0
298 308 0 0
297 308 0 0
296 308 0 0
295 308 0 0
512 307 0 0
511 307 0 0
510 307 0 0
509 307 0 0
424 307 0 1
423 307 0 1
422 307 0 1
421 307 0 1
420 307 0 1
419 307 0 1
356 307 0 1
355 307 0 1
354 307 0 1
353 307 0 1
352 307 0 1
351 307 0 1
350 307 0 1
303 307 0 0
302 307 0 0
301 307 0 0
300 307 0 0
512 306 0 0
511 306 0 0
510 306 0 0
509 306 0 0
423 306 0 1
422 306 0 1
421 306 0 1
420 306 0 1
419 306 0 1
418 306 0 1
355 306 0 1
354 306 0 1
353 306 0 1
352 306 0 1
351 306 0 1
350 306 0 1
349 306 0 1
303 306 0 0
302 306 0 0
301 306 0 0
300 306 0 0
512 305 0 0
511 305 0 0
510 305 0 0
509 305 0 0
423 305 0 1
422 305 0 1
421 305 0 1
420 305 0 1
419 305 0 1
418 305 0 1
354 305 0 1
353 305 0 1
352 305 0 1
351 305 0 1
350 305 0 1
349 305 0 1
348 305 0 1
303 305 0 0
302 305 0 0
301 305 0 0
300 305 0 0
512 304 0 0
511 304 0 0
510 304 0 0
509 304 0 0
422 304 0 1
421 304 0 1
420 304 0 1
419 304 0 1
418 304 0 1
417 304 0 1
353 304 0 1
352 304 0 1
351 304 0 1
350 304 0 1
349 304 0 1
348 304 0 1
347 304 0 1
513 303 0 0
512 303 0 0
511 303 0 0
510 303 0 0
509 303 0 0
422 303 0 1
421 303 0 1
420 303 0 1
419 303 0 1
418 303 0 1
417 303 0 1
352 303 0 1
351 303 0 1
350 303 0 1
349 303 0 1
348 303 0 1
347 303 0 1
513 302 0 0
512 302 0 0
511 302 0 0
510 302 0 0
509 302 0 0
421 302 0 1
420 302 0 1
419 302 0 1
418 302 0 1
417 302 0 1
352 302 0 1
351 302 0 1
350 302 0 1
349 302 0 1
348 302 0 1
347 302 0 1
346 302 0 1
513 301 0 0
512 301 0 0
511 301 0 0
510 301 0 0
509 301 0 0
421 301 0 1
420 301 0 1
419 301 0 1
418 301 0 1
417 301 0 1
351 301 0 1
350 301 0 1
349 301 0 1
348 301 0 1
347 301 0 1
346 301 0 1
345 301 0 1
513 300 0 0
512 300 0 0
511 300 0 0
510 300 0 0
509 300 0 0
421 300 0 1
420 300 0 1
419 300 0 1
418 300 0 1
417 300 0 1
350 300 0 1
349 300 0 1
348 300 0 1
347 300 0 1
346 300 0 1
345 300 0 1
344 300 0 1
513 299 0 0
512 299 0 0
511 299 0 0
510 299 0 0
509 299 0 0
420 299 0 1
419 299 0 1
418 299 0 1
417 299 0 1
416 299 0 1
349 299 0 1
348 299 0 1
347 299 0 1
346 299 0 1
345 299 0 1
344 299 0 1
343 299 0 1
513 298 0 0
512 298 0 0
511 298 0 0
510 298 0 0
509 298 0 0
420 298 0 1
419 298 0 1
418 298 0 1
417 298 0 1
416 298 0 1
348 298 0 1
347 298 0 1
346 298 0 1
345 298 0 1
344 298 0 1
343 298 0 1
342 298 0 1
513 297 0 0
512 297 0 0
511 297 0 0
510 297 0 0
509 297 0 0
420 297 0 1
419 297 0 1
418 297 0 1
417 297 0 1
416 297 0 1
347 297 0 1
346 297 0 1
345 297 0 1
344 297 0 1
343 297 0 1
342 297 0 1
513 296 0 0
512 296 0 0
511 296 0 0
510 296 0 0
419 296 0 1
418 296 0 1
417 296 0 1
416 296 0 1
415 296 0 1
347 296 0 1
346 296 0 1
345 296 0 1
344 296 0 1
343 296 0 1
342 296 0 1
341 296 0 1
513 295 0 0
512 295 0 0
511 295 0 0
510 295 0 0
419 295 0 1
418 295 0 1
417 295 0 1
416 295 0 1
415 295 0 1
346 295 0 1
345 295 0 1
344 295 0 1
343 295 0 1
342 295 0 1
341 295 0 1
340 295 0 1
513 294 0 0
512 294 0 0
511 294 0 0
510 294 0 0
419 294 0 1
418 294 0 1
417 294 0 1
416 294 0 1
415 294 0 1
345 294 0 1
344 294 0 1
343 294 0 1
342 294 0 1
341 294 0 1
340 294 0 1
339 294 0 1
513 293 0 0
512 293 0 0
511 293 0 0
510 293 0 0
419 293 0 1
418 293 0 1
417 293 0 1
416 293 0 1
415 293 0 1
414 293 0 1
344 293 0 1
343 293 0 1
342 293 0 1
341 293 0 1
340 293 0 1
339 293 0 1
513 292 0 0
512 292 0 0
511 292 0 0
510 292 0 0
419 292 0 1
418 292 0 1
417 292 0 1
416 292 0 1
415 292 0 1
414 292 0 1
343 292 0 1
342 292 0 1
341 292 0 1
340 292 0 1
339 292 0 1
338 292 0 1
513 291 0 0
512 291 0 0
511 291 0 0
510 291 0 0
418 291 0 1
417 291 0 1
416 291 0 1
415 291 0 1
414 291 0 1
343 291 0 1
342 291 0 1
341 291 0 1
340 291 0 1
339 291 0 1
338 291 0 1
337 291 0 1
513 290 0 0
512 290 0 0
511 290 0 0
510 290 0 0
418 290 0 1
417 290 0 1
416 290 0 1
415 290 0 1
414 290 0 1
413 290 0 1
342 290 0 1
341 290 0 1
340 290 0 1
339 290 0 1
338 290 0 1
337 290 0 1
513 289 0 0
512 289 0 0
511 289 0 0
510 289 0 0
417 289 0 1
416 289 0 1
415 289 0 1
414 289 0 1
413 289 0 1
341 289 0 1
340 289 0 1
339 289 0 1
338 289 0 1
337 289 0 1
336 289 0 1
513 288 0 0
512 288 0 0
511 288 0 0
510 288 0 0
417 288 0 1
416 288 0 1
415 288 0 1
414 288 0 1
413 288 0 1
412 288 0 1
340 288 0 1
339 288 0 1
338 288 0 1
337 288 0 1
336 288 0 1
513 287 0 0
512 287 0 0
511 287 0 0
510 287 0 0
417 287 0 1
416 287 0 1
415 287 0 1
414 287 0 1
413 287 0 1
412 287 0 1
340 287 0 1
339 287 0 1
338 287 0 1
337 287 0 1
336 287 0 1
513 286 0 0
512 286 0 0
511 286 0 0
510 286 0 0
416 286 0 1
415 286 0 1
414 286 0 1
413 286 0 1
412 286 0 1
339 286 0 1
338 286 0 1
337 286 0 1
336 286 0 1
513 285 0 0
512 285 0 0
511 285 0 0
510 285 0 0
416 285 0 1
415 285 0 1
414 285 0 1
413 285 0 1
412 285 0 1
339 285 0 1
338 285 0 1
337 285 0 1
336 285 0 1
335 285 0 1
513 284 0 0
512 284 0 0
511 284 0 0
510 284 0 0
416 284 0 1
415 284 0 1
414 284 0 1
413 284 0 1
412 284 0 1
411 284 0 1
339 284 0 1
338 284 0 1
337 284 0 1
336 284 0 1
335 284 0 1
513 283 0 0
512 283 0 0
511 283 0 0
510 283 0 0
416 283 0 1
415 283 0 1
414 283 0 1
413 283 0 1
412 283 0 1
411 283 0 1
410 283 0 1
339 283 0 1
338 283 0 1
337 283 0 1
336 283 0 1
335 283 0 1
334 283 0 1
513 282 0 0
512 282 0 0
511 282 0 0
510 282 0 0
415 282 0 1
414 282 0 1
413 282 0 1
412 282 0 1
411 282 0 1
410 282 0 1
409 282 0 1
408 282 0 1
339 282 0 1
338 282 0 1
337 282 0 1
336 282 0 1
335 282 0 1
334 282 0 1
513 281 0 0
512 281 0 0
511 281 0 0
510 281 0 0
415 281 0 1
414 281 0 1
413 281 0 1
412 281 0 1
411 281 0 1
410 281 0 1
409 281 0 1
408 281 0 1
338 281 0 1
337 281 0 1
336 281 0 1
335 281 0 1
334 281 0 1
333 281 0 1
513 280 0 0
512 280 0 0
511 280 0 0
510 280 0 0
414 280 0 1
413 280 0 1
412 280 0 1
411 280 0 1
410 280 0 1
409 280 0 1
408 280 0 1
338 280 0 1
337 280 0 1
336 280 0 1
335 280 0 1
334 280 0 1
333 280 0 1
513 279 0 0
512 279 0 0
511 279 0 0
510 279 0 0
413 279 0 1
412 279 0 1
411 279 0 1
410 279 0 1
409 279 0 1
408 279 0 1
337 279 0 1
336 279 0 1
335 279 0 1
334 279 0 1
333 279 0 1
332 279 0 1
513 278 0 0
512 278 0 0
511 278 0 0
510 278 0 0
337 278 0 1
336 278 0 1
335 278 0 1
334 278 0 1
333 278 0 1
332 278 0 1
513 277 0 0
512 277 0 0
511 277 0 0
510 277 0 0
336 277 0 1
335 277 0 1
334 277 0 1
333 277 0 1
332 277 0 1
331 277 0 1
513 276 0 0
512 276 0 0
511 276 0 0
510 276 0 0
336 276 0 1
335 276 0 1
334 276 0 1
333 276 0 1
332 276 0 1
331 276 0 1
513 275 0 0
512 275 0 0
511 275 0 0
510 275 0 0
335 275 0 1
334 275 0 1
333 275 0 1
332 275 0 1
331 275 0 1
513 274 0 0
512 274 0 0
511 274 0 0
510 274 0 0
335 274 0 1
334 274 0 1
333 274 0 1
332 274 0 1
331 274 0 1
330 274 0 1
513 273 0 0
512 273 0 0
511 273 0 0
510 273 0 0
335 273 0 1
334 273 0 1
333 273 0 1
332 273 0 1
331 273 0 1
330 273 0 1
329 273 0 1
513 272 0 0
512 272 0 0
511 272 0 0
510 272 0 0
334 272 0 1
333 272 0 1
332 272 0 1
331 272 0 1
330 272 0 1
329 272 0 1
328 272 0 1
513 271 0 0
512 271 0 0
511 271 0 0
510 271 0 0
333 271 0 1
332 271 0 1
331 271 0 1
330 271 0 1
329 271 0 1
328 271 0 1
513 270 0 0
512 270 0 0
511 270 0 0
510 270 0 0
332 270 0 1
331 270 0 1
330 270 0 1
329 270 0 1
328 270 0 1
513 269 0 0
512 269 0 0
511 269 0 0
510 269 0 0
332 269 0 1
331 269 0 1
330 269 0 1
329 269 0 1
328 269 0 1
513 268 0 0
512 268 0 0
511 268 0 0
510 268 0 0
331 268 0 1
330 268 0 1
329 268 0 1
328 268 0 1
327 268 0 1
513 267 0 0
512 267 0 0
511 267 0 0
510 267 0 0
331 267 0 1
330 267 0 1
329 267 0 1
328 267 0 1
327 267 0 1
513 266 0 0
512 266 0 0
511 266 0 0
510 266 0 0
331 266 0 1
330 266 0 1
329 266 0 1
328 266 0 1
327 266 0 1
326 266 0 1
513 265 0 0
512 265 0 0
511 265 0 0
510 265 0 0
331 265 0 1
330 265 0 1
329 265 0 1
328 265 0 1
327 265 0 1
326 265 0 1
513 264 0 0
512 264 0 0
511 264 0 0
510 264 0 0
330 264 0 1
329 264 0 1
328 264 0 1
327 264 0 1
326 264 0 1
513 263 0 0
512 263 0 0
511 263 0 0
510 263 0 0
330 263 0 1
329 263 0 1
328 263 0 1
327 263 0 1
326 263 0 1
513 262 0 0
512 262 0 0
511 262 0 0
510 262 0 0
509 262 0 0
330 262 0 1
329 262 0 1
328 262 0 1
327 262 0 1
326 262 0 1
513 261 0 0
512 261 0 0
511 261 0 0
510 261 0 0
509 261 0 0
329 261 0 1
328 261 0 1
327 261 0 1
326 261 0 1
513 260 0 0
512 260 0 0
511 260 0 0
510 260 0 0
509 260 0 0
329 260 0 1
328 260 0 1
327 260 0 1
326 260 0 1
513 259 0 0
512 259 0 0
511 259 0 0
510 259 0 0
509 259 0 0
508 259 0 0
329 259 0 1
328 259 0 1
327 259 0 1
326 259 0 1
513 258 0 0
512 258 0 0
511 258 0 0
510 258 0 0
509 258 0 0
508 258 0 0
329 258 0 1
328 258 0 1
327 258 0 1
326 258 0 1
325 258 0 1
512 257 0 0
511 257 0 0
510 257 0 0
509 257 0 0
508 257 0 0
329 257 0 1
328 257 0 1
327 257 0 1
326 257 0 1
325 257 0 1
512 256 0 0
511 256 0 0
510 256 0 0
509 256 0 0
508 256 0 0
507 256 0 0
329 256 0 1
328 256 0 1
327 256 0 1
326 256 0 1
325 256 0 1
324 256 0 1
512 255 0 0
511 255 0 0
510 255 0 0
509 255 0 0
508 255 0 0
507 255 0 0
329 255 0 1
328 255 0 1
327 255 0 1
326 255 0 1
325 255 0 1
324 255 0 1
511 254 0 0
510 254 0 0
509 254 0 0
508 254 0 0
507 254 0 0
328 254 0 1
327 254 0 1
326 254 0 1
325 254 0 1
324 254 0 1
511 253 0 0
510 253 0 0
509 253 0 0
508 253 0 0
507 253 0 0
506 253 0 0
328 253 0 1
327 253 0 1
326 253 0 1
325 253 0 1
324 253 0 1
323 253 0 1
510 252 0 0
509 252 0 0
508 252 0 0
507 252 0 0
506 252 0 0
328 252 0 1
327 252 0 1
326 252 0 1
325 252 0 1
324 252 0 1
323 252 0 1
510 251 0 0
509 251 0 0
508 251 0 0
507 251 0 0
506 251 0 0
505 251 0 0
327 251 0 1
326 251 0 1
325 251 0 1
324 251 0 1
323 251 0 1
510 250 0 0
509 250 0 0
508 250 0 0
507 250 0 0
506 250 0 0
505 250 0 0
327 250 0 1
326 250 0 1
325 250 0 1
324 250 0 1
323 250 0 1
509 249 0 0
508 249 0 0
507 249 0 0
506 249 0 0
505 249 0 0
327 249 0 1
326 249 0 1
325 249 0 1
324 249 0 1
323 249 0 1
322 249 0 1
509 248 0 0
508 248 0 0
507 248 0 0
506 248 0 0
505 248 0 0
504 248 0 0
327 248 0 1
326 248 0 1
325 248 0 1
324 248 0 1
323 248 0 1
322 248 0 1
321 248 0 1
509 247 0 0
508 247 0 0
507 247 0 0
506 247 0 0
505 247 0 0
504 247 0 0
326 247 0 1
325 247 0 1
324 247 0 1
323 247 0 1
322 247 0 1
321 247 0 1
320 247 0 1
508 246 0 0
507 246 0 0
506 246 0 0
505 246 0 0
504 246 0 0
325 246 0 1
324 246 0 1
323 246 0 1
322 246 0 1
321 246 0 1
320 246 0 1
508 245 0 0
507 245 0 0
506 245 0 0
505 245 0 0
504 245 0 0
503 245 0 0
324 245 0 1
323 245 0 1
322 245 0 1
321 245 0 1
320 245 0 1
508 244 0 0
507 244 0 0
506 244 0 0
505 244 0 0
504 244 0 0
503 244 0 0
324 244 0 1
323 244 0 1
322 244 0 1
321 244 0 1
320 244 0 1
319 244 0 1
507 243 0 0
506 243 0 0
505 243 0 0
504 243 0 0
503 243 0 0
324 243 0 1
323 243 0 1
322 243 0 1
321 243 0 1
320 243 0 1
319 243 0 1
507 242 0 0
506 242 0 0
505 242 0 0
504 242 0 0
503 242 0 0
502 242 0 0
323 242 0 1
322 242 0 1
321 242 0 1
320 242 0 1
319 242 0 1
318 242 0 1
506 241 0 0
505 241 0 0
504 241 0 0
503 241 0 0
502 241 0 0
323 241 0 1
322 241 0 1
321 241 0 1
320 241 0 1
319 241 0 1
318 241 0 1
506 240 0 0
505 240 0 0
504 240 0 0
503 240 0 0
502 240 0 0
501 240 0 0
322 240 0 1
321 240 0 1
320 240 0 1
319 240 0 1
318 240 0 1
506 239 0 0
505 239 0 0
504 239 0 0
503 239 0 0
502 239 0 0
501 239 0 0
322 239 0 1
321 239 0 1
320 239 0 1
319 239 0 1
318 239 0 1
317 239 0 1
505 238 0 0
504 238 0 0
503 238 0 0
502 238 0 0
501 238 0 0
500 238 0 0
321 238 0 1
320 238 0 1
319 238 0 1
318 238 0 1
317 238 0 1
316 238 0 1
505 237 0 0
504 237 0 0
503 237 0 0
502 237 0 0
501 237 0 0
500 237 0 0
321 237 0 1
320 237 0 1
319 237 0 1
318 237 0 1
317 237 0 1
316 237 0 1
504 236 0 0
503 236 0 0
502 236 0 0
501 236 0 0
500 236 0 0
499 236 0 0
320 236 0 1
319 236 0 1
318 236 0 1
317 236 0 1
316 236 0 1
315 236 0 1
503 235 0 0
502 235 0 0
501 235 0 0
500 235 0 0
499 235 0 0
498 235 0 0
319 235 0 1
318 235 0 1
317 235 0 1
316 235 0 1
315 235 0 1
503 234 0 0
502 234 0 0
501 234 0 0
500 234 0 0
499 234 0 0
498 234 0 0
319 234 0 1
318 234 0 1
317 234 0 1
316 234 0 1
315 234 0 1
314 234 0 1
502 233 0 0
501 233 0 0
500 233 0 0
499 233 0 0
498 233 0 0
497 233 0 0
318 233 0 1
317 233 0 1
316 233 0 1
315 233 0 1
314 233 0 1
502 232 0 0
501 232 0 0
500 232 0 0
499 232 0 0
498 232 0 0
497 232 0 0
318 232 0 1
317 232 0 1
316 232 0 1
315 232 0 1
314 232 0 1
501 231 0 0
500 231 0 0
499 231 0 0
498 231 0 0
497 231 0 0
496 231 0 0
318 231 0 1
317 231 0 1
316 231 0 1
315 231 0 1
314 231 0 1
501 230 0 0
500 230 0 0
499 230 0 0
498 230 0 0
497 230 0 0
496 230 0 0
317 230 0 1
316 230 0 1
315 230 0 1
314 230 0 1
313 230 0 1
500 229 0 0
499 229 0 0
498 229 0 0
497 229 0 0
496 229 0 0
495 229 0 0
317 229 0 1
316 229 0 1
315 229 0 1
314 229 0 1
313 229 0 1
312 229 0 1
500 228 0 0
499 228 0 0
498 228 0 0
497 228 0 0
496 228 0 0
495 228 0 0
317 228 0 1
316 228 0 1
315 228 0 1
314 228 0 1
313 228 0 1
312 228 0 1
499 227 0 0
498 227 0 0
497 227 0 0
496 227 0 0
495 227 0 0
494 227 0 0
316 227 0 1
315 227 0 1
314 227 0 1
313 227 0 1
312 227 0 1
311 227 0 1
310 227 0 1
499 226 0 0
498 226 0 0
497 226 0 0
496 226 0 0
495 226 0 0
494 226 0 0
316 226 0 1
315 226 0 1
314 226 0 1
313 226 0 1
312 226 0 1
311 226 0 1
310 226 0 1
498 225 0 0
497 225 0 0
496 225 0 0
495 225 0 0
494 225 0 0
493 225 0 0
315 225 0 1
314 225 0 1
313 225 0 1
312 225 0 1
311 225 0 1
310 225 0 1
498 224 0 0
497 224 0 0
496 224 0 0
495 224 0 0
494 224 0 0
493 224 0 0
315 224 0 1
314 224 0 1
313 224 0 1
312 224 0 1
311 224 0 1
310 224 0 1
497 223 0 0
496 223 0 0
495 223 0 0
494 223 0 0
493 223 0 0
492 223 0 0
496 222 0 0
495 222 0 0
494 222 0 0
493 222 0 0
492 222 0 0
491 222 0 0
496 221 0 0
495 221 0 0
494 221 0 0
493 221 0 0
492 221 0 0
491 221 0 0
495 220 0 0
494 220 0 0
493 220 0 0
492 220 0 0
491 220 0 0
490 220 0 0
494 219 0 0
493 219 0 0
492 219 0 0
491 219 0 0
490 219 0 0
489 219 0 0
494 218 0 0
493 218 0 0
492 218 0 0
491 218 0 0
490 218 0 0
489 218 0 0
493 217 0 0
492 217 0 0
491 217 0 0
490 217 0 0
489 217 0 0
488 217 0 0
492 216 0 0
491 216 0 0
490 216 0 0
489 216 0 0
488 216 0 0
487 216 0 0
492 215 0 0
491 215 0 0
490 215 0 0
489 215 0 0
488 215 0 0
487 215 0 0
491 214 0 0
490 214 0 0
489 214 0 0
488 214 0 0
487 214 0 0
486 214 0 0
491 213 0 0
490 213 0 0
489 213 0 0
488 213 0 0
487 213 0 0
486 213 0 0
490 212 0 0
489 212 0 0
488 212 0 0
487 212 0 0
486 212 0 0
490 211 0 0
489 211 0 0
488 211 0 0
487 211 0 0
486 211 0 0
485 211 0 0
489 210 0 0
488 210 0 0
487 210 0 0
486 210 0 0
485 210 0 0
489 209 0 0
488 209 0 0
487 209 0 0
486 209 0 0
485 209 0 0
484 209 0 0
488 208 0 0
487 208 0 0
486 208 0 0
485 208 0 0
484 208 0 0
488 207 0 0
487 207 0 0
486 207 0 0
485 207 0 0
484 207 0 0
483 207 0 0
487 206 0 0
486 206 0 0
485 206 0 0
484 206 0 0
483 206 0 0
487 205 0 0
486 205 0 0
485 205 0 0
484 205 0 0
483 205 0 0
482 205 0 0
487 204 0 0
486 204 0 0
485 204 0 0
484 204 0 0
483 204 0 0
482 204 0 0
486 203 0 0
485 203 0 0
484 203 0 0
483 203 0 0
482 203 0 0
481 203 0 0
486 202 0 0
485 202 0 0
484 202 0 0
483 202 0 0
482 202 0 0
481 202 0 0
480 202 0 0
485 201 0 0
484 201 0 0
483 201 0 0
482 201 0 0
481 201 0 0
480 201 0 0
484 200 0 0
483 200 0 0
482 200 0 0
481 200 0 0
480 200 0 0
479 200 0 0
484 199 0 0
483 199 0 0
482 199 0 0
481 199 0 0
480 199 0 0
479 199 0 0
478 199 0 0
483 198 0 0
482 198 0 0
481 198 0 0
480 198 0 0
479 198 0 0
478 198 0 0
477 198 0 0
482 197 0 0
481 197 0 0
480 197 0 0
479 197 0 0
478 197 0 0
477 197 0 0
481 196 0 0
480 196 0 0
479 196 0 0
478 196 0 0
477 196 0 0
476 196 0 0
481 195 0 0
480 195 0 0
479 195 0 0
478 195 0 0
477 195 0 0
476 195 0 0
475 195 0 0
480 194 0 0
479 194 0 0
478 194 0 0
477 194 0 0
476 194 0 0
475 194 0 0
474 194 0 0
479 193 0 0
478 193 0 0
477 193 0 0
476 193 0 0
475 193 0 0
474 193 0 0
473 193 0 0
478 192 0 0
477 192 0 0
476 192 0 0
475 192 0 0
474 192 0 0
473 192 0 0
472 192 0 0
477 191 0 0
476 191 0 0
475 191 0 0
474 191 0 0
473 191 0 0
472 191 0 0
471 191 0 0
476 190 0 0
475 190 0 0
474 190 0 0
473 190 0 0
472 190 0 0
471 190 0 0
470 190 0 0
475 189 0 0
474 189 0 0
473 189 0 0
472 189 0 0
471 189 0 0
470 189 0 0
469 189 0 0
474 188 0 0
473 188 0 0
472 188 0 0
471 188 0 0
470 188 0 0
469 188 0 0
468 188 0 0
405 188 0 1
404 188 0 1
403 188 0 1
402 188 0 1
401 188 0 1
473 187 0 0
472 187 0 0
471 187 0 0
470 187 0 0
469 187 0 0
468 187 0 0
467 187 0 0
405 187 0 1
404 187 0 1
403 187 0 1
402 187 0 1
401 187 0 1
472 186 0 0
471 186 0 0
470 186 0 0
469 186 0 0
468 186 0 0
467 186 0 0
466 186 0 0
405 186 0 1
404 186 0 1
403 186 0 1
402 186 0 1
401 186 0 1
400 186 0 1
471 185 0 0
470 185 0 0
469 185 0 0
468 185 0 0
467 185 0 0
466 185 0 0
465 185 0 0
405 185 0 1
404 185 0 1
403 185 0 1
402 185 0 1
401 185 0 1
400 185 0 1
399 185 0 1
470 184 0 0
469 184 0 0
468 184 0 0
467 184 0 0
466 184 0 0
465 184 0 0
464 184 0 0
405 184 0 1
404 184 0 1
403 184 0 1
402 184 0 1
401 184 0 1
400 184 0 1
399 184 0 1
398 184 0 1
469 183 0 0
468 183 0 0
467 183 0 0
466 183 0 0
465 183 0 0
464 183 0 0
463 183 0 0
404 183 0 1
403 183 0 1
402 183 0 1
401 183 0 1
400 183 0 1
399 183 0 1
398 183 0 1
468 182 0 0
467 182 0 0
466 182 0 0
465 182 0 0
464 182 0 0
463 182 0 0
462 182 0 0
402 182 0 1
401 182 0 1
400 182 0 1
399 182 0 1
398 182 0 1
467 181 0 0
466 181 0 0
465 181 0 0
464 181 0 0
463 181 0 0
462 181 0 0
402 181 0 1
401 181 0 1
400 181 0 1
399 181 0 1
398 181 0 1
397 181 0 1
467 180 0 0
466 180 0 0
465 180 0 0
464 180 0 0
463 180 0 0
462 180 0 0
461 180 0 0
402 180 0 1
401 180 0 1
400 180 0 1
399 180 0 1
398 180 0 1
397 180 0 1
396 180 0 1
466 179 0 0
465 179 0 0
464 179 0 0
463 179 0 0
462 179 0 0
461 179 0 0
460 179 0 0
401 179 0 1
400 179 0 1
399 179 0 1
398 179 0 1
397 179 0 1
396 179 0 1
395 179 0 1
465 178 0 0
464 178 0 0
463 178 0 0
462 178 0 0
461 178 0 0
460 178 0 0
459 178 0 0
400 178 0 1
399 178 0 1
398 178 0 1
397 178 0 1
396 178 0 1
395 178 0 1
464 177 0 0
463 177 0 0
462 177 0 0
461 177 0 0
460 177 0 0
459 177 0 0
458 177 0 0
399 177 0 1
398 177 0 1
397 177 0 1
396 177 0 1
395 177 0 1
394 177 0 1
463 176 0 0
462 176 0 0
461 176 0 0
460 176 0 0
459 176 0 0
458 176 0 0
457 176 0 0
398 176 0 1
397 176 0 1
396 176 0 1
395 176 0 1
394 176 0 1
393 176 0 1
462 175 0 0
461 175 0 0
460 175 0 0
459 175 0 0
458 175 0 0
457 175 0 0
398 175 0 1
397 175 0 1
396 175 0 1
395 175 0 1
394 175 0 1
393 175 0 1
462 174 0 0
461 174 0 0
460 174 0 0
459 174 0 0
458 174 0 0
457 174 0 0
456 174 0 0
397 174 0 1
396 174 0 1
395 174 0 1
394 174 0 1
393 174 0 1
461 173 0 0
460 173 0 0
459 173 0 0
458 173 0 0
457 173 0 0
456 173 0 0
455 173 0 0
397 173 0 1
396 173 0 1
395 173 0 1
394 173 0 1
393 173 0 1
460 172 0 0
459 172 0 0
458 172 0 0
457 172 0 0
456 172 0 0
455 172 0 0
454 172 0 0
397 172 0 1
396 172 0 1
395 172 0 1
394 172 0 1
393 172 0 1
392 172 0 1
459 171 0 0
458 171 0 0
457 171 0 0
456 171 0 0
455 171 0 0
454 171 0 0
397 171 0 1
396 171 0 1
395 171 0 1
394 171 0 1
393 171 0 1
392 171 0 1
459 170 0 0
458 170 0 0
457 170 0 0
456 170 0 0
455 170 0 0
454 170 0 0
453 170 0 0
396 170 0 1
395 170 0 1
394 170 0 1
393 170 0 1
392 170 0 1
458 169 0 0
457 169 0 0
456 169 0 0
455 169 0 0
454 169 0 0
453 169 0 0
452 169 0 0
396 169 0 1
395 169 0 1
394 169 0 1
393 169 0 1
392 169 0 1
391 169 0 1
457 168 0 0
456 168 0 0
455 168 0 0
454 168 0 0
453 168 0 0
452 168 0 0
451 168 0 0
396 168 0 1
395 168 0 1
394 168 0 1
393 168 0 1
392 168 0 1
391 168 0 1
456 167 0 0
455 167 0 0
454 167 0 0
453 167 0 0
452 167 0 0
451 167 0 0
450 167 0 0
395 167 0 1
394 167 0 1
393 167 0 1
392 167 0 1
391 167 0 1
455 166 0 0
454 166 0 0
453 166 0 0
452 166 0 0
451 166 0 0
450 166 0 0
449 166 0 0
395 166 0 1
394 166 0 1
393 166 0 1
392 166 0 1
391 166 0 1
390 166 0 1
454 165 0 0
453 165 0 0
452 165 0 0
451 165 0 0
450 165 0 0
449 165 0 0
395 165 0 1
394 165 0 1
393 165 0 1
392 165 0 1
391 165 0 1
390 165 0 1
389 165 0 1
454 164 0 0
453 164 0 0
452 164 0 0
451 164 0 0
450 164 0 0
449 164 0 0
448 164 0 0
394 164 0 1
393 164 0 1
392 164 0 1
391 164 0 1
390 164 0 1
389 164 0 1
453 163 0 0
452 163 0 0
451 163 0 0
450 163 0 0
449 163 0 0
448 163 0 0
447 163 0 0
446 163 0 0
445 163 0 0
444 163 0 0
393 163 0 1
392 163 0 1
391 163 0 1
390 163 0 1
389 163 0 1
388 163 0 1
452 162 0 0
451 162 0 0
450 162 0 0
449 162 0 0
448 162 0 0
447 162 0 0
446 162 0 0
445 162 0 0
444 162 0 0
393 162 0 1
392 162 0 1
391 162 0 1
390 162 0 1
389 162 0 1
388 162 0 1
387 162 0 1
451 161 0 0
450 161 0 0
449 161 0 0
448 161 0 0
447 161 0 0
446 161 0 0
445 161 0 0
444 161 0 0
392 161 0 1
391 161 0 1
390 161 0 1
389 161 0 1
388 161 0 1
387 161 0 1
450 160 0 0
449 160 0 0
448 160 0 0
447 160 0 0
446 160 0 0
445 160 0 0
444 160 0 0
391 160 0 1
390 160 0 1
389 160 0 1
388 160 0 1
387 160 0 1
386 160 0 1
391 159 0 1
390 159 0 1
389 159 0 1
388 159 0 1
387 159 0 1
386 159 0 1
390 158 0 1
389 158 0 1
388 158 0 1
387 158 0 1
386 158 0 1
390 157 0 1
389 157 0 1
388 157 0 1
387 157 0 1
386 157 0 1
389 156 0 1
388 156 0 1
387 156 0 1
386 156 0 1
389 155 0 1
388 155 0 1
387 155 0 1
386 155 0 1
389 154 0 1
388 154 0 1
387 154 0 1
386 154 0 1
389 153 0 1
388 153 0 1
387 153 0 1
386 153 0 1
342 153 0 1
341 153 0 1
340 153 0 1
339 153 0 1
389 152 0 1
388 152 0 1
387 152 0 1
386 152 0 1
342 152 0 1
341 152 0 1
340 152 0 1
339 152 0 1
389 151 0 1
388 151 0 1
387 151 0 1
386 151 0 1
342 151 0 1
341 151 0 1
340 151 0 1
339 151 0 1
389 150 0 1
388 150 0 1
387 150 0 1
386 150 0 1
342 150 0 1
341 150 0 1
340 150 0 1
339 150 0 1
389 149 0 1
388 149 0 1
387 149 0 1
386 149 0 1
342 149 0 1
341 149 0 1
340 149 0 1
339 149 0 1
389 148 0 1
388 148 0 1
387 148 0 1
386 148 0 1
342 148 0 1
341 148 0 1
340 148 0 1
339 148 0 1
389 147 0 1
388 147 0 1
387 147 0 1
386 147 0 1
342 147 0 1
341 147 0 1
340 147 0 1
339 147 0 1
389 146 0 1
388 146 0 1
387 146 0 1
386 146 0 1
342 146 0 1
341 146 0 1
340 146 0 1
339 146 0 1
389 145 0 1
388 145 0 1
387 145 0 1
386 145 0 1
342 145 0 1
341 145 0 1
340 145 0 1
339 145 0 1
389 144 0 1
388 144 0 1
387 144 0 1
386 144 0 1
342 144 0 1
341 144 0 1
340 144 0 1
339 144 0 1
389 143 0 1
388 143 0 1
387 143 0 1
386 143 0 1
342 143 0 1
341 143 0 1
340 143 0 1
339 143 0 1
389 142 0 1
388 142 0 1
387 142 0 1
386 142 0 1
342 142 0 1
341 142 0 1
340 142 0 1
339 142 0 1
389 141 0 1
388 141 0 1
387 141 0 1
386 141 0 1
342 141 0 1
341 141 0 1
340 141 0 1
339 141 0 1
389 140 0 1
388 140 0 1
387 140 0 1
386 140 0 1
342 140 0 1
341 140 0 1
340 140 0 1
339 140 0 1
389 139 0 1
388 139 0 1
387 139 0 1
386 139 0 1
342 139 0 1
341 139 0 1
340 139 0 1
339 139 0 1
389 138 0 1
388 138 0 1
387 138 0 1
386 138 0 1
342 138 0 1
341 138 0 1
340 138 0 1
339 138 0 1
389 137 0 1
388 137 0 1
387 137 0 1
386 137 0 1
342 137 0 1
341 137 0 1
340 137 0 1
339 137 0 1
389 136 0 1
388 136 0 1
387 136 0 1
386 136 0 1
342 136 0 1
341 136 0 1
340 136 0 1
339 136 0 1
389 135 0 1
388 135 0 1
387 135 0 1
386 135 0 1
342 135 0 1
341 135 0 1
340 135 0 1
339 135 0 1
389 134 0 1
388 134 0 1
387 134 0 1
386 134 0 1
342 134 0 1
341 134 0 1
340 134 0 1
339 134 0 1
338 134 0 1
389 133 0 1
388 133 0 1
387 133 0 1
386 133 0 1
342 133 0 1
341 133 0 1
340 133 0 1
339 133 0 1
338 133 0 1
389 132 0 1
388 132 0 1
387 132 0 1
386 132 0 1
342 132 0 1
341 132 0 1
340 132 0 1
339 132 0 1
338 132 0 1
389 131 0 1
388 131 0 1
387 131 0 1
386 131 0 1
342 131 0 1
341 131 0 1
340 131 0 1
339 131 0 1
338 131 0 1
390 130 0 1
389 130 0 1
388 130 0 1
387 130 0 1
386 130 0 1
342 130 0 1
341 130 0 1
340 130 0 1
339 130 0 1
338 130 0 1
390 129 0 1
389 129 0 1
388 129 0 1
387 129 0 1
386 129 0 1
341 129 0 1
340 129 0 1
339 129 0 1
338 129 0 1
390 128 0 1
389 128 0 1
388 128 0 1
387 128 0 1
386 128 0 1
341 128 0 1
340 128 0 1
339 128 0 1
338 128 0 1
291 128 0 0
290 128 0 0
289 128 0 0
288 128 0 0
390 127 0 1
389 127 0 1
388 127 0 1
387 127 0 1
386 127 0 1
341 127 0 1
340 127 0 1
339 127 0 1
338 127 0 1
291 127 0 0
290 127 0 0
289 127 0 0
288 127 0 0
390 126 0 1
389 126 0 1
388 126 0 1
387 126 0 1
386 126 0 1
341 126 0 1
340 126 0 1
339 126 0 1
338 126 0 1
291 126 0 0
290 126 0 0
289 126 0 0
288 126 0 0
390 125 0 1
389 125 0 1
388 125 0 1
387 125 0 1
341 125 0 1
340 125 0 1
339 125 0 1
338 125 0 1
291 125 0 0
290 125 0 0
289 125 0 0
288 125 0 0
391 124 0 1
390 124 0 1
389 124 0 1
388 124 0 1
387 124 0 1
341 124 0 1
340 124 0 1
339 124 0 1
338 124 0 1
291 124 0 0
290 124 0 0
289 124 0 0
288 124 0 0
391 123 0 1
390 123 0 1
389 123 0 1
388 123 0 1
387 123 0 1
341 123 0 1
340 123 0 1
339 123 0 1
338 123 0 1
291 123 0 0
290 123 0 0
289 123 0 0
288 123 0 0
391 122 0 1
390 122 0 1
389 122 0 1
388 122 0 1
387 122 0 1
341 122 0 1
340 122 0 1
339 122 0 1
338 122 0 1
291 122 0 0
290 122 0 0
289 122 0 0
288 122 0 0
392 121 0 1
391 121 0 1
390 121 0 1
389 121 0 1
388 121 0 1
341 121 0 1
340 121 0 1
339 121 0 1
338 121 0 1
291 121 0 0
290 121 0 0
289 121 0 0
288 121 0 0
392 120 0 1
391 120 0 1
390 120 0 1
389 120 0 1
388 120 0 1
341 120 0 1
340 120 0 1
339 120 0 1
338 120 0 1
291 120 0 0
290 120 0 0
289 120 0 0
288 120 0 0
392 119 0 1
391 119 0 1
390 119 0 1
389 119 0 1
388 119 0 1
341 119 0 1
340 119 0 1
339 119 0 1
338 119 0 1
291 119 0 0
290 119 0 0
289 119 0 0
288 119 0 0
392 118 0 1
391 118 0 1
390 118 0 1
389 118 0 1
388 118 0 1
341 118 0 1
340 118 0 1
339 118 0 1
338 118 0 1
291 118 0 0
290 118 0 0
289 118 0 0
288 118 0 0
393 117 0 1
392 117 0 1
391 117 0 1
390 117 0 1
389 117 0 1
341 117 0 1
340 117 0 1
339 117 0 1
338 117 0 1
291 117 0 0
290 117 0 0
289 117 0 0
288 117 0 0
393 116 0 1
392 116 0 1
391 116 0 1
390 116 0 1
389 116 0 1
341 116 0 1
340 116 0 1
339 116 0 1
338 116 0 1
291 116 0 0
290 116 0 0
289 116 0 0
288 116 0 0
394 115 0 1
393 115 0 1
392 115 0 1
391 115 0 1
390 115 0 1
389 115 0 1
341 115 0 1
340 115 0 1
339 115 0 1
338 115 0 1
291 115 0 0
290 115 0 0
289 115 0 0
288 115 0 0
394 114 0 1
393 114 0 1
392 114 0 1
391 114 0 1
390 114 0 1
342 114 0 1
341 114 0 1
340 114 0 1
339 114 0 1
338 114 0 1
291 114 0 0
290 114 0 0
289 114 0 0
288 114 0 0
394 113 0 1
393 113 0 1
392 113 0 1
391 113 0 1
390 113 0 1
342 113 0 1
341 113 0 1
340 113 0 1
339 113 0 1
338 113 0 1
291 113 0 0
290 113 0 0
289 113 0 0
288 113 0 0
394 112 0 1
393 112 0 1
392 112 0 1
391 112 0 1
342 112 0 1
341 112 0 1
340 112 0 1
339 112 0 1
338 112 0 1
291 112 0 0
290 112 0 0
289 112 0 0
288 112 0 0
394 111 0 1
393 111 0 1
392 111 0 1
391 111 0 1
342 111 0 1
341 111 0 1
340 111 0 1
339 111 0 1
338 111 0 1
292 111 0 0
291 111 0 0
290 111 0 0
289 111 0 0
288 111 0 0
394 110 0 1
393 110 0 1
392 110 0 1
391 110 0 1
343 110 0 1
342 110 0 1
341 110 0 1
340 110 0 1
339 110 0 1
338 110 0 1
292 110 0 0
291 110 0 0
290 110 0 0
289 110 0 0
288 110 0 0
394 109 0 1
393 109 0 1
392 109 0 1
391 109 0 1
343 109 0 1
342 109 0 1
341 109 0 1
340 109 0 1
339 109 0 1
338 109 0 1
292 109 0 0
291 109 0 0
290 109 0 0
289 109 0 0
288 109 0 0
394 108 0 1
393 108 0 1
392 108 0 1
391 108 0 1
343 108 0 1
342 108 0 1
341 108 0 1
340 108 0 1
339 108 0 1
292 108 0 0
291 108 0 0
290 108 0 0
289 108 0 0
288 108 0 0
394 107 0 1
393 107 0 1
392 107 0 1
391 107 0 1
344 107 0 1
343 107 0 1
342 107 0 1
341 107 0 1
340 107 0 1
339 107 0 1
292 107 0 0
291 107 0 0
290 107 0 0
289 107 0 0
288 107 0 0
394 106 0 1
393 106 0 1
392 106 0 1
391 106 0 1
344 106 0 1
343 106 0 1
342 106 0 1
341 106 0 1
340 106 0 1
339 106 0 1
292 106 0 0
291 106 0 0
290 106 0 0
289 106 0 0
288 106 0 0
394 105 0 1
393 105 0 1
392 105 0 1
391 105 0 1
344 105 0 1
343 105 0 1
342 105 0 1
341 105 0 1
340 105 0 1
292 105 0 0
291 105 0 0
290 105 0 0
289 105 0 0
288 105 0 0
394 104 0 1
393 104 0 1
392 104 0 1
391 104 0 1
344 104 0 1
343 104 0 1
342 104 0 1
341 104 0 1
340 104 0 1
292 104 0 0
291 104 0 0
290 104 0 0
289 104 0 0
288 104 0 0
394 103 0 1
393 103 0 1
392 103 0 1
391 103 0 1
345 103 0 1
344 103 0 1
343 103 0 1
342 103 0 1
341 103 0 1
340 103 0 1
292 103 0 0
291 103 0 0
290 103 0 0
289 103 0 0
288 103 0 0
394 102 0 1
393 102 0 1
392 102 0 1
391 102 0 1
390 102 0 1
345 102 0 1
344 102 0 1
343 102 0 1
342 102 0 1
341 102 0 1
340 102 0 1
293 102 0 0
292 102 0 0
291 102 0 0
290 102 0 0
289 102 0 0
288 102 0 0
394 101 0 1
393 101 0 1
392 101 0 1
391 101 0 1
390 101 0 1
389 101 0 1
346 101 0 1
345 101 0 1
344 101 0 1
343 101 0 1
342 101 0 1
341 101 0 1
293 101 0 0
292 101 0 0
291 101 0 0
290 101 0 0
289 101 0 0
394 100 0 1
393 100 0 1
392 100 0 1
391 100 0 1
390 100 0 1
389 100 0 1
347 100 0 1
346 100 0 1
345 100 0 1
344 100 0 1
343 100 0 1
342 100 0 1
341 100 0 1
293 100 0 0
292 100 0 0
291 100 0 0
290 100 0 0
289 100 0 0
394 99 0 1
393 99 0 1
392 99 0 1
391 99 0 1
390 99 0 1
389 99 0 1
349 99 0 1
348 99 0 1
347 99 0 1
346 99 0 1
345 99 0 1
344 99 0 1
343 99 0 1
342 99 0 1
293 99 0 0
292 99 0 0
291 99 0 0
290 99 0 0
289 99 0 0
393 98 0 1
392 98 0 1
391 98 0 1
390 98 0 1
389 98 0 1
351 98 0 1
350 98 0 1
349 98 0 1
348 98 0 1
347 98 0 1
346 98 0 1
345 98 0 1
344 98 0 1
343 98 0 1
294 98 0 0
293 98 0 0
292 98 0 0
291 98 0 0
290 98 0 0
289 98 0 0
392 97 0 1
391 97 0 1
390 97 0 1
389 97 0 1
388 97 0 1
352 97 0 1
351 97 0 1
350 97 0 1
349 97 0 1
348 97 0 1
347 97 0 1
346 97 0 1
345 97 0 1
344 97 0 1
294 97 0 0
293 97 0 0
292 97 0 0
291 97 0 0
290 97 0 0
392 96 0 1
391 96 0 1
390 96 0 1
389 96 0 1
388 96 0 1
387 96 0 1
353 96 0 1
352 96 0 1
351 96 0 1
350 96 0 1
349 96 0 1
348 96 0 1
347 96 0 1
346 96 0 1
345 96 0 1
294 96 0 0
293 96 0 0
292 96 0 0
291 96 0 0
290 96 0 0
392 95 0 1
391 95 0 1
390 95 0 1
389 95 0 1
388 95 0 1
387 95 0 1
354 95 0 1
353 95 0 1
352 95 0 1
351 95 0 1
350 95 0 1
349 95 0 1
348 95 0 1
347 95 0 1
346 95 0 1
295 95 0 0
294 95 0 0
293 95 0 0
292 95 0 0
291 95 0 0
290 95 0 0
391 94 0 1
390 94 0 1
389 94 0 1
388 94 0 1
387 94 0 1
386 94 0 1
360 94 0 1
359 94 0 1
358 94 0 1
357 94 0 1
356 94 0 1
355 94 0 1
354 94 0 1
353 94 0 1
352 94 0 1
351 94 0 1
350 94 0 1
349 94 0 1
348 94 0 1
295 94 0 0
294 94 0 0
293 94 0 0
292 94 0 0
291 94 0 0
391 93 0 1
390 93 0 1
389 93 0 1
388 93 0 1
387 93 0 1
386 93 0 1
385 93 0 1
363 93 0 1
362 93 0 1
361 93 0 1
360 93 0 1
359 93 0 1
358 93 0 1
357 93 0 1
356 93 0 1
355 93 0 1
354 93 0 1
353 93 0 1
352 93 0 1
351 93 0 1
350 93 0 1
349 93 0 1
295 93 0 0
294 93 0 0
293 93 0 0
292 93 0 0
291 93 0 0
390 92 0 1
389 92 0 1
388 92 0 1
387 92 0 1
386 92 0 1
385 92 0 1
384 92 0 1
383 92 0 1
372 92 0 1
371 92 0 1
370 92 0 1
369 92 0 1
368 92 0 1
367 92 0 1
366 92 0 1
365 92 0 1
364 92 0 1
363 92 0 1
362 92 0 1
361 92 0 1
360 92 0 1
359 92 0 1
358 92 0 1
357 92 0 1
356 92 0 1
355 92 0 1
354 92 0 1
353 92 0 1
352 92 0 1
351 92 0 1
350 92 0 1
296 92 0 0
295 92 0 0
294 92 0 0
293 92 0 0
292 92 0 0
291 92 0 0
389 91 0 1
388 91 0 1
387 91 0 1
386 91 0 1
385 91 0 1
384 91 0 1
383 91 0 1
382 91 0 1
381 91 0 1
380 91 0 1
379 91 0 1
378 91 0 1
377 91 0 1
376 91 0 1
375 91 0 1
374 91 0 1
373 91 0 1
372 91 0 1
371 91 0 1
370 91 0 1
369 91 0 1
368 91 0 1
367 91 0 1
366 91 0 1
365 91 0 1
364 91 0 1
363 91 0 1
362 91 0 1
361 91 0 1
360 91 0 1
359 91 0 1
358 91 0 1
357 91 0 1
356 91 0 1
355 91 0 1
354 91 0 1
353 91 0 1
352 91 0 1
351 91 0 1
296 91 0 0
295 91 0 0
294 91 0 0
293 91 0 0
292 91 0 0
291 91 0 0
389 90 0 1
388 90 0 1
387 90 0 1
386 90 0 1
385 90 0 1
384 90 0 1
383 90 0 1
382 90 0 1
381 90 0 1
380 90 0 1
379 90 0 1
378 90 0 1
377 90 0 1
376 90 0 1
375 90 0 1
374 90 0 1
373 90 0 1
372 90 0 1
371 90 0 1
370 90 0 1
369 90 0 1
368 90 0 1
367 90 0 1
366 90 0 1
365 90 0 1
364 90 0 1
363 90 0 1
362 90 0 1
361 90 0 1
360 90 0 1
359 90 0 1
358 90 0 1
357 90 0 1
297 90 0 0
296 90 0 0
295 90 0 0
294 90 0 0
293 90 0 0
292 90 0 0
388 89 0 1
387 89 0 1
386 89 0 1
385 89 0 1
384 89 0 1
383 89 0 1
382 89 0 1
381 89 0 1
380 89 0 1
379 89 0 1
378 89 0 1
377 89 0 1
376 89 0 1
375 89 0 1
374 89 0 1
373 89 0 1
372 89 0 1
371 89 0 1
370 89 0 1
369 89 0 1
368 89 0 1
367 89 0 1
366 89 0 1
365 89 0 1
364 89 0 1
363 89 0 1
362 89 0 1
361 89 0 1
360 89 0 1
359 89 0 1
297 89 0 0
296 89 0 0
295 89 0 0
294 89 0 0
293 89 0 0
292 89 0 0
386 88 0 1
385 88 0 1
384 88 0 1
383 88 0 1
382 88 0 1
381 88 0 1
380 88 0 1
379 88 0 1
378 88 0 1
377 88 0 1
376 88 0 1
375 88 0 1
374 88 0 1
373 88 0 1
372 88 0 1
371 88 0 1
370 88 0 1
369 88 0 1
297 88 0 0
296 88 0 0
295 88 0 0
294 88 0 0
293 88 0 0
298 87 0 0
297 87 0 0
296 87 0 0
295 87 0 0
294 87 0 0
293 87 0 0
298 86 0 0
297 86 0 0
296 86 0 0
295 86 0 0
294 86 0 0
299 85 0 0
298 85 0 0
297 85 0 0
296 85 0 0
295 85 0 0
294 85 0 0
299 84 0 0
298 84 0 0
297 84 0 0
296 84 0 0
295 84 0 0
294 84 0 0
300 83 0 0
299 83 0 0
298 83 0 0
297 83 0 0
296 83 0 0
295 83 0 0
300 82 0 0
299 82 0 0
298 82 0 0
297 82 0 0
296 82 0 0
295 82 0 0
301 81 0 0
300 81 0 0
299 81 0 0
298 81 0 0
297 81 0 0
296 81 0 0
301 80 0 0
300 80 0 0
299 80 0 0
298 80 0 0
297 80 0 0
296 80 0 0
302 79 0 0
301 79 0 0
300 79 0 0
299 79 0 0
298 79 0 0
297 79 0 0
302 78 0 0
301 78 0 0
300 78 0 0
299 78 0 0
298 78 0 0
297 78 0 0
303 77 0 0
302 77 0 0
301 77 0 0
300 77 0 0
299 77 0 0
298 77 0 0
303 76 0 0
302 76 0 0
301 76 0 0
300 76 0 0
299 76 0 0
298 76 0 0
304 75 0 0
303 75 0 0
302 75 0 0
301 75 0 0
300 75 0 0
299 75 0 0
305 74 0 0
304 74 0 0
303 74 0 0
302 74 0 0
301 74 0 0
300 74 0 0
414 73 0 0
413 73 0 0
412 73 0 0
411 73 0 0
410 73 0 0
306 73 0 0
305 73 0 0
304 73 0 0
303 73 0 0
302 73 0 0
301 73 0 0
300 73 0 0
414 72 0 0
413 72 0 0
412 72 0 0
411 72 0 0
410 72 0 0
409 72 0 0
307 72 0 0
306 72 0 0
305 72 0 0
304 72 0 0
303 72 0 0
302 72 0 0
301 72 0 0
414 71 0 0
413 71 0 0
412 71 0 0
411 71 0 0
410 71 0 0
409 71 0 0
308 71 0 0
307 71 0 0
306 71 0 0
305 71 0 0
304 71 0 0
303 71 0 0
302 71 0 0
414 70 0 0
413 70 0 0
412 70 0 0
411 70 0 0
410 70 0 0
409 70 0 0
308 70 0 0
307 70 0 0
306 70 0 0
305 70 0 0
304 70 0 0
303 70 0 0
413 69 0 0
412 69 0 0
411 69 0 0
410 69 0 0
409 69 0 0
309 69 0 0
308 69 0 0
307 69 0 0
306 69 0 0
305 69 0 0
304 69 0 0
412 68 0 0
411 68 0 0
410 68 0 0
409 68 0 0
309 68 0 0
308 68 0 0
307 68 0 0
306 68 0 0
305 68 0 0
304 68 0 0
412 67 0 0
411 67 0 0
410 67 0 0
409 67 0 0
408 67 0 0
310 67 0 0
309 67 0 0
308 67 0 0
307 67 0 0
306 67 0 0
305 67 0 0
412 66 0 0
411 66 0 0
410 66 0 0
409 66 0 0
408 66 0 0
407 66 0 0
311 66 0 0
310 66 0 0
309 66 0 0
308 66 0 0
307 66 0 0
306 66 0 0
305 66 0 0
412 65 0 0
411 65 0 0
410 65 0 0
409 65 0 0
408 65 0 0
407 65 0 0
312 65 0 0
311 65 0 0
310 65 0 0
309 65 0 0
308 65 0 0
307 65 0 0
306 65 0 0
411 64 0 0
410 64 0 0
409 64 0 0
408 64 0 0
407 64 0 0
313 64 0 0
312 64 0 0
311 64 0 0
310 64 0 0
309 64 0 0
308 64 0 0
307 64 0 0
411 63 0 0
410 63 0 0
409 63 0 0
408 63 0 0
407 63 0 0
406 63 0 0
313 63 0 0
312 63 0 0
311 63 0 0
310 63 0 0
309 63 0 0
308 63 0 0
411 62 0 0
410 62 0 0
409 62 0 0
408 62 0 0
407 62 0 0
406 62 0 0
314 62 0 0
313 62 0 0
312 62 0 0
311 62 0 0
310 62 0 0
309 62 0 0
410 61 0 0
409 61 0 0
408 61 0 0
407 61 0 0
406 61 0 0
405 61 0 0
316 61 0 0
315 61 0 0
314 61 0 0
313 61 0 0
312 61 0 0
311 61 0 0
310 61 0 0
410 60 0 0
409 60 0 0
408 60 0 0
407 60 0 0
406 60 0 0
405 60 0 0
317 60 0 0
316 60 0 0
315 60 0 0
314 60 0 0
313 60 0 0
312 60 0 0
311 60 0 0
310 60 0 0
409 59 0 0
408 59 0 0
407 59 0 0
406 59 0 0
405 59 0 0
404 59 0 0
318 59 0 0
317 59 0 0
316 59 0 0
315 59 0 0
314 59 0 0
313 59 0 0
312 59 0 0
311 59 0 0
409 58 0 0
408 58 0 0
407 58 0 0
406 58 0 0
405 58 0 0
404 58 0 0
403 58 0 0
319 58 0 0
318 58 0 0
317 58 0 0
316 58 0 0
315 58 0 0
314 58 0 0
313 58 0 0
312 58 0 0
408 57 0 0
407 57 0 0
406 57 0 0
405 57 0 0
404 57 0 0
403 57 0 0
321 57 0 0
320 57 0 0
319 57 0 0
318 57 0 0
317 57 0 0
316 57 0 0
315 57 0 0
314 57 0 0
407 56 0 0
406 56 0 0
405 56 0 0
404 56 0 0
403 56 0 0
402 56 0 0
323 56 0 0
322 56 0 0
321 56 0 0
320 56 0 0
319 56 0 0
318 56 0 0
317 56 0 0
316 56 0 0
315 56 0 0
407 55 0 0
406 55 0 0
405 55 0 0
404 55 0 0
403 55 0 0
402 55 0 0
324 55 0 0
323 55 0 0
322 55 0 0
321 55 0 0
320 55 0 0
319 55 0 0
318 55 0 0
317 55 0 0
316 55 0 0
406 54 0 0
405 54 0 0
404 54 0 0
403 54 0 0
402 54 0 0
401 54 0 0
326 54 0 0
325 54 0 0
324 54 0 0
323 54 0 0
322 54 0 0
321 54 0 0
320 54 0 0
319 54 0 0
318 54 0 0
317 54 0 0
405 53 0 0
404 53 0 0
403 53 0 0
402 53 0 0
401 53 0 0
400 53 0 0
399 53 0 0
328 53 0 0
327 53 0 0
326 53 0 0
325 53 0 0
324 53 0 0
323 53 0 0
322 53 0 0
321 53 0 0
320 53 0 0
319 53 0 0
405 52 0 0
404 52 0 0
403 52 0 0
402 52 0 0
401 52 0 0
400 52 0 0
399 52 0 0
398 52 0 0
331 52 0 0
330 52 0 0
329 52 0 0
328 52 0 0
327 52 0 0
326 52 0 0
325 52 0 0
324 52 0 0
323 52 0 0
322 52 0 0
321 52 0 0
320 52 0 0
404 51 0 0
403 51 0 0
402 51 0 0
401 51 0 0
400 51 0 0
399 51 0 0
398 51 0 0
397 51 0 0
333 51 0 0
332 51 0 0
331 51 0 0
330 51 0 0
329 51 0 0
328 51 0 0
327 51 0 0
326 51 0 0
325 51 0 0
324 51 0 0
323 51 0 0
322 51 0 0
403 50 0 0
402 50 0 0
401 50 0 0
400 50 0 0
399 50 0 0
398 50 0 0
397 50 0 0
396 50 0 0
335 50 0 0
334 50 0 0
333 50 0 0
332 50 0 0
331 50 0 0
330 50 0 0
329 50 0 0
328 50 0 0
327 50 0 0
326 50 0 0
325 50 0 0
324 50 0 0
402 49 0 0
401 49 0 0
400 49 0 0
399 49 0 0
398 49 0 0
397 49 0 0
396 49 0 0
395 49 0 0
337 49 0 0
336 49 0 0
335 49 0 0
334 49 0 0
333 49 0 0
332 49 0 0
331 49 0 0
330 49 0 0
329 49 0 0
328 49 0 0
327 49 0 0
326 49 0 0
325 49 0 0
400 48 0 0
399 48 0 0
398 48 0 0
397 48 0 0
396 48 0 0
395 48 0 0
394 48 0 0
340 48 0 0
339 48 0 0
338 48 0 0
337 48 0 0
336 48 0 0
335 48 0 0
334 48 0 0
333 48 0 0
332 48 0 0
331 48 0 0
330 48 0 0
329 48 0 0
328 48 0 0
400 47 0 0
399 47 0 0
398 47 0 0
397 47 0 0
396 47 0 0
395 47 0 0
394 47 0 0
393 47 0 0
344 47 0 0
343 47 0 0
342 47 0 0
341 47 0 0
340 47 0 0
339 47 0 0
338 47 0 0
337 47 0 0
336 47 0 0
335 47 0 0
334 47 0 0
333 47 0 0
332 47 0 0
331 47 0 0
330 47 0 0
399 46 0 0
398 46 0 0
397 46 0 0
396 46 0 0
395 46 0 0
394 46 0 0
393 46 0 0
392 46 0 0
391 46 0 0
390 46 0 0
389 46 0 0
348 46 0 0
347 46 0 0
346 46 0 0
345 46 0 0
344 46 0 0
343 46 0 0
342 46 0 0
341 46 0 0
340 46 0 0
339 46 0 0
338 46 0 0
337 46 0 0
336 46 0 0
335 46 0 0
334 46 0 0
333 46 0 0
332 46 0 0
398 45 0 0
397 45 0 0
396 45 0 0
395 45 0 0
394 45 0 0
393 45 0 0
392 45 0 0
391 45 0 0
390 45 0 0
389 45 0 0
388 45 0 0
361 45 0 0
360 45 0 0
359 45 0 0
358 45 0 0
357 45 0 0
356 45 0 0
355 45 0 0
354 45 0 0
353 45 0 0
352 45 0 0
351 45 0 0
350 45 0 0
349 45 0 0
348 45 0 0
347 45 0 0
346 45 0 0
345 45 0 0
344 45 0 0
343 45 0 0
342 45 0 0
341 45 0 0
340 45 0 0
339 45 0 0
338 45 0 0
337 45 0 0
336 45 0 0
335 45 0 0
334 45 0 0
396 44 0 0
395 44 0 0
394 44 0 0
393 44 0 0
392 44 0 0
391 44 0 0
390 44 0 0
389 44 0 0
388 44 0 0
387 44 0 0
386 44 0 0
370 44 0 0
369 44 0 0
368 44 0 0
367 44 0 0
366 44 0 0
365 44 0 0
364 44 0 0
363 44 0 0
362 44 0 0
361 44 0 0
360 44 0 0
359 44 0 0
358 44 0 0
357 44 0 0
356 44 0 0
355 44 0 0
354 44 0 0
353 44 0 0
352 44 0 0
351 44 0 0
350 44 0 0
349 44 0 0
348 44 0 0
347 44 0 0
346 44 0 0
345 44 0 0
344 44 0 0
343 44 0 0
342 44 0 0
341 44 0 0
340 44 0 0
339 44 0 0
338 44 0 0
337 44 0 0
395 43 0 0
394 43 0 0
393 43 0 0
392 43 0 0
391 43 0 0
390 43 0 0
389 43 0 0
388 43 0 0
387 43 0 0
386 43 0 0
385 43 0 0
384 43 0 0
383 43 0 0
382 43 0 0
381 43 0 0
380 43 0 0
379 43 0 0
378 43 0 0
377 43 0 0
376 43 0 0
375 43 0 0
374 43 0 0
373 43 0 0
372 43 0 0
371 43 0 0
370 43 0 0
369 43 0 0
368 43 0 0
367 43 0 0
366 43 0 0
365 43 0 0
364 43 0 0
363 43 0 0
362 43 0 0
361 43 0 0
360 43 0 0
359 43 0 0
358 43 0 0
357 43 0 0
356 43 0 0
355 43 0 0
354 43 0 0
353 43 0 0
352 43 0 0
351 43 0 0
350 43 0 0
349 43 0 0
348 43 0 0
347 43 0 0
346 43 0 0
345 43 0 0
344 43 0 0
343 43 0 0
342 43 0 0
341 43 0 0
340 43 0 0
339 43 0 0
394 42 0 0
393 42 0 0
392 42 0 0
391 42 0 0
390 42 0 0
389 42 0 0
388 42 0 0
387 42 0 0
386 42 0 0
385 42 0 0
384 42 0 0
383 42 0 0
382 42 0 0
381 42 0 0
380 42 0 0
379 42 0 0
378 42 0 0
377 42 0 0
376 42 0 0
375 42 0 0
374 42 0 0
373 42 0 0
372 42 0 0
371 42 0 0
370 42 0 0
369 42 0 0
368 42 0 0
367 42 0 0
366 42 0 0
365 42 0 0
364 42 0 0
363 42 0 0
362 42 0 0
361 42 0 0
360 42 0 0
359 42 0 0
358 42 0 0
357 42 0 0
356 42 0 0
355 42 0 0
354 42 0 0
353 42 0 0
352 42 0 0
351 42 0 0
350 42 0 0
349 42 0 0
348 42 0 0
347 42 0 0
346 42 0 0
345 42 0 0
344 42 0 0
343 42 0 0
390 41 0 0
389 41 0 0
388 41 0 0
387 41 0 0
386 41 0 0
385 41 0 0
384 41 0 0
383 41 0 0
382 41 0 0
381 41 0 0
380 41 0 0
379 41 0 0
378 41 0 0
377 41 0 0
376 41 0 0
375 41 0 0
374 41 0 0
373 41 0 0
372 41 0 0
371 41 0 0
370 41 0 0
369 41 0 0
368 41 0 0
367 41 0 0
366 41 0 0
365 41 0 0
364 41 0 0
363 41 0 0
362 41 0 0
361 41 0 0
360 41 0 0
359 41 0 0
358 41 0 0
388 40 0 0
387 40 0 0
386 40 0 0
385 40 0 0
384 40 0 0
383 40 0 0
382 40 0 0
381 40 0 0
380 40 0 0
379 40 0 0
378 40 0 0
377 40 0 0
376 40 0 0
375 40 0 0
374 40 0 0
373 40 0 0
372 40 0 0
371 40 0 0
370 40 0 0
369 40 0 0
368 40 0 0
367 40 0 0
366 40 0 0
