5926 600 450
244 449 0 1
243 449 0 1
242 449 0 1
241 449 0 1
240 449 0 1
244 448 0 1
243 448 0 1
242 448 0 1
241 448 0 1
240 448 0 1
245 447 0 1
244 447 0 1
243 447 0 1
242 447 0 1
241 447 0 1
240 447 0 1
245 446 0 1
244 446 0 1
243 446 0 1
242 446 0 1
241 446 0 1
240 446 0 1
245 445 0 1
244 445 0 1
243 445 0 1
242 445 0 1
241 445 0 1
246 444 0 1
245 444 0 1
244 444 0 1
243 444 0 1
242 444 0 1
241 444 0 1
246 443 0 1
245 443 0 1
244 443 0 1
243 443 0 1
242 443 0 1
247 442 0 1
246 442 0 1
245 442 0 1
244 442 0 1
243 442 0 1
242 442 0 1
247 441 0 1
246 441 0 1
245 441 0 1
244 441 0 1
243 441 0 1
242 441 0 1
247 440 0 1
246 440 0 1
245 440 0 1
244 440 0 1
243 440 0 1
248 439 0 1
247 439 0 1
246 439 0 1
245 439 0 1
244 439 0 1
243 439 0 1
248 438 0 1
247 438 0 1
246 438 0 1
245 438 0 1
244 438 0 1
249 437 0 1
248 437 0 1
247 437 0 1
246 437 0 1
245 437 0 1
244 437 0 1
249 436 0 1
248 436 0 1
247 436 0 1
246 436 0 1
245 436 0 1
250 435 0 1
249 435 0 1
248 435 0 1
247 435 0 1
246 435 0 1
245 435 0 1
250 434 0 1
249 434 0 1
248 434 0 1
247 434 0 1
246 434 0 1
245 434 0 1
250 433 0 1
249 433 0 1
248 433 0 1
247 433 0 1
246 433 0 1
250 432 0 1
249 432 0 1
248 432 0 1
247 432 0 1
246 432 0 1
251 431 0 1
250 431 0 1
249 431 0 1
248 431 0 1
247 431 0 1
246 431 0 1
531 430 0 1
530 430 0 1
529 430 0 1
528 430 0 1
527 430 0 1
526 430 0 1
525 430 0 1
524 430 0 1
523 430 0 1
522 430 0 1
521 430 0 1
520 430 0 1
519 430 0 1
518 430 0 1
517 430 0 1
516 430 0 1
515 430 0 1
514 430 0 1
513 430 0 1
512 430 0 1
511 430 0 1
510 430 0 1
509 430 0 1
508 430 0 1
507 430 0 1
506 430 0 1
505 430 0 1
504 430 0 1
503 430 0 1
502 430 0 1
501 430 0 1
500 430 0 1
499 430 0 1
498 430 0 1
497 430 0 1
496 430 0 1
495 430 0 1
494 430 0 1
493 430 0 1
492 430 0 1
491 430 0 1
490 430 0 1
489 430 0 1
488 430 0 1
487 430 0 1
486 430 0 1
485 430 0 1
484 430 0 1
483 430 0 1
482 430 0 1
481 430 0 1
480 430 0 1
479 430 0 1
478 430 0 1
477 430 0 1
476 430 0 1
475 430 0 1
474 430 0 1
473 430 0 1
472 430 0 1
471 430 0 1
470 430 0 1
469 430 0 1
468 430 0 1
467 430 0 1
466 430 0 1
465 430 0 1
464 430 0 1
251 430 0 1
250 430 0 1
249 430 0 1
248 430 0 1
247 430 0 1
246 430 0 1
531 429 0 1
530 429 0 1
529 429 0 1
528 429 0 1
527 429 0 1
526 429 0 1
525 429 0 1
524 429 0 1
523 429 0 1
522 429 0 1
521 429 0 1
520 429 0 1
519 429 0 1
518 429 0 1
517 429 0 1
516 429 0 1
515 429 0 1
514 429 0 1
513 429 0 1
512 429 0 1
511 429 0 1
510 429 0 1
509 429 0 1
508 429 0 1
507 429 0 1
506 429 0 1
505 429 0 1
504 429 0 1
503 429 0 1
502 429 0 1
501 429 0 1
500 429 0 1
499 429 0 1
498 429 0 1
497 429 0 1
496 429 0 1
495 429 0 1
494 429 0 1
493 429 0 1
492 429 0 1
491 429 0 1
490 429 0 1
489 429 0 1
488 429 0 1
487 429 0 1
486 429 0 1
485 429 0 1
484 429 0 1
483 429 0 1
482 429 0 1
481 429 0 1
480 429 0 1
479 429 0 1
478 429 0 1
477 429 0 1
476 429 0 1
475 429 0 1
474 429 0 1
473 429 0 1
472 429 0 1
471 429 0 1
470 429 0 1
469 429 0 1
468 429 0 1
467 429 0 1
466 429 0 1
465 429 0 1
464 429 0 1
463 429 0 1
462 429 0 1
461 429 0 1
460 429 0 1
459 429 0 1
458 429 0 1
457 429 0 1
456 429 0 1
455 429 0 1
454 429 0 1
453 429 0 1
452 429 0 1
451 429 0 1
251 429 0 1
250 429 0 1
249 429 0 1
248 429 0 1
247 429 0 1
531 428 0 1
530 428 0 1
529 428 0 1
528 428 0 1
527 428 0 1
526 428 0 1
525 428 0 1
524 428 0 1
523 428 0 1
522 428 0 1
521 428 0 1
520 428 0 1
519 428 0 1
518 428 0 1
517 428 0 1
516 428 0 1
515 428 0 1
514 428 0 1
513 428 0 1
512 428 0 1
511 428 0 1
510 428 0 1
509 428 0 1
508 428 0 1
507 428 0 1
506 428 0 1
505 428 0 1
504 428 0 1
503 428 0 1
502 428 0 1
501 428 0 1
500 428 0 1
499 428 0 1
498 428 0 1
497 428 0 1
496 428 0 1
495 428 0 1
494 428 0 1
493 428 0 1
492 428 0 1
491 428 0 1
490 428 0 1
489 428 0 1
488 428 0 1
487 428 0 1
486 428 0 1
485 428 0 1
484 428 0 1
483 428 0 1
482 428 0 1
481 428 0 1
480 428 0 1
479 428 0 1
478 428 0 1
477 428 0 1
476 428 0 1
475 428 0 1
474 428 0 1
473 428 0 1
472 428 0 1
471 428 0 1
470 428 0 1
469 428 0 1
468 428 0 1
467 428 0 1
466 428 0 1
465 428 0 1
464 428 0 1
463 428 0 1
462 428 0 1
461 428 0 1
460 428 0 1
459 428 0 1
458 428 0 1
457 428 0 1
456 428 0 1
455 428 0 1
454 428 0 1
453 428 0 1
452 428 0 1
451 428 0 1
450 428 0 1
449 428 0 1
448 428 0 1
447 428 0 1
446 428 0 1
445 428 0 1
444 428 0 1
443 428 0 1
442 428 0 1
441 428 0 1
440 428 0 1
439 428 0 1
438 428 0 1
437 428 0 1
436 428 0 1
435 428 0 1
434 428 0 1
433 428 0 1
432 428 0 1
431 428 0 1
430 428 0 1
429 428 0 1
251 428 0 1
250 428 0 1
249 428 0 1
248 428 0 1
247 428 0 1
531 427 0 1
530 427 0 1
529 427 0 1
528 427 0 1
527 427 0 1
526 427 0 1
525 427 0 1
524 427 0 1
523 427 0 1
522 427 0 1
521 427 0 1
520 427 0 1
519 427 0 1
518 427 0 1
517 427 0 1
516 427 0 1
515 427 0 1
514 427 0 1
513 427 0 1
512 427 0 1
511 427 0 1
510 427 0 1
509 427 0 1
508 427 0 1
507 427 0 1
506 427 0 1
505 427 0 1
504 427 0 1
503 427 0 1
502 427 0 1
501 427 0 1
500 427 0 1
499 427 0 1
498 427 0 1
497 427 0 1
496 427 0 1
495 427 0 1
494 427 0 1
493 427 0 1
492 427 0 1
491 427 0 1
490 427 0 1
489 427 0 1
488 427 0 1
487 427 0 1
486 427 0 1
485 427 0 1
484 427 0 1
483 427 0 1
482 427 0 1
481 427 0 1
480 427 0 1
479 427 0 1
478 427 0 1
477 427 0 1
476 427 0 1
475 427 0 1
474 427 0 1
473 427 0 1
472 427 0 1
471 427 0 1
470 427 0 1
469 427 0 1
468 427 0 1
467 427 0 1
466 427 0 1
465 427 0 1
464 427 0 1
463 427 0 1
462 427 0 1
461 427 0 1
460 427 0 1
459 427 0 1
458 427 0 1
457 427 0 1
456 427 0 1
455 427 0 1
454 427 0 1
453 427 0 1
452 427 0 1
451 427 0 1
450 427 0 1
449 427 0 1
448 427 0 1
447 427 0 1
446 427 0 1
445 427 0 1
444 427 0 1
443 427 0 1
442 427 0 1
441 427 0 1
440 427 0 1
439 427 0 1
438 427 0 1
437 427 0 1
436 427 0 1
435 427 0 1
434 427 0 1
433 427 0 1
432 427 0 1
431 427 0 1
430 427 0 1
429 427 0 1
428 427 0 1
427 427 0 1
426 427 0 1
425 427 0 1
424 427 0 1
423 427 0 1
422 427 0 1
421 427 0 1
420 427 0 1
252 427 0 1
251 427 0 1
250 427 0 1
249 427 0 1
248 427 0 1
247 427 0 1
475 426 0 1
474 426 0 1
473 426 0 1
472 426 0 1
471 426 0 1
470 426 0 1
469 426 0 1
468 426 0 1
467 426 0 1
466 426 0 1
465 426 0 1
464 426 0 1
463 426 0 1
462 426 0 1
461 426 0 1
460 426 0 1
459 426 0 1
458 426 0 1
457 426 0 1
456 426 0 1
455 426 0 1
454 426 0 1
453 426 0 1
452 426 0 1
451 426 0 1
450 426 0 1
449 426 0 1
448 426 0 1
447 426 0 1
446 426 0 1
445 426 0 1
444 426 0 1
443 426 0 1
442 426 0 1
441 426 0 1
440 426 0 1
439 426 0 1
438 426 0 1
437 426 0 1
436 426 0 1
435 426 0 1
434 426 0 1
433 426 0 1
432 426 0 1
431 426 0 1
430 426 0 1
429 426 0 1
428 426 0 1
427 426 0 1
426 426 0 1
425 426 0 1
424 426 0 1
423 426 0 1
422 426 0 1
421 426 0 1
420 426 0 1
419 426 0 1
418 426 0 1
417 426 0 1
416 426 0 1
415 426 0 1
414 426 0 1
413 426 0 1
412 426 0 1
411 426 0 1
410 426 0 1
409 426 0 1
252 426 0 1
251 426 0 1
250 426 0 1
249 426 0 1
248 426 0 1
247 426 0 1
463 425 0 1
462 425 0 1
461 425 0 1
460 425 0 1
459 425 0 1
458 425 0 1
457 425 0 1
456 425 0 1
455 425 0 1
454 425 0 1
453 425 0 1
452 425 0 1
451 425 0 1
450 425 0 1
449 425 0 1
448 425 0 1
447 425 0 1
446 425 0 1
445 425 0 1
444 425 0 1
443 425 0 1
442 425 0 1
441 425 0 1
440 425 0 1
439 425 0 1
438 425 0 1
437 425 0 1
436 425 0 1
435 425 0 1
434 425 0 1
433 425 0 1
432 425 0 1
431 425 0 1
430 425 0 1
429 425 0 1
428 425 0 1
427 425 0 1
426 425 0 1
425 425 0 1
424 425 0 1
423 425 0 1
422 425 0 1
421 425 0 1
420 425 0 1
419 425 0 1
418 425 0 1
417 425 0 1
416 425 0 1
415 425 0 1
414 425 0 1
413 425 0 1
412 425 0 1
411 425 0 1
410 425 0 1
409 425 0 1
408 425 0 1
407 425 0 1
406 425 0 1
405 425 0 1
404 425 0 1
403 425 0 1
402 425 0 1
252 425 0 1
251 425 0 1
250 425 0 1
249 425 0 1
248 425 0 1
439 424 0 1
438 424 0 1
437 424 0 1
436 424 0 1
435 424 0 1
434 424 0 1
433 424 0 1
432 424 0 1
431 424 0 1
430 424 0 1
429 424 0 1
428 424 0 1
427 424 0 1
426 424 0 1
425 424 0 1
424 424 0 1
423 424 0 1
422 424 0 1
421 424 0 1
420 424 0 1
419 424 0 1
418 424 0 1
417 424 0 1
416 424 0 1
415 424 0 1
414 424 0 1
413 424 0 1
412 424 0 1
411 424 0 1
410 424 0 1
409 424 0 1
408 424 0 1
407 424 0 1
406 424 0 1
405 424 0 1
404 424 0 1
403 424 0 1
402 424 0 1
401 424 0 1
400 424 0 1
399 424 0 1
398 424 0 1
397 424 0 1
253 424 0 1
252 424 0 1
251 424 0 1
250 424 0 1
249 424 0 1
248 424 0 1
428 423 0 1
427 423 0 1
426 423 0 1
425 423 0 1
424 423 0 1
423 423 0 1
422 423 0 1
421 423 0 1
420 423 0 1
419 423 0 1
418 423 0 1
417 423 0 1
416 423 0 1
415 423 0 1
414 423 0 1
413 423 0 1
412 423 0 1
411 423 0 1
410 423 0 1
409 423 0 1
408 423 0 1
407 423 0 1
406 423 0 1
405 423 0 1
404 423 0 1
403 423 0 1
402 423 0 1
401 423 0 1
400 423 0 1
399 423 0 1
398 423 0 1
397 423 0 1
396 423 0 1
395 423 0 1
394 423 0 1
393 423 0 1
392 423 0 1
391 423 0 1
390 423 0 1
389 423 0 1
253 423 0 1
252 423 0 1
251 423 0 1
250 423 0 1
249 423 0 1
248 423 0 1
413 422 0 1
412 422 0 1
411 422 0 1
410 422 0 1
409 422 0 1
408 422 0 1
407 422 0 1
406 422 0 1
405 422 0 1
404 422 0 1
403 422 0 1
402 422 0 1
401 422 0 1
400 422 0 1
399 422 0 1
398 422 0 1
397 422 0 1
396 422 0 1
395 422 0 1
394 422 0 1
393 422 0 1
392 422 0 1
391 422 0 1
390 422 0 1
389 422 0 1
388 422 0 1
387 422 0 1
386 422 0 1
385 422 0 1
384 422 0 1
383 422 0 1
382 422 0 1
381 422 0 1
380 422 0 1
379 422 0 1
378 422 0 1
377 422 0 1
376 422 0 1
375 422 0 1
374 422 0 1
355 422 0 1
354 422 0 1
353 422 0 1
352 422 0 1
253 422 0 1
252 422 0 1
251 422 0 1
250 422 0 1
249 422 0 1
407 421 0 1
406 421 0 1
405 421 0 1
404 421 0 1
403 421 0 1
402 421 0 1
401 421 0 1
400 421 0 1
399 421 0 1
398 421 0 1
397 421 0 1
396 421 0 1
395 421 0 1
394 421 0 1
393 421 0 1
392 421 0 1
391 421 0 1
390 421 0 1
389 421 0 1
388 421 0 1
387 421 0 1
386 421 0 1
385 421 0 1
384 421 0 1
383 421 0 1
382 421 0 1
381 421 0 1
380 421 0 1
379 421 0 1
378 421 0 1
377 421 0 1
376 421 0 1
375 421 0 1
374 421 0 1
373 421 0 1
372 421 0 1
371 421 0 1
370 421 0 1
369 421 0 1
368 421 0 1
367 421 0 1
366 421 0 1
365 421 0 1
364 421 0 1
363 421 0 1
362 421 0 1
361 421 0 1
360 421 0 1
359 421 0 1
358 421 0 1
357 421 0 1
356 421 0 1
355 421 0 1
354 421 0 1
353 421 0 1
352 421 0 1
254 421 0 1
253 421 0 1
252 421 0 1
251 421 0 1
250 421 0 1
249 421 0 1
402 420 0 1
401 420 0 1
400 420 0 1
399 420 0 1
398 420 0 1
397 420 0 1
396 420 0 1
395 420 0 1
394 420 0 1
393 420 0 1
392 420 0 1
391 420 0 1
390 420 0 1
389 420 0 1
388 420 0 1
387 420 0 1
386 420 0 1
385 420 0 1
384 420 0 1
383 420 0 1
382 420 0 1
381 420 0 1
380 420 0 1
379 420 0 1
378 420 0 1
377 420 0 1
376 420 0 1
375 420 0 1
374 420 0 1
373 420 0 1
372 420 0 1
371 420 0 1
370 420 0 1
369 420 0 1
368 420 0 1
367 420 0 1
366 420 0 1
365 420 0 1
364 420 0 1
363 420 0 1
362 420 0 1
361 420 0 1
360 420 0 1
359 420 0 1
358 420 0 1
357 420 0 1
356 420 0 1
355 420 0 1
354 420 0 1
353 420 0 1
352 420 0 1
254 420 0 1
253 420 0 1
252 420 0 1
251 420 0 1
250 420 0 1
249 420 0 1
396 419 0 1
395 419 0 1
394 419 0 1
393 419 0 1
392 419 0 1
391 419 0 1
390 419 0 1
389 419 0 1
388 419 0 1
387 419 0 1
386 419 0 1
385 419 0 1
384 419 0 1
383 419 0 1
382 419 0 1
381 419 0 1
380 419 0 1
379 419 0 1
378 419 0 1
377 419 0 1
376 419 0 1
375 419 0 1
374 419 0 1
373 419 0 1
372 419 0 1
371 419 0 1
370 419 0 1
369 419 0 1
368 419 0 1
367 419 0 1
366 419 0 1
365 419 0 1
364 419 0 1
363 419 0 1
362 419 0 1
361 419 0 1
360 419 0 1
359 419 0 1
358 419 0 1
357 419 0 1
356 419 0 1
355 419 0 1
354 419 0 1
353 419 0 1
352 419 0 1
254 419 0 1
253 419 0 1
252 419 0 1
251 419 0 1
250 419 0 1
380 418 0 1
379 418 0 1
378 418 0 1
377 418 0 1
376 418 0 1
375 418 0 1
374 418 0 1
373 418 0 1
372 418 0 1
371 418 0 1
370 418 0 1
369 418 0 1
368 418 0 1
367 418 0 1
366 418 0 1
365 418 0 1
364 418 0 1
363 418 0 1
362 418 0 1
361 418 0 1
360 418 0 1
359 418 0 1
358 418 0 1
357 418 0 1
356 418 0 1
355 418 0 1
354 418 0 1
353 418 0 1
352 418 0 1
255 418 0 1
254 418 0 1
253 418 0 1
252 418 0 1
251 418 0 1
250 418 0 1
255 417 0 1
254 417 0 1
253 417 0 1
252 417 0 1
251 417 0 1
250 417 0 1
256 416 0 1
255 416 0 1
254 416 0 1
253 416 0 1
252 416 0 1
251 416 0 1
257 415 0 1
256 415 0 1
255 415 0 1
254 415 0 1
253 415 0 1
252 415 0 1
257 414 0 1
256 414 0 1
255 414 0 1
254 414 0 1
253 414 0 1
252 414 0 1
258 413 0 1
257 413 0 1
256 413 0 1
255 413 0 1
254 413 0 1
253 413 0 1
259 412 0 1
258 412 0 1
257 412 0 1
256 412 0 1
255 412 0 1
254 412 0 1
259 411 0 1
258 411 0 1
257 411 0 1
256 411 0 1
255 411 0 1
254 411 0 1
260 410 0 1
259 410 0 1
258 410 0 1
257 410 0 1
256 410 0 1
255 410 0 1
260 409 0 1
259 409 0 1
258 409 0 1
257 409 0 1
256 409 0 1
255 409 0 1
261 408 0 1
260 408 0 1
259 408 0 1
258 408 0 1
257 408 0 1
256 408 0 1
261 407 0 1
260 407 0 1
259 407 0 1
258 407 0 1
257 407 0 1
256 407 0 1
262 406 0 1
261 406 0 1
260 406 0 1
259 406 0 1
258 406 0 1
257 406 0 1
262 405 0 1
261 405 0 1
260 405 0 1
259 405 0 1
258 405 0 1
257 405 0 1
262 404 0 1
261 404 0 1
260 404 0 1
259 404 0 1
258 404 0 1
263 403 0 1
262 403 0 1
261 403 0 1
260 403 0 1
259 403 0 1
258 403 0 1
263 402 0 1
262 402 0 1
261 402 0 1
260 402 0 1
259 402 0 1
258 402 0 1
263 401 0 1
262 401 0 1
261 401 0 1
260 401 0 1
259 401 0 1
264 400 0 1
263 400 0 1
262 400 0 1
261 400 0 1
260 400 0 1
259 400 0 1
264 399 0 1
263 399 0 1
262 399 0 1
261 399 0 1
260 399 0 1
259 399 0 1
265 398 0 1
264 398 0 1
263 398 0 1
262 398 0 1
261 398 0 1
260 398 0 1
266 397 0 1
265 397 0 1
264 397 0 1
263 397 0 1
262 397 0 1
261 397 0 1
266 396 0 1
265 396 0 1
264 396 0 1
263 396 0 1
262 396 0 1
261 396 0 1
267 395 0 1
266 395 0 1
265 395 0 1
264 395 0 1
263 395 0 1
262 395 0 1
268 394 0 1
267 394 0 1
266 394 0 1
265 394 0 1
264 394 0 1
263 394 0 1
268 393 0 1
267 393 0 1
266 393 0 1
265 393 0 1
264 393 0 1
263 393 0 1
269 392 0 1
268 392 0 1
267 392 0 1
266 392 0 1
265 392 0 1
264 392 0 1
269 391 0 1
268 391 0 1
267 391 0 1
266 391 0 1
265 391 0 1
264 391 0 1
270 390 0 1
269 390 0 1
268 390 0 1
267 390 0 1
266 390 0 1
265 390 0 1
270 389 0 1
269 389 0 1
268 389 0 1
267 389 0 1
266 389 0 1
265 389 0 1
271 388 0 1
270 388 0 1
269 388 0 1
268 388 0 1
267 388 0 1
266 388 0 1
271 387 0 1
270 387 0 1
269 387 0 1
268 387 0 1
267 387 0 1
266 387 0 1
272 386 0 1
271 386 0 1
270 386 0 1
269 386 0 1
268 386 0 1
267 386 0 1
273 385 0 1
272 385 0 1
271 385 0 1
270 385 0 1
269 385 0 1
268 385 0 1
267 385 0 1
273 384 0 1
272 384 0 1
271 384 0 1
270 384 0 1
269 384 0 1
268 384 0 1
274 383 0 1
273 383 0 1
272 383 0 1
271 383 0 1
270 383 0 1
269 383 0 1
275 382 0 1
274 382 0 1
273 382 0 1
272 382 0 1
271 382 0 1
270 382 0 1
269 382 0 1
276 381 0 1
275 381 0 1
274 381 0 1
273 381 0 1
272 381 0 1
271 381 0 1
270 381 0 1
276 380 0 1
275 380 0 1
274 380 0 1
273 380 0 1
272 380 0 1
271 380 0 1
277 379 0 1
276 379 0 1
275 379 0 1
274 379 0 1
273 379 0 1
272 379 0 1
278 378 0 1
277 378 0 1
276 378 0 1
275 378 0 1
274 378 0 1
273 378 0 1
272 378 0 1
279 377 0 1
278 377 0 1
277 377 0 1
276 377 0 1
275 377 0 1
274 377 0 1
273 377 0 1
280 376 0 1
279 376 0 1
278 376 0 1
277 376 0 1
276 376 0 1
275 376 0 1
274 376 0 1
599 375 0 0
598 375 0 0
597 375 0 0
596 375 0 0
595 375 0 0
280 375 0 1
279 375 0 1
278 375 0 1
277 375 0 1
276 375 0 1
275 375 0 1
599 374 0 0
598 374 0 0
597 374 0 0
596 374 0 0
595 374 0 0
594 374 0 0
593 374 0 0
592 374 0 0
281 374 0 1
280 374 0 1
279 374 0 1
278 374 0 1
277 374 0 1
276 374 0 1
275 374 0 1
599 373 0 0
598 373 0 0
597 373 0 0
596 373 0 0
595 373 0 0
594 373 0 0
593 373 0 0
592 373 0 0
591 373 0 0
590 373 0 0
589 373 0 0
283 373 0 1
282 373 0 1
281 373 0 1
280 373 0 1
279 373 0 1
278 373 0 1
277 373 0 1
276 373 0 1
599 372 0 0
598 372 0 0
597 372 0 0
596 372 0 0
595 372 0 0
594 372 0 0
593 372 0 0
592 372 0 0
591 372 0 0
590 372 0 0
589 372 0 0
588 372 0 0
587 372 0 0
586 372 0 0
284 372 0 1
283 372 0 1
282 372 0 1
281 372 0 1
280 372 0 1
279 372 0 1
278 372 0 1
277 372 0 1
599 371 0 0
598 371 0 0
597 371 0 0
596 371 0 0
595 371 0 0
594 371 0 0
593 371 0 0
592 371 0 0
591 371 0 0
590 371 0 0
589 371 0 0
588 371 0 0
587 371 0 0
586 371 0 0
585 371 0 0
584 371 0 0
583 371 0 0
285 371 0 1
284 371 0 1
283 371 0 1
282 371 0 1
281 371 0 1
280 371 0 1
279 371 0 1
278 371 0 1
596 370 0 0
595 370 0 0
594 370 0 0
593 370 0 0
592 370 0 0
591 370 0 0
590 370 0 0
589 370 0 0
588 370 0 0
587 370 0 0
586 370 0 0
585 370 0 0
584 370 0 0
583 370 0 0
582 370 0 0
581 370 0 0
580 370 0 0
286 370 0 1
285 370 0 1
284 370 0 1
283 370 0 1
282 370 0 1
281 370 0 1
280 370 0 1
279 370 0 1
593 369 0 0
592 369 0 0
591 369 0 0
590 369 0 0
589 369 0 0
588 369 0 0
587 369 0 0
586 369 0 0
585 369 0 0
584 369 0 0
583 369 0 0
582 369 0 0
581 369 0 0
580 369 0 0
579 369 0 0
578 369 0 0
577 369 0 0
576 369 0 0
575 369 0 0
574 369 0 0
573 369 0 0
572 369 0 0
571 369 0 0
570 369 0 0
287 369 0 1
286 369 0 1
285 369 0 1
284 369 0 1
283 369 0 1
282 369 0 1
281 369 0 1
280 369 0 1
590 368 0 0
589 368 0 0
588 368 0 0
587 368 0 0
586 368 0 0
585 368 0 0
584 368 0 0
583 368 0 0
582 368 0 0
581 368 0 0
580 368 0 0
579 368 0 0
578 368 0 0
577 368 0 0
576 368 0 0
575 368 0 0
574 368 0 0
573 368 0 0
572 368 0 0
571 368 0 0
570 368 0 0
569 368 0 0
568 368 0 0
567 368 0 0
566 368 0 0
565 368 0 0
289 368 0 1
288 368 0 1
287 368 0 1
286 368 0 1
285 368 0 1
284 368 0 1
283 368 0 1
282 368 0 1
587 367 0 0
586 367 0 0
585 367 0 0
584 367 0 0
583 367 0 0
582 367 0 0
581 367 0 0
580 367 0 0
579 367 0 0
578 367 0 0
577 367 0 0
576 367 0 0
575 367 0 0
574 367 0 0
573 367 0 0
572 367 0 0
571 367 0 0
570 367 0 0
569 367 0 0
568 367 0 0
567 367 0 0
566 367 0 0
565 367 0 0
564 367 0 0
563 367 0 0
562 367 0 0
561 367 0 0
290 367 0 1
289 367 0 1
288 367 0 1
287 367 0 1
286 367 0 1
285 367 0 1
284 367 0 1
283 367 0 1
584 366 0 0
583 366 0 0
582 366 0 0
581 366 0 0
580 366 0 0
579 366 0 0
578 366 0 0
577 366 0 0
576 366 0 0
575 366 0 0
574 366 0 0
573 366 0 0
572 366 0 0
571 366 0 0
570 366 0 0
569 366 0 0
568 366 0 0
567 366 0 0
566 366 0 0
565 366 0 0
564 366 0 0
563 366 0 0
562 366 0 0
561 366 0 0
560 366 0 0
559 366 0 0
558 366 0 0
557 366 0 0
292 366 0 1
291 366 0 1
290 366 0 1
289 366 0 1
288 366 0 1
287 366 0 1
286 366 0 1
285 366 0 1
284 366 0 1
580 365 0 0
579 365 0 0
578 365 0 0
577 365 0 0
576 365 0 0
575 365 0 0
574 365 0 0
573 365 0 0
572 365 0 0
571 365 0 0
570 365 0 0
569 365 0 0
568 365 0 0
567 365 0 0
566 365 0 0
565 365 0 0
564 365 0 0
563 365 0 0
562 365 0 0
561 365 0 0
560 365 0 0
559 365 0 0
558 365 0 0
557 365 0 0
556 365 0 0
555 365 0 0
554 365 0 0
553 365 0 0
293 365 0 1
292 365 0 1
291 365 0 1
290 365 0 1
289 365 0 1
288 365 0 1
287 365 0 1
286 365 0 1
285 365 0 1
570 364 0 0
569 364 0 0
568 364 0 0
567 364 0 0
566 364 0 0
565 364 0 0
564 364 0 0
563 364 0 0
562 364 0 0
561 364 0 0
560 364 0 0
559 364 0 0
558 364 0 0
557 364 0 0
556 364 0 0
555 364 0 0
554 364 0 0
553 364 0 0
552 364 0 0
551 364 0 0
294 364 0 1
293 364 0 1
292 364 0 1
291 364 0 1
290 364 0 1
289 364 0 1
288 364 0 1
287 364 0 1
286 364 0 1
566 363 0 0
565 363 0 0
564 363 0 0
563 363 0 0
562 363 0 0
561 363 0 0
560 363 0 0
559 363 0 0
558 363 0 0
557 363 0 0
556 363 0 0
555 363 0 0
554 363 0 0
553 363 0 0
552 363 0 0
551 363 0 0
550 363 0 0
549 363 0 0
294 363 0 1
293 363 0 1
292 363 0 1
291 363 0 1
290 363 0 1
289 363 0 1
288 363 0 1
562 362 0 0
561 362 0 0
560 362 0 0
559 362 0 0
558 362 0 0
557 362 0 0
556 362 0 0
555 362 0 0
554 362 0 0
553 362 0 0
552 362 0 0
551 362 0 0
550 362 0 0
549 362 0 0
548 362 0 0
547 362 0 0
295 362 0 1
294 362 0 1
293 362 0 1
292 362 0 1
291 362 0 1
290 362 0 1
289 362 0 1
558 361 0 0
557 361 0 0
556 361 0 0
555 361 0 0
554 361 0 0
553 361 0 0
552 361 0 0
551 361 0 0
550 361 0 0
549 361 0 0
548 361 0 0
547 361 0 0
546 361 0 0
545 361 0 0
296 361 0 1
295 361 0 1
294 361 0 1
293 361 0 1
292 361 0 1
291 361 0 1
554 360 0 0
553 360 0 0
552 360 0 0
551 360 0 0
550 360 0 0
549 360 0 0
548 360 0 0
547 360 0 0
546 360 0 0
545 360 0 0
544 360 0 0
543 360 0 0
542 360 0 0
541 360 0 0
540 360 0 0
297 360 0 1
296 360 0 1
295 360 0 1
294 360 0 1
293 360 0 1
292 360 0 1
291 360 0 1
552 359 0 0
551 359 0 0
550 359 0 0
549 359 0 0
548 359 0 0
547 359 0 0
546 359 0 0
545 359 0 0
544 359 0 0
543 359 0 0
542 359 0 0
541 359 0 0
540 359 0 0
539 359 0 0
538 359 0 0
537 359 0 0
536 359 0 0
535 359 0 0
298 359 0 1
297 359 0 1
296 359 0 1
295 359 0 1
294 359 0 1
293 359 0 1
292 359 0 1
550 358 0 0
549 358 0 0
548 358 0 0
547 358 0 0
546 358 0 0
545 358 0 0
544 358 0 0
543 358 0 0
542 358 0 0
541 358 0 0
540 358 0 0
539 358 0 0
538 358 0 0
537 358 0 0
536 358 0 0
535 358 0 0
534 358 0 0
533 358 0 0
532 358 0 0
531 358 0 0
530 358 0 0
529 358 0 0
299 358 0 1
298 358 0 1
297 358 0 1
296 358 0 1
295 358 0 1
294 358 0 1
293 358 0 1
548 357 0 0
547 357 0 0
546 357 0 0
545 357 0 0
544 357 0 0
543 357 0 0
542 357 0 0
541 357 0 0
540 357 0 0
539 357 0 0
538 357 0 0
537 357 0 0
536 357 0 0
535 357 0 0
534 357 0 0
533 357 0 0
532 357 0 0
531 357 0 0
530 357 0 0
529 357 0 0
528 357 0 0
527 357 0 0
526 357 0 0
525 357 0 0
524 357 0 0
523 357 0 0
300 357 0 1
299 357 0 1
298 357 0 1
297 357 0 1
296 357 0 1
295 357 0 1
294 357 0 1
545 356 0 0
544 356 0 0
543 356 0 0
542 356 0 0
541 356 0 0
540 356 0 0
539 356 0 0
538 356 0 0
537 356 0 0
536 356 0 0
535 356 0 0
534 356 0 0
533 356 0 0
532 356 0 0
531 356 0 0
530 356 0 0
529 356 0 0
528 356 0 0
527 356 0 0
526 356 0 0
525 356 0 0
524 356 0 0
523 356 0 0
522 356 0 0
521 356 0 0
520 356 0 0
519 356 0 0
518 356 0 0
300 356 0 1
299 356 0 1
298 356 0 1
297 356 0 1
296 356 0 1
295 356 0 1
540 355 0 0
539 355 0 0
538 355 0 0
537 355 0 0
536 355 0 0
535 355 0 0
534 355 0 0
533 355 0 0
532 355 0 0
531 355 0 0
530 355 0 0
529 355 0 0
528 355 0 0
527 355 0 0
526 355 0 0
525 355 0 0
524 355 0 0
523 355 0 0
522 355 0 0
521 355 0 0
520 355 0 0
519 355 0 0
518 355 0 0
517 355 0 0
516 355 0 0
515 355 0 0
514 355 0 0
513 355 0 0
301 355 0 1
300 355 0 1
299 355 0 1
298 355 0 1
297 355 0 1
296 355 0 1
534 354 0 0
533 354 0 0
532 354 0 0
531 354 0 0
530 354 0 0
529 354 0 0
528 354 0 0
527 354 0 0
526 354 0 0
525 354 0 0
524 354 0 0
523 354 0 0
522 354 0 0
521 354 0 0
520 354 0 0
519 354 0 0
518 354 0 0
517 354 0 0
516 354 0 0
515 354 0 0
514 354 0 0
513 354 0 0
512 354 0 0
511 354 0 0
510 354 0 0
509 354 0 0
508 354 0 0
302 354 0 1
301 354 0 1
300 354 0 1
299 354 0 1
298 354 0 1
297 354 0 1
296 354 0 1
528 353 0 0
527 353 0 0
526 353 0 0
525 353 0 0
524 353 0 0
523 353 0 0
522 353 0 0
521 353 0 0
520 353 0 0
519 353 0 0
518 353 0 0
517 353 0 0
516 353 0 0
515 353 0 0
514 353 0 0
513 353 0 0
512 353 0 0
511 353 0 0
510 353 0 0
509 353 0 0
508 353 0 0
507 353 0 0
506 353 0 0
505 353 0 0
504 353 0 0
503 353 0 0
502 353 0 0
501 353 0 0
500 353 0 0
499 353 0 0
498 353 0 0
497 353 0 0
496 353 0 0
495 353 0 0
494 353 0 0
493 353 0 0
492 353 0 0
491 353 0 0
490 353 0 0
489 353 0 0
488 353 0 0
487 353 0 0
486 353 0 0
485 353 0 0
484 353 0 0
483 353 0 0
482 353 0 0
481 353 0 0
480 353 0 0
479 353 0 0
478 353 0 0
477 353 0 0
476 353 0 0
475 353 0 0
474 353 0 0
473 353 0 0
472 353 0 0
471 353 0 0
470 353 0 0
469 353 0 0
468 353 0 0
467 353 0 0
466 353 0 0
465 353 0 0
464 353 0 0
463 353 0 0
462 353 0 0
461 353 0 0
460 353 0 0
459 353 0 0
302 353 0 1
301 353 0 1
300 353 0 1
299 353 0 1
298 353 0 1
297 353 0 1
523 352 0 0
522 352 0 0
521 352 0 0
520 352 0 0
519 352 0 0
518 352 0 0
517 352 0 0
516 352 0 0
515 352 0 0
514 352 0 0
513 352 0 0
512 352 0 0
511 352 0 0
510 352 0 0
509 352 0 0
508 352 0 0
507 352 0 0
506 352 0 0
505 352 0 0
504 352 0 0
503 352 0 0
502 352 0 0
501 352 0 0
500 352 0 0
499 352 0 0
498 352 0 0
497 352 0 0
496 352 0 0
495 352 0 0
494 352 0 0
493 352 0 0
492 352 0 0
491 352 0 0
490 352 0 0
489 352 0 0
488 352 0 0
487 352 0 0
486 352 0 0
485 352 0 0
484 352 0 0
483 352 0 0
482 352 0 0
481 352 0 0
480 352 0 0
479 352 0 0
478 352 0 0
477 352 0 0
476 352 0 0
475 352 0 0
474 352 0 0
473 352 0 0
472 352 0 0
471 352 0 0
470 352 0 0
469 352 0 0
468 352 0 0
467 352 0 0
466 352 0 0
465 352 0 0
464 352 0 0
463 352 0 0
462 352 0 0
461 352 0 0
460 352 0 0
459 352 0 0
303 352 0 1
302 352 0 1
301 352 0 1
300 352 0 1
299 352 0 1
298 352 0 1
234 352 0 0
233 352 0 0
232 352 0 0
231 352 0 0
518 351 0 0
517 351 0 0
516 351 0 0
515 351 0 0
514 351 0 0
513 351 0 0
512 351 0 0
511 351 0 0
510 351 0 0
509 351 0 0
508 351 0 0
507 351 0 0
506 351 0 0
505 351 0 0
504 351 0 0
503 351 0 0
502 351 0 0
501 351 0 0
500 351 0 0
499 351 0 0
498 351 0 0
497 351 0 0
496 351 0 0
495 351 0 0
494 351 0 0
493 351 0 0
492 351 0 0
491 351 0 0
490 351 0 0
489 351 0 0
488 351 0 0
487 351 0 0
486 351 0 0
485 351 0 0
484 351 0 0
483 351 0 0
482 351 0 0
481 351 0 0
480 351 0 0
479 351 0 0
478 351 0 0
477 351 0 0
476 351 0 0
475 351 0 0
474 351 0 0
473 351 0 0
472 351 0 0
471 351 0 0
470 351 0 0
469 351 0 0
468 351 0 0
467 351 0 0
466 351 0 0
465 351 0 0
464 351 0 0
463 351 0 0
462 351 0 0
461 351 0 0
460 351 0 0
459 351 0 0
304 351 0 1
303 351 0 1
302 351 0 1
301 351 0 1
300 351 0 1
299 351 0 1
298 351 0 1
234 351 0 0
233 351 0 0
232 351 0 0
231 351 0 0
513 350 0 0
512 350 0 0
511 350 0 0
510 350 0 0
509 350 0 0
508 350 0 0
507 350 0 0
506 350 0 0
505 350 0 0
504 350 0 0
503 350 0 0
502 350 0 0
501 350 0 0
500 350 0 0
499 350 0 0
498 350 0 0
497 350 0 0
496 350 0 0
495 350 0 0
494 350 0 0
493 350 0 0
492 350 0 0
491 350 0 0
490 350 0 0
489 350 0 0
488 350 0 0
487 350 0 0
486 350 0 0
485 350 0 0
484 350 0 0
483 350 0 0
482 350 0 0
481 350 0 0
480 350 0 0
479 350 0 0
478 350 0 0
477 350 0 0
476 350 0 0
475 350 0 0
474 350 0 0
473 350 0 0
472 350 0 0
471 350 0 0
470 350 0 0
469 350 0 0
468 350 0 0
467 350 0 0
466 350 0 0
465 350 0 0
464 350 0 0
463 350 0 0
462 350 0 0
461 350 0 0
460 350 0 0
459 350 0 0
306 350 0 1
305 350 0 1
304 350 0 1
303 350 0 1
302 350 0 1
301 350 0 1
300 350 0 1
299 350 0 1
234 350 0 0
233 350 0 0
232 350 0 0
231 350 0 0
307 349 0 1
306 349 0 1
305 349 0 1
304 349 0 1
303 349 0 1
302 349 0 1
301 349 0 1
300 349 0 1
234 349 0 0
233 349 0 0
232 349 0 0
231 349 0 0
308 348 0 1
307 348 0 1
306 348 0 1
305 348 0 1
304 348 0 1
303 348 0 1
302 348 0 1
301 348 0 1
234 348 0 0
233 348 0 0
232 348 0 0
231 348 0 0
309 347 0 1
308 347 0 1
307 347 0 1
306 347 0 1
305 347 0 1
304 347 0 1
303 347 0 1
302 347 0 1
234 347 0 0
233 347 0 0
232 347 0 0
231 347 0 0
310 346 0 1
309 346 0 1
308 346 0 1
307 346 0 1
306 346 0 1
305 346 0 1
304 346 0 1
303 346 0 1
234 346 0 0
233 346 0 0
232 346 0 0
231 346 0 0
311 345 0 1
310 345 0 1
309 345 0 1
308 345 0 1
307 345 0 1
306 345 0 1
305 345 0 1
304 345 0 1
234 345 0 0
233 345 0 0
232 345 0 0
231 345 0 0
312 344 0 1
311 344 0 1
310 344 0 1
309 344 0 1
308 344 0 1
307 344 0 1
306 344 0 1
305 344 0 1
234 344 0 0
233 344 0 0
232 344 0 0
231 344 0 0
313 343 0 1
312 343 0 1
311 343 0 1
310 343 0 1
309 343 0 1
308 343 0 1
307 343 0 1
306 343 0 1
234 343 0 0
233 343 0 0
232 343 0 0
231 343 0 0
314 342 0 1
313 342 0 1
312 342 0 1
311 342 0 1
310 342 0 1
309 342 0 1
308 342 0 1
234 342 0 0
233 342 0 0
232 342 0 0
231 342 0 0
315 341 0 1
314 341 0 1
313 341 0 1
312 341 0 1
311 341 0 1
310 341 0 1
309 341 0 1
234 341 0 0
233 341 0 0
232 341 0 0
231 341 0 0
316 340 0 1
315 340 0 1
314 340 0 1
313 340 0 1
312 340 0 1
311 340 0 1
310 340 0 1
234 340 0 0
233 340 0 0
232 340 0 0
231 340 0 0
317 339 0 1
316 339 0 1
315 339 0 1
314 339 0 1
313 339 0 1
312 339 0 1
311 339 0 1
234 339 0 0
233 339 0 0
232 339 0 0
231 339 0 0
317 338 0 1
316 338 0 1
315 338 0 1
314 338 0 1
313 338 0 1
312 338 0 1
311 338 0 1
234 338 0 0
233 338 0 0
232 338 0 0
231 338 0 0
318 337 0 1
317 337 0 1
316 337 0 1
315 337 0 1
314 337 0 1
313 337 0 1
312 337 0 1
234 337 0 0
233 337 0 0
232 337 0 0
231 337 0 0
319 336 0 1
318 336 0 1
317 336 0 1
316 336 0 1
315 336 0 1
314 336 0 1
313 336 0 1
234 336 0 0
233 336 0 0
232 336 0 0
231 336 0 0
320 335 0 1
319 335 0 1
318 335 0 1
317 335 0 1
316 335 0 1
315 335 0 1
314 335 0 1
234 335 0 0
233 335 0 0
232 335 0 0
231 335 0 0
321 334 0 1
320 334 0 1
319 334 0 1
318 334 0 1
317 334 0 1
316 334 0 1
315 334 0 1
234 334 0 0
233 334 0 0
232 334 0 0
231 334 0 0
322 333 0 1
321 333 0 1
320 333 0 1
319 333 0 1
318 333 0 1
317 333 0 1
316 333 0 1
234 333 0 0
233 333 0 0
232 333 0 0
231 333 0 0
323 332 0 1
322 332 0 1
321 332 0 1
320 332 0 1
319 332 0 1
318 332 0 1
317 332 0 1
234 332 0 0
233 332 0 0
232 332 0 0
231 332 0 0
324 331 0 1
323 331 0 1
322 331 0 1
321 331 0 1
320 331 0 1
319 331 0 1
318 331 0 1
234 331 0 0
233 331 0 0
232 331 0 0
231 331 0 0
326 330 0 1
325 330 0 1
324 330 0 1
323 330 0 1
322 330 0 1
321 330 0 1
320 330 0 1
319 330 0 1
234 330 0 0
233 330 0 0
232 330 0 0
231 330 0 0
327 329 0 1
326 329 0 1
325 329 0 1
324 329 0 1
323 329 0 1
322 329 0 1
321 329 0 1
320 329 0 1
234 329 0 0
233 329 0 0
232 329 0 0
231 329 0 0
329 328 0 1
328 328 0 1
327 328 0 1
326 328 0 1
325 328 0 1
324 328 0 1
323 328 0 1
322 328 0 1
321 328 0 1
234 328 0 0
233 328 0 0
232 328 0 0
231 328 0 0
330 327 0 1
329 327 0 1
328 327 0 1
327 327 0 1
326 327 0 1
325 327 0 1
324 327 0 1
323 327 0 1
322 327 0 1
234 327 0 0
233 327 0 0
232 327 0 0
231 327 0 0
332 326 0 1
331 326 0 1
330 326 0 1
329 326 0 1
328 326 0 1
327 326 0 1
326 326 0 1
325 326 0 1
324 326 0 1
234 326 0 0
233 326 0 0
232 326 0 0
231 326 0 0
333 325 0 1
332 325 0 1
331 325 0 1
330 325 0 1
329 325 0 1
328 325 0 1
327 325 0 1
326 325 0 1
325 325 0 1
234 325 0 0
233 325 0 0
232 325 0 0
231 325 0 0
335 324 0 1
334 324 0 1
333 324 0 1
332 324 0 1
331 324 0 1
330 324 0 1
329 324 0 1
328 324 0 1
327 324 0 1
234 324 0 0
233 324 0 0
232 324 0 0
231 324 0 0
336 323 0 1
335 323 0 1
334 323 0 1
333 323 0 1
332 323 0 1
331 323 0 1
330 323 0 1
329 323 0 1
328 323 0 1
234 323 0 0
233 323 0 0
232 323 0 0
231 323 0 0
350 322 0 1
349 322 0 1
348 322 0 1
347 322 0 1
346 322 0 1
338 322 0 1
337 322 0 1
336 322 0 1
335 322 0 1
334 322 0 1
333 322 0 1
332 322 0 1
331 322 0 1
330 322 0 1
329 322 0 1
234 322 0 0
233 322 0 0
232 322 0 0
231 322 0 0
350 321 0 1
349 321 0 1
348 321 0 1
347 321 0 1
346 321 0 1
339 321 0 1
338 321 0 1
337 321 0 1
336 321 0 1
335 321 0 1
334 321 0 1
333 321 0 1
332 321 0 1
331 321 0 1
234 321 0 0
233 321 0 0
232 321 0 0
231 321 0 0
351 320 0 1
350 320 0 1
349 320 0 1
348 320 0 1
347 320 0 1
346 320 0 1
341 320 0 1
340 320 0 1
339 320 0 1
338 320 0 1
337 320 0 1
336 320 0 1
335 320 0 1
334 320 0 1
333 320 0 1
332 320 0 1
234 320 0 0
233 320 0 0
232 320 0 0
231 320 0 0
351 319 0 1
350 319 0 1
349 319 0 1
348 319 0 1
347 319 0 1
346 319 0 1
342 319 0 1
341 319 0 1
340 319 0 1
339 319 0 1
338 319 0 1
337 319 0 1
336 319 0 1
335 319 0 1
334 319 0 1
234 319 0 0
233 319 0 0
232 319 0 0
231 319 0 0
351 318 0 1
350 318 0 1
349 318 0 1
348 318 0 1
347 318 0 1
346 318 0 1
345 318 0 1
344 318 0 1
343 318 0 1
342 318 0 1
341 318 0 1
340 318 0 1
339 318 0 1
338 318 0 1
337 318 0 1
336 318 0 1
335 318 0 1
234 318 0 0
233 318 0 0
232 318 0 0
231 318 0 0
351 317 0 1
350 317 0 1
349 317 0 1
348 317 0 1
347 317 0 1
346 317 0 1
345 317 0 1
344 317 0 1
343 317 0 1
342 317 0 1
341 317 0 1
340 317 0 1
339 317 0 1
338 317 0 1
337 317 0 1
234 317 0 0
233 317 0 0
232 317 0 0
231 317 0 0
352 316 0 1
351 316 0 1
350 316 0 1
349 316 0 1
348 316 0 1
347 316 0 1
346 316 0 1
345 316 0 1
344 316 0 1
343 316 0 1
342 316 0 1
341 316 0 1
340 316 0 1
339 316 0 1
338 316 0 1
234 316 0 0
233 316 0 0
232 316 0 0
231 316 0 0
352 315 0 1
351 315 0 1
350 315 0 1
349 315 0 1
348 315 0 1
347 315 0 1
346 315 0 1
345 315 0 1
344 315 0 1
343 315 0 1
342 315 0 1
341 315 0 1
340 315 0 1
234 315 0 0
233 315 0 0
232 315 0 0
231 315 0 0
352 314 0 1
351 314 0 1
350 314 0 1
349 314 0 1
348 314 0 1
234 314 0 0
233 314 0 0
232 314 0 0
231 314 0 0
352 313 0 1
351 313 0 1
350 313 0 1
349 313 0 1
348 313 0 1
234 313 0 0
233 313 0 0
232 313 0 0
231 313 0 0
353 312 0 1
352 312 0 1
351 312 0 1
350 312 0 1
349 312 0 1
348 312 0 1
234 312 0 0
233 312 0 0
232 312 0 0
231 312 0 0
353 311 0 1
352 311 0 1
351 311 0 1
350 311 0 1
349 311 0 1
234 311 0 0
233 311 0 0
232 311 0 0
231 311 0 0
353 310 0 1
352 310 0 1
351 310 0 1
350 310 0 1
349 310 0 1
234 310 0 0
233 310 0 0
232 310 0 0
231 310 0 0
354 309 0 1
353 309 0 1
352 309 0 1
351 309 0 1
350 309 0 1
349 309 0 1
234 309 0 0
233 309 0 0
232 309 0 0
231 309 0 0
354 308 0 1
353 308 0 1
352 308 0 1
351 308 0 1
350 308 0 1
234 308 0 0
233 308 0 0
232 308 0 0
231 308 0 0
354 307 0 1
353 307 0 1
352 307 0 1
351 307 0 1
350 307 0 1
234 307 0 0
233 307 0 0
232 307 0 0
231 307 0 0
355 306 0 1
354 306 0 1
353 306 0 1
352 306 0 1
351 306 0 1
350 306 0 1
234 306 0 0
233 306 0 0
232 306 0 0
231 306 0 0
355 305 0 1
354 305 0 1
353 305 0 1
352 305 0 1
351 305 0 1
350 305 0 1
234 305 0 0
233 305 0 0
232 305 0 0
231 305 0 0
355 304 0 1
354 304 0 1
353 304 0 1
352 304 0 1
351 304 0 1
234 304 0 0
233 304 0 0
232 304 0 0
231 304 0 0
355 303 0 1
354 303 0 1
353 303 0 1
352 303 0 1
351 303 0 1
234 303 0 0
233 303 0 0
232 303 0 0
231 303 0 0
356 302 0 1
355 302 0 1
354 302 0 1
353 302 0 1
352 302 0 1
351 302 0 1
234 302 0 0
233 302 0 0
232 302 0 0
231 302 0 0
356 301 0 1
355 301 0 1
354 301 0 1
353 301 0 1
352 301 0 1
234 301 0 0
233 301 0 0
232 301 0 0
231 301 0 0
356 300 0 1
355 300 0 1
354 300 0 1
353 300 0 1
352 300 0 1
234 300 0 0
233 300 0 0
232 300 0 0
231 300 0 0
357 299 0 1
356 299 0 1
355 299 0 1
354 299 0 1
353 299 0 1
352 299 0 1
234 299 0 0
233 299 0 0
232 299 0 0
231 299 0 0
357 298 0 1
356 298 0 1
355 298 0 1
354 298 0 1
353 298 0 1
352 298 0 1
234 298 0 0
233 298 0 0
232 298 0 0
231 298 0 0
357 297 0 1
356 297 0 1
355 297 0 1
354 297 0 1
353 297 0 1
234 297 0 0
233 297 0 0
232 297 0 0
231 297 0 0
357 296 0 1
356 296 0 1
355 296 0 1
354 296 0 1
353 296 0 1
234 296 0 0
233 296 0 0
232 296 0 0
231 296 0 0
358 295 0 1
357 295 0 1
356 295 0 1
355 295 0 1
354 295 0 1
353 295 0 1
234 295 0 0
233 295 0 0
232 295 0 0
231 295 0 0
358 294 0 1
357 294 0 1
356 294 0 1
355 294 0 1
354 294 0 1
234 294 0 0
233 294 0 0
232 294 0 0
231 294 0 0
358 293 0 1
357 293 0 1
356 293 0 1
355 293 0 1
354 293 0 1
234 293 0 0
233 293 0 0
232 293 0 0
231 293 0 0
359 292 0 1
358 292 0 1
357 292 0 1
356 292 0 1
355 292 0 1
354 292 0 1
234 292 0 0
233 292 0 0
232 292 0 0
231 292 0 0
359 291 0 1
358 291 0 1
357 291 0 1
356 291 0 1
355 291 0 1
354 291 0 1
234 291 0 0
233 291 0 0
232 291 0 0
231 291 0 0
359 290 0 1
358 290 0 1
357 290 0 1
356 290 0 1
355 290 0 1
234 290 0 0
233 290 0 0
232 290 0 0
231 290 0 0
359 289 0 1
358 289 0 1
357 289 0 1
356 289 0 1
355 289 0 1
234 289 0 0
233 289 0 0
232 289 0 0
231 289 0 0
360 288 0 1
359 288 0 1
358 288 0 1
357 288 0 1
356 288 0 1
355 288 0 1
234 288 0 0
233 288 0 0
232 288 0 0
231 288 0 0
360 287 0 1
359 287 0 1
358 287 0 1
357 287 0 1
356 287 0 1
234 287 0 0
233 287 0 0
232 287 0 0
231 287 0 0
360 286 0 1
359 286 0 1
358 286 0 1
357 286 0 1
356 286 0 1
234 286 0 0
233 286 0 0
232 286 0 0
231 286 0 0
361 285 0 1
360 285 0 1
359 285 0 1
358 285 0 1
357 285 0 1
356 285 0 1
234 285 0 0
233 285 0 0
232 285 0 0
231 285 0 0
361 284 0 1
360 284 0 1
359 284 0 1
358 284 0 1
357 284 0 1
234 284 0 0
233 284 0 0
232 284 0 0
231 284 0 0
361 283 0 1
360 283 0 1
359 283 0 1
358 283 0 1
357 283 0 1
234 283 0 0
233 283 0 0
232 283 0 0
231 283 0 0
362 282 0 1
361 282 0 1
360 282 0 1
359 282 0 1
358 282 0 1
357 282 0 1
234 282 0 0
233 282 0 0
232 282 0 0
231 282 0 0
362 281 0 1
361 281 0 1
360 281 0 1
359 281 0 1
358 281 0 1
234 281 0 0
233 281 0 0
232 281 0 0
231 281 0 0
362 280 0 1
361 280 0 1
360 280 0 1
359 280 0 1
358 280 0 1
234 280 0 0
233 280 0 0
232 280 0 0
231 280 0 0
363 279 0 1
362 279 0 1
361 279 0 1
360 279 0 1
359 279 0 1
358 279 0 1
234 279 0 0
233 279 0 0
232 279 0 0
231 279 0 0
363 278 0 1
362 278 0 1
361 278 0 1
360 278 0 1
359 278 0 1
358 278 0 1
234 278 0 0
233 278 0 0
232 278 0 0
231 278 0 0
363 277 0 1
362 277 0 1
361 277 0 1
360 277 0 1
359 277 0 1
234 277 0 0
233 277 0 0
232 277 0 0
231 277 0 0
364 276 0 1
363 276 0 1
362 276 0 1
361 276 0 1
360 276 0 1
359 276 0 1
234 276 0 0
233 276 0 0
232 276 0 0
231 276 0 0
364 275 0 1
363 275 0 1
362 275 0 1
361 275 0 1
360 275 0 1
359 275 0 1
234 275 0 0
233 275 0 0
232 275 0 0
231 275 0 0
364 274 0 1
363 274 0 1
362 274 0 1
361 274 0 1
360 274 0 1
234 274 0 0
233 274 0 0
232 274 0 0
231 274 0 0
364 273 0 1
363 273 0 1
362 273 0 1
361 273 0 1
360 273 0 1
234 273 0 0
233 273 0 0
232 273 0 0
231 273 0 0
365 272 0 1
364 272 0 1
363 272 0 1
362 272 0 1
361 272 0 1
360 272 0 1
234 272 0 0
233 272 0 0
232 272 0 0
231 272 0 0
365 271 0 1
364 271 0 1
363 271 0 1
362 271 0 1
361 271 0 1
234 271 0 0
233 271 0 0
232 271 0 0
231 271 0 0
365 270 0 1
364 270 0 1
363 270 0 1
362 270 0 1
361 270 0 1
234 270 0 0
233 270 0 0
232 270 0 0
231 270 0 0
366 269 0 1
365 269 0 1
364 269 0 1
363 269 0 1
362 269 0 1
361 269 0 1
234 269 0 0
233 269 0 0
232 269 0 0
231 269 0 0
366 268 0 1
365 268 0 1
364 268 0 1
363 268 0 1
362 268 0 1
234 268 0 0
233 268 0 0
232 268 0 0
231 268 0 0
366 267 0 1
365 267 0 1
364 267 0 1
363 267 0 1
362 267 0 1
234 267 0 0
233 267 0 0
232 267 0 0
231 267 0 0
367 266 0 1
366 266 0 1
365 266 0 1
364 266 0 1
363 266 0 1
362 266 0 1
234 266 0 0
233 266 0 0
232 266 0 0
231 266 0 0
367 265 0 1
366 265 0 1
365 265 0 1
364 265 0 1
363 265 0 1
234 265 0 0
233 265 0 0
232 265 0 0
231 265 0 0
367 264 0 1
366 264 0 1
365 264 0 1
364 264 0 1
363 264 0 1
234 264 0 0
233 264 0 0
232 264 0 0
231 264 0 0
368 263 0 1
367 263 0 1
366 263 0 1
365 263 0 1
364 263 0 1
363 263 0 1
234 263 0 0
233 263 0 0
232 263 0 0
231 263 0 0
368 262 0 1
367 262 0 1
366 262 0 1
365 262 0 1
364 262 0 1
363 262 0 1
234 262 0 0
233 262 0 0
232 262 0 0
231 262 0 0
368 261 0 1
367 261 0 1
366 261 0 1
365 261 0 1
364 261 0 1
234 261 0 0
233 261 0 0
232 261 0 0
231 261 0 0
368 260 0 1
367 260 0 1
366 260 0 1
365 260 0 1
364 260 0 1
234 260 0 0
233 260 0 0
232 260 0 0
231 260 0 0
369 259 0 1
368 259 0 1
367 259 0 1
366 259 0 1
365 259 0 1
364 259 0 1
234 259 0 0
233 259 0 0
232 259 0 0
231 259 0 0
369 258 0 1
368 258 0 1
367 258 0 1
366 258 0 1
365 258 0 1
234 258 0 0
233 258 0 0
232 258 0 0
231 258 0 0
369 257 0 1
368 257 0 1
367 257 0 1
366 257 0 1
365 257 0 1
234 257 0 0
233 257 0 0
232 257 0 0
231 257 0 0
370 256 0 1
369 256 0 1
368 256 0 1
367 256 0 1
366 256 0 1
365 256 0 1
234 256 0 0
233 256 0 0
232 256 0 0
231 256 0 0
370 255 0 1
369 255 0 1
368 255 0 1
367 255 0 1
366 255 0 1
365 255 0 1
234 255 0 0
233 255 0 0
232 255 0 0
231 255 0 0
370 254 0 1
369 254 0 1
368 254 0 1
367 254 0 1
366 254 0 1
234 254 0 0
233 254 0 0
232 254 0 0
231 254 0 0
370 253 0 1
369 253 0 1
368 253 0 1
367 253 0 1
366 253 0 1
234 253 0 0
233 253 0 0
232 253 0 0
231 253 0 0
371 252 0 1
370 252 0 1
369 252 0 1
368 252 0 1
367 252 0 1
366 252 0 1
234 252 0 0
233 252 0 0
232 252 0 0
231 252 0 0
371 251 0 1
370 251 0 1
369 251 0 1
368 251 0 1
367 251 0 1
234 251 0 0
233 251 0 0
232 251 0 0
231 251 0 0
371 250 0 1
370 250 0 1
369 250 0 1
368 250 0 1
367 250 0 1
234 250 0 0
233 250 0 0
232 250 0 0
231 250 0 0
371 249 0 1
370 249 0 1
369 249 0 1
368 249 0 1
367 249 0 1
234 249 0 0
233 249 0 0
232 249 0 0
231 249 0 0
372 248 0 1
371 248 0 1
370 248 0 1
369 248 0 1
368 248 0 1
367 248 0 1
234 248 0 0
233 248 0 0
232 248 0 0
231 248 0 0
372 247 0 1
371 247 0 1
370 247 0 1
369 247 0 1
368 247 0 1
234 247 0 0
233 247 0 0
232 247 0 0
231 247 0 0
372 246 0 1
371 246 0 1
370 246 0 1
369 246 0 1
368 246 0 1
234 246 0 0
233 246 0 0
232 246 0 0
231 246 0 0
373 245 0 1
372 245 0 1
371 245 0 1
370 245 0 1
369 245 0 1
368 245 0 1
234 245 0 0
233 245 0 0
232 245 0 0
231 245 0 0
373 244 0 1
372 244 0 1
371 244 0 1
370 244 0 1
369 244 0 1
234 244 0 0
233 244 0 0
232 244 0 0
231 244 0 0
373 243 0 1
372 243 0 1
371 243 0 1
370 243 0 1
369 243 0 1
234 243 0 0
233 243 0 0
232 243 0 0
231 243 0 0
373 242 0 1
372 242 0 1
371 242 0 1
370 242 0 1
369 242 0 1
234 242 0 0
233 242 0 0
232 242 0 0
231 242 0 0
374 241 0 1
373 241 0 1
372 241 0 1
371 241 0 1
370 241 0 1
369 241 0 1
234 241 0 0
233 241 0 0
232 241 0 0
231 241 0 0
374 240 0 1
373 240 0 1
372 240 0 1
371 240 0 1
370 240 0 1
234 240 0 0
233 240 0 0
232 240 0 0
231 240 0 0
374 239 0 1
373 239 0 1
372 239 0 1
371 239 0 1
370 239 0 1
234 239 0 0
233 239 0 0
232 239 0 0
231 239 0 0
375 238 0 1
374 238 0 1
373 238 0 1
372 238 0 1
371 238 0 1
370 238 0 1
234 238 0 0
233 238 0 0
232 238 0 0
231 238 0 0
375 237 0 1
374 237 0 1
373 237 0 1
372 237 0 1
371 237 0 1
234 237 0 0
233 237 0 0
232 237 0 0
231 237 0 0
375 236 0 1
374 236 0 1
373 236 0 1
372 236 0 1
371 236 0 1
234 236 0 0
233 236 0 0
232 236 0 0
231 236 0 0
375 235 0 1
374 235 0 1
373 235 0 1
372 235 0 1
371 235 0 1
234 235 0 0
233 235 0 0
232 235 0 0
231 235 0 0
376 234 0 1
375 234 0 1
374 234 0 1
373 234 0 1
372 234 0 1
371 234 0 1
234 234 0 0
233 234 0 0
232 234 0 0
231 234 0 0
376 233 0 1
375 233 0 1
374 233 0 1
373 233 0 1
372 233 0 1
234 233 0 0
233 233 0 0
232 233 0 0
231 233 0 0
376 232 0 1
375 232 0 1
374 232 0 1
373 232 0 1
372 232 0 1
234 232 0 0
233 232 0 0
232 232 0 0
231 232 0 0
377 231 0 1
376 231 0 1
375 231 0 1
374 231 0 1
373 231 0 1
372 231 0 1
234 231 0 0
233 231 0 0
232 231 0 0
231 231 0 0
377 230 0 1
376 230 0 1
375 230 0 1
374 230 0 1
373 230 0 1
372 230 0 1
234 230 0 0
233 230 0 0
232 230 0 0
231 230 0 0
377 229 0 1
376 229 0 1
375 229 0 1
374 229 0 1
373 229 0 1
234 229 0 0
233 229 0 0
232 229 0 0
231 229 0 0
377 228 0 1
376 228 0 1
375 228 0 1
374 228 0 1
373 228 0 1
234 228 0 0
233 228 0 0
232 228 0 0
231 228 0 0
378 227 0 1
377 227 0 1
376 227 0 1
375 227 0 1
374 227 0 1
373 227 0 1
234 227 0 0
233 227 0 0
232 227 0 0
231 227 0 0
378 226 0 1
377 226 0 1
376 226 0 1
375 226 0 1
374 226 0 1
234 226 0 0
233 226 0 0
232 226 0 0
231 226 0 0
378 225 0 1
377 225 0 1
376 225 0 1
375 225 0 1
374 225 0 1
234 225 0 0
233 225 0 0
232 225 0 0
231 225 0 0
379 224 0 1
378 224 0 1
377 224 0 1
376 224 0 1
375 224 0 1
374 224 0 1
234 224 0 0
233 224 0 0
232 224 0 0
231 224 0 0
379 223 0 1
378 223 0 1
377 223 0 1
376 223 0 1
375 223 0 1
374 223 0 1
234 223 0 0
233 223 0 0
232 223 0 0
231 223 0 0
379 222 0 1
378 222 0 1
377 222 0 1
376 222 0 1
375 222 0 1
234 222 0 0
233 222 0 0
232 222 0 0
231 222 0 0
380 221 0 1
379 221 0 1
378 221 0 1
377 221 0 1
376 221 0 1
375 221 0 1
234 221 0 0
233 221 0 0
232 221 0 0
231 221 0 0
380 220 0 1
379 220 0 1
378 220 0 1
377 220 0 1
376 220 0 1
375 220 0 1
234 220 0 0
233 220 0 0
232 220 0 0
231 220 0 0
380 219 0 1
379 219 0 1
378 219 0 1
377 219 0 1
376 219 0 1
234 219 0 0
233 219 0 0
232 219 0 0
231 219 0 0
381 218 0 1
380 218 0 1
379 218 0 1
378 218 0 1
377 218 0 1
376 218 0 1
234 218 0 0
233 218 0 0
232 218 0 0
231 218 0 0
381 217 0 1
380 217 0 1
379 217 0 1
378 217 0 1
377 217 0 1
376 217 0 1
234 217 0 0
233 217 0 0
232 217 0 0
231 217 0 0
230 217 0 0
381 216 0 1
380 216 0 1
379 216 0 1
378 216 0 1
377 216 0 1
234 216 0 0
233 216 0 0
232 216 0 0
231 216 0 0
230 216 0 0
381 215 0 1
380 215 0 1
379 215 0 1
378 215 0 1
377 215 0 1
234 215 0 0
233 215 0 0
232 215 0 0
231 215 0 0
230 215 0 0
382 214 0 1
381 214 0 1
380 214 0 1
379 214 0 1
378 214 0 1
377 214 0 1
234 214 0 0
233 214 0 0
232 214 0 0
231 214 0 0
230 214 0 0
382 213 0 1
381 213 0 1
380 213 0 1
379 213 0 1
378 213 0 1
234 213 0 0
233 213 0 0
232 213 0 0
231 213 0 0
230 213 0 0
382 212 0 1
381 212 0 1
380 212 0 1
379 212 0 1
378 212 0 1
234 212 0 0
233 212 0 0
232 212 0 0
231 212 0 0
230 212 0 0
383 211 0 1
382 211 0 1
381 211 0 1
380 211 0 1
379 211 0 1
378 211 0 1
234 211 0 0
233 211 0 0
232 211 0 0
231 211 0 0
230 211 0 0
383 210 0 1
382 210 0 1
381 210 0 1
380 210 0 1
379 210 0 1
234 210 0 0
233 210 0 0
232 210 0 0
231 210 0 0
230 210 0 0
383 209 0 1
382 209 0 1
381 209 0 1
380 209 0 1
379 209 0 1
234 209 0 0
233 209 0 0
232 209 0 0
231 209 0 0
230 209 0 0
384 208 0 1
383 208 0 1
382 208 0 1
381 208 0 1
380 208 0 1
379 208 0 1
234 208 0 0
233 208 0 0
232 208 0 0
231 208 0 0
230 208 0 0
384 207 0 1
383 207 0 1
382 207 0 1
381 207 0 1
380 207 0 1
234 207 0 0
233 207 0 0
232 207 0 0
231 207 0 0
230 207 0 0
384 206 0 1
383 206 0 1
382 206 0 1
381 206 0 1
380 206 0 1
234 206 0 0
233 206 0 0
232 206 0 0
231 206 0 0
230 206 0 0
385 205 0 1
384 205 0 1
383 205 0 1
382 205 0 1
381 205 0 1
380 205 0 1
234 205 0 0
233 205 0 0
232 205 0 0
231 205 0 0
230 205 0 0
385 204 0 1
384 204 0 1
383 204 0 1
382 204 0 1
381 204 0 1
234 204 0 0
233 204 0 0
232 204 0 0
231 204 0 0
230 204 0 0
385 203 0 1
384 203 0 1
383 203 0 1
382 203 0 1
381 203 0 1
234 203 0 0
233 203 0 0
232 203 0 0
231 203 0 0
230 203 0 0
386 202 0 1
385 202 0 1
384 202 0 1
383 202 0 1
382 202 0 1
381 202 0 1
234 202 0 0
233 202 0 0
232 202 0 0
231 202 0 0
230 202 0 0
386 201 0 1
385 201 0 1
384 201 0 1
383 201 0 1
382 201 0 1
234 201 0 0
233 201 0 0
232 201 0 0
231 201 0 0
230 201 0 0
386 200 0 1
385 200 0 1
384 200 0 1
383 200 0 1
382 200 0 1
234 200 0 0
233 200 0 0
232 200 0 0
231 200 0 0
230 200 0 0
387 199 0 1
386 199 0 1
385 199 0 1
384 199 0 1
383 199 0 1
382 199 0 1
234 199 0 0
233 199 0 0
232 199 0 0
231 199 0 0
230 199 0 0
387 198 0 1
386 198 0 1
385 198 0 1
384 198 0 1
383 198 0 1
233 198 0 0
232 198 0 0
231 198 0 0
230 198 0 0
229 198 0 0
387 197 0 1
386 197 0 1
385 197 0 1
384 197 0 1
383 197 0 1
233 197 0 0
232 197 0 0
231 197 0 0
230 197 0 0
229 197 0 0
388 196 0 1
387 196 0 1
386 196 0 1
385 196 0 1
384 196 0 1
383 196 0 1
233 196 0 0
232 196 0 0
231 196 0 0
230 196 0 0
229 196 0 0
388 195 0 1
387 195 0 1
386 195 0 1
385 195 0 1
384 195 0 1
233 195 0 0
232 195 0 0
231 195 0 0
230 195 0 0
229 195 0 0
388 194 0 1
387 194 0 1
386 194 0 1
385 194 0 1
384 194 0 1
233 194 0 0
232 194 0 0
231 194 0 0
230 194 0 0
229 194 0 0
389 193 0 1
388 193 0 1
387 193 0 1
386 193 0 1
385 193 0 1
384 193 0 1
233 193 0 0
232 193 0 0
231 193 0 0
230 193 0 0
229 193 0 0
389 192 0 1
388 192 0 1
387 192 0 1
386 192 0 1
385 192 0 1
233 192 0 0
232 192 0 0
231 192 0 0
230 192 0 0
229 192 0 0
389 191 0 1
388 191 0 1
387 191 0 1
386 191 0 1
385 191 0 1
233 191 0 0
232 191 0 0
231 191 0 0
230 191 0 0
229 191 0 0
390 190 0 1
389 190 0 1
388 190 0 1
387 190 0 1
386 190 0 1
385 190 0 1
233 190 0 0
232 190 0 0
231 190 0 0
230 190 0 0
229 190 0 0
390 189 0 1
389 189 0 1
388 189 0 1
387 189 0 1
386 189 0 1
233 189 0 0
232 189 0 0
231 189 0 0
230 189 0 0
229 189 0 0
390 188 0 1
389 188 0 1
388 188 0 1
387 188 0 1
386 188 0 1
233 188 0 0
232 188 0 0
231 188 0 0
230 188 0 0
229 188 0 0
391 187 0 1
390 187 0 1
389 187 0 1
388 187 0 1
387 187 0 1
386 187 0 1
233 187 0 0
232 187 0 0
231 187 0 0
230 187 0 0
229 187 0 0
391 186 0 1
390 186 0 1
389 186 0 1
388 186 0 1
387 186 0 1
233 186 0 0
232 186 0 0
231 186 0 0
230 186 0 0
229 186 0 0
391 185 0 1
390 185 0 1
389 185 0 1
388 185 0 1
387 185 0 1
233 185 0 0
232 185 0 0
231 185 0 0
230 185 0 0
229 185 0 0
392 184 0 1
391 184 0 1
390 184 0 1
389 184 0 1
388 184 0 1
387 184 0 1
233 184 0 0
232 184 0 0
231 184 0 0
230 184 0 0
229 184 0 0
392 183 0 1
391 183 0 1
390 183 0 1
389 183 0 1
388 183 0 1
233 183 0 0
232 183 0 0
231 183 0 0
230 183 0 0
229 183 0 0
392 182 0 1
391 182 0 1
390 182 0 1
389 182 0 1
388 182 0 1
233 182 0 0
232 182 0 0
231 182 0 0
230 182 0 0
229 182 0 0
393 181 0 1
392 181 0 1
391 181 0 1
390 181 0 1
389 181 0 1
388 181 0 1
232 181 0 0
231 181 0 0
230 181 0 0
229 181 0 0
393 180 0 1
392 180 0 1
391 180 0 1
390 180 0 1
389 180 0 1
388 180 0 1
232 180 0 0
231 180 0 0
230 180 0 0
229 180 0 0
393 179 0 1
392 179 0 1
391 179 0 1
390 179 0 1
389 179 0 1
232 179 0 0
231 179 0 0
230 179 0 0
229 179 0 0
394 178 0 1
393 178 0 1
392 178 0 1
391 178 0 1
390 178 0 1
389 178 0 1
232 178 0 0
231 178 0 0
230 178 0 0
229 178 0 0
394 177 0 1
393 177 0 1
392 177 0 1
391 177 0 1
390 177 0 1
389 177 0 1
232 177 0 0
231 177 0 0
230 177 0 0
229 177 0 0
394 176 0 1
393 176 0 1
392 176 0 1
391 176 0 1
390 176 0 1
232 176 0 0
231 176 0 0
230 176 0 0
229 176 0 0
394 175 0 1
393 175 0 1
392 175 0 1
391 175 0 1
390 175 0 1
232 175 0 0
231 175 0 0
230 175 0 0
229 175 0 0
395 174 0 1
394 174 0 1
393 174 0 1
392 174 0 1
391 174 0 1
390 174 0 1
232 174 0 0
231 174 0 0
230 174 0 0
229 174 0 0
395 173 0 1
394 173 0 1
393 173 0 1
392 173 0 1
391 173 0 1
232 173 0 0
231 173 0 0
230 173 0 0
229 173 0 0
395 172 0 1
394 172 0 1
393 172 0 1
392 172 0 1
391 172 0 1
232 172 0 0
231 172 0 0
230 172 0 0
229 172 0 0
395 171 0 1
394 171 0 1
393 171 0 1
392 171 0 1
391 171 0 1
232 171 0 0
231 171 0 0
230 171 0 0
229 171 0 0
395 170 0 1
394 170 0 1
393 170 0 1
392 170 0 1
391 170 0 1
232 170 0 0
231 170 0 0
230 170 0 0
229 170 0 0
396 169 0 1
395 169 0 1
394 169 0 1
393 169 0 1
392 169 0 1
391 169 0 1
232 169 0 0
231 169 0 0
230 169 0 0
229 169 0 0
396 168 0 1
395 168 0 1
394 168 0 1
393 168 0 1
392 168 0 1
232 168 0 0
231 168 0 0
230 168 0 0
229 168 0 0
396 167 0 1
395 167 0 1
394 167 0 1
393 167 0 1
392 167 0 1
232 167 0 0
231 167 0 0
230 167 0 0
229 167 0 0
396 166 0 1
395 166 0 1
394 166 0 1
393 166 0 1
392 166 0 1
232 166 0 0
231 166 0 0
230 166 0 0
229 166 0 0
396 165 0 1
395 165 0 1
394 165 0 1
393 165 0 1
392 165 0 1
232 165 0 0
231 165 0 0
230 165 0 0
229 165 0 0
396 164 0 1
395 164 0 1
394 164 0 1
393 164 0 1
392 164 0 1
232 164 0 0
231 164 0 0
230 164 0 0
229 164 0 0
397 163 0 1
396 163 0 1
395 163 0 1
394 163 0 1
393 163 0 1
392 163 0 1
232 163 0 0
231 163 0 0
230 163 0 0
229 163 0 0
397 162 0 1
396 162 0 1
395 162 0 1
394 162 0 1
393 162 0 1
232 162 0 0
231 162 0 0
230 162 0 0
229 162 0 0
228 162 0 0
397 161 0 1
396 161 0 1
395 161 0 1
394 161 0 1
393 161 0 1
232 161 0 0
231 161 0 0
230 161 0 0
229 161 0 0
228 161 0 0
397 160 0 1
396 160 0 1
395 160 0 1
394 160 0 1
393 160 0 1
232 160 0 0
231 160 0 0
230 160 0 0
229 160 0 0
228 160 0 0
397 159 0 1
396 159 0 1
395 159 0 1
394 159 0 1
393 159 0 1
232 159 0 0
231 159 0 0
230 159 0 0
229 159 0 0
228 159 0 0
397 158 0 1
396 158 0 1
395 158 0 1
394 158 0 1
393 158 0 1
232 158 0 0
231 158 0 0
230 158 0 0
229 158 0 0
228 158 0 0
398 157 0 1
397 157 0 1
396 157 0 1
395 157 0 1
394 157 0 1
393 157 0 1
232 157 0 0
231 157 0 0
230 157 0 0
229 157 0 0
228 157 0 0
398 156 0 1
397 156 0 1
396 156 0 1
395 156 0 1
394 156 0 1
232 156 0 0
231 156 0 0
230 156 0 0
229 156 0 0
228 156 0 0
398 155 0 1
397 155 0 1
396 155 0 1
395 155 0 1
394 155 0 1
232 155 0 0
231 155 0 0
230 155 0 0
229 155 0 0
228 155 0 0
398 154 0 1
397 154 0 1
396 154 0 1
395 154 0 1
394 154 0 1
232 154 0 0
231 154 0 0
230 154 0 0
229 154 0 0
228 154 0 0
398 153 0 1
397 153 0 1
396 153 0 1
395 153 0 1
394 153 0 1
232 153 0 0
231 153 0 0
230 153 0 0
229 153 0 0
228 153 0 0
398 152 0 1
397 152 0 1
396 152 0 1
395 152 0 1
394 152 0 1
232 152 0 0
231 152 0 0
230 152 0 0
229 152 0 0
228 152 0 0
399 151 0 1
398 151 0 1
397 151 0 1
396 151 0 1
395 151 0 1
394 151 0 1
232 151 0 0
231 151 0 0
230 151 0 0
229 151 0 0
228 151 0 0
399 150 0 1
398 150 0 1
397 150 0 1
396 150 0 1
395 150 0 1
232 150 0 0
231 150 0 0
230 150 0 0
229 150 0 0
228 150 0 0
399 149 0 1
398 149 0 1
397 149 0 1
396 149 0 1
395 149 0 1
232 149 0 0
231 149 0 0
230 149 0 0
229 149 0 0
228 149 0 0
399 148 0 1
398 148 0 1
397 148 0 1
396 148 0 1
395 148 0 1
231 148 0 0
230 148 0 0
229 148 0 0
228 148 0 0
227 148 0 0
399 147 0 1
398 147 0 1
397 147 0 1
396 147 0 1
395 147 0 1
231 147 0 0
230 147 0 0
229 147 0 0
228 147 0 0
227 147 0 0
399 146 0 1
398 146 0 1
397 146 0 1
396 146 0 1
395 146 0 1
231 146 0 0
230 146 0 0
229 146 0 0
228 146 0 0
227 146 0 0
400 145 0 1
399 145 0 1
398 145 0 1
397 145 0 1
396 145 0 1
395 145 0 1
231 145 0 0
230 145 0 0
229 145 0 0
228 145 0 0
227 145 0 0
499 144 0 0
498 144 0 0
497 144 0 0
496 144 0 0
495 144 0 0
400 144 0 1
399 144 0 1
398 144 0 1
397 144 0 1
396 144 0 1
231 144 0 0
230 144 0 0
229 144 0 0
228 144 0 0
227 144 0 0
499 143 0 0
498 143 0 0
497 143 0 0
496 143 0 0
495 143 0 0
494 143 0 0
400 143 0 1
399 143 0 1
398 143 0 1
397 143 0 1
396 143 0 1
231 143 0 0
230 143 0 0
229 143 0 0
228 143 0 0
227 143 0 0
499 142 0 0
498 142 0 0
497 142 0 0
496 142 0 0
495 142 0 0
494 142 0 0
493 142 0 0
492 142 0 0
400 142 0 1
399 142 0 1
398 142 0 1
397 142 0 1
396 142 0 1
231 142 0 0
230 142 0 0
229 142 0 0
228 142 0 0
227 142 0 0
499 141 0 0
498 141 0 0
497 141 0 0
496 141 0 0
495 141 0 0
494 141 0 0
493 141 0 0
492 141 0 0
491 141 0 0
400 141 0 1
399 141 0 1
398 141 0 1
397 141 0 1
396 141 0 1
231 141 0 0
230 141 0 0
229 141 0 0
228 141 0 0
227 141 0 0
498 140 0 0
497 140 0 0
496 140 0 0
495 140 0 0
494 140 0 0
493 140 0 0
492 140 0 0
491 140 0 0
490 140 0 0
400 140 0 1
399 140 0 1
398 140 0 1
397 140 0 1
396 140 0 1
231 140 0 0
230 140 0 0
229 140 0 0
228 140 0 0
227 140 0 0
496 139 0 0
495 139 0 0
494 139 0 0
493 139 0 0
492 139 0 0
491 139 0 0
490 139 0 0
489 139 0 0
488 139 0 0
401 139 0 1
400 139 0 1
399 139 0 1
398 139 0 1
397 139 0 1
396 139 0 1
231 139 0 0
230 139 0 0
229 139 0 0
228 139 0 0
227 139 0 0
495 138 0 0
494 138 0 0
493 138 0 0
492 138 0 0
491 138 0 0
490 138 0 0
489 138 0 0
488 138 0 0
487 138 0 0
401 138 0 1
400 138 0 1
399 138 0 1
398 138 0 1
397 138 0 1
231 138 0 0
230 138 0 0
229 138 0 0
228 138 0 0
227 138 0 0
493 137 0 0
492 137 0 0
491 137 0 0
490 137 0 0
489 137 0 0
488 137 0 0
487 137 0 0
486 137 0 0
485 137 0 0
401 137 0 1
400 137 0 1
399 137 0 1
398 137 0 1
397 137 0 1
231 137 0 0
230 137 0 0
229 137 0 0
228 137 0 0
227 137 0 0
492 136 0 0
491 136 0 0
490 136 0 0
489 136 0 0
488 136 0 0
487 136 0 0
486 136 0 0
485 136 0 0
484 136 0 0
401 136 0 1
400 136 0 1
399 136 0 1
398 136 0 1
397 136 0 1
231 136 0 0
230 136 0 0
229 136 0 0
228 136 0 0
227 136 0 0
490 135 0 0
489 135 0 0
488 135 0 0
487 135 0 0
486 135 0 0
485 135 0 0
484 135 0 0
483 135 0 0
482 135 0 0
401 135 0 1
400 135 0 1
399 135 0 1
398 135 0 1
397 135 0 1
231 135 0 0
230 135 0 0
229 135 0 0
228 135 0 0
227 135 0 0
489 134 0 0
488 134 0 0
487 134 0 0
486 134 0 0
485 134 0 0
484 134 0 0
483 134 0 0
482 134 0 0
481 134 0 0
480 134 0 0
401 134 0 1
400 134 0 1
399 134 0 1
398 134 0 1
397 134 0 1
231 134 0 0
230 134 0 0
229 134 0 0
228 134 0 0
227 134 0 0
487 133 0 0
486 133 0 0
485 133 0 0
484 133 0 0
483 133 0 0
482 133 0 0
481 133 0 0
480 133 0 0
479 133 0 0
401 133 0 1
400 133 0 1
399 133 0 1
398 133 0 1
230 133 0 0
229 133 0 0
228 133 0 0
227 133 0 0
226 133 0 0
486 132 0 0
485 132 0 0
484 132 0 0
483 132 0 0
482 132 0 0
481 132 0 0
480 132 0 0
479 132 0 0
478 132 0 0
477 132 0 0
401 132 0 1
400 132 0 1
399 132 0 1
398 132 0 1
230 132 0 0
229 132 0 0
228 132 0 0
227 132 0 0
226 132 0 0
484 131 0 0
483 131 0 0
482 131 0 0
481 131 0 0
480 131 0 0
479 131 0 0
478 131 0 0
477 131 0 0
476 131 0 0
401 131 0 1
400 131 0 1
399 131 0 1
398 131 0 1
230 131 0 0
229 131 0 0
228 131 0 0
227 131 0 0
226 131 0 0
483 130 0 0
482 130 0 0
481 130 0 0
480 130 0 0
479 130 0 0
478 130 0 0
477 130 0 0
476 130 0 0
475 130 0 0
474 130 0 0
401 130 0 1
400 130 0 1
399 130 0 1
398 130 0 1
230 130 0 0
229 130 0 0
228 130 0 0
227 130 0 0
226 130 0 0
481 129 0 0
480 129 0 0
479 129 0 0
478 129 0 0
477 129 0 0
476 129 0 0
475 129 0 0
474 129 0 0
473 129 0 0
401 129 0 1
400 129 0 1
399 129 0 1
398 129 0 1
230 129 0 0
229 129 0 0
228 129 0 0
227 129 0 0
226 129 0 0
480 128 0 0
479 128 0 0
478 128 0 0
477 128 0 0
476 128 0 0
475 128 0 0
474 128 0 0
473 128 0 0
472 128 0 0
471 128 0 0
401 128 0 1
400 128 0 1
399 128 0 1
398 128 0 1
230 128 0 0
229 128 0 0
228 128 0 0
227 128 0 0
226 128 0 0
478 127 0 0
477 127 0 0
476 127 0 0
475 127 0 0
474 127 0 0
473 127 0 0
472 127 0 0
471 127 0 0
470 127 0 0
401 127 0 1
400 127 0 1
399 127 0 1
398 127 0 1
229 127 0 0
228 127 0 0
227 127 0 0
226 127 0 0
225 127 0 0
477 126 0 0
476 126 0 0
475 126 0 0
474 126 0 0
473 126 0 0
472 126 0 0
471 126 0 0
470 126 0 0
469 126 0 0
468 126 0 0
401 126 0 1
400 126 0 1
399 126 0 1
398 126 0 1
229 126 0 0
228 126 0 0
227 126 0 0
226 126 0 0
225 126 0 0
475 125 0 0
474 125 0 0
473 125 0 0
472 125 0 0
471 125 0 0
470 125 0 0
469 125 0 0
468 125 0 0
467 125 0 0
466 125 0 0
401 125 0 1
400 125 0 1
399 125 0 1
398 125 0 1
229 125 0 0
228 125 0 0
227 125 0 0
226 125 0 0
225 125 0 0
474 124 0 0
473 124 0 0
472 124 0 0
471 124 0 0
470 124 0 0
469 124 0 0
468 124 0 0
467 124 0 0
466 124 0 0
465 124 0 0
401 124 0 1
400 124 0 1
399 124 0 1
398 124 0 1
229 124 0 0
228 124 0 0
227 124 0 0
226 124 0 0
225 124 0 0
472 123 0 0
471 123 0 0
470 123 0 0
469 123 0 0
468 123 0 0
467 123 0 0
466 123 0 0
465 123 0 0
464 123 0 0
463 123 0 0
401 123 0 1
400 123 0 1
399 123 0 1
398 123 0 1
229 123 0 0
228 123 0 0
227 123 0 0
226 123 0 0
225 123 0 0
471 122 0 0
470 122 0 0
469 122 0 0
468 122 0 0
467 122 0 0
466 122 0 0
465 122 0 0
464 122 0 0
463 122 0 0
462 122 0 0
461 122 0 0
401 122 0 1
400 122 0 1
399 122 0 1
398 122 0 1
229 122 0 0
228 122 0 0
227 122 0 0
226 122 0 0
225 122 0 0
469 121 0 0
468 121 0 0
467 121 0 0
466 121 0 0
465 121 0 0
464 121 0 0
463 121 0 0
462 121 0 0
461 121 0 0
460 121 0 0
401 121 0 1
400 121 0 1
399 121 0 1
398 121 0 1
228 121 0 0
227 121 0 0
226 121 0 0
225 121 0 0
224 121 0 0
467 120 0 0
466 120 0 0
465 120 0 0
464 120 0 0
463 120 0 0
462 120 0 0
461 120 0 0
460 120 0 0
459 120 0 0
458 120 0 0
401 120 0 1
400 120 0 1
399 120 0 1
398 120 0 1
228 120 0 0
227 120 0 0
226 120 0 0
225 120 0 0
224 120 0 0
466 119 0 0
465 119 0 0
464 119 0 0
463 119 0 0
462 119 0 0
461 119 0 0
460 119 0 0
459 119 0 0
458 119 0 0
457 119 0 0
456 119 0 0
401 119 0 1
400 119 0 1
399 119 0 1
398 119 0 1
228 119 0 0
227 119 0 0
226 119 0 0
225 119 0 0
224 119 0 0
464 118 0 0
463 118 0 0
462 118 0 0
461 118 0 0
460 118 0 0
459 118 0 0
458 118 0 0
457 118 0 0
456 118 0 0
455 118 0 0
401 118 0 1
400 118 0 1
399 118 0 1
398 118 0 1
228 118 0 0
227 118 0 0
226 118 0 0
225 118 0 0
224 118 0 0
462 117 0 0
461 117 0 0
460 117 0 0
459 117 0 0
458 117 0 0
457 117 0 0
456 117 0 0
455 117 0 0
454 117 0 0
453 117 0 0
401 117 0 1
400 117 0 1
399 117 0 1
398 117 0 1
228 117 0 0
227 117 0 0
226 117 0 0
225 117 0 0
224 117 0 0
460 116 0 0
459 116 0 0
458 116 0 0
457 116 0 0
456 116 0 0
455 116 0 0
454 116 0 0
453 116 0 0
452 116 0 0
451 116 0 0
401 116 0 1
400 116 0 1
399 116 0 1
398 116 0 1
228 116 0 0
227 116 0 0
226 116 0 0
225 116 0 0
224 116 0 0
459 115 0 0
458 115 0 0
457 115 0 0
456 115 0 0
455 115 0 0
454 115 0 0
453 115 0 0
452 115 0 0
451 115 0 0
450 115 0 0
449 115 0 0
401 115 0 1
400 115 0 1
399 115 0 1
398 115 0 1
228 115 0 0
227 115 0 0
226 115 0 0
225 115 0 0
224 115 0 0
457 114 0 0
456 114 0 0
455 114 0 0
454 114 0 0
453 114 0 0
452 114 0 0
451 114 0 0
450 114 0 0
449 114 0 0
448 114 0 0
401 114 0 1
400 114 0 1
399 114 0 1
398 114 0 1
228 114 0 0
227 114 0 0
226 114 0 0
225 114 0 0
224 114 0 0
455 113 0 0
454 113 0 0
453 113 0 0
452 113 0 0
451 113 0 0
450 113 0 0
449 113 0 0
448 113 0 0
447 113 0 0
446 113 0 0
401 113 0 1
400 113 0 1
399 113 0 1
398 113 0 1
228 113 0 0
227 113 0 0
226 113 0 0
225 113 0 0
224 113 0 0
454 112 0 0
453 112 0 0
452 112 0 0
451 112 0 0
450 112 0 0
449 112 0 0
448 112 0 0
447 112 0 0
446 112 0 0
445 112 0 0
444 112 0 0
401 112 0 1
400 112 0 1
399 112 0 1
398 112 0 1
228 112 0 0
227 112 0 0
226 112 0 0
225 112 0 0
224 112 0 0
452 111 0 0
451 111 0 0
450 111 0 0
449 111 0 0
448 111 0 0
447 111 0 0
446 111 0 0
445 111 0 0
444 111 0 0
443 111 0 0
401 111 0 1
400 111 0 1
399 111 0 1
398 111 0 1
228 111 0 0
227 111 0 0
226 111 0 0
225 111 0 0
224 111 0 0
450 110 0 0
449 110 0 0
448 110 0 0
447 110 0 0
446 110 0 0
445 110 0 0
444 110 0 0
443 110 0 0
442 110 0 0
441 110 0 0
401 110 0 1
400 110 0 1
399 110 0 1
398 110 0 1
228 110 0 0
227 110 0 0
226 110 0 0
225 110 0 0
224 110 0 0
449 109 0 0
448 109 0 0
447 109 0 0
446 109 0 0
445 109 0 0
444 109 0 0
443 109 0 0
442 109 0 0
441 109 0 0
440 109 0 0
439 109 0 0
401 109 0 1
400 109 0 1
399 109 0 1
398 109 0 1
228 109 0 0
227 109 0 0
226 109 0 0
225 109 0 0
224 109 0 0
447 108 0 0
446 108 0 0
445 108 0 0
444 108 0 0
443 108 0 0
442 108 0 0
441 108 0 0
440 108 0 0
439 108 0 0
438 108 0 0
401 108 0 1
400 108 0 1
399 108 0 1
398 108 0 1
228 108 0 0
227 108 0 0
226 108 0 0
225 108 0 0
224 108 0 0
445 107 0 0
444 107 0 0
443 107 0 0
442 107 0 0
441 107 0 0
440 107 0 0
439 107 0 0
438 107 0 0
437 107 0 0
436 107 0 0
401 107 0 1
400 107 0 1
399 107 0 1
398 107 0 1
228 107 0 0
227 107 0 0
226 107 0 0
225 107 0 0
224 107 0 0
223 107 0 0
443 106 0 0
442 106 0 0
441 106 0 0
440 106 0 0
439 106 0 0
438 106 0 0
437 106 0 0
436 106 0 0
435 106 0 0
434 106 0 0
227 106 0 0
226 106 0 0
225 106 0 0
224 106 0 0
223 106 0 0
442 105 0 0
441 105 0 0
440 105 0 0
439 105 0 0
438 105 0 0
437 105 0 0
436 105 0 0
435 105 0 0
434 105 0 0
433 105 0 0
432 105 0 0
227 105 0 0
226 105 0 0
225 105 0 0
224 105 0 0
223 105 0 0
440 104 0 0
439 104 0 0
438 104 0 0
437 104 0 0
436 104 0 0
435 104 0 0
434 104 0 0
433 104 0 0
432 104 0 0
431 104 0 0
227 104 0 0
226 104 0 0
225 104 0 0
224 104 0 0
223 104 0 0
438 103 0 0
437 103 0 0
436 103 0 0
435 103 0 0
434 103 0 0
433 103 0 0
432 103 0 0
431 103 0 0
430 103 0 0
429 103 0 0
227 103 0 0
226 103 0 0
225 103 0 0
224 103 0 0
223 103 0 0
437 102 0 0
436 102 0 0
435 102 0 0
434 102 0 0
433 102 0 0
432 102 0 0
431 102 0 0
430 102 0 0
429 102 0 0
428 102 0 0
227 102 0 0
226 102 0 0
225 102 0 0
224 102 0 0
223 102 0 0
222 102 0 0
435 101 0 0
434 101 0 0
433 101 0 0
432 101 0 0
431 101 0 0
430 101 0 0
429 101 0 0
428 101 0 0
427 101 0 0
426 101 0 0
227 101 0 0
226 101 0 0
225 101 0 0
224 101 0 0
223 101 0 0
222 101 0 0
433 100 0 0
432 100 0 0
431 100 0 0
430 100 0 0
429 100 0 0
428 100 0 0
427 100 0 0
426 100 0 0
425 100 0 0
226 100 0 0
225 100 0 0
224 100 0 0
223 100 0 0
222 100 0 0
432 99 0 0
431 99 0 0
430 99 0 0
429 99 0 0
428 99 0 0
427 99 0 0
426 99 0 0
425 99 0 0
424 99 0 0
423 99 0 0
226 99 0 0
225 99 0 0
224 99 0 0
223 99 0 0
222 99 0 0
430 98 0 0
429 98 0 0
428 98 0 0
427 98 0 0
426 98 0 0
425 98 0 0
424 98 0 0
423 98 0 0
422 98 0 0
226 98 0 0
225 98 0 0
224 98 0 0
223 98 0 0
222 98 0 0
429 97 0 0
428 97 0 0
427 97 0 0
426 97 0 0
425 97 0 0
424 97 0 0
423 97 0 0
422 97 0 0
421 97 0 0
420 97 0 0
226 97 0 0
225 97 0 0
224 97 0 0
223 97 0 0
222 97 0 0
221 97 0 0
427 96 0 0
426 96 0 0
425 96 0 0
424 96 0 0
423 96 0 0
422 96 0 0
421 96 0 0
420 96 0 0
419 96 0 0
226 96 0 0
225 96 0 0
224 96 0 0
223 96 0 0
222 96 0 0
221 96 0 0
426 95 0 0
425 95 0 0
424 95 0 0
423 95 0 0
422 95 0 0
421 95 0 0
420 95 0 0
419 95 0 0
418 95 0 0
225 95 0 0
224 95 0 0
223 95 0 0
222 95 0 0
221 95 0 0
424 94 0 0
423 94 0 0
422 94 0 0
421 94 0 0
420 94 0 0
419 94 0 0
418 94 0 0
417 94 0 0
416 94 0 0
225 94 0 0
224 94 0 0
223 94 0 0
222 94 0 0
221 94 0 0
423 93 0 0
422 93 0 0
421 93 0 0
420 93 0 0
419 93 0 0
418 93 0 0
417 93 0 0
416 93 0 0
415 93 0 0
225 93 0 0
224 93 0 0
223 93 0 0
222 93 0 0
221 93 0 0
422 92 0 0
421 92 0 0
420 92 0 0
419 92 0 0
418 92 0 0
417 92 0 0
416 92 0 0
415 92 0 0
414 92 0 0
413 92 0 0
224 92 0 0
223 92 0 0
222 92 0 0
221 92 0 0
420 91 0 0
419 91 0 0
418 91 0 0
417 91 0 0
416 91 0 0
415 91 0 0
414 91 0 0
413 91 0 0
412 91 0 0
419 90 0 0
418 90 0 0
417 90 0 0
416 90 0 0
415 90 0 0
414 90 0 0
413 90 0 0
412 90 0 0
411 90 0 0
417 89 0 0
416 89 0 0
415 89 0 0
414 89 0 0
413 89 0 0
412 89 0 0
411 89 0 0
410 89 0 0
409 89 0 0
416 88 0 0
415 88 0 0
414 88 0 0
413 88 0 0
412 88 0 0
411 88 0 0
410 88 0 0
409 88 0 0
408 88 0 0
414 87 0 0
413 87 0 0
412 87 0 0
411 87 0 0
410 87 0 0
409 87 0 0
408 87 0 0
407 87 0 0
406 87 0 0
413 86 0 0
412 86 0 0
411 86 0 0
410 86 0 0
409 86 0 0
408 86 0 0
407 86 0 0
406 86 0 0
405 86 0 0
412 85 0 0
411 85 0 0
410 85 0 0
409 85 0 0
408 85 0 0
407 85 0 0
406 85 0 0
405 85 0 0
404 85 0 0
410 84 0 0
409 84 0 0
408 84 0 0
407 84 0 0
406 84 0 0
405 84 0 0
404 84 0 0
403 84 0 0
402 84 0 0
409 83 0 0
408 83 0 0
407 83 0 0
406 83 0 0
405 83 0 0
404 83 0 0
403 83 0 0
402 83 0 0
401 83 0 0
407 82 0 0
406 82 0 0
405 82 0 0
404 82 0 0
403 82 0 0
402 82 0 0
401 82 0 0
400 82 0 0
399 82 0 0
406 81 0 0
405 81 0 0
404 81 0 0
403 81 0 0
402 81 0 0
401 81 0 0
400 81 0 0
399 81 0 0
398 81 0 0
405 80 0 0
404 80 0 0
403 80 0 0
402 80 0 0
401 80 0 0
400 80 0 0
399 80 0 0
398 80 0 0
397 80 0 0
396 80 0 0
403 79 0 0
402 79 0 0
401 79 0 0
400 79 0 0
399 79 0 0
398 79 0 0
397 79 0 0
396 79 0 0
395 79 0 0
402 78 0 0
401 78 0 0
400 78 0 0
399 78 0 0
398 78 0 0
397 78 0 0
396 78 0 0
395 78 0 0
394 78 0 0
400 77 0 0
399 77 0 0
398 77 0 0
397 77 0 0
396 77 0 0
395 77 0 0
394 77 0 0
393 77 0 0
392 77 0 0
399 76 0 0
398 76 0 0
397 76 0 0
396 76 0 0
395 76 0 0
394 76 0 0
393 76 0 0
392 76 0 0
391 76 0 0
398 75 0 0
397 75 0 0
396 75 0 0
395 75 0 0
394 75 0 0
393 75 0 0
392 75 0 0
391 75 0 0
390 75 0 0
389 75 0 0
396 74 0 0
395 74 0 0
394 74 0 0
393 74 0 0
392 74 0 0
391 74 0 0
390 74 0 0
389 74 0 0
388 74 0 0
395 73 0 0
394 73 0 0
393 73 0 0
392 73 0 0
391 73 0 0
390 73 0 0
389 73 0 0
388 73 0 0
387 73 0 0
386 73 0 0
393 72 0 0
392 72 0 0
391 72 0 0
390 72 0 0
389 72 0 0
388 72 0 0
387 72 0 0
386 72 0 0
385 72 0 0
392 71 0 0
391 71 0 0
390 71 0 0
389 71 0 0
388 71 0 0
387 71 0 0
386 71 0 0
385 71 0 0
384 71 0 0
383 71 0 0
390 70 0 0
389 70 0 0
388 70 0 0
387 70 0 0
386 70 0 0
385 70 0 0
384 70 0 0
383 70 0 0
382 70 0 0
389 69 0 0
388 69 0 0
387 69 0 0
386 69 0 0
385 69 0 0
384 69 0 0
383 69 0 0
382 69 0 0
381 69 0 0
380 69 0 0
387 68 0 0
386 68 0 0
385 68 0 0
384 68 0 0
383 68 0 0
382 68 0 0
381 68 0 0
380 68 0 0
379 68 0 0
386 67 0 0
385 67 0 0
384 67 0 0
383 67 0 0
382 67 0 0
381 67 0 0
380 67 0 0
379 67 0 0
378 67 0 0
377 67 0 0
384 66 0 0
383 66 0 0
382 66 0 0
381 66 0 0
380 66 0 0
379 66 0 0
378 66 0 0
377 66 0 0
376 66 0 0
383 65 0 0
382 65 0 0
381 65 0 0
380 65 0 0
379 65 0 0
378 65 0 0
377 65 0 0
376 65 0 0
375 65 0 0
374 65 0 0
381 64 0 0
380 64 0 0
379 64 0 0
378 64 0 0
377 64 0 0
376 64 0 0
375 64 0 0
374 64 0 0
373 64 0 0
380 63 0 0
379 63 0 0
378 63 0 0
377 63 0 0
376 63 0 0
375 63 0 0
374 63 0 0
373 63 0 0
372 63 0 0
371 63 0 0
378 62 0 0
377 62 0 0
376 62 0 0
375 62 0 0
374 62 0 0
373 62 0 0
372 62 0 0
371 62 0 0
370 62 0 0
377 61 0 0
376 61 0 0
375 61 0 0
374 61 0 0
373 61 0 0
372 61 0 0
371 61 0 0
370 61 0 0
369 61 0 0
368 61 0 0
375 60 0 0
374 60 0 0
373 60 0 0
372 60 0 0
371 60 0 0
370 60 0 0
369 60 0 0
368 60 0 0
367 60 0 0
374 59 0 0
373 59 0 0
372 59 0 0
371 59 0 0
370 59 0 0
369 59 0 0
368 59 0 0
367 59 0 0
366 59 0 0
365 59 0 0
372 58 0 0
371 58 0 0
370 58 0 0
369 58 0 0
368 58 0 0
367 58 0 0
366 58 0 0
365 58 0 0
364 58 0 0
371 57 0 0
370 57 0 0
369 57 0 0
368 57 0 0
367 57 0 0
366 57 0 0
365 57 0 0
364 57 0 0
363 57 0 0
362 57 0 0
369 56 0 0
368 56 0 0
367 56 0 0
366 56 0 0
365 56 0 0
364 56 0 0
363 56 0 0
362 56 0 0
361 56 0 0
360 56 0 0
368 55 0 0
367 55 0 0
366 55 0 0
365 55 0 0
364 55 0 0
363 55 0 0
362 55 0 0
361 55 0 0
360 55 0 0
359 55 0 0
358 55 0 0
366 54 0 0
365 54 0 0
364 54 0 0
363 54 0 0
362 54 0 0
361 54 0 0
360 54 0 0
359 54 0 0
358 54 0 0
357 54 0 0
356 54 0 0
365 53 0 0
364 53 0 0
363 53 0 0
362 53 0 0
361 53 0 0
360 53 0 0
359 53 0 0
358 53 0 0
357 53 0 0
356 53 0 0
355 53 0 0
354 53 0 0
363 52 0 0
362 52 0 0
361 52 0 0
360 52 0 0
359 52 0 0
358 52 0 0
357 52 0 0
356 52 0 0
355 52 0 0
354 52 0 0
353 52 0 0
352 52 0 0
361 51 0 0
360 51 0 0
359 51 0 0
358 51 0 0
357 51 0 0
356 51 0 0
355 51 0 0
354 51 0 0
353 51 0 0
352 51 0 0
351 51 0 0
350 51 0 0
359 50 0 0
358 50 0 0
357 50 0 0
356 50 0 0
355 50 0 0
354 50 0 0
353 50 0 0
352 50 0 0
351 50 0 0
350 50 0 0
349 50 0 0
348 50 0 0
347 50 0 0
356 49 0 0
355 49 0 0
354 49 0 0
353 49 0 0
352 49 0 0
351 49 0 0
350 49 0 0
349 49 0 0
348 49 0 0
347 49 0 0
346 49 0 0
345 49 0 0
354 48 0 0
353 48 0 0
352 48 0 0
351 48 0 0
350 48 0 0
349 48 0 0
348 48 0 0
347 48 0 0
346 48 0 0
345 48 0 0
344 48 0 0
343 48 0 0
352 47 0 0
351 47 0 0
350 47 0 0
349 47 0 0
348 47 0 0
347 47 0 0
346 47 0 0
345 47 0 0
344 47 0 0
343 47 0 0
342 47 0 0
341 47 0 0
340 47 0 0
350 46 0 0
349 46 0 0
348 46 0 0
347 46 0 0
346 46 0 0
345 46 0 0
344 46 0 0
343 46 0 0
342 46 0 0
341 46 0 0
340 46 0 0
339 46 0 0
338 46 0 0
337 46 0 0
348 45 0 0
347 45 0 0
346 45 0 0
345 45 0 0
344 45 0 0
343 45 0 0
342 45 0 0
341 45 0 0
340 45 0 0
339 45 0 0
338 45 0 0
337 45 0 0
336 45 0 0
335 45 0 0
334 45 0 0
346 44 0 0
345 44 0 0
344 44 0 0
343 44 0 0
342 44 0 0
341 44 0 0
340 44 0 0
339 44 0 0
338 44 0 0
337 44 0 0
336 44 0 0
335 44 0 0
334 44 0 0
333 44 0 0
332 44 0 0
331 44 0 0
344 43 0 0
343 43 0 0
342 43 0 0
341 43 0 0
340 43 0 0
339 43 0 0
338 43 0 0
337 43 0 0
336 43 0 0
335 43 0 0
334 43 0 0
333 43 0 0
332 43 0 0
331 43 0 0
330 43 0 0
329 43 0 0
341 42 0 0
340 42 0 0
339 42 0 0
338 42 0 0
337 42 0 0
336 42 0 0
335 42 0 0
334 42 0 0
333 42 0 0
332 42 0 0
331 42 0 0
330 42 0 0
329 42 0 0
328 42 0 0
327 42 0 0
291 42 0 0
290 42 0 0
289 42 0 0
288 42 0 0
338 41 0 0
337 41 0 0
336 41 0 0
335 41 0 0
334 41 0 0
333 41 0 0
332 41 0 0
331 41 0 0
330 41 0 0
329 41 0 0
328 41 0 0
327 41 0 0
326 41 0 0
325 41 0 0
324 41 0 0
292 41 0 0
291 41 0 0
290 41 0 0
289 41 0 0
288 41 0 0
335 40 0 0
334 40 0 0
333 40 0 0
332 40 0 0
331 40 0 0
330 40 0 0
329 40 0 0
328 40 0 0
327 40 0 0
326 40 0 0
325 40 0 0
324 40 0 0
323 40 0 0
322 40 0 0
321 40 0 0
294 40 0 0
293 40 0 0
292 40 0 0
291 40 0 0
290 40 0 0
289 40 0 0
288 40 0 0
332 39 0 0
331 39 0 0
330 39 0 0
329 39 0 0
328 39 0 0
327 39 0 0
326 39 0 0
325 39 0 0
324 39 0 0
323 39 0 0
322 39 0 0
321 39 0 0
320 39 0 0
319 39 0 0
318 39 0 0
296 39 0 0
295 39 0 0
294 39 0 0
293 39 0 0
292 39 0 0
291 39 0 0
290 39 0 0
289 39 0 0
288 39 0 0
329 38 0 0
328 38 0 0
327 38 0 0
326 38 0 0
325 38 0 0
324 38 0 0
323 38 0 0
322 38 0 0
321 38 0 0
320 38 0 0
319 38 0 0
318 38 0 0
317 38 0 0
316 38 0 0
315 38 0 0
314 38 0 0
313 38 0 0
299 38 0 0
298 38 0 0
297 38 0 0
296 38 0 0
295 38 0 0
294 38 0 0
293 38 0 0
292 38 0 0
291 38 0 0
290 38 0 0
289 38 0 0
327 37 0 0
326 37 0 0
325 37 0 0
324 37 0 0
323 37 0 0
322 37 0 0
321 37 0 0
320 37 0 0
319 37 0 0
318 37 0 0
317 37 0 0
316 37 0 0
315 37 0 0
314 37 0 0
313 37 0 0
312 37 0 0
311 37 0 0
310 37 0 0
309 37 0 0
308 37 0 0
307 37 0 0
306 37 0 0
305 37 0 0
304 37 0 0
303 37 0 0
302 37 0 0
301 37 0 0
300 37 0 0
299 37 0 0
298 37 0 0
297 37 0 0
296 37 0 0
295 37 0 0
294 37 0 0
293 37 0 0
292 37 0 0
291 37 0 0
290 37 0 0
325 36 0 0
324 36 0 0
323 36 0 0
322 36 0 0
321 36 0 0
320 36 0 0
319 36 0 0
318 36 0 0
317 36 0 0
316 36 0 0
315 36 0 0
314 36 0 0
313 36 0 0
312 36 0 0
311 36 0 0
310 36 0 0
309 36 0 0
308 36 0 0
307 36 0 0
306 36 0 0
305 36 0 0
304 36 0 0
303 36 0 0
302 36 0 0
301 36 0 0
300 36 0 0
299 36 0 0
298 36 0 0
297 36 0 0
296 36 0 0
295 36 0 0
294 36 0 0
293 36 0 0
292 36 0 0
291 36 0 0
322 35 0 0
321 35 0 0
320 35 0 0
319 35 0 0
318 35 0 0
317 35 0 0
316 35 0 0
315 35 0 0
314 35 0 0
313 35 0 0
312 35 0 0
311 35 0 0
310 35 0 0
309 35 0 0
308 35 0 0
307 35 0 0
306 35 0 0
305 35 0 0
304 35 0 0
303 35 0 0
302 35 0 0
301 35 0 0
300 35 0 0
299 35 0 0
298 35 0 0
297 35 0 0
296 35 0 0
295 35 0 0
294 35 0 0
293 35 0 0
319 34 0 0
318 34 0 0
317 34 0 0
316 34 0 0
315 34 0 0
314 34 0 0
313 34 0 0
312 34 0 0
311 34 0 0
310 34 0 0
309 34 0 0
308 34 0 0
307 34 0 0
306 34 0 0
305 34 0 0
304 34 0 0
303 34 0 0
302 34 0 0
301 34 0 0
300 34 0 0
299 34 0 0
298 34 0 0
297 34 0 0
296 34 0 0
295 34 0 0
