3977 450 600
258 419 0 0
257 419 0 0
256 419 0 0
255 419 0 0
259 418 0 0
258 418 0 0
257 418 0 0
256 418 0 0
255 418 0 0
260 417 0 0
259 417 0 0
258 417 0 0
257 417 0 0
256 417 0 0
255 417 0 0
260 416 0 0
259 416 0 0
258 416 0 0
257 416 0 0
256 416 0 0
255 416 0 0
261 415 0 0
260 415 0 0
259 415 0 0
258 415 0 0
257 415 0 0
256 415 0 0
262 414 0 0
261 414 0 0
260 414 0 0
259 414 0 0
258 414 0 0
257 414 0 0
263 413 0 0
262 413 0 0
261 413 0 0
260 413 0 0
259 413 0 0
258 413 0 0
257 413 0 0
264 412 0 0
263 412 0 0
262 412 0 0
261 412 0 0
260 412 0 0
259 412 0 0
258 412 0 0
265 411 0 0
264 411 0 0
263 411 0 0
262 411 0 0
261 411 0 0
260 411 0 0
259 411 0 0
265 410 0 0
264 410 0 0
263 410 0 0
262 410 0 0
261 410 0 0
260 410 0 0
265 409 0 0
264 409 0 0
263 409 0 0
262 409 0 0
261 409 0 0
265 408 0 0
264 408 0 0
263 408 0 0
262 408 0 0
261 408 0 0
266 407 0 0
265 407 0 0
264 407 0 0
263 407 0 0
262 407 0 0
261 407 0 0
266 406 0 0
265 406 0 0
264 406 0 0
263 406 0 0
262 406 0 0
266 405 0 0
265 405 0 0
264 405 0 0
263 405 0 0
262 405 0 0
267 404 0 0
266 404 0 0
265 404 0 0
264 404 0 0
263 404 0 0
262 404 0 0
267 403 0 0
266 403 0 0
265 403 0 0
264 403 0 0
263 403 0 0
262 403 0 0
268 402 0 0
267 402 0 0
266 402 0 0
265 402 0 0
264 402 0 0
263 402 0 0
269 401 0 0
268 401 0 0
267 401 0 0
266 401 0 0
265 401 0 0
264 401 0 0
269 400 0 0
268 400 0 0
267 400 0 0
266 400 0 0
265 400 0 0
264 400 0 0
269 399 0 0
268 399 0 0
267 399 0 0
266 399 0 0
265 399 0 0
270 398 0 0
269 398 0 0
268 398 0 0
267 398 0 0
266 398 0 0
265 398 0 0
270 397 0 0
269 397 0 0
268 397 0 0
267 397 0 0
266 397 0 0
271 396 0 0
270 396 0 0
269 396 0 0
268 396 0 0
267 396 0 0
266 396 0 0
271 395 0 0
270 395 0 0
269 395 0 0
268 395 0 0
267 395 0 0
266 395 0 0
271 394 0 0
270 394 0 0
269 394 0 0
268 394 0 0
267 394 0 0
272 393 0 0
271 393 0 0
270 393 0 0
269 393 0 0
268 393 0 0
267 393 0 0
272 392 0 0
271 392 0 0
270 392 0 0
269 392 0 0
268 392 0 0
273 391 0 0
272 391 0 0
271 391 0 0
270 391 0 0
269 391 0 0
268 391 0 0
273 390 0 0
272 390 0 0
271 390 0 0
270 390 0 0
269 390 0 0
268 390 0 0
274 389 0 0
273 389 0 0
272 389 0 0
271 389 0 0
270 389 0 0
269 389 0 0
274 388 0 0
273 388 0 0
272 388 0 0
271 388 0 0
270 388 0 0
269 388 0 0
275 387 0 0
274 387 0 0
273 387 0 0
272 387 0 0
271 387 0 0
270 387 0 0
275 386 0 0
274 386 0 0
273 386 0 0
272 386 0 0
271 386 0 0
270 386 0 0
276 385 0 0
275 385 0 0
274 385 0 0
273 385 0 0
272 385 0 0
271 385 0 0
277 384 0 0
276 384 0 0
275 384 0 0
274 384 0 0
273 384 0 0
272 384 0 0
277 383 0 0
276 383 0 0
275 383 0 0
274 383 0 0
273 383 0 0
272 383 0 0
278 382 0 0
277 382 0 0
276 382 0 0
275 382 0 0
274 382 0 0
273 382 0 0
278 381 0 0
277 381 0 0
276 381 0 0
275 381 0 0
274 381 0 0
273 381 0 0
279 380 0 0
278 380 0 0
277 380 0 0
276 380 0 0
275 380 0 0
274 380 0 0
279 379 0 0
278 379 0 0
277 379 0 0
276 379 0 0
275 379 0 0
274 379 0 0
280 378 0 0
279 378 0 0
278 378 0 0
277 378 0 0
276 378 0 0
275 378 0 0
281 377 0 0
280 377 0 0
279 377 0 0
278 377 0 0
277 377 0 0
276 377 0 0
275 377 0 0
281 376 0 0
280 376 0 0
279 376 0 0
278 376 0 0
277 376 0 0
276 376 0 0
282 375 0 0
281 375 0 0
280 375 0 0
279 375 0 0
278 375 0 0
277 375 0 0
282 374 0 0
281 374 0 0
280 374 0 0
279 374 0 0
278 374 0 0
277 374 0 0
283 373 0 0
282 373 0 0
281 373 0 0
280 373 0 0
279 373 0 0
278 373 0 0
284 372 0 0
283 372 0 0
282 372 0 0
281 372 0 0
280 372 0 0
279 372 0 0
278 372 0 0
284 371 0 0
283 371 0 0
282 371 0 0
281 371 0 0
280 371 0 0
279 371 0 0
285 370 0 0
284 370 0 0
283 370 0 0
282 370 0 0
281 370 0 0
280 370 0 0
285 369 0 0
284 369 0 0
283 369 0 0
282 369 0 0
281 369 0 0
280 369 0 0
286 368 0 0
285 368 0 0
284 368 0 0
283 368 0 0
282 368 0 0
281 368 0 0
286 367 0 0
285 367 0 0
284 367 0 0
283 367 0 0
282 367 0 0
281 367 0 0
287 366 0 0
286 366 0 0
285 366 0 0
284 366 0 0
283 366 0 0
282 366 0 0
287 365 0 0
286 365 0 0
285 365 0 0
284 365 0 0
283 365 0 0
282 365 0 0
287 364 0 0
286 364 0 0
285 364 0 0
284 364 0 0
283 364 0 0
288 363 0 0
287 363 0 0
286 363 0 0
285 363 0 0
284 363 0 0
283 363 0 0
288 362 0 0
287 362 0 0
286 362 0 0
285 362 0 0
284 362 0 0
289 361 0 0
288 361 0 0
287 361 0 0
286 361 0 0
285 361 0 0
284 361 0 0
289 360 0 0
288 360 0 0
287 360 0 0
286 360 0 0
285 360 0 0
290 359 0 0
289 359 0 0
288 359 0 0
287 359 0 0
286 359 0 0
285 359 0 0
290 358 0 0
289 358 0 0
288 358 0 0
287 358 0 0
286 358 0 0
285 358 0 0
291 357 0 0
290 357 0 0
289 357 0 0
288 357 0 0
287 357 0 0
286 357 0 0
291 356 0 0
290 356 0 0
289 356 0 0
288 356 0 0
287 356 0 0
286 356 0 0
292 355 0 0
291 355 0 0
290 355 0 0
289 355 0 0
288 355 0 0
287 355 0 0
292 354 0 0
291 354 0 0
290 354 0 0
289 354 0 0
288 354 0 0
287 354 0 0
293 353 0 0
292 353 0 0
291 353 0 0
290 353 0 0
289 353 0 0
288 353 0 0
294 352 0 0
293 352 0 0
292 352 0 0
291 352 0 0
290 352 0 0
289 352 0 0
190 352 0 0
189 352 0 0
188 352 0 0
187 352 0 0
294 351 0 0
293 351 0 0
292 351 0 0
291 351 0 0
290 351 0 0
289 351 0 0
190 351 0 0
189 351 0 0
188 351 0 0
187 351 0 0
295 350 0 0
294 350 0 0
293 350 0 0
292 350 0 0
291 350 0 0
290 350 0 0
190 350 0 0
189 350 0 0
188 350 0 0
187 350 0 0
296 349 0 0
295 349 0 0
294 349 0 0
293 349 0 0
292 349 0 0
291 349 0 0
190 349 0 0
189 349 0 0
188 349 0 0
187 349 0 0
296 348 0 0
295 348 0 0
294 348 0 0
293 348 0 0
292 348 0 0
291 348 0 0
190 348 0 0
189 348 0 0
188 348 0 0
187 348 0 0
297 347 0 0
296 347 0 0
295 347 0 0
294 347 0 0
293 347 0 0
292 347 0 0
190 347 0 0
189 347 0 0
188 347 0 0
187 347 0 0
186 347 0 0
298 346 0 0
297 346 0 0
296 346 0 0
295 346 0 0
294 346 0 0
293 346 0 0
190 346 0 0
189 346 0 0
188 346 0 0
187 346 0 0
186 346 0 0
298 345 0 0
297 345 0 0
296 345 0 0
295 345 0 0
294 345 0 0
293 345 0 0
190 345 0 0
189 345 0 0
188 345 0 0
187 345 0 0
186 345 0 0
299 344 0 0
298 344 0 0
297 344 0 0
296 344 0 0
295 344 0 0
294 344 0 0
190 344 0 0
189 344 0 0
188 344 0 0
187 344 0 0
186 344 0 0
300 343 0 0
299 343 0 0
298 343 0 0
297 343 0 0
296 343 0 0
295 343 0 0
190 343 0 0
189 343 0 0
188 343 0 0
187 343 0 0
186 343 0 0
300 342 0 0
299 342 0 0
298 342 0 0
297 342 0 0
296 342 0 0
295 342 0 0
190 342 0 0
189 342 0 0
188 342 0 0
187 342 0 0
186 342 0 0
185 342 0 0
301 341 0 0
300 341 0 0
299 341 0 0
298 341 0 0
297 341 0 0
296 341 0 0
190 341 0 0
189 341 0 0
188 341 0 0
187 341 0 0
186 341 0 0
185 341 0 0
302 340 0 0
301 340 0 0
300 340 0 0
299 340 0 0
298 340 0 0
297 340 0 0
252 340 0 1
251 340 0 1
250 340 0 1
249 340 0 1
189 340 0 0
188 340 0 0
187 340 0 0
186 340 0 0
185 340 0 0
302 339 0 0
301 339 0 0
300 339 0 0
299 339 0 0
298 339 0 0
297 339 0 0
252 339 0 1
251 339 0 1
250 339 0 1
249 339 0 1
228 339 0 1
227 339 0 1
226 339 0 1
225 339 0 1
189 339 0 0
188 339 0 0
187 339 0 0
186 339 0 0
185 339 0 0
184 339 0 0
303 338 0 0
302 338 0 0
301 338 0 0
300 338 0 0
299 338 0 0
298 338 0 0
252 338 0 1
251 338 0 1
250 338 0 1
249 338 0 1
228 338 0 1
227 338 0 1
226 338 0 1
225 338 0 1
189 338 0 0
188 338 0 0
187 338 0 0
186 338 0 0
185 338 0 0
184 338 0 0
304 337 0 0
303 337 0 0
302 337 0 0
301 337 0 0
300 337 0 0
299 337 0 0
252 337 0 1
251 337 0 1
250 337 0 1
249 337 0 1
228 337 0 1
227 337 0 1
226 337 0 1
225 337 0 1
188 337 0 0
187 337 0 0
186 337 0 0
185 337 0 0
184 337 0 0
183 337 0 0
304 336 0 0
303 336 0 0
302 336 0 0
301 336 0 0
300 336 0 0
299 336 0 0
252 336 0 1
251 336 0 1
250 336 0 1
249 336 0 1
228 336 0 1
227 336 0 1
226 336 0 1
225 336 0 1
188 336 0 0
187 336 0 0
186 336 0 0
185 336 0 0
184 336 0 0
183 336 0 0
182 336 0 0
305 335 0 0
304 335 0 0
303 335 0 0
302 335 0 0
301 335 0 0
300 335 0 0
252 335 0 1
251 335 0 1
250 335 0 1
249 335 0 1
228 335 0 1
227 335 0 1
226 335 0 1
225 335 0 1
187 335 0 0
186 335 0 0
185 335 0 0
184 335 0 0
183 335 0 0
182 335 0 0
306 334 0 0
305 334 0 0
304 334 0 0
303 334 0 0
302 334 0 0
301 334 0 0
252 334 0 1
251 334 0 1
250 334 0 1
249 334 0 1
228 334 0 1
227 334 0 1
226 334 0 1
225 334 0 1
186 334 0 0
185 334 0 0
184 334 0 0
183 334 0 0
182 334 0 0
181 334 0 0
307 333 0 0
306 333 0 0
305 333 0 0
304 333 0 0
303 333 0 0
302 333 0 0
301 333 0 0
252 333 0 1
251 333 0 1
250 333 0 1
249 333 0 1
248 333 0 1
228 333 0 1
227 333 0 1
226 333 0 1
225 333 0 1
186 333 0 0
185 333 0 0
184 333 0 0
183 333 0 0
182 333 0 0
181 333 0 0
308 332 0 0
307 332 0 0
306 332 0 0
305 332 0 0
304 332 0 0
303 332 0 0
302 332 0 0
252 332 0 1
251 332 0 1
250 332 0 1
249 332 0 1
248 332 0 1
228 332 0 1
227 332 0 1
226 332 0 1
225 332 0 1
224 332 0 1
185 332 0 0
184 332 0 0
183 332 0 0
182 332 0 0
181 332 0 0
180 332 0 0
309 331 0 0
308 331 0 0
307 331 0 0
306 331 0 0
305 331 0 0
304 331 0 0
303 331 0 0
252 331 0 1
251 331 0 1
250 331 0 1
249 331 0 1
248 331 0 1
228 331 0 1
227 331 0 1
226 331 0 1
225 331 0 1
224 331 0 1
184 331 0 0
183 331 0 0
182 331 0 0
181 331 0 0
180 331 0 0
310 330 0 0
309 330 0 0
308 330 0 0
307 330 0 0
306 330 0 0
305 330 0 0
304 330 0 0
252 330 0 1
251 330 0 1
250 330 0 1
249 330 0 1
248 330 0 1
228 330 0 1
227 330 0 1
226 330 0 1
225 330 0 1
224 330 0 1
184 330 0 0
183 330 0 0
182 330 0 0
181 330 0 0
180 330 0 0
311 329 0 0
310 329 0 0
309 329 0 0
308 329 0 0
307 329 0 0
306 329 0 0
305 329 0 0
251 329 0 1
250 329 0 1
249 329 0 1
248 329 0 1
228 329 0 1
227 329 0 1
226 329 0 1
225 329 0 1
224 329 0 1
223 329 0 1
183 329 0 0
182 329 0 0
181 329 0 0
180 329 0 0
179 329 0 0
312 328 0 0
311 328 0 0
310 328 0 0
309 328 0 0
308 328 0 0
307 328 0 0
306 328 0 0
251 328 0 1
250 328 0 1
249 328 0 1
248 328 0 1
227 328 0 1
226 328 0 1
225 328 0 1
224 328 0 1
223 328 0 1
183 328 0 0
182 328 0 0
181 328 0 0
180 328 0 0
179 328 0 0
313 327 0 0
312 327 0 0
311 327 0 0
310 327 0 0
309 327 0 0
308 327 0 0
307 327 0 0
251 327 0 1
250 327 0 1
249 327 0 1
248 327 0 1
227 327 0 1
226 327 0 1
225 327 0 1
224 327 0 1
223 327 0 1
183 327 0 0
182 327 0 0
181 327 0 0
180 327 0 0
179 327 0 0
313 326 0 0
312 326 0 0
311 326 0 0
310 326 0 0
309 326 0 0
308 326 0 0
251 326 0 1
250 326 0 1
249 326 0 1
248 326 0 1
227 326 0 1
226 326 0 1
225 326 0 1
224 326 0 1
223 326 0 1
183 326 0 0
182 326 0 0
181 326 0 0
180 326 0 0
179 326 0 0
314 325 0 0
313 325 0 0
312 325 0 0
311 325 0 0
310 325 0 0
309 325 0 0
251 325 0 1
250 325 0 1
249 325 0 1
248 325 0 1
226 325 0 1
225 325 0 1
224 325 0 1
223 325 0 1
183 325 0 0
182 325 0 0
181 325 0 0
180 325 0 0
179 325 0 0
315 324 0 0
314 324 0 0
313 324 0 0
312 324 0 0
311 324 0 0
310 324 0 0
309 324 0 0
251 324 0 1
250 324 0 1
249 324 0 1
248 324 0 1
226 324 0 1
225 324 0 1
224 324 0 1
223 324 0 1
222 324 0 1
183 324 0 0
182 324 0 0
181 324 0 0
180 324 0 0
179 324 0 0
315 323 0 0
314 323 0 0
313 323 0 0
312 323 0 0
311 323 0 0
310 323 0 0
251 323 0 1
250 323 0 1
249 323 0 1
248 323 0 1
226 323 0 1
225 323 0 1
224 323 0 1
223 323 0 1
222 323 0 1
221 323 0 1
182 323 0 0
181 323 0 0
180 323 0 0
179 323 0 0
178 323 0 0
316 322 0 0
315 322 0 0
314 322 0 0
313 322 0 0
312 322 0 0
311 322 0 0
251 322 0 1
250 322 0 1
249 322 0 1
248 322 0 1
226 322 0 1
225 322 0 1
224 322 0 1
223 322 0 1
222 322 0 1
221 322 0 1
182 322 0 0
181 322 0 0
180 322 0 0
179 322 0 0
178 322 0 0
317 321 0 0
316 321 0 0
315 321 0 0
314 321 0 0
313 321 0 0
312 321 0 0
311 321 0 0
251 321 0 1
250 321 0 1
249 321 0 1
248 321 0 1
226 321 0 1
225 321 0 1
224 321 0 1
223 321 0 1
222 321 0 1
221 321 0 1
182 321 0 0
181 321 0 0
180 321 0 0
179 321 0 0
178 321 0 0
177 321 0 0
317 320 0 0
316 320 0 0
315 320 0 0
314 320 0 0
313 320 0 0
312 320 0 0
251 320 0 1
250 320 0 1
249 320 0 1
248 320 0 1
225 320 0 1
224 320 0 1
223 320 0 1
222 320 0 1
221 320 0 1
182 320 0 0
181 320 0 0
180 320 0 0
179 320 0 0
178 320 0 0
177 320 0 0
318 319 0 0
317 319 0 0
316 319 0 0
315 319 0 0
314 319 0 0
313 319 0 0
251 319 0 1
250 319 0 1
249 319 0 1
248 319 0 1
224 319 0 1
223 319 0 1
222 319 0 1
221 319 0 1
220 319 0 1
181 319 0 0
180 319 0 0
179 319 0 0
178 319 0 0
177 319 0 0
319 318 0 0
318 318 0 0
317 318 0 0
316 318 0 0
315 318 0 0
314 318 0 0
251 318 0 1
250 318 0 1
249 318 0 1
248 318 0 1
224 318 0 1
223 318 0 1
222 318 0 1
221 318 0 1
220 318 0 1
181 318 0 0
180 318 0 0
179 318 0 0
178 318 0 0
177 318 0 0
319 317 0 0
318 317 0 0
317 317 0 0
316 317 0 0
315 317 0 0
314 317 0 0
251 317 0 1
250 317 0 1
249 317 0 1
248 317 0 1
224 317 0 1
223 317 0 1
222 317 0 1
221 317 0 1
220 317 0 1
181 317 0 0
180 317 0 0
179 317 0 0
178 317 0 0
177 317 0 0
320 316 0 0
319 316 0 0
318 316 0 0
317 316 0 0
316 316 0 0
315 316 0 0
251 316 0 1
250 316 0 1
249 316 0 1
248 316 0 1
224 316 0 1
223 316 0 1
222 316 0 1
221 316 0 1
220 316 0 1
219 316 0 1
181 316 0 0
180 316 0 0
179 316 0 0
178 316 0 0
177 316 0 0
321 315 0 0
320 315 0 0
319 315 0 0
318 315 0 0
317 315 0 0
316 315 0 0
251 315 0 1
250 315 0 1
249 315 0 1
248 315 0 1
247 315 0 1
224 315 0 1
223 315 0 1
222 315 0 1
221 315 0 1
220 315 0 1
219 315 0 1
180 315 0 0
179 315 0 0
178 315 0 0
177 315 0 0
176 315 0 0
321 314 0 0
320 314 0 0
319 314 0 0
318 314 0 0
317 314 0 0
316 314 0 0
251 314 0 1
250 314 0 1
249 314 0 1
248 314 0 1
247 314 0 1
223 314 0 1
222 314 0 1
221 314 0 1
220 314 0 1
219 314 0 1
180 314 0 0
179 314 0 0
178 314 0 0
177 314 0 0
176 314 0 0
322 313 0 0
321 313 0 0
320 313 0 0
319 313 0 0
318 313 0 0
317 313 0 0
251 313 0 1
250 313 0 1
249 313 0 1
248 313 0 1
247 313 0 1
223 313 0 1
222 313 0 1
221 313 0 1
220 313 0 1
219 313 0 1
180 313 0 0
179 313 0 0
178 313 0 0
177 313 0 0
176 313 0 0
323 312 0 0
322 312 0 0
321 312 0 0
320 312 0 0
319 312 0 0
318 312 0 0
250 312 0 1
249 312 0 1
248 312 0 1
247 312 0 1
223 312 0 1
222 312 0 1
221 312 0 1
220 312 0 1
219 312 0 1
180 312 0 0
179 312 0 0
178 312 0 0
177 312 0 0
176 312 0 0
175 312 0 0
324 311 0 0
323 311 0 0
322 311 0 0
321 311 0 0
320 311 0 0
319 311 0 0
318 311 0 0
250 311 0 1
249 311 0 1
248 311 0 1
247 311 0 1
222 311 0 1
221 311 0 1
220 311 0 1
219 311 0 1
180 311 0 0
179 311 0 0
178 311 0 0
177 311 0 0
176 311 0 0
175 311 0 0
324 310 0 0
323 310 0 0
322 310 0 0
321 310 0 0
320 310 0 0
319 310 0 0
250 310 0 1
249 310 0 1
248 310 0 1
247 310 0 1
222 310 0 1
221 310 0 1
220 310 0 1
219 310 0 1
218 310 0 1
179 310 0 0
178 310 0 0
177 310 0 0
176 310 0 0
175 310 0 0
325 309 0 0
324 309 0 0
323 309 0 0
322 309 0 0
321 309 0 0
320 309 0 0
250 309 0 1
249 309 0 1
248 309 0 1
247 309 0 1
222 309 0 1
221 309 0 1
220 309 0 1
219 309 0 1
218 309 0 1
179 309 0 0
178 309 0 0
177 309 0 0
176 309 0 0
175 309 0 0
326 308 0 0
325 308 0 0
324 308 0 0
323 308 0 0
322 308 0 0
321 308 0 0
320 308 0 0
250 308 0 1
249 308 0 1
248 308 0 1
247 308 0 1
246 308 0 1
222 308 0 1
221 308 0 1
220 308 0 1
219 308 0 1
218 308 0 1
217 308 0 1
179 308 0 0
178 308 0 0
177 308 0 0
176 308 0 0
175 308 0 0
174 308 0 0
327 307 0 0
326 307 0 0
325 307 0 0
324 307 0 0
323 307 0 0
322 307 0 0
321 307 0 0
250 307 0 1
249 307 0 1
248 307 0 1
247 307 0 1
246 307 0 1
222 307 0 1
221 307 0 1
220 307 0 1
219 307 0 1
218 307 0 1
217 307 0 1
179 307 0 0
178 307 0 0
177 307 0 0
176 307 0 0
175 307 0 0
174 307 0 0
327 306 0 0
326 306 0 0
325 306 0 0
324 306 0 0
323 306 0 0
322 306 0 0
250 306 0 1
249 306 0 1
248 306 0 1
247 306 0 1
246 306 0 1
221 306 0 1
220 306 0 1
219 306 0 1
218 306 0 1
217 306 0 1
178 306 0 0
177 306 0 0
176 306 0 0
175 306 0 0
174 306 0 0
328 305 0 0
327 305 0 0
326 305 0 0
325 305 0 0
324 305 0 0
323 305 0 0
322 305 0 0
250 305 0 1
249 305 0 1
248 305 0 1
247 305 0 1
246 305 0 1
245 305 0 1
221 305 0 1
220 305 0 1
219 305 0 1
218 305 0 1
217 305 0 1
178 305 0 0
177 305 0 0
176 305 0 0
175 305 0 0
174 305 0 0
173 305 0 0
329 304 0 0
328 304 0 0
327 304 0 0
326 304 0 0
325 304 0 0
324 304 0 0
323 304 0 0
249 304 0 1
248 304 0 1
247 304 0 1
246 304 0 1
245 304 0 1
221 304 0 1
220 304 0 1
219 304 0 1
218 304 0 1
217 304 0 1
178 304 0 0
177 304 0 0
176 304 0 0
175 304 0 0
174 304 0 0
173 304 0 0
329 303 0 0
328 303 0 0
327 303 0 0
326 303 0 0
325 303 0 0
324 303 0 0
249 303 0 1
248 303 0 1
247 303 0 1
246 303 0 1
245 303 0 1
220 303 0 1
219 303 0 1
218 303 0 1
217 303 0 1
177 303 0 0
176 303 0 0
175 303 0 0
174 303 0 0
173 303 0 0
330 302 0 0
329 302 0 0
328 302 0 0
327 302 0 0
326 302 0 0
325 302 0 0
249 302 0 1
248 302 0 1
247 302 0 1
246 302 0 1
245 302 0 1
220 302 0 1
219 302 0 1
218 302 0 1
217 302 0 1
177 302 0 0
176 302 0 0
175 302 0 0
174 302 0 0
173 302 0 0
331 301 0 0
330 301 0 0
329 301 0 0
328 301 0 0
327 301 0 0
326 301 0 0
325 301 0 0
249 301 0 1
248 301 0 1
247 301 0 1
246 301 0 1
245 301 0 1
220 301 0 1
219 301 0 1
218 301 0 1
217 301 0 1
177 301 0 0
176 301 0 0
175 301 0 0
174 301 0 0
173 301 0 0
172 301 0 0
331 300 0 0
330 300 0 0
329 300 0 0
328 300 0 0
327 300 0 0
326 300 0 0
249 300 0 1
248 300 0 1
247 300 0 1
246 300 0 1
245 300 0 1
244 300 0 1
220 300 0 1
219 300 0 1
218 300 0 1
217 300 0 1
177 300 0 0
176 300 0 0
175 300 0 0
174 300 0 0
173 300 0 0
172 300 0 0
332 299 0 0
331 299 0 0
330 299 0 0
329 299 0 0
328 299 0 0
327 299 0 0
248 299 0 1
247 299 0 1
246 299 0 1
245 299 0 1
244 299 0 1
220 299 0 1
219 299 0 1
218 299 0 1
217 299 0 1
216 299 0 1
176 299 0 0
175 299 0 0
174 299 0 0
173 299 0 0
172 299 0 0
171 299 0 0
333 298 0 0
332 298 0 0
331 298 0 0
330 298 0 0
329 298 0 0
328 298 0 0
248 298 0 1
247 298 0 1
246 298 0 1
245 298 0 1
244 298 0 1
220 298 0 1
219 298 0 1
218 298 0 1
217 298 0 1
216 298 0 1
176 298 0 0
175 298 0 0
174 298 0 0
173 298 0 0
172 298 0 0
171 298 0 0
333 297 0 0
332 297 0 0
331 297 0 0
330 297 0 0
329 297 0 0
328 297 0 0
248 297 0 1
247 297 0 1
246 297 0 1
245 297 0 1
244 297 0 1
220 297 0 1
219 297 0 1
218 297 0 1
217 297 0 1
216 297 0 1
215 297 0 1
175 297 0 0
174 297 0 0
173 297 0 0
172 297 0 0
171 297 0 0
334 296 0 0
333 296 0 0
332 296 0 0
331 296 0 0
330 296 0 0
329 296 0 0
248 296 0 1
247 296 0 1
246 296 0 1
245 296 0 1
244 296 0 1
243 296 0 1
220 296 0 1
219 296 0 1
218 296 0 1
217 296 0 1
216 296 0 1
215 296 0 1
175 296 0 0
174 296 0 0
173 296 0 0
172 296 0 0
171 296 0 0
335 295 0 0
334 295 0 0
333 295 0 0
332 295 0 0
331 295 0 0
330 295 0 0
247 295 0 1
246 295 0 1
245 295 0 1
244 295 0 1
243 295 0 1
219 295 0 1
218 295 0 1
217 295 0 1
216 295 0 1
215 295 0 1
214 295 0 1
175 295 0 0
174 295 0 0
173 295 0 0
172 295 0 0
171 295 0 0
335 294 0 0
334 294 0 0
333 294 0 0
332 294 0 0
331 294 0 0
330 294 0 0
247 294 0 1
246 294 0 1
245 294 0 1
244 294 0 1
243 294 0 1
219 294 0 1
218 294 0 1
217 294 0 1
216 294 0 1
215 294 0 1
214 294 0 1
213 294 0 1
175 294 0 0
174 294 0 0
173 294 0 0
172 294 0 0
171 294 0 0
170 294 0 0
336 293 0 0
335 293 0 0
334 293 0 0
333 293 0 0
332 293 0 0
331 293 0 0
247 293 0 1
246 293 0 1
245 293 0 1
244 293 0 1
243 293 0 1
218 293 0 1
217 293 0 1
216 293 0 1
215 293 0 1
214 293 0 1
213 293 0 1
212 293 0 1
174 293 0 0
173 293 0 0
172 293 0 0
171 293 0 0
170 293 0 0
337 292 0 0
336 292 0 0
335 292 0 0
334 292 0 0
333 292 0 0
332 292 0 0
247 292 0 1
246 292 0 1
245 292 0 1
244 292 0 1
243 292 0 1
217 292 0 1
216 292 0 1
215 292 0 1
214 292 0 1
213 292 0 1
212 292 0 1
174 292 0 0
173 292 0 0
172 292 0 0
171 292 0 0
170 292 0 0
337 291 0 0
336 291 0 0
335 291 0 0
334 291 0 0
333 291 0 0
332 291 0 0
246 291 0 1
245 291 0 1
244 291 0 1
243 291 0 1
242 291 0 1
216 291 0 1
215 291 0 1
214 291 0 1
213 291 0 1
212 291 0 1
174 291 0 0
173 291 0 0
172 291 0 0
171 291 0 0
170 291 0 0
169 291 0 0
338 290 0 0
337 290 0 0
336 290 0 0
335 290 0 0
334 290 0 0
333 290 0 0
246 290 0 1
245 290 0 1
244 290 0 1
243 290 0 1
242 290 0 1
216 290 0 1
215 290 0 1
214 290 0 1
213 290 0 1
212 290 0 1
211 290 0 1
174 290 0 0
173 290 0 0
172 290 0 0
171 290 0 0
170 290 0 0
169 290 0 0
339 289 0 0
338 289 0 0
337 289 0 0
336 289 0 0
335 289 0 0
334 289 0 0
246 289 0 1
245 289 0 1
244 289 0 1
243 289 0 1
242 289 0 1
216 289 0 1
215 289 0 1
214 289 0 1
213 289 0 1
212 289 0 1
211 289 0 1
210 289 0 1
173 289 0 0
172 289 0 0
171 289 0 0
170 289 0 0
169 289 0 0
168 289 0 0
339 288 0 0
338 288 0 0
337 288 0 0
336 288 0 0
335 288 0 0
334 288 0 0
246 288 0 1
245 288 0 1
244 288 0 1
243 288 0 1
242 288 0 1
215 288 0 1
214 288 0 1
213 288 0 1
212 288 0 1
211 288 0 1
210 288 0 1
209 288 0 1
173 288 0 0
172 288 0 0
171 288 0 0
170 288 0 0
169 288 0 0
168 288 0 0
340 287 0 0
339 287 0 0
338 287 0 0
337 287 0 0
336 287 0 0
335 287 0 0
246 287 0 1
245 287 0 1
244 287 0 1
243 287 0 1
242 287 0 1
241 287 0 1
214 287 0 1
213 287 0 1
212 287 0 1
211 287 0 1
210 287 0 1
209 287 0 1
172 287 0 0
171 287 0 0
170 287 0 0
169 287 0 0
168 287 0 0
341 286 0 0
340 286 0 0
339 286 0 0
338 286 0 0
337 286 0 0
336 286 0 0
246 286 0 1
245 286 0 1
244 286 0 1
243 286 0 1
242 286 0 1
241 286 0 1
213 286 0 1
212 286 0 1
211 286 0 1
210 286 0 1
209 286 0 1
208 286 0 1
207 286 0 1
172 286 0 0
171 286 0 0
170 286 0 0
169 286 0 0
168 286 0 0
341 285 0 0
340 285 0 0
339 285 0 0
338 285 0 0
337 285 0 0
336 285 0 0
245 285 0 1
244 285 0 1
243 285 0 1
242 285 0 1
241 285 0 1
213 285 0 1
212 285 0 1
211 285 0 1
210 285 0 1
209 285 0 1
208 285 0 1
207 285 0 1
206 285 0 1
171 285 0 0
170 285 0 0
169 285 0 0
168 285 0 0
342 284 0 0
341 284 0 0
340 284 0 0
339 284 0 0
338 284 0 0
337 284 0 0
245 284 0 1
244 284 0 1
243 284 0 1
242 284 0 1
241 284 0 1
212 284 0 1
211 284 0 1
210 284 0 1
209 284 0 1
208 284 0 1
207 284 0 1
206 284 0 1
205 284 0 1
171 284 0 0
170 284 0 0
169 284 0 0
168 284 0 0
167 284 0 0
343 283 0 0
342 283 0 0
341 283 0 0
340 283 0 0
339 283 0 0
338 283 0 0
245 283 0 1
244 283 0 1
243 283 0 1
242 283 0 1
241 283 0 1
240 283 0 1
211 283 0 1
210 283 0 1
209 283 0 1
208 283 0 1
207 283 0 1
206 283 0 1
205 283 0 1
171 283 0 0
170 283 0 0
169 283 0 0
168 283 0 0
167 283 0 0
343 282 0 0
342 282 0 0
341 282 0 0
340 282 0 0
339 282 0 0
338 282 0 0
245 282 0 1
244 282 0 1
243 282 0 1
242 282 0 1
241 282 0 1
240 282 0 1
209 282 0 1
208 282 0 1
207 282 0 1
206 282 0 1
205 282 0 1
171 282 0 0
170 282 0 0
169 282 0 0
168 282 0 0
167 282 0 0
344 281 0 0
343 281 0 0
342 281 0 0
341 281 0 0
340 281 0 0
339 281 0 0
244 281 0 1
243 281 0 1
242 281 0 1
241 281 0 1
240 281 0 1
209 281 0 1
208 281 0 1
207 281 0 1
206 281 0 1
205 281 0 1
204 281 0 1
171 281 0 0
170 281 0 0
169 281 0 0
168 281 0 0
167 281 0 0
345 280 0 0
344 280 0 0
343 280 0 0
342 280 0 0
341 280 0 0
340 280 0 0
244 280 0 1
243 280 0 1
242 280 0 1
241 280 0 1
240 280 0 1
208 280 0 1
207 280 0 1
206 280 0 1
205 280 0 1
204 280 0 1
171 280 0 0
170 280 0 0
169 280 0 0
168 280 0 0
167 280 0 0
166 280 0 0
345 279 0 0
344 279 0 0
343 279 0 0
342 279 0 0
341 279 0 0
340 279 0 0
244 279 0 1
243 279 0 1
242 279 0 1
241 279 0 1
240 279 0 1
208 279 0 1
207 279 0 1
206 279 0 1
205 279 0 1
204 279 0 1
203 279 0 1
171 279 0 0
170 279 0 0
169 279 0 0
168 279 0 0
167 279 0 0
166 279 0 0
346 278 0 0
345 278 0 0
344 278 0 0
343 278 0 0
342 278 0 0
341 278 0 0
244 278 0 1
243 278 0 1
242 278 0 1
241 278 0 1
240 278 0 1
208 278 0 1
207 278 0 1
206 278 0 1
205 278 0 1
204 278 0 1
203 278 0 1
202 278 0 1
170 278 0 0
169 278 0 0
168 278 0 0
167 278 0 0
166 278 0 0
347 277 0 0
346 277 0 0
345 277 0 0
344 277 0 0
343 277 0 0
342 277 0 0
341 277 0 0
244 277 0 1
243 277 0 1
242 277 0 1
241 277 0 1
240 277 0 1
239 277 0 1
207 277 0 1
206 277 0 1
205 277 0 1
204 277 0 1
203 277 0 1
202 277 0 1
170 277 0 0
169 277 0 0
168 277 0 0
167 277 0 0
166 277 0 0
347 276 0 0
346 276 0 0
345 276 0 0
344 276 0 0
343 276 0 0
342 276 0 0
243 276 0 1
242 276 0 1
241 276 0 1
240 276 0 1
239 276 0 1
206 276 0 1
205 276 0 1
204 276 0 1
203 276 0 1
202 276 0 1
170 276 0 0
169 276 0 0
168 276 0 0
167 276 0 0
166 276 0 0
348 275 0 0
347 275 0 0
346 275 0 0
345 275 0 0
344 275 0 0
343 275 0 0
243 275 0 1
242 275 0 1
241 275 0 1
240 275 0 1
239 275 0 1
205 275 0 1
204 275 0 1
203 275 0 1
202 275 0 1
170 275 0 0
169 275 0 0
168 275 0 0
167 275 0 0
166 275 0 0
348 274 0 0
347 274 0 0
346 274 0 0
345 274 0 0
344 274 0 0
343 274 0 0
243 274 0 1
242 274 0 1
241 274 0 1
240 274 0 1
239 274 0 1
205 274 0 1
204 274 0 1
203 274 0 1
202 274 0 1
170 274 0 0
169 274 0 0
168 274 0 0
167 274 0 0
166 274 0 0
165 274 0 0
348 273 0 0
347 273 0 0
346 273 0 0
345 273 0 0
344 273 0 0
243 273 0 1
242 273 0 1
241 273 0 1
240 273 0 1
239 273 0 1
205 273 0 1
204 273 0 1
203 273 0 1
202 273 0 1
169 273 0 0
168 273 0 0
167 273 0 0
166 273 0 0
165 273 0 0
348 272 0 0
347 272 0 0
346 272 0 0
345 272 0 0
344 272 0 0
243 272 0 1
242 272 0 1
241 272 0 1
240 272 0 1
239 272 0 1
205 272 0 1
204 272 0 1
203 272 0 1
202 272 0 1
169 272 0 0
168 272 0 0
167 272 0 0
166 272 0 0
165 272 0 0
348 271 0 0
347 271 0 0
346 271 0 0
345 271 0 0
344 271 0 0
242 271 0 1
241 271 0 1
240 271 0 1
239 271 0 1
205 271 0 1
204 271 0 1
203 271 0 1
202 271 0 1
169 271 0 0
168 271 0 0
167 271 0 0
166 271 0 0
165 271 0 0
348 270 0 0
347 270 0 0
346 270 0 0
345 270 0 0
242 270 0 1
241 270 0 1
240 270 0 1
239 270 0 1
205 270 0 1
204 270 0 1
203 270 0 1
202 270 0 1
169 270 0 0
168 270 0 0
167 270 0 0
166 270 0 0
165 270 0 0
348 269 0 0
347 269 0 0
346 269 0 0
345 269 0 0
242 269 0 1
241 269 0 1
240 269 0 1
239 269 0 1
205 269 0 1
204 269 0 1
203 269 0 1
202 269 0 1
169 269 0 0
168 269 0 0
167 269 0 0
166 269 0 0
165 269 0 0
348 268 0 0
347 268 0 0
346 268 0 0
345 268 0 0
242 268 0 1
241 268 0 1
240 268 0 1
239 268 0 1
205 268 0 1
204 268 0 1
203 268 0 1
202 268 0 1
169 268 0 0
168 268 0 0
167 268 0 0
166 268 0 0
165 268 0 0
348 267 0 0
347 267 0 0
346 267 0 0
345 267 0 0
242 267 0 1
241 267 0 1
240 267 0 1
239 267 0 1
205 267 0 1
204 267 0 1
203 267 0 1
202 267 0 1
168 267 0 0
167 267 0 0
166 267 0 0
165 267 0 0
164 267 0 0
348 266 0 0
347 266 0 0
346 266 0 0
345 266 0 0
242 266 0 1
241 266 0 1
240 266 0 1
239 266 0 1
168 266 0 0
167 266 0 0
166 266 0 0
165 266 0 0
164 266 0 0
348 265 0 0
347 265 0 0
346 265 0 0
345 265 0 0
242 265 0 1
241 265 0 1
240 265 0 1
239 265 0 1
168 265 0 0
167 265 0 0
166 265 0 0
165 265 0 0
164 265 0 0
348 264 0 0
347 264 0 0
346 264 0 0
345 264 0 0
242 264 0 1
241 264 0 1
240 264 0 1
239 264 0 1
168 264 0 0
167 264 0 0
166 264 0 0
165 264 0 0
164 264 0 0
348 263 0 0
347 263 0 0
346 263 0 0
345 263 0 0
242 263 0 1
241 263 0 1
240 263 0 1
239 263 0 1
168 263 0 0
167 263 0 0
166 263 0 0
165 263 0 0
164 263 0 0
242 262 0 1
241 262 0 1
240 262 0 1
239 262 0 1
168 262 0 0
167 262 0 0
166 262 0 0
165 262 0 0
164 262 0 0
242 261 0 1
241 261 0 1
240 261 0 1
239 261 0 1
167 261 0 0
166 261 0 0
165 261 0 0
164 261 0 0
163 261 0 0
242 260 0 1
241 260 0 1
240 260 0 1
239 260 0 1
167 260 0 0
166 260 0 0
165 260 0 0
164 260 0 0
163 260 0 0
242 259 0 1
241 259 0 1
240 259 0 1
239 259 0 1
167 259 0 0
166 259 0 0
165 259 0 0
164 259 0 0
163 259 0 0
242 258 0 1
241 258 0 1
240 258 0 1
239 258 0 1
167 258 0 0
166 258 0 0
165 258 0 0
164 258 0 0
163 258 0 0
242 257 0 1
241 257 0 1
240 257 0 1
239 257 0 1
167 257 0 0
166 257 0 0
165 257 0 0
164 257 0 0
163 257 0 0
242 256 0 1
241 256 0 1
240 256 0 1
239 256 0 1
167 256 0 0
166 256 0 0
165 256 0 0
164 256 0 0
163 256 0 0
162 256 0 0
242 255 0 1
241 255 0 1
240 255 0 1
239 255 0 1
166 255 0 0
165 255 0 0
164 255 0 0
163 255 0 0
162 255 0 0
242 254 0 1
241 254 0 1
240 254 0 1
239 254 0 1
166 254 0 0
165 254 0 0
164 254 0 0
163 254 0 0
162 254 0 0
161 254 0 0
242 253 0 1
241 253 0 1
240 253 0 1
239 253 0 1
166 253 0 0
165 253 0 0
164 253 0 0
163 253 0 0
162 253 0 0
161 253 0 0
242 252 0 1
241 252 0 1
240 252 0 1
239 252 0 1
165 252 0 0
164 252 0 0
163 252 0 0
162 252 0 0
161 252 0 0
242 251 0 1
241 251 0 1
240 251 0 1
239 251 0 1
165 251 0 0
164 251 0 0
163 251 0 0
162 251 0 0
161 251 0 0
242 250 0 1
241 250 0 1
240 250 0 1
239 250 0 1
164 250 0 0
163 250 0 0
162 250 0 0
161 250 0 0
242 249 0 1
241 249 0 1
240 249 0 1
239 249 0 1
164 249 0 0
163 249 0 0
162 249 0 0
161 249 0 0
242 248 0 1
241 248 0 1
240 248 0 1
239 248 0 1
164 248 0 0
163 248 0 0
162 248 0 0
161 248 0 0
242 247 0 1
241 247 0 1
240 247 0 1
239 247 0 1
164 247 0 0
163 247 0 0
162 247 0 0
161 247 0 0
160 247 0 0
242 246 0 1
241 246 0 1
240 246 0 1
239 246 0 1
164 246 0 0
163 246 0 0
162 246 0 0
161 246 0 0
160 246 0 0
242 245 0 1
241 245 0 1
240 245 0 1
239 245 0 1
164 245 0 0
163 245 0 0
162 245 0 0
161 245 0 0
160 245 0 0
242 244 0 1
241 244 0 1
240 244 0 1
239 244 0 1
164 244 0 0
163 244 0 0
162 244 0 0
161 244 0 0
160 244 0 0
242 243 0 1
241 243 0 1
240 243 0 1
239 243 0 1
164 243 0 0
163 243 0 0
162 243 0 0
161 243 0 0
160 243 0 0
242 242 0 1
241 242 0 1
240 242 0 1
239 242 0 1
164 242 0 0
163 242 0 0
162 242 0 0
161 242 0 0
160 242 0 0
159 242 0 0
242 241 0 1
241 241 0 1
240 241 0 1
239 241 0 1
163 241 0 0
162 241 0 0
161 241 0 0
160 241 0 0
159 241 0 0
242 240 0 1
241 240 0 1
240 240 0 1
239 240 0 1
163 240 0 0
162 240 0 0
161 240 0 0
160 240 0 0
159 240 0 0
242 239 0 1
241 239 0 1
240 239 0 1
239 239 0 1
163 239 0 0
162 239 0 0
161 239 0 0
160 239 0 0
159 239 0 0
242 238 0 1
241 238 0 1
240 238 0 1
239 238 0 1
163 238 0 0
162 238 0 0
161 238 0 0
160 238 0 0
159 238 0 0
242 237 0 1
241 237 0 1
240 237 0 1
239 237 0 1
163 237 0 0
162 237 0 0
161 237 0 0
160 237 0 0
159 237 0 0
158 237 0 0
242 236 0 1
241 236 0 1
240 236 0 1
239 236 0 1
162 236 0 0
161 236 0 0
160 236 0 0
159 236 0 0
158 236 0 0
242 235 0 1
241 235 0 1
240 235 0 1
239 235 0 1
162 235 0 0
161 235 0 0
160 235 0 0
159 235 0 0
158 235 0 0
242 234 0 1
241 234 0 1
240 234 0 1
239 234 0 1
162 234 0 0
161 234 0 0
160 234 0 0
159 234 0 0
158 234 0 0
242 233 0 1
241 233 0 1
240 233 0 1
239 233 0 1
162 233 0 0
161 233 0 0
160 233 0 0
159 233 0 0
158 233 0 0
157 233 0 0
242 232 0 1
241 232 0 1
240 232 0 1
239 232 0 1
161 232 0 0
160 232 0 0
159 232 0 0
158 232 0 0
157 232 0 0
243 231 0 1
242 231 0 1
241 231 0 1
240 231 0 1
239 231 0 1
161 231 0 0
160 231 0 0
159 231 0 0
158 231 0 0
157 231 0 0
243 230 0 1
242 230 0 1
241 230 0 1
240 230 0 1
239 230 0 1
161 230 0 0
160 230 0 0
159 230 0 0
158 230 0 0
157 230 0 0
156 230 0 0
243 229 0 1
242 229 0 1
241 229 0 1
240 229 0 1
239 229 0 1
161 229 0 0
160 229 0 0
159 229 0 0
158 229 0 0
157 229 0 0
156 229 0 0
243 228 0 1
242 228 0 1
241 228 0 1
240 228 0 1
239 228 0 1
160 228 0 0
159 228 0 0
158 228 0 0
157 228 0 0
156 228 0 0
243 227 0 1
242 227 0 1
241 227 0 1
240 227 0 1
239 227 0 1
160 227 0 0
159 227 0 0
158 227 0 0
157 227 0 0
156 227 0 0
243 226 0 1
242 226 0 1
241 226 0 1
240 226 0 1
239 226 0 1
160 226 0 0
159 226 0 0
158 226 0 0
157 226 0 0
156 226 0 0
243 225 0 1
242 225 0 1
241 225 0 1
240 225 0 1
239 225 0 1
160 225 0 0
159 225 0 0
158 225 0 0
157 225 0 0
156 225 0 0
244 224 0 1
243 224 0 1
242 224 0 1
241 224 0 1
240 224 0 1
160 224 0 0
159 224 0 0
158 224 0 0
157 224 0 0
156 224 0 0
244 223 0 1
243 223 0 1
242 223 0 1
241 223 0 1
240 223 0 1
159 223 0 0
158 223 0 0
157 223 0 0
156 223 0 0
155 223 0 0
244 222 0 1
243 222 0 1
242 222 0 1
241 222 0 1
240 222 0 1
159 222 0 0
158 222 0 0
157 222 0 0
156 222 0 0
155 222 0 0
244 221 0 1
243 221 0 1
242 221 0 1
241 221 0 1
240 221 0 1
159 221 0 0
158 221 0 0
157 221 0 0
156 221 0 0
155 221 0 0
244 220 0 1
243 220 0 1
242 220 0 1
241 220 0 1
240 220 0 1
159 220 0 0
158 220 0 0
157 220 0 0
156 220 0 0
155 220 0 0
244 219 0 1
243 219 0 1
242 219 0 1
241 219 0 1
240 219 0 1
159 219 0 0
158 219 0 0
157 219 0 0
156 219 0 0
155 219 0 0
244 218 0 1
243 218 0 1
242 218 0 1
241 218 0 1
240 218 0 1
159 218 0 0
158 218 0 0
157 218 0 0
156 218 0 0
155 218 0 0
154 218 0 0
244 217 0 1
243 217 0 1
242 217 0 1
241 217 0 1
240 217 0 1
159 217 0 0
158 217 0 0
157 217 0 0
156 217 0 0
155 217 0 0
154 217 0 0
244 216 0 1
243 216 0 1
242 216 0 1
241 216 0 1
158 216 0 0
157 216 0 0
156 216 0 0
155 216 0 0
154 216 0 0
244 215 0 1
243 215 0 1
242 215 0 1
241 215 0 1
158 215 0 0
157 215 0 0
156 215 0 0
155 215 0 0
154 215 0 0
244 214 0 1
243 214 0 1
242 214 0 1
241 214 0 1
158 214 0 0
157 214 0 0
156 214 0 0
155 214 0 0
154 214 0 0
244 213 0 1
243 213 0 1
242 213 0 1
241 213 0 1
158 213 0 0
157 213 0 0
156 213 0 0
155 213 0 0
154 213 0 0
244 212 0 1
243 212 0 1
242 212 0 1
241 212 0 1
158 212 0 0
157 212 0 0
156 212 0 0
155 212 0 0
154 212 0 0
153 212 0 0
244 211 0 1
243 211 0 1
242 211 0 1
241 211 0 1
157 211 0 0
156 211 0 0
155 211 0 0
154 211 0 0
153 211 0 0
244 210 0 1
243 210 0 1
242 210 0 1
241 210 0 1
157 210 0 0
156 210 0 0
155 210 0 0
154 210 0 0
153 210 0 0
244 209 0 1
243 209 0 1
242 209 0 1
241 209 0 1
157 209 0 0
156 209 0 0
155 209 0 0
154 209 0 0
153 209 0 0
244 208 0 1
243 208 0 1
242 208 0 1
241 208 0 1
157 208 0 0
156 208 0 0
155 208 0 0
154 208 0 0
153 208 0 0
244 207 0 1
243 207 0 1
242 207 0 1
241 207 0 1
157 207 0 0
156 207 0 0
155 207 0 0
154 207 0 0
153 207 0 0
152 207 0 0
244 206 0 1
243 206 0 1
242 206 0 1
241 206 0 1
156 206 0 0
155 206 0 0
154 206 0 0
153 206 0 0
152 206 0 0
244 205 0 1
243 205 0 1
242 205 0 1
241 205 0 1
156 205 0 0
155 205 0 0
154 205 0 0
153 205 0 0
152 205 0 0
244 204 0 1
243 204 0 1
242 204 0 1
241 204 0 1
156 204 0 0
155 204 0 0
154 204 0 0
153 204 0 0
152 204 0 0
244 203 0 1
243 203 0 1
242 203 0 1
241 203 0 1
156 203 0 0
155 203 0 0
154 203 0 0
153 203 0 0
152 203 0 0
151 203 0 0
244 202 0 1
243 202 0 1
242 202 0 1
241 202 0 1
155 202 0 0
154 202 0 0
153 202 0 0
152 202 0 0
151 202 0 0
244 201 0 1
243 201 0 1
242 201 0 1
241 201 0 1
155 201 0 0
154 201 0 0
153 201 0 0
152 201 0 0
151 201 0 0
244 200 0 1
243 200 0 1
242 200 0 1
241 200 0 1
155 200 0 0
154 200 0 0
153 200 0 0
152 200 0 0
151 200 0 0
150 200 0 0
244 199 0 1
243 199 0 1
242 199 0 1
241 199 0 1
155 199 0 0
154 199 0 0
153 199 0 0
152 199 0 0
151 199 0 0
150 199 0 0
244 198 0 1
243 198 0 1
242 198 0 1
241 198 0 1
154 198 0 0
153 198 0 0
152 198 0 0
151 198 0 0
150 198 0 0
244 197 0 1
243 197 0 1
242 197 0 1
241 197 0 1
154 197 0 0
153 197 0 0
152 197 0 0
151 197 0 0
150 197 0 0
244 196 0 1
243 196 0 1
242 196 0 1
241 196 0 1
154 196 0 0
153 196 0 0
152 196 0 0
151 196 0 0
150 196 0 0
244 195 0 1
243 195 0 1
242 195 0 1
241 195 0 1
154 195 0 0
153 195 0 0
152 195 0 0
151 195 0 0
150 195 0 0
149 195 0 0
244 194 0 1
243 194 0 1
242 194 0 1
241 194 0 1
153 194 0 0
152 194 0 0
151 194 0 0
150 194 0 0
149 194 0 0
244 193 0 1
243 193 0 1
242 193 0 1
241 193 0 1
153 193 0 0
152 193 0 0
151 193 0 0
150 193 0 0
149 193 0 0
244 192 0 1
243 192 0 1
242 192 0 1
241 192 0 1
153 192 0 0
152 192 0 0
151 192 0 0
150 192 0 0
149 192 0 0
244 191 0 1
243 191 0 1
242 191 0 1
241 191 0 1
153 191 0 0
152 191 0 0
151 191 0 0
150 191 0 0
149 191 0 0
148 191 0 0
244 190 0 1
243 190 0 1
242 190 0 1
241 190 0 1
153 190 0 0
152 190 0 0
151 190 0 0
150 190 0 0
149 190 0 0
148 190 0 0
244 189 0 1
243 189 0 1
242 189 0 1
241 189 0 1
152 189 0 0
151 189 0 0
150 189 0 0
149 189 0 0
148 189 0 0
244 188 0 1
243 188 0 1
242 188 0 1
241 188 0 1
152 188 0 0
151 188 0 0
150 188 0 0
149 188 0 0
148 188 0 0
147 188 0 0
152 187 0 0
151 187 0 0
150 187 0 0
149 187 0 0
148 187 0 0
147 187 0 0
151 186 0 0
150 186 0 0
149 186 0 0
148 186 0 0
147 186 0 0
151 185 0 0
150 185 0 0
149 185 0 0
148 185 0 0
147 185 0 0
146 185 0 0
151 184 0 0
150 184 0 0
149 184 0 0
148 184 0 0
147 184 0 0
146 184 0 0
150 183 0 0
149 183 0 0
148 183 0 0
147 183 0 0
146 183 0 0
150 182 0 0
149 182 0 0
148 182 0 0
147 182 0 0
146 182 0 0
145 182 0 0
150 181 0 0
149 181 0 0
148 181 0 0
147 181 0 0
146 181 0 0
145 181 0 0
149 180 0 0
148 180 0 0
147 180 0 0
146 180 0 0
145 180 0 0
149 179 0 0
148 179 0 0
147 179 0 0
146 179 0 0
145 179 0 0
144 179 0 0
149 178 0 0
148 178 0 0
147 178 0 0
146 178 0 0
145 178 0 0
144 178 0 0
148 177 0 0
147 177 0 0
146 177 0 0
145 177 0 0
144 177 0 0
148 176 0 0
147 176 0 0
146 176 0 0
145 176 0 0
144 176 0 0
143 176 0 0
147 175 0 0
146 175 0 0
145 175 0 0
144 175 0 0
143 175 0 0
147 174 0 0
146 174 0 0
145 174 0 0
144 174 0 0
143 174 0 0
142 174 0 0
147 173 0 0
146 173 0 0
145 173 0 0
144 173 0 0
143 173 0 0
142 173 0 0
146 172 0 0
145 172 0 0
144 172 0 0
143 172 0 0
142 172 0 0
146 171 0 0
145 171 0 0
144 171 0 0
143 171 0 0
142 171 0 0
145 170 0 0
144 170 0 0
143 170 0 0
142 170 0 0
141 170 0 0
145 169 0 0
144 169 0 0
143 169 0 0
142 169 0 0
141 169 0 0
145 168 0 0
144 168 0 0
143 168 0 0
142 168 0 0
141 168 0 0
145 167 0 0
144 167 0 0
143 167 0 0
142 167 0 0
141 167 0 0
240 100 0 0
239 100 0 0
238 100 0 0
237 100 0 0
236 100 0 0
241 99 0 0
240 99 0 0
239 99 0 0
238 99 0 0
237 99 0 0
236 99 0 0
241 98 0 0
240 98 0 0
239 98 0 0
238 98 0 0
237 98 0 0
236 98 0 0
243 97 0 0
242 97 0 0
241 97 0 0
240 97 0 0
239 97 0 0
238 97 0 0
237 97 0 0
236 97 0 0
244 96 0 0
243 96 0 0
242 96 0 0
241 96 0 0
240 96 0 0
239 96 0 0
238 96 0 0
237 96 0 0
245 95 0 0
244 95 0 0
243 95 0 0
242 95 0 0
241 95 0 0
240 95 0 0
239 95 0 0
238 95 0 0
247 94 0 0
246 94 0 0
245 94 0 0
244 94 0 0
243 94 0 0
242 94 0 0
241 94 0 0
240 94 0 0
239 94 0 0
248 93 0 0
247 93 0 0
246 93 0 0
245 93 0 0
244 93 0 0
243 93 0 0
242 93 0 0
241 93 0 0
240 93 0 0
250 92 0 0
249 92 0 0
248 92 0 0
247 92 0 0
246 92 0 0
245 92 0 0
244 92 0 0
243 92 0 0
242 92 0 0
251 91 0 0
250 91 0 0
249 91 0 0
248 91 0 0
247 91 0 0
246 91 0 0
245 91 0 0
244 91 0 0
243 91 0 0
253 90 0 0
252 90 0 0
251 90 0 0
250 90 0 0
249 90 0 0
248 90 0 0
247 90 0 0
246 90 0 0
245 90 0 0
254 89 0 0
253 89 0 0
252 89 0 0
251 89 0 0
250 89 0 0
249 89 0 0
248 89 0 0
247 89 0 0
246 89 0 0
255 88 0 0
254 88 0 0
253 88 0 0
252 88 0 0
251 88 0 0
250 88 0 0
249 88 0 0
248 88 0 0
257 87 0 0
256 87 0 0
255 87 0 0
254 87 0 0
253 87 0 0
252 87 0 0
251 87 0 0
250 87 0 0
249 87 0 0
259 86 0 0
258 86 0 0
257 86 0 0
256 86 0 0
255 86 0 0
254 86 0 0
253 86 0 0
252 86 0 0
251 86 0 0
250 86 0 0
260 85 0 0
259 85 0 0
258 85 0 0
257 85 0 0
256 85 0 0
255 85 0 0
254 85 0 0
253 85 0 0
252 85 0 0
260 84 0 0
259 84 0 0
258 84 0 0
257 84 0 0
256 84 0 0
255 84 0 0
254 84 0 0
253 84 0 0
261 83 0 0
260 83 0 0
259 83 0 0
258 83 0 0
257 83 0 0
256 83 0 0
255 83 0 0
263 82 0 0
262 82 0 0
261 82 0 0
260 82 0 0
259 82 0 0
258 82 0 0
257 82 0 0
256 82 0 0
265 81 0 0
264 81 0 0
263 81 0 0
262 81 0 0
261 81 0 0
260 81 0 0
259 81 0 0
258 81 0 0
257 81 0 0
267 80 0 0
266 80 0 0
265 80 0 0
264 80 0 0
263 80 0 0
262 80 0 0
261 80 0 0
260 80 0 0
259 80 0 0
258 80 0 0
257 80 0 0
269 79 0 0
268 79 0 0
267 79 0 0
266 79 0 0
265 79 0 0
264 79 0 0
263 79 0 0
262 79 0 0
261 79 0 0
260 79 0 0
259 79 0 0
258 79 0 0
271 78 0 0
270 78 0 0
269 78 0 0
268 78 0 0
267 78 0 0
266 78 0 0
265 78 0 0
264 78 0 0
263 78 0 0
262 78 0 0
261 78 0 0
260 78 0 0
273 77 0 0
272 77 0 0
271 77 0 0
270 77 0 0
269 77 0 0
268 77 0 0
267 77 0 0
266 77 0 0
265 77 0 0
264 77 0 0
263 77 0 0
262 77 0 0
274 76 0 0
273 76 0 0
272 76 0 0
271 76 0 0
270 76 0 0
269 76 0 0
268 76 0 0
267 76 0 0
266 76 0 0
265 76 0 0
264 76 0 0
276 75 0 0
275 75 0 0
274 75 0 0
273 75 0 0
272 75 0 0
271 75 0 0
270 75 0 0
269 75 0 0
268 75 0 0
267 75 0 0
266 75 0 0
278 74 0 0
277 74 0 0
276 74 0 0
275 74 0 0
274 74 0 0
273 74 0 0
272 74 0 0
271 74 0 0
270 74 0 0
269 74 0 0
268 74 0 0
280 73 0 0
279 73 0 0
278 73 0 0
277 73 0 0
276 73 0 0
275 73 0 0
274 73 0 0
273 73 0 0
272 73 0 0
271 73 0 0
270 73 0 0
282 72 0 0
281 72 0 0
280 72 0 0
279 72 0 0
278 72 0 0
277 72 0 0
276 72 0 0
275 72 0 0
274 72 0 0
273 72 0 0
272 72 0 0
284 71 0 0
283 71 0 0
282 71 0 0
281 71 0 0
280 71 0 0
279 71 0 0
278 71 0 0
277 71 0 0
276 71 0 0
275 71 0 0
274 71 0 0
286 70 0 0
285 70 0 0
284 70 0 0
283 70 0 0
282 70 0 0
281 70 0 0
280 70 0 0
279 70 0 0
278 70 0 0
277 70 0 0
276 70 0 0
288 69 0 0
287 69 0 0
286 69 0 0
285 69 0 0
284 69 0 0
283 69 0 0
282 69 0 0
281 69 0 0
280 69 0 0
279 69 0 0
278 69 0 0
277 69 0 0
290 68 0 0
289 68 0 0
288 68 0 0
287 68 0 0
286 68 0 0
285 68 0 0
284 68 0 0
283 68 0 0
282 68 0 0
281 68 0 0
280 68 0 0
279 68 0 0
292 67 0 0
291 67 0 0
290 67 0 0
289 67 0 0
288 67 0 0
287 67 0 0
286 67 0 0
285 67 0 0
284 67 0 0
283 67 0 0
282 67 0 0
281 67 0 0
294 66 0 0
293 66 0 0
292 66 0 0
291 66 0 0
290 66 0 0
289 66 0 0
288 66 0 0
287 66 0 0
286 66 0 0
285 66 0 0
284 66 0 0
283 66 0 0
296 65 0 0
295 65 0 0
294 65 0 0
293 65 0 0
292 65 0 0
291 65 0 0
290 65 0 0
289 65 0 0
288 65 0 0
287 65 0 0
286 65 0 0
285 65 0 0
298 64 0 0
297 64 0 0
296 64 0 0
295 64 0 0
294 64 0 0
293 64 0 0
292 64 0 0
291 64 0 0
290 64 0 0
289 64 0 0
288 64 0 0
287 64 0 0
300 63 0 0
299 63 0 0
298 63 0 0
297 63 0 0
296 63 0 0
295 63 0 0
294 63 0 0
293 63 0 0
292 63 0 0
291 63 0 0
290 63 0 0
289 63 0 0
303 62 0 0
302 62 0 0
301 62 0 0
300 62 0 0
299 62 0 0
298 62 0 0
297 62 0 0
296 62 0 0
295 62 0 0
294 62 0 0
293 62 0 0
292 62 0 0
291 62 0 0
305 61 0 0
304 61 0 0
303 61 0 0
302 61 0 0
301 61 0 0
300 61 0 0
299 61 0 0
298 61 0 0
297 61 0 0
296 61 0 0
295 61 0 0
294 61 0 0
293 61 0 0
307 60 0 0
306 60 0 0
305 60 0 0
304 60 0 0
303 60 0 0
302 60 0 0
301 60 0 0
300 60 0 0
299 60 0 0
298 60 0 0
297 60 0 0
296 60 0 0
295 60 0 0
309 59 0 0
308 59 0 0
307 59 0 0
306 59 0 0
305 59 0 0
304 59 0 0
303 59 0 0
302 59 0 0
301 59 0 0
300 59 0 0
299 59 0 0
298 59 0 0
311 58 0 0
310 58 0 0
309 58 0 0
308 58 0 0
307 58 0 0
306 58 0 0
305 58 0 0
304 58 0 0
303 58 0 0
302 58 0 0
301 58 0 0
300 58 0 0
312 57 0 0
311 57 0 0
310 57 0 0
309 57 0 0
308 57 0 0
307 57 0 0
306 57 0 0
305 57 0 0
304 57 0 0
303 57 0 0
302 57 0 0
314 56 0 0
313 56 0 0
312 56 0 0
311 56 0 0
310 56 0 0
309 56 0 0
308 56 0 0
307 56 0 0
306 56 0 0
305 56 0 0
304 56 0 0
316 55 0 0
315 55 0 0
314 55 0 0
313 55 0 0
312 55 0 0
311 55 0 0
310 55 0 0
309 55 0 0
308 55 0 0
307 55 0 0
306 55 0 0
318 54 0 0
317 54 0 0
316 54 0 0
315 54 0 0
314 54 0 0
313 54 0 0
312 54 0 0
311 54 0 0
310 54 0 0
309 54 0 0
308 54 0 0
320 53 0 0
319 53 0 0
318 53 0 0
317 53 0 0
316 53 0 0
315 53 0 0
314 53 0 0
313 53 0 0
312 53 0 0
311 53 0 0
310 53 0 0
321 52 0 0
320 52 0 0
319 52 0 0
318 52 0 0
317 52 0 0
316 52 0 0
315 52 0 0
314 52 0 0
313 52 0 0
312 52 0 0
323 51 0 0
322 51 0 0
321 51 0 0
320 51 0 0
319 51 0 0
318 51 0 0
317 51 0 0
316 51 0 0
315 51 0 0
314 51 0 0
313 51 0 0
325 50 0 0
324 50 0 0
323 50 0 0
322 50 0 0
321 50 0 0
320 50 0 0
319 50 0 0
318 50 0 0
317 50 0 0
316 50 0 0
315 50 0 0
327 49 0 0
326 49 0 0
325 49 0 0
324 49 0 0
323 49 0 0
322 49 0 0
321 49 0 0
320 49 0 0
319 49 0 0
318 49 0 0
317 49 0 0
329 48 0 0
328 48 0 0
327 48 0 0
326 48 0 0
325 48 0 0
324 48 0 0
323 48 0 0
322 48 0 0
321 48 0 0
320 48 0 0
319 48 0 0
331 47 0 0
330 47 0 0
329 47 0 0
328 47 0 0
327 47 0 0
326 47 0 0
325 47 0 0
324 47 0 0
323 47 0 0
322 47 0 0
321 47 0 0
333 46 0 0
332 46 0 0
331 46 0 0
330 46 0 0
329 46 0 0
328 46 0 0
327 46 0 0
326 46 0 0
325 46 0 0
324 46 0 0
323 46 0 0
322 46 0 0
336 45 0 0
335 45 0 0
334 45 0 0
333 45 0 0
332 45 0 0
331 45 0 0
330 45 0 0
329 45 0 0
328 45 0 0
327 45 0 0
326 45 0 0
325 45 0 0
324 45 0 0
338 44 0 0
337 44 0 0
336 44 0 0
335 44 0 0
334 44 0 0
333 44 0 0
332 44 0 0
331 44 0 0
330 44 0 0
329 44 0 0
328 44 0 0
327 44 0 0
326 44 0 0
340 43 0 0
339 43 0 0
338 43 0 0
337 43 0 0
336 43 0 0
335 43 0 0
334 43 0 0
333 43 0 0
332 43 0 0
331 43 0 0
330 43 0 0
329 43 0 0
328 43 0 0
342 42 0 0
341 42 0 0
340 42 0 0
339 42 0 0
338 42 0 0
337 42 0 0
336 42 0 0
335 42 0 0
334 42 0 0
333 42 0 0
332 42 0 0
331 42 0 0
344 41 0 0
343 41 0 0
342 41 0 0
341 41 0 0
340 41 0 0
339 41 0 0
338 41 0 0
337 41 0 0
336 41 0 0
335 41 0 0
334 41 0 0
333 41 0 0
347 40 0 0
346 40 0 0
345 40 0 0
344 40 0 0
343 40 0 0
342 40 0 0
341 40 0 0
340 40 0 0
339 40 0 0
338 40 0 0
337 40 0 0
336 40 0 0
335 40 0 0
349 39 0 0
348 39 0 0
347 39 0 0
346 39 0 0
345 39 0 0
344 39 0 0
343 39 0 0
342 39 0 0
341 39 0 0
340 39 0 0
339 39 0 0
338 39 0 0
337 39 0 0
351 38 0 0
350 38 0 0
349 38 0 0
348 38 0 0
347 38 0 0
346 38 0 0
345 38 0 0
344 38 0 0
343 38 0 0
342 38 0 0
341 38 0 0
340 38 0 0
339 38 0 0
353 37 0 0
352 37 0 0
351 37 0 0
350 37 0 0
349 37 0 0
348 37 0 0
347 37 0 0
346 37 0 0
345 37 0 0
344 37 0 0
343 37 0 0
342 37 0 0
355 36 0 0
354 36 0 0
353 36 0 0
352 36 0 0
351 36 0 0
350 36 0 0
349 36 0 0
348 36 0 0
347 36 0 0
346 36 0 0
345 36 0 0
344 36 0 0
358 35 0 0
357 35 0 0
356 35 0 0
355 35 0 0
354 35 0 0
353 35 0 0
352 35 0 0
351 35 0 0
350 35 0 0
349 35 0 0
348 35 0 0
347 35 0 0
346 35 0 0
360 34 0 0
359 34 0 0
358 34 0 0
357 34 0 0
356 34 0 0
355 34 0 0
354 34 0 0
353 34 0 0
352 34 0 0
351 34 0 0
350 34 0 0
349 34 0 0
348 34 0 0
362 33 0 0
361 33 0 0
360 33 0 0
359 33 0 0
358 33 0 0
357 33 0 0
356 33 0 0
355 33 0 0
354 33 0 0
353 33 0 0
352 33 0 0
351 33 0 0
350 33 0 0
363 32 0 0
362 32 0 0
361 32 0 0
360 32 0 0
359 32 0 0
358 32 0 0
357 32 0 0
356 32 0 0
355 32 0 0
354 32 0 0
353 32 0 0
365 31 0 0
364 31 0 0
363 31 0 0
362 31 0 0
361 31 0 0
360 31 0 0
359 31 0 0
358 31 0 0
357 31 0 0
356 31 0 0
355 31 0 0
367 30 0 0
366 30 0 0
365 30 0 0
364 30 0 0
363 30 0 0
362 30 0 0
361 30 0 0
360 30 0 0
359 30 0 0
358 30 0 0
357 30 0 0
369 29 0 0
368 29 0 0
367 29 0 0
366 29 0 0
365 29 0 0
364 29 0 0
363 29 0 0
362 29 0 0
361 29 0 0
360 29 0 0
359 29 0 0
370 28 0 0
369 28 0 0
368 28 0 0
367 28 0 0
366 28 0 0
365 28 0 0
364 28 0 0
363 28 0 0
362 28 0 0
361 28 0 0
372 27 0 0
371 27 0 0
370 27 0 0
369 27 0 0
368 27 0 0
367 27 0 0
366 27 0 0
365 27 0 0
364 27 0 0
363 27 0 0
374 26 0 0
373 26 0 0
372 26 0 0
371 26 0 0
370 26 0 0
369 26 0 0
368 26 0 0
367 26 0 0
366 26 0 0
365 26 0 0
364 26 0 0
377 25 0 0
376 25 0 0
375 25 0 0
374 25 0 0
373 25 0 0
372 25 0 0
371 25 0 0
370 25 0 0
369 25 0 0
368 25 0 0
367 25 0 0
366 25 0 0
380 24 0 0
379 24 0 0
378 24 0 0
377 24 0 0
376 24 0 0
375 24 0 0
374 24 0 0
373 24 0 0
372 24 0 0
371 24 0 0
370 24 0 0
369 24 0 0
368 24 0 0
383 23 0 0
382 23 0 0
381 23 0 0
380 23 0 0
379 23 0 0
378 23 0 0
377 23 0 0
376 23 0 0
375 23 0 0
374 23 0 0
373 23 0 0
372 23 0 0
371 23 0 0
370 23 0 0
386 22 0 0
385 22 0 0
384 22 0 0
383 22 0 0
382 22 0 0
381 22 0 0
380 22 0 0
379 22 0 0
378 22 0 0
377 22 0 0
376 22 0 0
375 22 0 0
374 22 0 0
373 22 0 0
372 22 0 0
371 22 0 0
413 21 0 0
412 21 0 0
411 21 0 0
410 21 0 0
409 21 0 0
408 21 0 0
407 21 0 0
406 21 0 0
405 21 0 0
404 21 0 0
403 21 0 0
402 21 0 0
401 21 0 0
400 21 0 0
399 21 0 0
398 21 0 0
397 21 0 0
396 21 0 0
395 21 0 0
394 21 0 0
393 21 0 0
392 21 0 0
391 21 0 0
390 21 0 0
389 21 0 0
388 21 0 0
387 21 0 0
386 21 0 0
385 21 0 0
384 21 0 0
383 21 0 0
382 21 0 0
381 21 0 0
380 21 0 0
379 21 0 0
378 21 0 0
377 21 0 0
376 21 0 0
375 21 0 0
374 21 0 0
373 21 0 0
413 20 0 0
412 20 0 0
411 20 0 0
410 20 0 0
409 20 0 0
408 20 0 0
407 20 0 0
406 20 0 0
405 20 0 0
404 20 0 0
403 20 0 0
402 20 0 0
401 20 0 0
400 20 0 0
399 20 0 0
398 20 0 0
397 20 0 0
396 20 0 0
395 20 0 0
394 20 0 0
393 20 0 0
392 20 0 0
391 20 0 0
390 20 0 0
389 20 0 0
388 20 0 0
387 20 0 0
386 20 0 0
385 20 0 0
384 20 0 0
383 20 0 0
382 20 0 0
381 20 0 0
380 20 0 0
379 20 0 0
378 20 0 0
377 20 0 0
376 20 0 0
413 19 0 0
412 19 0 0
411 19 0 0
410 19 0 0
409 19 0 0
408 19 0 0
407 19 0 0
406 19 0 0
405 19 0 0
404 19 0 0
403 19 0 0
402 19 0 0
401 19 0 0
400 19 0 0
399 19 0 0
398 19 0 0
397 19 0 0
396 19 0 0
395 19 0 0
394 19 0 0
393 19 0 0
392 19 0 0
391 19 0 0
390 19 0 0
389 19 0 0
388 19 0 0
387 19 0 0
386 19 0 0
385 19 0 0
384 19 0 0
383 19 0 0
382 19 0 0
381 19 0 0
380 19 0 0
379 19 0 0
413 18 0 0
412 18 0 0
411 18 0 0
410 18 0 0
409 18 0 0
408 18 0 0
407 18 0 0
406 18 0 0
405 18 0 0
404 18 0 0
403 18 0 0
402 18 0 0
401 18 0 0
400 18 0 0
399 18 0 0
398 18 0 0
397 18 0 0
396 18 0 0
395 18 0 0
394 18 0 0
393 18 0 0
392 18 0 0
391 18 0 0
390 18 0 0
389 18 0 0
388 18 0 0
387 18 0 0
386 18 0 0
385 18 0 0
384 18 0 0
383 18 0 0
382 18 0 0
