5937 640 480
332 453 0 0
331 453 0 0
330 453 0 0
329 453 0 0
328 453 0 0
327 453 0 0
326 453 0 0
325 453 0 0
324 453 0 0
323 453 0 0
322 453 0 0
321 453 0 0
320 453 0 0
319 453 0 0
318 453 0 0
317 453 0 0
316 453 0 0
315 453 0 0
314 453 0 0
313 453 0 0
312 453 0 0
311 453 0 0
310 453 0 0
309 453 0 0
308 453 0 0
307 453 0 0
306 453 0 0
305 453 0 0
304 453 0 0
303 453 0 0
302 453 0 0
301 453 0 0
300 453 0 0
299 453 0 0
298 453 0 0
297 453 0 0
296 453 0 0
295 453 0 0
294 453 0 0
293 453 0 0
292 453 0 0
291 453 0 0
290 453 0 0
289 453 0 0
288 453 0 0
344 452 0 0
343 452 0 0
342 452 0 0
341 452 0 0
340 452 0 0
339 452 0 0
338 452 0 0
337 452 0 0
336 452 0 0
335 452 0 0
334 452 0 0
333 452 0 0
332 452 0 0
331 452 0 0
330 452 0 0
329 452 0 0
328 452 0 0
327 452 0 0
326 452 0 0
325 452 0 0
324 452 0 0
323 452 0 0
322 452 0 0
321 452 0 0
320 452 0 0
319 452 0 0
318 452 0 0
317 452 0 0
316 452 0 0
315 452 0 0
314 452 0 0
313 452 0 0
312 452 0 0
311 452 0 0
310 452 0 0
309 452 0 0
308 452 0 0
307 452 0 0
306 452 0 0
305 452 0 0
304 452 0 0
303 452 0 0
302 452 0 0
301 452 0 0
300 452 0 0
299 452 0 0
298 452 0 0
297 452 0 0
296 452 0 0
295 452 0 0
294 452 0 0
293 452 0 0
292 452 0 0
291 452 0 0
290 452 0 0
289 452 0 0
288 452 0 0
287 452 0 0
286 452 0 0
285 452 0 0
284 452 0 0
283 452 0 0
282 452 0 0
281 452 0 0
280 452 0 0
279 452 0 0
278 452 0 0
277 452 0 0
276 452 0 0
275 452 0 0
349 451 0 0
348 451 0 0
347 451 0 0
346 451 0 0
345 451 0 0
344 451 0 0
343 451 0 0
342 451 0 0
341 451 0 0
340 451 0 0
339 451 0 0
338 451 0 0
337 451 0 0
336 451 0 0
335 451 0 0
334 451 0 0
333 451 0 0
332 451 0 0
331 451 0 0
330 451 0 0
329 451 0 0
328 451 0 0
327 451 0 0
326 451 0 0
325 451 0 0
324 451 0 0
323 451 0 0
322 451 0 0
321 451 0 0
320 451 0 0
319 451 0 0
318 451 0 0
317 451 0 0
316 451 0 0
315 451 0 0
314 451 0 0
313 451 0 0
312 451 0 0
311 451 0 0
310 451 0 0
309 451 0 0
308 451 0 0
307 451 0 0
306 451 0 0
305 451 0 0
304 451 0 0
303 451 0 0
302 451 0 0
301 451 0 0
300 451 0 0
299 451 0 0
298 451 0 0
297 451 0 0
296 451 0 0
295 451 0 0
294 451 0 0
293 451 0 0
292 451 0 0
291 451 0 0
290 451 0 0
289 451 0 0
288 451 0 0
287 451 0 0
286 451 0 0
285 451 0 0
284 451 0 0
283 451 0 0
282 451 0 0
281 451 0 0
280 451 0 0
279 451 0 0
278 451 0 0
277 451 0 0
276 451 0 0
275 451 0 0
274 451 0 0
273 451 0 0
272 451 0 0
271 451 0 0
352 450 0 0
351 450 0 0
350 450 0 0
349 450 0 0
348 450 0 0
347 450 0 0
346 450 0 0
345 450 0 0
344 450 0 0
343 450 0 0
342 450 0 0
341 450 0 0
340 450 0 0
339 450 0 0
338 450 0 0
337 450 0 0
336 450 0 0
335 450 0 0
334 450 0 0
333 450 0 0
332 450 0 0
331 450 0 0
330 450 0 0
329 450 0 0
328 450 0 0
327 450 0 0
326 450 0 0
325 450 0 0
324 450 0 0
323 450 0 0
322 450 0 0
321 450 0 0
320 450 0 0
319 450 0 0
318 450 0 0
317 450 0 0
316 450 0 0
315 450 0 0
314 450 0 0
313 450 0 0
312 450 0 0
311 450 0 0
310 450 0 0
309 450 0 0
308 450 0 0
307 450 0 0
306 450 0 0
305 450 0 0
304 450 0 0
303 450 0 0
302 450 0 0
301 450 0 0
300 450 0 0
299 450 0 0
298 450 0 0
297 450 0 0
296 450 0 0
295 450 0 0
294 450 0 0
293 450 0 0
292 450 0 0
291 450 0 0
290 450 0 0
289 450 0 0
288 450 0 0
287 450 0 0
286 450 0 0
285 450 0 0
284 450 0 0
283 450 0 0
282 450 0 0
281 450 0 0
280 450 0 0
279 450 0 0
278 450 0 0
277 450 0 0
276 450 0 0
275 450 0 0
274 450 0 0
273 450 0 0
272 450 0 0
271 450 0 0
270 450 0 0
269 450 0 0
268 450 0 0
267 450 0 0
355 449 0 0
354 449 0 0
353 449 0 0
352 449 0 0
351 449 0 0
350 449 0 0
349 449 0 0
348 449 0 0
347 449 0 0
346 449 0 0
345 449 0 0
344 449 0 0
343 449 0 0
342 449 0 0
341 449 0 0
340 449 0 0
339 449 0 0
338 449 0 0
337 449 0 0
336 449 0 0
335 449 0 0
334 449 0 0
333 449 0 0
332 449 0 0
331 449 0 0
330 449 0 0
329 449 0 0
328 449 0 0
327 449 0 0
292 449 0 0
291 449 0 0
290 449 0 0
289 449 0 0
288 449 0 0
287 449 0 0
286 449 0 0
285 449 0 0
284 449 0 0
283 449 0 0
282 449 0 0
281 449 0 0
280 449 0 0
279 449 0 0
278 449 0 0
277 449 0 0
276 449 0 0
275 449 0 0
274 449 0 0
273 449 0 0
272 449 0 0
271 449 0 0
270 449 0 0
269 449 0 0
268 449 0 0
267 449 0 0
266 449 0 0
265 449 0 0
264 449 0 0
356 448 0 0
355 448 0 0
354 448 0 0
353 448 0 0
352 448 0 0
351 448 0 0
350 448 0 0
349 448 0 0
348 448 0 0
347 448 0 0
346 448 0 0
345 448 0 0
344 448 0 0
343 448 0 0
342 448 0 0
341 448 0 0
340 448 0 0
281 448 0 0
280 448 0 0
279 448 0 0
278 448 0 0
277 448 0 0
276 448 0 0
275 448 0 0
274 448 0 0
273 448 0 0
272 448 0 0
271 448 0 0
270 448 0 0
269 448 0 0
268 448 0 0
267 448 0 0
266 448 0 0
265 448 0 0
264 448 0 0
263 448 0 0
262 448 0 0
261 448 0 0
358 447 0 0
357 447 0 0
356 447 0 0
355 447 0 0
354 447 0 0
353 447 0 0
352 447 0 0
351 447 0 0
350 447 0 0
349 447 0 0
348 447 0 0
347 447 0 0
346 447 0 0
275 447 0 0
274 447 0 0
273 447 0 0
272 447 0 0
271 447 0 0
270 447 0 0
269 447 0 0
268 447 0 0
267 447 0 0
266 447 0 0
265 447 0 0
264 447 0 0
263 447 0 0
262 447 0 0
261 447 0 0
260 447 0 0
259 447 0 0
258 447 0 0
257 447 0 0
361 446 0 0
360 446 0 0
359 446 0 0
358 446 0 0
357 446 0 0
356 446 0 0
355 446 0 0
354 446 0 0
353 446 0 0
352 446 0 0
351 446 0 0
350 446 0 0
349 446 0 0
271 446 0 0
270 446 0 0
269 446 0 0
268 446 0 0
267 446 0 0
266 446 0 0
265 446 0 0
264 446 0 0
263 446 0 0
262 446 0 0
261 446 0 0
260 446 0 0
259 446 0 0
258 446 0 0
257 446 0 0
256 446 0 0
255 446 0 0
254 446 0 0
253 446 0 0
252 446 0 0
251 446 0 0
250 446 0 0
249 446 0 0
248 446 0 0
247 446 0 0
246 446 0 0
245 446 0 0
244 446 0 0
243 446 0 0
242 446 0 0
241 446 0 0
240 446 0 0
239 446 0 0
238 446 0 0
237 446 0 0
236 446 0 0
235 446 0 0
234 446 0 0
233 446 0 0
232 446 0 0
231 446 0 0
362 445 0 0
361 445 0 0
360 445 0 0
359 445 0 0
358 445 0 0
357 445 0 0
356 445 0 0
355 445 0 0
354 445 0 0
353 445 0 0
352 445 0 0
351 445 0 0
268 445 0 0
267 445 0 0
266 445 0 0
265 445 0 0
264 445 0 0
263 445 0 0
262 445 0 0
261 445 0 0
260 445 0 0
259 445 0 0
258 445 0 0
257 445 0 0
256 445 0 0
255 445 0 0
254 445 0 0
253 445 0 0
252 445 0 0
251 445 0 0
250 445 0 0
249 445 0 0
248 445 0 0
247 445 0 0
246 445 0 0
245 445 0 0
244 445 0 0
243 445 0 0
242 445 0 0
241 445 0 0
240 445 0 0
239 445 0 0
238 445 0 0
237 445 0 0
236 445 0 0
235 445 0 0
234 445 0 0
233 445 0 0
232 445 0 0
231 445 0 0
364 444 0 0
363 444 0 0
362 444 0 0
361 444 0 0
360 444 0 0
359 444 0 0
358 444 0 0
357 444 0 0
356 444 0 0
355 444 0 0
354 444 0 0
264 444 0 0
263 444 0 0
262 444 0 0
261 444 0 0
260 444 0 0
259 444 0 0
258 444 0 0
257 444 0 0
256 444 0 0
255 444 0 0
254 444 0 0
253 444 0 0
252 444 0 0
251 444 0 0
250 444 0 0
249 444 0 0
248 444 0 0
247 444 0 0
246 444 0 0
245 444 0 0
244 444 0 0
243 444 0 0
242 444 0 0
241 444 0 0
240 444 0 0
239 444 0 0
238 444 0 0
237 444 0 0
236 444 0 0
235 444 0 0
234 444 0 0
233 444 0 0
232 444 0 0
231 444 0 0
368 443 0 0
367 443 0 0
366 443 0 0
365 443 0 0
364 443 0 0
363 443 0 0
362 443 0 0
361 443 0 0
360 443 0 0
359 443 0 0
358 443 0 0
357 443 0 0
356 443 0 0
261 443 0 0
260 443 0 0
259 443 0 0
258 443 0 0
257 443 0 0
256 443 0 0
255 443 0 0
254 443 0 0
253 443 0 0
252 443 0 0
251 443 0 0
250 443 0 0
249 443 0 0
248 443 0 0
247 443 0 0
246 443 0 0
245 443 0 0
244 443 0 0
243 443 0 0
242 443 0 0
241 443 0 0
240 443 0 0
239 443 0 0
238 443 0 0
237 443 0 0
236 443 0 0
235 443 0 0
234 443 0 0
233 443 0 0
232 443 0 0
231 443 0 0
370 442 0 0
369 442 0 0
368 442 0 0
367 442 0 0
366 442 0 0
365 442 0 0
364 442 0 0
363 442 0 0
362 442 0 0
361 442 0 0
360 442 0 0
359 442 0 0
358 442 0 0
357 442 0 0
372 441 0 0
371 441 0 0
370 441 0 0
369 441 0 0
368 441 0 0
367 441 0 0
366 441 0 0
365 441 0 0
364 441 0 0
363 441 0 0
362 441 0 0
361 441 0 0
360 441 0 0
373 440 0 0
372 440 0 0
371 440 0 0
370 440 0 0
369 440 0 0
368 440 0 0
367 440 0 0
366 440 0 0
365 440 0 0
364 440 0 0
363 440 0 0
362 440 0 0
374 439 0 0
373 439 0 0
372 439 0 0
371 439 0 0
370 439 0 0
369 439 0 0
368 439 0 0
367 439 0 0
366 439 0 0
365 439 0 0
364 439 0 0
363 439 0 0
376 438 0 0
375 438 0 0
374 438 0 0
373 438 0 0
372 438 0 0
371 438 0 0
370 438 0 0
369 438 0 0
368 438 0 0
367 438 0 0
377 437 0 0
376 437 0 0
375 437 0 0
374 437 0 0
373 437 0 0
372 437 0 0
371 437 0 0
370 437 0 0
369 437 0 0
379 436 0 0
378 436 0 0
377 436 0 0
376 436 0 0
375 436 0 0
374 436 0 0
373 436 0 0
372 436 0 0
371 436 0 0
380 435 0 0
379 435 0 0
378 435 0 0
377 435 0 0
376 435 0 0
375 435 0 0
374 435 0 0
373 435 0 0
372 435 0 0
382 434 0 0
381 434 0 0
380 434 0 0
379 434 0 0
378 434 0 0
377 434 0 0
376 434 0 0
375 434 0 0
374 434 0 0
383 433 0 0
382 433 0 0
381 433 0 0
380 433 0 0
379 433 0 0
378 433 0 0
377 433 0 0
376 433 0 0
375 433 0 0
385 432 0 0
384 432 0 0
383 432 0 0
382 432 0 0
381 432 0 0
380 432 0 0
379 432 0 0
378 432 0 0
377 432 0 0
376 432 0 0
386 431 0 0
385 431 0 0
384 431 0 0
383 431 0 0
382 431 0 0
381 431 0 0
380 431 0 0
379 431 0 0
378 431 0 0
387 430 0 0
386 430 0 0
385 430 0 0
384 430 0 0
383 430 0 0
382 430 0 0
381 430 0 0
380 430 0 0
379 430 0 0
388 429 0 0
387 429 0 0
386 429 0 0
385 429 0 0
384 429 0 0
383 429 0 0
382 429 0 0
381 429 0 0
389 428 0 0
388 428 0 0
387 428 0 0
386 428 0 0
385 428 0 0
384 428 0 0
383 428 0 0
382 428 0 0
391 427 0 0
390 427 0 0
389 427 0 0
388 427 0 0
387 427 0 0
386 427 0 0
385 427 0 0
384 427 0 0
393 426 0 0
392 426 0 0
391 426 0 0
390 426 0 0
389 426 0 0
388 426 0 0
387 426 0 0
386 426 0 0
385 426 0 0
396 425 0 0
395 425 0 0
394 425 0 0
393 425 0 0
392 425 0 0
391 425 0 0
390 425 0 0
389 425 0 0
388 425 0 0
387 425 0 0
386 425 0 0
397 424 0 0
396 424 0 0
395 424 0 0
394 424 0 0
393 424 0 0
392 424 0 0
391 424 0 0
390 424 0 0
389 424 0 0
388 424 0 0
387 424 0 0
399 423 0 0
398 423 0 0
397 423 0 0
396 423 0 0
395 423 0 0
394 423 0 0
393 423 0 0
392 423 0 0
391 423 0 0
390 423 0 0
389 423 0 0
388 423 0 0
401 422 0 0
400 422 0 0
399 422 0 0
398 422 0 0
397 422 0 0
396 422 0 0
395 422 0 0
394 422 0 0
393 422 0 0
392 422 0 0
391 422 0 0
390 422 0 0
403 421 0 0
402 421 0 0
401 421 0 0
400 421 0 0
399 421 0 0
398 421 0 0
397 421 0 0
396 421 0 0
395 421 0 0
394 421 0 0
393 421 0 0
404 420 0 0
403 420 0 0
402 420 0 0
401 420 0 0
400 420 0 0
399 420 0 0
398 420 0 0
397 420 0 0
396 420 0 0
395 420 0 0
406 419 0 0
405 419 0 0
404 419 0 0
403 419 0 0
402 419 0 0
401 419 0 0
400 419 0 0
399 419 0 0
398 419 0 0
397 419 0 0
408 418 0 0
407 418 0 0
406 418 0 0
405 418 0 0
404 418 0 0
403 418 0 0
402 418 0 0
401 418 0 0
400 418 0 0
399 418 0 0
398 418 0 0
410 417 0 0
409 417 0 0
408 417 0 0
407 417 0 0
406 417 0 0
405 417 0 0
404 417 0 0
403 417 0 0
402 417 0 0
401 417 0 0
400 417 0 0
411 416 0 0
410 416 0 0
409 416 0 0
408 416 0 0
407 416 0 0
406 416 0 0
405 416 0 0
404 416 0 0
403 416 0 0
402 416 0 0
412 415 0 0
411 415 0 0
410 415 0 0
409 415 0 0
408 415 0 0
407 415 0 0
406 415 0 0
405 415 0 0
404 415 0 0
413 414 0 0
412 414 0 0
411 414 0 0
410 414 0 0
409 414 0 0
408 414 0 0
407 414 0 0
406 414 0 0
405 414 0 0
415 413 0 0
414 413 0 0
413 413 0 0
412 413 0 0
411 413 0 0
410 413 0 0
409 413 0 0
408 413 0 0
407 413 0 0
417 412 0 0
416 412 0 0
415 412 0 0
414 412 0 0
413 412 0 0
412 412 0 0
411 412 0 0
410 412 0 0
409 412 0 0
418 411 0 0
417 411 0 0
416 411 0 0
415 411 0 0
414 411 0 0
413 411 0 0
412 411 0 0
411 411 0 0
410 411 0 0
419 410 0 0
418 410 0 0
417 410 0 0
416 410 0 0
415 410 0 0
414 410 0 0
413 410 0 0
412 410 0 0
411 410 0 0
419 409 0 0
418 409 0 0
417 409 0 0
416 409 0 0
415 409 0 0
414 409 0 0
413 409 0 0
412 409 0 0
420 408 0 0
419 408 0 0
418 408 0 0
417 408 0 0
416 408 0 0
415 408 0 0
414 408 0 0
422 407 0 0
421 407 0 0
420 407 0 0
419 407 0 0
418 407 0 0
417 407 0 0
416 407 0 0
423 406 0 0
422 406 0 0
421 406 0 0
420 406 0 0
419 406 0 0
418 406 0 0
417 406 0 0
416 406 0 0
424 405 0 0
423 405 0 0
422 405 0 0
421 405 0 0
420 405 0 0
419 405 0 0
418 405 0 0
417 405 0 0
425 404 0 0
424 404 0 0
423 404 0 0
422 404 0 0
421 404 0 0
420 404 0 0
419 404 0 0
418 404 0 0
426 403 0 0
425 403 0 0
424 403 0 0
423 403 0 0
422 403 0 0
421 403 0 0
420 403 0 0
419 403 0 0
426 402 0 0
425 402 0 0
424 402 0 0
423 402 0 0
422 402 0 0
421 402 0 0
427 401 0 0
426 401 0 0
425 401 0 0
424 401 0 0
423 401 0 0
422 401 0 0
428 400 0 0
427 400 0 0
426 400 0 0
425 400 0 0
424 400 0 0
423 400 0 0
422 400 0 0
429 399 0 0
428 399 0 0
427 399 0 0
426 399 0 0
425 399 0 0
424 399 0 0
423 399 0 0
429 398 0 0
428 398 0 0
427 398 0 0
426 398 0 0
425 398 0 0
424 398 0 0
430 397 0 0
429 397 0 0
428 397 0 0
427 397 0 0
426 397 0 0
425 397 0 0
431 396 0 0
430 396 0 0
429 396 0 0
428 396 0 0
427 396 0 0
426 396 0 0
425 396 0 0
432 395 0 0
431 395 0 0
430 395 0 0
429 395 0 0
428 395 0 0
427 395 0 0
426 395 0 0
433 394 0 0
432 394 0 0
431 394 0 0
430 394 0 0
429 394 0 0
428 394 0 0
427 394 0 0
433 393 0 0
432 393 0 0
431 393 0 0
430 393 0 0
429 393 0 0
428 393 0 0
434 392 0 0
433 392 0 0
432 392 0 0
431 392 0 0
430 392 0 0
429 392 0 0
428 392 0 0
436 391 0 0
435 391 0 0
434 391 0 0
433 391 0 0
432 391 0 0
431 391 0 0
430 391 0 0
429 391 0 0
437 390 0 0
436 390 0 0
435 390 0 0
434 390 0 0
433 390 0 0
432 390 0 0
431 390 0 0
430 390 0 0
438 389 0 0
437 389 0 0
436 389 0 0
435 389 0 0
434 389 0 0
433 389 0 0
432 389 0 0
431 389 0 0
439 388 0 0
438 388 0 0
437 388 0 0
436 388 0 0
435 388 0 0
434 388 0 0
433 388 0 0
432 388 0 0
441 387 0 0
440 387 0 0
439 387 0 0
438 387 0 0
437 387 0 0
436 387 0 0
435 387 0 0
434 387 0 0
433 387 0 0
442 386 0 0
441 386 0 0
440 386 0 0
439 386 0 0
438 386 0 0
437 386 0 0
436 386 0 0
435 386 0 0
434 386 0 0
444 385 0 0
443 385 0 0
442 385 0 0
441 385 0 0
440 385 0 0
439 385 0 0
438 385 0 0
437 385 0 0
436 385 0 0
445 384 0 0
444 384 0 0
443 384 0 0
442 384 0 0
441 384 0 0
440 384 0 0
439 384 0 0
438 384 0 0
437 384 0 0
447 383 0 0
446 383 0 0
445 383 0 0
444 383 0 0
443 383 0 0
442 383 0 0
441 383 0 0
440 383 0 0
439 383 0 0
448 382 0 0
447 382 0 0
446 382 0 0
445 382 0 0
444 382 0 0
443 382 0 0
442 382 0 0
441 382 0 0
440 382 0 0
449 381 0 0
448 381 0 0
447 381 0 0
446 381 0 0
445 381 0 0
444 381 0 0
443 381 0 0
442 381 0 0
450 380 0 0
449 380 0 0
448 380 0 0
447 380 0 0
446 380 0 0
445 380 0 0
444 380 0 0
443 380 0 0
452 379 0 0
451 379 0 0
450 379 0 0
449 379 0 0
448 379 0 0
447 379 0 0
446 379 0 0
445 379 0 0
444 379 0 0
454 378 0 0
453 378 0 0
452 378 0 0
451 378 0 0
450 378 0 0
449 378 0 0
448 378 0 0
447 378 0 0
446 378 0 0
445 378 0 0
455 377 0 0
454 377 0 0
453 377 0 0
452 377 0 0
451 377 0 0
450 377 0 0
449 377 0 0
448 377 0 0
447 377 0 0
456 376 0 0
455 376 0 0
454 376 0 0
453 376 0 0
452 376 0 0
451 376 0 0
450 376 0 0
449 376 0 0
448 376 0 0
457 375 0 0
456 375 0 0
455 375 0 0
454 375 0 0
453 375 0 0
452 375 0 0
451 375 0 0
450 375 0 0
458 374 0 0
457 374 0 0
456 374 0 0
455 374 0 0
454 374 0 0
453 374 0 0
452 374 0 0
451 374 0 0
459 373 0 0
458 373 0 0
457 373 0 0
456 373 0 0
455 373 0 0
454 373 0 0
453 373 0 0
460 372 0 0
459 372 0 0
458 372 0 0
457 372 0 0
456 372 0 0
455 372 0 0
454 372 0 0
461 371 0 0
460 371 0 0
459 371 0 0
458 371 0 0
457 371 0 0
456 371 0 0
455 371 0 0
461 370 0 0
460 370 0 0
459 370 0 0
458 370 0 0
457 370 0 0
456 370 0 0
462 369 0 0
461 369 0 0
460 369 0 0
459 369 0 0
458 369 0 0
457 369 0 0
456 369 0 0
463 368 0 0
462 368 0 0
461 368 0 0
460 368 0 0
459 368 0 0
458 368 0 0
457 368 0 0
463 367 0 0
462 367 0 0
461 367 0 0
460 367 0 0
459 367 0 0
458 367 0 0
464 366 0 0
463 366 0 0
462 366 0 0
461 366 0 0
460 366 0 0
459 366 0 0
464 365 0 0
463 365 0 0
462 365 0 0
461 365 0 0
460 365 0 0
459 365 0 0
465 364 0 0
464 364 0 0
463 364 0 0
462 364 0 0
461 364 0 0
460 364 0 0
465 363 0 0
464 363 0 0
463 363 0 0
462 363 0 0
461 363 0 0
460 363 0 0
466 362 0 0
465 362 0 0
464 362 0 0
463 362 0 0
462 362 0 0
461 362 0 0
466 361 0 0
465 361 0 0
464 361 0 0
463 361 0 0
462 361 0 0
461 361 0 0
466 360 0 0
465 360 0 0
464 360 0 0
463 360 0 0
462 360 0 0
466 359 0 0
465 359 0 0
464 359 0 0
463 359 0 0
462 359 0 0
466 358 0 0
465 358 0 0
464 358 0 0
463 358 0 0
284 341 0 1
283 341 0 1
282 341 0 1
281 341 0 1
280 341 0 1
286 340 0 1
285 340 0 1
284 340 0 1
283 340 0 1
282 340 0 1
281 340 0 1
280 340 0 1
287 339 0 1
286 339 0 1
285 339 0 1
284 339 0 1
283 339 0 1
282 339 0 1
281 339 0 1
280 339 0 1
288 338 0 1
287 338 0 1
286 338 0 1
285 338 0 1
284 338 0 1
283 338 0 1
282 338 0 1
281 338 0 1
280 338 0 1
289 337 0 1
288 337 0 1
287 337 0 1
286 337 0 1
285 337 0 1
284 337 0 1
283 337 0 1
282 337 0 1
290 336 0 1
289 336 0 1
288 336 0 1
287 336 0 1
286 336 0 1
285 336 0 1
284 336 0 1
283 336 0 1
291 335 0 1
290 335 0 1
289 335 0 1
288 335 0 1
287 335 0 1
286 335 0 1
285 335 0 1
284 335 0 1
292 334 0 1
291 334 0 1
290 334 0 1
289 334 0 1
288 334 0 1
287 334 0 1
286 334 0 1
285 334 0 1
293 333 0 1
292 333 0 1
291 333 0 1
290 333 0 1
289 333 0 1
288 333 0 1
287 333 0 1
294 332 0 1
293 332 0 1
292 332 0 1
291 332 0 1
290 332 0 1
289 332 0 1
288 332 0 1
296 331 0 1
295 331 0 1
294 331 0 1
293 331 0 1
292 331 0 1
291 331 0 1
290 331 0 1
289 331 0 1
297 330 0 1
296 330 0 1
295 330 0 1
294 330 0 1
293 330 0 1
292 330 0 1
291 330 0 1
290 330 0 1
298 329 0 1
297 329 0 1
296 329 0 1
295 329 0 1
294 329 0 1
293 329 0 1
292 329 0 1
291 329 0 1
300 328 0 1
299 328 0 1
298 328 0 1
297 328 0 1
296 328 0 1
295 328 0 1
294 328 0 1
293 328 0 1
292 328 0 1
301 327 0 1
300 327 0 1
299 327 0 1
298 327 0 1
297 327 0 1
296 327 0 1
295 327 0 1
294 327 0 1
293 327 0 1
302 326 0 1
301 326 0 1
300 326 0 1
299 326 0 1
298 326 0 1
297 326 0 1
296 326 0 1
295 326 0 1
304 325 0 1
303 325 0 1
302 325 0 1
301 325 0 1
300 325 0 1
299 325 0 1
298 325 0 1
297 325 0 1
296 325 0 1
305 324 0 1
304 324 0 1
303 324 0 1
302 324 0 1
301 324 0 1
300 324 0 1
299 324 0 1
298 324 0 1
297 324 0 1
307 323 0 1
306 323 0 1
305 323 0 1
304 323 0 1
303 323 0 1
302 323 0 1
301 323 0 1
300 323 0 1
299 323 0 1
308 322 0 1
307 322 0 1
306 322 0 1
305 322 0 1
304 322 0 1
303 322 0 1
302 322 0 1
301 322 0 1
300 322 0 1
310 321 0 1
309 321 0 1
308 321 0 1
307 321 0 1
306 321 0 1
305 321 0 1
304 321 0 1
303 321 0 1
302 321 0 1
311 320 0 1
310 320 0 1
309 320 0 1
308 320 0 1
307 320 0 1
306 320 0 1
305 320 0 1
304 320 0 1
303 320 0 1
313 319 0 1
312 319 0 1
311 319 0 1
310 319 0 1
309 319 0 1
308 319 0 1
307 319 0 1
306 319 0 1
305 319 0 1
314 318 0 1
313 318 0 1
312 318 0 1
311 318 0 1
310 318 0 1
309 318 0 1
308 318 0 1
307 318 0 1
306 318 0 1
316 317 0 1
315 317 0 1
314 317 0 1
313 317 0 1
312 317 0 1
311 317 0 1
310 317 0 1
309 317 0 1
308 317 0 1
318 316 0 1
317 316 0 1
316 316 0 1
315 316 0 1
314 316 0 1
313 316 0 1
312 316 0 1
311 316 0 1
310 316 0 1
309 316 0 1
320 315 0 1
319 315 0 1
318 315 0 1
317 315 0 1
316 315 0 1
315 315 0 1
314 315 0 1
313 315 0 1
312 315 0 1
311 315 0 1
322 314 0 1
321 314 0 1
320 314 0 1
319 314 0 1
318 314 0 1
317 314 0 1
316 314 0 1
315 314 0 1
314 314 0 1
313 314 0 1
312 314 0 1
323 313 0 1
322 313 0 1
321 313 0 1
320 313 0 1
319 313 0 1
318 313 0 1
317 313 0 1
316 313 0 1
315 313 0 1
314 313 0 1
325 312 0 1
324 312 0 1
323 312 0 1
322 312 0 1
321 312 0 1
320 312 0 1
319 312 0 1
318 312 0 1
317 312 0 1
316 312 0 1
315 312 0 1
327 311 0 1
326 311 0 1
325 311 0 1
324 311 0 1
323 311 0 1
322 311 0 1
321 311 0 1
320 311 0 1
319 311 0 1
318 311 0 1
317 311 0 1
329 310 0 1
328 310 0 1
327 310 0 1
326 310 0 1
325 310 0 1
324 310 0 1
323 310 0 1
322 310 0 1
321 310 0 1
320 310 0 1
319 310 0 1
331 309 0 1
330 309 0 1
329 309 0 1
328 309 0 1
327 309 0 1
326 309 0 1
325 309 0 1
324 309 0 1
323 309 0 1
322 309 0 1
321 309 0 1
333 308 0 1
332 308 0 1
331 308 0 1
330 308 0 1
329 308 0 1
328 308 0 1
327 308 0 1
326 308 0 1
325 308 0 1
324 308 0 1
323 308 0 1
335 307 0 1
334 307 0 1
333 307 0 1
332 307 0 1
331 307 0 1
330 307 0 1
329 307 0 1
328 307 0 1
327 307 0 1
326 307 0 1
325 307 0 1
336 306 0 1
335 306 0 1
334 306 0 1
333 306 0 1
332 306 0 1
331 306 0 1
330 306 0 1
329 306 0 1
328 306 0 1
327 306 0 1
326 306 0 1
338 305 0 1
337 305 0 1
336 305 0 1
335 305 0 1
334 305 0 1
333 305 0 1
332 305 0 1
331 305 0 1
330 305 0 1
329 305 0 1
328 305 0 1
340 304 0 1
339 304 0 1
338 304 0 1
337 304 0 1
336 304 0 1
335 304 0 1
334 304 0 1
333 304 0 1
332 304 0 1
331 304 0 1
330 304 0 1
342 303 0 1
341 303 0 1
340 303 0 1
339 303 0 1
338 303 0 1
337 303 0 1
336 303 0 1
335 303 0 1
334 303 0 1
333 303 0 1
332 303 0 1
344 302 0 1
343 302 0 1
342 302 0 1
341 302 0 1
340 302 0 1
339 302 0 1
338 302 0 1
337 302 0 1
336 302 0 1
335 302 0 1
334 302 0 1
345 301 0 1
344 301 0 1
343 301 0 1
342 301 0 1
341 301 0 1
340 301 0 1
339 301 0 1
338 301 0 1
337 301 0 1
336 301 0 1
347 300 0 1
346 300 0 1
345 300 0 1
344 300 0 1
343 300 0 1
342 300 0 1
341 300 0 1
340 300 0 1
339 300 0 1
338 300 0 1
337 300 0 1
349 299 0 1
348 299 0 1
347 299 0 1
346 299 0 1
345 299 0 1
344 299 0 1
343 299 0 1
342 299 0 1
341 299 0 1
340 299 0 1
339 299 0 1
351 298 0 1
350 298 0 1
349 298 0 1
348 298 0 1
347 298 0 1
346 298 0 1
345 298 0 1
344 298 0 1
343 298 0 1
342 298 0 1
341 298 0 1
352 297 0 1
351 297 0 1
350 297 0 1
349 297 0 1
348 297 0 1
347 297 0 1
346 297 0 1
345 297 0 1
344 297 0 1
343 297 0 1
354 296 0 1
353 296 0 1
352 296 0 1
351 296 0 1
350 296 0 1
349 296 0 1
348 296 0 1
347 296 0 1
346 296 0 1
345 296 0 1
355 295 0 1
354 295 0 1
353 295 0 1
352 295 0 1
351 295 0 1
350 295 0 1
349 295 0 1
348 295 0 1
347 295 0 1
346 295 0 1
357 294 0 1
356 294 0 1
355 294 0 1
354 294 0 1
353 294 0 1
352 294 0 1
351 294 0 1
350 294 0 1
349 294 0 1
348 294 0 1
358 293 0 1
357 293 0 1
356 293 0 1
355 293 0 1
354 293 0 1
353 293 0 1
352 293 0 1
351 293 0 1
350 293 0 1
360 292 0 1
359 292 0 1
358 292 0 1
357 292 0 1
356 292 0 1
355 292 0 1
354 292 0 1
353 292 0 1
352 292 0 1
351 292 0 1
361 291 0 1
360 291 0 1
359 291 0 1
358 291 0 1
357 291 0 1
356 291 0 1
355 291 0 1
354 291 0 1
353 291 0 1
363 290 0 1
362 290 0 1
361 290 0 1
360 290 0 1
359 290 0 1
358 290 0 1
357 290 0 1
356 290 0 1
355 290 0 1
354 290 0 1
364 289 0 1
363 289 0 1
362 289 0 1
361 289 0 1
360 289 0 1
359 289 0 1
358 289 0 1
357 289 0 1
356 289 0 1
366 288 0 1
365 288 0 1
364 288 0 1
363 288 0 1
362 288 0 1
361 288 0 1
360 288 0 1
359 288 0 1
358 288 0 1
357 288 0 1
367 287 0 1
366 287 0 1
365 287 0 1
364 287 0 1
363 287 0 1
362 287 0 1
361 287 0 1
360 287 0 1
359 287 0 1
368 286 0 1
367 286 0 1
366 286 0 1
365 286 0 1
364 286 0 1
363 286 0 1
362 286 0 1
361 286 0 1
360 286 0 1
369 285 0 1
368 285 0 1
367 285 0 1
366 285 0 1
365 285 0 1
364 285 0 1
363 285 0 1
362 285 0 1
370 284 0 1
369 284 0 1
368 284 0 1
367 284 0 1
366 284 0 1
365 284 0 1
364 284 0 1
363 284 0 1
372 283 0 1
371 283 0 1
370 283 0 1
369 283 0 1
368 283 0 1
367 283 0 1
366 283 0 1
365 283 0 1
364 283 0 1
373 282 0 1
372 282 0 1
371 282 0 1
370 282 0 1
369 282 0 1
368 282 0 1
367 282 0 1
366 282 0 1
374 281 0 1
373 281 0 1
372 281 0 1
371 281 0 1
370 281 0 1
369 281 0 1
368 281 0 1
367 281 0 1
375 280 0 1
374 280 0 1
373 280 0 1
372 280 0 1
371 280 0 1
370 280 0 1
369 280 0 1
368 280 0 1
377 279 0 1
376 279 0 1
375 279 0 1
374 279 0 1
373 279 0 1
372 279 0 1
371 279 0 1
370 279 0 1
369 279 0 1
378 278 0 1
377 278 0 1
376 278 0 1
375 278 0 1
374 278 0 1
373 278 0 1
372 278 0 1
371 278 0 1
370 278 0 1
379 277 0 1
378 277 0 1
377 277 0 1
376 277 0 1
375 277 0 1
374 277 0 1
373 277 0 1
372 277 0 1
380 276 0 1
379 276 0 1
378 276 0 1
377 276 0 1
376 276 0 1
375 276 0 1
374 276 0 1
373 276 0 1
381 275 0 1
380 275 0 1
379 275 0 1
378 275 0 1
377 275 0 1
376 275 0 1
375 275 0 1
374 275 0 1
383 274 0 1
382 274 0 1
381 274 0 1
380 274 0 1
379 274 0 1
378 274 0 1
377 274 0 1
376 274 0 1
375 274 0 1
384 273 0 1
383 273 0 1
382 273 0 1
381 273 0 1
380 273 0 1
379 273 0 1
378 273 0 1
377 273 0 1
385 272 0 1
384 272 0 1
383 272 0 1
382 272 0 1
381 272 0 1
380 272 0 1
379 272 0 1
378 272 0 1
387 271 0 1
386 271 0 1
385 271 0 1
384 271 0 1
383 271 0 1
382 271 0 1
381 271 0 1
380 271 0 1
379 271 0 1
389 270 0 1
388 270 0 1
387 270 0 1
386 270 0 1
385 270 0 1
384 270 0 1
383 270 0 1
382 270 0 1
381 270 0 1
380 270 0 1
391 269 0 1
390 269 0 1
389 269 0 1
388 269 0 1
387 269 0 1
386 269 0 1
385 269 0 1
384 269 0 1
383 269 0 1
382 269 0 1
381 269 0 1
393 268 0 1
392 268 0 1
391 268 0 1
390 268 0 1
389 268 0 1
388 268 0 1
387 268 0 1
386 268 0 1
385 268 0 1
384 268 0 1
383 268 0 1
395 267 0 1
394 267 0 1
393 267 0 1
392 267 0 1
391 267 0 1
390 267 0 1
389 267 0 1
388 267 0 1
387 267 0 1
386 267 0 1
385 267 0 1
384 267 0 1
397 266 0 1
396 266 0 1
395 266 0 1
394 266 0 1
393 266 0 1
392 266 0 1
391 266 0 1
390 266 0 1
389 266 0 1
388 266 0 1
387 266 0 1
386 266 0 1
399 265 0 1
398 265 0 1
397 265 0 1
396 265 0 1
395 265 0 1
394 265 0 1
393 265 0 1
392 265 0 1
391 265 0 1
390 265 0 1
389 265 0 1
388 265 0 1
400 264 0 1
399 264 0 1
398 264 0 1
397 264 0 1
396 264 0 1
395 264 0 1
394 264 0 1
393 264 0 1
392 264 0 1
391 264 0 1
390 264 0 1
402 263 0 1
401 263 0 1
400 263 0 1
399 263 0 1
398 263 0 1
397 263 0 1
396 263 0 1
395 263 0 1
394 263 0 1
393 263 0 1
392 263 0 1
403 262 0 1
402 262 0 1
401 262 0 1
400 262 0 1
399 262 0 1
398 262 0 1
397 262 0 1
396 262 0 1
395 262 0 1
394 262 0 1
405 261 0 1
404 261 0 1
403 261 0 1
402 261 0 1
401 261 0 1
400 261 0 1
399 261 0 1
398 261 0 1
397 261 0 1
396 261 0 1
407 260 0 1
406 260 0 1
405 260 0 1
404 260 0 1
403 260 0 1
402 260 0 1
401 260 0 1
400 260 0 1
399 260 0 1
398 260 0 1
408 259 0 1
407 259 0 1
406 259 0 1
405 259 0 1
404 259 0 1
403 259 0 1
402 259 0 1
401 259 0 1
400 259 0 1
399 259 0 1
410 258 0 1
409 258 0 1
408 258 0 1
407 258 0 1
406 258 0 1
405 258 0 1
404 258 0 1
403 258 0 1
402 258 0 1
401 258 0 1
412 257 0 1
411 257 0 1
410 257 0 1
409 257 0 1
408 257 0 1
407 257 0 1
406 257 0 1
405 257 0 1
404 257 0 1
403 257 0 1
414 256 0 1
413 256 0 1
412 256 0 1
411 256 0 1
410 256 0 1
409 256 0 1
408 256 0 1
407 256 0 1
406 256 0 1
405 256 0 1
404 256 0 1
416 255 0 1
415 255 0 1
414 255 0 1
413 255 0 1
412 255 0 1
411 255 0 1
410 255 0 1
409 255 0 1
408 255 0 1
407 255 0 1
406 255 0 1
418 254 0 1
417 254 0 1
416 254 0 1
415 254 0 1
414 254 0 1
413 254 0 1
412 254 0 1
411 254 0 1
410 254 0 1
409 254 0 1
408 254 0 1
407 254 0 1
420 253 0 1
419 253 0 1
418 253 0 1
417 253 0 1
416 253 0 1
415 253 0 1
414 253 0 1
413 253 0 1
412 253 0 1
411 253 0 1
410 253 0 1
409 253 0 1
422 252 0 1
421 252 0 1
420 252 0 1
419 252 0 1
418 252 0 1
417 252 0 1
416 252 0 1
415 252 0 1
414 252 0 1
413 252 0 1
412 252 0 1
411 252 0 1
424 251 0 1
423 251 0 1
422 251 0 1
421 251 0 1
420 251 0 1
419 251 0 1
418 251 0 1
417 251 0 1
416 251 0 1
415 251 0 1
414 251 0 1
413 251 0 1
426 250 0 1
425 250 0 1
424 250 0 1
423 250 0 1
422 250 0 1
421 250 0 1
420 250 0 1
419 250 0 1
418 250 0 1
417 250 0 1
416 250 0 1
415 250 0 1
428 249 0 1
427 249 0 1
426 249 0 1
425 249 0 1
424 249 0 1
423 249 0 1
422 249 0 1
421 249 0 1
420 249 0 1
419 249 0 1
418 249 0 1
417 249 0 1
430 248 0 1
429 248 0 1
428 248 0 1
427 248 0 1
426 248 0 1
425 248 0 1
424 248 0 1
423 248 0 1
422 248 0 1
421 248 0 1
420 248 0 1
419 248 0 1
431 247 0 1
430 247 0 1
429 247 0 1
428 247 0 1
427 247 0 1
426 247 0 1
425 247 0 1
424 247 0 1
423 247 0 1
422 247 0 1
421 247 0 1
433 246 0 1
432 246 0 1
431 246 0 1
430 246 0 1
429 246 0 1
428 246 0 1
427 246 0 1
426 246 0 1
425 246 0 1
424 246 0 1
423 246 0 1
435 245 0 1
434 245 0 1
433 245 0 1
432 245 0 1
431 245 0 1
430 245 0 1
429 245 0 1
428 245 0 1
427 245 0 1
426 245 0 1
425 245 0 1
437 244 0 1
436 244 0 1
435 244 0 1
434 244 0 1
433 244 0 1
432 244 0 1
431 244 0 1
430 244 0 1
429 244 0 1
428 244 0 1
427 244 0 1
439 243 0 1
438 243 0 1
437 243 0 1
436 243 0 1
435 243 0 1
434 243 0 1
433 243 0 1
432 243 0 1
431 243 0 1
430 243 0 1
429 243 0 1
441 242 0 1
440 242 0 1
439 242 0 1
438 242 0 1
437 242 0 1
436 242 0 1
435 242 0 1
434 242 0 1
433 242 0 1
432 242 0 1
431 242 0 1
443 241 0 1
442 241 0 1
441 241 0 1
440 241 0 1
439 241 0 1
438 241 0 1
437 241 0 1
436 241 0 1
435 241 0 1
434 241 0 1
433 241 0 1
432 241 0 1
445 240 0 1
444 240 0 1
443 240 0 1
442 240 0 1
441 240 0 1
440 240 0 1
439 240 0 1
438 240 0 1
437 240 0 1
436 240 0 1
435 240 0 1
434 240 0 1
448 239 0 1
447 239 0 1
446 239 0 1
445 239 0 1
444 239 0 1
443 239 0 1
442 239 0 1
441 239 0 1
440 239 0 1
439 239 0 1
438 239 0 1
437 239 0 1
436 239 0 1
450 238 0 1
449 238 0 1
448 238 0 1
447 238 0 1
446 238 0 1
445 238 0 1
444 238 0 1
443 238 0 1
442 238 0 1
441 238 0 1
440 238 0 1
439 238 0 1
438 238 0 1
452 237 0 1
451 237 0 1
450 237 0 1
449 237 0 1
448 237 0 1
447 237 0 1
446 237 0 1
445 237 0 1
444 237 0 1
443 237 0 1
442 237 0 1
441 237 0 1
440 237 0 1
454 236 0 1
453 236 0 1
452 236 0 1
451 236 0 1
450 236 0 1
449 236 0 1
448 236 0 1
447 236 0 1
446 236 0 1
445 236 0 1
444 236 0 1
443 236 0 1
457 235 0 1
456 235 0 1
455 235 0 1
454 235 0 1
453 235 0 1
452 235 0 1
451 235 0 1
450 235 0 1
449 235 0 1
448 235 0 1
447 235 0 1
446 235 0 1
445 235 0 1
459 234 0 1
458 234 0 1
457 234 0 1
456 234 0 1
455 234 0 1
454 234 0 1
453 234 0 1
452 234 0 1
451 234 0 1
450 234 0 1
449 234 0 1
448 234 0 1
447 234 0 1
461 233 0 1
460 233 0 1
459 233 0 1
458 233 0 1
457 233 0 1
456 233 0 1
455 233 0 1
454 233 0 1
453 233 0 1
452 233 0 1
451 233 0 1
450 233 0 1
449 233 0 1
463 232 0 1
462 232 0 1
461 232 0 1
460 232 0 1
459 232 0 1
458 232 0 1
457 232 0 1
456 232 0 1
455 232 0 1
454 232 0 1
453 232 0 1
452 232 0 1
465 231 0 1
464 231 0 1
463 231 0 1
462 231 0 1
461 231 0 1
460 231 0 1
459 231 0 1
458 231 0 1
457 231 0 1
456 231 0 1
455 231 0 1
454 231 0 1
467 230 0 1
466 230 0 1
465 230 0 1
464 230 0 1
463 230 0 1
462 230 0 1
461 230 0 1
460 230 0 1
459 230 0 1
458 230 0 1
457 230 0 1
456 230 0 1
469 229 0 1
468 229 0 1
467 229 0 1
466 229 0 1
465 229 0 1
464 229 0 1
463 229 0 1
462 229 0 1
461 229 0 1
460 229 0 1
459 229 0 1
458 229 0 1
472 228 0 1
471 228 0 1
470 228 0 1
469 228 0 1
468 228 0 1
467 228 0 1
466 228 0 1
465 228 0 1
464 228 0 1
463 228 0 1
462 228 0 1
461 228 0 1
460 228 0 1
474 227 0 1
473 227 0 1
472 227 0 1
471 227 0 1
470 227 0 1
469 227 0 1
468 227 0 1
467 227 0 1
466 227 0 1
465 227 0 1
464 227 0 1
463 227 0 1
462 227 0 1
476 226 0 1
475 226 0 1
474 226 0 1
473 226 0 1
472 226 0 1
471 226 0 1
470 226 0 1
469 226 0 1
468 226 0 1
467 226 0 1
466 226 0 1
465 226 0 1
479 225 0 1
478 225 0 1
477 225 0 1
476 225 0 1
475 225 0 1
474 225 0 1
473 225 0 1
472 225 0 1
471 225 0 1
470 225 0 1
469 225 0 1
468 225 0 1
467 225 0 1
482 224 0 1
481 224 0 1
480 224 0 1
479 224 0 1
478 224 0 1
477 224 0 1
476 224 0 1
475 224 0 1
474 224 0 1
473 224 0 1
472 224 0 1
471 224 0 1
470 224 0 1
469 224 0 1
485 223 0 1
484 223 0 1
483 223 0 1
482 223 0 1
481 223 0 1
480 223 0 1
479 223 0 1
478 223 0 1
477 223 0 1
476 223 0 1
475 223 0 1
474 223 0 1
473 223 0 1
472 223 0 1
471 223 0 1
489 222 0 1
488 222 0 1
487 222 0 1
486 222 0 1
485 222 0 1
484 222 0 1
483 222 0 1
482 222 0 1
481 222 0 1
480 222 0 1
479 222 0 1
478 222 0 1
477 222 0 1
476 222 0 1
475 222 0 1
474 222 0 1
473 222 0 1
491 221 0 1
490 221 0 1
489 221 0 1
488 221 0 1
487 221 0 1
486 221 0 1
485 221 0 1
484 221 0 1
483 221 0 1
482 221 0 1
481 221 0 1
480 221 0 1
479 221 0 1
478 221 0 1
477 221 0 1
476 221 0 1
475 221 0 1
493 220 0 1
492 220 0 1
491 220 0 1
490 220 0 1
489 220 0 1
488 220 0 1
487 220 0 1
486 220 0 1
485 220 0 1
484 220 0 1
483 220 0 1
482 220 0 1
481 220 0 1
480 220 0 1
479 220 0 1
496 219 0 1
495 219 0 1
494 219 0 1
493 219 0 1
492 219 0 1
491 219 0 1
490 219 0 1
489 219 0 1
488 219 0 1
487 219 0 1
486 219 0 1
485 219 0 1
484 219 0 1
483 219 0 1
482 219 0 1
498 218 0 1
497 218 0 1
496 218 0 1
495 218 0 1
494 218 0 1
493 218 0 1
492 218 0 1
491 218 0 1
490 218 0 1
489 218 0 1
488 218 0 1
487 218 0 1
486 218 0 1
485 218 0 1
501 217 0 1
500 217 0 1
499 217 0 1
498 217 0 1
497 217 0 1
496 217 0 1
495 217 0 1
494 217 0 1
493 217 0 1
492 217 0 1
491 217 0 1
490 217 0 1
489 217 0 1
488 217 0 1
505 216 0 1
504 216 0 1
503 216 0 1
502 216 0 1
501 216 0 1
500 216 0 1
499 216 0 1
498 216 0 1
497 216 0 1
496 216 0 1
495 216 0 1
494 216 0 1
493 216 0 1
492 216 0 1
491 216 0 1
490 216 0 1
507 215 0 1
506 215 0 1
505 215 0 1
504 215 0 1
503 215 0 1
502 215 0 1
501 215 0 1
500 215 0 1
499 215 0 1
498 215 0 1
497 215 0 1
496 215 0 1
495 215 0 1
494 215 0 1
493 215 0 1
516 214 0 1
515 214 0 1
514 214 0 1
513 214 0 1
512 214 0 1
511 214 0 1
510 214 0 1
509 214 0 1
508 214 0 1
507 214 0 1
506 214 0 1
505 214 0 1
504 214 0 1
503 214 0 1
502 214 0 1
501 214 0 1
500 214 0 1
499 214 0 1
498 214 0 1
497 214 0 1
496 214 0 1
495 214 0 1
517 213 0 1
516 213 0 1
515 213 0 1
514 213 0 1
513 213 0 1
512 213 0 1
511 213 0 1
510 213 0 1
509 213 0 1
508 213 0 1
507 213 0 1
506 213 0 1
505 213 0 1
504 213 0 1
503 213 0 1
502 213 0 1
501 213 0 1
500 213 0 1
499 213 0 1
498 213 0 1
497 213 0 1
517 212 0 1
516 212 0 1
515 212 0 1
514 212 0 1
513 212 0 1
512 212 0 1
511 212 0 1
510 212 0 1
509 212 0 1
508 212 0 1
507 212 0 1
506 212 0 1
505 212 0 1
504 212 0 1
503 212 0 1
502 212 0 1
501 212 0 1
517 211 0 1
516 211 0 1
515 211 0 1
514 211 0 1
513 211 0 1
512 211 0 1
511 211 0 1
510 211 0 1
509 211 0 1
508 211 0 1
507 211 0 1
506 211 0 1
505 211 0 1
504 211 0 1
517 210 0 1
516 210 0 1
515 210 0 1
514 210 0 1
570 204 0 0
569 204 0 0
568 204 0 0
567 204 0 0
570 203 0 0
569 203 0 0
568 203 0 0
567 203 0 0
566 203 0 0
570 202 0 0
569 202 0 0
568 202 0 0
567 202 0 0
566 202 0 0
565 202 0 0
570 201 0 0
569 201 0 0
568 201 0 0
567 201 0 0
566 201 0 0
565 201 0 0
564 201 0 0
570 200 0 0
569 200 0 0
568 200 0 0
567 200 0 0
566 200 0 0
565 200 0 0
564 200 0 0
563 200 0 0
568 199 0 0
567 199 0 0
566 199 0 0
565 199 0 0
564 199 0 0
563 199 0 0
562 199 0 0
567 198 0 0
566 198 0 0
565 198 0 0
564 198 0 0
563 198 0 0
562 198 0 0
561 198 0 0
566 197 0 0
565 197 0 0
564 197 0 0
563 197 0 0
562 197 0 0
561 197 0 0
560 197 0 0
565 196 0 0
564 196 0 0
563 196 0 0
562 196 0 0
561 196 0 0
560 196 0 0
559 196 0 0
564 195 0 0
563 195 0 0
562 195 0 0
561 195 0 0
560 195 0 0
559 195 0 0
558 195 0 0
563 194 0 0
562 194 0 0
561 194 0 0
560 194 0 0
559 194 0 0
558 194 0 0
557 194 0 0
562 193 0 0
561 193 0 0
560 193 0 0
559 193 0 0
558 193 0 0
557 193 0 0
556 193 0 0
561 192 0 0
560 192 0 0
559 192 0 0
558 192 0 0
557 192 0 0
556 192 0 0
555 192 0 0
560 191 0 0
559 191 0 0
558 191 0 0
557 191 0 0
556 191 0 0
555 191 0 0
554 191 0 0
559 190 0 0
558 190 0 0
557 190 0 0
556 190 0 0
555 190 0 0
554 190 0 0
553 190 0 0
558 189 0 0
557 189 0 0
556 189 0 0
555 189 0 0
554 189 0 0
553 189 0 0
552 189 0 0
557 188 0 0
556 188 0 0
555 188 0 0
554 188 0 0
553 188 0 0
552 188 0 0
557 187 0 0
556 187 0 0
555 187 0 0
554 187 0 0
553 187 0 0
552 187 0 0
551 187 0 0
556 186 0 0
555 186 0 0
554 186 0 0
553 186 0 0
552 186 0 0
551 186 0 0
550 186 0 0
555 185 0 0
554 185 0 0
553 185 0 0
552 185 0 0
551 185 0 0
550 185 0 0
549 185 0 0
554 184 0 0
553 184 0 0
552 184 0 0
551 184 0 0
550 184 0 0
549 184 0 0
548 184 0 0
553 183 0 0
552 183 0 0
551 183 0 0
550 183 0 0
549 183 0 0
548 183 0 0
553 182 0 0
552 182 0 0
551 182 0 0
550 182 0 0
549 182 0 0
548 182 0 0
547 182 0 0
552 181 0 0
551 181 0 0
550 181 0 0
549 181 0 0
548 181 0 0
547 181 0 0
546 181 0 0
551 180 0 0
550 180 0 0
549 180 0 0
548 180 0 0
547 180 0 0
546 180 0 0
545 180 0 0
550 179 0 0
549 179 0 0
548 179 0 0
547 179 0 0
546 179 0 0
545 179 0 0
544 179 0 0
549 178 0 0
548 178 0 0
547 178 0 0
546 178 0 0
545 178 0 0
544 178 0 0
543 178 0 0
548 177 0 0
547 177 0 0
546 177 0 0
545 177 0 0
544 177 0 0
543 177 0 0
548 176 0 0
547 176 0 0
546 176 0 0
545 176 0 0
544 176 0 0
543 176 0 0
542 176 0 0
547 175 0 0
546 175 0 0
545 175 0 0
544 175 0 0
543 175 0 0
542 175 0 0
541 175 0 0
474 175 0 1
473 175 0 1
472 175 0 1
471 175 0 1
470 175 0 1
469 175 0 1
468 175 0 1
467 175 0 1
466 175 0 1
465 175 0 1
464 175 0 1
463 175 0 1
462 175 0 1
461 175 0 1
460 175 0 1
459 175 0 1
458 175 0 1
457 175 0 1
456 175 0 1
455 175 0 1
454 175 0 1
453 175 0 1
452 175 0 1
451 175 0 1
450 175 0 1
449 175 0 1
448 175 0 1
447 175 0 1
446 175 0 1
445 175 0 1
546 174 0 0
545 174 0 0
544 174 0 0
543 174 0 0
542 174 0 0
541 174 0 0
540 174 0 0
474 174 0 1
473 174 0 1
472 174 0 1
471 174 0 1
470 174 0 1
469 174 0 1
468 174 0 1
467 174 0 1
466 174 0 1
465 174 0 1
464 174 0 1
463 174 0 1
462 174 0 1
461 174 0 1
460 174 0 1
459 174 0 1
458 174 0 1
457 174 0 1
456 174 0 1
455 174 0 1
454 174 0 1
453 174 0 1
452 174 0 1
451 174 0 1
450 174 0 1
449 174 0 1
448 174 0 1
447 174 0 1
446 174 0 1
445 174 0 1
444 174 0 1
443 174 0 1
442 174 0 1
441 174 0 1
440 174 0 1
545 173 0 0
544 173 0 0
543 173 0 0
542 173 0 0
541 173 0 0
540 173 0 0
539 173 0 0
474 173 0 1
473 173 0 1
472 173 0 1
471 173 0 1
470 173 0 1
469 173 0 1
468 173 0 1
467 173 0 1
466 173 0 1
465 173 0 1
464 173 0 1
463 173 0 1
462 173 0 1
461 173 0 1
460 173 0 1
459 173 0 1
458 173 0 1
457 173 0 1
456 173 0 1
455 173 0 1
454 173 0 1
453 173 0 1
452 173 0 1
451 173 0 1
450 173 0 1
449 173 0 1
448 173 0 1
447 173 0 1
446 173 0 1
445 173 0 1
444 173 0 1
443 173 0 1
442 173 0 1
441 173 0 1
440 173 0 1
439 173 0 1
438 173 0 1
437 173 0 1
436 173 0 1
544 172 0 0
543 172 0 0
542 172 0 0
541 172 0 0
540 172 0 0
539 172 0 0
474 172 0 1
473 172 0 1
472 172 0 1
471 172 0 1
470 172 0 1
469 172 0 1
468 172 0 1
467 172 0 1
466 172 0 1
465 172 0 1
464 172 0 1
463 172 0 1
462 172 0 1
461 172 0 1
460 172 0 1
459 172 0 1
458 172 0 1
457 172 0 1
456 172 0 1
455 172 0 1
454 172 0 1
453 172 0 1
452 172 0 1
451 172 0 1
450 172 0 1
449 172 0 1
448 172 0 1
447 172 0 1
446 172 0 1
445 172 0 1
444 172 0 1
443 172 0 1
442 172 0 1
441 172 0 1
440 172 0 1
439 172 0 1
438 172 0 1
437 172 0 1
436 172 0 1
435 172 0 1
434 172 0 1
433 172 0 1
432 172 0 1
431 172 0 1
544 171 0 0
543 171 0 0
542 171 0 0
541 171 0 0
540 171 0 0
539 171 0 0
538 171 0 0
450 171 0 1
449 171 0 1
448 171 0 1
447 171 0 1
446 171 0 1
445 171 0 1
444 171 0 1
443 171 0 1
442 171 0 1
441 171 0 1
440 171 0 1
439 171 0 1
438 171 0 1
437 171 0 1
436 171 0 1
435 171 0 1
434 171 0 1
433 171 0 1
432 171 0 1
431 171 0 1
430 171 0 1
429 171 0 1
428 171 0 1
427 171 0 1
543 170 0 0
542 170 0 0
541 170 0 0
540 170 0 0
539 170 0 0
538 170 0 0
537 170 0 0
445 170 0 1
444 170 0 1
443 170 0 1
442 170 0 1
441 170 0 1
440 170 0 1
439 170 0 1
438 170 0 1
437 170 0 1
436 170 0 1
435 170 0 1
434 170 0 1
433 170 0 1
432 170 0 1
431 170 0 1
430 170 0 1
429 170 0 1
428 170 0 1
427 170 0 1
426 170 0 1
425 170 0 1
424 170 0 1
423 170 0 1
422 170 0 1
542 169 0 0
541 169 0 0
540 169 0 0
539 169 0 0
538 169 0 0
537 169 0 0
536 169 0 0
441 169 0 1
440 169 0 1
439 169 0 1
438 169 0 1
437 169 0 1
436 169 0 1
435 169 0 1
434 169 0 1
433 169 0 1
432 169 0 1
431 169 0 1
430 169 0 1
429 169 0 1
428 169 0 1
427 169 0 1
426 169 0 1
425 169 0 1
424 169 0 1
423 169 0 1
422 169 0 1
421 169 0 1
420 169 0 1
419 169 0 1
418 169 0 1
541 168 0 0
540 168 0 0
539 168 0 0
538 168 0 0
537 168 0 0
536 168 0 0
535 168 0 0
436 168 0 1
435 168 0 1
434 168 0 1
433 168 0 1
432 168 0 1
431 168 0 1
430 168 0 1
429 168 0 1
428 168 0 1
427 168 0 1
426 168 0 1
425 168 0 1
424 168 0 1
423 168 0 1
422 168 0 1
421 168 0 1
420 168 0 1
419 168 0 1
418 168 0 1
417 168 0 1
416 168 0 1
415 168 0 1
414 168 0 1
413 168 0 1
540 167 0 0
539 167 0 0
538 167 0 0
537 167 0 0
536 167 0 0
535 167 0 0
432 167 0 1
431 167 0 1
430 167 0 1
429 167 0 1
428 167 0 1
427 167 0 1
426 167 0 1
425 167 0 1
424 167 0 1
423 167 0 1
422 167 0 1
421 167 0 1
420 167 0 1
419 167 0 1
418 167 0 1
417 167 0 1
416 167 0 1
415 167 0 1
414 167 0 1
413 167 0 1
412 167 0 1
411 167 0 1
410 167 0 1
540 166 0 0
539 166 0 0
538 166 0 0
537 166 0 0
536 166 0 0
535 166 0 0
534 166 0 0
427 166 0 1
426 166 0 1
425 166 0 1
424 166 0 1
423 166 0 1
422 166 0 1
421 166 0 1
420 166 0 1
419 166 0 1
418 166 0 1
417 166 0 1
416 166 0 1
415 166 0 1
414 166 0 1
413 166 0 1
412 166 0 1
411 166 0 1
410 166 0 1
409 166 0 1
408 166 0 1
407 166 0 1
539 165 0 0
538 165 0 0
537 165 0 0
536 165 0 0
535 165 0 0
534 165 0 0
533 165 0 0
423 165 0 1
422 165 0 1
421 165 0 1
420 165 0 1
419 165 0 1
418 165 0 1
417 165 0 1
416 165 0 1
415 165 0 1
414 165 0 1
413 165 0 1
412 165 0 1
411 165 0 1
410 165 0 1
409 165 0 1
408 165 0 1
407 165 0 1
406 165 0 1
405 165 0 1
404 165 0 1
403 165 0 1
538 164 0 0
537 164 0 0
536 164 0 0
535 164 0 0
534 164 0 0
533 164 0 0
532 164 0 0
418 164 0 1
417 164 0 1
416 164 0 1
415 164 0 1
414 164 0 1
413 164 0 1
412 164 0 1
411 164 0 1
410 164 0 1
409 164 0 1
408 164 0 1
407 164 0 1
406 164 0 1
405 164 0 1
404 164 0 1
403 164 0 1
402 164 0 1
401 164 0 1
400 164 0 1
537 163 0 0
536 163 0 0
535 163 0 0
534 163 0 0
533 163 0 0
532 163 0 0
531 163 0 0
414 163 0 1
413 163 0 1
412 163 0 1
411 163 0 1
410 163 0 1
409 163 0 1
408 163 0 1
407 163 0 1
406 163 0 1
405 163 0 1
404 163 0 1
403 163 0 1
402 163 0 1
401 163 0 1
400 163 0 1
399 163 0 1
398 163 0 1
397 163 0 1
536 162 0 0
535 162 0 0
534 162 0 0
533 162 0 0
532 162 0 0
531 162 0 0
530 162 0 0
410 162 0 1
409 162 0 1
408 162 0 1
407 162 0 1
406 162 0 1
405 162 0 1
404 162 0 1
403 162 0 1
402 162 0 1
401 162 0 1
400 162 0 1
399 162 0 1
398 162 0 1
397 162 0 1
396 162 0 1
395 162 0 1
394 162 0 1
393 162 0 1
535 161 0 0
534 161 0 0
533 161 0 0
532 161 0 0
531 161 0 0
530 161 0 0
407 161 0 1
406 161 0 1
405 161 0 1
404 161 0 1
403 161 0 1
402 161 0 1
401 161 0 1
400 161 0 1
399 161 0 1
398 161 0 1
397 161 0 1
396 161 0 1
395 161 0 1
394 161 0 1
393 161 0 1
392 161 0 1
391 161 0 1
390 161 0 1
535 160 0 0
534 160 0 0
533 160 0 0
532 160 0 0
531 160 0 0
530 160 0 0
529 160 0 0
404 160 0 1
403 160 0 1
402 160 0 1
401 160 0 1
400 160 0 1
399 160 0 1
398 160 0 1
397 160 0 1
396 160 0 1
395 160 0 1
394 160 0 1
393 160 0 1
392 160 0 1
391 160 0 1
390 160 0 1
389 160 0 1
388 160 0 1
387 160 0 1
534 159 0 0
533 159 0 0
532 159 0 0
531 159 0 0
530 159 0 0
529 159 0 0
528 159 0 0
400 159 0 1
399 159 0 1
398 159 0 1
397 159 0 1
396 159 0 1
395 159 0 1
394 159 0 1
393 159 0 1
392 159 0 1
391 159 0 1
390 159 0 1
389 159 0 1
388 159 0 1
387 159 0 1
386 159 0 1
385 159 0 1
384 159 0 1
383 159 0 1
533 158 0 0
532 158 0 0
531 158 0 0
530 158 0 0
529 158 0 0
528 158 0 0
527 158 0 0
397 158 0 1
396 158 0 1
395 158 0 1
394 158 0 1
393 158 0 1
392 158 0 1
391 158 0 1
390 158 0 1
389 158 0 1
388 158 0 1
387 158 0 1
386 158 0 1
385 158 0 1
384 158 0 1
383 158 0 1
382 158 0 1
381 158 0 1
380 158 0 1
532 157 0 0
531 157 0 0
530 157 0 0
529 157 0 0
528 157 0 0
527 157 0 0
526 157 0 0
393 157 0 1
392 157 0 1
391 157 0 1
390 157 0 1
389 157 0 1
388 157 0 1
387 157 0 1
386 157 0 1
385 157 0 1
384 157 0 1
383 157 0 1
382 157 0 1
381 157 0 1
380 157 0 1
379 157 0 1
378 157 0 1
377 157 0 1
376 157 0 1
531 156 0 0
530 156 0 0
529 156 0 0
528 156 0 0
527 156 0 0
526 156 0 0
390 156 0 1
389 156 0 1
388 156 0 1
387 156 0 1
386 156 0 1
385 156 0 1
384 156 0 1
383 156 0 1
382 156 0 1
381 156 0 1
380 156 0 1
379 156 0 1
378 156 0 1
377 156 0 1
376 156 0 1
375 156 0 1
374 156 0 1
373 156 0 1
531 155 0 0
530 155 0 0
529 155 0 0
528 155 0 0
527 155 0 0
526 155 0 0
525 155 0 0
387 155 0 1
386 155 0 1
385 155 0 1
384 155 0 1
383 155 0 1
382 155 0 1
381 155 0 1
380 155 0 1
379 155 0 1
378 155 0 1
377 155 0 1
376 155 0 1
375 155 0 1
374 155 0 1
373 155 0 1
372 155 0 1
371 155 0 1
370 155 0 1
530 154 0 0
529 154 0 0
528 154 0 0
527 154 0 0
526 154 0 0
525 154 0 0
524 154 0 0
383 154 0 1
382 154 0 1
381 154 0 1
380 154 0 1
379 154 0 1
378 154 0 1
377 154 0 1
376 154 0 1
375 154 0 1
374 154 0 1
373 154 0 1
372 154 0 1
371 154 0 1
370 154 0 1
369 154 0 1
368 154 0 1
367 154 0 1
366 154 0 1
529 153 0 0
528 153 0 0
527 153 0 0
526 153 0 0
525 153 0 0
524 153 0 0
523 153 0 0
380 153 0 1
379 153 0 1
378 153 0 1
377 153 0 1
376 153 0 1
375 153 0 1
374 153 0 1
373 153 0 1
372 153 0 1
371 153 0 1
370 153 0 1
369 153 0 1
368 153 0 1
367 153 0 1
366 153 0 1
365 153 0 1
364 153 0 1
528 152 0 0
527 152 0 0
526 152 0 0
525 152 0 0
524 152 0 0
523 152 0 0
522 152 0 0
377 152 0 1
376 152 0 1
375 152 0 1
374 152 0 1
373 152 0 1
372 152 0 1
371 152 0 1
370 152 0 1
369 152 0 1
368 152 0 1
367 152 0 1
366 152 0 1
365 152 0 1
364 152 0 1
363 152 0 1
362 152 0 1
527 151 0 0
526 151 0 0
525 151 0 0
524 151 0 0
523 151 0 0
522 151 0 0
373 151 0 1
372 151 0 1
371 151 0 1
370 151 0 1
369 151 0 1
368 151 0 1
367 151 0 1
366 151 0 1
365 151 0 1
364 151 0 1
363 151 0 1
362 151 0 1
361 151 0 1
360 151 0 1
359 151 0 1
527 150 0 0
526 150 0 0
525 150 0 0
524 150 0 0
523 150 0 0
522 150 0 0
521 150 0 0
370 150 0 1
369 150 0 1
368 150 0 1
367 150 0 1
366 150 0 1
365 150 0 1
364 150 0 1
363 150 0 1
362 150 0 1
361 150 0 1
360 150 0 1
359 150 0 1
358 150 0 1
357 150 0 1
526 149 0 0
525 149 0 0
524 149 0 0
523 149 0 0
522 149 0 0
521 149 0 0
520 149 0 0
367 149 0 1
366 149 0 1
365 149 0 1
364 149 0 1
363 149 0 1
362 149 0 1
361 149 0 1
360 149 0 1
359 149 0 1
358 149 0 1
357 149 0 1
356 149 0 1
355 149 0 1
525 148 0 0
524 148 0 0
523 148 0 0
522 148 0 0
521 148 0 0
520 148 0 0
519 148 0 0
364 148 0 1
363 148 0 1
362 148 0 1
361 148 0 1
360 148 0 1
359 148 0 1
358 148 0 1
357 148 0 1
356 148 0 1
355 148 0 1
354 148 0 1
353 148 0 1
352 148 0 1
524 147 0 0
523 147 0 0
522 147 0 0
521 147 0 0
520 147 0 0
519 147 0 0
518 147 0 0
362 147 0 1
361 147 0 1
360 147 0 1
359 147 0 1
358 147 0 1
357 147 0 1
356 147 0 1
355 147 0 1
354 147 0 1
353 147 0 1
352 147 0 1
351 147 0 1
350 147 0 1
523 146 0 0
522 146 0 0
521 146 0 0
520 146 0 0
519 146 0 0
518 146 0 0
517 146 0 0
360 146 0 1
359 146 0 1
358 146 0 1
357 146 0 1
356 146 0 1
355 146 0 1
354 146 0 1
353 146 0 1
352 146 0 1
351 146 0 1
350 146 0 1
349 146 0 1
348 146 0 1
522 145 0 0
521 145 0 0
520 145 0 0
519 145 0 0
518 145 0 0
517 145 0 0
357 145 0 1
356 145 0 1
355 145 0 1
354 145 0 1
353 145 0 1
352 145 0 1
351 145 0 1
350 145 0 1
349 145 0 1
348 145 0 1
347 145 0 1
346 145 0 1
345 145 0 1
522 144 0 0
521 144 0 0
520 144 0 0
519 144 0 0
518 144 0 0
517 144 0 0
516 144 0 0
355 144 0 1
354 144 0 1
353 144 0 1
352 144 0 1
351 144 0 1
350 144 0 1
349 144 0 1
348 144 0 1
347 144 0 1
346 144 0 1
345 144 0 1
344 144 0 1
343 144 0 1
521 143 0 0
520 143 0 0
519 143 0 0
518 143 0 0
517 143 0 0
516 143 0 0
515 143 0 0
353 143 0 1
352 143 0 1
351 143 0 1
350 143 0 1
349 143 0 1
348 143 0 1
347 143 0 1
346 143 0 1
345 143 0 1
344 143 0 1
343 143 0 1
342 143 0 1
341 143 0 1
520 142 0 0
519 142 0 0
518 142 0 0
517 142 0 0
516 142 0 0
515 142 0 0
514 142 0 0
350 142 0 1
349 142 0 1
348 142 0 1
347 142 0 1
346 142 0 1
345 142 0 1
344 142 0 1
343 142 0 1
342 142 0 1
341 142 0 1
340 142 0 1
339 142 0 1
338 142 0 1
519 141 0 0
518 141 0 0
517 141 0 0
516 141 0 0
515 141 0 0
514 141 0 0
513 141 0 0
348 141 0 1
347 141 0 1
346 141 0 1
345 141 0 1
344 141 0 1
343 141 0 1
342 141 0 1
341 141 0 1
340 141 0 1
339 141 0 1
338 141 0 1
337 141 0 1
336 141 0 1
335 141 0 1
518 140 0 0
517 140 0 0
516 140 0 0
515 140 0 0
514 140 0 0
513 140 0 0
512 140 0 0
346 140 0 1
345 140 0 1
344 140 0 1
343 140 0 1
342 140 0 1
341 140 0 1
340 140 0 1
339 140 0 1
338 140 0 1
337 140 0 1
336 140 0 1
335 140 0 1
334 140 0 1
333 140 0 1
332 140 0 1
517 139 0 0
516 139 0 0
515 139 0 0
514 139 0 0
513 139 0 0
512 139 0 0
343 139 0 1
342 139 0 1
341 139 0 1
340 139 0 1
339 139 0 1
338 139 0 1
337 139 0 1
336 139 0 1
335 139 0 1
334 139 0 1
333 139 0 1
332 139 0 1
331 139 0 1
330 139 0 1
329 139 0 1
517 138 0 0
516 138 0 0
515 138 0 0
514 138 0 0
513 138 0 0
512 138 0 0
511 138 0 0
341 138 0 1
340 138 0 1
339 138 0 1
338 138 0 1
337 138 0 1
336 138 0 1
335 138 0 1
334 138 0 1
333 138 0 1
332 138 0 1
331 138 0 1
330 138 0 1
329 138 0 1
328 138 0 1
327 138 0 1
326 138 0 1
516 137 0 0
515 137 0 0
514 137 0 0
513 137 0 0
512 137 0 0
511 137 0 0
510 137 0 0
339 137 0 1
338 137 0 1
337 137 0 1
336 137 0 1
335 137 0 1
334 137 0 1
333 137 0 1
332 137 0 1
331 137 0 1
330 137 0 1
329 137 0 1
328 137 0 1
327 137 0 1
326 137 0 1
325 137 0 1
324 137 0 1
323 137 0 1
515 136 0 0
514 136 0 0
513 136 0 0
512 136 0 0
511 136 0 0
510 136 0 0
509 136 0 0
336 136 0 1
335 136 0 1
334 136 0 1
333 136 0 1
332 136 0 1
331 136 0 1
330 136 0 1
329 136 0 1
328 136 0 1
327 136 0 1
326 136 0 1
325 136 0 1
324 136 0 1
323 136 0 1
322 136 0 1
321 136 0 1
320 136 0 1
514 135 0 0
513 135 0 0
512 135 0 0
511 135 0 0
510 135 0 0
509 135 0 0
508 135 0 0
333 135 0 1
332 135 0 1
331 135 0 1
330 135 0 1
329 135 0 1
328 135 0 1
327 135 0 1
326 135 0 1
325 135 0 1
324 135 0 1
323 135 0 1
322 135 0 1
321 135 0 1
320 135 0 1
319 135 0 1
318 135 0 1
317 135 0 1
513 134 0 0
512 134 0 0
511 134 0 0
510 134 0 0
509 134 0 0
508 134 0 0
507 134 0 0
330 134 0 1
329 134 0 1
328 134 0 1
327 134 0 1
326 134 0 1
325 134 0 1
324 134 0 1
323 134 0 1
322 134 0 1
321 134 0 1
320 134 0 1
319 134 0 1
318 134 0 1
317 134 0 1
316 134 0 1
315 134 0 1
512 133 0 0
511 133 0 0
510 133 0 0
509 133 0 0
508 133 0 0
507 133 0 0
506 133 0 0
327 133 0 1
326 133 0 1
325 133 0 1
324 133 0 1
323 133 0 1
322 133 0 1
321 133 0 1
320 133 0 1
319 133 0 1
318 133 0 1
317 133 0 1
316 133 0 1
315 133 0 1
314 133 0 1
313 133 0 1
312 133 0 1
511 132 0 0
510 132 0 0
509 132 0 0
508 132 0 0
507 132 0 0
506 132 0 0
324 132 0 1
323 132 0 1
322 132 0 1
321 132 0 1
320 132 0 1
319 132 0 1
318 132 0 1
317 132 0 1
316 132 0 1
315 132 0 1
314 132 0 1
313 132 0 1
312 132 0 1
311 132 0 1
310 132 0 1
309 132 0 1
511 131 0 0
510 131 0 0
509 131 0 0
508 131 0 0
507 131 0 0
506 131 0 0
505 131 0 0
321 131 0 1
320 131 0 1
319 131 0 1
318 131 0 1
317 131 0 1
316 131 0 1
315 131 0 1
314 131 0 1
313 131 0 1
312 131 0 1
311 131 0 1
310 131 0 1
309 131 0 1
308 131 0 1
307 131 0 1
306 131 0 1
510 130 0 0
509 130 0 0
508 130 0 0
507 130 0 0
506 130 0 0
505 130 0 0
504 130 0 0
318 130 0 1
317 130 0 1
316 130 0 1
315 130 0 1
314 130 0 1
313 130 0 1
312 130 0 1
311 130 0 1
310 130 0 1
309 130 0 1
308 130 0 1
307 130 0 1
306 130 0 1
305 130 0 1
304 130 0 1
509 129 0 0
508 129 0 0
507 129 0 0
506 129 0 0
505 129 0 0
504 129 0 0
503 129 0 0
315 129 0 1
314 129 0 1
313 129 0 1
312 129 0 1
311 129 0 1
310 129 0 1
309 129 0 1
308 129 0 1
307 129 0 1
306 129 0 1
305 129 0 1
304 129 0 1
303 129 0 1
508 128 0 0
507 128 0 0
506 128 0 0
505 128 0 0
504 128 0 0
503 128 0 0
502 128 0 0
312 128 0 1
311 128 0 1
310 128 0 1
309 128 0 1
308 128 0 1
307 128 0 1
306 128 0 1
305 128 0 1
304 128 0 1
303 128 0 1
302 128 0 1
301 128 0 1
507 127 0 0
506 127 0 0
505 127 0 0
504 127 0 0
503 127 0 0
502 127 0 0
501 127 0 0
309 127 0 1
308 127 0 1
307 127 0 1
306 127 0 1
305 127 0 1
304 127 0 1
303 127 0 1
302 127 0 1
301 127 0 1
300 127 0 1
299 127 0 1
506 126 0 0
505 126 0 0
504 126 0 0
503 126 0 0
502 126 0 0
501 126 0 0
500 126 0 0
307 126 0 1
306 126 0 1
305 126 0 1
304 126 0 1
303 126 0 1
302 126 0 1
301 126 0 1
300 126 0 1
299 126 0 1
298 126 0 1
297 126 0 1
505 125 0 0
504 125 0 0
503 125 0 0
502 125 0 0
501 125 0 0
500 125 0 0
305 125 0 1
304 125 0 1
303 125 0 1
302 125 0 1
301 125 0 1
300 125 0 1
299 125 0 1
298 125 0 1
297 125 0 1
296 125 0 1
295 125 0 1
294 125 0 1
505 124 0 0
504 124 0 0
503 124 0 0
502 124 0 0
501 124 0 0
500 124 0 0
499 124 0 0
304 124 0 1
303 124 0 1
302 124 0 1
301 124 0 1
300 124 0 1
299 124 0 1
298 124 0 1
297 124 0 1
296 124 0 1
295 124 0 1
294 124 0 1
293 124 0 1
292 124 0 1
504 123 0 0
503 123 0 0
502 123 0 0
501 123 0 0
500 123 0 0
499 123 0 0
498 123 0 0
302 123 0 1
301 123 0 1
300 123 0 1
299 123 0 1
298 123 0 1
297 123 0 1
296 123 0 1
295 123 0 1
294 123 0 1
293 123 0 1
292 123 0 1
291 123 0 1
290 123 0 1
503 122 0 0
502 122 0 0
501 122 0 0
500 122 0 0
499 122 0 0
498 122 0 0
497 122 0 0
300 122 0 1
299 122 0 1
298 122 0 1
297 122 0 1
296 122 0 1
295 122 0 1
294 122 0 1
293 122 0 1
292 122 0 1
291 122 0 1
290 122 0 1
289 122 0 1
288 122 0 1
502 121 0 0
501 121 0 0
500 121 0 0
499 121 0 0
498 121 0 0
497 121 0 0
496 121 0 0
297 121 0 1
296 121 0 1
295 121 0 1
294 121 0 1
293 121 0 1
292 121 0 1
291 121 0 1
290 121 0 1
289 121 0 1
288 121 0 1
287 121 0 1
286 121 0 1
285 121 0 1
501 120 0 0
500 120 0 0
499 120 0 0
498 120 0 0
497 120 0 0
496 120 0 0
495 120 0 0
295 120 0 1
294 120 0 1
293 120 0 1
292 120 0 1
291 120 0 1
290 120 0 1
289 120 0 1
288 120 0 1
287 120 0 1
286 120 0 1
285 120 0 1
284 120 0 1
283 120 0 1
500 119 0 0
499 119 0 0
498 119 0 0
497 119 0 0
496 119 0 0
495 119 0 0
293 119 0 1
292 119 0 1
291 119 0 1
290 119 0 1
289 119 0 1
288 119 0 1
287 119 0 1
286 119 0 1
285 119 0 1
284 119 0 1
283 119 0 1
282 119 0 1
281 119 0 1
280 119 0 1
500 118 0 0
499 118 0 0
498 118 0 0
497 118 0 0
496 118 0 0
495 118 0 0
494 118 0 0
290 118 0 1
289 118 0 1
288 118 0 1
287 118 0 1
286 118 0 1
285 118 0 1
284 118 0 1
283 118 0 1
282 118 0 1
281 118 0 1
280 118 0 1
279 118 0 1
278 118 0 1
277 118 0 1
499 117 0 0
498 117 0 0
497 117 0 0
496 117 0 0
495 117 0 0
494 117 0 0
493 117 0 0
288 117 0 1
287 117 0 1
286 117 0 1
285 117 0 1
284 117 0 1
283 117 0 1
282 117 0 1
281 117 0 1
280 117 0 1
279 117 0 1
278 117 0 1
277 117 0 1
276 117 0 1
275 117 0 1
498 116 0 0
497 116 0 0
496 116 0 0
495 116 0 0
494 116 0 0
493 116 0 0
492 116 0 0
286 116 0 1
285 116 0 1
284 116 0 1
283 116 0 1
282 116 0 1
281 116 0 1
280 116 0 1
279 116 0 1
278 116 0 1
277 116 0 1
276 116 0 1
275 116 0 1
274 116 0 1
497 115 0 0
496 115 0 0
495 115 0 0
494 115 0 0
493 115 0 0
492 115 0 0
491 115 0 0
283 115 0 1
282 115 0 1
281 115 0 1
280 115 0 1
279 115 0 1
278 115 0 1
277 115 0 1
276 115 0 1
275 115 0 1
274 115 0 1
273 115 0 1
272 115 0 1
496 114 0 0
495 114 0 0
494 114 0 0
493 114 0 0
492 114 0 0
491 114 0 0
280 114 0 1
279 114 0 1
278 114 0 1
277 114 0 1
276 114 0 1
275 114 0 1
274 114 0 1
273 114 0 1
272 114 0 1
271 114 0 1
270 114 0 1
496 113 0 0
495 113 0 0
494 113 0 0
493 113 0 0
492 113 0 0
491 113 0 0
490 113 0 0
278 113 0 1
277 113 0 1
276 113 0 1
275 113 0 1
274 113 0 1
273 113 0 1
272 113 0 1
271 113 0 1
270 113 0 1
269 113 0 1
268 113 0 1
267 113 0 1
495 112 0 0
494 112 0 0
493 112 0 0
492 112 0 0
491 112 0 0
490 112 0 0
489 112 0 0
276 112 0 1
275 112 0 1
274 112 0 1
273 112 0 1
272 112 0 1
271 112 0 1
270 112 0 1
269 112 0 1
268 112 0 1
267 112 0 1
266 112 0 1
494 111 0 0
493 111 0 0
492 111 0 0
491 111 0 0
490 111 0 0
489 111 0 0
488 111 0 0
275 111 0 1
274 111 0 1
273 111 0 1
272 111 0 1
271 111 0 1
270 111 0 1
269 111 0 1
268 111 0 1
267 111 0 1
266 111 0 1
265 111 0 1
493 110 0 0
492 110 0 0
491 110 0 0
490 110 0 0
489 110 0 0
488 110 0 0
487 110 0 0
273 110 0 1
272 110 0 1
271 110 0 1
270 110 0 1
269 110 0 1
268 110 0 1
267 110 0 1
266 110 0 1
265 110 0 1
264 110 0 1
492 109 0 0
491 109 0 0
490 109 0 0
489 109 0 0
488 109 0 0
487 109 0 0
270 109 0 1
269 109 0 1
268 109 0 1
267 109 0 1
266 109 0 1
265 109 0 1
264 109 0 1
263 109 0 1
492 108 0 0
491 108 0 0
490 108 0 0
489 108 0 0
488 108 0 0
487 108 0 0
486 108 0 0
268 108 0 1
267 108 0 1
266 108 0 1
265 108 0 1
264 108 0 1
263 108 0 1
262 108 0 1
261 108 0 1
491 107 0 0
490 107 0 0
489 107 0 0
488 107 0 0
487 107 0 0
486 107 0 0
485 107 0 0
267 107 0 1
266 107 0 1
265 107 0 1
264 107 0 1
263 107 0 1
262 107 0 1
261 107 0 1
260 107 0 1
490 106 0 0
489 106 0 0
488 106 0 0
487 106 0 0
486 106 0 0
485 106 0 0
484 106 0 0
266 106 0 1
265 106 0 1
264 106 0 1
263 106 0 1
262 106 0 1
261 106 0 1
260 106 0 1
259 106 0 1
258 106 0 1
257 106 0 1
256 106 0 1
489 105 0 0
488 105 0 0
487 105 0 0
486 105 0 0
485 105 0 0
484 105 0 0
483 105 0 0
265 105 0 1
264 105 0 1
263 105 0 1
262 105 0 1
261 105 0 1
260 105 0 1
259 105 0 1
258 105 0 1
257 105 0 1
256 105 0 1
255 105 0 1
488 104 0 0
487 104 0 0
486 104 0 0
485 104 0 0
484 104 0 0
483 104 0 0
264 104 0 1
263 104 0 1
262 104 0 1
261 104 0 1
260 104 0 1
259 104 0 1
258 104 0 1
257 104 0 1
256 104 0 1
255 104 0 1
254 104 0 1
253 104 0 1
252 104 0 1
488 103 0 0
487 103 0 0
486 103 0 0
485 103 0 0
484 103 0 0
483 103 0 0
482 103 0 0
262 103 0 1
261 103 0 1
260 103 0 1
259 103 0 1
258 103 0 1
257 103 0 1
256 103 0 1
255 103 0 1
254 103 0 1
253 103 0 1
252 103 0 1
251 103 0 1
250 103 0 1
249 103 0 1
248 103 0 1
247 103 0 1
487 102 0 0
486 102 0 0
485 102 0 0
484 102 0 0
483 102 0 0
482 102 0 0
481 102 0 0
261 102 0 1
260 102 0 1
259 102 0 1
258 102 0 1
257 102 0 1
256 102 0 1
255 102 0 1
254 102 0 1
253 102 0 1
252 102 0 1
251 102 0 1
250 102 0 1
249 102 0 1
248 102 0 1
247 102 0 1
246 102 0 1
245 102 0 1
244 102 0 1
486 101 0 0
485 101 0 0
484 101 0 0
483 101 0 0
482 101 0 0
481 101 0 0
480 101 0 0
257 101 0 1
256 101 0 1
255 101 0 1
254 101 0 1
253 101 0 1
252 101 0 1
251 101 0 1
250 101 0 1
249 101 0 1
248 101 0 1
247 101 0 1
246 101 0 1
245 101 0 1
244 101 0 1
243 101 0 1
242 101 0 1
485 100 0 0
484 100 0 0
483 100 0 0
482 100 0 0
481 100 0 0
480 100 0 0
254 100 0 1
253 100 0 1
252 100 0 1
251 100 0 1
250 100 0 1
249 100 0 1
248 100 0 1
247 100 0 1
246 100 0 1
245 100 0 1
244 100 0 1
243 100 0 1
242 100 0 1
241 100 0 1
484 99 0 0
483 99 0 0
482 99 0 0
481 99 0 0
480 99 0 0
479 99 0 0
250 99 0 1
249 99 0 1
248 99 0 1
247 99 0 1
246 99 0 1
245 99 0 1
244 99 0 1
243 99 0 1
242 99 0 1
241 99 0 1
484 98 0 0
483 98 0 0
482 98 0 0
481 98 0 0
480 98 0 0
479 98 0 0
478 98 0 0
247 98 0 1
246 98 0 1
245 98 0 1
244 98 0 1
243 98 0 1
242 98 0 1
241 98 0 1
483 97 0 0
482 97 0 0
481 97 0 0
480 97 0 0
479 97 0 0
478 97 0 0
477 97 0 0
244 97 0 1
243 97 0 1
242 97 0 1
241 97 0 1
482 96 0 0
481 96 0 0
480 96 0 0
479 96 0 0
478 96 0 0
477 96 0 0
481 95 0 0
480 95 0 0
479 95 0 0
478 95 0 0
477 95 0 0
476 95 0 0
481 94 0 0
480 94 0 0
479 94 0 0
478 94 0 0
477 94 0 0
476 94 0 0
475 94 0 0
480 93 0 0
479 93 0 0
478 93 0 0
477 93 0 0
476 93 0 0
475 93 0 0
474 93 0 0
479 92 0 0
478 92 0 0
477 92 0 0
476 92 0 0
475 92 0 0
474 92 0 0
478 91 0 0
477 91 0 0
476 91 0 0
475 91 0 0
474 91 0 0
473 91 0 0
478 90 0 0
477 90 0 0
476 90 0 0
475 90 0 0
474 90 0 0
473 90 0 0
472 90 0 0
477 89 0 0
476 89 0 0
475 89 0 0
474 89 0 0
473 89 0 0
472 89 0 0
471 89 0 0
476 88 0 0
475 88 0 0
474 88 0 0
473 88 0 0
472 88 0 0
471 88 0 0
475 87 0 0
474 87 0 0
473 87 0 0
472 87 0 0
471 87 0 0
470 87 0 0
475 86 0 0
474 86 0 0
473 86 0 0
472 86 0 0
471 86 0 0
470 86 0 0
469 86 0 0
474 85 0 0
473 85 0 0
472 85 0 0
471 85 0 0
470 85 0 0
469 85 0 0
468 85 0 0
473 84 0 0
472 84 0 0
471 84 0 0
470 84 0 0
469 84 0 0
468 84 0 0
472 83 0 0
471 83 0 0
470 83 0 0
469 83 0 0
468 83 0 0
467 83 0 0
472 82 0 0
471 82 0 0
470 82 0 0
469 82 0 0
468 82 0 0
467 82 0 0
466 82 0 0
471 81 0 0
470 81 0 0
469 81 0 0
468 81 0 0
467 81 0 0
466 81 0 0
470 80 0 0
469 80 0 0
468 80 0 0
467 80 0 0
466 80 0 0
465 80 0 0
470 79 0 0
469 79 0 0
468 79 0 0
467 79 0 0
466 79 0 0
465 79 0 0
464 79 0 0
469 78 0 0
468 78 0 0
467 78 0 0
466 78 0 0
465 78 0 0
464 78 0 0
463 78 0 0
468 77 0 0
467 77 0 0
466 77 0 0
465 77 0 0
464 77 0 0
463 77 0 0
462 77 0 0
461 77 0 0
460 77 0 0
467 76 0 0
466 76 0 0
465 76 0 0
464 76 0 0
463 76 0 0
462 76 0 0
461 76 0 0
460 76 0 0
459 76 0 0
466 75 0 0
465 75 0 0
464 75 0 0
463 75 0 0
462 75 0 0
461 75 0 0
460 75 0 0
459 75 0 0
458 75 0 0
465 74 0 0
464 74 0 0
463 74 0 0
462 74 0 0
461 74 0 0
460 74 0 0
459 74 0 0
458 74 0 0
457 74 0 0
462 73 0 0
461 73 0 0
460 73 0 0
459 73 0 0
458 73 0 0
457 73 0 0
456 73 0 0
461 72 0 0
460 72 0 0
459 72 0 0
458 72 0 0
457 72 0 0
456 72 0 0
455 72 0 0
460 71 0 0
459 71 0 0
458 71 0 0
457 71 0 0
456 71 0 0
455 71 0 0
454 71 0 0
453 71 0 0
459 70 0 0
458 70 0 0
457 70 0 0
456 70 0 0
455 70 0 0
454 70 0 0
453 70 0 0
452 70 0 0
458 69 0 0
457 69 0 0
456 69 0 0
455 69 0 0
454 69 0 0
453 69 0 0
452 69 0 0
451 69 0 0
457 68 0 0
456 68 0 0
455 68 0 0
454 68 0 0
453 68 0 0
452 68 0 0
451 68 0 0
450 68 0 0
455 67 0 0
454 67 0 0
453 67 0 0
452 67 0 0
451 67 0 0
450 67 0 0
449 67 0 0
454 66 0 0
453 66 0 0
452 66 0 0
451 66 0 0
450 66 0 0
449 66 0 0
448 66 0 0
453 65 0 0
452 65 0 0
451 65 0 0
450 65 0 0
449 65 0 0
448 65 0 0
172 65 0 0
171 65 0 0
170 65 0 0
169 65 0 0
168 65 0 0
452 64 0 0
451 64 0 0
450 64 0 0
449 64 0 0
448 64 0 0
173 64 0 0
172 64 0 0
171 64 0 0
170 64 0 0
169 64 0 0
168 64 0 0
451 63 0 0
450 63 0 0
449 63 0 0
448 63 0 0
173 63 0 0
172 63 0 0
171 63 0 0
170 63 0 0
169 63 0 0
168 63 0 0
174 62 0 0
173 62 0 0
172 62 0 0
171 62 0 0
170 62 0 0
169 62 0 0
168 62 0 0
175 61 0 0
174 61 0 0
173 61 0 0
172 61 0 0
171 61 0 0
170 61 0 0
169 61 0 0
176 60 0 0
175 60 0 0
174 60 0 0
173 60 0 0
172 60 0 0
171 60 0 0
170 60 0 0
177 59 0 0
176 59 0 0
175 59 0 0
174 59 0 0
173 59 0 0
172 59 0 0
171 59 0 0
179 58 0 0
178 58 0 0
177 58 0 0
176 58 0 0
175 58 0 0
174 58 0 0
173 58 0 0
172 58 0 0
180 57 0 0
179 57 0 0
178 57 0 0
177 57 0 0
176 57 0 0
175 57 0 0
174 57 0 0
173 57 0 0
182 56 0 0
181 56 0 0
180 56 0 0
179 56 0 0
178 56 0 0
177 56 0 0
176 56 0 0
175 56 0 0
174 56 0 0
183 55 0 0
182 55 0 0
181 55 0 0
180 55 0 0
179 55 0 0
178 55 0 0
177 55 0 0
176 55 0 0
175 55 0 0
184 54 0 0
183 54 0 0
182 54 0 0
181 54 0 0
180 54 0 0
179 54 0 0
178 54 0 0
177 54 0 0
186 53 0 0
185 53 0 0
184 53 0 0
183 53 0 0
182 53 0 0
181 53 0 0
180 53 0 0
179 53 0 0
178 53 0 0
187 52 0 0
186 52 0 0
185 52 0 0
184 52 0 0
183 52 0 0
182 52 0 0
181 52 0 0
180 52 0 0
188 51 0 0
187 51 0 0
186 51 0 0
185 51 0 0
184 51 0 0
183 51 0 0
182 51 0 0
181 51 0 0
189 50 0 0
188 50 0 0
187 50 0 0
186 50 0 0
185 50 0 0
184 50 0 0
183 50 0 0
182 50 0 0
190 49 0 0
189 49 0 0
188 49 0 0
187 49 0 0
186 49 0 0
185 49 0 0
184 49 0 0
191 48 0 0
190 48 0 0
189 48 0 0
188 48 0 0
187 48 0 0
186 48 0 0
185 48 0 0
184 48 0 0
192 47 0 0
191 47 0 0
190 47 0 0
189 47 0 0
188 47 0 0
187 47 0 0
186 47 0 0
185 47 0 0
193 46 0 0
192 46 0 0
191 46 0 0
190 46 0 0
189 46 0 0
188 46 0 0
187 46 0 0
186 46 0 0
194 45 0 0
193 45 0 0
192 45 0 0
191 45 0 0
190 45 0 0
189 45 0 0
188 45 0 0
195 44 0 0
194 44 0 0
193 44 0 0
192 44 0 0
191 44 0 0
190 44 0 0
189 44 0 0
196 43 0 0
195 43 0 0
194 43 0 0
193 43 0 0
192 43 0 0
191 43 0 0
190 43 0 0
196 42 0 0
195 42 0 0
194 42 0 0
193 42 0 0
192 42 0 0
191 42 0 0
197 41 0 0
196 41 0 0
195 41 0 0
194 41 0 0
193 41 0 0
192 41 0 0
199 40 0 0
198 40 0 0
197 40 0 0
196 40 0 0
195 40 0 0
194 40 0 0
193 40 0 0
192 40 0 0
200 39 0 0
199 39 0 0
198 39 0 0
197 39 0 0
196 39 0 0
195 39 0 0
194 39 0 0
193 39 0 0
201 38 0 0
200 38 0 0
199 38 0 0
198 38 0 0
197 38 0 0
196 38 0 0
195 38 0 0
194 38 0 0
202 37 0 0
201 37 0 0
200 37 0 0
199 37 0 0
198 37 0 0
197 37 0 0
196 37 0 0
195 37 0 0
203 36 0 0
202 36 0 0
201 36 0 0
200 36 0 0
199 36 0 0
198 36 0 0
197 36 0 0
196 36 0 0
204 35 0 0
203 35 0 0
202 35 0 0
201 35 0 0
200 35 0 0
199 35 0 0
198 35 0 0
197 35 0 0
205 34 0 0
204 34 0 0
203 34 0 0
202 34 0 0
201 34 0 0
200 34 0 0
199 34 0 0
198 34 0 0
361 33 0 0
360 33 0 0
359 33 0 0
358 33 0 0
357 33 0 0
356 33 0 0
355 33 0 0
354 33 0 0
353 33 0 0
352 33 0 0
351 33 0 0
206 33 0 0
205 33 0 0
204 33 0 0
203 33 0 0
202 33 0 0
201 33 0 0
200 33 0 0
361 32 0 0
360 32 0 0
359 32 0 0
358 32 0 0
357 32 0 0
356 32 0 0
355 32 0 0
354 32 0 0
353 32 0 0
352 32 0 0
351 32 0 0
350 32 0 0
349 32 0 0
348 32 0 0
207 32 0 0
206 32 0 0
205 32 0 0
204 32 0 0
203 32 0 0
202 32 0 0
201 32 0 0
361 31 0 0
360 31 0 0
359 31 0 0
358 31 0 0
357 31 0 0
356 31 0 0
355 31 0 0
354 31 0 0
353 31 0 0
352 31 0 0
351 31 0 0
350 31 0 0
349 31 0 0
348 31 0 0
347 31 0 0
346 31 0 0
345 31 0 0
209 31 0 0
208 31 0 0
207 31 0 0
206 31 0 0
205 31 0 0
204 31 0 0
203 31 0 0
202 31 0 0
361 30 0 0
360 30 0 0
359 30 0 0
358 30 0 0
357 30 0 0
356 30 0 0
355 30 0 0
354 30 0 0
353 30 0 0
352 30 0 0
351 30 0 0
350 30 0 0
349 30 0 0
348 30 0 0
347 30 0 0
346 30 0 0
345 30 0 0
344 30 0 0
343 30 0 0
342 30 0 0
210 30 0 0
209 30 0 0
208 30 0 0
207 30 0 0
206 30 0 0
205 30 0 0
204 30 0 0
203 30 0 0
354 29 0 0
353 29 0 0
352 29 0 0
351 29 0 0
350 29 0 0
349 29 0 0
348 29 0 0
347 29 0 0
346 29 0 0
345 29 0 0
344 29 0 0
343 29 0 0
342 29 0 0
341 29 0 0
340 29 0 0
339 29 0 0
338 29 0 0
211 29 0 0
210 29 0 0
209 29 0 0
208 29 0 0
207 29 0 0
206 29 0 0
205 29 0 0
204 29 0 0
351 28 0 0
350 28 0 0
349 28 0 0
348 28 0 0
347 28 0 0
346 28 0 0
345 28 0 0
344 28 0 0
343 28 0 0
342 28 0 0
341 28 0 0
340 28 0 0
339 28 0 0
338 28 0 0
337 28 0 0
336 28 0 0
335 28 0 0
213 28 0 0
212 28 0 0
211 28 0 0
210 28 0 0
209 28 0 0
208 28 0 0
207 28 0 0
206 28 0 0
205 28 0 0
348 27 0 0
347 27 0 0
346 27 0 0
345 27 0 0
344 27 0 0
343 27 0 0
342 27 0 0
341 27 0 0
340 27 0 0
339 27 0 0
338 27 0 0
337 27 0 0
336 27 0 0
335 27 0 0
334 27 0 0
333 27 0 0
332 27 0 0
214 27 0 0
213 27 0 0
212 27 0 0
211 27 0 0
210 27 0 0
209 27 0 0
208 27 0 0
207 27 0 0
206 27 0 0
345 26 0 0
344 26 0 0
343 26 0 0
342 26 0 0
341 26 0 0
340 26 0 0
339 26 0 0
338 26 0 0
337 26 0 0
336 26 0 0
335 26 0 0
334 26 0 0
333 26 0 0
332 26 0 0
331 26 0 0
330 26 0 0
329 26 0 0
218 26 0 0
217 26 0 0
216 26 0 0
215 26 0 0
214 26 0 0
213 26 0 0
212 26 0 0
211 26 0 0
210 26 0 0
209 26 0 0
208 26 0 0
343 25 0 0
342 25 0 0
341 25 0 0
340 25 0 0
339 25 0 0
338 25 0 0
337 25 0 0
336 25 0 0
335 25 0 0
334 25 0 0
333 25 0 0
332 25 0 0
331 25 0 0
330 25 0 0
329 25 0 0
328 25 0 0
327 25 0 0
220 25 0 0
219 25 0 0
218 25 0 0
217 25 0 0
216 25 0 0
215 25 0 0
214 25 0 0
213 25 0 0
212 25 0 0
211 25 0 0
210 25 0 0
209 25 0 0
339 24 0 0
338 24 0 0
337 24 0 0
336 24 0 0
335 24 0 0
334 24 0 0
333 24 0 0
332 24 0 0
331 24 0 0
330 24 0 0
329 24 0 0
328 24 0 0
327 24 0 0
326 24 0 0
325 24 0 0
222 24 0 0
221 24 0 0
220 24 0 0
219 24 0 0
218 24 0 0
217 24 0 0
216 24 0 0
215 24 0 0
214 24 0 0
213 24 0 0
212 24 0 0
211 24 0 0
210 24 0 0
336 23 0 0
335 23 0 0
334 23 0 0
333 23 0 0
332 23 0 0
331 23 0 0
330 23 0 0
329 23 0 0
328 23 0 0
327 23 0 0
326 23 0 0
325 23 0 0
324 23 0 0
323 23 0 0
322 23 0 0
321 23 0 0
320 23 0 0
319 23 0 0
318 23 0 0
317 23 0 0
316 23 0 0
315 23 0 0
227 23 0 0
226 23 0 0
225 23 0 0
224 23 0 0
223 23 0 0
222 23 0 0
221 23 0 0
220 23 0 0
219 23 0 0
218 23 0 0
217 23 0 0
216 23 0 0
215 23 0 0
214 23 0 0
213 23 0 0
212 23 0 0
333 22 0 0
332 22 0 0
331 22 0 0
330 22 0 0
329 22 0 0
328 22 0 0
327 22 0 0
326 22 0 0
325 22 0 0
324 22 0 0
323 22 0 0
322 22 0 0
321 22 0 0
320 22 0 0
319 22 0 0
318 22 0 0
317 22 0 0
316 22 0 0
315 22 0 0
314 22 0 0
313 22 0 0
312 22 0 0
311 22 0 0
310 22 0 0
309 22 0 0
308 22 0 0
235 22 0 0
234 22 0 0
233 22 0 0
232 22 0 0
231 22 0 0
230 22 0 0
229 22 0 0
228 22 0 0
227 22 0 0
226 22 0 0
225 22 0 0
224 22 0 0
223 22 0 0
222 22 0 0
221 22 0 0
220 22 0 0
219 22 0 0
218 22 0 0
217 22 0 0
216 22 0 0
215 22 0 0
214 22 0 0
213 22 0 0
330 21 0 0
329 21 0 0
328 21 0 0
327 21 0 0
326 21 0 0
325 21 0 0
324 21 0 0
323 21 0 0
322 21 0 0
321 21 0 0
320 21 0 0
319 21 0 0
318 21 0 0
317 21 0 0
316 21 0 0
315 21 0 0
314 21 0 0
313 21 0 0
312 21 0 0
311 21 0 0
310 21 0 0
309 21 0 0
308 21 0 0
307 21 0 0
306 21 0 0
305 21 0 0
304 21 0 0
303 21 0 0
302 21 0 0
301 21 0 0
300 21 0 0
299 21 0 0
298 21 0 0
297 21 0 0
296 21 0 0
295 21 0 0
294 21 0 0
293 21 0 0
292 21 0 0
291 21 0 0
290 21 0 0
289 21 0 0
288 21 0 0
287 21 0 0
286 21 0 0
285 21 0 0
284 21 0 0
283 21 0 0
282 21 0 0
281 21 0 0
280 21 0 0
279 21 0 0
278 21 0 0
277 21 0 0
276 21 0 0
275 21 0 0
274 21 0 0
273 21 0 0
272 21 0 0
271 21 0 0
270 21 0 0
269 21 0 0
268 21 0 0
267 21 0 0
266 21 0 0
265 21 0 0
264 21 0 0
263 21 0 0
262 21 0 0
261 21 0 0
260 21 0 0
259 21 0 0
258 21 0 0
257 21 0 0
256 21 0 0
255 21 0 0
254 21 0 0
253 21 0 0
252 21 0 0
251 21 0 0
250 21 0 0
249 21 0 0
248 21 0 0
247 21 0 0
246 21 0 0
245 21 0 0
244 21 0 0
243 21 0 0
242 21 0 0
241 21 0 0
240 21 0 0
239 21 0 0
238 21 0 0
237 21 0 0
236 21 0 0
235 21 0 0
234 21 0 0
233 21 0 0
232 21 0 0
231 21 0 0
230 21 0 0
229 21 0 0
228 21 0 0
227 21 0 0
226 21 0 0
225 21 0 0
224 21 0 0
223 21 0 0
222 21 0 0
221 21 0 0
220 21 0 0
219 21 0 0
218 21 0 0
217 21 0 0
328 20 0 0
327 20 0 0
326 20 0 0
325 20 0 0
324 20 0 0
323 20 0 0
322 20 0 0
321 20 0 0
320 20 0 0
319 20 0 0
318 20 0 0
317 20 0 0
316 20 0 0
315 20 0 0
314 20 0 0
313 20 0 0
312 20 0 0
311 20 0 0
310 20 0 0
309 20 0 0
308 20 0 0
307 20 0 0
306 20 0 0
305 20 0 0
304 20 0 0
303 20 0 0
302 20 0 0
301 20 0 0
300 20 0 0
299 20 0 0
298 20 0 0
297 20 0 0
296 20 0 0
295 20 0 0
294 20 0 0
293 20 0 0
292 20 0 0
291 20 0 0
290 20 0 0
289 20 0 0
288 20 0 0
287 20 0 0
286 20 0 0
285 20 0 0
284 20 0 0
283 20 0 0
282 20 0 0
281 20 0 0
280 20 0 0
279 20 0 0
278 20 0 0
277 20 0 0
276 20 0 0
275 20 0 0
274 20 0 0
273 20 0 0
272 20 0 0
271 20 0 0
270 20 0 0
269 20 0 0
268 20 0 0
267 20 0 0
266 20 0 0
265 20 0 0
264 20 0 0
263 20 0 0
262 20 0 0
261 20 0 0
260 20 0 0
259 20 0 0
258 20 0 0
257 20 0 0
256 20 0 0
255 20 0 0
254 20 0 0
253 20 0 0
252 20 0 0
251 20 0 0
250 20 0 0
249 20 0 0
248 20 0 0
247 20 0 0
246 20 0 0
245 20 0 0
244 20 0 0
243 20 0 0
242 20 0 0
241 20 0 0
240 20 0 0
239 20 0 0
238 20 0 0
237 20 0 0
236 20 0 0
235 20 0 0
234 20 0 0
233 20 0 0
232 20 0 0
231 20 0 0
230 20 0 0
229 20 0 0
228 20 0 0
227 20 0 0
226 20 0 0
225 20 0 0
224 20 0 0
223 20 0 0
222 20 0 0
221 20 0 0
220 20 0 0
219 20 0 0
320 19 0 0
319 19 0 0
318 19 0 0
317 19 0 0
316 19 0 0
315 19 0 0
314 19 0 0
313 19 0 0
312 19 0 0
311 19 0 0
310 19 0 0
309 19 0 0
308 19 0 0
307 19 0 0
306 19 0 0
305 19 0 0
304 19 0 0
303 19 0 0
302 19 0 0
301 19 0 0
300 19 0 0
299 19 0 0
298 19 0 0
297 19 0 0
296 19 0 0
295 19 0 0
294 19 0 0
293 19 0 0
292 19 0 0
291 19 0 0
290 19 0 0
289 19 0 0
288 19 0 0
287 19 0 0
286 19 0 0
285 19 0 0
284 19 0 0
283 19 0 0
282 19 0 0
281 19 0 0
280 19 0 0
279 19 0 0
278 19 0 0
277 19 0 0
276 19 0 0
275 19 0 0
274 19 0 0
273 19 0 0
272 19 0 0
271 19 0 0
270 19 0 0
269 19 0 0
268 19 0 0
267 19 0 0
266 19 0 0
265 19 0 0
264 19 0 0
263 19 0 0
262 19 0 0
261 19 0 0
260 19 0 0
259 19 0 0
258 19 0 0
257 19 0 0
256 19 0 0
255 19 0 0
254 19 0 0
253 19 0 0
252 19 0 0
251 19 0 0
250 19 0 0
249 19 0 0
248 19 0 0
247 19 0 0
246 19 0 0
245 19 0 0
244 19 0 0
243 19 0 0
242 19 0 0
241 19 0 0
240 19 0 0
239 19 0 0
238 19 0 0
237 19 0 0
236 19 0 0
235 19 0 0
234 19 0 0
233 19 0 0
232 19 0 0
231 19 0 0
230 19 0 0
229 19 0 0
228 19 0 0
227 19 0 0
226 19 0 0
225 19 0 0
224 19 0 0
223 19 0 0
222 19 0 0
314 18 0 0
313 18 0 0
312 18 0 0
311 18 0 0
310 18 0 0
309 18 0 0
308 18 0 0
307 18 0 0
306 18 0 0
305 18 0 0
304 18 0 0
303 18 0 0
302 18 0 0
301 18 0 0
300 18 0 0
299 18 0 0
298 18 0 0
297 18 0 0
296 18 0 0
295 18 0 0
294 18 0 0
293 18 0 0
292 18 0 0
291 18 0 0
290 18 0 0
289 18 0 0
288 18 0 0
287 18 0 0
286 18 0 0
285 18 0 0
284 18 0 0
283 18 0 0
282 18 0 0
281 18 0 0
280 18 0 0
279 18 0 0
278 18 0 0
277 18 0 0
276 18 0 0
275 18 0 0
274 18 0 0
273 18 0 0
272 18 0 0
271 18 0 0
270 18 0 0
269 18 0 0
268 18 0 0
267 18 0 0
266 18 0 0
265 18 0 0
264 18 0 0
263 18 0 0
262 18 0 0
261 18 0 0
260 18 0 0
259 18 0 0
258 18 0 0
257 18 0 0
256 18 0 0
255 18 0 0
254 18 0 0
253 18 0 0
252 18 0 0
251 18 0 0
250 18 0 0
249 18 0 0
248 18 0 0
247 18 0 0
246 18 0 0
245 18 0 0
244 18 0 0
243 18 0 0
242 18 0 0
241 18 0 0
240 18 0 0
239 18 0 0
238 18 0 0
237 18 0 0
236 18 0 0
235 18 0 0
234 18 0 0
233 18 0 0
232 18 0 0
231 18 0 0
230 18 0 0
229 18 0 0
228 18 0 0
