5646 481 321
38 298 0 1
37 298 0 1
36 298 0 1
35 298 0 1
38 297 0 1
37 297 0 1
36 297 0 1
35 297 0 1
38 296 0 1
37 296 0 1
36 296 0 1
35 296 0 1
38 295 0 1
37 295 0 1
36 295 0 1
35 295 0 1
38 294 0 1
37 294 0 1
36 294 0 1
35 294 0 1
38 293 0 1
37 293 0 1
36 293 0 1
35 293 0 1
38 292 0 1
37 292 0 1
36 292 0 1
35 292 0 1
38 291 0 1
37 291 0 1
36 291 0 1
35 291 0 1
38 290 0 1
37 290 0 1
36 290 0 1
35 290 0 1
38 289 0 1
37 289 0 1
36 289 0 1
35 289 0 1
38 288 0 1
37 288 0 1
36 288 0 1
35 288 0 1
38 287 0 1
37 287 0 1
36 287 0 1
35 287 0 1
38 286 0 1
37 286 0 1
36 286 0 1
35 286 0 1
38 285 0 1
37 285 0 1
36 285 0 1
35 285 0 1
38 284 0 1
37 284 0 1
36 284 0 1
35 284 0 1
39 283 0 1
38 283 0 1
37 283 0 1
36 283 0 1
35 283 0 1
39 282 0 1
38 282 0 1
37 282 0 1
36 282 0 1
35 282 0 1
39 281 0 1
38 281 0 1
37 281 0 1
36 281 0 1
35 281 0 1
39 280 0 1
38 280 0 1
37 280 0 1
36 280 0 1
35 280 0 1
40 279 0 1
39 279 0 1
38 279 0 1
37 279 0 1
36 279 0 1
35 279 0 1
40 278 0 1
39 278 0 1
38 278 0 1
37 278 0 1
36 278 0 1
35 278 0 1
40 277 0 1
39 277 0 1
38 277 0 1
37 277 0 1
36 277 0 1
40 276 0 1
39 276 0 1
38 276 0 1
37 276 0 1
36 276 0 1
41 275 0 1
40 275 0 1
39 275 0 1
38 275 0 1
37 275 0 1
36 275 0 1
41 274 0 1
40 274 0 1
39 274 0 1
38 274 0 1
37 274 0 1
36 274 0 1
41 273 0 1
40 273 0 1
39 273 0 1
38 273 0 1
37 273 0 1
42 272 0 1
41 272 0 1
40 272 0 1
39 272 0 1
38 272 0 1
37 272 0 1
42 271 0 1
41 271 0 1
40 271 0 1
39 271 0 1
38 271 0 1
42 270 0 1
41 270 0 1
40 270 0 1
39 270 0 1
38 270 0 1
43 269 0 1
42 269 0 1
41 269 0 1
40 269 0 1
39 269 0 1
38 269 0 1
43 268 0 1
42 268 0 1
41 268 0 1
40 268 0 1
39 268 0 1
44 267 0 1
43 267 0 1
42 267 0 1
41 267 0 1
40 267 0 1
39 267 0 1
44 266 0 1
43 266 0 1
42 266 0 1
41 266 0 1
40 266 0 1
39 266 0 1
45 265 0 1
44 265 0 1
43 265 0 1
42 265 0 1
41 265 0 1
40 265 0 1
45 264 0 1
44 264 0 1
43 264 0 1
42 264 0 1
41 264 0 1
40 264 0 1
46 263 0 1
45 263 0 1
44 263 0 1
43 263 0 1
42 263 0 1
41 263 0 1
46 262 0 1
45 262 0 1
44 262 0 1
43 262 0 1
42 262 0 1
41 262 0 1
47 261 0 1
46 261 0 1
45 261 0 1
44 261 0 1
43 261 0 1
42 261 0 1
47 260 0 1
46 260 0 1
45 260 0 1
44 260 0 1
43 260 0 1
42 260 0 1
48 259 0 1
47 259 0 1
46 259 0 1
45 259 0 1
44 259 0 1
43 259 0 1
48 258 0 1
47 258 0 1
46 258 0 1
45 258 0 1
44 258 0 1
43 258 0 1
48 257 0 1
47 257 0 1
46 257 0 1
45 257 0 1
44 257 0 1
49 256 0 1
48 256 0 1
47 256 0 1
46 256 0 1
45 256 0 1
44 256 0 1
49 255 0 1
48 255 0 1
47 255 0 1
46 255 0 1
45 255 0 1
50 254 0 1
49 254 0 1
48 254 0 1
47 254 0 1
46 254 0 1
45 254 0 1
50 253 0 1
49 253 0 1
48 253 0 1
47 253 0 1
46 253 0 1
45 253 0 1
339 252 0 0
338 252 0 0
337 252 0 0
336 252 0 0
335 252 0 0
334 252 0 0
333 252 0 0
332 252 0 0
331 252 0 0
330 252 0 0
329 252 0 0
328 252 0 0
327 252 0 0
326 252 0 0
50 252 0 1
49 252 0 1
48 252 0 1
47 252 0 1
46 252 0 1
342 251 0 0
341 251 0 0
340 251 0 0
339 251 0 0
338 251 0 0
337 251 0 0
336 251 0 0
335 251 0 0
334 251 0 0
333 251 0 0
332 251 0 0
331 251 0 0
330 251 0 0
329 251 0 0
328 251 0 0
327 251 0 0
326 251 0 0
325 251 0 0
324 251 0 0
323 251 0 0
51 251 0 1
50 251 0 1
49 251 0 1
48 251 0 1
47 251 0 1
46 251 0 1
344 250 0 0
343 250 0 0
342 250 0 0
341 250 0 0
340 250 0 0
339 250 0 0
338 250 0 0
337 250 0 0
336 250 0 0
335 250 0 0
334 250 0 0
333 250 0 0
332 250 0 0
331 250 0 0
330 250 0 0
329 250 0 0
328 250 0 0
327 250 0 0
326 250 0 0
325 250 0 0
324 250 0 0
323 250 0 0
322 250 0 0
321 250 0 0
51 250 0 1
50 250 0 1
49 250 0 1
48 250 0 1
47 250 0 1
346 249 0 0
345 249 0 0
344 249 0 0
343 249 0 0
342 249 0 0
341 249 0 0
340 249 0 0
339 249 0 0
338 249 0 0
337 249 0 0
336 249 0 0
335 249 0 0
334 249 0 0
333 249 0 0
332 249 0 0
331 249 0 0
330 249 0 0
329 249 0 0
328 249 0 0
327 249 0 0
326 249 0 0
325 249 0 0
324 249 0 0
323 249 0 0
322 249 0 0
321 249 0 0
52 249 0 1
51 249 0 1
50 249 0 1
49 249 0 1
48 249 0 1
47 249 0 1
349 248 0 0
348 248 0 0
347 248 0 0
346 248 0 0
345 248 0 0
344 248 0 0
343 248 0 0
342 248 0 0
341 248 0 0
340 248 0 0
339 248 0 0
338 248 0 0
337 248 0 0
336 248 0 0
335 248 0 0
331 248 0 0
330 248 0 0
329 248 0 0
328 248 0 0
327 248 0 0
326 248 0 0
325 248 0 0
324 248 0 0
323 248 0 0
322 248 0 0
321 248 0 0
320 248 0 0
52 248 0 1
51 248 0 1
50 248 0 1
49 248 0 1
48 248 0 1
47 248 0 1
352 247 0 0
351 247 0 0
350 247 0 0
349 247 0 0
348 247 0 0
347 247 0 0
346 247 0 0
345 247 0 0
344 247 0 0
343 247 0 0
342 247 0 0
341 247 0 0
340 247 0 0
339 247 0 0
338 247 0 0
327 247 0 0
326 247 0 0
325 247 0 0
324 247 0 0
323 247 0 0
322 247 0 0
321 247 0 0
320 247 0 0
319 247 0 0
52 247 0 1
51 247 0 1
50 247 0 1
49 247 0 1
48 247 0 1
353 246 0 0
352 246 0 0
351 246 0 0
350 246 0 0
349 246 0 0
348 246 0 0
347 246 0 0
346 246 0 0
345 246 0 0
344 246 0 0
343 246 0 0
342 246 0 0
341 246 0 0
324 246 0 0
323 246 0 0
322 246 0 0
321 246 0 0
320 246 0 0
319 246 0 0
318 246 0 0
53 246 0 1
52 246 0 1
51 246 0 1
50 246 0 1
49 246 0 1
48 246 0 1
358 245 0 0
357 245 0 0
356 245 0 0
355 245 0 0
354 245 0 0
353 245 0 0
352 245 0 0
351 245 0 0
350 245 0 0
349 245 0 0
348 245 0 0
347 245 0 0
346 245 0 0
345 245 0 0
344 245 0 0
323 245 0 0
322 245 0 0
321 245 0 0
320 245 0 0
319 245 0 0
318 245 0 0
317 245 0 0
53 245 0 1
52 245 0 1
51 245 0 1
50 245 0 1
49 245 0 1
359 244 0 0
358 244 0 0
357 244 0 0
356 244 0 0
355 244 0 0
354 244 0 0
353 244 0 0
352 244 0 0
351 244 0 0
350 244 0 0
349 244 0 0
348 244 0 0
347 244 0 0
346 244 0 0
322 244 0 0
321 244 0 0
320 244 0 0
319 244 0 0
318 244 0 0
317 244 0 0
316 244 0 0
53 244 0 1
52 244 0 1
51 244 0 1
50 244 0 1
49 244 0 1
359 243 0 0
358 243 0 0
357 243 0 0
356 243 0 0
355 243 0 0
354 243 0 0
353 243 0 0
352 243 0 0
351 243 0 0
350 243 0 0
349 243 0 0
348 243 0 0
321 243 0 0
320 243 0 0
319 243 0 0
318 243 0 0
317 243 0 0
316 243 0 0
54 243 0 1
53 243 0 1
52 243 0 1
51 243 0 1
50 243 0 1
49 243 0 1
360 242 0 0
359 242 0 0
358 242 0 0
357 242 0 0
356 242 0 0
355 242 0 0
354 242 0 0
353 242 0 0
352 242 0 0
351 242 0 0
320 242 0 0
319 242 0 0
318 242 0 0
317 242 0 0
316 242 0 0
54 242 0 1
53 242 0 1
52 242 0 1
51 242 0 1
50 242 0 1
361 241 0 0
360 241 0 0
359 241 0 0
358 241 0 0
357 241 0 0
356 241 0 0
355 241 0 0
320 241 0 0
319 241 0 0
318 241 0 0
317 241 0 0
316 241 0 0
55 241 0 1
54 241 0 1
53 241 0 1
52 241 0 1
51 241 0 1
50 241 0 1
361 240 0 0
360 240 0 0
359 240 0 0
358 240 0 0
357 240 0 0
356 240 0 0
320 240 0 0
319 240 0 0
318 240 0 0
317 240 0 0
316 240 0 0
55 240 0 1
54 240 0 1
53 240 0 1
52 240 0 1
51 240 0 1
50 240 0 1
361 239 0 0
360 239 0 0
359 239 0 0
358 239 0 0
357 239 0 0
356 239 0 0
320 239 0 0
319 239 0 0
318 239 0 0
317 239 0 0
316 239 0 0
315 239 0 0
55 239 0 1
54 239 0 1
53 239 0 1
52 239 0 1
51 239 0 1
362 238 0 0
361 238 0 0
360 238 0 0
359 238 0 0
358 238 0 0
357 238 0 0
320 238 0 0
319 238 0 0
318 238 0 0
317 238 0 0
316 238 0 0
315 238 0 0
56 238 0 1
55 238 0 1
54 238 0 1
53 238 0 1
52 238 0 1
51 238 0 1
364 237 0 0
363 237 0 0
362 237 0 0
361 237 0 0
360 237 0 0
359 237 0 0
358 237 0 0
357 237 0 0
319 237 0 0
318 237 0 0
317 237 0 0
316 237 0 0
315 237 0 0
56 237 0 1
55 237 0 1
54 237 0 1
53 237 0 1
52 237 0 1
365 236 0 0
364 236 0 0
363 236 0 0
362 236 0 0
361 236 0 0
360 236 0 0
359 236 0 0
358 236 0 0
319 236 0 0
318 236 0 0
317 236 0 0
316 236 0 0
315 236 0 0
57 236 0 1
56 236 0 1
55 236 0 1
54 236 0 1
53 236 0 1
52 236 0 1
365 235 0 0
364 235 0 0
363 235 0 0
362 235 0 0
361 235 0 0
360 235 0 0
359 235 0 0
319 235 0 0
318 235 0 0
317 235 0 0
316 235 0 0
315 235 0 0
314 235 0 0
57 235 0 1
56 235 0 1
55 235 0 1
54 235 0 1
53 235 0 1
366 234 0 0
365 234 0 0
364 234 0 0
363 234 0 0
362 234 0 0
361 234 0 0
360 234 0 0
318 234 0 0
317 234 0 0
316 234 0 0
315 234 0 0
314 234 0 0
58 234 0 1
57 234 0 1
56 234 0 1
55 234 0 1
54 234 0 1
53 234 0 1
367 233 0 0
366 233 0 0
365 233 0 0
364 233 0 0
363 233 0 0
362 233 0 0
361 233 0 0
318 233 0 0
317 233 0 0
316 233 0 0
315 233 0 0
314 233 0 0
58 233 0 1
57 233 0 1
56 233 0 1
55 233 0 1
54 233 0 1
53 233 0 1
368 232 0 0
367 232 0 0
366 232 0 0
365 232 0 0
364 232 0 0
363 232 0 0
362 232 0 0
318 232 0 0
317 232 0 0
316 232 0 0
315 232 0 0
314 232 0 0
58 232 0 1
57 232 0 1
56 232 0 1
55 232 0 1
54 232 0 1
452 231 0 0
451 231 0 0
450 231 0 0
449 231 0 0
368 231 0 0
367 231 0 0
366 231 0 0
365 231 0 0
364 231 0 0
363 231 0 0
318 231 0 0
317 231 0 0
316 231 0 0
315 231 0 0
314 231 0 0
59 231 0 1
58 231 0 1
57 231 0 1
56 231 0 1
55 231 0 1
54 231 0 1
452 230 0 0
451 230 0 0
450 230 0 0
449 230 0 0
368 230 0 0
367 230 0 0
366 230 0 0
365 230 0 0
364 230 0 0
318 230 0 0
317 230 0 0
316 230 0 0
315 230 0 0
314 230 0 0
59 230 0 1
58 230 0 1
57 230 0 1
56 230 0 1
55 230 0 1
452 229 0 0
451 229 0 0
450 229 0 0
449 229 0 0
448 229 0 0
369 229 0 0
368 229 0 0
367 229 0 0
366 229 0 0
365 229 0 0
364 229 0 0
318 229 0 0
317 229 0 0
316 229 0 0
315 229 0 0
314 229 0 0
60 229 0 1
59 229 0 1
58 229 0 1
57 229 0 1
56 229 0 1
55 229 0 1
452 228 0 0
451 228 0 0
450 228 0 0
449 228 0 0
448 228 0 0
369 228 0 0
368 228 0 0
367 228 0 0
366 228 0 0
365 228 0 0
318 228 0 0
317 228 0 0
316 228 0 0
315 228 0 0
314 228 0 0
60 228 0 1
59 228 0 1
58 228 0 1
57 228 0 1
56 228 0 1
55 228 0 1
452 227 0 0
451 227 0 0
450 227 0 0
449 227 0 0
448 227 0 0
370 227 0 0
369 227 0 0
368 227 0 0
367 227 0 0
366 227 0 0
365 227 0 0
318 227 0 0
317 227 0 0
316 227 0 0
315 227 0 0
314 227 0 0
313 227 0 0
60 227 0 1
59 227 0 1
58 227 0 1
57 227 0 1
56 227 0 1
452 226 0 0
451 226 0 0
450 226 0 0
449 226 0 0
448 226 0 0
370 226 0 0
369 226 0 0
368 226 0 0
367 226 0 0
366 226 0 0
317 226 0 0
316 226 0 0
315 226 0 0
314 226 0 0
313 226 0 0
60 226 0 1
59 226 0 1
58 226 0 1
57 226 0 1
56 226 0 1
451 225 0 0
450 225 0 0
449 225 0 0
448 225 0 0
371 225 0 0
370 225 0 0
369 225 0 0
368 225 0 0
367 225 0 0
366 225 0 0
317 225 0 0
316 225 0 0
315 225 0 0
314 225 0 0
313 225 0 0
61 225 0 1
60 225 0 1
59 225 0 1
58 225 0 1
57 225 0 1
56 225 0 1
451 224 0 0
450 224 0 0
449 224 0 0
448 224 0 0
371 224 0 0
370 224 0 0
369 224 0 0
368 224 0 0
367 224 0 0
317 224 0 0
316 224 0 0
315 224 0 0
314 224 0 0
313 224 0 0
312 224 0 0
61 224 0 1
60 224 0 1
59 224 0 1
58 224 0 1
57 224 0 1
56 224 0 1
451 223 0 0
450 223 0 0
449 223 0 0
448 223 0 0
371 223 0 0
370 223 0 0
369 223 0 0
368 223 0 0
367 223 0 0
317 223 0 0
316 223 0 0
315 223 0 0
314 223 0 0
313 223 0 0
312 223 0 0
62 223 0 1
61 223 0 1
60 223 0 1
59 223 0 1
58 223 0 1
57 223 0 1
451 222 0 0
450 222 0 0
449 222 0 0
448 222 0 0
371 222 0 0
370 222 0 0
369 222 0 0
368 222 0 0
316 222 0 0
315 222 0 0
314 222 0 0
313 222 0 0
312 222 0 0
63 222 0 1
62 222 0 1
61 222 0 1
60 222 0 1
59 222 0 1
58 222 0 1
57 222 0 1
451 221 0 0
450 221 0 0
449 221 0 0
448 221 0 0
371 221 0 0
370 221 0 0
369 221 0 0
368 221 0 0
316 221 0 0
315 221 0 0
314 221 0 0
313 221 0 0
312 221 0 0
311 221 0 0
63 221 0 1
62 221 0 1
61 221 0 1
60 221 0 1
59 221 0 1
58 221 0 1
451 220 0 0
450 220 0 0
449 220 0 0
448 220 0 0
447 220 0 0
371 220 0 0
370 220 0 0
369 220 0 0
368 220 0 0
316 220 0 0
315 220 0 0
314 220 0 0
313 220 0 0
312 220 0 0
311 220 0 0
64 220 0 1
63 220 0 1
62 220 0 1
61 220 0 1
60 220 0 1
59 220 0 1
451 219 0 0
450 219 0 0
449 219 0 0
448 219 0 0
447 219 0 0
371 219 0 0
370 219 0 0
369 219 0 0
368 219 0 0
315 219 0 0
314 219 0 0
313 219 0 0
312 219 0 0
311 219 0 0
65 219 0 1
64 219 0 1
63 219 0 1
62 219 0 1
61 219 0 1
60 219 0 1
59 219 0 1
451 218 0 0
450 218 0 0
449 218 0 0
448 218 0 0
447 218 0 0
371 218 0 0
370 218 0 0
369 218 0 0
368 218 0 0
315 218 0 0
314 218 0 0
313 218 0 0
312 218 0 0
311 218 0 0
65 218 0 1
64 218 0 1
63 218 0 1
62 218 0 1
61 218 0 1
60 218 0 1
451 217 0 0
450 217 0 0
449 217 0 0
448 217 0 0
447 217 0 0
371 217 0 0
370 217 0 0
369 217 0 0
368 217 0 0
315 217 0 0
314 217 0 0
313 217 0 0
312 217 0 0
311 217 0 0
310 217 0 0
66 217 0 1
65 217 0 1
64 217 0 1
63 217 0 1
62 217 0 1
61 217 0 1
451 216 0 0
450 216 0 0
449 216 0 0
448 216 0 0
447 216 0 0
371 216 0 0
370 216 0 0
369 216 0 0
368 216 0 0
314 216 0 0
313 216 0 0
312 216 0 0
311 216 0 0
310 216 0 0
67 216 0 1
66 216 0 1
65 216 0 1
64 216 0 1
63 216 0 1
62 216 0 1
61 216 0 1
451 215 0 0
450 215 0 0
449 215 0 0
448 215 0 0
447 215 0 0
446 215 0 0
371 215 0 0
370 215 0 0
369 215 0 0
368 215 0 0
314 215 0 0
313 215 0 0
312 215 0 0
311 215 0 0
310 215 0 0
67 215 0 1
66 215 0 1
65 215 0 1
64 215 0 1
63 215 0 1
62 215 0 1
450 214 0 0
449 214 0 0
448 214 0 0
447 214 0 0
446 214 0 0
371 214 0 0
370 214 0 0
369 214 0 0
368 214 0 0
314 214 0 0
313 214 0 0
312 214 0 0
311 214 0 0
310 214 0 0
309 214 0 0
68 214 0 1
67 214 0 1
66 214 0 1
65 214 0 1
64 214 0 1
63 214 0 1
450 213 0 0
449 213 0 0
448 213 0 0
447 213 0 0
446 213 0 0
371 213 0 0
370 213 0 0
369 213 0 0
368 213 0 0
314 213 0 0
313 213 0 0
312 213 0 0
311 213 0 0
310 213 0 0
309 213 0 0
308 213 0 0
69 213 0 1
68 213 0 1
67 213 0 1
66 213 0 1
65 213 0 1
64 213 0 1
450 212 0 0
449 212 0 0
448 212 0 0
447 212 0 0
446 212 0 0
371 212 0 0
370 212 0 0
369 212 0 0
368 212 0 0
313 212 0 0
312 212 0 0
311 212 0 0
310 212 0 0
309 212 0 0
308 212 0 0
307 212 0 0
69 212 0 1
68 212 0 1
67 212 0 1
66 212 0 1
65 212 0 1
64 212 0 1
450 211 0 0
449 211 0 0
448 211 0 0
447 211 0 0
446 211 0 0
371 211 0 0
370 211 0 0
369 211 0 0
368 211 0 0
312 211 0 0
311 211 0 0
310 211 0 0
309 211 0 0
308 211 0 0
307 211 0 0
306 211 0 0
70 211 0 1
69 211 0 1
68 211 0 1
67 211 0 1
66 211 0 1
65 211 0 1
20 211 0 0
19 211 0 0
18 211 0 0
17 211 0 0
450 210 0 0
449 210 0 0
448 210 0 0
447 210 0 0
446 210 0 0
371 210 0 0
370 210 0 0
369 210 0 0
368 210 0 0
311 210 0 0
310 210 0 0
309 210 0 0
308 210 0 0
307 210 0 0
306 210 0 0
305 210 0 0
71 210 0 1
70 210 0 1
69 210 0 1
68 210 0 1
67 210 0 1
66 210 0 1
20 210 0 0
19 210 0 0
18 210 0 0
17 210 0 0
449 209 0 0
448 209 0 0
447 209 0 0
446 209 0 0
371 209 0 0
370 209 0 0
369 209 0 0
368 209 0 0
311 209 0 0
310 209 0 0
309 209 0 0
308 209 0 0
307 209 0 0
306 209 0 0
305 209 0 0
71 209 0 1
70 209 0 1
69 209 0 1
68 209 0 1
67 209 0 1
66 209 0 1
20 209 0 0
19 209 0 0
18 209 0 0
17 209 0 0
449 208 0 0
448 208 0 0
447 208 0 0
446 208 0 0
371 208 0 0
370 208 0 0
369 208 0 0
368 208 0 0
310 208 0 0
309 208 0 0
308 208 0 0
307 208 0 0
306 208 0 0
305 208 0 0
304 208 0 0
71 208 0 1
70 208 0 1
69 208 0 1
68 208 0 1
67 208 0 1
20 208 0 0
19 208 0 0
18 208 0 0
17 208 0 0
449 207 0 0
448 207 0 0
447 207 0 0
446 207 0 0
371 207 0 0
370 207 0 0
369 207 0 0
368 207 0 0
309 207 0 0
308 207 0 0
307 207 0 0
306 207 0 0
305 207 0 0
304 207 0 0
303 207 0 0
72 207 0 1
71 207 0 1
70 207 0 1
69 207 0 1
68 207 0 1
67 207 0 1
20 207 0 0
19 207 0 0
18 207 0 0
17 207 0 0
449 206 0 0
448 206 0 0
447 206 0 0
446 206 0 0
371 206 0 0
370 206 0 0
369 206 0 0
368 206 0 0
308 206 0 0
307 206 0 0
306 206 0 0
305 206 0 0
304 206 0 0
303 206 0 0
302 206 0 0
72 206 0 1
71 206 0 1
70 206 0 1
69 206 0 1
68 206 0 1
20 206 0 0
19 206 0 0
18 206 0 0
17 206 0 0
449 205 0 0
448 205 0 0
447 205 0 0
446 205 0 0
371 205 0 0
370 205 0 0
369 205 0 0
368 205 0 0
307 205 0 0
306 205 0 0
305 205 0 0
304 205 0 0
303 205 0 0
302 205 0 0
301 205 0 0
73 205 0 1
72 205 0 1
71 205 0 1
70 205 0 1
69 205 0 1
68 205 0 1
20 205 0 0
19 205 0 0
18 205 0 0
17 205 0 0
449 204 0 0
448 204 0 0
447 204 0 0
446 204 0 0
371 204 0 0
370 204 0 0
369 204 0 0
368 204 0 0
367 204 0 0
306 204 0 0
305 204 0 0
304 204 0 0
303 204 0 0
302 204 0 0
301 204 0 0
300 204 0 0
73 204 0 1
72 204 0 1
71 204 0 1
70 204 0 1
69 204 0 1
68 204 0 1
20 204 0 0
19 204 0 0
18 204 0 0
17 204 0 0
449 203 0 0
448 203 0 0
447 203 0 0
446 203 0 0
371 203 0 0
370 203 0 0
369 203 0 0
368 203 0 0
367 203 0 0
366 203 0 0
365 203 0 0
305 203 0 0
304 203 0 0
303 203 0 0
302 203 0 0
301 203 0 0
300 203 0 0
299 203 0 0
74 203 0 1
73 203 0 1
72 203 0 1
71 203 0 1
70 203 0 1
69 203 0 1
21 203 0 0
20 203 0 0
19 203 0 0
18 203 0 0
17 203 0 0
449 202 0 0
448 202 0 0
447 202 0 0
446 202 0 0
371 202 0 0
370 202 0 0
369 202 0 0
368 202 0 0
367 202 0 0
366 202 0 0
365 202 0 0
364 202 0 0
363 202 0 0
305 202 0 0
304 202 0 0
303 202 0 0
302 202 0 0
301 202 0 0
300 202 0 0
299 202 0 0
74 202 0 1
73 202 0 1
72 202 0 1
71 202 0 1
70 202 0 1
69 202 0 1
21 202 0 0
20 202 0 0
19 202 0 0
18 202 0 0
17 202 0 0
449 201 0 0
448 201 0 0
447 201 0 0
446 201 0 0
371 201 0 0
370 201 0 0
369 201 0 0
368 201 0 0
367 201 0 0
366 201 0 0
365 201 0 0
364 201 0 0
363 201 0 0
362 201 0 0
304 201 0 0
303 201 0 0
302 201 0 0
301 201 0 0
300 201 0 0
299 201 0 0
298 201 0 0
75 201 0 1
74 201 0 1
73 201 0 1
72 201 0 1
71 201 0 1
70 201 0 1
22 201 0 0
21 201 0 0
20 201 0 0
19 201 0 0
18 201 0 0
17 201 0 0
449 200 0 0
448 200 0 0
447 200 0 0
446 200 0 0
370 200 0 0
369 200 0 0
368 200 0 0
367 200 0 0
366 200 0 0
365 200 0 0
364 200 0 0
363 200 0 0
362 200 0 0
303 200 0 0
302 200 0 0
301 200 0 0
300 200 0 0
299 200 0 0
298 200 0 0
297 200 0 0
296 200 0 0
76 200 0 1
75 200 0 1
74 200 0 1
73 200 0 1
72 200 0 1
71 200 0 1
70 200 0 1
23 200 0 0
22 200 0 0
21 200 0 0
20 200 0 0
19 200 0 0
18 200 0 0
17 200 0 0
449 199 0 0
448 199 0 0
447 199 0 0
446 199 0 0
367 199 0 0
366 199 0 0
365 199 0 0
364 199 0 0
363 199 0 0
362 199 0 0
302 199 0 0
301 199 0 0
300 199 0 0
299 199 0 0
298 199 0 0
297 199 0 0
296 199 0 0
295 199 0 0
76 199 0 1
75 199 0 1
74 199 0 1
73 199 0 1
72 199 0 1
71 199 0 1
24 199 0 0
23 199 0 0
22 199 0 0
21 199 0 0
20 199 0 0
19 199 0 0
18 199 0 0
449 198 0 0
448 198 0 0
447 198 0 0
446 198 0 0
366 198 0 0
365 198 0 0
364 198 0 0
363 198 0 0
362 198 0 0
301 198 0 0
300 198 0 0
299 198 0 0
298 198 0 0
297 198 0 0
296 198 0 0
295 198 0 0
294 198 0 0
293 198 0 0
77 198 0 1
76 198 0 1
75 198 0 1
74 198 0 1
73 198 0 1
72 198 0 1
25 198 0 0
24 198 0 0
23 198 0 0
22 198 0 0
21 198 0 0
20 198 0 0
19 198 0 0
449 197 0 0
448 197 0 0
447 197 0 0
446 197 0 0
300 197 0 0
299 197 0 0
298 197 0 0
297 197 0 0
296 197 0 0
295 197 0 0
294 197 0 0
293 197 0 0
292 197 0 0
291 197 0 0
78 197 0 1
77 197 0 1
76 197 0 1
75 197 0 1
74 197 0 1
73 197 0 1
72 197 0 1
26 197 0 0
25 197 0 0
24 197 0 0
23 197 0 0
22 197 0 0
21 197 0 0
20 197 0 0
449 196 0 0
448 196 0 0
447 196 0 0
446 196 0 0
298 196 0 0
297 196 0 0
296 196 0 0
295 196 0 0
294 196 0 0
293 196 0 0
292 196 0 0
291 196 0 0
290 196 0 0
289 196 0 0
288 196 0 0
287 196 0 0
286 196 0 0
78 196 0 1
77 196 0 1
76 196 0 1
75 196 0 1
74 196 0 1
73 196 0 1
27 196 0 0
26 196 0 0
25 196 0 0
24 196 0 0
23 196 0 0
22 196 0 0
21 196 0 0
449 195 0 0
448 195 0 0
447 195 0 0
446 195 0 0
297 195 0 0
296 195 0 0
295 195 0 0
294 195 0 0
293 195 0 0
292 195 0 0
291 195 0 0
290 195 0 0
289 195 0 0
288 195 0 0
287 195 0 0
286 195 0 0
285 195 0 0
80 195 0 1
79 195 0 1
78 195 0 1
77 195 0 1
76 195 0 1
75 195 0 1
74 195 0 1
28 195 0 0
27 195 0 0
26 195 0 0
25 195 0 0
24 195 0 0
23 195 0 0
22 195 0 0
449 194 0 0
448 194 0 0
447 194 0 0
446 194 0 0
295 194 0 0
294 194 0 0
293 194 0 0
292 194 0 0
291 194 0 0
290 194 0 0
289 194 0 0
288 194 0 0
287 194 0 0
286 194 0 0
285 194 0 0
284 194 0 0
81 194 0 1
80 194 0 1
79 194 0 1
78 194 0 1
77 194 0 1
76 194 0 1
75 194 0 1
29 194 0 0
28 194 0 0
27 194 0 0
26 194 0 0
25 194 0 0
24 194 0 0
23 194 0 0
449 193 0 0
448 193 0 0
447 193 0 0
446 193 0 0
294 193 0 0
293 193 0 0
292 193 0 0
291 193 0 0
290 193 0 0
289 193 0 0
288 193 0 0
287 193 0 0
286 193 0 0
285 193 0 0
284 193 0 0
82 193 0 1
81 193 0 1
80 193 0 1
79 193 0 1
78 193 0 1
77 193 0 1
76 193 0 1
75 193 0 1
30 193 0 0
29 193 0 0
28 193 0 0
27 193 0 0
26 193 0 0
25 193 0 0
24 193 0 0
449 192 0 0
448 192 0 0
447 192 0 0
446 192 0 0
288 192 0 0
287 192 0 0
286 192 0 0
285 192 0 0
284 192 0 0
283 192 0 0
82 192 0 1
81 192 0 1
80 192 0 1
79 192 0 1
78 192 0 1
77 192 0 1
76 192 0 1
31 192 0 0
30 192 0 0
29 192 0 0
28 192 0 0
27 192 0 0
26 192 0 0
25 192 0 0
449 191 0 0
448 191 0 0
447 191 0 0
446 191 0 0
288 191 0 0
287 191 0 0
286 191 0 0
285 191 0 0
284 191 0 0
283 191 0 0
82 191 0 1
81 191 0 1
80 191 0 1
79 191 0 1
78 191 0 1
77 191 0 1
32 191 0 0
31 191 0 0
30 191 0 0
29 191 0 0
28 191 0 0
27 191 0 0
26 191 0 0
449 190 0 0
448 190 0 0
447 190 0 0
446 190 0 0
287 190 0 0
286 190 0 0
285 190 0 0
284 190 0 0
283 190 0 0
82 190 0 1
81 190 0 1
80 190 0 1
79 190 0 1
78 190 0 1
33 190 0 0
32 190 0 0
31 190 0 0
30 190 0 0
29 190 0 0
28 190 0 0
27 190 0 0
449 189 0 0
448 189 0 0
447 189 0 0
446 189 0 0
287 189 0 0
286 189 0 0
285 189 0 0
284 189 0 0
283 189 0 0
82 189 0 1
81 189 0 1
80 189 0 1
79 189 0 1
34 189 0 0
33 189 0 0
32 189 0 0
31 189 0 0
30 189 0 0
29 189 0 0
28 189 0 0
449 188 0 0
448 188 0 0
447 188 0 0
446 188 0 0
286 188 0 0
285 188 0 0
284 188 0 0
283 188 0 0
83 188 0 1
82 188 0 1
81 188 0 1
80 188 0 1
79 188 0 1
36 188 0 0
35 188 0 0
34 188 0 0
33 188 0 0
32 188 0 0
31 188 0 0
30 188 0 0
29 188 0 0
449 187 0 0
448 187 0 0
447 187 0 0
446 187 0 0
286 187 0 0
285 187 0 0
284 187 0 0
283 187 0 0
83 187 0 1
82 187 0 1
81 187 0 1
80 187 0 1
79 187 0 1
37 187 0 0
36 187 0 0
35 187 0 0
34 187 0 0
33 187 0 0
32 187 0 0
31 187 0 0
30 187 0 0
449 186 0 0
448 186 0 0
447 186 0 0
446 186 0 0
286 186 0 0
285 186 0 0
284 186 0 0
283 186 0 0
85 186 0 1
84 186 0 1
83 186 0 1
82 186 0 1
81 186 0 1
80 186 0 1
79 186 0 1
38 186 0 0
37 186 0 0
36 186 0 0
35 186 0 0
34 186 0 0
33 186 0 0
32 186 0 0
31 186 0 0
449 185 0 0
448 185 0 0
447 185 0 0
446 185 0 0
286 185 0 0
285 185 0 0
284 185 0 0
283 185 0 0
86 185 0 1
85 185 0 1
84 185 0 1
83 185 0 1
82 185 0 1
81 185 0 1
80 185 0 1
79 185 0 1
39 185 0 0
38 185 0 0
37 185 0 0
36 185 0 0
35 185 0 0
34 185 0 0
33 185 0 0
32 185 0 0
449 184 0 0
448 184 0 0
447 184 0 0
446 184 0 0
286 184 0 0
285 184 0 0
284 184 0 0
283 184 0 0
87 184 0 1
86 184 0 1
85 184 0 1
84 184 0 1
83 184 0 1
82 184 0 1
81 184 0 1
80 184 0 1
40 184 0 0
39 184 0 0
38 184 0 0
37 184 0 0
36 184 0 0
35 184 0 0
34 184 0 0
33 184 0 0
449 183 0 0
448 183 0 0
447 183 0 0
446 183 0 0
286 183 0 0
285 183 0 0
284 183 0 0
283 183 0 0
88 183 0 1
87 183 0 1
86 183 0 1
85 183 0 1
84 183 0 1
83 183 0 1
82 183 0 1
81 183 0 1
41 183 0 0
40 183 0 0
39 183 0 0
38 183 0 0
37 183 0 0
36 183 0 0
35 183 0 0
34 183 0 0
449 182 0 0
448 182 0 0
447 182 0 0
446 182 0 0
286 182 0 0
285 182 0 0
284 182 0 0
283 182 0 0
88 182 0 1
87 182 0 1
86 182 0 1
85 182 0 1
84 182 0 1
83 182 0 1
82 182 0 1
42 182 0 0
41 182 0 0
40 182 0 0
39 182 0 0
38 182 0 0
37 182 0 0
36 182 0 0
449 181 0 0
448 181 0 0
447 181 0 0
446 181 0 0
286 181 0 0
285 181 0 0
284 181 0 0
283 181 0 0
282 181 0 0
88 181 0 1
87 181 0 1
86 181 0 1
85 181 0 1
84 181 0 1
42 181 0 0
41 181 0 0
40 181 0 0
39 181 0 0
38 181 0 0
37 181 0 0
449 180 0 0
448 180 0 0
447 180 0 0
446 180 0 0
286 180 0 0
285 180 0 0
284 180 0 0
283 180 0 0
282 180 0 0
179 180 0 1
178 180 0 1
177 180 0 1
176 180 0 1
175 180 0 1
89 180 0 1
88 180 0 1
87 180 0 1
86 180 0 1
85 180 0 1
84 180 0 1
43 180 0 0
42 180 0 0
41 180 0 0
40 180 0 0
39 180 0 0
38 180 0 0
449 179 0 0
448 179 0 0
447 179 0 0
446 179 0 0
286 179 0 0
285 179 0 0
284 179 0 0
283 179 0 0
282 179 0 0
180 179 0 1
179 179 0 1
178 179 0 1
177 179 0 1
176 179 0 1
175 179 0 1
89 179 0 1
88 179 0 1
87 179 0 1
86 179 0 1
85 179 0 1
84 179 0 1
44 179 0 0
43 179 0 0
42 179 0 0
41 179 0 0
40 179 0 0
39 179 0 0
38 179 0 0
449 178 0 0
448 178 0 0
447 178 0 0
446 178 0 0
286 178 0 0
285 178 0 0
284 178 0 0
283 178 0 0
282 178 0 0
181 178 0 1
180 178 0 1
179 178 0 1
178 178 0 1
177 178 0 1
176 178 0 1
175 178 0 1
90 178 0 1
89 178 0 1
88 178 0 1
87 178 0 1
86 178 0 1
85 178 0 1
44 178 0 0
43 178 0 0
42 178 0 0
41 178 0 0
40 178 0 0
39 178 0 0
449 177 0 0
448 177 0 0
447 177 0 0
446 177 0 0
182 177 0 1
181 177 0 1
180 177 0 1
179 177 0 1
178 177 0 1
177 177 0 1
176 177 0 1
175 177 0 1
90 177 0 1
89 177 0 1
88 177 0 1
87 177 0 1
86 177 0 1
85 177 0 1
45 177 0 0
44 177 0 0
43 177 0 0
42 177 0 0
41 177 0 0
40 177 0 0
449 176 0 0
448 176 0 0
447 176 0 0
446 176 0 0
182 176 0 1
181 176 0 1
180 176 0 1
179 176 0 1
178 176 0 1
177 176 0 1
91 176 0 1
90 176 0 1
89 176 0 1
88 176 0 1
87 176 0 1
86 176 0 1
46 176 0 0
45 176 0 0
44 176 0 0
43 176 0 0
42 176 0 0
41 176 0 0
40 176 0 0
449 175 0 0
448 175 0 0
447 175 0 0
446 175 0 0
184 175 0 1
183 175 0 1
182 175 0 1
181 175 0 1
180 175 0 1
179 175 0 1
178 175 0 1
91 175 0 1
90 175 0 1
89 175 0 1
88 175 0 1
87 175 0 1
86 175 0 1
47 175 0 0
46 175 0 0
45 175 0 0
44 175 0 0
43 175 0 0
42 175 0 0
41 175 0 0
449 174 0 0
448 174 0 0
447 174 0 0
446 174 0 0
185 174 0 1
184 174 0 1
183 174 0 1
182 174 0 1
181 174 0 1
180 174 0 1
179 174 0 1
178 174 0 1
92 174 0 1
91 174 0 1
90 174 0 1
89 174 0 1
88 174 0 1
87 174 0 1
48 174 0 0
47 174 0 0
46 174 0 0
45 174 0 0
44 174 0 0
43 174 0 0
42 174 0 0
449 173 0 0
448 173 0 0
447 173 0 0
446 173 0 0
186 173 0 1
185 173 0 1
184 173 0 1
183 173 0 1
182 173 0 1
181 173 0 1
180 173 0 1
179 173 0 1
92 173 0 1
91 173 0 1
90 173 0 1
89 173 0 1
88 173 0 1
87 173 0 1
48 173 0 0
47 173 0 0
46 173 0 0
45 173 0 0
44 173 0 0
43 173 0 0
449 172 0 0
448 172 0 0
447 172 0 0
446 172 0 0
186 172 0 1
185 172 0 1
184 172 0 1
183 172 0 1
182 172 0 1
181 172 0 1
180 172 0 1
93 172 0 1
92 172 0 1
91 172 0 1
90 172 0 1
89 172 0 1
88 172 0 1
49 172 0 0
48 172 0 0
47 172 0 0
46 172 0 0
45 172 0 0
44 172 0 0
43 172 0 0
449 171 0 0
448 171 0 0
447 171 0 0
446 171 0 0
187 171 0 1
186 171 0 1
185 171 0 1
184 171 0 1
183 171 0 1
182 171 0 1
93 171 0 1
92 171 0 1
91 171 0 1
90 171 0 1
89 171 0 1
88 171 0 1
50 171 0 0
49 171 0 0
48 171 0 0
47 171 0 0
46 171 0 0
45 171 0 0
44 171 0 0
449 170 0 0
448 170 0 0
447 170 0 0
446 170 0 0
187 170 0 1
186 170 0 1
185 170 0 1
184 170 0 1
183 170 0 1
182 170 0 1
93 170 0 1
92 170 0 1
91 170 0 1
90 170 0 1
89 170 0 1
51 170 0 0
50 170 0 0
49 170 0 0
48 170 0 0
47 170 0 0
46 170 0 0
45 170 0 0
449 169 0 0
448 169 0 0
447 169 0 0
446 169 0 0
188 169 0 1
187 169 0 1
186 169 0 1
185 169 0 1
184 169 0 1
183 169 0 1
93 169 0 1
92 169 0 1
91 169 0 1
90 169 0 1
89 169 0 1
52 169 0 0
51 169 0 0
50 169 0 0
49 169 0 0
48 169 0 0
47 169 0 0
46 169 0 0
449 168 0 0
448 168 0 0
447 168 0 0
446 168 0 0
189 168 0 1
188 168 0 1
187 168 0 1
186 168 0 1
185 168 0 1
184 168 0 1
94 168 0 1
93 168 0 1
92 168 0 1
91 168 0 1
90 168 0 1
89 168 0 1
53 168 0 0
52 168 0 0
51 168 0 0
50 168 0 0
49 168 0 0
48 168 0 0
47 168 0 0
449 167 0 0
448 167 0 0
447 167 0 0
446 167 0 0
189 167 0 1
188 167 0 1
187 167 0 1
186 167 0 1
185 167 0 1
184 167 0 1
94 167 0 1
93 167 0 1
92 167 0 1
91 167 0 1
90 167 0 1
89 167 0 1
53 167 0 0
52 167 0 0
51 167 0 0
50 167 0 0
49 167 0 0
48 167 0 0
47 167 0 0
449 166 0 0
448 166 0 0
447 166 0 0
446 166 0 0
189 166 0 1
188 166 0 1
187 166 0 1
186 166 0 1
185 166 0 1
95 166 0 1
94 166 0 1
93 166 0 1
92 166 0 1
91 166 0 1
90 166 0 1
54 166 0 0
53 166 0 0
52 166 0 0
51 166 0 0
50 166 0 0
49 166 0 0
48 166 0 0
449 165 0 0
448 165 0 0
447 165 0 0
446 165 0 0
189 165 0 1
188 165 0 1
187 165 0 1
186 165 0 1
185 165 0 1
95 165 0 1
94 165 0 1
93 165 0 1
92 165 0 1
91 165 0 1
90 165 0 1
55 165 0 0
54 165 0 0
53 165 0 0
52 165 0 0
51 165 0 0
50 165 0 0
49 165 0 0
449 164 0 0
448 164 0 0
447 164 0 0
446 164 0 0
189 164 0 1
188 164 0 1
187 164 0 1
186 164 0 1
185 164 0 1
95 164 0 1
94 164 0 1
93 164 0 1
92 164 0 1
91 164 0 1
56 164 0 0
55 164 0 0
54 164 0 0
53 164 0 0
52 164 0 0
51 164 0 0
50 164 0 0
449 163 0 0
448 163 0 0
447 163 0 0
446 163 0 0
190 163 0 1
189 163 0 1
188 163 0 1
187 163 0 1
186 163 0 1
185 163 0 1
95 163 0 1
94 163 0 1
93 163 0 1
92 163 0 1
91 163 0 1
57 163 0 0
56 163 0 0
55 163 0 0
54 163 0 0
53 163 0 0
52 163 0 0
51 163 0 0
449 162 0 0
448 162 0 0
447 162 0 0
446 162 0 0
190 162 0 1
189 162 0 1
188 162 0 1
187 162 0 1
186 162 0 1
185 162 0 1
96 162 0 1
95 162 0 1
94 162 0 1
93 162 0 1
92 162 0 1
91 162 0 1
58 162 0 0
57 162 0 0
56 162 0 0
55 162 0 0
54 162 0 0
53 162 0 0
52 162 0 0
449 161 0 0
448 161 0 0
447 161 0 0
446 161 0 0
190 161 0 1
189 161 0 1
188 161 0 1
187 161 0 1
186 161 0 1
96 161 0 1
95 161 0 1
94 161 0 1
93 161 0 1
92 161 0 1
91 161 0 1
59 161 0 0
58 161 0 0
57 161 0 0
56 161 0 0
55 161 0 0
54 161 0 0
53 161 0 0
449 160 0 0
448 160 0 0
447 160 0 0
446 160 0 0
190 160 0 1
189 160 0 1
188 160 0 1
187 160 0 1
186 160 0 1
97 160 0 1
96 160 0 1
95 160 0 1
94 160 0 1
93 160 0 1
92 160 0 1
60 160 0 0
59 160 0 0
58 160 0 0
57 160 0 0
56 160 0 0
55 160 0 0
54 160 0 0
449 159 0 0
448 159 0 0
447 159 0 0
446 159 0 0
191 159 0 1
190 159 0 1
189 159 0 1
188 159 0 1
187 159 0 1
98 159 0 1
97 159 0 1
96 159 0 1
95 159 0 1
94 159 0 1
93 159 0 1
61 159 0 0
60 159 0 0
59 159 0 0
58 159 0 0
57 159 0 0
56 159 0 0
55 159 0 0
449 158 0 0
448 158 0 0
447 158 0 0
446 158 0 0
191 158 0 1
190 158 0 1
189 158 0 1
188 158 0 1
187 158 0 1
98 158 0 1
97 158 0 1
96 158 0 1
95 158 0 1
94 158 0 1
93 158 0 1
62 158 0 0
61 158 0 0
60 158 0 0
59 158 0 0
58 158 0 0
57 158 0 0
56 158 0 0
449 157 0 0
448 157 0 0
447 157 0 0
446 157 0 0
191 157 0 1
190 157 0 1
189 157 0 1
188 157 0 1
187 157 0 1
99 157 0 1
98 157 0 1
97 157 0 1
96 157 0 1
95 157 0 1
94 157 0 1
63 157 0 0
62 157 0 0
61 157 0 0
60 157 0 0
59 157 0 0
58 157 0 0
57 157 0 0
449 156 0 0
448 156 0 0
447 156 0 0
446 156 0 0
191 156 0 1
190 156 0 1
189 156 0 1
188 156 0 1
187 156 0 1
100 156 0 1
99 156 0 1
98 156 0 1
97 156 0 1
96 156 0 1
95 156 0 1
64 156 0 0
63 156 0 0
62 156 0 0
61 156 0 0
60 156 0 0
59 156 0 0
58 156 0 0
449 155 0 0
448 155 0 0
447 155 0 0
446 155 0 0
192 155 0 1
191 155 0 1
190 155 0 1
189 155 0 1
188 155 0 1
187 155 0 1
100 155 0 1
99 155 0 1
98 155 0 1
97 155 0 1
96 155 0 1
95 155 0 1
65 155 0 0
64 155 0 0
63 155 0 0
62 155 0 0
61 155 0 0
60 155 0 0
59 155 0 0
449 154 0 0
448 154 0 0
447 154 0 0
446 154 0 0
193 154 0 1
192 154 0 1
191 154 0 1
190 154 0 1
189 154 0 1
188 154 0 1
187 154 0 1
100 154 0 1
99 154 0 1
98 154 0 1
97 154 0 1
96 154 0 1
66 154 0 0
65 154 0 0
64 154 0 0
63 154 0 0
62 154 0 0
61 154 0 0
60 154 0 0
449 153 0 0
448 153 0 0
447 153 0 0
446 153 0 0
194 153 0 1
193 153 0 1
192 153 0 1
191 153 0 1
190 153 0 1
189 153 0 1
188 153 0 1
100 153 0 1
99 153 0 1
98 153 0 1
97 153 0 1
96 153 0 1
67 153 0 0
66 153 0 0
65 153 0 0
64 153 0 0
63 153 0 0
62 153 0 0
61 153 0 0
449 152 0 0
448 152 0 0
447 152 0 0
446 152 0 0
194 152 0 1
193 152 0 1
192 152 0 1
191 152 0 1
190 152 0 1
189 152 0 1
101 152 0 1
100 152 0 1
99 152 0 1
98 152 0 1
97 152 0 1
96 152 0 1
67 152 0 0
66 152 0 0
65 152 0 0
64 152 0 0
63 152 0 0
62 152 0 0
449 151 0 0
448 151 0 0
447 151 0 0
446 151 0 0
195 151 0 1
194 151 0 1
193 151 0 1
192 151 0 1
191 151 0 1
190 151 0 1
102 151 0 1
101 151 0 1
100 151 0 1
99 151 0 1
98 151 0 1
97 151 0 1
96 151 0 1
68 151 0 0
67 151 0 0
66 151 0 0
65 151 0 0
64 151 0 0
63 151 0 0
449 150 0 0
448 150 0 0
447 150 0 0
446 150 0 0
195 150 0 1
194 150 0 1
193 150 0 1
192 150 0 1
191 150 0 1
190 150 0 1
103 150 0 1
102 150 0 1
101 150 0 1
100 150 0 1
99 150 0 1
98 150 0 1
97 150 0 1
69 150 0 0
68 150 0 0
67 150 0 0
66 150 0 0
65 150 0 0
64 150 0 0
63 150 0 0
449 149 0 0
448 149 0 0
447 149 0 0
446 149 0 0
196 149 0 1
195 149 0 1
194 149 0 1
193 149 0 1
192 149 0 1
191 149 0 1
104 149 0 1
103 149 0 1
102 149 0 1
101 149 0 1
100 149 0 1
99 149 0 1
98 149 0 1
70 149 0 0
69 149 0 0
68 149 0 0
67 149 0 0
66 149 0 0
65 149 0 0
64 149 0 0
449 148 0 0
448 148 0 0
447 148 0 0
446 148 0 0
196 148 0 1
195 148 0 1
194 148 0 1
193 148 0 1
192 148 0 1
191 148 0 1
105 148 0 1
104 148 0 1
103 148 0 1
102 148 0 1
101 148 0 1
100 148 0 1
99 148 0 1
70 148 0 0
69 148 0 0
68 148 0 0
67 148 0 0
66 148 0 0
65 148 0 0
449 147 0 0
448 147 0 0
447 147 0 0
446 147 0 0
197 147 0 1
196 147 0 1
195 147 0 1
194 147 0 1
193 147 0 1
192 147 0 1
105 147 0 1
104 147 0 1
103 147 0 1
102 147 0 1
101 147 0 1
100 147 0 1
99 147 0 1
71 147 0 0
70 147 0 0
69 147 0 0
68 147 0 0
67 147 0 0
66 147 0 0
449 146 0 0
448 146 0 0
447 146 0 0
446 146 0 0
198 146 0 1
197 146 0 1
196 146 0 1
195 146 0 1
194 146 0 1
193 146 0 1
192 146 0 1
105 146 0 1
104 146 0 1
103 146 0 1
102 146 0 1
101 146 0 1
100 146 0 1
72 146 0 0
71 146 0 0
70 146 0 0
69 146 0 0
68 146 0 0
67 146 0 0
449 145 0 0
448 145 0 0
447 145 0 0
446 145 0 0
198 145 0 1
197 145 0 1
196 145 0 1
195 145 0 1
194 145 0 1
193 145 0 1
105 145 0 1
104 145 0 1
103 145 0 1
102 145 0 1
101 145 0 1
72 145 0 0
71 145 0 0
70 145 0 0
69 145 0 0
68 145 0 0
67 145 0 0
449 144 0 0
448 144 0 0
447 144 0 0
446 144 0 0
199 144 0 1
198 144 0 1
197 144 0 1
196 144 0 1
195 144 0 1
194 144 0 1
104 144 0 1
103 144 0 1
102 144 0 1
101 144 0 1
73 144 0 0
72 144 0 0
71 144 0 0
70 144 0 0
69 144 0 0
68 144 0 0
449 143 0 0
448 143 0 0
447 143 0 0
446 143 0 0
200 143 0 1
199 143 0 1
198 143 0 1
197 143 0 1
196 143 0 1
195 143 0 1
106 143 0 1
105 143 0 1
104 143 0 1
103 143 0 1
102 143 0 1
101 143 0 1
73 143 0 0
72 143 0 0
71 143 0 0
70 143 0 0
69 143 0 0
68 143 0 0
449 142 0 0
448 142 0 0
447 142 0 0
446 142 0 0
201 142 0 1
200 142 0 1
199 142 0 1
198 142 0 1
197 142 0 1
196 142 0 1
195 142 0 1
107 142 0 1
106 142 0 1
105 142 0 1
104 142 0 1
103 142 0 1
102 142 0 1
101 142 0 1
74 142 0 0
73 142 0 0
72 142 0 0
71 142 0 0
70 142 0 0
69 142 0 0
449 141 0 0
448 141 0 0
447 141 0 0
446 141 0 0
202 141 0 1
201 141 0 1
200 141 0 1
199 141 0 1
198 141 0 1
197 141 0 1
196 141 0 1
108 141 0 1
107 141 0 1
106 141 0 1
105 141 0 1
104 141 0 1
103 141 0 1
102 141 0 1
101 141 0 1
74 141 0 0
73 141 0 0
72 141 0 0
71 141 0 0
70 141 0 0
69 141 0 0
449 140 0 0
448 140 0 0
447 140 0 0
446 140 0 0
203 140 0 1
202 140 0 1
201 140 0 1
200 140 0 1
199 140 0 1
198 140 0 1
197 140 0 1
109 140 0 1
108 140 0 1
107 140 0 1
106 140 0 1
105 140 0 1
104 140 0 1
103 140 0 1
102 140 0 1
75 140 0 0
74 140 0 0
73 140 0 0
72 140 0 0
71 140 0 0
70 140 0 0
449 139 0 0
448 139 0 0
447 139 0 0
446 139 0 0
203 139 0 1
202 139 0 1
201 139 0 1
200 139 0 1
199 139 0 1
198 139 0 1
110 139 0 1
109 139 0 1
108 139 0 1
107 139 0 1
106 139 0 1
105 139 0 1
104 139 0 1
103 139 0 1
76 139 0 0
75 139 0 0
74 139 0 0
73 139 0 0
72 139 0 0
71 139 0 0
70 139 0 0
449 138 0 0
448 138 0 0
447 138 0 0
446 138 0 0
203 138 0 1
202 138 0 1
201 138 0 1
200 138 0 1
199 138 0 1
111 138 0 1
110 138 0 1
109 138 0 1
108 138 0 1
107 138 0 1
106 138 0 1
105 138 0 1
104 138 0 1
77 138 0 0
76 138 0 0
75 138 0 0
74 138 0 0
73 138 0 0
72 138 0 0
71 138 0 0
449 137 0 0
448 137 0 0
447 137 0 0
446 137 0 0
205 137 0 1
204 137 0 1
203 137 0 1
202 137 0 1
201 137 0 1
200 137 0 1
111 137 0 1
110 137 0 1
109 137 0 1
108 137 0 1
107 137 0 1
106 137 0 1
105 137 0 1
77 137 0 0
76 137 0 0
75 137 0 0
74 137 0 0
73 137 0 0
72 137 0 0
449 136 0 0
448 136 0 0
447 136 0 0
446 136 0 0
205 136 0 1
204 136 0 1
203 136 0 1
202 136 0 1
201 136 0 1
200 136 0 1
112 136 0 1
111 136 0 1
110 136 0 1
109 136 0 1
108 136 0 1
107 136 0 1
77 136 0 0
76 136 0 0
75 136 0 0
74 136 0 0
73 136 0 0
449 135 0 0
448 135 0 0
447 135 0 0
446 135 0 0
205 135 0 1
204 135 0 1
203 135 0 1
202 135 0 1
201 135 0 1
200 135 0 1
113 135 0 1
112 135 0 1
111 135 0 1
110 135 0 1
109 135 0 1
108 135 0 1
78 135 0 0
77 135 0 0
76 135 0 0
75 135 0 0
74 135 0 0
73 135 0 0
449 134 0 0
448 134 0 0
447 134 0 0
446 134 0 0
205 134 0 1
204 134 0 1
203 134 0 1
202 134 0 1
201 134 0 1
200 134 0 1
114 134 0 1
113 134 0 1
112 134 0 1
111 134 0 1
110 134 0 1
109 134 0 1
108 134 0 1
79 134 0 0
78 134 0 0
77 134 0 0
76 134 0 0
75 134 0 0
74 134 0 0
73 134 0 0
449 133 0 0
448 133 0 0
447 133 0 0
446 133 0 0
206 133 0 1
205 133 0 1
204 133 0 1
203 133 0 1
202 133 0 1
115 133 0 1
114 133 0 1
113 133 0 1
112 133 0 1
111 133 0 1
110 133 0 1
109 133 0 1
80 133 0 0
79 133 0 0
78 133 0 0
77 133 0 0
76 133 0 0
75 133 0 0
74 133 0 0
449 132 0 0
448 132 0 0
447 132 0 0
446 132 0 0
206 132 0 1
205 132 0 1
204 132 0 1
203 132 0 1
202 132 0 1
115 132 0 1
114 132 0 1
113 132 0 1
112 132 0 1
111 132 0 1
110 132 0 1
80 132 0 0
79 132 0 0
78 132 0 0
77 132 0 0
76 132 0 0
75 132 0 0
449 131 0 0
448 131 0 0
447 131 0 0
446 131 0 0
206 131 0 1
205 131 0 1
204 131 0 1
203 131 0 1
202 131 0 1
116 131 0 1
115 131 0 1
114 131 0 1
113 131 0 1
112 131 0 1
111 131 0 1
81 131 0 0
80 131 0 0
79 131 0 0
78 131 0 0
77 131 0 0
76 131 0 0
449 130 0 0
448 130 0 0
447 130 0 0
446 130 0 0
206 130 0 1
205 130 0 1
204 130 0 1
203 130 0 1
202 130 0 1
117 130 0 1
116 130 0 1
115 130 0 1
114 130 0 1
113 130 0 1
112 130 0 1
111 130 0 1
81 130 0 0
80 130 0 0
79 130 0 0
78 130 0 0
77 130 0 0
76 130 0 0
449 129 0 0
448 129 0 0
447 129 0 0
446 129 0 0
334 129 0 1
333 129 0 1
332 129 0 1
331 129 0 1
330 129 0 1
329 129 0 1
328 129 0 1
327 129 0 1
326 129 0 1
325 129 0 1
324 129 0 1
323 129 0 1
322 129 0 1
321 129 0 1
320 129 0 1
319 129 0 1
318 129 0 1
317 129 0 1
316 129 0 1
315 129 0 1
314 129 0 1
313 129 0 1
312 129 0 1
311 129 0 1
310 129 0 1
309 129 0 1
308 129 0 1
307 129 0 1
306 129 0 1
305 129 0 1
304 129 0 1
303 129 0 1
302 129 0 1
301 129 0 1
300 129 0 1
299 129 0 1
298 129 0 1
297 129 0 1
296 129 0 1
295 129 0 1
294 129 0 1
293 129 0 1
292 129 0 1
291 129 0 1
290 129 0 1
207 129 0 1
206 129 0 1
205 129 0 1
204 129 0 1
203 129 0 1
117 129 0 1
116 129 0 1
115 129 0 1
114 129 0 1
113 129 0 1
112 129 0 1
82 129 0 0
81 129 0 0
80 129 0 0
79 129 0 0
78 129 0 0
77 129 0 0
449 128 0 0
448 128 0 0
447 128 0 0
446 128 0 0
338 128 0 1
337 128 0 1
336 128 0 1
335 128 0 1
334 128 0 1
333 128 0 1
332 128 0 1
331 128 0 1
330 128 0 1
329 128 0 1
328 128 0 1
327 128 0 1
326 128 0 1
325 128 0 1
324 128 0 1
323 128 0 1
322 128 0 1
321 128 0 1
320 128 0 1
319 128 0 1
318 128 0 1
317 128 0 1
316 128 0 1
315 128 0 1
314 128 0 1
313 128 0 1
312 128 0 1
311 128 0 1
310 128 0 1
309 128 0 1
308 128 0 1
307 128 0 1
306 128 0 1
305 128 0 1
304 128 0 1
303 128 0 1
302 128 0 1
301 128 0 1
300 128 0 1
299 128 0 1
298 128 0 1
297 128 0 1
296 128 0 1
295 128 0 1
294 128 0 1
293 128 0 1
292 128 0 1
291 128 0 1
290 128 0 1
289 128 0 1
288 128 0 1
287 128 0 1
286 128 0 1
285 128 0 1
284 128 0 1
207 128 0 1
206 128 0 1
205 128 0 1
204 128 0 1
203 128 0 1
118 128 0 1
117 128 0 1
116 128 0 1
115 128 0 1
114 128 0 1
113 128 0 1
83 128 0 0
82 128 0 0
81 128 0 0
80 128 0 0
79 128 0 0
78 128 0 0
449 127 0 0
448 127 0 0
447 127 0 0
446 127 0 0
340 127 0 1
339 127 0 1
338 127 0 1
337 127 0 1
336 127 0 1
335 127 0 1
334 127 0 1
333 127 0 1
332 127 0 1
331 127 0 1
330 127 0 1
329 127 0 1
328 127 0 1
327 127 0 1
326 127 0 1
325 127 0 1
324 127 0 1
323 127 0 1
322 127 0 1
321 127 0 1
320 127 0 1
319 127 0 1
318 127 0 1
317 127 0 1
316 127 0 1
315 127 0 1
314 127 0 1
313 127 0 1
312 127 0 1
311 127 0 1
310 127 0 1
309 127 0 1
308 127 0 1
307 127 0 1
306 127 0 1
305 127 0 1
304 127 0 1
303 127 0 1
302 127 0 1
301 127 0 1
300 127 0 1
299 127 0 1
298 127 0 1
297 127 0 1
296 127 0 1
295 127 0 1
294 127 0 1
293 127 0 1
292 127 0 1
291 127 0 1
290 127 0 1
289 127 0 1
288 127 0 1
287 127 0 1
286 127 0 1
285 127 0 1
284 127 0 1
283 127 0 1
282 127 0 1
281 127 0 1
280 127 0 1
279 127 0 1
208 127 0 1
207 127 0 1
206 127 0 1
205 127 0 1
204 127 0 1
203 127 0 1
118 127 0 1
117 127 0 1
116 127 0 1
115 127 0 1
114 127 0 1
113 127 0 1
83 127 0 0
82 127 0 0
81 127 0 0
80 127 0 0
79 127 0 0
78 127 0 0
449 126 0 0
448 126 0 0
447 126 0 0
446 126 0 0
344 126 0 1
343 126 0 1
342 126 0 1
341 126 0 1
340 126 0 1
339 126 0 1
338 126 0 1
337 126 0 1
336 126 0 1
335 126 0 1
334 126 0 1
333 126 0 1
332 126 0 1
331 126 0 1
330 126 0 1
329 126 0 1
328 126 0 1
327 126 0 1
326 126 0 1
325 126 0 1
324 126 0 1
323 126 0 1
322 126 0 1
321 126 0 1
320 126 0 1
319 126 0 1
318 126 0 1
317 126 0 1
316 126 0 1
315 126 0 1
314 126 0 1
313 126 0 1
312 126 0 1
311 126 0 1
310 126 0 1
309 126 0 1
308 126 0 1
307 126 0 1
306 126 0 1
305 126 0 1
304 126 0 1
303 126 0 1
302 126 0 1
301 126 0 1
300 126 0 1
299 126 0 1
298 126 0 1
297 126 0 1
296 126 0 1
295 126 0 1
294 126 0 1
293 126 0 1
292 126 0 1
291 126 0 1
290 126 0 1
289 126 0 1
288 126 0 1
287 126 0 1
286 126 0 1
285 126 0 1
284 126 0 1
283 126 0 1
282 126 0 1
281 126 0 1
280 126 0 1
279 126 0 1
278 126 0 1
277 126 0 1
276 126 0 1
275 126 0 1
209 126 0 1
208 126 0 1
207 126 0 1
206 126 0 1
205 126 0 1
204 126 0 1
119 126 0 1
118 126 0 1
117 126 0 1
116 126 0 1
115 126 0 1
114 126 0 1
83 126 0 0
82 126 0 0
81 126 0 0
80 126 0 0
79 126 0 0
449 125 0 0
448 125 0 0
447 125 0 0
446 125 0 0
345 125 0 1
344 125 0 1
343 125 0 1
342 125 0 1
341 125 0 1
340 125 0 1
339 125 0 1
338 125 0 1
337 125 0 1
336 125 0 1
335 125 0 1
334 125 0 1
333 125 0 1
332 125 0 1
331 125 0 1
295 125 0 1
294 125 0 1
293 125 0 1
292 125 0 1
291 125 0 1
290 125 0 1
289 125 0 1
288 125 0 1
287 125 0 1
286 125 0 1
285 125 0 1
284 125 0 1
283 125 0 1
282 125 0 1
281 125 0 1
280 125 0 1
279 125 0 1
278 125 0 1
277 125 0 1
276 125 0 1
275 125 0 1
274 125 0 1
273 125 0 1
272 125 0 1
271 125 0 1
270 125 0 1
269 125 0 1
268 125 0 1
267 125 0 1
266 125 0 1
265 125 0 1
264 125 0 1
263 125 0 1
210 125 0 1
209 125 0 1
208 125 0 1
207 125 0 1
206 125 0 1
205 125 0 1
204 125 0 1
119 125 0 1
118 125 0 1
117 125 0 1
116 125 0 1
115 125 0 1
114 125 0 1
83 125 0 0
82 125 0 0
81 125 0 0
80 125 0 0
79 125 0 0
449 124 0 0
448 124 0 0
447 124 0 0
446 124 0 0
347 124 0 1
346 124 0 1
345 124 0 1
344 124 0 1
343 124 0 1
342 124 0 1
341 124 0 1
340 124 0 1
339 124 0 1
338 124 0 1
337 124 0 1
336 124 0 1
335 124 0 1
289 124 0 1
288 124 0 1
287 124 0 1
286 124 0 1
285 124 0 1
284 124 0 1
283 124 0 1
282 124 0 1
281 124 0 1
280 124 0 1
279 124 0 1
278 124 0 1
277 124 0 1
276 124 0 1
275 124 0 1
274 124 0 1
273 124 0 1
272 124 0 1
271 124 0 1
270 124 0 1
269 124 0 1
268 124 0 1
267 124 0 1
266 124 0 1
265 124 0 1
264 124 0 1
263 124 0 1
262 124 0 1
261 124 0 1
260 124 0 1
259 124 0 1
258 124 0 1
257 124 0 1
256 124 0 1
255 124 0 1
254 124 0 1
253 124 0 1
252 124 0 1
251 124 0 1
250 124 0 1
249 124 0 1
248 124 0 1
247 124 0 1
212 124 0 1
211 124 0 1
210 124 0 1
209 124 0 1
208 124 0 1
207 124 0 1
206 124 0 1
205 124 0 1
120 124 0 1
119 124 0 1
118 124 0 1
117 124 0 1
116 124 0 1
115 124 0 1
84 124 0 0
83 124 0 0
82 124 0 0
81 124 0 0
80 124 0 0
79 124 0 0
449 123 0 0
448 123 0 0
447 123 0 0
446 123 0 0
349 123 0 1
348 123 0 1
347 123 0 1
346 123 0 1
345 123 0 1
344 123 0 1
343 123 0 1
342 123 0 1
341 123 0 1
340 123 0 1
339 123 0 1
338 123 0 1
337 123 0 1
284 123 0 1
283 123 0 1
282 123 0 1
281 123 0 1
280 123 0 1
279 123 0 1
278 123 0 1
277 123 0 1
276 123 0 1
275 123 0 1
274 123 0 1
273 123 0 1
272 123 0 1
271 123 0 1
270 123 0 1
269 123 0 1
268 123 0 1
267 123 0 1
266 123 0 1
265 123 0 1
264 123 0 1
263 123 0 1
262 123 0 1
261 123 0 1
260 123 0 1
259 123 0 1
258 123 0 1
257 123 0 1
256 123 0 1
255 123 0 1
254 123 0 1
253 123 0 1
252 123 0 1
251 123 0 1
250 123 0 1
249 123 0 1
248 123 0 1
247 123 0 1
246 123 0 1
245 123 0 1
244 123 0 1
243 123 0 1
242 123 0 1
241 123 0 1
240 123 0 1
239 123 0 1
238 123 0 1
237 123 0 1
236 123 0 1
235 123 0 1
234 123 0 1
233 123 0 1
232 123 0 1
231 123 0 1
230 123 0 1
229 123 0 1
228 123 0 1
227 123 0 1
226 123 0 1
225 123 0 1
224 123 0 1
223 123 0 1
222 123 0 1
221 123 0 1
220 123 0 1
219 123 0 1
218 123 0 1
217 123 0 1
216 123 0 1
215 123 0 1
214 123 0 1
213 123 0 1
212 123 0 1
211 123 0 1
210 123 0 1
209 123 0 1
208 123 0 1
207 123 0 1
206 123 0 1
205 123 0 1
120 123 0 1
119 123 0 1
118 123 0 1
117 123 0 1
116 123 0 1
115 123 0 1
84 123 0 0
83 123 0 0
82 123 0 0
81 123 0 0
80 123 0 0
79 123 0 0
449 122 0 0
448 122 0 0
447 122 0 0
446 122 0 0
350 122 0 1
349 122 0 1
348 122 0 1
347 122 0 1
346 122 0 1
345 122 0 1
344 122 0 1
343 122 0 1
342 122 0 1
341 122 0 1
340 122 0 1
339 122 0 1
280 122 0 1
279 122 0 1
278 122 0 1
277 122 0 1
276 122 0 1
275 122 0 1
274 122 0 1
273 122 0 1
272 122 0 1
271 122 0 1
270 122 0 1
269 122 0 1
268 122 0 1
267 122 0 1
266 122 0 1
265 122 0 1
264 122 0 1
263 122 0 1
262 122 0 1
261 122 0 1
260 122 0 1
259 122 0 1
258 122 0 1
257 122 0 1
256 122 0 1
255 122 0 1
254 122 0 1
253 122 0 1
252 122 0 1
251 122 0 1
250 122 0 1
249 122 0 1
248 122 0 1
247 122 0 1
246 122 0 1
245 122 0 1
244 122 0 1
243 122 0 1
242 122 0 1
241 122 0 1
240 122 0 1
239 122 0 1
238 122 0 1
237 122 0 1
236 122 0 1
235 122 0 1
234 122 0 1
233 122 0 1
232 122 0 1
231 122 0 1
230 122 0 1
229 122 0 1
228 122 0 1
227 122 0 1
226 122 0 1
225 122 0 1
224 122 0 1
223 122 0 1
222 122 0 1
221 122 0 1
220 122 0 1
219 122 0 1
218 122 0 1
217 122 0 1
216 122 0 1
215 122 0 1
214 122 0 1
213 122 0 1
212 122 0 1
211 122 0 1
210 122 0 1
209 122 0 1
208 122 0 1
207 122 0 1
206 122 0 1
121 122 0 1
120 122 0 1
119 122 0 1
118 122 0 1
117 122 0 1
116 122 0 1
85 122 0 0
84 122 0 0
83 122 0 0
82 122 0 0
81 122 0 0
80 122 0 0
449 121 0 0
448 121 0 0
447 121 0 0
446 121 0 0
352 121 0 1
351 121 0 1
350 121 0 1
349 121 0 1
348 121 0 1
347 121 0 1
346 121 0 1
345 121 0 1
344 121 0 1
343 121 0 1
268 121 0 1
267 121 0 1
266 121 0 1
265 121 0 1
264 121 0 1
263 121 0 1
262 121 0 1
261 121 0 1
260 121 0 1
259 121 0 1
258 121 0 1
257 121 0 1
256 121 0 1
255 121 0 1
254 121 0 1
253 121 0 1
252 121 0 1
251 121 0 1
250 121 0 1
249 121 0 1
248 121 0 1
247 121 0 1
246 121 0 1
245 121 0 1
244 121 0 1
243 121 0 1
242 121 0 1
241 121 0 1
240 121 0 1
239 121 0 1
238 121 0 1
237 121 0 1
236 121 0 1
235 121 0 1
234 121 0 1
233 121 0 1
232 121 0 1
231 121 0 1
230 121 0 1
229 121 0 1
228 121 0 1
227 121 0 1
226 121 0 1
225 121 0 1
224 121 0 1
223 121 0 1
222 121 0 1
221 121 0 1
220 121 0 1
219 121 0 1
218 121 0 1
217 121 0 1
216 121 0 1
215 121 0 1
214 121 0 1
213 121 0 1
212 121 0 1
211 121 0 1
210 121 0 1
209 121 0 1
208 121 0 1
207 121 0 1
121 121 0 1
120 121 0 1
119 121 0 1
118 121 0 1
117 121 0 1
116 121 0 1
85 121 0 0
84 121 0 0
83 121 0 0
82 121 0 0
81 121 0 0
80 121 0 0
449 120 0 0
448 120 0 0
447 120 0 0
446 120 0 0
353 120 0 1
352 120 0 1
351 120 0 1
350 120 0 1
349 120 0 1
348 120 0 1
347 120 0 1
346 120 0 1
345 120 0 1
344 120 0 1
253 120 0 1
252 120 0 1
251 120 0 1
250 120 0 1
249 120 0 1
248 120 0 1
247 120 0 1
246 120 0 1
245 120 0 1
244 120 0 1
243 120 0 1
242 120 0 1
241 120 0 1
240 120 0 1
239 120 0 1
238 120 0 1
237 120 0 1
236 120 0 1
235 120 0 1
234 120 0 1
233 120 0 1
232 120 0 1
231 120 0 1
230 120 0 1
229 120 0 1
228 120 0 1
227 120 0 1
226 120 0 1
225 120 0 1
224 120 0 1
223 120 0 1
222 120 0 1
221 120 0 1
220 120 0 1
219 120 0 1
218 120 0 1
217 120 0 1
216 120 0 1
215 120 0 1
214 120 0 1
213 120 0 1
212 120 0 1
211 120 0 1
210 120 0 1
209 120 0 1
122 120 0 1
121 120 0 1
120 120 0 1
119 120 0 1
118 120 0 1
117 120 0 1
87 120 0 0
86 120 0 0
85 120 0 0
84 120 0 0
83 120 0 0
82 120 0 0
81 120 0 0
449 119 0 0
448 119 0 0
447 119 0 0
446 119 0 0
354 119 0 1
353 119 0 1
352 119 0 1
351 119 0 1
350 119 0 1
349 119 0 1
348 119 0 1
347 119 0 1
124 119 0 1
123 119 0 1
122 119 0 1
121 119 0 1
120 119 0 1
119 119 0 1
118 119 0 1
88 119 0 0
87 119 0 0
86 119 0 0
85 119 0 0
84 119 0 0
83 119 0 0
82 119 0 0
81 119 0 0
449 118 0 0
448 118 0 0
447 118 0 0
446 118 0 0
355 118 0 1
354 118 0 1
353 118 0 1
352 118 0 1
351 118 0 1
350 118 0 1
349 118 0 1
348 118 0 1
124 118 0 1
123 118 0 1
122 118 0 1
121 118 0 1
120 118 0 1
119 118 0 1
118 118 0 1
89 118 0 0
88 118 0 0
87 118 0 0
86 118 0 0
85 118 0 0
84 118 0 0
83 118 0 0
82 118 0 0
449 117 0 0
448 117 0 0
447 117 0 0
446 117 0 0
356 117 0 1
355 117 0 1
354 117 0 1
353 117 0 1
352 117 0 1
351 117 0 1
350 117 0 1
349 117 0 1
124 117 0 1
123 117 0 1
122 117 0 1
121 117 0 1
120 117 0 1
119 117 0 1
89 117 0 0
88 117 0 0
87 117 0 0
86 117 0 0
85 117 0 0
84 117 0 0
83 117 0 0
449 116 0 0
448 116 0 0
447 116 0 0
446 116 0 0
357 116 0 1
356 116 0 1
355 116 0 1
354 116 0 1
353 116 0 1
352 116 0 1
351 116 0 1
124 116 0 1
123 116 0 1
122 116 0 1
121 116 0 1
120 116 0 1
90 116 0 0
89 116 0 0
88 116 0 0
87 116 0 0
86 116 0 0
85 116 0 0
449 115 0 0
448 115 0 0
447 115 0 0
446 115 0 0
358 115 0 1
357 115 0 1
356 115 0 1
355 115 0 1
354 115 0 1
353 115 0 1
352 115 0 1
125 115 0 1
124 115 0 1
123 115 0 1
122 115 0 1
121 115 0 1
90 115 0 0
89 115 0 0
88 115 0 0
87 115 0 0
86 115 0 0
85 115 0 0
449 114 0 0
448 114 0 0
447 114 0 0
446 114 0 0
358 114 0 1
357 114 0 1
356 114 0 1
355 114 0 1
354 114 0 1
353 114 0 1
125 114 0 1
124 114 0 1
123 114 0 1
122 114 0 1
121 114 0 1
91 114 0 0
90 114 0 0
89 114 0 0
88 114 0 0
87 114 0 0
86 114 0 0
449 113 0 0
448 113 0 0
447 113 0 0
446 113 0 0
359 113 0 1
358 113 0 1
357 113 0 1
356 113 0 1
355 113 0 1
354 113 0 1
126 113 0 1
125 113 0 1
124 113 0 1
123 113 0 1
122 113 0 1
121 113 0 1
91 113 0 0
90 113 0 0
89 113 0 0
88 113 0 0
87 113 0 0
86 113 0 0
449 112 0 0
448 112 0 0
447 112 0 0
446 112 0 0
360 112 0 1
359 112 0 1
358 112 0 1
357 112 0 1
356 112 0 1
355 112 0 1
126 112 0 1
125 112 0 1
124 112 0 1
123 112 0 1
122 112 0 1
121 112 0 1
91 112 0 0
90 112 0 0
89 112 0 0
88 112 0 0
87 112 0 0
449 111 0 0
448 111 0 0
447 111 0 0
446 111 0 0
361 111 0 1
360 111 0 1
359 111 0 1
358 111 0 1
357 111 0 1
356 111 0 1
355 111 0 1
126 111 0 1
125 111 0 1
124 111 0 1
123 111 0 1
122 111 0 1
91 111 0 0
90 111 0 0
89 111 0 0
88 111 0 0
87 111 0 0
449 110 0 0
448 110 0 0
447 110 0 0
446 110 0 0
362 110 0 1
361 110 0 1
360 110 0 1
359 110 0 1
358 110 0 1
357 110 0 1
356 110 0 1
128 110 0 1
127 110 0 1
126 110 0 1
125 110 0 1
124 110 0 1
123 110 0 1
122 110 0 1
92 110 0 0
91 110 0 0
90 110 0 0
89 110 0 0
88 110 0 0
449 109 0 0
448 109 0 0
447 109 0 0
446 109 0 0
362 109 0 1
361 109 0 1
360 109 0 1
359 109 0 1
358 109 0 1
357 109 0 1
129 109 0 1
128 109 0 1
127 109 0 1
126 109 0 1
125 109 0 1
124 109 0 1
123 109 0 1
122 109 0 1
92 109 0 0
91 109 0 0
90 109 0 0
89 109 0 0
88 109 0 0
449 108 0 0
448 108 0 0
447 108 0 0
446 108 0 0
363 108 0 1
362 108 0 1
361 108 0 1
360 108 0 1
359 108 0 1
358 108 0 1
129 108 0 1
128 108 0 1
127 108 0 1
126 108 0 1
125 108 0 1
124 108 0 1
123 108 0 1
93 108 0 0
92 108 0 0
91 108 0 0
90 108 0 0
89 108 0 0
88 108 0 0
449 107 0 0
448 107 0 0
447 107 0 0
446 107 0 0
363 107 0 1
362 107 0 1
361 107 0 1
360 107 0 1
359 107 0 1
358 107 0 1
129 107 0 1
128 107 0 1
127 107 0 1
126 107 0 1
125 107 0 1
124 107 0 1
93 107 0 0
92 107 0 0
91 107 0 0
90 107 0 0
89 107 0 0
88 107 0 0
449 106 0 0
448 106 0 0
447 106 0 0
446 106 0 0
363 106 0 1
362 106 0 1
361 106 0 1
360 106 0 1
359 106 0 1
130 106 0 1
129 106 0 1
128 106 0 1
127 106 0 1
126 106 0 1
125 106 0 1
95 106 0 0
94 106 0 0
93 106 0 0
92 106 0 0
91 106 0 0
90 106 0 0
89 106 0 0
449 105 0 0
448 105 0 0
447 105 0 0
446 105 0 0
363 105 0 1
362 105 0 1
361 105 0 1
360 105 0 1
131 105 0 1
130 105 0 1
129 105 0 1
128 105 0 1
127 105 0 1
126 105 0 1
96 105 0 0
95 105 0 0
94 105 0 0
93 105 0 0
92 105 0 0
91 105 0 0
90 105 0 0
89 105 0 0
449 104 0 0
448 104 0 0
447 104 0 0
446 104 0 0
363 104 0 1
362 104 0 1
361 104 0 1
360 104 0 1
131 104 0 1
130 104 0 1
129 104 0 1
128 104 0 1
127 104 0 1
126 104 0 1
96 104 0 0
95 104 0 0
94 104 0 0
93 104 0 0
92 104 0 0
91 104 0 0
90 104 0 0
449 103 0 0
448 103 0 0
447 103 0 0
446 103 0 0
363 103 0 1
362 103 0 1
361 103 0 1
360 103 0 1
131 103 0 1
130 103 0 1
129 103 0 1
128 103 0 1
127 103 0 1
97 103 0 0
96 103 0 0
95 103 0 0
94 103 0 0
93 103 0 0
92 103 0 0
91 103 0 0
449 102 0 0
448 102 0 0
447 102 0 0
446 102 0 0
363 102 0 1
362 102 0 1
361 102 0 1
360 102 0 1
131 102 0 1
130 102 0 1
129 102 0 1
128 102 0 1
97 102 0 0
96 102 0 0
95 102 0 0
94 102 0 0
93 102 0 0
92 102 0 0
449 101 0 0
448 101 0 0
447 101 0 0
446 101 0 0
363 101 0 1
362 101 0 1
361 101 0 1
360 101 0 1
131 101 0 1
130 101 0 1
129 101 0 1
128 101 0 1
98 101 0 0
97 101 0 0
96 101 0 0
95 101 0 0
94 101 0 0
93 101 0 0
449 100 0 0
448 100 0 0
447 100 0 0
446 100 0 0
363 100 0 1
362 100 0 1
361 100 0 1
360 100 0 1
98 100 0 0
97 100 0 0
96 100 0 0
95 100 0 0
94 100 0 0
93 100 0 0
449 99 0 0
448 99 0 0
447 99 0 0
446 99 0 0
418 99 0 1
417 99 0 1
416 99 0 1
415 99 0 1
414 99 0 1
413 99 0 1
363 99 0 1
362 99 0 1
361 99 0 1
360 99 0 1
98 99 0 0
97 99 0 0
96 99 0 0
95 99 0 0
94 99 0 0
449 98 0 0
448 98 0 0
447 98 0 0
446 98 0 0
418 98 0 1
417 98 0 1
416 98 0 1
415 98 0 1
414 98 0 1
413 98 0 1
412 98 0 1
363 98 0 1
362 98 0 1
361 98 0 1
360 98 0 1
98 98 0 0
97 98 0 0
96 98 0 0
95 98 0 0
94 98 0 0
449 97 0 0
448 97 0 0
447 97 0 0
446 97 0 0
418 97 0 1
417 97 0 1
416 97 0 1
415 97 0 1
414 97 0 1
413 97 0 1
412 97 0 1
411 97 0 1
363 97 0 1
362 97 0 1
361 97 0 1
360 97 0 1
99 97 0 0
98 97 0 0
97 97 0 0
96 97 0 0
95 97 0 0
94 97 0 0
449 96 0 0
448 96 0 0
447 96 0 0
446 96 0 0
418 96 0 1
417 96 0 1
416 96 0 1
415 96 0 1
414 96 0 1
413 96 0 1
412 96 0 1
411 96 0 1
410 96 0 1
409 96 0 1
363 96 0 1
362 96 0 1
361 96 0 1
360 96 0 1
99 96 0 0
98 96 0 0
97 96 0 0
96 96 0 0
95 96 0 0
94 96 0 0
449 95 0 0
448 95 0 0
447 95 0 0
446 95 0 0
416 95 0 1
415 95 0 1
414 95 0 1
413 95 0 1
412 95 0 1
411 95 0 1
410 95 0 1
409 95 0 1
408 95 0 1
363 95 0 1
362 95 0 1
361 95 0 1
360 95 0 1
100 95 0 0
99 95 0 0
98 95 0 0
97 95 0 0
96 95 0 0
95 95 0 0
449 94 0 0
448 94 0 0
447 94 0 0
446 94 0 0
414 94 0 1
413 94 0 1
412 94 0 1
411 94 0 1
410 94 0 1
409 94 0 1
408 94 0 1
407 94 0 1
363 94 0 1
362 94 0 1
361 94 0 1
360 94 0 1
100 94 0 0
99 94 0 0
98 94 0 0
97 94 0 0
96 94 0 0
95 94 0 0
449 93 0 0
448 93 0 0
447 93 0 0
446 93 0 0
413 93 0 1
412 93 0 1
411 93 0 1
410 93 0 1
409 93 0 1
408 93 0 1
407 93 0 1
406 93 0 1
363 93 0 1
362 93 0 1
361 93 0 1
360 93 0 1
101 93 0 0
100 93 0 0
99 93 0 0
98 93 0 0
97 93 0 0
96 93 0 0
449 92 0 0
448 92 0 0
447 92 0 0
446 92 0 0
411 92 0 1
410 92 0 1
409 92 0 1
408 92 0 1
407 92 0 1
406 92 0 1
405 92 0 1
363 92 0 1
362 92 0 1
361 92 0 1
360 92 0 1
101 92 0 0
100 92 0 0
99 92 0 0
98 92 0 0
97 92 0 0
96 92 0 0
449 91 0 0
448 91 0 0
447 91 0 0
446 91 0 0
410 91 0 1
409 91 0 1
408 91 0 1
407 91 0 1
406 91 0 1
405 91 0 1
404 91 0 1
363 91 0 1
362 91 0 1
361 91 0 1
360 91 0 1
102 91 0 0
101 91 0 0
100 91 0 0
99 91 0 0
98 91 0 0
97 91 0 0
449 90 0 0
448 90 0 0
447 90 0 0
446 90 0 0
409 90 0 1
408 90 0 1
407 90 0 1
406 90 0 1
405 90 0 1
404 90 0 1
403 90 0 1
363 90 0 1
362 90 0 1
361 90 0 1
360 90 0 1
102 90 0 0
101 90 0 0
100 90 0 0
99 90 0 0
98 90 0 0
97 90 0 0
449 89 0 0
448 89 0 0
447 89 0 0
446 89 0 0
408 89 0 1
407 89 0 1
406 89 0 1
405 89 0 1
404 89 0 1
403 89 0 1
402 89 0 1
363 89 0 1
362 89 0 1
361 89 0 1
360 89 0 1
102 89 0 0
101 89 0 0
100 89 0 0
99 89 0 0
98 89 0 0
97 89 0 0
449 88 0 0
448 88 0 0
447 88 0 0
446 88 0 0
407 88 0 1
406 88 0 1
405 88 0 1
404 88 0 1
403 88 0 1
402 88 0 1
401 88 0 1
363 88 0 1
362 88 0 1
361 88 0 1
360 88 0 1
103 88 0 0
102 88 0 0
101 88 0 0
100 88 0 0
99 88 0 0
98 88 0 0
449 87 0 0
448 87 0 0
447 87 0 0
446 87 0 0
406 87 0 1
405 87 0 1
404 87 0 1
403 87 0 1
402 87 0 1
401 87 0 1
400 87 0 1
363 87 0 1
362 87 0 1
361 87 0 1
360 87 0 1
103 87 0 0
102 87 0 0
101 87 0 0
100 87 0 0
99 87 0 0
449 86 0 0
448 86 0 0
447 86 0 0
446 86 0 0
405 86 0 1
404 86 0 1
403 86 0 1
402 86 0 1
401 86 0 1
400 86 0 1
399 86 0 1
363 86 0 1
362 86 0 1
361 86 0 1
360 86 0 1
104 86 0 0
103 86 0 0
102 86 0 0
101 86 0 0
100 86 0 0
99 86 0 0
449 85 0 0
448 85 0 0
447 85 0 0
446 85 0 0
404 85 0 1
403 85 0 1
402 85 0 1
401 85 0 1
400 85 0 1
399 85 0 1
398 85 0 1
363 85 0 1
362 85 0 1
361 85 0 1
360 85 0 1
104 85 0 0
103 85 0 0
102 85 0 0
101 85 0 0
100 85 0 0
99 85 0 0
449 84 0 0
448 84 0 0
447 84 0 0
446 84 0 0
404 84 0 1
403 84 0 1
402 84 0 1
401 84 0 1
400 84 0 1
399 84 0 1
398 84 0 1
363 84 0 1
362 84 0 1
361 84 0 1
360 84 0 1
105 84 0 0
104 84 0 0
103 84 0 0
102 84 0 0
101 84 0 0
100 84 0 0
449 83 0 0
448 83 0 0
447 83 0 0
446 83 0 0
403 83 0 1
402 83 0 1
401 83 0 1
400 83 0 1
399 83 0 1
398 83 0 1
397 83 0 1
363 83 0 1
362 83 0 1
361 83 0 1
360 83 0 1
105 83 0 0
104 83 0 0
103 83 0 0
102 83 0 0
101 83 0 0
100 83 0 0
449 82 0 0
448 82 0 0
447 82 0 0
446 82 0 0
402 82 0 1
401 82 0 1
400 82 0 1
399 82 0 1
398 82 0 1
397 82 0 1
396 82 0 1
363 82 0 1
362 82 0 1
361 82 0 1
360 82 0 1
106 82 0 0
105 82 0 0
104 82 0 0
103 82 0 0
102 82 0 0
101 82 0 0
449 81 0 0
448 81 0 0
447 81 0 0
446 81 0 0
401 81 0 1
400 81 0 1
399 81 0 1
398 81 0 1
397 81 0 1
396 81 0 1
363 81 0 1
362 81 0 1
361 81 0 1
360 81 0 1
106 81 0 0
105 81 0 0
104 81 0 0
103 81 0 0
102 81 0 0
101 81 0 0
449 80 0 0
448 80 0 0
447 80 0 0
446 80 0 0
400 80 0 1
399 80 0 1
398 80 0 1
397 80 0 1
396 80 0 1
395 80 0 1
363 80 0 1
362 80 0 1
361 80 0 1
360 80 0 1
107 80 0 0
106 80 0 0
105 80 0 0
104 80 0 0
103 80 0 0
102 80 0 0
449 79 0 0
448 79 0 0
447 79 0 0
446 79 0 0
399 79 0 1
398 79 0 1
397 79 0 1
396 79 0 1
395 79 0 1
394 79 0 1
363 79 0 1
362 79 0 1
361 79 0 1
360 79 0 1
107 79 0 0
106 79 0 0
105 79 0 0
104 79 0 0
103 79 0 0
102 79 0 0
449 78 0 0
448 78 0 0
447 78 0 0
446 78 0 0
399 78 0 1
398 78 0 1
397 78 0 1
396 78 0 1
395 78 0 1
394 78 0 1
393 78 0 1
363 78 0 1
362 78 0 1
361 78 0 1
360 78 0 1
108 78 0 0
107 78 0 0
106 78 0 0
105 78 0 0
104 78 0 0
103 78 0 0
449 77 0 0
448 77 0 0
447 77 0 0
446 77 0 0
398 77 0 1
397 77 0 1
396 77 0 1
395 77 0 1
394 77 0 1
393 77 0 1
392 77 0 1
363 77 0 1
362 77 0 1
361 77 0 1
360 77 0 1
108 77 0 0
107 77 0 0
106 77 0 0
105 77 0 0
104 77 0 0
103 77 0 0
449 76 0 0
448 76 0 0
447 76 0 0
446 76 0 0
397 76 0 1
396 76 0 1
395 76 0 1
394 76 0 1
393 76 0 1
392 76 0 1
363 76 0 1
362 76 0 1
361 76 0 1
360 76 0 1
109 76 0 0
108 76 0 0
107 76 0 0
106 76 0 0
105 76 0 0
104 76 0 0
449 75 0 0
448 75 0 0
447 75 0 0
446 75 0 0
396 75 0 1
395 75 0 1
394 75 0 1
393 75 0 1
392 75 0 1
391 75 0 1
390 75 0 1
389 75 0 1
363 75 0 1
362 75 0 1
361 75 0 1
360 75 0 1
109 75 0 0
108 75 0 0
107 75 0 0
106 75 0 0
105 75 0 0
449 74 0 0
448 74 0 0
447 74 0 0
446 74 0 0
396 74 0 1
395 74 0 1
394 74 0 1
393 74 0 1
392 74 0 1
391 74 0 1
390 74 0 1
389 74 0 1
388 74 0 1
363 74 0 1
362 74 0 1
361 74 0 1
360 74 0 1
110 74 0 0
109 74 0 0
108 74 0 0
107 74 0 0
106 74 0 0
105 74 0 0
449 73 0 0
448 73 0 0
447 73 0 0
446 73 0 0
395 73 0 1
394 73 0 1
393 73 0 1
392 73 0 1
391 73 0 1
390 73 0 1
389 73 0 1
388 73 0 1
387 73 0 1
363 73 0 1
362 73 0 1
361 73 0 1
360 73 0 1
111 73 0 0
110 73 0 0
109 73 0 0
108 73 0 0
107 73 0 0
106 73 0 0
449 72 0 0
448 72 0 0
447 72 0 0
446 72 0 0
394 72 0 1
393 72 0 1
392 72 0 1
391 72 0 1
390 72 0 1
389 72 0 1
388 72 0 1
387 72 0 1
386 72 0 1
385 72 0 1
363 72 0 1
362 72 0 1
361 72 0 1
360 72 0 1
111 72 0 0
110 72 0 0
109 72 0 0
108 72 0 0
107 72 0 0
106 72 0 0
449 71 0 0
448 71 0 0
447 71 0 0
446 71 0 0
392 71 0 1
391 71 0 1
390 71 0 1
389 71 0 1
388 71 0 1
387 71 0 1
386 71 0 1
385 71 0 1
384 71 0 1
363 71 0 1
362 71 0 1
361 71 0 1
360 71 0 1
112 71 0 0
111 71 0 0
110 71 0 0
109 71 0 0
108 71 0 0
107 71 0 0
449 70 0 0
448 70 0 0
447 70 0 0
446 70 0 0
391 70 0 1
390 70 0 1
389 70 0 1
388 70 0 1
387 70 0 1
386 70 0 1
385 70 0 1
384 70 0 1
383 70 0 1
363 70 0 1
362 70 0 1
361 70 0 1
360 70 0 1
112 70 0 0
111 70 0 0
110 70 0 0
109 70 0 0
108 70 0 0
107 70 0 0
449 69 0 0
448 69 0 0
447 69 0 0
446 69 0 0
390 69 0 1
389 69 0 1
388 69 0 1
387 69 0 1
386 69 0 1
385 69 0 1
384 69 0 1
383 69 0 1
382 69 0 1
364 69 0 1
363 69 0 1
362 69 0 1
361 69 0 1
360 69 0 1
113 69 0 0
112 69 0 0
111 69 0 0
110 69 0 0
109 69 0 0
108 69 0 0
449 68 0 0
448 68 0 0
447 68 0 0
446 68 0 0
388 68 0 1
387 68 0 1
386 68 0 1
385 68 0 1
384 68 0 1
383 68 0 1
382 68 0 1
364 68 0 1
363 68 0 1
362 68 0 1
361 68 0 1
360 68 0 1
113 68 0 0
112 68 0 0
111 68 0 0
110 68 0 0
109 68 0 0
108 68 0 0
449 67 0 0
448 67 0 0
447 67 0 0
446 67 0 0
386 67 0 1
385 67 0 1
384 67 0 1
383 67 0 1
382 67 0 1
381 67 0 1
364 67 0 1
363 67 0 1
362 67 0 1
361 67 0 1
360 67 0 1
114 67 0 0
113 67 0 0
112 67 0 0
111 67 0 0
110 67 0 0
109 67 0 0
449 66 0 0
448 66 0 0
447 66 0 0
446 66 0 0
386 66 0 1
385 66 0 1
384 66 0 1
383 66 0 1
382 66 0 1
381 66 0 1
364 66 0 1
363 66 0 1
362 66 0 1
361 66 0 1
360 66 0 1
115 66 0 0
114 66 0 0
113 66 0 0
112 66 0 0
111 66 0 0
110 66 0 0
109 66 0 0
449 65 0 0
448 65 0 0
447 65 0 0
446 65 0 0
385 65 0 1
384 65 0 1
383 65 0 1
382 65 0 1
381 65 0 1
380 65 0 1
364 65 0 1
363 65 0 1
362 65 0 1
361 65 0 1
360 65 0 1
115 65 0 0
114 65 0 0
113 65 0 0
112 65 0 0
111 65 0 0
110 65 0 0
449 64 0 0
448 64 0 0
447 64 0 0
446 64 0 0
384 64 0 1
383 64 0 1
382 64 0 1
381 64 0 1
380 64 0 1
364 64 0 1
363 64 0 1
362 64 0 1
361 64 0 1
116 64 0 0
115 64 0 0
114 64 0 0
113 64 0 0
112 64 0 0
111 64 0 0
449 63 0 0
448 63 0 0
447 63 0 0
446 63 0 0
384 63 0 1
383 63 0 1
382 63 0 1
381 63 0 1
380 63 0 1
379 63 0 1
365 63 0 1
364 63 0 1
363 63 0 1
362 63 0 1
361 63 0 1
117 63 0 0
116 63 0 0
115 63 0 0
114 63 0 0
113 63 0 0
112 63 0 0
111 63 0 0
449 62 0 0
448 62 0 0
447 62 0 0
446 62 0 0
384 62 0 1
383 62 0 1
382 62 0 1
381 62 0 1
380 62 0 1
379 62 0 1
365 62 0 1
364 62 0 1
363 62 0 1
362 62 0 1
361 62 0 1
117 62 0 0
116 62 0 0
115 62 0 0
114 62 0 0
113 62 0 0
112 62 0 0
449 61 0 0
448 61 0 0
447 61 0 0
446 61 0 0
383 61 0 1
382 61 0 1
381 61 0 1
380 61 0 1
379 61 0 1
378 61 0 1
365 61 0 1
364 61 0 1
363 61 0 1
362 61 0 1
361 61 0 1
118 61 0 0
117 61 0 0
116 61 0 0
115 61 0 0
114 61 0 0
113 61 0 0
449 60 0 0
448 60 0 0
447 60 0 0
446 60 0 0
383 60 0 1
382 60 0 1
381 60 0 1
380 60 0 1
379 60 0 1
378 60 0 1
365 60 0 1
364 60 0 1
363 60 0 1
362 60 0 1
361 60 0 1
118 60 0 0
117 60 0 0
116 60 0 0
115 60 0 0
114 60 0 0
113 60 0 0
449 59 0 0
448 59 0 0
447 59 0 0
446 59 0 0
382 59 0 1
381 59 0 1
380 59 0 1
379 59 0 1
378 59 0 1
377 59 0 1
366 59 0 1
365 59 0 1
364 59 0 1
363 59 0 1
362 59 0 1
361 59 0 1
119 59 0 0
118 59 0 0
117 59 0 0
116 59 0 0
115 59 0 0
114 59 0 0
449 58 0 0
448 58 0 0
447 58 0 0
446 58 0 0
382 58 0 1
381 58 0 1
380 58 0 1
379 58 0 1
378 58 0 1
377 58 0 1
366 58 0 1
365 58 0 1
364 58 0 1
363 58 0 1
362 58 0 1
361 58 0 1
120 58 0 0
119 58 0 0
118 58 0 0
117 58 0 0
116 58 0 0
115 58 0 0
114 58 0 0
449 57 0 0
448 57 0 0
447 57 0 0
446 57 0 0
381 57 0 1
380 57 0 1
379 57 0 1
378 57 0 1
377 57 0 1
376 57 0 1
366 57 0 1
365 57 0 1
364 57 0 1
363 57 0 1
362 57 0 1
120 57 0 0
119 57 0 0
118 57 0 0
117 57 0 0
116 57 0 0
115 57 0 0
449 56 0 0
448 56 0 0
447 56 0 0
446 56 0 0
381 56 0 1
380 56 0 1
379 56 0 1
378 56 0 1
377 56 0 1
376 56 0 1
375 56 0 1
366 56 0 1
365 56 0 1
364 56 0 1
363 56 0 1
362 56 0 1
121 56 0 0
120 56 0 0
119 56 0 0
118 56 0 0
117 56 0 0
116 56 0 0
449 55 0 0
448 55 0 0
447 55 0 0
446 55 0 0
380 55 0 1
379 55 0 1
378 55 0 1
377 55 0 1
376 55 0 1
375 55 0 1
374 55 0 1
366 55 0 1
365 55 0 1
364 55 0 1
363 55 0 1
362 55 0 1
122 55 0 0
121 55 0 0
120 55 0 0
119 55 0 0
118 55 0 0
117 55 0 0
116 55 0 0
449 54 0 0
448 54 0 0
447 54 0 0
446 54 0 0
379 54 0 1
378 54 0 1
377 54 0 1
376 54 0 1
375 54 0 1
374 54 0 1
366 54 0 1
365 54 0 1
364 54 0 1
363 54 0 1
362 54 0 1
122 54 0 0
121 54 0 0
120 54 0 0
119 54 0 0
118 54 0 0
117 54 0 0
449 53 0 0
448 53 0 0
447 53 0 0
446 53 0 0
378 53 0 1
377 53 0 1
376 53 0 1
375 53 0 1
374 53 0 1
366 53 0 1
365 53 0 1
364 53 0 1
363 53 0 1
123 53 0 0
122 53 0 0
121 53 0 0
120 53 0 0
119 53 0 0
118 53 0 0
449 52 0 0
448 52 0 0
447 52 0 0
446 52 0 0
378 52 0 1
377 52 0 1
376 52 0 1
375 52 0 1
374 52 0 1
373 52 0 1
366 52 0 1
365 52 0 1
364 52 0 1
363 52 0 1
123 52 0 0
122 52 0 0
121 52 0 0
120 52 0 0
119 52 0 0
118 52 0 0
449 51 0 0
448 51 0 0
447 51 0 0
446 51 0 0
378 51 0 1
377 51 0 1
376 51 0 1
375 51 0 1
374 51 0 1
373 51 0 1
372 51 0 1
367 51 0 1
366 51 0 1
365 51 0 1
364 51 0 1
363 51 0 1
124 51 0 0
123 51 0 0
122 51 0 0
121 51 0 0
120 51 0 0
119 51 0 0
449 50 0 0
448 50 0 0
447 50 0 0
446 50 0 0
377 50 0 1
376 50 0 1
375 50 0 1
374 50 0 1
373 50 0 1
372 50 0 1
371 50 0 1
368 50 0 1
367 50 0 1
366 50 0 1
365 50 0 1
364 50 0 1
363 50 0 1
125 50 0 0
124 50 0 0
123 50 0 0
122 50 0 0
121 50 0 0
120 50 0 0
449 49 0 0
448 49 0 0
447 49 0 0
446 49 0 0
376 49 0 1
375 49 0 1
374 49 0 1
373 49 0 1
372 49 0 1
371 49 0 1
370 49 0 1
369 49 0 1
368 49 0 1
367 49 0 1
366 49 0 1
365 49 0 1
364 49 0 1
363 49 0 1
125 49 0 0
124 49 0 0
123 49 0 0
122 49 0 0
121 49 0 0
120 49 0 0
449 48 0 0
448 48 0 0
447 48 0 0
446 48 0 0
375 48 0 1
374 48 0 1
373 48 0 1
372 48 0 1
371 48 0 1
370 48 0 1
369 48 0 1
368 48 0 1
367 48 0 1
366 48 0 1
365 48 0 1
364 48 0 1
126 48 0 0
125 48 0 0
124 48 0 0
123 48 0 0
122 48 0 0
121 48 0 0
449 47 0 0
448 47 0 0
447 47 0 0
446 47 0 0
374 47 0 1
373 47 0 1
372 47 0 1
371 47 0 1
370 47 0 1
369 47 0 1
368 47 0 1
367 47 0 1
366 47 0 1
365 47 0 1
127 47 0 0
126 47 0 0
125 47 0 0
124 47 0 0
123 47 0 0
122 47 0 0
449 46 0 0
448 46 0 0
447 46 0 0
446 46 0 0
373 46 0 1
372 46 0 1
371 46 0 1
370 46 0 1
369 46 0 1
368 46 0 1
367 46 0 1
366 46 0 1
129 46 0 0
128 46 0 0
127 46 0 0
126 46 0 0
125 46 0 0
124 46 0 0
123 46 0 0
122 46 0 0
449 45 0 0
448 45 0 0
447 45 0 0
446 45 0 0
130 45 0 0
129 45 0 0
128 45 0 0
127 45 0 0
126 45 0 0
125 45 0 0
124 45 0 0
123 45 0 0
449 44 0 0
448 44 0 0
447 44 0 0
446 44 0 0
130 44 0 0
129 44 0 0
128 44 0 0
127 44 0 0
126 44 0 0
125 44 0 0
124 44 0 0
449 43 0 0
448 43 0 0
447 43 0 0
446 43 0 0
130 43 0 0
129 43 0 0
128 43 0 0
127 43 0 0
126 43 0 0
125 43 0 0
449 42 0 0
448 42 0 0
447 42 0 0
446 42 0 0
130 42 0 0
129 42 0 0
128 42 0 0
127 42 0 0
449 41 0 0
448 41 0 0
447 41 0 0
446 41 0 0
449 40 0 0
448 40 0 0
447 40 0 0
446 40 0 0
449 39 0 0
448 39 0 0
447 39 0 0
446 39 0 0
449 38 0 0
448 38 0 0
447 38 0 0
446 38 0 0
449 37 0 0
448 37 0 0
447 37 0 0
446 37 0 0
449 36 0 0
448 36 0 0
447 36 0 0
446 36 0 0
449 35 0 0
448 35 0 0
447 35 0 0
446 35 0 0
449 34 0 0
448 34 0 0
447 34 0 0
446 34 0 0
449 33 0 0
448 33 0 0
447 33 0 0
446 33 0 0
449 32 0 0
448 32 0 0
447 32 0 0
446 32 0 0
449 31 0 0
448 31 0 0
447 31 0 0
446 31 0 0
449 30 0 0
448 30 0 0
447 30 0 0
446 30 0 0
449 29 0 0
448 29 0 0
447 29 0 0
446 29 0 0
449 28 0 0
448 28 0 0
447 28 0 0
446 28 0 0
449 27 0 0
448 27 0 0
447 27 0 0
446 27 0 0
449 26 0 0
448 26 0 0
447 26 0 0
446 26 0 0
449 25 0 0
448 25 0 0
447 25 0 0
446 25 0 0
449 24 0 0
448 24 0 0
447 24 0 0
446 24 0 0
