4472 481 321
404 281 0 0
403 281 0 0
402 281 0 0
401 281 0 0
404 280 0 0
403 280 0 0
402 280 0 0
401 280 0 0
404 279 0 0
403 279 0 0
402 279 0 0
401 279 0 0
404 278 0 0
403 278 0 0
402 278 0 0
401 278 0 0
404 277 0 0
403 277 0 0
402 277 0 0
401 277 0 0
404 276 0 0
403 276 0 0
402 276 0 0
401 276 0 0
404 275 0 0
403 275 0 0
402 275 0 0
401 275 0 0
400 275 0 0
404 274 0 0
403 274 0 0
402 274 0 0
401 274 0 0
400 274 0 0
404 273 0 0
403 273 0 0
402 273 0 0
401 273 0 0
400 273 0 0
399 273 0 0
404 272 0 0
403 272 0 0
402 272 0 0
401 272 0 0
400 272 0 0
399 272 0 0
403 271 0 0
402 271 0 0
401 271 0 0
400 271 0 0
399 271 0 0
398 271 0 0
402 270 0 0
401 270 0 0
400 270 0 0
399 270 0 0
398 270 0 0
402 269 0 0
401 269 0 0
400 269 0 0
399 269 0 0
398 269 0 0
401 268 0 0
400 268 0 0
399 268 0 0
398 268 0 0
401 267 0 0
400 267 0 0
399 267 0 0
398 267 0 0
397 267 0 0
401 266 0 0
400 266 0 0
399 266 0 0
398 266 0 0
397 266 0 0
401 265 0 0
400 265 0 0
399 265 0 0
398 265 0 0
397 265 0 0
401 264 0 0
400 264 0 0
399 264 0 0
398 264 0 0
397 264 0 0
400 263 0 0
399 263 0 0
398 263 0 0
397 263 0 0
400 262 0 0
399 262 0 0
398 262 0 0
397 262 0 0
400 261 0 0
399 261 0 0
398 261 0 0
397 261 0 0
396 261 0 0
400 260 0 0
399 260 0 0
398 260 0 0
397 260 0 0
396 260 0 0
395 260 0 0
400 259 0 0
399 259 0 0
398 259 0 0
397 259 0 0
396 259 0 0
395 259 0 0
394 259 0 0
399 258 0 0
398 258 0 0
397 258 0 0
396 258 0 0
395 258 0 0
394 258 0 0
393 258 0 0
398 257 0 0
397 257 0 0
396 257 0 0
395 257 0 0
394 257 0 0
393 257 0 0
392 257 0 0
397 256 0 0
396 256 0 0
395 256 0 0
394 256 0 0
393 256 0 0
392 256 0 0
391 256 0 0
390 256 0 0
396 255 0 0
395 255 0 0
394 255 0 0
393 255 0 0
392 255 0 0
391 255 0 0
390 255 0 0
389 255 0 0
395 254 0 0
394 254 0 0
393 254 0 0
392 254 0 0
391 254 0 0
390 254 0 0
389 254 0 0
388 254 0 0
394 253 0 0
393 253 0 0
392 253 0 0
391 253 0 0
390 253 0 0
389 253 0 0
388 253 0 0
387 253 0 0
393 252 0 0
392 252 0 0
391 252 0 0
390 252 0 0
389 252 0 0
388 252 0 0
387 252 0 0
386 252 0 0
385 252 0 0
391 251 0 0
390 251 0 0
389 251 0 0
388 251 0 0
387 251 0 0
386 251 0 0
385 251 0 0
384 251 0 0
383 251 0 0
390 250 0 0
389 250 0 0
388 250 0 0
387 250 0 0
386 250 0 0
385 250 0 0
384 250 0 0
383 250 0 0
382 250 0 0
389 249 0 0
388 249 0 0
387 249 0 0
386 249 0 0
385 249 0 0
384 249 0 0
383 249 0 0
382 249 0 0
381 249 0 0
388 248 0 0
387 248 0 0
386 248 0 0
385 248 0 0
384 248 0 0
383 248 0 0
382 248 0 0
381 248 0 0
380 248 0 0
386 247 0 0
385 247 0 0
384 247 0 0
383 247 0 0
382 247 0 0
381 247 0 0
380 247 0 0
379 247 0 0
385 246 0 0
384 246 0 0
383 246 0 0
382 246 0 0
381 246 0 0
380 246 0 0
379 246 0 0
378 246 0 0
383 245 0 0
382 245 0 0
381 245 0 0
380 245 0 0
379 245 0 0
378 245 0 0
377 245 0 0
376 245 0 0
382 244 0 0
381 244 0 0
380 244 0 0
379 244 0 0
378 244 0 0
377 244 0 0
376 244 0 0
375 244 0 0
374 244 0 0
381 243 0 0
380 243 0 0
379 243 0 0
378 243 0 0
377 243 0 0
376 243 0 0
375 243 0 0
374 243 0 0
373 243 0 0
372 243 0 0
371 243 0 0
380 242 0 0
379 242 0 0
378 242 0 0
377 242 0 0
376 242 0 0
375 242 0 0
374 242 0 0
373 242 0 0
372 242 0 0
371 242 0 0
370 242 0 0
369 242 0 0
379 241 0 0
378 241 0 0
377 241 0 0
376 241 0 0
375 241 0 0
374 241 0 0
373 241 0 0
372 241 0 0
371 241 0 0
370 241 0 0
369 241 0 0
368 241 0 0
377 240 0 0
376 240 0 0
375 240 0 0
374 240 0 0
373 240 0 0
372 240 0 0
371 240 0 0
370 240 0 0
369 240 0 0
368 240 0 0
367 240 0 0
374 239 0 0
373 239 0 0
372 239 0 0
371 239 0 0
370 239 0 0
369 239 0 0
368 239 0 0
367 239 0 0
366 239 0 0
365 239 0 0
372 238 0 0
371 238 0 0
370 238 0 0
369 238 0 0
368 238 0 0
367 238 0 0
366 238 0 0
365 238 0 0
364 238 0 0
371 237 0 0
370 237 0 0
369 237 0 0
368 237 0 0
367 237 0 0
366 237 0 0
365 237 0 0
364 237 0 0
363 237 0 0
370 236 0 0
369 236 0 0
368 236 0 0
367 236 0 0
366 236 0 0
365 236 0 0
364 236 0 0
363 236 0 0
368 235 0 0
367 235 0 0
366 235 0 0
365 235 0 0
364 235 0 0
363 235 0 0
362 235 0 0
361 235 0 0
367 234 0 0
366 234 0 0
365 234 0 0
364 234 0 0
363 234 0 0
362 234 0 0
361 234 0 0
360 234 0 0
366 233 0 0
365 233 0 0
364 233 0 0
363 233 0 0
362 233 0 0
361 233 0 0
360 233 0 0
359 233 0 0
365 232 0 0
364 232 0 0
363 232 0 0
362 232 0 0
361 232 0 0
360 232 0 0
359 232 0 0
358 232 0 0
364 231 0 0
363 231 0 0
362 231 0 0
361 231 0 0
360 231 0 0
359 231 0 0
358 231 0 0
357 231 0 0
362 230 0 0
361 230 0 0
360 230 0 0
359 230 0 0
358 230 0 0
357 230 0 0
361 229 0 0
360 229 0 0
359 229 0 0
358 229 0 0
357 229 0 0
356 229 0 0
361 228 0 0
360 228 0 0
359 228 0 0
358 228 0 0
357 228 0 0
356 228 0 0
355 228 0 0
360 227 0 0
359 227 0 0
358 227 0 0
357 227 0 0
356 227 0 0
355 227 0 0
354 227 0 0
359 226 0 0
358 226 0 0
357 226 0 0
356 226 0 0
355 226 0 0
354 226 0 0
353 226 0 0
358 225 0 0
357 225 0 0
356 225 0 0
355 225 0 0
354 225 0 0
353 225 0 0
357 224 0 0
356 224 0 0
355 224 0 0
354 224 0 0
353 224 0 0
352 224 0 0
356 223 0 0
355 223 0 0
354 223 0 0
353 223 0 0
352 223 0 0
356 222 0 0
355 222 0 0
354 222 0 0
353 222 0 0
352 222 0 0
356 221 0 0
355 221 0 0
354 221 0 0
353 221 0 0
352 221 0 0
356 220 0 0
355 220 0 0
354 220 0 0
353 220 0 0
352 220 0 0
351 220 0 0
356 219 0 0
355 219 0 0
354 219 0 0
353 219 0 0
352 219 0 0
351 219 0 0
86 219 0 0
85 219 0 0
84 219 0 0
83 219 0 0
82 219 0 0
355 218 0 0
354 218 0 0
353 218 0 0
352 218 0 0
351 218 0 0
86 218 0 0
85 218 0 0
84 218 0 0
83 218 0 0
82 218 0 0
81 218 0 0
355 217 0 0
354 217 0 0
353 217 0 0
352 217 0 0
351 217 0 0
86 217 0 0
85 217 0 0
84 217 0 0
83 217 0 0
82 217 0 0
81 217 0 0
80 217 0 0
355 216 0 0
354 216 0 0
353 216 0 0
352 216 0 0
351 216 0 0
86 216 0 0
85 216 0 0
84 216 0 0
83 216 0 0
82 216 0 0
81 216 0 0
80 216 0 0
355 215 0 0
354 215 0 0
353 215 0 0
352 215 0 0
351 215 0 0
84 215 0 0
83 215 0 0
82 215 0 0
81 215 0 0
80 215 0 0
79 215 0 0
354 214 0 0
353 214 0 0
352 214 0 0
351 214 0 0
83 214 0 0
82 214 0 0
81 214 0 0
80 214 0 0
79 214 0 0
78 214 0 0
354 213 0 0
353 213 0 0
352 213 0 0
351 213 0 0
83 213 0 0
82 213 0 0
81 213 0 0
80 213 0 0
79 213 0 0
78 213 0 0
354 212 0 0
353 212 0 0
352 212 0 0
351 212 0 0
82 212 0 0
81 212 0 0
80 212 0 0
79 212 0 0
78 212 0 0
77 212 0 0
354 211 0 0
353 211 0 0
352 211 0 0
351 211 0 0
82 211 0 0
81 211 0 0
80 211 0 0
79 211 0 0
78 211 0 0
77 211 0 0
354 210 0 0
353 210 0 0
352 210 0 0
351 210 0 0
81 210 0 0
80 210 0 0
79 210 0 0
78 210 0 0
77 210 0 0
76 210 0 0
354 209 0 0
353 209 0 0
352 209 0 0
351 209 0 0
81 209 0 0
80 209 0 0
79 209 0 0
78 209 0 0
77 209 0 0
76 209 0 0
354 208 0 0
353 208 0 0
352 208 0 0
351 208 0 0
80 208 0 0
79 208 0 0
78 208 0 0
77 208 0 0
76 208 0 0
75 208 0 0
354 207 0 0
353 207 0 0
352 207 0 0
351 207 0 0
80 207 0 0
79 207 0 0
78 207 0 0
77 207 0 0
76 207 0 0
75 207 0 0
354 206 0 0
353 206 0 0
352 206 0 0
351 206 0 0
79 206 0 0
78 206 0 0
77 206 0 0
76 206 0 0
75 206 0 0
354 205 0 0
353 205 0 0
352 205 0 0
351 205 0 0
79 205 0 0
78 205 0 0
77 205 0 0
76 205 0 0
75 205 0 0
74 205 0 0
354 204 0 0
353 204 0 0
352 204 0 0
351 204 0 0
79 204 0 0
78 204 0 0
77 204 0 0
76 204 0 0
75 204 0 0
74 204 0 0
354 203 0 0
353 203 0 0
352 203 0 0
351 203 0 0
78 203 0 0
77 203 0 0
76 203 0 0
75 203 0 0
74 203 0 0
354 202 0 0
353 202 0 0
352 202 0 0
351 202 0 0
78 202 0 0
77 202 0 0
76 202 0 0
75 202 0 0
74 202 0 0
73 202 0 0
354 201 0 0
353 201 0 0
352 201 0 0
351 201 0 0
78 201 0 0
77 201 0 0
76 201 0 0
75 201 0 0
74 201 0 0
73 201 0 0
354 200 0 0
353 200 0 0
352 200 0 0
351 200 0 0
77 200 0 0
76 200 0 0
75 200 0 0
74 200 0 0
73 200 0 0
354 199 0 0
353 199 0 0
352 199 0 0
351 199 0 0
77 199 0 0
76 199 0 0
75 199 0 0
74 199 0 0
73 199 0 0
354 198 0 0
353 198 0 0
352 198 0 0
351 198 0 0
77 198 0 0
76 198 0 0
75 198 0 0
74 198 0 0
73 198 0 0
72 198 0 0
354 197 0 0
353 197 0 0
352 197 0 0
351 197 0 0
76 197 0 0
75 197 0 0
74 197 0 0
73 197 0 0
72 197 0 0
354 196 0 0
353 196 0 0
352 196 0 0
351 196 0 0
76 196 0 0
75 196 0 0
74 196 0 0
73 196 0 0
72 196 0 0
354 195 0 0
353 195 0 0
352 195 0 0
351 195 0 0
76 195 0 0
75 195 0 0
74 195 0 0
73 195 0 0
72 195 0 0
354 194 0 0
353 194 0 0
352 194 0 0
351 194 0 0
76 194 0 0
75 194 0 0
74 194 0 0
73 194 0 0
72 194 0 0
354 193 0 0
353 193 0 0
352 193 0 0
351 193 0 0
76 193 0 0
75 193 0 0
74 193 0 0
73 193 0 0
72 193 0 0
354 192 0 0
353 192 0 0
352 192 0 0
351 192 0 0
75 192 0 0
74 192 0 0
73 192 0 0
72 192 0 0
71 192 0 0
354 191 0 0
353 191 0 0
352 191 0 0
351 191 0 0
75 191 0 0
74 191 0 0
73 191 0 0
72 191 0 0
71 191 0 0
354 190 0 0
353 190 0 0
352 190 0 0
351 190 0 0
75 190 0 0
74 190 0 0
73 190 0 0
72 190 0 0
71 190 0 0
354 189 0 0
353 189 0 0
352 189 0 0
351 189 0 0
75 189 0 0
74 189 0 0
73 189 0 0
72 189 0 0
71 189 0 0
354 188 0 0
353 188 0 0
352 188 0 0
351 188 0 0
350 188 0 0
75 188 0 0
74 188 0 0
73 188 0 0
72 188 0 0
71 188 0 0
354 187 0 0
353 187 0 0
352 187 0 0
351 187 0 0
350 187 0 0
75 187 0 0
74 187 0 0
73 187 0 0
72 187 0 0
71 187 0 0
70 187 0 0
354 186 0 0
353 186 0 0
352 186 0 0
351 186 0 0
350 186 0 0
74 186 0 0
73 186 0 0
72 186 0 0
71 186 0 0
70 186 0 0
354 185 0 0
353 185 0 0
352 185 0 0
351 185 0 0
350 185 0 0
74 185 0 0
73 185 0 0
72 185 0 0
71 185 0 0
70 185 0 0
354 184 0 0
353 184 0 0
352 184 0 0
351 184 0 0
350 184 0 0
349 184 0 0
74 184 0 0
73 184 0 0
72 184 0 0
71 184 0 0
70 184 0 0
353 183 0 0
352 183 0 0
351 183 0 0
350 183 0 0
349 183 0 0
74 183 0 0
73 183 0 0
72 183 0 0
71 183 0 0
70 183 0 0
69 183 0 0
353 182 0 0
352 182 0 0
351 182 0 0
350 182 0 0
349 182 0 0
73 182 0 0
72 182 0 0
71 182 0 0
70 182 0 0
69 182 0 0
353 181 0 0
352 181 0 0
351 181 0 0
350 181 0 0
349 181 0 0
348 181 0 0
73 181 0 0
72 181 0 0
71 181 0 0
70 181 0 0
69 181 0 0
353 180 0 0
352 180 0 0
351 180 0 0
350 180 0 0
349 180 0 0
348 180 0 0
73 180 0 0
72 180 0 0
71 180 0 0
70 180 0 0
69 180 0 0
68 180 0 0
352 179 0 0
351 179 0 0
350 179 0 0
349 179 0 0
348 179 0 0
73 179 0 0
72 179 0 0
71 179 0 0
70 179 0 0
69 179 0 0
68 179 0 0
352 178 0 0
351 178 0 0
350 178 0 0
349 178 0 0
348 178 0 0
347 178 0 0
72 178 0 0
71 178 0 0
70 178 0 0
69 178 0 0
68 178 0 0
352 177 0 0
351 177 0 0
350 177 0 0
349 177 0 0
348 177 0 0
347 177 0 0
72 177 0 0
71 177 0 0
70 177 0 0
69 177 0 0
68 177 0 0
351 176 0 0
350 176 0 0
349 176 0 0
348 176 0 0
347 176 0 0
72 176 0 0
71 176 0 0
70 176 0 0
69 176 0 0
68 176 0 0
67 176 0 0
351 175 0 0
350 175 0 0
349 175 0 0
348 175 0 0
347 175 0 0
346 175 0 0
71 175 0 0
70 175 0 0
69 175 0 0
68 175 0 0
67 175 0 0
351 174 0 0
350 174 0 0
349 174 0 0
348 174 0 0
347 174 0 0
346 174 0 0
71 174 0 0
70 174 0 0
69 174 0 0
68 174 0 0
67 174 0 0
350 173 0 0
349 173 0 0
348 173 0 0
347 173 0 0
346 173 0 0
71 173 0 0
70 173 0 0
69 173 0 0
68 173 0 0
67 173 0 0
66 173 0 0
350 172 0 0
349 172 0 0
348 172 0 0
347 172 0 0
346 172 0 0
71 172 0 0
70 172 0 0
69 172 0 0
68 172 0 0
67 172 0 0
66 172 0 0
350 171 0 0
349 171 0 0
348 171 0 0
347 171 0 0
346 171 0 0
345 171 0 0
70 171 0 0
69 171 0 0
68 171 0 0
67 171 0 0
66 171 0 0
350 170 0 0
349 170 0 0
348 170 0 0
347 170 0 0
346 170 0 0
345 170 0 0
70 170 0 0
69 170 0 0
68 170 0 0
67 170 0 0
66 170 0 0
349 169 0 0
348 169 0 0
347 169 0 0
346 169 0 0
345 169 0 0
70 169 0 0
69 169 0 0
68 169 0 0
67 169 0 0
66 169 0 0
65 169 0 0
349 168 0 0
348 168 0 0
347 168 0 0
346 168 0 0
345 168 0 0
344 168 0 0
224 168 0 0
223 168 0 0
222 168 0 0
221 168 0 0
220 168 0 0
219 168 0 0
218 168 0 0
217 168 0 0
216 168 0 0
215 168 0 0
214 168 0 0
213 168 0 0
212 168 0 0
211 168 0 0
69 168 0 0
68 168 0 0
67 168 0 0
66 168 0 0
65 168 0 0
349 167 0 0
348 167 0 0
347 167 0 0
346 167 0 0
345 167 0 0
344 167 0 0
226 167 0 0
225 167 0 0
224 167 0 0
223 167 0 0
222 167 0 0
221 167 0 0
220 167 0 0
219 167 0 0
218 167 0 0
217 167 0 0
216 167 0 0
215 167 0 0
214 167 0 0
213 167 0 0
212 167 0 0
211 167 0 0
69 167 0 0
68 167 0 0
67 167 0 0
66 167 0 0
65 167 0 0
348 166 0 0
347 166 0 0
346 166 0 0
345 166 0 0
344 166 0 0
228 166 0 0
227 166 0 0
226 166 0 0
225 166 0 0
224 166 0 0
223 166 0 0
222 166 0 0
221 166 0 0
220 166 0 0
219 166 0 0
218 166 0 0
217 166 0 0
216 166 0 0
215 166 0 0
214 166 0 0
213 166 0 0
212 166 0 0
211 166 0 0
69 166 0 0
68 166 0 0
67 166 0 0
66 166 0 0
65 166 0 0
64 166 0 0
348 165 0 0
347 165 0 0
346 165 0 0
345 165 0 0
344 165 0 0
343 165 0 0
231 165 0 0
230 165 0 0
229 165 0 0
228 165 0 0
227 165 0 0
226 165 0 0
225 165 0 0
224 165 0 0
223 165 0 0
222 165 0 0
221 165 0 0
220 165 0 0
219 165 0 0
218 165 0 0
217 165 0 0
216 165 0 0
215 165 0 0
214 165 0 0
213 165 0 0
212 165 0 0
211 165 0 0
68 165 0 0
67 165 0 0
66 165 0 0
65 165 0 0
64 165 0 0
348 164 0 0
347 164 0 0
346 164 0 0
345 164 0 0
344 164 0 0
343 164 0 0
234 164 0 0
233 164 0 0
232 164 0 0
231 164 0 0
230 164 0 0
229 164 0 0
228 164 0 0
227 164 0 0
226 164 0 0
225 164 0 0
224 164 0 0
223 164 0 0
222 164 0 0
221 164 0 0
220 164 0 0
219 164 0 0
68 164 0 0
67 164 0 0
66 164 0 0
65 164 0 0
64 164 0 0
347 163 0 0
346 163 0 0
345 163 0 0
344 163 0 0
343 163 0 0
342 163 0 0
238 163 0 0
237 163 0 0
236 163 0 0
235 163 0 0
234 163 0 0
233 163 0 0
232 163 0 0
231 163 0 0
230 163 0 0
229 163 0 0
228 163 0 0
227 163 0 0
226 163 0 0
225 163 0 0
224 163 0 0
223 163 0 0
68 163 0 0
67 163 0 0
66 163 0 0
65 163 0 0
64 163 0 0
63 163 0 0
347 162 0 0
346 162 0 0
345 162 0 0
344 162 0 0
343 162 0 0
342 162 0 0
242 162 0 0
241 162 0 0
240 162 0 0
239 162 0 0
238 162 0 0
237 162 0 0
236 162 0 0
235 162 0 0
234 162 0 0
233 162 0 0
232 162 0 0
231 162 0 0
230 162 0 0
229 162 0 0
228 162 0 0
227 162 0 0
226 162 0 0
67 162 0 0
66 162 0 0
65 162 0 0
64 162 0 0
63 162 0 0
346 161 0 0
345 161 0 0
344 161 0 0
343 161 0 0
342 161 0 0
341 161 0 0
245 161 0 0
244 161 0 0
243 161 0 0
242 161 0 0
241 161 0 0
240 161 0 0
239 161 0 0
238 161 0 0
237 161 0 0
236 161 0 0
235 161 0 0
234 161 0 0
233 161 0 0
232 161 0 0
231 161 0 0
230 161 0 0
229 161 0 0
228 161 0 0
67 161 0 0
66 161 0 0
65 161 0 0
64 161 0 0
63 161 0 0
346 160 0 0
345 160 0 0
344 160 0 0
343 160 0 0
342 160 0 0
341 160 0 0
248 160 0 0
247 160 0 0
246 160 0 0
245 160 0 0
244 160 0 0
243 160 0 0
242 160 0 0
241 160 0 0
240 160 0 0
239 160 0 0
238 160 0 0
237 160 0 0
236 160 0 0
235 160 0 0
234 160 0 0
233 160 0 0
232 160 0 0
231 160 0 0
230 160 0 0
67 160 0 0
66 160 0 0
65 160 0 0
64 160 0 0
63 160 0 0
62 160 0 0
345 159 0 0
344 159 0 0
343 159 0 0
342 159 0 0
341 159 0 0
340 159 0 0
251 159 0 0
250 159 0 0
249 159 0 0
248 159 0 0
247 159 0 0
246 159 0 0
245 159 0 0
244 159 0 0
243 159 0 0
242 159 0 0
241 159 0 0
240 159 0 0
239 159 0 0
238 159 0 0
237 159 0 0
236 159 0 0
235 159 0 0
234 159 0 0
67 159 0 0
66 159 0 0
65 159 0 0
64 159 0 0
63 159 0 0
62 159 0 0
345 158 0 0
344 158 0 0
343 158 0 0
342 158 0 0
341 158 0 0
340 158 0 0
254 158 0 0
253 158 0 0
252 158 0 0
251 158 0 0
250 158 0 0
249 158 0 0
248 158 0 0
247 158 0 0
246 158 0 0
245 158 0 0
244 158 0 0
243 158 0 0
242 158 0 0
241 158 0 0
240 158 0 0
239 158 0 0
238 158 0 0
237 158 0 0
66 158 0 0
65 158 0 0
64 158 0 0
63 158 0 0
62 158 0 0
61 158 0 0
344 157 0 0
343 157 0 0
342 157 0 0
341 157 0 0
340 157 0 0
339 157 0 0
257 157 0 0
256 157 0 0
255 157 0 0
254 157 0 0
253 157 0 0
252 157 0 0
251 157 0 0
250 157 0 0
249 157 0 0
248 157 0 0
247 157 0 0
246 157 0 0
245 157 0 0
244 157 0 0
243 157 0 0
242 157 0 0
241 157 0 0
66 157 0 0
65 157 0 0
64 157 0 0
63 157 0 0
62 157 0 0
61 157 0 0
344 156 0 0
343 156 0 0
342 156 0 0
341 156 0 0
340 156 0 0
339 156 0 0
260 156 0 0
259 156 0 0
258 156 0 0
257 156 0 0
256 156 0 0
255 156 0 0
254 156 0 0
253 156 0 0
252 156 0 0
251 156 0 0
250 156 0 0
249 156 0 0
248 156 0 0
247 156 0 0
246 156 0 0
245 156 0 0
244 156 0 0
65 156 0 0
64 156 0 0
63 156 0 0
62 156 0 0
61 156 0 0
60 156 0 0
343 155 0 0
342 155 0 0
341 155 0 0
340 155 0 0
339 155 0 0
338 155 0 0
262 155 0 0
261 155 0 0
260 155 0 0
259 155 0 0
258 155 0 0
257 155 0 0
256 155 0 0
255 155 0 0
254 155 0 0
253 155 0 0
252 155 0 0
251 155 0 0
250 155 0 0
249 155 0 0
248 155 0 0
247 155 0 0
65 155 0 0
64 155 0 0
63 155 0 0
62 155 0 0
61 155 0 0
60 155 0 0
343 154 0 0
342 154 0 0
341 154 0 0
340 154 0 0
339 154 0 0
338 154 0 0
337 154 0 0
265 154 0 0
264 154 0 0
263 154 0 0
262 154 0 0
261 154 0 0
260 154 0 0
259 154 0 0
258 154 0 0
257 154 0 0
256 154 0 0
255 154 0 0
254 154 0 0
253 154 0 0
252 154 0 0
251 154 0 0
250 154 0 0
64 154 0 0
63 154 0 0
62 154 0 0
61 154 0 0
60 154 0 0
342 153 0 0
341 153 0 0
340 153 0 0
339 153 0 0
338 153 0 0
337 153 0 0
336 153 0 0
335 153 0 0
267 153 0 0
266 153 0 0
265 153 0 0
264 153 0 0
263 153 0 0
262 153 0 0
261 153 0 0
260 153 0 0
259 153 0 0
258 153 0 0
257 153 0 0
256 153 0 0
255 153 0 0
254 153 0 0
253 153 0 0
64 153 0 0
63 153 0 0
62 153 0 0
61 153 0 0
60 153 0 0
59 153 0 0
341 152 0 0
340 152 0 0
339 152 0 0
338 152 0 0
337 152 0 0
336 152 0 0
335 152 0 0
334 152 0 0
333 152 0 0
269 152 0 0
268 152 0 0
267 152 0 0
266 152 0 0
265 152 0 0
264 152 0 0
263 152 0 0
262 152 0 0
261 152 0 0
260 152 0 0
259 152 0 0
258 152 0 0
257 152 0 0
256 152 0 0
63 152 0 0
62 152 0 0
61 152 0 0
60 152 0 0
59 152 0 0
340 151 0 0
339 151 0 0
338 151 0 0
337 151 0 0
336 151 0 0
335 151 0 0
334 151 0 0
333 151 0 0
332 151 0 0
271 151 0 0
270 151 0 0
269 151 0 0
268 151 0 0
267 151 0 0
266 151 0 0
265 151 0 0
264 151 0 0
263 151 0 0
262 151 0 0
261 151 0 0
260 151 0 0
259 151 0 0
63 151 0 0
62 151 0 0
61 151 0 0
60 151 0 0
59 151 0 0
58 151 0 0
339 150 0 0
338 150 0 0
337 150 0 0
336 150 0 0
335 150 0 0
334 150 0 0
333 150 0 0
332 150 0 0
331 150 0 0
330 150 0 0
274 150 0 0
273 150 0 0
272 150 0 0
271 150 0 0
270 150 0 0
269 150 0 0
268 150 0 0
267 150 0 0
266 150 0 0
265 150 0 0
264 150 0 0
263 150 0 0
262 150 0 0
62 150 0 0
61 150 0 0
60 150 0 0
59 150 0 0
58 150 0 0
338 149 0 0
337 149 0 0
336 149 0 0
335 149 0 0
334 149 0 0
333 149 0 0
332 149 0 0
331 149 0 0
330 149 0 0
329 149 0 0
328 149 0 0
327 149 0 0
279 149 0 0
278 149 0 0
277 149 0 0
276 149 0 0
275 149 0 0
274 149 0 0
273 149 0 0
272 149 0 0
271 149 0 0
270 149 0 0
269 149 0 0
268 149 0 0
267 149 0 0
266 149 0 0
265 149 0 0
264 149 0 0
62 149 0 0
61 149 0 0
60 149 0 0
59 149 0 0
58 149 0 0
57 149 0 0
336 148 0 0
335 148 0 0
334 148 0 0
333 148 0 0
332 148 0 0
331 148 0 0
330 148 0 0
329 148 0 0
328 148 0 0
327 148 0 0
326 148 0 0
325 148 0 0
281 148 0 0
280 148 0 0
279 148 0 0
278 148 0 0
277 148 0 0
276 148 0 0
275 148 0 0
274 148 0 0
273 148 0 0
272 148 0 0
271 148 0 0
270 148 0 0
269 148 0 0
268 148 0 0
267 148 0 0
266 148 0 0
62 148 0 0
61 148 0 0
60 148 0 0
59 148 0 0
58 148 0 0
57 148 0 0
334 147 0 0
333 147 0 0
332 147 0 0
331 147 0 0
330 147 0 0
329 147 0 0
328 147 0 0
327 147 0 0
326 147 0 0
325 147 0 0
324 147 0 0
323 147 0 0
322 147 0 0
288 147 0 0
287 147 0 0
286 147 0 0
285 147 0 0
284 147 0 0
283 147 0 0
282 147 0 0
281 147 0 0
280 147 0 0
279 147 0 0
278 147 0 0
277 147 0 0
276 147 0 0
275 147 0 0
274 147 0 0
273 147 0 0
272 147 0 0
271 147 0 0
270 147 0 0
269 147 0 0
268 147 0 0
61 147 0 0
60 147 0 0
59 147 0 0
58 147 0 0
57 147 0 0
56 147 0 0
332 146 0 0
331 146 0 0
330 146 0 0
329 146 0 0
328 146 0 0
327 146 0 0
326 146 0 0
325 146 0 0
324 146 0 0
323 146 0 0
322 146 0 0
321 146 0 0
320 146 0 0
319 146 0 0
318 146 0 0
317 146 0 0
316 146 0 0
315 146 0 0
314 146 0 0
313 146 0 0
312 146 0 0
311 146 0 0
310 146 0 0
309 146 0 0
308 146 0 0
307 146 0 0
306 146 0 0
305 146 0 0
304 146 0 0
303 146 0 0
302 146 0 0
301 146 0 0
300 146 0 0
299 146 0 0
298 146 0 0
297 146 0 0
296 146 0 0
295 146 0 0
294 146 0 0
293 146 0 0
292 146 0 0
291 146 0 0
290 146 0 0
289 146 0 0
288 146 0 0
287 146 0 0
286 146 0 0
285 146 0 0
284 146 0 0
283 146 0 0
282 146 0 0
281 146 0 0
280 146 0 0
279 146 0 0
278 146 0 0
277 146 0 0
276 146 0 0
275 146 0 0
274 146 0 0
273 146 0 0
272 146 0 0
271 146 0 0
61 146 0 0
60 146 0 0
59 146 0 0
58 146 0 0
57 146 0 0
56 146 0 0
331 145 0 0
330 145 0 0
329 145 0 0
328 145 0 0
327 145 0 0
326 145 0 0
325 145 0 0
324 145 0 0
323 145 0 0
322 145 0 0
321 145 0 0
320 145 0 0
319 145 0 0
318 145 0 0
317 145 0 0
316 145 0 0
315 145 0 0
314 145 0 0
313 145 0 0
312 145 0 0
311 145 0 0
310 145 0 0
309 145 0 0
308 145 0 0
307 145 0 0
306 145 0 0
305 145 0 0
304 145 0 0
303 145 0 0
302 145 0 0
301 145 0 0
300 145 0 0
299 145 0 0
298 145 0 0
297 145 0 0
296 145 0 0
295 145 0 0
294 145 0 0
293 145 0 0
292 145 0 0
291 145 0 0
290 145 0 0
289 145 0 0
288 145 0 0
287 145 0 0
286 145 0 0
285 145 0 0
284 145 0 0
283 145 0 0
282 145 0 0
281 145 0 0
280 145 0 0
279 145 0 0
278 145 0 0
277 145 0 0
60 145 0 0
59 145 0 0
58 145 0 0
57 145 0 0
56 145 0 0
55 145 0 0
328 144 0 0
327 144 0 0
326 144 0 0
325 144 0 0
324 144 0 0
323 144 0 0
322 144 0 0
321 144 0 0
320 144 0 0
319 144 0 0
318 144 0 0
317 144 0 0
316 144 0 0
315 144 0 0
314 144 0 0
313 144 0 0
312 144 0 0
311 144 0 0
310 144 0 0
309 144 0 0
308 144 0 0
307 144 0 0
306 144 0 0
305 144 0 0
304 144 0 0
303 144 0 0
302 144 0 0
301 144 0 0
300 144 0 0
299 144 0 0
298 144 0 0
297 144 0 0
296 144 0 0
295 144 0 0
294 144 0 0
293 144 0 0
292 144 0 0
291 144 0 0
290 144 0 0
289 144 0 0
288 144 0 0
287 144 0 0
286 144 0 0
285 144 0 0
284 144 0 0
283 144 0 0
282 144 0 0
281 144 0 0
280 144 0 0
279 144 0 0
60 144 0 0
59 144 0 0
58 144 0 0
57 144 0 0
56 144 0 0
55 144 0 0
325 143 0 0
324 143 0 0
323 143 0 0
322 143 0 0
321 143 0 0
320 143 0 0
319 143 0 0
318 143 0 0
317 143 0 0
316 143 0 0
315 143 0 0
314 143 0 0
313 143 0 0
312 143 0 0
311 143 0 0
310 143 0 0
309 143 0 0
308 143 0 0
307 143 0 0
306 143 0 0
305 143 0 0
304 143 0 0
303 143 0 0
302 143 0 0
301 143 0 0
300 143 0 0
299 143 0 0
298 143 0 0
297 143 0 0
296 143 0 0
295 143 0 0
294 143 0 0
293 143 0 0
292 143 0 0
291 143 0 0
290 143 0 0
289 143 0 0
288 143 0 0
287 143 0 0
286 143 0 0
285 143 0 0
284 143 0 0
283 143 0 0
59 143 0 0
58 143 0 0
57 143 0 0
56 143 0 0
55 143 0 0
54 143 0 0
59 142 0 0
58 142 0 0
57 142 0 0
56 142 0 0
55 142 0 0
54 142 0 0
58 141 0 0
57 141 0 0
56 141 0 0
55 141 0 0
54 141 0 0
58 140 0 0
57 140 0 0
56 140 0 0
55 140 0 0
54 140 0 0
53 140 0 0
57 139 0 0
56 139 0 0
55 139 0 0
54 139 0 0
53 139 0 0
57 138 0 0
56 138 0 0
55 138 0 0
54 138 0 0
53 138 0 0
52 138 0 0
56 137 0 0
55 137 0 0
54 137 0 0
53 137 0 0
52 137 0 0
56 136 0 0
55 136 0 0
54 136 0 0
53 136 0 0
52 136 0 0
51 136 0 0
56 135 0 0
55 135 0 0
54 135 0 0
53 135 0 0
52 135 0 0
51 135 0 0
55 134 0 0
54 134 0 0
53 134 0 0
52 134 0 0
51 134 0 0
50 134 0 0
55 133 0 0
54 133 0 0
53 133 0 0
52 133 0 0
51 133 0 0
50 133 0 0
54 132 0 0
53 132 0 0
52 132 0 0
51 132 0 0
50 132 0 0
49 132 0 0
54 131 0 0
53 131 0 0
52 131 0 0
51 131 0 0
50 131 0 0
49 131 0 0
53 130 0 0
52 130 0 0
51 130 0 0
50 130 0 0
49 130 0 0
48 130 0 0
53 129 0 0
52 129 0 0
51 129 0 0
50 129 0 0
49 129 0 0
48 129 0 0
52 128 0 0
51 128 0 0
50 128 0 0
49 128 0 0
48 128 0 0
52 127 0 0
51 127 0 0
50 127 0 0
49 127 0 0
48 127 0 0
47 127 0 0
51 126 0 0
50 126 0 0
49 126 0 0
48 126 0 0
47 126 0 0
51 125 0 0
50 125 0 0
49 125 0 0
48 125 0 0
47 125 0 0
46 125 0 0
50 124 0 0
49 124 0 0
48 124 0 0
47 124 0 0
46 124 0 0
50 123 0 0
49 123 0 0
48 123 0 0
47 123 0 0
46 123 0 0
45 123 0 0
50 122 0 0
49 122 0 0
48 122 0 0
47 122 0 0
46 122 0 0
45 122 0 0
49 121 0 0
48 121 0 0
47 121 0 0
46 121 0 0
45 121 0 0
44 121 0 0
49 120 0 0
48 120 0 0
47 120 0 0
46 120 0 0
45 120 0 0
44 120 0 0
302 119 0 1
301 119 0 1
300 119 0 1
299 119 0 1
298 119 0 1
297 119 0 1
296 119 0 1
295 119 0 1
294 119 0 1
293 119 0 1
292 119 0 1
291 119 0 1
290 119 0 1
289 119 0 1
288 119 0 1
287 119 0 1
286 119 0 1
285 119 0 1
48 119 0 0
47 119 0 0
46 119 0 0
45 119 0 0
44 119 0 0
306 118 0 1
305 118 0 1
304 118 0 1
303 118 0 1
302 118 0 1
301 118 0 1
300 118 0 1
299 118 0 1
298 118 0 1
297 118 0 1
296 118 0 1
295 118 0 1
294 118 0 1
293 118 0 1
292 118 0 1
291 118 0 1
290 118 0 1
289 118 0 1
288 118 0 1
287 118 0 1
286 118 0 1
285 118 0 1
284 118 0 1
283 118 0 1
282 118 0 1
281 118 0 1
48 118 0 0
47 118 0 0
46 118 0 0
45 118 0 0
44 118 0 0
43 118 0 0
309 117 0 1
308 117 0 1
307 117 0 1
306 117 0 1
305 117 0 1
304 117 0 1
303 117 0 1
302 117 0 1
301 117 0 1
300 117 0 1
299 117 0 1
298 117 0 1
297 117 0 1
296 117 0 1
295 117 0 1
294 117 0 1
293 117 0 1
292 117 0 1
291 117 0 1
290 117 0 1
289 117 0 1
288 117 0 1
287 117 0 1
286 117 0 1
285 117 0 1
284 117 0 1
283 117 0 1
282 117 0 1
281 117 0 1
280 117 0 1
279 117 0 1
278 117 0 1
277 117 0 1
276 117 0 1
48 117 0 0
47 117 0 0
46 117 0 0
45 117 0 0
44 117 0 0
43 117 0 0
311 116 0 1
310 116 0 1
309 116 0 1
308 116 0 1
307 116 0 1
306 116 0 1
305 116 0 1
304 116 0 1
303 116 0 1
302 116 0 1
301 116 0 1
300 116 0 1
299 116 0 1
298 116 0 1
297 116 0 1
296 116 0 1
295 116 0 1
294 116 0 1
293 116 0 1
292 116 0 1
291 116 0 1
290 116 0 1
289 116 0 1
288 116 0 1
287 116 0 1
286 116 0 1
285 116 0 1
284 116 0 1
283 116 0 1
282 116 0 1
281 116 0 1
280 116 0 1
279 116 0 1
278 116 0 1
277 116 0 1
276 116 0 1
275 116 0 1
274 116 0 1
273 116 0 1
272 116 0 1
47 116 0 0
46 116 0 0
45 116 0 0
44 116 0 0
43 116 0 0
313 115 0 1
312 115 0 1
311 115 0 1
310 115 0 1
309 115 0 1
308 115 0 1
307 115 0 1
306 115 0 1
305 115 0 1
304 115 0 1
303 115 0 1
302 115 0 1
301 115 0 1
300 115 0 1
289 115 0 1
288 115 0 1
287 115 0 1
286 115 0 1
285 115 0 1
284 115 0 1
283 115 0 1
282 115 0 1
281 115 0 1
280 115 0 1
279 115 0 1
278 115 0 1
277 115 0 1
276 115 0 1
275 115 0 1
274 115 0 1
273 115 0 1
272 115 0 1
271 115 0 1
270 115 0 1
269 115 0 1
268 115 0 1
47 115 0 0
46 115 0 0
45 115 0 0
44 115 0 0
43 115 0 0
316 114 0 1
315 114 0 1
314 114 0 1
313 114 0 1
312 114 0 1
311 114 0 1
310 114 0 1
309 114 0 1
308 114 0 1
307 114 0 1
306 114 0 1
305 114 0 1
304 114 0 1
286 114 0 1
285 114 0 1
284 114 0 1
283 114 0 1
282 114 0 1
281 114 0 1
280 114 0 1
279 114 0 1
278 114 0 1
277 114 0 1
276 114 0 1
275 114 0 1
274 114 0 1
273 114 0 1
272 114 0 1
271 114 0 1
270 114 0 1
269 114 0 1
268 114 0 1
267 114 0 1
266 114 0 1
265 114 0 1
47 114 0 0
46 114 0 0
45 114 0 0
44 114 0 0
43 114 0 0
42 114 0 0
318 113 0 1
317 113 0 1
316 113 0 1
315 113 0 1
314 113 0 1
313 113 0 1
312 113 0 1
311 113 0 1
310 113 0 1
309 113 0 1
308 113 0 1
307 113 0 1
306 113 0 1
305 113 0 1
282 113 0 1
281 113 0 1
280 113 0 1
279 113 0 1
278 113 0 1
277 113 0 1
276 113 0 1
275 113 0 1
274 113 0 1
273 113 0 1
272 113 0 1
271 113 0 1
270 113 0 1
269 113 0 1
268 113 0 1
267 113 0 1
266 113 0 1
265 113 0 1
264 113 0 1
46 113 0 0
45 113 0 0
44 113 0 0
43 113 0 0
42 113 0 0
321 112 0 1
320 112 0 1
319 112 0 1
318 112 0 1
317 112 0 1
316 112 0 1
315 112 0 1
314 112 0 1
313 112 0 1
312 112 0 1
311 112 0 1
310 112 0 1
309 112 0 1
308 112 0 1
277 112 0 1
276 112 0 1
275 112 0 1
274 112 0 1
273 112 0 1
272 112 0 1
271 112 0 1
270 112 0 1
269 112 0 1
268 112 0 1
267 112 0 1
266 112 0 1
265 112 0 1
264 112 0 1
263 112 0 1
262 112 0 1
261 112 0 1
260 112 0 1
259 112 0 1
258 112 0 1
257 112 0 1
256 112 0 1
255 112 0 1
254 112 0 1
253 112 0 1
252 112 0 1
251 112 0 1
250 112 0 1
249 112 0 1
248 112 0 1
247 112 0 1
46 112 0 0
45 112 0 0
44 112 0 0
43 112 0 0
42 112 0 0
323 111 0 1
322 111 0 1
321 111 0 1
320 111 0 1
319 111 0 1
318 111 0 1
317 111 0 1
316 111 0 1
315 111 0 1
314 111 0 1
313 111 0 1
312 111 0 1
311 111 0 1
310 111 0 1
273 111 0 1
272 111 0 1
271 111 0 1
270 111 0 1
269 111 0 1
268 111 0 1
267 111 0 1
266 111 0 1
265 111 0 1
264 111 0 1
263 111 0 1
262 111 0 1
261 111 0 1
260 111 0 1
259 111 0 1
258 111 0 1
257 111 0 1
256 111 0 1
255 111 0 1
254 111 0 1
253 111 0 1
252 111 0 1
251 111 0 1
250 111 0 1
249 111 0 1
248 111 0 1
247 111 0 1
246 111 0 1
245 111 0 1
46 111 0 0
45 111 0 0
44 111 0 0
43 111 0 0
42 111 0 0
41 111 0 0
327 110 0 1
326 110 0 1
325 110 0 1
324 110 0 1
323 110 0 1
322 110 0 1
321 110 0 1
320 110 0 1
319 110 0 1
318 110 0 1
317 110 0 1
316 110 0 1
315 110 0 1
314 110 0 1
313 110 0 1
312 110 0 1
267 110 0 1
266 110 0 1
265 110 0 1
264 110 0 1
263 110 0 1
262 110 0 1
261 110 0 1
260 110 0 1
259 110 0 1
258 110 0 1
257 110 0 1
256 110 0 1
255 110 0 1
254 110 0 1
253 110 0 1
252 110 0 1
251 110 0 1
250 110 0 1
249 110 0 1
248 110 0 1
247 110 0 1
246 110 0 1
245 110 0 1
244 110 0 1
243 110 0 1
242 110 0 1
241 110 0 1
45 110 0 0
44 110 0 0
43 110 0 0
42 110 0 0
41 110 0 0
332 109 0 1
331 109 0 1
330 109 0 1
329 109 0 1
328 109 0 1
327 109 0 1
326 109 0 1
325 109 0 1
324 109 0 1
323 109 0 1
322 109 0 1
321 109 0 1
320 109 0 1
319 109 0 1
318 109 0 1
317 109 0 1
316 109 0 1
315 109 0 1
266 109 0 1
265 109 0 1
264 109 0 1
263 109 0 1
262 109 0 1
261 109 0 1
260 109 0 1
259 109 0 1
258 109 0 1
257 109 0 1
256 109 0 1
255 109 0 1
254 109 0 1
253 109 0 1
252 109 0 1
251 109 0 1
250 109 0 1
249 109 0 1
248 109 0 1
247 109 0 1
246 109 0 1
245 109 0 1
244 109 0 1
243 109 0 1
242 109 0 1
241 109 0 1
240 109 0 1
239 109 0 1
238 109 0 1
45 109 0 0
44 109 0 0
43 109 0 0
42 109 0 0
41 109 0 0
335 108 0 1
334 108 0 1
333 108 0 1
332 108 0 1
331 108 0 1
330 108 0 1
329 108 0 1
328 108 0 1
327 108 0 1
326 108 0 1
325 108 0 1
324 108 0 1
323 108 0 1
322 108 0 1
321 108 0 1
320 108 0 1
319 108 0 1
318 108 0 1
317 108 0 1
253 108 0 1
252 108 0 1
251 108 0 1
250 108 0 1
249 108 0 1
248 108 0 1
247 108 0 1
246 108 0 1
245 108 0 1
244 108 0 1
243 108 0 1
242 108 0 1
241 108 0 1
240 108 0 1
239 108 0 1
238 108 0 1
237 108 0 1
236 108 0 1
235 108 0 1
234 108 0 1
233 108 0 1
232 108 0 1
231 108 0 1
230 108 0 1
45 108 0 0
44 108 0 0
43 108 0 0
42 108 0 0
41 108 0 0
40 108 0 0
338 107 0 1
337 107 0 1
336 107 0 1
335 107 0 1
334 107 0 1
333 107 0 1
332 107 0 1
331 107 0 1
330 107 0 1
329 107 0 1
328 107 0 1
327 107 0 1
326 107 0 1
325 107 0 1
324 107 0 1
323 107 0 1
322 107 0 1
321 107 0 1
320 107 0 1
248 107 0 1
247 107 0 1
246 107 0 1
245 107 0 1
244 107 0 1
243 107 0 1
242 107 0 1
241 107 0 1
240 107 0 1
239 107 0 1
238 107 0 1
237 107 0 1
236 107 0 1
235 107 0 1
234 107 0 1
233 107 0 1
232 107 0 1
231 107 0 1
230 107 0 1
229 107 0 1
228 107 0 1
227 107 0 1
226 107 0 1
44 107 0 0
43 107 0 0
42 107 0 0
41 107 0 0
40 107 0 0
340 106 0 1
339 106 0 1
338 106 0 1
337 106 0 1
336 106 0 1
335 106 0 1
334 106 0 1
333 106 0 1
332 106 0 1
331 106 0 1
330 106 0 1
329 106 0 1
328 106 0 1
327 106 0 1
326 106 0 1
325 106 0 1
324 106 0 1
323 106 0 1
322 106 0 1
246 106 0 1
245 106 0 1
244 106 0 1
243 106 0 1
242 106 0 1
241 106 0 1
240 106 0 1
239 106 0 1
238 106 0 1
237 106 0 1
236 106 0 1
235 106 0 1
234 106 0 1
233 106 0 1
232 106 0 1
231 106 0 1
230 106 0 1
229 106 0 1
228 106 0 1
227 106 0 1
226 106 0 1
225 106 0 1
224 106 0 1
223 106 0 1
222 106 0 1
221 106 0 1
44 106 0 0
43 106 0 0
42 106 0 0
41 106 0 0
40 106 0 0
342 105 0 1
341 105 0 1
340 105 0 1
339 105 0 1
338 105 0 1
337 105 0 1
336 105 0 1
335 105 0 1
334 105 0 1
333 105 0 1
332 105 0 1
331 105 0 1
330 105 0 1
329 105 0 1
328 105 0 1
242 105 0 1
241 105 0 1
240 105 0 1
239 105 0 1
238 105 0 1
237 105 0 1
236 105 0 1
235 105 0 1
234 105 0 1
233 105 0 1
232 105 0 1
231 105 0 1
230 105 0 1
229 105 0 1
228 105 0 1
227 105 0 1
226 105 0 1
225 105 0 1
224 105 0 1
223 105 0 1
222 105 0 1
221 105 0 1
220 105 0 1
219 105 0 1
218 105 0 1
44 105 0 0
43 105 0 0
42 105 0 0
41 105 0 0
40 105 0 0
39 105 0 0
344 104 0 1
343 104 0 1
342 104 0 1
341 104 0 1
340 104 0 1
339 104 0 1
338 104 0 1
337 104 0 1
336 104 0 1
335 104 0 1
334 104 0 1
333 104 0 1
332 104 0 1
331 104 0 1
235 104 0 1
234 104 0 1
233 104 0 1
232 104 0 1
231 104 0 1
230 104 0 1
229 104 0 1
228 104 0 1
227 104 0 1
226 104 0 1
225 104 0 1
224 104 0 1
223 104 0 1
222 104 0 1
221 104 0 1
220 104 0 1
219 104 0 1
218 104 0 1
217 104 0 1
216 104 0 1
215 104 0 1
43 104 0 0
42 104 0 0
41 104 0 0
40 104 0 0
39 104 0 0
347 103 0 1
346 103 0 1
345 103 0 1
344 103 0 1
343 103 0 1
342 103 0 1
341 103 0 1
340 103 0 1
339 103 0 1
338 103 0 1
337 103 0 1
336 103 0 1
335 103 0 1
334 103 0 1
231 103 0 1
230 103 0 1
229 103 0 1
228 103 0 1
227 103 0 1
226 103 0 1
225 103 0 1
224 103 0 1
223 103 0 1
222 103 0 1
221 103 0 1
220 103 0 1
219 103 0 1
218 103 0 1
217 103 0 1
216 103 0 1
215 103 0 1
214 103 0 1
213 103 0 1
43 103 0 0
42 103 0 0
41 103 0 0
40 103 0 0
39 103 0 0
348 102 0 1
347 102 0 1
346 102 0 1
345 102 0 1
344 102 0 1
343 102 0 1
342 102 0 1
341 102 0 1
340 102 0 1
339 102 0 1
338 102 0 1
337 102 0 1
226 102 0 1
225 102 0 1
224 102 0 1
223 102 0 1
222 102 0 1
221 102 0 1
220 102 0 1
219 102 0 1
218 102 0 1
217 102 0 1
216 102 0 1
215 102 0 1
214 102 0 1
213 102 0 1
212 102 0 1
211 102 0 1
210 102 0 1
43 102 0 0
42 102 0 0
41 102 0 0
40 102 0 0
39 102 0 0
38 102 0 0
351 101 0 1
350 101 0 1
349 101 0 1
348 101 0 1
347 101 0 1
346 101 0 1
345 101 0 1
344 101 0 1
343 101 0 1
342 101 0 1
341 101 0 1
340 101 0 1
339 101 0 1
221 101 0 1
220 101 0 1
219 101 0 1
218 101 0 1
217 101 0 1
216 101 0 1
215 101 0 1
214 101 0 1
213 101 0 1
212 101 0 1
211 101 0 1
210 101 0 1
209 101 0 1
208 101 0 1
207 101 0 1
206 101 0 1
42 101 0 0
41 101 0 0
40 101 0 0
39 101 0 0
38 101 0 0
352 100 0 1
351 100 0 1
350 100 0 1
349 100 0 1
348 100 0 1
347 100 0 1
346 100 0 1
345 100 0 1
344 100 0 1
343 100 0 1
342 100 0 1
341 100 0 1
218 100 0 1
217 100 0 1
216 100 0 1
215 100 0 1
214 100 0 1
213 100 0 1
212 100 0 1
211 100 0 1
210 100 0 1
209 100 0 1
208 100 0 1
207 100 0 1
206 100 0 1
205 100 0 1
204 100 0 1
203 100 0 1
202 100 0 1
201 100 0 1
200 100 0 1
199 100 0 1
198 100 0 1
197 100 0 1
42 100 0 0
41 100 0 0
40 100 0 0
39 100 0 0
38 100 0 0
353 99 0 1
352 99 0 1
351 99 0 1
350 99 0 1
349 99 0 1
348 99 0 1
347 99 0 1
346 99 0 1
345 99 0 1
344 99 0 1
343 99 0 1
216 99 0 1
215 99 0 1
214 99 0 1
213 99 0 1
212 99 0 1
211 99 0 1
210 99 0 1
209 99 0 1
208 99 0 1
207 99 0 1
206 99 0 1
205 99 0 1
204 99 0 1
203 99 0 1
202 99 0 1
201 99 0 1
200 99 0 1
199 99 0 1
198 99 0 1
197 99 0 1
196 99 0 1
195 99 0 1
194 99 0 1
193 99 0 1
192 99 0 1
191 99 0 1
190 99 0 1
189 99 0 1
42 99 0 0
41 99 0 0
40 99 0 0
39 99 0 0
38 99 0 0
37 99 0 0
354 98 0 1
353 98 0 1
352 98 0 1
351 98 0 1
350 98 0 1
349 98 0 1
348 98 0 1
347 98 0 1
346 98 0 1
213 98 0 1
212 98 0 1
211 98 0 1
210 98 0 1
209 98 0 1
208 98 0 1
207 98 0 1
206 98 0 1
205 98 0 1
204 98 0 1
203 98 0 1
202 98 0 1
201 98 0 1
200 98 0 1
199 98 0 1
198 98 0 1
197 98 0 1
196 98 0 1
195 98 0 1
194 98 0 1
193 98 0 1
192 98 0 1
191 98 0 1
190 98 0 1
189 98 0 1
188 98 0 1
187 98 0 1
186 98 0 1
42 98 0 0
41 98 0 0
40 98 0 0
39 98 0 0
38 98 0 0
37 98 0 0
355 97 0 1
354 97 0 1
353 97 0 1
352 97 0 1
351 97 0 1
350 97 0 1
349 97 0 1
348 97 0 1
347 97 0 1
211 97 0 1
210 97 0 1
209 97 0 1
208 97 0 1
207 97 0 1
206 97 0 1
205 97 0 1
204 97 0 1
203 97 0 1
202 97 0 1
201 97 0 1
200 97 0 1
199 97 0 1
198 97 0 1
197 97 0 1
196 97 0 1
195 97 0 1
194 97 0 1
193 97 0 1
192 97 0 1
191 97 0 1
190 97 0 1
189 97 0 1
188 97 0 1
187 97 0 1
186 97 0 1
185 97 0 1
184 97 0 1
183 97 0 1
182 97 0 1
181 97 0 1
180 97 0 1
179 97 0 1
178 97 0 1
41 97 0 0
40 97 0 0
39 97 0 0
38 97 0 0
37 97 0 0
356 96 0 1
355 96 0 1
354 96 0 1
353 96 0 1
352 96 0 1
351 96 0 1
350 96 0 1
203 96 0 1
202 96 0 1
201 96 0 1
200 96 0 1
199 96 0 1
198 96 0 1
197 96 0 1
196 96 0 1
195 96 0 1
194 96 0 1
193 96 0 1
192 96 0 1
191 96 0 1
190 96 0 1
189 96 0 1
188 96 0 1
187 96 0 1
186 96 0 1
185 96 0 1
184 96 0 1
183 96 0 1
182 96 0 1
181 96 0 1
180 96 0 1
179 96 0 1
178 96 0 1
177 96 0 1
41 96 0 0
40 96 0 0
39 96 0 0
38 96 0 0
37 96 0 0
36 96 0 0
357 95 0 1
356 95 0 1
355 95 0 1
354 95 0 1
353 95 0 1
352 95 0 1
351 95 0 1
194 95 0 1
193 95 0 1
192 95 0 1
191 95 0 1
190 95 0 1
189 95 0 1
188 95 0 1
187 95 0 1
186 95 0 1
185 95 0 1
184 95 0 1
183 95 0 1
182 95 0 1
181 95 0 1
180 95 0 1
179 95 0 1
178 95 0 1
177 95 0 1
176 95 0 1
175 95 0 1
41 95 0 0
40 95 0 0
39 95 0 0
38 95 0 0
37 95 0 0
36 95 0 0
357 94 0 1
356 94 0 1
355 94 0 1
354 94 0 1
353 94 0 1
352 94 0 1
190 94 0 1
189 94 0 1
188 94 0 1
187 94 0 1
186 94 0 1
185 94 0 1
184 94 0 1
183 94 0 1
182 94 0 1
181 94 0 1
180 94 0 1
179 94 0 1
178 94 0 1
177 94 0 1
176 94 0 1
175 94 0 1
174 94 0 1
173 94 0 1
172 94 0 1
171 94 0 1
40 94 0 0
39 94 0 0
38 94 0 0
37 94 0 0
36 94 0 0
359 93 0 1
358 93 0 1
357 93 0 1
356 93 0 1
355 93 0 1
354 93 0 1
353 93 0 1
183 93 0 1
182 93 0 1
181 93 0 1
180 93 0 1
179 93 0 1
178 93 0 1
177 93 0 1
176 93 0 1
175 93 0 1
174 93 0 1
173 93 0 1
172 93 0 1
171 93 0 1
170 93 0 1
169 93 0 1
168 93 0 1
167 93 0 1
166 93 0 1
165 93 0 1
164 93 0 1
163 93 0 1
162 93 0 1
161 93 0 1
160 93 0 1
159 93 0 1
158 93 0 1
157 93 0 1
156 93 0 1
155 93 0 1
154 93 0 1
153 93 0 1
152 93 0 1
151 93 0 1
150 93 0 1
40 93 0 0
39 93 0 0
38 93 0 0
37 93 0 0
36 93 0 0
35 93 0 0
360 92 0 1
359 92 0 1
358 92 0 1
357 92 0 1
356 92 0 1
355 92 0 1
354 92 0 1
353 92 0 1
179 92 0 1
178 92 0 1
177 92 0 1
176 92 0 1
175 92 0 1
174 92 0 1
173 92 0 1
172 92 0 1
171 92 0 1
170 92 0 1
169 92 0 1
168 92 0 1
167 92 0 1
166 92 0 1
165 92 0 1
164 92 0 1
163 92 0 1
162 92 0 1
161 92 0 1
160 92 0 1
159 92 0 1
158 92 0 1
157 92 0 1
156 92 0 1
155 92 0 1
154 92 0 1
153 92 0 1
152 92 0 1
151 92 0 1
150 92 0 1
149 92 0 1
148 92 0 1
147 92 0 1
146 92 0 1
145 92 0 1
40 92 0 0
39 92 0 0
38 92 0 0
37 92 0 0
36 92 0 0
35 92 0 0
362 91 0 1
361 91 0 1
360 91 0 1
359 91 0 1
358 91 0 1
357 91 0 1
356 91 0 1
355 91 0 1
354 91 0 1
177 91 0 1
176 91 0 1
175 91 0 1
174 91 0 1
173 91 0 1
172 91 0 1
171 91 0 1
170 91 0 1
169 91 0 1
168 91 0 1
167 91 0 1
166 91 0 1
165 91 0 1
164 91 0 1
163 91 0 1
162 91 0 1
161 91 0 1
160 91 0 1
159 91 0 1
158 91 0 1
157 91 0 1
156 91 0 1
155 91 0 1
154 91 0 1
153 91 0 1
152 91 0 1
151 91 0 1
150 91 0 1
149 91 0 1
148 91 0 1
147 91 0 1
146 91 0 1
145 91 0 1
144 91 0 1
143 91 0 1
142 91 0 1
39 91 0 0
38 91 0 0
37 91 0 0
36 91 0 0
35 91 0 0
363 90 0 1
362 90 0 1
361 90 0 1
360 90 0 1
359 90 0 1
358 90 0 1
357 90 0 1
356 90 0 1
355 90 0 1
176 90 0 1
175 90 0 1
174 90 0 1
173 90 0 1
172 90 0 1
171 90 0 1
170 90 0 1
169 90 0 1
168 90 0 1
167 90 0 1
166 90 0 1
165 90 0 1
164 90 0 1
163 90 0 1
162 90 0 1
161 90 0 1
160 90 0 1
159 90 0 1
158 90 0 1
157 90 0 1
156 90 0 1
155 90 0 1
154 90 0 1
153 90 0 1
152 90 0 1
151 90 0 1
150 90 0 1
149 90 0 1
148 90 0 1
147 90 0 1
146 90 0 1
145 90 0 1
144 90 0 1
143 90 0 1
142 90 0 1
141 90 0 1
140 90 0 1
139 90 0 1
39 90 0 0
38 90 0 0
37 90 0 0
36 90 0 0
35 90 0 0
364 89 0 1
363 89 0 1
362 89 0 1
361 89 0 1
360 89 0 1
359 89 0 1
358 89 0 1
357 89 0 1
356 89 0 1
153 89 0 1
152 89 0 1
151 89 0 1
150 89 0 1
149 89 0 1
148 89 0 1
147 89 0 1
146 89 0 1
145 89 0 1
144 89 0 1
143 89 0 1
142 89 0 1
141 89 0 1
140 89 0 1
139 89 0 1
138 89 0 1
137 89 0 1
136 89 0 1
135 89 0 1
134 89 0 1
39 89 0 0
38 89 0 0
37 89 0 0
36 89 0 0
35 89 0 0
34 89 0 0
365 88 0 1
364 88 0 1
363 88 0 1
362 88 0 1
361 88 0 1
360 88 0 1
359 88 0 1
358 88 0 1
151 88 0 1
150 88 0 1
149 88 0 1
148 88 0 1
147 88 0 1
146 88 0 1
145 88 0 1
144 88 0 1
143 88 0 1
142 88 0 1
141 88 0 1
140 88 0 1
139 88 0 1
138 88 0 1
137 88 0 1
136 88 0 1
135 88 0 1
134 88 0 1
133 88 0 1
132 88 0 1
131 88 0 1
130 88 0 1
38 88 0 0
37 88 0 0
36 88 0 0
35 88 0 0
34 88 0 0
366 87 0 1
365 87 0 1
364 87 0 1
363 87 0 1
362 87 0 1
361 87 0 1
360 87 0 1
359 87 0 1
146 87 0 1
145 87 0 1
144 87 0 1
143 87 0 1
142 87 0 1
141 87 0 1
140 87 0 1
139 87 0 1
138 87 0 1
137 87 0 1
136 87 0 1
135 87 0 1
134 87 0 1
133 87 0 1
132 87 0 1
131 87 0 1
130 87 0 1
129 87 0 1
128 87 0 1
38 87 0 0
37 87 0 0
36 87 0 0
35 87 0 0
34 87 0 0
367 86 0 1
366 86 0 1
365 86 0 1
364 86 0 1
363 86 0 1
362 86 0 1
361 86 0 1
143 86 0 1
142 86 0 1
141 86 0 1
140 86 0 1
139 86 0 1
138 86 0 1
137 86 0 1
136 86 0 1
135 86 0 1
134 86 0 1
133 86 0 1
132 86 0 1
131 86 0 1
130 86 0 1
129 86 0 1
128 86 0 1
127 86 0 1
126 86 0 1
38 86 0 0
37 86 0 0
36 86 0 0
35 86 0 0
34 86 0 0
33 86 0 0
368 85 0 1
367 85 0 1
366 85 0 1
365 85 0 1
364 85 0 1
363 85 0 1
362 85 0 1
137 85 0 1
136 85 0 1
135 85 0 1
134 85 0 1
133 85 0 1
132 85 0 1
131 85 0 1
130 85 0 1
129 85 0 1
128 85 0 1
127 85 0 1
126 85 0 1
125 85 0 1
124 85 0 1
123 85 0 1
122 85 0 1
121 85 0 1
37 85 0 0
36 85 0 0
35 85 0 0
34 85 0 0
33 85 0 0
369 84 0 1
368 84 0 1
367 84 0 1
366 84 0 1
365 84 0 1
364 84 0 1
363 84 0 1
133 84 0 1
132 84 0 1
131 84 0 1
130 84 0 1
129 84 0 1
128 84 0 1
127 84 0 1
126 84 0 1
125 84 0 1
124 84 0 1
123 84 0 1
122 84 0 1
121 84 0 1
120 84 0 1
119 84 0 1
37 84 0 0
36 84 0 0
35 84 0 0
34 84 0 0
33 84 0 0
370 83 0 1
369 83 0 1
368 83 0 1
367 83 0 1
366 83 0 1
365 83 0 1
364 83 0 1
131 83 0 1
130 83 0 1
129 83 0 1
128 83 0 1
127 83 0 1
126 83 0 1
125 83 0 1
124 83 0 1
123 83 0 1
122 83 0 1
121 83 0 1
120 83 0 1
119 83 0 1
118 83 0 1
117 83 0 1
116 83 0 1
37 83 0 0
36 83 0 0
35 83 0 0
34 83 0 0
33 83 0 0
32 83 0 0
371 82 0 1
370 82 0 1
369 82 0 1
368 82 0 1
367 82 0 1
366 82 0 1
365 82 0 1
129 82 0 1
128 82 0 1
127 82 0 1
126 82 0 1
125 82 0 1
124 82 0 1
123 82 0 1
122 82 0 1
121 82 0 1
120 82 0 1
119 82 0 1
118 82 0 1
117 82 0 1
116 82 0 1
115 82 0 1
114 82 0 1
36 82 0 0
35 82 0 0
34 82 0 0
33 82 0 0
32 82 0 0
372 81 0 1
371 81 0 1
370 81 0 1
369 81 0 1
368 81 0 1
367 81 0 1
366 81 0 1
124 81 0 1
123 81 0 1
122 81 0 1
121 81 0 1
120 81 0 1
119 81 0 1
118 81 0 1
117 81 0 1
116 81 0 1
115 81 0 1
114 81 0 1
113 81 0 1
36 81 0 0
35 81 0 0
34 81 0 0
33 81 0 0
32 81 0 0
373 80 0 1
372 80 0 1
371 80 0 1
370 80 0 1
369 80 0 1
368 80 0 1
367 80 0 1
122 80 0 1
121 80 0 1
120 80 0 1
119 80 0 1
118 80 0 1
117 80 0 1
116 80 0 1
115 80 0 1
114 80 0 1
113 80 0 1
112 80 0 1
36 80 0 0
35 80 0 0
34 80 0 0
33 80 0 0
32 80 0 0
31 80 0 0
374 79 0 1
373 79 0 1
372 79 0 1
371 79 0 1
370 79 0 1
369 79 0 1
368 79 0 1
119 79 0 1
118 79 0 1
117 79 0 1
116 79 0 1
115 79 0 1
114 79 0 1
113 79 0 1
112 79 0 1
111 79 0 1
110 79 0 1
35 79 0 0
34 79 0 0
33 79 0 0
32 79 0 0
31 79 0 0
375 78 0 1
374 78 0 1
373 78 0 1
372 78 0 1
371 78 0 1
370 78 0 1
369 78 0 1
116 78 0 1
115 78 0 1
114 78 0 1
113 78 0 1
112 78 0 1
111 78 0 1
110 78 0 1
109 78 0 1
35 78 0 0
34 78 0 0
33 78 0 0
32 78 0 0
31 78 0 0
376 77 0 1
375 77 0 1
374 77 0 1
373 77 0 1
372 77 0 1
371 77 0 1
370 77 0 1
115 77 0 1
114 77 0 1
113 77 0 1
112 77 0 1
111 77 0 1
110 77 0 1
109 77 0 1
108 77 0 1
35 77 0 0
34 77 0 0
33 77 0 0
32 77 0 0
31 77 0 0
30 77 0 0
379 76 0 1
378 76 0 1
377 76 0 1
376 76 0 1
375 76 0 1
374 76 0 1
373 76 0 1
372 76 0 1
371 76 0 1
114 76 0 1
113 76 0 1
112 76 0 1
111 76 0 1
110 76 0 1
109 76 0 1
108 76 0 1
107 76 0 1
34 76 0 0
33 76 0 0
32 76 0 0
31 76 0 0
30 76 0 0
379 75 0 1
378 75 0 1
377 75 0 1
376 75 0 1
375 75 0 1
374 75 0 1
373 75 0 1
372 75 0 1
113 75 0 1
112 75 0 1
111 75 0 1
110 75 0 1
109 75 0 1
108 75 0 1
107 75 0 1
106 75 0 1
34 75 0 0
33 75 0 0
32 75 0 0
31 75 0 0
30 75 0 0
379 74 0 1
378 74 0 1
377 74 0 1
376 74 0 1
375 74 0 1
374 74 0 1
373 74 0 1
112 74 0 1
111 74 0 1
110 74 0 1
109 74 0 1
108 74 0 1
107 74 0 1
106 74 0 1
105 74 0 1
104 74 0 1
103 74 0 1
34 74 0 0
33 74 0 0
32 74 0 0
31 74 0 0
30 74 0 0
29 74 0 0
379 73 0 1
378 73 0 1
377 73 0 1
376 73 0 1
375 73 0 1
374 73 0 1
111 73 0 1
110 73 0 1
109 73 0 1
108 73 0 1
107 73 0 1
106 73 0 1
105 73 0 1
104 73 0 1
103 73 0 1
102 73 0 1
34 73 0 0
33 73 0 0
32 73 0 0
31 73 0 0
30 73 0 0
29 73 0 0
109 72 0 1
108 72 0 1
107 72 0 1
106 72 0 1
105 72 0 1
104 72 0 1
103 72 0 1
102 72 0 1
33 72 0 0
32 72 0 0
31 72 0 0
30 72 0 0
29 72 0 0
108 71 0 1
107 71 0 1
106 71 0 1
105 71 0 1
104 71 0 1
103 71 0 1
102 71 0 1
101 71 0 1
100 71 0 1
33 71 0 0
32 71 0 0
31 71 0 0
30 71 0 0
29 71 0 0
106 70 0 1
105 70 0 1
104 70 0 1
103 70 0 1
102 70 0 1
101 70 0 1
100 70 0 1
99 70 0 1
33 70 0 0
32 70 0 0
31 70 0 0
30 70 0 0
29 70 0 0
105 69 0 1
104 69 0 1
103 69 0 1
102 69 0 1
101 69 0 1
100 69 0 1
99 69 0 1
98 69 0 1
32 69 0 0
31 69 0 0
30 69 0 0
29 69 0 0
104 68 0 1
103 68 0 1
102 68 0 1
101 68 0 1
100 68 0 1
99 68 0 1
98 68 0 1
97 68 0 1
32 68 0 0
31 68 0 0
30 68 0 0
29 68 0 0
102 67 0 1
101 67 0 1
100 67 0 1
99 67 0 1
98 67 0 1
97 67 0 1
32 67 0 0
31 67 0 0
30 67 0 0
29 67 0 0
102 66 0 1
101 66 0 1
100 66 0 1
99 66 0 1
98 66 0 1
97 66 0 1
96 66 0 1
32 66 0 0
31 66 0 0
30 66 0 0
29 66 0 0
101 65 0 1
100 65 0 1
99 65 0 1
98 65 0 1
97 65 0 1
96 65 0 1
32 65 0 0
31 65 0 0
30 65 0 0
29 65 0 0
100 64 0 1
99 64 0 1
98 64 0 1
97 64 0 1
96 64 0 1
95 64 0 1
32 64 0 0
31 64 0 0
30 64 0 0
29 64 0 0
100 63 0 1
99 63 0 1
98 63 0 1
97 63 0 1
96 63 0 1
95 63 0 1
94 63 0 1
32 63 0 0
31 63 0 0
30 63 0 0
29 63 0 0
99 62 0 1
98 62 0 1
97 62 0 1
96 62 0 1
95 62 0 1
94 62 0 1
93 62 0 1
32 62 0 0
31 62 0 0
30 62 0 0
29 62 0 0
98 61 0 1
97 61 0 1
96 61 0 1
95 61 0 1
94 61 0 1
93 61 0 1
32 61 0 0
31 61 0 0
30 61 0 0
29 61 0 0
98 60 0 1
97 60 0 1
96 60 0 1
95 60 0 1
94 60 0 1
93 60 0 1
92 60 0 1
32 60 0 0
31 60 0 0
30 60 0 0
29 60 0 0
96 59 0 1
95 59 0 1
94 59 0 1
93 59 0 1
92 59 0 1
32 59 0 0
31 59 0 0
30 59 0 0
29 59 0 0
96 58 0 1
95 58 0 1
94 58 0 1
93 58 0 1
92 58 0 1
91 58 0 1
32 58 0 0
31 58 0 0
30 58 0 0
29 58 0 0
96 57 0 1
95 57 0 1
94 57 0 1
93 57 0 1
92 57 0 1
91 57 0 1
32 57 0 0
31 57 0 0
30 57 0 0
29 57 0 0
95 56 0 1
94 56 0 1
93 56 0 1
92 56 0 1
91 56 0 1
90 56 0 1
32 56 0 0
31 56 0 0
30 56 0 0
29 56 0 0
95 55 0 1
94 55 0 1
93 55 0 1
92 55 0 1
91 55 0 1
90 55 0 1
32 55 0 0
31 55 0 0
30 55 0 0
29 55 0 0
94 54 0 1
93 54 0 1
92 54 0 1
91 54 0 1
90 54 0 1
32 54 0 0
31 54 0 0
30 54 0 0
29 54 0 0
93 53 0 1
92 53 0 1
91 53 0 1
90 53 0 1
32 53 0 0
31 53 0 0
30 53 0 0
29 53 0 0
32 52 0 0
31 52 0 0
30 52 0 0
29 52 0 0
32 51 0 0
31 51 0 0
30 51 0 0
29 51 0 0
32 50 0 0
31 50 0 0
30 50 0 0
29 50 0 0
32 49 0 0
31 49 0 0
30 49 0 0
29 49 0 0
32 48 0 0
31 48 0 0
30 48 0 0
29 48 0 0
32 47 0 0
31 47 0 0
30 47 0 0
29 47 0 0
32 46 0 0
31 46 0 0
30 46 0 0
29 46 0 0
32 45 0 0
31 45 0 0
30 45 0 0
29 45 0 0
32 44 0 0
31 44 0 0
30 44 0 0
29 44 0 0
32 43 0 0
31 43 0 0
30 43 0 0
29 43 0 0
32 42 0 0
31 42 0 0
30 42 0 0
29 42 0 0
32 41 0 0
31 41 0 0
30 41 0 0
29 41 0 0
32 40 0 0
31 40 0 0
30 40 0 0
29 40 0 0
32 39 0 0
31 39 0 0
30 39 0 0
29 39 0 0
32 38 0 0
31 38 0 0
30 38 0 0
29 38 0 0
480 30 0 0
479 30 0 0
478 30 0 0
477 30 0 0
476 30 0 0
475 30 0 0
474 30 0 0
473 30 0 0
472 30 0 0
471 30 0 0
470 30 0 0
469 30 0 0
468 30 0 0
467 30 0 0
466 30 0 0
465 30 0 0
464 30 0 0
463 30 0 0
462 30 0 0
461 30 0 0
460 30 0 0
459 30 0 0
458 30 0 0
457 30 0 0
456 30 0 0
455 30 0 0
454 30 0 0
453 30 0 0
452 30 0 0
451 30 0 0
450 30 0 0
449 30 0 0
448 30 0 0
447 30 0 0
446 30 0 0
445 30 0 0
444 30 0 0
443 30 0 0
442 30 0 0
441 30 0 0
440 30 0 0
439 30 0 0
438 30 0 0
437 30 0 0
436 30 0 0
435 30 0 0
434 30 0 0
433 30 0 0
432 30 0 0
431 30 0 0
430 30 0 0
429 30 0 0
428 30 0 0
427 30 0 0
426 30 0 0
425 30 0 0
424 30 0 0
423 30 0 0
422 30 0 0
421 30 0 0
420 30 0 0
419 30 0 0
418 30 0 0
417 30 0 0
416 30 0 0
415 30 0 0
414 30 0 0
413 30 0 0
412 30 0 0
411 30 0 0
410 30 0 0
409 30 0 0
408 30 0 0
407 30 0 0
406 30 0 0
405 30 0 0
404 30 0 0
403 30 0 0
402 30 0 0
401 30 0 0
400 30 0 0
399 30 0 0
398 30 0 0
397 30 0 0
396 30 0 0
395 30 0 0
394 30 0 0
393 30 0 0
392 30 0 0
391 30 0 0
390 30 0 0
389 30 0 0
388 30 0 0
387 30 0 0
386 30 0 0
385 30 0 0
384 30 0 0
383 30 0 0
382 30 0 0
381 30 0 0
380 30 0 0
379 30 0 0
378 30 0 0
377 30 0 0
376 30 0 0
375 30 0 0
374 30 0 0
373 30 0 0
372 30 0 0
371 30 0 0
370 30 0 0
369 30 0 0
368 30 0 0
367 30 0 0
366 30 0 0
365 30 0 0
364 30 0 0
363 30 0 0
362 30 0 0
361 30 0 0
360 30 0 0
359 30 0 0
358 30 0 0
357 30 0 0
356 30 0 0
355 30 0 0
354 30 0 0
353 30 0 0
352 30 0 0
480 29 0 0
479 29 0 0
478 29 0 0
477 29 0 0
476 29 0 0
475 29 0 0
474 29 0 0
473 29 0 0
472 29 0 0
471 29 0 0
470 29 0 0
469 29 0 0
468 29 0 0
467 29 0 0
466 29 0 0
465 29 0 0
464 29 0 0
463 29 0 0
462 29 0 0
461 29 0 0
460 29 0 0
459 29 0 0
458 29 0 0
457 29 0 0
456 29 0 0
455 29 0 0
454 29 0 0
453 29 0 0
452 29 0 0
451 29 0 0
450 29 0 0
449 29 0 0
448 29 0 0
447 29 0 0
446 29 0 0
445 29 0 0
444 29 0 0
443 29 0 0
442 29 0 0
441 29 0 0
440 29 0 0
439 29 0 0
438 29 0 0
437 29 0 0
436 29 0 0
435 29 0 0
434 29 0 0
433 29 0 0
432 29 0 0
431 29 0 0
430 29 0 0
429 29 0 0
428 29 0 0
427 29 0 0
426 29 0 0
425 29 0 0
424 29 0 0
423 29 0 0
422 29 0 0
421 29 0 0
420 29 0 0
419 29 0 0
418 29 0 0
417 29 0 0
416 29 0 0
415 29 0 0
414 29 0 0
413 29 0 0
412 29 0 0
411 29 0 0
410 29 0 0
409 29 0 0
408 29 0 0
407 29 0 0
406 29 0 0
405 29 0 0
404 29 0 0
403 29 0 0
402 29 0 0
401 29 0 0
400 29 0 0
399 29 0 0
398 29 0 0
397 29 0 0
396 29 0 0
395 29 0 0
394 29 0 0
393 29 0 0
392 29 0 0
391 29 0 0
390 29 0 0
389 29 0 0
388 29 0 0
387 29 0 0
386 29 0 0
385 29 0 0
384 29 0 0
383 29 0 0
382 29 0 0
381 29 0 0
380 29 0 0
379 29 0 0
378 29 0 0
377 29 0 0
376 29 0 0
375 29 0 0
374 29 0 0
373 29 0 0
372 29 0 0
371 29 0 0
370 29 0 0
369 29 0 0
368 29 0 0
367 29 0 0
366 29 0 0
365 29 0 0
364 29 0 0
363 29 0 0
362 29 0 0
361 29 0 0
360 29 0 0
359 29 0 0
358 29 0 0
357 29 0 0
356 29 0 0
355 29 0 0
354 29 0 0
353 29 0 0
352 29 0 0
480 28 0 0
479 28 0 0
478 28 0 0
477 28 0 0
476 28 0 0
475 28 0 0
474 28 0 0
473 28 0 0
472 28 0 0
471 28 0 0
470 28 0 0
469 28 0 0
468 28 0 0
467 28 0 0
466 28 0 0
465 28 0 0
464 28 0 0
463 28 0 0
462 28 0 0
461 28 0 0
460 28 0 0
459 28 0 0
458 28 0 0
457 28 0 0
456 28 0 0
455 28 0 0
454 28 0 0
453 28 0 0
452 28 0 0
451 28 0 0
450 28 0 0
449 28 0 0
448 28 0 0
447 28 0 0
446 28 0 0
445 28 0 0
444 28 0 0
443 28 0 0
442 28 0 0
441 28 0 0
440 28 0 0
439 28 0 0
438 28 0 0
437 28 0 0
436 28 0 0
435 28 0 0
434 28 0 0
433 28 0 0
432 28 0 0
431 28 0 0
430 28 0 0
429 28 0 0
428 28 0 0
427 28 0 0
426 28 0 0
425 28 0 0
424 28 0 0
423 28 0 0
422 28 0 0
421 28 0 0
420 28 0 0
419 28 0 0
418 28 0 0
417 28 0 0
416 28 0 0
415 28 0 0
414 28 0 0
413 28 0 0
412 28 0 0
411 28 0 0
410 28 0 0
409 28 0 0
408 28 0 0
407 28 0 0
406 28 0 0
405 28 0 0
404 28 0 0
403 28 0 0
402 28 0 0
401 28 0 0
400 28 0 0
399 28 0 0
398 28 0 0
397 28 0 0
396 28 0 0
395 28 0 0
394 28 0 0
393 28 0 0
392 28 0 0
391 28 0 0
390 28 0 0
389 28 0 0
388 28 0 0
387 28 0 0
386 28 0 0
385 28 0 0
384 28 0 0
383 28 0 0
382 28 0 0
381 28 0 0
380 28 0 0
379 28 0 0
378 28 0 0
377 28 0 0
376 28 0 0
375 28 0 0
374 28 0 0
373 28 0 0
372 28 0 0
371 28 0 0
370 28 0 0
369 28 0 0
368 28 0 0
367 28 0 0
366 28 0 0
365 28 0 0
364 28 0 0
363 28 0 0
362 28 0 0
361 28 0 0
360 28 0 0
359 28 0 0
358 28 0 0
357 28 0 0
356 28 0 0
355 28 0 0
354 28 0 0
353 28 0 0
352 28 0 0
480 27 0 0
479 27 0 0
478 27 0 0
477 27 0 0
476 27 0 0
475 27 0 0
474 27 0 0
473 27 0 0
472 27 0 0
471 27 0 0
470 27 0 0
469 27 0 0
468 27 0 0
467 27 0 0
466 27 0 0
465 27 0 0
464 27 0 0
463 27 0 0
462 27 0 0
461 27 0 0
460 27 0 0
459 27 0 0
458 27 0 0
457 27 0 0
456 27 0 0
455 27 0 0
454 27 0 0
453 27 0 0
452 27 0 0
451 27 0 0
450 27 0 0
449 27 0 0
448 27 0 0
447 27 0 0
446 27 0 0
445 27 0 0
444 27 0 0
443 27 0 0
442 27 0 0
441 27 0 0
440 27 0 0
439 27 0 0
438 27 0 0
437 27 0 0
436 27 0 0
435 27 0 0
434 27 0 0
433 27 0 0
432 27 0 0
431 27 0 0
430 27 0 0
429 27 0 0
428 27 0 0
427 27 0 0
426 27 0 0
425 27 0 0
424 27 0 0
423 27 0 0
422 27 0 0
421 27 0 0
420 27 0 0
419 27 0 0
418 27 0 0
417 27 0 0
416 27 0 0
415 27 0 0
414 27 0 0
413 27 0 0
412 27 0 0
411 27 0 0
410 27 0 0
409 27 0 0
408 27 0 0
407 27 0 0
406 27 0 0
405 27 0 0
404 27 0 0
403 27 0 0
402 27 0 0
401 27 0 0
400 27 0 0
399 27 0 0
398 27 0 0
397 27 0 0
396 27 0 0
395 27 0 0
394 27 0 0
393 27 0 0
392 27 0 0
391 27 0 0
390 27 0 0
389 27 0 0
388 27 0 0
387 27 0 0
386 27 0 0
385 27 0 0
384 27 0 0
383 27 0 0
382 27 0 0
381 27 0 0
380 27 0 0
379 27 0 0
378 27 0 0
377 27 0 0
376 27 0 0
375 27 0 0
374 27 0 0
373 27 0 0
372 27 0 0
371 27 0 0
370 27 0 0
369 27 0 0
368 27 0 0
367 27 0 0
366 27 0 0
365 27 0 0
364 27 0 0
363 27 0 0
362 27 0 0
361 27 0 0
360 27 0 0
359 27 0 0
358 27 0 0
357 27 0 0
356 27 0 0
355 27 0 0
354 27 0 0
353 27 0 0
352 27 0 0
