4974 450 600
244 507 0 0
243 507 0 0
242 507 0 0
241 507 0 0
240 507 0 0
239 507 0 0
238 507 0 0
244 506 0 0
243 506 0 0
242 506 0 0
241 506 0 0
240 506 0 0
239 506 0 0
238 506 0 0
237 506 0 0
236 506 0 0
244 505 0 0
243 505 0 0
242 505 0 0
241 505 0 0
240 505 0 0
239 505 0 0
238 505 0 0
237 505 0 0
236 505 0 0
235 505 0 0
234 505 0 0
233 505 0 0
232 505 0 0
231 505 0 0
244 504 0 0
243 504 0 0
242 504 0 0
241 504 0 0
240 504 0 0
239 504 0 0
238 504 0 0
237 504 0 0
236 504 0 0
235 504 0 0
234 504 0 0
233 504 0 0
232 504 0 0
231 504 0 0
230 504 0 0
229 504 0 0
228 504 0 0
241 503 0 0
240 503 0 0
239 503 0 0
238 503 0 0
237 503 0 0
236 503 0 0
235 503 0 0
234 503 0 0
233 503 0 0
232 503 0 0
231 503 0 0
230 503 0 0
229 503 0 0
228 503 0 0
227 503 0 0
226 503 0 0
225 503 0 0
224 503 0 0
239 502 0 0
238 502 0 0
237 502 0 0
236 502 0 0
235 502 0 0
234 502 0 0
233 502 0 0
232 502 0 0
231 502 0 0
230 502 0 0
229 502 0 0
228 502 0 0
227 502 0 0
226 502 0 0
225 502 0 0
224 502 0 0
223 502 0 0
222 502 0 0
221 502 0 0
220 502 0 0
237 501 0 0
236 501 0 0
235 501 0 0
234 501 0 0
233 501 0 0
232 501 0 0
231 501 0 0
230 501 0 0
229 501 0 0
228 501 0 0
227 501 0 0
226 501 0 0
225 501 0 0
224 501 0 0
223 501 0 0
222 501 0 0
221 501 0 0
220 501 0 0
219 501 0 0
218 501 0 0
232 500 0 0
231 500 0 0
230 500 0 0
229 500 0 0
228 500 0 0
227 500 0 0
226 500 0 0
225 500 0 0
224 500 0 0
223 500 0 0
222 500 0 0
221 500 0 0
220 500 0 0
219 500 0 0
218 500 0 0
217 500 0 0
216 500 0 0
229 499 0 0
228 499 0 0
227 499 0 0
226 499 0 0
225 499 0 0
224 499 0 0
223 499 0 0
222 499 0 0
221 499 0 0
220 499 0 0
219 499 0 0
218 499 0 0
217 499 0 0
216 499 0 0
215 499 0 0
214 499 0 0
213 499 0 0
225 498 0 0
224 498 0 0
223 498 0 0
222 498 0 0
221 498 0 0
220 498 0 0
219 498 0 0
218 498 0 0
217 498 0 0
216 498 0 0
215 498 0 0
214 498 0 0
213 498 0 0
212 498 0 0
211 498 0 0
210 498 0 0
221 497 0 0
220 497 0 0
219 497 0 0
218 497 0 0
217 497 0 0
216 497 0 0
215 497 0 0
214 497 0 0
213 497 0 0
212 497 0 0
211 497 0 0
210 497 0 0
209 497 0 0
208 497 0 0
207 497 0 0
218 496 0 0
217 496 0 0
216 496 0 0
215 496 0 0
214 496 0 0
213 496 0 0
212 496 0 0
211 496 0 0
210 496 0 0
209 496 0 0
208 496 0 0
207 496 0 0
206 496 0 0
205 496 0 0
204 496 0 0
216 495 0 0
215 495 0 0
214 495 0 0
213 495 0 0
212 495 0 0
211 495 0 0
210 495 0 0
209 495 0 0
208 495 0 0
207 495 0 0
206 495 0 0
205 495 0 0
204 495 0 0
203 495 0 0
202 495 0 0
201 495 0 0
214 494 0 0
213 494 0 0
212 494 0 0
211 494 0 0
210 494 0 0
209 494 0 0
208 494 0 0
207 494 0 0
206 494 0 0
205 494 0 0
204 494 0 0
203 494 0 0
202 494 0 0
201 494 0 0
200 494 0 0
199 494 0 0
198 494 0 0
335 493 0 0
334 493 0 0
333 493 0 0
332 493 0 0
211 493 0 0
210 493 0 0
209 493 0 0
208 493 0 0
207 493 0 0
206 493 0 0
205 493 0 0
204 493 0 0
203 493 0 0
202 493 0 0
201 493 0 0
200 493 0 0
199 493 0 0
198 493 0 0
197 493 0 0
196 493 0 0
195 493 0 0
335 492 0 0
334 492 0 0
333 492 0 0
332 492 0 0
208 492 0 0
207 492 0 0
206 492 0 0
205 492 0 0
204 492 0 0
203 492 0 0
202 492 0 0
201 492 0 0
200 492 0 0
199 492 0 0
198 492 0 0
197 492 0 0
196 492 0 0
195 492 0 0
194 492 0 0
193 492 0 0
335 491 0 0
334 491 0 0
333 491 0 0
332 491 0 0
205 491 0 0
204 491 0 0
203 491 0 0
202 491 0 0
201 491 0 0
200 491 0 0
199 491 0 0
198 491 0 0
197 491 0 0
196 491 0 0
195 491 0 0
194 491 0 0
193 491 0 0
192 491 0 0
191 491 0 0
190 491 0 0
335 490 0 0
334 490 0 0
333 490 0 0
332 490 0 0
202 490 0 0
201 490 0 0
200 490 0 0
199 490 0 0
198 490 0 0
197 490 0 0
196 490 0 0
195 490 0 0
194 490 0 0
193 490 0 0
192 490 0 0
191 490 0 0
190 490 0 0
189 490 0 0
188 490 0 0
335 489 0 0
334 489 0 0
333 489 0 0
332 489 0 0
199 489 0 0
198 489 0 0
197 489 0 0
196 489 0 0
195 489 0 0
194 489 0 0
193 489 0 0
192 489 0 0
191 489 0 0
190 489 0 0
189 489 0 0
188 489 0 0
187 489 0 0
186 489 0 0
185 489 0 0
336 488 0 0
335 488 0 0
334 488 0 0
333 488 0 0
332 488 0 0
196 488 0 0
195 488 0 0
194 488 0 0
193 488 0 0
192 488 0 0
191 488 0 0
190 488 0 0
189 488 0 0
188 488 0 0
187 488 0 0
186 488 0 0
185 488 0 0
184 488 0 0
183 488 0 0
336 487 0 0
335 487 0 0
334 487 0 0
333 487 0 0
332 487 0 0
193 487 0 0
192 487 0 0
191 487 0 0
190 487 0 0
189 487 0 0
188 487 0 0
187 487 0 0
186 487 0 0
185 487 0 0
184 487 0 0
183 487 0 0
182 487 0 0
181 487 0 0
180 487 0 0
337 486 0 0
336 486 0 0
335 486 0 0
334 486 0 0
333 486 0 0
332 486 0 0
191 486 0 0
190 486 0 0
189 486 0 0
188 486 0 0
187 486 0 0
186 486 0 0
185 486 0 0
184 486 0 0
183 486 0 0
182 486 0 0
181 486 0 0
180 486 0 0
179 486 0 0
178 486 0 0
337 485 0 0
336 485 0 0
335 485 0 0
334 485 0 0
333 485 0 0
332 485 0 0
188 485 0 0
187 485 0 0
186 485 0 0
185 485 0 0
184 485 0 0
183 485 0 0
182 485 0 0
181 485 0 0
180 485 0 0
179 485 0 0
178 485 0 0
177 485 0 0
176 485 0 0
338 484 0 0
337 484 0 0
336 484 0 0
335 484 0 0
334 484 0 0
333 484 0 0
186 484 0 0
185 484 0 0
184 484 0 0
183 484 0 0
182 484 0 0
181 484 0 0
180 484 0 0
179 484 0 0
178 484 0 0
177 484 0 0
176 484 0 0
175 484 0 0
174 484 0 0
338 483 0 0
337 483 0 0
336 483 0 0
335 483 0 0
334 483 0 0
333 483 0 0
183 483 0 0
182 483 0 0
181 483 0 0
180 483 0 0
179 483 0 0
178 483 0 0
177 483 0 0
176 483 0 0
175 483 0 0
174 483 0 0
173 483 0 0
172 483 0 0
171 483 0 0
339 482 0 0
338 482 0 0
337 482 0 0
336 482 0 0
335 482 0 0
334 482 0 0
181 482 0 0
180 482 0 0
179 482 0 0
178 482 0 0
177 482 0 0
176 482 0 0
175 482 0 0
174 482 0 0
173 482 0 0
172 482 0 0
171 482 0 0
170 482 0 0
169 482 0 0
339 481 0 0
338 481 0 0
337 481 0 0
336 481 0 0
335 481 0 0
334 481 0 0
179 481 0 0
178 481 0 0
177 481 0 0
176 481 0 0
175 481 0 0
174 481 0 0
173 481 0 0
172 481 0 0
171 481 0 0
170 481 0 0
169 481 0 0
168 481 0 0
340 480 0 0
339 480 0 0
338 480 0 0
337 480 0 0
336 480 0 0
335 480 0 0
177 480 0 0
176 480 0 0
175 480 0 0
174 480 0 0
173 480 0 0
172 480 0 0
171 480 0 0
170 480 0 0
169 480 0 0
168 480 0 0
167 480 0 0
166 480 0 0
340 479 0 0
339 479 0 0
338 479 0 0
337 479 0 0
336 479 0 0
335 479 0 0
174 479 0 0
173 479 0 0
172 479 0 0
171 479 0 0
170 479 0 0
169 479 0 0
168 479 0 0
167 479 0 0
166 479 0 0
165 479 0 0
164 479 0 0
341 478 0 0
340 478 0 0
339 478 0 0
338 478 0 0
337 478 0 0
336 478 0 0
172 478 0 0
171 478 0 0
170 478 0 0
169 478 0 0
168 478 0 0
167 478 0 0
166 478 0 0
165 478 0 0
164 478 0 0
163 478 0 0
162 478 0 0
161 478 0 0
341 477 0 0
340 477 0 0
339 477 0 0
338 477 0 0
337 477 0 0
336 477 0 0
170 477 0 0
169 477 0 0
168 477 0 0
167 477 0 0
166 477 0 0
165 477 0 0
164 477 0 0
163 477 0 0
162 477 0 0
161 477 0 0
160 477 0 0
342 476 0 0
341 476 0 0
340 476 0 0
339 476 0 0
338 476 0 0
337 476 0 0
169 476 0 0
168 476 0 0
167 476 0 0
166 476 0 0
165 476 0 0
164 476 0 0
163 476 0 0
162 476 0 0
161 476 0 0
160 476 0 0
159 476 0 0
158 476 0 0
342 475 0 0
341 475 0 0
340 475 0 0
339 475 0 0
338 475 0 0
337 475 0 0
167 475 0 0
166 475 0 0
165 475 0 0
164 475 0 0
163 475 0 0
162 475 0 0
161 475 0 0
160 475 0 0
159 475 0 0
158 475 0 0
157 475 0 0
343 474 0 0
342 474 0 0
341 474 0 0
340 474 0 0
339 474 0 0
338 474 0 0
164 474 0 0
163 474 0 0
162 474 0 0
161 474 0 0
160 474 0 0
159 474 0 0
158 474 0 0
157 474 0 0
156 474 0 0
343 473 0 0
342 473 0 0
341 473 0 0
340 473 0 0
339 473 0 0
338 473 0 0
162 473 0 0
161 473 0 0
160 473 0 0
159 473 0 0
158 473 0 0
157 473 0 0
156 473 0 0
155 473 0 0
154 473 0 0
344 472 0 0
343 472 0 0
342 472 0 0
341 472 0 0
340 472 0 0
339 472 0 0
161 472 0 0
160 472 0 0
159 472 0 0
158 472 0 0
157 472 0 0
156 472 0 0
155 472 0 0
154 472 0 0
153 472 0 0
344 471 0 0
343 471 0 0
342 471 0 0
341 471 0 0
340 471 0 0
339 471 0 0
159 471 0 0
158 471 0 0
157 471 0 0
156 471 0 0
155 471 0 0
154 471 0 0
153 471 0 0
152 471 0 0
345 470 0 0
344 470 0 0
343 470 0 0
342 470 0 0
341 470 0 0
340 470 0 0
158 470 0 0
157 470 0 0
156 470 0 0
155 470 0 0
154 470 0 0
153 470 0 0
152 470 0 0
151 470 0 0
345 469 0 0
344 469 0 0
343 469 0 0
342 469 0 0
341 469 0 0
340 469 0 0
156 469 0 0
155 469 0 0
154 469 0 0
153 469 0 0
152 469 0 0
151 469 0 0
150 469 0 0
346 468 0 0
345 468 0 0
344 468 0 0
343 468 0 0
342 468 0 0
341 468 0 0
155 468 0 0
154 468 0 0
153 468 0 0
152 468 0 0
151 468 0 0
150 468 0 0
149 468 0 0
346 467 0 0
345 467 0 0
344 467 0 0
343 467 0 0
342 467 0 0
341 467 0 0
154 467 0 0
153 467 0 0
152 467 0 0
151 467 0 0
150 467 0 0
149 467 0 0
148 467 0 0
347 466 0 0
346 466 0 0
345 466 0 0
344 466 0 0
343 466 0 0
342 466 0 0
153 466 0 0
152 466 0 0
151 466 0 0
150 466 0 0
149 466 0 0
148 466 0 0
347 465 0 0
346 465 0 0
345 465 0 0
344 465 0 0
343 465 0 0
342 465 0 0
152 465 0 0
151 465 0 0
150 465 0 0
149 465 0 0
148 465 0 0
147 465 0 0
348 464 0 0
347 464 0 0
346 464 0 0
345 464 0 0
344 464 0 0
343 464 0 0
152 464 0 0
151 464 0 0
150 464 0 0
149 464 0 0
148 464 0 0
147 464 0 0
146 464 0 0
348 463 0 0
347 463 0 0
346 463 0 0
345 463 0 0
344 463 0 0
343 463 0 0
151 463 0 0
150 463 0 0
149 463 0 0
148 463 0 0
147 463 0 0
146 463 0 0
145 463 0 0
348 462 0 0
347 462 0 0
346 462 0 0
345 462 0 0
344 462 0 0
150 462 0 0
149 462 0 0
148 462 0 0
147 462 0 0
146 462 0 0
145 462 0 0
144 462 0 0
348 461 0 0
347 461 0 0
346 461 0 0
345 461 0 0
344 461 0 0
149 461 0 0
148 461 0 0
147 461 0 0
146 461 0 0
145 461 0 0
144 461 0 0
143 461 0 0
348 460 0 0
347 460 0 0
346 460 0 0
345 460 0 0
344 460 0 0
148 460 0 0
147 460 0 0
146 460 0 0
145 460 0 0
144 460 0 0
143 460 0 0
142 460 0 0
349 459 0 0
348 459 0 0
347 459 0 0
346 459 0 0
345 459 0 0
344 459 0 0
147 459 0 0
146 459 0 0
145 459 0 0
144 459 0 0
143 459 0 0
142 459 0 0
349 458 0 0
348 458 0 0
347 458 0 0
346 458 0 0
345 458 0 0
344 458 0 0
146 458 0 0
145 458 0 0
144 458 0 0
143 458 0 0
142 458 0 0
141 458 0 0
350 457 0 0
349 457 0 0
348 457 0 0
347 457 0 0
346 457 0 0
345 457 0 0
146 457 0 0
145 457 0 0
144 457 0 0
143 457 0 0
142 457 0 0
141 457 0 0
351 456 0 0
350 456 0 0
349 456 0 0
348 456 0 0
347 456 0 0
346 456 0 0
345 456 0 0
145 456 0 0
144 456 0 0
143 456 0 0
142 456 0 0
141 456 0 0
140 456 0 0
351 455 0 0
350 455 0 0
349 455 0 0
348 455 0 0
347 455 0 0
346 455 0 0
145 455 0 0
144 455 0 0
143 455 0 0
142 455 0 0
141 455 0 0
140 455 0 0
352 454 0 0
351 454 0 0
350 454 0 0
349 454 0 0
348 454 0 0
347 454 0 0
144 454 0 0
143 454 0 0
142 454 0 0
141 454 0 0
140 454 0 0
139 454 0 0
352 453 0 0
351 453 0 0
350 453 0 0
349 453 0 0
348 453 0 0
347 453 0 0
144 453 0 0
143 453 0 0
142 453 0 0
141 453 0 0
140 453 0 0
139 453 0 0
353 452 0 0
352 452 0 0
351 452 0 0
350 452 0 0
349 452 0 0
348 452 0 0
143 452 0 0
142 452 0 0
141 452 0 0
140 452 0 0
139 452 0 0
354 451 0 0
353 451 0 0
352 451 0 0
351 451 0 0
350 451 0 0
349 451 0 0
348 451 0 0
143 451 0 0
142 451 0 0
141 451 0 0
140 451 0 0
139 451 0 0
138 451 0 0
354 450 0 0
353 450 0 0
352 450 0 0
351 450 0 0
350 450 0 0
349 450 0 0
142 450 0 0
141 450 0 0
140 450 0 0
139 450 0 0
138 450 0 0
355 449 0 0
354 449 0 0
353 449 0 0
352 449 0 0
351 449 0 0
350 449 0 0
142 449 0 0
141 449 0 0
140 449 0 0
139 449 0 0
138 449 0 0
137 449 0 0
355 448 0 0
354 448 0 0
353 448 0 0
352 448 0 0
351 448 0 0
350 448 0 0
142 448 0 0
141 448 0 0
140 448 0 0
139 448 0 0
138 448 0 0
137 448 0 0
356 447 0 0
355 447 0 0
354 447 0 0
353 447 0 0
352 447 0 0
351 447 0 0
141 447 0 0
140 447 0 0
139 447 0 0
138 447 0 0
137 447 0 0
136 447 0 0
356 446 0 0
355 446 0 0
354 446 0 0
353 446 0 0
352 446 0 0
351 446 0 0
141 446 0 0
140 446 0 0
139 446 0 0
138 446 0 0
137 446 0 0
136 446 0 0
357 445 0 0
356 445 0 0
355 445 0 0
354 445 0 0
353 445 0 0
352 445 0 0
140 445 0 0
139 445 0 0
138 445 0 0
137 445 0 0
136 445 0 0
135 445 0 0
357 444 0 0
356 444 0 0
355 444 0 0
354 444 0 0
353 444 0 0
352 444 0 0
140 444 0 0
139 444 0 0
138 444 0 0
137 444 0 0
136 444 0 0
135 444 0 0
358 443 0 0
357 443 0 0
356 443 0 0
355 443 0 0
354 443 0 0
353 443 0 0
139 443 0 0
138 443 0 0
137 443 0 0
136 443 0 0
135 443 0 0
134 443 0 0
359 442 0 0
358 442 0 0
357 442 0 0
356 442 0 0
355 442 0 0
354 442 0 0
138 442 0 0
137 442 0 0
136 442 0 0
135 442 0 0
134 442 0 0
133 442 0 0
359 441 0 0
358 441 0 0
357 441 0 0
356 441 0 0
355 441 0 0
354 441 0 0
138 441 0 0
137 441 0 0
136 441 0 0
135 441 0 0
134 441 0 0
133 441 0 0
360 440 0 0
359 440 0 0
358 440 0 0
357 440 0 0
356 440 0 0
355 440 0 0
137 440 0 0
136 440 0 0
135 440 0 0
134 440 0 0
133 440 0 0
132 440 0 0
360 439 0 0
359 439 0 0
358 439 0 0
357 439 0 0
356 439 0 0
355 439 0 0
137 439 0 0
136 439 0 0
135 439 0 0
134 439 0 0
133 439 0 0
132 439 0 0
361 438 0 0
360 438 0 0
359 438 0 0
358 438 0 0
357 438 0 0
356 438 0 0
192 438 0 1
191 438 0 1
190 438 0 1
189 438 0 1
136 438 0 0
135 438 0 0
134 438 0 0
133 438 0 0
132 438 0 0
131 438 0 0
362 437 0 0
361 437 0 0
360 437 0 0
359 437 0 0
358 437 0 0
357 437 0 0
356 437 0 0
192 437 0 1
191 437 0 1
190 437 0 1
189 437 0 1
135 437 0 0
134 437 0 0
133 437 0 0
132 437 0 0
131 437 0 0
130 437 0 0
363 436 0 0
362 436 0 0
361 436 0 0
360 436 0 0
359 436 0 0
358 436 0 0
357 436 0 0
192 436 0 1
191 436 0 1
190 436 0 1
189 436 0 1
135 436 0 0
134 436 0 0
133 436 0 0
132 436 0 0
131 436 0 0
130 436 0 0
363 435 0 0
362 435 0 0
361 435 0 0
360 435 0 0
359 435 0 0
358 435 0 0
192 435 0 1
191 435 0 1
190 435 0 1
189 435 0 1
134 435 0 0
133 435 0 0
132 435 0 0
131 435 0 0
130 435 0 0
129 435 0 0
364 434 0 0
363 434 0 0
362 434 0 0
361 434 0 0
360 434 0 0
359 434 0 0
358 434 0 0
192 434 0 1
191 434 0 1
190 434 0 1
189 434 0 1
134 434 0 0
133 434 0 0
132 434 0 0
131 434 0 0
130 434 0 0
129 434 0 0
365 433 0 0
364 433 0 0
363 433 0 0
362 433 0 0
361 433 0 0
360 433 0 0
359 433 0 0
192 433 0 1
191 433 0 1
190 433 0 1
189 433 0 1
133 433 0 0
132 433 0 0
131 433 0 0
130 433 0 0
129 433 0 0
128 433 0 0
365 432 0 0
364 432 0 0
363 432 0 0
362 432 0 0
361 432 0 0
360 432 0 0
192 432 0 1
191 432 0 1
190 432 0 1
189 432 0 1
133 432 0 0
132 432 0 0
131 432 0 0
130 432 0 0
129 432 0 0
128 432 0 0
366 431 0 0
365 431 0 0
364 431 0 0
363 431 0 0
362 431 0 0
361 431 0 0
192 431 0 1
191 431 0 1
190 431 0 1
189 431 0 1
132 431 0 0
131 431 0 0
130 431 0 0
129 431 0 0
128 431 0 0
367 430 0 0
366 430 0 0
365 430 0 0
364 430 0 0
363 430 0 0
362 430 0 0
361 430 0 0
192 430 0 1
191 430 0 1
190 430 0 1
189 430 0 1
132 430 0 0
131 430 0 0
130 430 0 0
129 430 0 0
128 430 0 0
127 430 0 0
368 429 0 0
367 429 0 0
366 429 0 0
365 429 0 0
364 429 0 0
363 429 0 0
362 429 0 0
192 429 0 1
191 429 0 1
190 429 0 1
189 429 0 1
131 429 0 0
130 429 0 0
129 429 0 0
128 429 0 0
127 429 0 0
369 428 0 0
368 428 0 0
367 428 0 0
366 428 0 0
365 428 0 0
364 428 0 0
363 428 0 0
192 428 0 1
191 428 0 1
190 428 0 1
189 428 0 1
131 428 0 0
130 428 0 0
129 428 0 0
128 428 0 0
127 428 0 0
126 428 0 0
369 427 0 0
368 427 0 0
367 427 0 0
366 427 0 0
365 427 0 0
364 427 0 0
363 427 0 0
192 427 0 1
191 427 0 1
190 427 0 1
189 427 0 1
130 427 0 0
129 427 0 0
128 427 0 0
127 427 0 0
126 427 0 0
370 426 0 0
369 426 0 0
368 426 0 0
367 426 0 0
366 426 0 0
365 426 0 0
364 426 0 0
192 426 0 1
191 426 0 1
190 426 0 1
189 426 0 1
130 426 0 0
129 426 0 0
128 426 0 0
127 426 0 0
126 426 0 0
125 426 0 0
370 425 0 0
369 425 0 0
368 425 0 0
367 425 0 0
366 425 0 0
365 425 0 0
192 425 0 1
191 425 0 1
190 425 0 1
189 425 0 1
129 425 0 0
128 425 0 0
127 425 0 0
126 425 0 0
125 425 0 0
371 424 0 0
370 424 0 0
369 424 0 0
368 424 0 0
367 424 0 0
366 424 0 0
192 424 0 1
191 424 0 1
190 424 0 1
189 424 0 1
129 424 0 0
128 424 0 0
127 424 0 0
126 424 0 0
125 424 0 0
124 424 0 0
371 423 0 0
370 423 0 0
369 423 0 0
368 423 0 0
367 423 0 0
366 423 0 0
192 423 0 1
191 423 0 1
190 423 0 1
189 423 0 1
129 423 0 0
128 423 0 0
127 423 0 0
126 423 0 0
125 423 0 0
124 423 0 0
372 422 0 0
371 422 0 0
370 422 0 0
369 422 0 0
368 422 0 0
367 422 0 0
192 422 0 1
191 422 0 1
190 422 0 1
189 422 0 1
128 422 0 0
127 422 0 0
126 422 0 0
125 422 0 0
124 422 0 0
123 422 0 0
372 421 0 0
371 421 0 0
370 421 0 0
369 421 0 0
368 421 0 0
367 421 0 0
192 421 0 1
191 421 0 1
190 421 0 1
189 421 0 1
128 421 0 0
127 421 0 0
126 421 0 0
125 421 0 0
124 421 0 0
123 421 0 0
372 420 0 0
371 420 0 0
370 420 0 0
369 420 0 0
368 420 0 0
192 420 0 1
191 420 0 1
190 420 0 1
189 420 0 1
127 420 0 0
126 420 0 0
125 420 0 0
124 420 0 0
123 420 0 0
373 419 0 0
372 419 0 0
371 419 0 0
370 419 0 0
369 419 0 0
368 419 0 0
192 419 0 1
191 419 0 1
190 419 0 1
189 419 0 1
127 419 0 0
126 419 0 0
125 419 0 0
124 419 0 0
123 419 0 0
122 419 0 0
374 418 0 0
373 418 0 0
372 418 0 0
371 418 0 0
370 418 0 0
369 418 0 0
368 418 0 0
192 418 0 1
191 418 0 1
190 418 0 1
189 418 0 1
127 418 0 0
126 418 0 0
125 418 0 0
124 418 0 0
123 418 0 0
122 418 0 0
375 417 0 0
374 417 0 0
373 417 0 0
372 417 0 0
371 417 0 0
370 417 0 0
369 417 0 0
192 417 0 1
191 417 0 1
190 417 0 1
189 417 0 1
126 417 0 0
125 417 0 0
124 417 0 0
123 417 0 0
122 417 0 0
375 416 0 0
374 416 0 0
373 416 0 0
372 416 0 0
371 416 0 0
370 416 0 0
192 416 0 1
191 416 0 1
190 416 0 1
189 416 0 1
126 416 0 0
125 416 0 0
124 416 0 0
123 416 0 0
122 416 0 0
121 416 0 0
375 415 0 0
374 415 0 0
373 415 0 0
372 415 0 0
371 415 0 0
192 415 0 1
191 415 0 1
190 415 0 1
189 415 0 1
126 415 0 0
125 415 0 0
124 415 0 0
123 415 0 0
122 415 0 0
121 415 0 0
375 414 0 0
374 414 0 0
373 414 0 0
372 414 0 0
371 414 0 0
192 414 0 1
191 414 0 1
190 414 0 1
189 414 0 1
125 414 0 0
124 414 0 0
123 414 0 0
122 414 0 0
121 414 0 0
375 413 0 0
374 413 0 0
373 413 0 0
372 413 0 0
192 413 0 1
191 413 0 1
190 413 0 1
189 413 0 1
125 413 0 0
124 413 0 0
123 413 0 0
122 413 0 0
121 413 0 0
120 413 0 0
192 412 0 1
191 412 0 1
190 412 0 1
189 412 0 1
125 412 0 0
124 412 0 0
123 412 0 0
122 412 0 0
121 412 0 0
120 412 0 0
192 411 0 1
191 411 0 1
190 411 0 1
189 411 0 1
124 411 0 0
123 411 0 0
122 411 0 0
121 411 0 0
120 411 0 0
193 410 0 1
192 410 0 1
191 410 0 1
190 410 0 1
189 410 0 1
124 410 0 0
123 410 0 0
122 410 0 0
121 410 0 0
120 410 0 0
193 409 0 1
192 409 0 1
191 409 0 1
190 409 0 1
189 409 0 1
124 409 0 0
123 409 0 0
122 409 0 0
121 409 0 0
120 409 0 0
193 408 0 1
192 408 0 1
191 408 0 1
190 408 0 1
189 408 0 1
123 408 0 0
122 408 0 0
121 408 0 0
120 408 0 0
194 407 0 1
193 407 0 1
192 407 0 1
191 407 0 1
190 407 0 1
189 407 0 1
123 407 0 0
122 407 0 0
121 407 0 0
120 407 0 0
194 406 0 1
193 406 0 1
192 406 0 1
191 406 0 1
190 406 0 1
189 406 0 1
123 406 0 0
122 406 0 0
121 406 0 0
120 406 0 0
194 405 0 1
193 405 0 1
192 405 0 1
191 405 0 1
190 405 0 1
123 405 0 0
122 405 0 0
121 405 0 0
120 405 0 0
195 404 0 1
194 404 0 1
193 404 0 1
192 404 0 1
191 404 0 1
190 404 0 1
123 404 0 0
122 404 0 0
121 404 0 0
120 404 0 0
195 403 0 1
194 403 0 1
193 403 0 1
192 403 0 1
191 403 0 1
123 403 0 0
122 403 0 0
121 403 0 0
120 403 0 0
195 402 0 1
194 402 0 1
193 402 0 1
192 402 0 1
191 402 0 1
123 402 0 0
122 402 0 0
121 402 0 0
120 402 0 0
196 401 0 1
195 401 0 1
194 401 0 1
193 401 0 1
192 401 0 1
191 401 0 1
123 401 0 0
122 401 0 0
121 401 0 0
120 401 0 0
196 400 0 1
195 400 0 1
194 400 0 1
193 400 0 1
192 400 0 1
123 400 0 0
122 400 0 0
121 400 0 0
120 400 0 0
196 399 0 1
195 399 0 1
194 399 0 1
193 399 0 1
192 399 0 1
123 399 0 0
122 399 0 0
121 399 0 0
120 399 0 0
197 398 0 1
196 398 0 1
195 398 0 1
194 398 0 1
193 398 0 1
192 398 0 1
123 398 0 0
122 398 0 0
121 398 0 0
120 398 0 0
197 397 0 1
196 397 0 1
195 397 0 1
194 397 0 1
193 397 0 1
123 397 0 0
122 397 0 0
121 397 0 0
120 397 0 0
198 396 0 1
197 396 0 1
196 396 0 1
195 396 0 1
194 396 0 1
193 396 0 1
123 396 0 0
122 396 0 0
121 396 0 0
120 396 0 0
198 395 0 1
197 395 0 1
196 395 0 1
195 395 0 1
194 395 0 1
193 395 0 1
123 395 0 0
122 395 0 0
121 395 0 0
120 395 0 0
198 394 0 1
197 394 0 1
196 394 0 1
195 394 0 1
194 394 0 1
123 394 0 0
122 394 0 0
121 394 0 0
120 394 0 0
199 393 0 1
198 393 0 1
197 393 0 1
196 393 0 1
195 393 0 1
194 393 0 1
123 393 0 0
122 393 0 0
121 393 0 0
120 393 0 0
199 392 0 1
198 392 0 1
197 392 0 1
196 392 0 1
195 392 0 1
194 392 0 1
123 392 0 0
122 392 0 0
121 392 0 0
120 392 0 0
199 391 0 1
198 391 0 1
197 391 0 1
196 391 0 1
195 391 0 1
200 390 0 1
199 390 0 1
198 390 0 1
197 390 0 1
196 390 0 1
195 390 0 1
200 389 0 1
199 389 0 1
198 389 0 1
197 389 0 1
196 389 0 1
200 388 0 1
199 388 0 1
198 388 0 1
197 388 0 1
196 388 0 1
201 387 0 1
200 387 0 1
199 387 0 1
198 387 0 1
197 387 0 1
196 387 0 1
201 386 0 1
200 386 0 1
199 386 0 1
198 386 0 1
197 386 0 1
202 385 0 1
201 385 0 1
200 385 0 1
199 385 0 1
198 385 0 1
197 385 0 1
202 384 0 1
201 384 0 1
200 384 0 1
199 384 0 1
198 384 0 1
197 384 0 1
202 383 0 1
201 383 0 1
200 383 0 1
199 383 0 1
198 383 0 1
203 382 0 1
202 382 0 1
201 382 0 1
200 382 0 1
199 382 0 1
198 382 0 1
203 381 0 1
202 381 0 1
201 381 0 1
200 381 0 1
199 381 0 1
204 380 0 1
203 380 0 1
202 380 0 1
201 380 0 1
200 380 0 1
199 380 0 1
204 379 0 1
203 379 0 1
202 379 0 1
201 379 0 1
200 379 0 1
199 379 0 1
204 378 0 1
203 378 0 1
202 378 0 1
201 378 0 1
200 378 0 1
205 377 0 1
204 377 0 1
203 377 0 1
202 377 0 1
201 377 0 1
200 377 0 1
205 376 0 1
204 376 0 1
203 376 0 1
202 376 0 1
201 376 0 1
205 375 0 1
204 375 0 1
203 375 0 1
202 375 0 1
201 375 0 1
206 374 0 1
205 374 0 1
204 374 0 1
203 374 0 1
202 374 0 1
201 374 0 1
206 373 0 1
205 373 0 1
204 373 0 1
203 373 0 1
202 373 0 1
207 372 0 1
206 372 0 1
205 372 0 1
204 372 0 1
203 372 0 1
202 372 0 1
207 371 0 1
206 371 0 1
205 371 0 1
204 371 0 1
203 371 0 1
202 371 0 1
208 370 0 1
207 370 0 1
206 370 0 1
205 370 0 1
204 370 0 1
203 370 0 1
208 369 0 1
207 369 0 1
206 369 0 1
205 369 0 1
204 369 0 1
203 369 0 1
208 368 0 1
207 368 0 1
206 368 0 1
205 368 0 1
204 368 0 1
209 367 0 1
208 367 0 1
207 367 0 1
206 367 0 1
205 367 0 1
204 367 0 1
209 366 0 1
208 366 0 1
207 366 0 1
206 366 0 1
205 366 0 1
210 365 0 1
209 365 0 1
208 365 0 1
207 365 0 1
206 365 0 1
205 365 0 1
210 364 0 1
209 364 0 1
208 364 0 1
207 364 0 1
206 364 0 1
211 363 0 1
210 363 0 1
209 363 0 1
208 363 0 1
207 363 0 1
206 363 0 1
211 362 0 1
210 362 0 1
209 362 0 1
208 362 0 1
207 362 0 1
206 362 0 1
212 361 0 1
211 361 0 1
210 361 0 1
209 361 0 1
208 361 0 1
207 361 0 1
212 360 0 1
211 360 0 1
210 360 0 1
209 360 0 1
208 360 0 1
207 360 0 1
212 359 0 1
211 359 0 1
210 359 0 1
209 359 0 1
208 359 0 1
213 358 0 1
212 358 0 1
211 358 0 1
210 358 0 1
209 358 0 1
208 358 0 1
213 357 0 1
212 357 0 1
211 357 0 1
210 357 0 1
209 357 0 1
214 356 0 1
213 356 0 1
212 356 0 1
211 356 0 1
210 356 0 1
209 356 0 1
214 355 0 1
213 355 0 1
212 355 0 1
211 355 0 1
210 355 0 1
215 354 0 1
214 354 0 1
213 354 0 1
212 354 0 1
211 354 0 1
210 354 0 1
215 353 0 1
214 353 0 1
213 353 0 1
212 353 0 1
211 353 0 1
210 353 0 1
216 352 0 1
215 352 0 1
214 352 0 1
213 352 0 1
212 352 0 1
211 352 0 1
216 351 0 1
215 351 0 1
214 351 0 1
213 351 0 1
212 351 0 1
211 351 0 1
216 350 0 1
215 350 0 1
214 350 0 1
213 350 0 1
212 350 0 1
217 349 0 1
216 349 0 1
215 349 0 1
214 349 0 1
213 349 0 1
212 349 0 1
217 348 0 1
216 348 0 1
215 348 0 1
214 348 0 1
213 348 0 1
212 348 0 1
217 347 0 1
216 347 0 1
215 347 0 1
214 347 0 1
213 347 0 1
218 346 0 1
217 346 0 1
216 346 0 1
215 346 0 1
214 346 0 1
213 346 0 1
218 345 0 1
217 345 0 1
216 345 0 1
215 345 0 1
214 345 0 1
213 345 0 1
218 344 0 1
217 344 0 1
216 344 0 1
215 344 0 1
214 344 0 1
219 343 0 1
218 343 0 1
217 343 0 1
216 343 0 1
215 343 0 1
214 343 0 1
219 342 0 1
218 342 0 1
217 342 0 1
216 342 0 1
215 342 0 1
214 342 0 1
219 341 0 1
218 341 0 1
217 341 0 1
216 341 0 1
215 341 0 1
220 340 0 1
219 340 0 1
218 340 0 1
217 340 0 1
216 340 0 1
215 340 0 1
220 339 0 1
219 339 0 1
218 339 0 1
217 339 0 1
216 339 0 1
215 339 0 1
221 338 0 1
220 338 0 1
219 338 0 1
218 338 0 1
217 338 0 1
216 338 0 1
221 337 0 1
220 337 0 1
219 337 0 1
218 337 0 1
217 337 0 1
216 337 0 1
221 336 0 1
220 336 0 1
219 336 0 1
218 336 0 1
217 336 0 1
222 335 0 1
221 335 0 1
220 335 0 1
219 335 0 1
218 335 0 1
217 335 0 1
222 334 0 1
221 334 0 1
220 334 0 1
219 334 0 1
218 334 0 1
223 333 0 1
222 333 0 1
221 333 0 1
220 333 0 1
219 333 0 1
218 333 0 1
223 332 0 1
222 332 0 1
221 332 0 1
220 332 0 1
219 332 0 1
224 331 0 1
223 331 0 1
222 331 0 1
221 331 0 1
220 331 0 1
219 331 0 1
224 330 0 1
223 330 0 1
222 330 0 1
221 330 0 1
220 330 0 1
219 330 0 1
225 329 0 1
224 329 0 1
223 329 0 1
222 329 0 1
221 329 0 1
220 329 0 1
225 328 0 1
224 328 0 1
223 328 0 1
222 328 0 1
221 328 0 1
220 328 0 1
225 327 0 1
224 327 0 1
223 327 0 1
222 327 0 1
221 327 0 1
226 326 0 1
225 326 0 1
224 326 0 1
223 326 0 1
222 326 0 1
221 326 0 1
226 325 0 1
225 325 0 1
224 325 0 1
223 325 0 1
222 325 0 1
221 325 0 1
226 324 0 1
225 324 0 1
224 324 0 1
223 324 0 1
222 324 0 1
227 323 0 1
226 323 0 1
225 323 0 1
224 323 0 1
223 323 0 1
222 323 0 1
227 322 0 1
226 322 0 1
225 322 0 1
224 322 0 1
223 322 0 1
222 322 0 1
227 321 0 1
226 321 0 1
225 321 0 1
224 321 0 1
223 321 0 1
228 320 0 1
227 320 0 1
226 320 0 1
225 320 0 1
224 320 0 1
223 320 0 1
228 319 0 1
227 319 0 1
226 319 0 1
225 319 0 1
224 319 0 1
223 319 0 1
228 318 0 1
227 318 0 1
226 318 0 1
225 318 0 1
224 318 0 1
229 317 0 1
228 317 0 1
227 317 0 1
226 317 0 1
225 317 0 1
224 317 0 1
229 316 0 1
228 316 0 1
227 316 0 1
226 316 0 1
225 316 0 1
230 315 0 1
229 315 0 1
228 315 0 1
227 315 0 1
226 315 0 1
225 315 0 1
230 314 0 1
229 314 0 1
228 314 0 1
227 314 0 1
226 314 0 1
231 313 0 1
230 313 0 1
229 313 0 1
228 313 0 1
227 313 0 1
226 313 0 1
231 312 0 1
230 312 0 1
229 312 0 1
228 312 0 1
227 312 0 1
226 312 0 1
231 311 0 1
230 311 0 1
229 311 0 1
228 311 0 1
227 311 0 1
232 310 0 1
231 310 0 1
230 310 0 1
229 310 0 1
228 310 0 1
227 310 0 1
232 309 0 1
231 309 0 1
230 309 0 1
229 309 0 1
228 309 0 1
233 308 0 1
232 308 0 1
231 308 0 1
230 308 0 1
229 308 0 1
228 308 0 1
233 307 0 1
232 307 0 1
231 307 0 1
230 307 0 1
229 307 0 1
228 307 0 1
233 306 0 1
232 306 0 1
231 306 0 1
230 306 0 1
229 306 0 1
233 305 0 1
232 305 0 1
231 305 0 1
230 305 0 1
229 305 0 1
234 304 0 1
233 304 0 1
232 304 0 1
231 304 0 1
230 304 0 1
229 304 0 1
235 303 0 1
234 303 0 1
233 303 0 1
232 303 0 1
231 303 0 1
230 303 0 1
229 303 0 1
235 302 0 1
234 302 0 1
233 302 0 1
232 302 0 1
231 302 0 1
230 302 0 1
235 301 0 1
234 301 0 1
233 301 0 1
232 301 0 1
231 301 0 1
236 300 0 1
235 300 0 1
234 300 0 1
233 300 0 1
232 300 0 1
231 300 0 1
236 299 0 1
235 299 0 1
234 299 0 1
233 299 0 1
232 299 0 1
237 298 0 1
236 298 0 1
235 298 0 1
234 298 0 1
233 298 0 1
232 298 0 1
238 297 0 1
237 297 0 1
236 297 0 1
235 297 0 1
234 297 0 1
233 297 0 1
232 297 0 1
239 296 0 1
238 296 0 1
237 296 0 1
236 296 0 1
235 296 0 1
234 296 0 1
233 296 0 1
240 295 0 1
239 295 0 1
238 295 0 1
237 295 0 1
236 295 0 1
235 295 0 1
234 295 0 1
240 294 0 1
239 294 0 1
238 294 0 1
237 294 0 1
236 294 0 1
235 294 0 1
241 293 0 1
240 293 0 1
239 293 0 1
238 293 0 1
237 293 0 1
236 293 0 1
242 292 0 1
241 292 0 1
240 292 0 1
239 292 0 1
238 292 0 1
237 292 0 1
236 292 0 1
243 291 0 1
242 291 0 1
241 291 0 1
240 291 0 1
239 291 0 1
238 291 0 1
237 291 0 1
378 290 0 0
377 290 0 0
376 290 0 0
375 290 0 0
243 290 0 1
242 290 0 1
241 290 0 1
240 290 0 1
239 290 0 1
238 290 0 1
378 289 0 0
377 289 0 0
376 289 0 0
375 289 0 0
244 289 0 1
243 289 0 1
242 289 0 1
241 289 0 1
240 289 0 1
239 289 0 1
378 288 0 0
377 288 0 0
376 288 0 0
375 288 0 0
245 288 0 1
244 288 0 1
243 288 0 1
242 288 0 1
241 288 0 1
240 288 0 1
378 287 0 0
377 287 0 0
376 287 0 0
375 287 0 0
245 287 0 1
244 287 0 1
243 287 0 1
242 287 0 1
241 287 0 1
240 287 0 1
378 286 0 0
377 286 0 0
376 286 0 0
375 286 0 0
245 286 0 1
244 286 0 1
243 286 0 1
242 286 0 1
241 286 0 1
378 285 0 0
377 285 0 0
376 285 0 0
375 285 0 0
374 285 0 0
246 285 0 1
245 285 0 1
244 285 0 1
243 285 0 1
242 285 0 1
241 285 0 1
378 284 0 0
377 284 0 0
376 284 0 0
375 284 0 0
374 284 0 0
247 284 0 1
246 284 0 1
245 284 0 1
244 284 0 1
243 284 0 1
242 284 0 1
241 284 0 1
378 283 0 0
377 283 0 0
376 283 0 0
375 283 0 0
374 283 0 0
249 283 0 1
248 283 0 1
247 283 0 1
246 283 0 1
245 283 0 1
244 283 0 1
243 283 0 1
242 283 0 1
378 282 0 0
377 282 0 0
376 282 0 0
375 282 0 0
374 282 0 0
373 282 0 0
249 282 0 1
248 282 0 1
247 282 0 1
246 282 0 1
245 282 0 1
244 282 0 1
243 282 0 1
378 281 0 0
377 281 0 0
376 281 0 0
375 281 0 0
374 281 0 0
373 281 0 0
249 281 0 1
248 281 0 1
247 281 0 1
246 281 0 1
245 281 0 1
244 281 0 1
377 280 0 0
376 280 0 0
375 280 0 0
374 280 0 0
373 280 0 0
372 280 0 0
249 280 0 1
248 280 0 1
247 280 0 1
246 280 0 1
245 280 0 1
377 279 0 0
376 279 0 0
375 279 0 0
374 279 0 0
373 279 0 0
372 279 0 0
376 278 0 0
375 278 0 0
374 278 0 0
373 278 0 0
372 278 0 0
371 278 0 0
376 277 0 0
375 277 0 0
374 277 0 0
373 277 0 0
372 277 0 0
371 277 0 0
375 276 0 0
374 276 0 0
373 276 0 0
372 276 0 0
371 276 0 0
375 275 0 0
374 275 0 0
373 275 0 0
372 275 0 0
371 275 0 0
375 274 0 0
374 274 0 0
373 274 0 0
372 274 0 0
371 274 0 0
370 274 0 0
375 273 0 0
374 273 0 0
373 273 0 0
372 273 0 0
371 273 0 0
370 273 0 0
374 272 0 0
373 272 0 0
372 272 0 0
371 272 0 0
370 272 0 0
374 271 0 0
373 271 0 0
372 271 0 0
371 271 0 0
370 271 0 0
374 270 0 0
373 270 0 0
372 270 0 0
371 270 0 0
370 270 0 0
369 270 0 0
374 269 0 0
373 269 0 0
372 269 0 0
371 269 0 0
370 269 0 0
369 269 0 0
373 268 0 0
372 268 0 0
371 268 0 0
370 268 0 0
369 268 0 0
368 268 0 0
373 267 0 0
372 267 0 0
371 267 0 0
370 267 0 0
369 267 0 0
368 267 0 0
372 266 0 0
371 266 0 0
370 266 0 0
369 266 0 0
368 266 0 0
372 265 0 0
371 265 0 0
370 265 0 0
369 265 0 0
368 265 0 0
367 265 0 0
371 264 0 0
370 264 0 0
369 264 0 0
368 264 0 0
367 264 0 0
371 263 0 0
370 263 0 0
369 263 0 0
368 263 0 0
367 263 0 0
366 263 0 0
370 262 0 0
369 262 0 0
368 262 0 0
367 262 0 0
366 262 0 0
370 261 0 0
369 261 0 0
368 261 0 0
367 261 0 0
366 261 0 0
365 261 0 0
370 260 0 0
369 260 0 0
368 260 0 0
367 260 0 0
366 260 0 0
365 260 0 0
369 259 0 0
368 259 0 0
367 259 0 0
366 259 0 0
365 259 0 0
364 259 0 0
369 258 0 0
368 258 0 0
367 258 0 0
366 258 0 0
365 258 0 0
364 258 0 0
368 257 0 0
367 257 0 0
366 257 0 0
365 257 0 0
364 257 0 0
363 257 0 0
368 256 0 0
367 256 0 0
366 256 0 0
365 256 0 0
364 256 0 0
363 256 0 0
367 255 0 0
366 255 0 0
365 255 0 0
364 255 0 0
363 255 0 0
362 255 0 0
366 254 0 0
365 254 0 0
364 254 0 0
363 254 0 0
362 254 0 0
361 254 0 0
366 253 0 0
365 253 0 0
364 253 0 0
363 253 0 0
362 253 0 0
361 253 0 0
365 252 0 0
364 252 0 0
363 252 0 0
362 252 0 0
361 252 0 0
360 252 0 0
365 251 0 0
364 251 0 0
363 251 0 0
362 251 0 0
361 251 0 0
360 251 0 0
364 250 0 0
363 250 0 0
362 250 0 0
361 250 0 0
360 250 0 0
359 250 0 0
363 249 0 0
362 249 0 0
361 249 0 0
360 249 0 0
359 249 0 0
358 249 0 0
363 248 0 0
362 248 0 0
361 248 0 0
360 248 0 0
359 248 0 0
358 248 0 0
362 247 0 0
361 247 0 0
360 247 0 0
359 247 0 0
358 247 0 0
357 247 0 0
361 246 0 0
360 246 0 0
359 246 0 0
358 246 0 0
357 246 0 0
356 246 0 0
361 245 0 0
360 245 0 0
359 245 0 0
358 245 0 0
357 245 0 0
356 245 0 0
360 244 0 0
359 244 0 0
358 244 0 0
357 244 0 0
356 244 0 0
355 244 0 0
360 243 0 0
359 243 0 0
358 243 0 0
357 243 0 0
356 243 0 0
355 243 0 0
359 242 0 0
358 242 0 0
357 242 0 0
356 242 0 0
355 242 0 0
354 242 0 0
358 241 0 0
357 241 0 0
356 241 0 0
355 241 0 0
354 241 0 0
353 241 0 0
358 240 0 0
357 240 0 0
356 240 0 0
355 240 0 0
354 240 0 0
353 240 0 0
357 239 0 0
356 239 0 0
355 239 0 0
354 239 0 0
353 239 0 0
352 239 0 0
357 238 0 0
356 238 0 0
355 238 0 0
354 238 0 0
353 238 0 0
352 238 0 0
351 238 0 0
356 237 0 0
355 237 0 0
354 237 0 0
353 237 0 0
352 237 0 0
351 237 0 0
350 237 0 0
355 236 0 0
354 236 0 0
353 236 0 0
352 236 0 0
351 236 0 0
350 236 0 0
349 236 0 0
354 235 0 0
353 235 0 0
352 235 0 0
351 235 0 0
350 235 0 0
349 235 0 0
348 235 0 0
353 234 0 0
352 234 0 0
351 234 0 0
350 234 0 0
349 234 0 0
348 234 0 0
352 233 0 0
351 233 0 0
350 233 0 0
349 233 0 0
348 233 0 0
352 232 0 0
351 232 0 0
350 232 0 0
349 232 0 0
348 232 0 0
347 232 0 0
351 231 0 0
350 231 0 0
349 231 0 0
348 231 0 0
347 231 0 0
351 230 0 0
350 230 0 0
349 230 0 0
348 230 0 0
347 230 0 0
346 230 0 0
351 229 0 0
350 229 0 0
349 229 0 0
348 229 0 0
347 229 0 0
346 229 0 0
350 228 0 0
349 228 0 0
348 228 0 0
347 228 0 0
346 228 0 0
345 228 0 0
349 227 0 0
348 227 0 0
347 227 0 0
346 227 0 0
345 227 0 0
344 227 0 0
349 226 0 0
348 226 0 0
347 226 0 0
346 226 0 0
345 226 0 0
344 226 0 0
348 225 0 0
347 225 0 0
346 225 0 0
345 225 0 0
344 225 0 0
343 225 0 0
348 224 0 0
347 224 0 0
346 224 0 0
345 224 0 0
344 224 0 0
343 224 0 0
347 223 0 0
346 223 0 0
345 223 0 0
344 223 0 0
343 223 0 0
342 223 0 0
347 222 0 0
346 222 0 0
345 222 0 0
344 222 0 0
343 222 0 0
342 222 0 0
341 222 0 0
346 221 0 0
345 221 0 0
344 221 0 0
343 221 0 0
342 221 0 0
341 221 0 0
340 221 0 0
304 221 0 1
303 221 0 1
302 221 0 1
301 221 0 1
300 221 0 1
299 221 0 1
298 221 0 1
297 221 0 1
345 220 0 0
344 220 0 0
343 220 0 0
342 220 0 0
341 220 0 0
340 220 0 0
339 220 0 0
304 220 0 1
303 220 0 1
302 220 0 1
301 220 0 1
300 220 0 1
299 220 0 1
298 220 0 1
297 220 0 1
296 220 0 1
295 220 0 1
294 220 0 1
293 220 0 1
292 220 0 1
291 220 0 1
344 219 0 0
343 219 0 0
342 219 0 0
341 219 0 0
340 219 0 0
339 219 0 0
338 219 0 0
304 219 0 1
303 219 0 1
302 219 0 1
301 219 0 1
300 219 0 1
299 219 0 1
298 219 0 1
297 219 0 1
296 219 0 1
295 219 0 1
294 219 0 1
293 219 0 1
292 219 0 1
291 219 0 1
290 219 0 1
289 219 0 1
288 219 0 1
287 219 0 1
286 219 0 1
285 219 0 1
284 219 0 1
283 219 0 1
282 219 0 1
281 219 0 1
280 219 0 1
279 219 0 1
278 219 0 1
277 219 0 1
276 219 0 1
275 219 0 1
274 219 0 1
273 219 0 1
272 219 0 1
271 219 0 1
270 219 0 1
269 219 0 1
268 219 0 1
267 219 0 1
266 219 0 1
265 219 0 1
264 219 0 1
263 219 0 1
262 219 0 1
261 219 0 1
260 219 0 1
259 219 0 1
258 219 0 1
343 218 0 0
342 218 0 0
341 218 0 0
340 218 0 0
339 218 0 0
338 218 0 0
337 218 0 0
304 218 0 1
303 218 0 1
302 218 0 1
301 218 0 1
300 218 0 1
299 218 0 1
298 218 0 1
297 218 0 1
296 218 0 1
295 218 0 1
294 218 0 1
293 218 0 1
292 218 0 1
291 218 0 1
290 218 0 1
289 218 0 1
288 218 0 1
287 218 0 1
286 218 0 1
285 218 0 1
284 218 0 1
283 218 0 1
282 218 0 1
281 218 0 1
280 218 0 1
279 218 0 1
278 218 0 1
277 218 0 1
276 218 0 1
275 218 0 1
274 218 0 1
273 218 0 1
272 218 0 1
271 218 0 1
270 218 0 1
269 218 0 1
268 218 0 1
267 218 0 1
266 218 0 1
265 218 0 1
264 218 0 1
263 218 0 1
262 218 0 1
261 218 0 1
260 218 0 1
259 218 0 1
258 218 0 1
257 218 0 1
256 218 0 1
255 218 0 1
254 218 0 1
253 218 0 1
252 218 0 1
251 218 0 1
250 218 0 1
249 218 0 1
248 218 0 1
247 218 0 1
246 218 0 1
342 217 0 0
341 217 0 0
340 217 0 0
339 217 0 0
338 217 0 0
337 217 0 0
336 217 0 0
299 217 0 1
298 217 0 1
297 217 0 1
296 217 0 1
295 217 0 1
294 217 0 1
293 217 0 1
292 217 0 1
291 217 0 1
290 217 0 1
289 217 0 1
288 217 0 1
287 217 0 1
286 217 0 1
285 217 0 1
284 217 0 1
283 217 0 1
282 217 0 1
281 217 0 1
280 217 0 1
279 217 0 1
278 217 0 1
277 217 0 1
276 217 0 1
275 217 0 1
274 217 0 1
273 217 0 1
272 217 0 1
271 217 0 1
270 217 0 1
269 217 0 1
268 217 0 1
267 217 0 1
266 217 0 1
265 217 0 1
264 217 0 1
263 217 0 1
262 217 0 1
261 217 0 1
260 217 0 1
259 217 0 1
258 217 0 1
257 217 0 1
256 217 0 1
255 217 0 1
254 217 0 1
253 217 0 1
252 217 0 1
251 217 0 1
250 217 0 1
249 217 0 1
248 217 0 1
247 217 0 1
246 217 0 1
245 217 0 1
244 217 0 1
243 217 0 1
242 217 0 1
241 217 0 1
240 217 0 1
341 216 0 0
340 216 0 0
339 216 0 0
338 216 0 0
337 216 0 0
336 216 0 0
335 216 0 0
295 216 0 1
294 216 0 1
293 216 0 1
292 216 0 1
291 216 0 1
290 216 0 1
289 216 0 1
288 216 0 1
287 216 0 1
286 216 0 1
285 216 0 1
284 216 0 1
283 216 0 1
282 216 0 1
281 216 0 1
280 216 0 1
279 216 0 1
278 216 0 1
277 216 0 1
276 216 0 1
275 216 0 1
274 216 0 1
273 216 0 1
272 216 0 1
271 216 0 1
270 216 0 1
269 216 0 1
268 216 0 1
267 216 0 1
266 216 0 1
265 216 0 1
264 216 0 1
263 216 0 1
262 216 0 1
261 216 0 1
260 216 0 1
259 216 0 1
258 216 0 1
257 216 0 1
256 216 0 1
255 216 0 1
254 216 0 1
253 216 0 1
252 216 0 1
251 216 0 1
250 216 0 1
249 216 0 1
248 216 0 1
247 216 0 1
246 216 0 1
245 216 0 1
244 216 0 1
243 216 0 1
242 216 0 1
241 216 0 1
240 216 0 1
239 216 0 1
238 216 0 1
237 216 0 1
236 216 0 1
235 216 0 1
234 216 0 1
233 216 0 1
232 216 0 1
340 215 0 0
339 215 0 0
338 215 0 0
337 215 0 0
336 215 0 0
335 215 0 0
261 215 0 1
260 215 0 1
259 215 0 1
258 215 0 1
257 215 0 1
256 215 0 1
255 215 0 1
254 215 0 1
253 215 0 1
252 215 0 1
251 215 0 1
250 215 0 1
249 215 0 1
248 215 0 1
247 215 0 1
246 215 0 1
245 215 0 1
244 215 0 1
243 215 0 1
242 215 0 1
241 215 0 1
240 215 0 1
239 215 0 1
238 215 0 1
237 215 0 1
236 215 0 1
235 215 0 1
234 215 0 1
233 215 0 1
232 215 0 1
231 215 0 1
230 215 0 1
229 215 0 1
228 215 0 1
227 215 0 1
226 215 0 1
225 215 0 1
224 215 0 1
340 214 0 0
339 214 0 0
338 214 0 0
337 214 0 0
336 214 0 0
335 214 0 0
334 214 0 0
249 214 0 1
248 214 0 1
247 214 0 1
246 214 0 1
245 214 0 1
244 214 0 1
243 214 0 1
242 214 0 1
241 214 0 1
240 214 0 1
239 214 0 1
238 214 0 1
237 214 0 1
236 214 0 1
235 214 0 1
234 214 0 1
233 214 0 1
232 214 0 1
231 214 0 1
230 214 0 1
229 214 0 1
228 214 0 1
227 214 0 1
226 214 0 1
225 214 0 1
224 214 0 1
223 214 0 1
222 214 0 1
221 214 0 1
220 214 0 1
339 213 0 0
338 213 0 0
337 213 0 0
336 213 0 0
335 213 0 0
334 213 0 0
333 213 0 0
242 213 0 1
241 213 0 1
240 213 0 1
239 213 0 1
238 213 0 1
237 213 0 1
236 213 0 1
235 213 0 1
234 213 0 1
233 213 0 1
232 213 0 1
231 213 0 1
230 213 0 1
229 213 0 1
228 213 0 1
227 213 0 1
226 213 0 1
225 213 0 1
224 213 0 1
223 213 0 1
222 213 0 1
221 213 0 1
220 213 0 1
219 213 0 1
218 213 0 1
217 213 0 1
216 213 0 1
338 212 0 0
337 212 0 0
336 212 0 0
335 212 0 0
334 212 0 0
333 212 0 0
235 212 0 1
234 212 0 1
233 212 0 1
232 212 0 1
231 212 0 1
230 212 0 1
229 212 0 1
228 212 0 1
227 212 0 1
226 212 0 1
225 212 0 1
224 212 0 1
223 212 0 1
222 212 0 1
221 212 0 1
220 212 0 1
219 212 0 1
218 212 0 1
217 212 0 1
216 212 0 1
215 212 0 1
214 212 0 1
213 212 0 1
212 212 0 1
337 211 0 0
336 211 0 0
335 211 0 0
334 211 0 0
333 211 0 0
332 211 0 0
227 211 0 1
226 211 0 1
225 211 0 1
224 211 0 1
223 211 0 1
222 211 0 1
221 211 0 1
220 211 0 1
219 211 0 1
218 211 0 1
217 211 0 1
216 211 0 1
215 211 0 1
214 211 0 1
213 211 0 1
212 211 0 1
211 211 0 1
210 211 0 1
209 211 0 1
337 210 0 0
336 210 0 0
335 210 0 0
334 210 0 0
333 210 0 0
332 210 0 0
223 210 0 1
222 210 0 1
221 210 0 1
220 210 0 1
219 210 0 1
218 210 0 1
217 210 0 1
216 210 0 1
215 210 0 1
214 210 0 1
213 210 0 1
212 210 0 1
211 210 0 1
210 210 0 1
209 210 0 1
208 210 0 1
207 210 0 1
206 210 0 1
205 210 0 1
204 210 0 1
203 210 0 1
202 210 0 1
201 210 0 1
200 210 0 1
199 210 0 1
336 209 0 0
335 209 0 0
334 209 0 0
333 209 0 0
332 209 0 0
331 209 0 0
219 209 0 1
218 209 0 1
217 209 0 1
216 209 0 1
215 209 0 1
214 209 0 1
213 209 0 1
212 209 0 1
211 209 0 1
210 209 0 1
209 209 0 1
208 209 0 1
207 209 0 1
206 209 0 1
205 209 0 1
204 209 0 1
203 209 0 1
202 209 0 1
201 209 0 1
200 209 0 1
199 209 0 1
336 208 0 0
335 208 0 0
334 208 0 0
333 208 0 0
332 208 0 0
331 208 0 0
215 208 0 1
214 208 0 1
213 208 0 1
212 208 0 1
211 208 0 1
210 208 0 1
209 208 0 1
208 208 0 1
207 208 0 1
206 208 0 1
205 208 0 1
204 208 0 1
203 208 0 1
202 208 0 1
201 208 0 1
200 208 0 1
199 208 0 1
335 207 0 0
334 207 0 0
333 207 0 0
332 207 0 0
331 207 0 0
330 207 0 0
211 207 0 1
210 207 0 1
209 207 0 1
208 207 0 1
207 207 0 1
206 207 0 1
205 207 0 1
204 207 0 1
203 207 0 1
202 207 0 1
201 207 0 1
200 207 0 1
199 207 0 1
335 206 0 0
334 206 0 0
333 206 0 0
332 206 0 0
331 206 0 0
330 206 0 0
329 206 0 0
334 205 0 0
333 205 0 0
332 205 0 0
331 205 0 0
330 205 0 0
329 205 0 0
328 205 0 0
333 204 0 0
332 204 0 0
331 204 0 0
330 204 0 0
329 204 0 0
328 204 0 0
333 203 0 0
332 203 0 0
331 203 0 0
330 203 0 0
329 203 0 0
328 203 0 0
327 203 0 0
332 202 0 0
331 202 0 0
330 202 0 0
329 202 0 0
328 202 0 0
327 202 0 0
326 202 0 0
331 201 0 0
330 201 0 0
329 201 0 0
328 201 0 0
327 201 0 0
326 201 0 0
325 201 0 0
324 201 0 0
330 200 0 0
329 200 0 0
328 200 0 0
327 200 0 0
326 200 0 0
325 200 0 0
324 200 0 0
323 200 0 0
329 199 0 0
328 199 0 0
327 199 0 0
326 199 0 0
325 199 0 0
324 199 0 0
323 199 0 0
322 199 0 0
328 198 0 0
327 198 0 0
326 198 0 0
325 198 0 0
324 198 0 0
323 198 0 0
322 198 0 0
321 198 0 0
327 197 0 0
326 197 0 0
325 197 0 0
324 197 0 0
323 197 0 0
322 197 0 0
321 197 0 0
320 197 0 0
326 196 0 0
325 196 0 0
324 196 0 0
323 196 0 0
322 196 0 0
321 196 0 0
320 196 0 0
319 196 0 0
324 195 0 0
323 195 0 0
322 195 0 0
321 195 0 0
320 195 0 0
319 195 0 0
318 195 0 0
323 194 0 0
322 194 0 0
321 194 0 0
320 194 0 0
319 194 0 0
318 194 0 0
317 194 0 0
322 193 0 0
321 193 0 0
320 193 0 0
319 193 0 0
318 193 0 0
317 193 0 0
316 193 0 0
321 192 0 0
320 192 0 0
319 192 0 0
318 192 0 0
317 192 0 0
316 192 0 0
315 192 0 0
320 191 0 0
319 191 0 0
318 191 0 0
317 191 0 0
316 191 0 0
315 191 0 0
314 191 0 0
319 190 0 0
318 190 0 0
317 190 0 0
316 190 0 0
315 190 0 0
314 190 0 0
313 190 0 0
318 189 0 0
317 189 0 0
316 189 0 0
315 189 0 0
314 189 0 0
313 189 0 0
312 189 0 0
317 188 0 0
316 188 0 0
315 188 0 0
314 188 0 0
313 188 0 0
312 188 0 0
311 188 0 0
316 187 0 0
315 187 0 0
314 187 0 0
313 187 0 0
312 187 0 0
311 187 0 0
310 187 0 0
315 186 0 0
314 186 0 0
313 186 0 0
312 186 0 0
311 186 0 0
310 186 0 0
309 186 0 0
314 185 0 0
313 185 0 0
312 185 0 0
311 185 0 0
310 185 0 0
309 185 0 0
308 185 0 0
313 184 0 0
312 184 0 0
311 184 0 0
310 184 0 0
309 184 0 0
308 184 0 0
313 183 0 0
312 183 0 0
311 183 0 0
310 183 0 0
309 183 0 0
308 183 0 0
307 183 0 0
312 182 0 0
311 182 0 0
310 182 0 0
309 182 0 0
308 182 0 0
307 182 0 0
306 182 0 0
311 181 0 0
310 181 0 0
309 181 0 0
308 181 0 0
307 181 0 0
306 181 0 0
305 181 0 0
310 180 0 0
309 180 0 0
308 180 0 0
307 180 0 0
306 180 0 0
305 180 0 0
310 179 0 0
309 179 0 0
308 179 0 0
307 179 0 0
306 179 0 0
305 179 0 0
304 179 0 0
309 178 0 0
308 178 0 0
307 178 0 0
306 178 0 0
305 178 0 0
304 178 0 0
303 178 0 0
308 177 0 0
307 177 0 0
306 177 0 0
305 177 0 0
304 177 0 0
303 177 0 0
302 177 0 0
307 176 0 0
306 176 0 0
305 176 0 0
304 176 0 0
303 176 0 0
302 176 0 0
301 176 0 0
306 175 0 0
305 175 0 0
304 175 0 0
303 175 0 0
302 175 0 0
301 175 0 0
300 175 0 0
305 174 0 0
304 174 0 0
303 174 0 0
302 174 0 0
301 174 0 0
300 174 0 0
299 174 0 0
304 173 0 0
303 173 0 0
302 173 0 0
301 173 0 0
300 173 0 0
299 173 0 0
298 173 0 0
297 173 0 0
303 172 0 0
302 172 0 0
301 172 0 0
300 172 0 0
299 172 0 0
298 172 0 0
297 172 0 0
296 172 0 0
302 171 0 0
301 171 0 0
300 171 0 0
299 171 0 0
298 171 0 0
297 171 0 0
296 171 0 0
295 171 0 0
301 170 0 0
300 170 0 0
299 170 0 0
298 170 0 0
297 170 0 0
296 170 0 0
295 170 0 0
294 170 0 0
293 170 0 0
300 169 0 0
299 169 0 0
298 169 0 0
297 169 0 0
296 169 0 0
295 169 0 0
294 169 0 0
293 169 0 0
292 169 0 0
299 168 0 0
298 168 0 0
297 168 0 0
296 168 0 0
295 168 0 0
294 168 0 0
293 168 0 0
292 168 0 0
291 168 0 0
290 168 0 0
297 167 0 0
296 167 0 0
295 167 0 0
294 167 0 0
293 167 0 0
292 167 0 0
291 167 0 0
290 167 0 0
289 167 0 0
296 166 0 0
295 166 0 0
294 166 0 0
293 166 0 0
292 166 0 0
291 166 0 0
290 166 0 0
289 166 0 0
288 166 0 0
294 165 0 0
293 165 0 0
292 165 0 0
291 165 0 0
290 165 0 0
289 165 0 0
288 165 0 0
287 165 0 0
293 164 0 0
292 164 0 0
291 164 0 0
290 164 0 0
289 164 0 0
288 164 0 0
287 164 0 0
286 164 0 0
291 163 0 0
290 163 0 0
289 163 0 0
288 163 0 0
287 163 0 0
286 163 0 0
285 163 0 0
290 162 0 0
289 162 0 0
288 162 0 0
287 162 0 0
286 162 0 0
285 162 0 0
284 162 0 0
289 161 0 0
288 161 0 0
287 161 0 0
286 161 0 0
285 161 0 0
284 161 0 0
288 160 0 0
287 160 0 0
286 160 0 0
285 160 0 0
284 160 0 0
283 160 0 0
288 159 0 0
287 159 0 0
286 159 0 0
285 159 0 0
284 159 0 0
283 159 0 0
282 159 0 0
281 159 0 0
287 158 0 0
286 158 0 0
285 158 0 0
284 158 0 0
283 158 0 0
282 158 0 0
281 158 0 0
280 158 0 0
286 157 0 0
285 157 0 0
284 157 0 0
283 157 0 0
282 157 0 0
281 157 0 0
280 157 0 0
279 157 0 0
278 157 0 0
285 156 0 0
284 156 0 0
283 156 0 0
282 156 0 0
281 156 0 0
280 156 0 0
279 156 0 0
278 156 0 0
277 156 0 0
276 156 0 0
284 155 0 0
283 155 0 0
282 155 0 0
281 155 0 0
280 155 0 0
279 155 0 0
278 155 0 0
277 155 0 0
276 155 0 0
275 155 0 0
282 154 0 0
281 154 0 0
280 154 0 0
279 154 0 0
278 154 0 0
277 154 0 0
276 154 0 0
275 154 0 0
274 154 0 0
281 153 0 0
280 153 0 0
279 153 0 0
278 153 0 0
277 153 0 0
276 153 0 0
275 153 0 0
274 153 0 0
273 153 0 0
279 152 0 0
278 152 0 0
277 152 0 0
276 152 0 0
275 152 0 0
274 152 0 0
273 152 0 0
272 152 0 0
277 151 0 0
276 151 0 0
275 151 0 0
274 151 0 0
273 151 0 0
272 151 0 0
271 151 0 0
276 150 0 0
275 150 0 0
274 150 0 0
273 150 0 0
272 150 0 0
271 150 0 0
270 150 0 0
269 150 0 0
268 150 0 0
267 150 0 0
266 150 0 0
265 150 0 0
275 149 0 0
274 149 0 0
273 149 0 0
272 149 0 0
271 149 0 0
270 149 0 0
269 149 0 0
268 149 0 0
267 149 0 0
266 149 0 0
265 149 0 0
264 149 0 0
274 148 0 0
273 148 0 0
272 148 0 0
271 148 0 0
270 148 0 0
269 148 0 0
268 148 0 0
267 148 0 0
266 148 0 0
265 148 0 0
264 148 0 0
263 148 0 0
262 148 0 0
273 147 0 0
272 147 0 0
271 147 0 0
270 147 0 0
269 147 0 0
268 147 0 0
267 147 0 0
266 147 0 0
265 147 0 0
264 147 0 0
263 147 0 0
262 147 0 0
261 147 0 0
260 147 0 0
268 146 0 0
267 146 0 0
266 146 0 0
265 146 0 0
264 146 0 0
263 146 0 0
262 146 0 0
261 146 0 0
260 146 0 0
259 146 0 0
258 146 0 0
266 145 0 0
265 145 0 0
264 145 0 0
263 145 0 0
262 145 0 0
261 145 0 0
260 145 0 0
259 145 0 0
258 145 0 0
257 145 0 0
264 144 0 0
263 144 0 0
262 144 0 0
261 144 0 0
260 144 0 0
259 144 0 0
258 144 0 0
257 144 0 0
256 144 0 0
255 144 0 0
263 143 0 0
262 143 0 0
261 143 0 0
260 143 0 0
259 143 0 0
258 143 0 0
257 143 0 0
256 143 0 0
255 143 0 0
254 143 0 0
261 142 0 0
260 142 0 0
259 142 0 0
258 142 0 0
257 142 0 0
256 142 0 0
255 142 0 0
254 142 0 0
253 142 0 0
252 142 0 0
259 141 0 0
258 141 0 0
257 141 0 0
256 141 0 0
255 141 0 0
254 141 0 0
253 141 0 0
252 141 0 0
251 141 0 0
258 140 0 0
257 140 0 0
256 140 0 0
255 140 0 0
254 140 0 0
253 140 0 0
252 140 0 0
251 140 0 0
250 140 0 0
249 140 0 0
256 139 0 0
255 139 0 0
254 139 0 0
253 139 0 0
252 139 0 0
251 139 0 0
250 139 0 0
249 139 0 0
248 139 0 0
247 139 0 0
255 138 0 0
254 138 0 0
253 138 0 0
252 138 0 0
251 138 0 0
250 138 0 0
249 138 0 0
248 138 0 0
247 138 0 0
246 138 0 0
245 138 0 0
253 137 0 0
252 137 0 0
251 137 0 0
250 137 0 0
249 137 0 0
248 137 0 0
247 137 0 0
246 137 0 0
245 137 0 0
244 137 0 0
243 137 0 0
252 136 0 0
251 136 0 0
250 136 0 0
249 136 0 0
248 136 0 0
247 136 0 0
246 136 0 0
245 136 0 0
244 136 0 0
243 136 0 0
242 136 0 0
241 136 0 0
250 135 0 0
249 135 0 0
248 135 0 0
247 135 0 0
246 135 0 0
245 135 0 0
244 135 0 0
243 135 0 0
242 135 0 0
241 135 0 0
240 135 0 0
239 135 0 0
238 135 0 0
248 134 0 0
247 134 0 0
246 134 0 0
245 134 0 0
244 134 0 0
243 134 0 0
242 134 0 0
241 134 0 0
240 134 0 0
239 134 0 0
238 134 0 0
237 134 0 0
236 134 0 0
235 134 0 0
246 133 0 0
245 133 0 0
244 133 0 0
243 133 0 0
242 133 0 0
241 133 0 0
240 133 0 0
239 133 0 0
238 133 0 0
237 133 0 0
236 133 0 0
235 133 0 0
234 133 0 0
233 133 0 0
232 133 0 0
244 132 0 0
243 132 0 0
242 132 0 0
241 132 0 0
240 132 0 0
239 132 0 0
238 132 0 0
237 132 0 0
236 132 0 0
235 132 0 0
234 132 0 0
233 132 0 0
232 132 0 0
231 132 0 0
230 132 0 0
241 131 0 0
240 131 0 0
239 131 0 0
238 131 0 0
237 131 0 0
236 131 0 0
235 131 0 0
234 131 0 0
233 131 0 0
232 131 0 0
231 131 0 0
230 131 0 0
229 131 0 0
228 131 0 0
227 131 0 0
238 130 0 0
237 130 0 0
236 130 0 0
235 130 0 0
234 130 0 0
233 130 0 0
232 130 0 0
231 130 0 0
230 130 0 0
229 130 0 0
228 130 0 0
227 130 0 0
226 130 0 0
225 130 0 0
224 130 0 0
236 129 0 0
235 129 0 0
234 129 0 0
233 129 0 0
232 129 0 0
231 129 0 0
230 129 0 0
229 129 0 0
228 129 0 0
227 129 0 0
226 129 0 0
225 129 0 0
224 129 0 0
223 129 0 0
222 129 0 0
221 129 0 0
233 128 0 0
232 128 0 0
231 128 0 0
230 128 0 0
229 128 0 0
228 128 0 0
227 128 0 0
226 128 0 0
225 128 0 0
224 128 0 0
223 128 0 0
222 128 0 0
221 128 0 0
220 128 0 0
219 128 0 0
230 127 0 0
229 127 0 0
228 127 0 0
227 127 0 0
226 127 0 0
225 127 0 0
224 127 0 0
223 127 0 0
222 127 0 0
221 127 0 0
220 127 0 0
219 127 0 0
218 127 0 0
217 127 0 0
216 127 0 0
227 126 0 0
226 126 0 0
225 126 0 0
224 126 0 0
223 126 0 0
222 126 0 0
221 126 0 0
220 126 0 0
219 126 0 0
218 126 0 0
217 126 0 0
216 126 0 0
215 126 0 0
214 126 0 0
213 126 0 0
224 125 0 0
223 125 0 0
222 125 0 0
221 125 0 0
220 125 0 0
219 125 0 0
218 125 0 0
217 125 0 0
216 125 0 0
215 125 0 0
214 125 0 0
213 125 0 0
212 125 0 0
211 125 0 0
210 125 0 0
222 124 0 0
221 124 0 0
220 124 0 0
219 124 0 0
218 124 0 0
217 124 0 0
216 124 0 0
215 124 0 0
214 124 0 0
213 124 0 0
212 124 0 0
211 124 0 0
210 124 0 0
209 124 0 0
208 124 0 0
207 124 0 0
206 124 0 0
219 123 0 0
218 123 0 0
217 123 0 0
216 123 0 0
215 123 0 0
214 123 0 0
213 123 0 0
212 123 0 0
211 123 0 0
210 123 0 0
209 123 0 0
208 123 0 0
207 123 0 0
206 123 0 0
205 123 0 0
204 123 0 0
203 123 0 0
202 123 0 0
216 122 0 0
215 122 0 0
214 122 0 0
213 122 0 0
212 122 0 0
211 122 0 0
210 122 0 0
209 122 0 0
208 122 0 0
207 122 0 0
206 122 0 0
205 122 0 0
204 122 0 0
203 122 0 0
202 122 0 0
201 122 0 0
200 122 0 0
199 122 0 0
213 121 0 0
212 121 0 0
211 121 0 0
210 121 0 0
209 121 0 0
208 121 0 0
207 121 0 0
206 121 0 0
205 121 0 0
204 121 0 0
203 121 0 0
202 121 0 0
201 121 0 0
200 121 0 0
199 121 0 0
198 121 0 0
197 121 0 0
196 121 0 0
211 120 0 0
210 120 0 0
209 120 0 0
208 120 0 0
207 120 0 0
206 120 0 0
205 120 0 0
204 120 0 0
203 120 0 0
202 120 0 0
201 120 0 0
200 120 0 0
199 120 0 0
198 120 0 0
197 120 0 0
196 120 0 0
195 120 0 0
194 120 0 0
193 120 0 0
207 119 0 0
206 119 0 0
205 119 0 0
204 119 0 0
203 119 0 0
202 119 0 0
201 119 0 0
200 119 0 0
199 119 0 0
198 119 0 0
197 119 0 0
196 119 0 0
195 119 0 0
194 119 0 0
193 119 0 0
192 119 0 0
191 119 0 0
190 119 0 0
189 119 0 0
188 119 0 0
187 119 0 0
186 119 0 0
203 118 0 0
202 118 0 0
201 118 0 0
200 118 0 0
199 118 0 0
198 118 0 0
197 118 0 0
196 118 0 0
195 118 0 0
194 118 0 0
193 118 0 0
192 118 0 0
191 118 0 0
190 118 0 0
189 118 0 0
188 118 0 0
187 118 0 0
186 118 0 0
185 118 0 0
184 118 0 0
183 118 0 0
182 118 0 0
181 118 0 0
200 117 0 0
199 117 0 0
198 117 0 0
197 117 0 0
196 117 0 0
195 117 0 0
194 117 0 0
193 117 0 0
192 117 0 0
191 117 0 0
190 117 0 0
189 117 0 0
188 117 0 0
187 117 0 0
186 117 0 0
185 117 0 0
184 117 0 0
183 117 0 0
182 117 0 0
181 117 0 0
180 117 0 0
179 117 0 0
178 117 0 0
177 117 0 0
176 117 0 0
175 117 0 0
174 117 0 0
173 117 0 0
172 117 0 0
171 117 0 0
170 117 0 0
169 117 0 0
168 117 0 0
167 117 0 0
166 117 0 0
165 117 0 0
164 117 0 0
163 117 0 0
162 117 0 0
161 117 0 0
160 117 0 0
159 117 0 0
158 117 0 0
157 117 0 0
156 117 0 0
155 117 0 0
154 117 0 0
153 117 0 0
152 117 0 0
151 117 0 0
150 117 0 0
149 117 0 0
148 117 0 0
147 117 0 0
146 117 0 0
145 117 0 0
144 117 0 0
143 117 0 0
142 117 0 0
141 117 0 0
140 117 0 0
139 117 0 0
138 117 0 0
137 117 0 0
136 117 0 0
135 117 0 0
134 117 0 0
133 117 0 0
132 117 0 0
131 117 0 0
130 117 0 0
129 117 0 0
128 117 0 0
127 117 0 0
126 117 0 0
125 117 0 0
124 117 0 0
123 117 0 0
122 117 0 0
121 117 0 0
120 117 0 0
119 117 0 0
118 117 0 0
117 117 0 0
116 117 0 0
115 117 0 0
114 117 0 0
113 117 0 0
112 117 0 0
111 117 0 0
110 117 0 0
109 117 0 0
108 117 0 0
107 117 0 0
106 117 0 0
105 117 0 0
104 117 0 0
103 117 0 0
102 117 0 0
101 117 0 0
100 117 0 0
99 117 0 0
197 116 0 0
196 116 0 0
195 116 0 0
194 116 0 0
193 116 0 0
192 116 0 0
191 116 0 0
190 116 0 0
189 116 0 0
188 116 0 0
187 116 0 0
186 116 0 0
185 116 0 0
184 116 0 0
183 116 0 0
182 116 0 0
181 116 0 0
180 116 0 0
179 116 0 0
178 116 0 0
177 116 0 0
176 116 0 0
175 116 0 0
174 116 0 0
173 116 0 0
172 116 0 0
171 116 0 0
170 116 0 0
169 116 0 0
168 116 0 0
167 116 0 0
166 116 0 0
165 116 0 0
164 116 0 0
163 116 0 0
162 116 0 0
161 116 0 0
160 116 0 0
159 116 0 0
158 116 0 0
157 116 0 0
156 116 0 0
155 116 0 0
154 116 0 0
153 116 0 0
152 116 0 0
151 116 0 0
150 116 0 0
149 116 0 0
148 116 0 0
147 116 0 0
146 116 0 0
145 116 0 0
144 116 0 0
143 116 0 0
142 116 0 0
141 116 0 0
140 116 0 0
139 116 0 0
138 116 0 0
137 116 0 0
136 116 0 0
135 116 0 0
134 116 0 0
133 116 0 0
132 116 0 0
131 116 0 0
130 116 0 0
129 116 0 0
128 116 0 0
127 116 0 0
126 116 0 0
125 116 0 0
124 116 0 0
123 116 0 0
122 116 0 0
121 116 0 0
120 116 0 0
119 116 0 0
118 116 0 0
117 116 0 0
116 116 0 0
115 116 0 0
114 116 0 0
113 116 0 0
112 116 0 0
111 116 0 0
110 116 0 0
109 116 0 0
108 116 0 0
107 116 0 0
106 116 0 0
105 116 0 0
104 116 0 0
103 116 0 0
102 116 0 0
101 116 0 0
100 116 0 0
99 116 0 0
98 116 0 0
97 116 0 0
96 116 0 0
95 116 0 0
94 116 0 0
93 116 0 0
92 116 0 0
91 116 0 0
90 116 0 0
89 116 0 0
88 116 0 0
87 116 0 0
86 116 0 0
85 116 0 0
84 116 0 0
83 116 0 0
82 116 0 0
81 116 0 0
80 116 0 0
79 116 0 0
78 116 0 0
193 115 0 0
192 115 0 0
191 115 0 0
190 115 0 0
189 115 0 0
188 115 0 0
187 115 0 0
186 115 0 0
185 115 0 0
184 115 0 0
183 115 0 0
182 115 0 0
181 115 0 0
180 115 0 0
179 115 0 0
178 115 0 0
177 115 0 0
176 115 0 0
175 115 0 0
174 115 0 0
173 115 0 0
172 115 0 0
171 115 0 0
170 115 0 0
169 115 0 0
168 115 0 0
167 115 0 0
166 115 0 0
165 115 0 0
164 115 0 0
163 115 0 0
162 115 0 0
161 115 0 0
160 115 0 0
159 115 0 0
158 115 0 0
157 115 0 0
156 115 0 0
155 115 0 0
154 115 0 0
153 115 0 0
152 115 0 0
151 115 0 0
150 115 0 0
149 115 0 0
148 115 0 0
147 115 0 0
146 115 0 0
145 115 0 0
144 115 0 0
143 115 0 0
142 115 0 0
141 115 0 0
140 115 0 0
139 115 0 0
138 115 0 0
137 115 0 0
136 115 0 0
135 115 0 0
134 115 0 0
133 115 0 0
132 115 0 0
131 115 0 0
130 115 0 0
129 115 0 0
128 115 0 0
127 115 0 0
126 115 0 0
125 115 0 0
124 115 0 0
123 115 0 0
122 115 0 0
121 115 0 0
120 115 0 0
119 115 0 0
118 115 0 0
117 115 0 0
116 115 0 0
115 115 0 0
114 115 0 0
113 115 0 0
112 115 0 0
111 115 0 0
110 115 0 0
109 115 0 0
108 115 0 0
107 115 0 0
106 115 0 0
105 115 0 0
104 115 0 0
103 115 0 0
102 115 0 0
101 115 0 0
100 115 0 0
99 115 0 0
98 115 0 0
97 115 0 0
96 115 0 0
95 115 0 0
94 115 0 0
93 115 0 0
92 115 0 0
91 115 0 0
90 115 0 0
89 115 0 0
88 115 0 0
87 115 0 0
86 115 0 0
85 115 0 0
84 115 0 0
83 115 0 0
82 115 0 0
81 115 0 0
80 115 0 0
79 115 0 0
78 115 0 0
77 115 0 0
76 115 0 0
75 115 0 0
74 115 0 0
73 115 0 0
72 115 0 0
186 114 0 0
185 114 0 0
184 114 0 0
183 114 0 0
182 114 0 0
181 114 0 0
180 114 0 0
179 114 0 0
178 114 0 0
177 114 0 0
176 114 0 0
175 114 0 0
174 114 0 0
173 114 0 0
172 114 0 0
171 114 0 0
170 114 0 0
169 114 0 0
168 114 0 0
167 114 0 0
166 114 0 0
165 114 0 0
164 114 0 0
163 114 0 0
162 114 0 0
161 114 0 0
160 114 0 0
159 114 0 0
158 114 0 0
157 114 0 0
156 114 0 0
155 114 0 0
154 114 0 0
153 114 0 0
152 114 0 0
151 114 0 0
150 114 0 0
149 114 0 0
148 114 0 0
147 114 0 0
146 114 0 0
145 114 0 0
144 114 0 0
143 114 0 0
142 114 0 0
141 114 0 0
140 114 0 0
139 114 0 0
138 114 0 0
137 114 0 0
136 114 0 0
135 114 0 0
134 114 0 0
133 114 0 0
132 114 0 0
131 114 0 0
130 114 0 0
129 114 0 0
128 114 0 0
127 114 0 0
126 114 0 0
125 114 0 0
124 114 0 0
123 114 0 0
122 114 0 0
121 114 0 0
120 114 0 0
119 114 0 0
118 114 0 0
117 114 0 0
116 114 0 0
115 114 0 0
114 114 0 0
113 114 0 0
112 114 0 0
111 114 0 0
110 114 0 0
109 114 0 0
108 114 0 0
107 114 0 0
106 114 0 0
105 114 0 0
104 114 0 0
103 114 0 0
102 114 0 0
101 114 0 0
100 114 0 0
99 114 0 0
98 114 0 0
97 114 0 0
96 114 0 0
95 114 0 0
94 114 0 0
93 114 0 0
92 114 0 0
91 114 0 0
90 114 0 0
89 114 0 0
88 114 0 0
87 114 0 0
86 114 0 0
85 114 0 0
84 114 0 0
83 114 0 0
82 114 0 0
81 114 0 0
80 114 0 0
79 114 0 0
78 114 0 0
77 114 0 0
76 114 0 0
75 114 0 0
74 114 0 0
73 114 0 0
72 114 0 0
71 114 0 0
70 114 0 0
69 114 0 0
68 114 0 0
67 114 0 0
66 114 0 0
179 113 0 0
178 113 0 0
177 113 0 0
176 113 0 0
120 113 0 0
119 113 0 0
118 113 0 0
117 113 0 0
116 113 0 0
115 113 0 0
114 113 0 0
113 113 0 0
112 113 0 0
111 113 0 0
110 113 0 0
109 113 0 0
108 113 0 0
107 113 0 0
106 113 0 0
105 113 0 0
104 113 0 0
103 113 0 0
102 113 0 0
101 113 0 0
100 113 0 0
99 113 0 0
98 113 0 0
97 113 0 0
96 113 0 0
95 113 0 0
94 113 0 0
93 113 0 0
92 113 0 0
91 113 0 0
90 113 0 0
89 113 0 0
88 113 0 0
87 113 0 0
86 113 0 0
85 113 0 0
84 113 0 0
83 113 0 0
82 113 0 0
81 113 0 0
80 113 0 0
79 113 0 0
78 113 0 0
77 113 0 0
76 113 0 0
75 113 0 0
74 113 0 0
73 113 0 0
72 113 0 0
71 113 0 0
70 113 0 0
69 113 0 0
68 113 0 0
67 113 0 0
66 113 0 0
65 113 0 0
64 113 0 0
63 113 0 0
62 113 0 0
61 113 0 0
60 113 0 0
99 112 0 0
98 112 0 0
97 112 0 0
96 112 0 0
95 112 0 0
94 112 0 0
93 112 0 0
92 112 0 0
91 112 0 0
90 112 0 0
89 112 0 0
88 112 0 0
87 112 0 0
86 112 0 0
85 112 0 0
84 112 0 0
83 112 0 0
82 112 0 0
81 112 0 0
80 112 0 0
79 112 0 0
78 112 0 0
77 112 0 0
76 112 0 0
75 112 0 0
74 112 0 0
73 112 0 0
72 112 0 0
71 112 0 0
70 112 0 0
69 112 0 0
68 112 0 0
67 112 0 0
66 112 0 0
65 112 0 0
64 112 0 0
63 112 0 0
62 112 0 0
61 112 0 0
60 112 0 0
59 112 0 0
58 112 0 0
57 112 0 0
56 112 0 0
55 112 0 0
54 112 0 0
77 111 0 0
76 111 0 0
75 111 0 0
74 111 0 0
73 111 0 0
72 111 0 0
71 111 0 0
70 111 0 0
69 111 0 0
68 111 0 0
67 111 0 0
66 111 0 0
65 111 0 0
64 111 0 0
63 111 0 0
62 111 0 0
61 111 0 0
60 111 0 0
59 111 0 0
58 111 0 0
57 111 0 0
56 111 0 0
55 111 0 0
54 111 0 0
53 111 0 0
52 111 0 0
51 111 0 0
50 111 0 0
49 111 0 0
48 111 0 0
71 110 0 0
70 110 0 0
69 110 0 0
68 110 0 0
67 110 0 0
66 110 0 0
65 110 0 0
64 110 0 0
63 110 0 0
62 110 0 0
61 110 0 0
60 110 0 0
59 110 0 0
58 110 0 0
57 110 0 0
56 110 0 0
55 110 0 0
54 110 0 0
53 110 0 0
52 110 0 0
51 110 0 0
50 110 0 0
49 110 0 0
48 110 0 0
47 110 0 0
46 110 0 0
45 110 0 0
44 110 0 0
43 110 0 0
42 110 0 0
65 109 0 0
64 109 0 0
63 109 0 0
62 109 0 0
61 109 0 0
60 109 0 0
59 109 0 0
58 109 0 0
57 109 0 0
56 109 0 0
55 109 0 0
54 109 0 0
53 109 0 0
52 109 0 0
51 109 0 0
50 109 0 0
49 109 0 0
48 109 0 0
47 109 0 0
46 109 0 0
45 109 0 0
44 109 0 0
43 109 0 0
42 109 0 0
41 109 0 0
40 109 0 0
39 109 0 0
38 109 0 0
37 109 0 0
59 108 0 0
58 108 0 0
57 108 0 0
56 108 0 0
55 108 0 0
54 108 0 0
53 108 0 0
52 108 0 0
51 108 0 0
50 108 0 0
49 108 0 0
48 108 0 0
47 108 0 0
46 108 0 0
45 108 0 0
44 108 0 0
43 108 0 0
42 108 0 0
41 108 0 0
40 108 0 0
39 108 0 0
38 108 0 0
37 108 0 0
36 108 0 0
35 108 0 0
34 108 0 0
33 108 0 0
32 108 0 0
53 107 0 0
52 107 0 0
51 107 0 0
50 107 0 0
49 107 0 0
48 107 0 0
47 107 0 0
46 107 0 0
45 107 0 0
44 107 0 0
43 107 0 0
42 107 0 0
41 107 0 0
40 107 0 0
39 107 0 0
38 107 0 0
37 107 0 0
36 107 0 0
35 107 0 0
34 107 0 0
33 107 0 0
32 107 0 0
31 107 0 0
30 107 0 0
29 107 0 0
28 107 0 0
27 107 0 0
47 106 0 0
46 106 0 0
45 106 0 0
44 106 0 0
43 106 0 0
42 106 0 0
41 106 0 0
40 106 0 0
39 106 0 0
38 106 0 0
37 106 0 0
36 106 0 0
35 106 0 0
34 106 0 0
33 106 0 0
32 106 0 0
31 106 0 0
30 106 0 0
29 106 0 0
28 106 0 0
27 106 0 0
26 106 0 0
25 106 0 0
24 106 0 0
23 106 0 0
22 106 0 0
42 105 0 0
41 105 0 0
40 105 0 0
39 105 0 0
38 105 0 0
37 105 0 0
36 105 0 0
35 105 0 0
34 105 0 0
33 105 0 0
32 105 0 0
31 105 0 0
30 105 0 0
29 105 0 0
28 105 0 0
27 105 0 0
26 105 0 0
25 105 0 0
24 105 0 0
23 105 0 0
22 105 0 0
21 105 0 0
20 105 0 0
19 105 0 0
18 105 0 0
17 105 0 0
37 104 0 0
36 104 0 0
35 104 0 0
34 104 0 0
33 104 0 0
32 104 0 0
31 104 0 0
30 104 0 0
29 104 0 0
28 104 0 0
27 104 0 0
26 104 0 0
25 104 0 0
24 104 0 0
23 104 0 0
22 104 0 0
21 104 0 0
20 104 0 0
19 104 0 0
18 104 0 0
17 104 0 0
16 104 0 0
15 104 0 0
32 103 0 0
31 103 0 0
30 103 0 0
29 103 0 0
28 103 0 0
27 103 0 0
26 103 0 0
25 103 0 0
24 103 0 0
23 103 0 0
22 103 0 0
21 103 0 0
20 103 0 0
19 103 0 0
18 103 0 0
17 103 0 0
16 103 0 0
15 103 0 0
14 103 0 0
27 102 0 0
26 102 0 0
25 102 0 0
24 102 0 0
23 102 0 0
22 102 0 0
21 102 0 0
20 102 0 0
19 102 0 0
18 102 0 0
17 102 0 0
16 102 0 0
15 102 0 0
14 102 0 0
22 101 0 0
21 101 0 0
20 101 0 0
19 101 0 0
18 101 0 0
17 101 0 0
16 101 0 0
15 101 0 0
14 101 0 0
17 100 0 0
16 100 0 0
15 100 0 0
14 100 0 0
