4843 481 321
284 308 0 1
283 308 0 1
282 308 0 1
281 308 0 1
285 307 0 1
284 307 0 1
283 307 0 1
282 307 0 1
281 307 0 1
285 306 0 1
284 306 0 1
283 306 0 1
282 306 0 1
281 306 0 1
280 306 0 1
285 305 0 1
284 305 0 1
283 305 0 1
282 305 0 1
281 305 0 1
280 305 0 1
285 304 0 1
284 304 0 1
283 304 0 1
282 304 0 1
281 304 0 1
280 304 0 1
284 303 0 1
283 303 0 1
282 303 0 1
281 303 0 1
280 303 0 1
284 302 0 1
283 302 0 1
282 302 0 1
281 302 0 1
280 302 0 1
283 301 0 1
282 301 0 1
281 301 0 1
280 301 0 1
283 300 0 1
282 300 0 1
281 300 0 1
280 300 0 1
279 300 0 1
283 299 0 1
282 299 0 1
281 299 0 1
280 299 0 1
279 299 0 1
283 298 0 1
282 298 0 1
281 298 0 1
280 298 0 1
279 298 0 1
283 297 0 1
282 297 0 1
281 297 0 1
280 297 0 1
279 297 0 1
283 296 0 1
282 296 0 1
281 296 0 1
280 296 0 1
279 296 0 1
282 295 0 1
281 295 0 1
280 295 0 1
279 295 0 1
282 294 0 1
281 294 0 1
280 294 0 1
279 294 0 1
282 293 0 1
281 293 0 1
280 293 0 1
279 293 0 1
282 292 0 1
281 292 0 1
280 292 0 1
279 292 0 1
282 291 0 1
281 291 0 1
280 291 0 1
279 291 0 1
282 290 0 1
281 290 0 1
280 290 0 1
279 290 0 1
138 290 0 0
137 290 0 0
136 290 0 0
135 290 0 0
134 290 0 0
282 289 0 1
281 289 0 1
280 289 0 1
279 289 0 1
278 289 0 1
138 289 0 0
137 289 0 0
136 289 0 0
135 289 0 0
134 289 0 0
133 289 0 0
282 288 0 1
281 288 0 1
280 288 0 1
279 288 0 1
278 288 0 1
138 288 0 0
137 288 0 0
136 288 0 0
135 288 0 0
134 288 0 0
133 288 0 0
132 288 0 0
282 287 0 1
281 287 0 1
280 287 0 1
279 287 0 1
278 287 0 1
138 287 0 0
137 287 0 0
136 287 0 0
135 287 0 0
134 287 0 0
133 287 0 0
132 287 0 0
131 287 0 0
282 286 0 1
281 286 0 1
280 286 0 1
279 286 0 1
278 286 0 1
137 286 0 0
136 286 0 0
135 286 0 0
134 286 0 0
133 286 0 0
132 286 0 0
131 286 0 0
130 286 0 0
129 286 0 0
282 285 0 1
281 285 0 1
280 285 0 1
279 285 0 1
278 285 0 1
135 285 0 0
134 285 0 0
133 285 0 0
132 285 0 0
131 285 0 0
130 285 0 0
129 285 0 0
128 285 0 0
127 285 0 0
281 284 0 1
280 284 0 1
279 284 0 1
278 284 0 1
134 284 0 0
133 284 0 0
132 284 0 0
131 284 0 0
130 284 0 0
129 284 0 0
128 284 0 0
127 284 0 0
126 284 0 0
125 284 0 0
281 283 0 1
280 283 0 1
279 283 0 1
278 283 0 1
133 283 0 0
132 283 0 0
131 283 0 0
130 283 0 0
129 283 0 0
128 283 0 0
127 283 0 0
126 283 0 0
125 283 0 0
124 283 0 0
281 282 0 1
280 282 0 1
279 282 0 1
278 282 0 1
131 282 0 0
130 282 0 0
129 282 0 0
128 282 0 0
127 282 0 0
126 282 0 0
125 282 0 0
124 282 0 0
123 282 0 0
281 281 0 1
280 281 0 1
279 281 0 1
278 281 0 1
130 281 0 0
129 281 0 0
128 281 0 0
127 281 0 0
126 281 0 0
125 281 0 0
124 281 0 0
123 281 0 0
122 281 0 0
281 280 0 1
280 280 0 1
279 280 0 1
278 280 0 1
128 280 0 0
127 280 0 0
126 280 0 0
125 280 0 0
124 280 0 0
123 280 0 0
122 280 0 0
121 280 0 0
281 279 0 1
280 279 0 1
279 279 0 1
278 279 0 1
126 279 0 0
125 279 0 0
124 279 0 0
123 279 0 0
122 279 0 0
121 279 0 0
120 279 0 0
281 278 0 1
280 278 0 1
279 278 0 1
278 278 0 1
125 278 0 0
124 278 0 0
123 278 0 0
122 278 0 0
121 278 0 0
120 278 0 0
119 278 0 0
281 277 0 1
280 277 0 1
279 277 0 1
278 277 0 1
124 277 0 0
123 277 0 0
122 277 0 0
121 277 0 0
120 277 0 0
119 277 0 0
118 277 0 0
117 277 0 0
281 276 0 1
280 276 0 1
279 276 0 1
278 276 0 1
123 276 0 0
122 276 0 0
121 276 0 0
120 276 0 0
119 276 0 0
118 276 0 0
117 276 0 0
116 276 0 0
281 275 0 1
280 275 0 1
279 275 0 1
278 275 0 1
122 275 0 0
121 275 0 0
120 275 0 0
119 275 0 0
118 275 0 0
117 275 0 0
116 275 0 0
115 275 0 0
281 274 0 1
280 274 0 1
279 274 0 1
278 274 0 1
121 274 0 0
120 274 0 0
119 274 0 0
118 274 0 0
117 274 0 0
116 274 0 0
115 274 0 0
114 274 0 0
281 273 0 1
280 273 0 1
279 273 0 1
278 273 0 1
120 273 0 0
119 273 0 0
118 273 0 0
117 273 0 0
116 273 0 0
115 273 0 0
114 273 0 0
113 273 0 0
281 272 0 1
280 272 0 1
279 272 0 1
278 272 0 1
118 272 0 0
117 272 0 0
116 272 0 0
115 272 0 0
114 272 0 0
113 272 0 0
281 271 0 1
280 271 0 1
279 271 0 1
278 271 0 1
117 271 0 0
116 271 0 0
115 271 0 0
114 271 0 0
113 271 0 0
112 271 0 0
281 270 0 1
280 270 0 1
279 270 0 1
278 270 0 1
117 270 0 0
116 270 0 0
115 270 0 0
114 270 0 0
113 270 0 0
112 270 0 0
281 269 0 1
280 269 0 1
279 269 0 1
278 269 0 1
116 269 0 0
115 269 0 0
114 269 0 0
113 269 0 0
112 269 0 0
111 269 0 0
281 268 0 1
280 268 0 1
279 268 0 1
278 268 0 1
116 268 0 0
115 268 0 0
114 268 0 0
113 268 0 0
112 268 0 0
111 268 0 0
281 267 0 1
280 267 0 1
279 267 0 1
278 267 0 1
115 267 0 0
114 267 0 0
113 267 0 0
112 267 0 0
111 267 0 0
281 266 0 1
280 266 0 1
279 266 0 1
278 266 0 1
115 266 0 0
114 266 0 0
113 266 0 0
112 266 0 0
111 266 0 0
110 266 0 0
281 265 0 1
280 265 0 1
279 265 0 1
278 265 0 1
115 265 0 0
114 265 0 0
113 265 0 0
112 265 0 0
111 265 0 0
110 265 0 0
281 264 0 1
280 264 0 1
279 264 0 1
278 264 0 1
114 264 0 0
113 264 0 0
112 264 0 0
111 264 0 0
110 264 0 0
281 263 0 1
280 263 0 1
279 263 0 1
278 263 0 1
114 263 0 0
113 263 0 0
112 263 0 0
111 263 0 0
110 263 0 0
281 262 0 1
280 262 0 1
279 262 0 1
278 262 0 1
114 262 0 0
113 262 0 0
112 262 0 0
111 262 0 0
110 262 0 0
281 261 0 1
280 261 0 1
279 261 0 1
278 261 0 1
113 261 0 0
112 261 0 0
111 261 0 0
110 261 0 0
281 260 0 1
280 260 0 1
279 260 0 1
278 260 0 1
113 260 0 0
112 260 0 0
111 260 0 0
110 260 0 0
281 259 0 1
280 259 0 1
279 259 0 1
278 259 0 1
113 259 0 0
112 259 0 0
111 259 0 0
110 259 0 0
281 258 0 1
280 258 0 1
279 258 0 1
278 258 0 1
113 258 0 0
112 258 0 0
111 258 0 0
110 258 0 0
281 257 0 1
280 257 0 1
279 257 0 1
278 257 0 1
113 257 0 0
112 257 0 0
111 257 0 0
110 257 0 0
282 256 0 1
281 256 0 1
280 256 0 1
279 256 0 1
278 256 0 1
113 256 0 0
112 256 0 0
111 256 0 0
110 256 0 0
282 255 0 1
281 255 0 1
280 255 0 1
279 255 0 1
278 255 0 1
113 255 0 0
112 255 0 0
111 255 0 0
110 255 0 0
282 254 0 1
281 254 0 1
280 254 0 1
279 254 0 1
278 254 0 1
113 254 0 0
112 254 0 0
111 254 0 0
110 254 0 0
282 253 0 1
281 253 0 1
280 253 0 1
279 253 0 1
278 253 0 1
113 253 0 0
112 253 0 0
111 253 0 0
110 253 0 0
282 252 0 1
281 252 0 1
280 252 0 1
279 252 0 1
278 252 0 1
113 252 0 0
112 252 0 0
111 252 0 0
110 252 0 0
283 251 0 1
282 251 0 1
281 251 0 1
280 251 0 1
279 251 0 1
278 251 0 1
113 251 0 0
112 251 0 0
111 251 0 0
110 251 0 0
283 250 0 1
282 250 0 1
281 250 0 1
280 250 0 1
279 250 0 1
278 250 0 1
113 250 0 0
112 250 0 0
111 250 0 0
110 250 0 0
283 249 0 1
282 249 0 1
281 249 0 1
280 249 0 1
279 249 0 1
113 249 0 0
112 249 0 0
111 249 0 0
110 249 0 0
284 248 0 1
283 248 0 1
282 248 0 1
281 248 0 1
280 248 0 1
279 248 0 1
113 248 0 0
112 248 0 0
111 248 0 0
110 248 0 0
284 247 0 1
283 247 0 1
282 247 0 1
281 247 0 1
280 247 0 1
279 247 0 1
114 247 0 0
113 247 0 0
112 247 0 0
111 247 0 0
110 247 0 0
284 246 0 1
283 246 0 1
282 246 0 1
281 246 0 1
280 246 0 1
114 246 0 0
113 246 0 0
112 246 0 0
111 246 0 0
110 246 0 0
285 245 0 1
284 245 0 1
283 245 0 1
282 245 0 1
281 245 0 1
280 245 0 1
114 245 0 0
113 245 0 0
112 245 0 0
111 245 0 0
110 245 0 0
379 244 0 0
378 244 0 0
377 244 0 0
376 244 0 0
285 244 0 1
284 244 0 1
283 244 0 1
282 244 0 1
281 244 0 1
280 244 0 1
114 244 0 0
113 244 0 0
112 244 0 0
111 244 0 0
110 244 0 0
379 243 0 0
378 243 0 0
377 243 0 0
376 243 0 0
285 243 0 1
284 243 0 1
283 243 0 1
282 243 0 1
281 243 0 1
114 243 0 0
113 243 0 0
112 243 0 0
111 243 0 0
110 243 0 0
379 242 0 0
378 242 0 0
377 242 0 0
376 242 0 0
286 242 0 1
285 242 0 1
284 242 0 1
283 242 0 1
282 242 0 1
281 242 0 1
188 242 0 1
187 242 0 1
186 242 0 1
185 242 0 1
184 242 0 1
183 242 0 1
114 242 0 0
113 242 0 0
112 242 0 0
111 242 0 0
110 242 0 0
379 241 0 0
378 241 0 0
377 241 0 0
376 241 0 0
286 241 0 1
285 241 0 1
284 241 0 1
283 241 0 1
282 241 0 1
281 241 0 1
189 241 0 1
188 241 0 1
187 241 0 1
186 241 0 1
185 241 0 1
184 241 0 1
183 241 0 1
115 241 0 0
114 241 0 0
113 241 0 0
112 241 0 0
111 241 0 0
110 241 0 0
380 240 0 0
379 240 0 0
378 240 0 0
377 240 0 0
376 240 0 0
286 240 0 1
285 240 0 1
284 240 0 1
283 240 0 1
282 240 0 1
191 240 0 1
190 240 0 1
189 240 0 1
188 240 0 1
187 240 0 1
186 240 0 1
185 240 0 1
184 240 0 1
183 240 0 1
115 240 0 0
114 240 0 0
113 240 0 0
112 240 0 0
111 240 0 0
380 239 0 0
379 239 0 0
378 239 0 0
377 239 0 0
376 239 0 0
287 239 0 1
286 239 0 1
285 239 0 1
284 239 0 1
283 239 0 1
282 239 0 1
192 239 0 1
191 239 0 1
190 239 0 1
189 239 0 1
188 239 0 1
187 239 0 1
186 239 0 1
185 239 0 1
184 239 0 1
183 239 0 1
115 239 0 0
114 239 0 0
113 239 0 0
112 239 0 0
111 239 0 0
380 238 0 0
379 238 0 0
378 238 0 0
377 238 0 0
376 238 0 0
287 238 0 1
286 238 0 1
285 238 0 1
284 238 0 1
283 238 0 1
282 238 0 1
193 238 0 1
192 238 0 1
191 238 0 1
190 238 0 1
189 238 0 1
188 238 0 1
187 238 0 1
186 238 0 1
185 238 0 1
115 238 0 0
114 238 0 0
113 238 0 0
112 238 0 0
111 238 0 0
380 237 0 0
379 237 0 0
378 237 0 0
377 237 0 0
376 237 0 0
287 237 0 1
286 237 0 1
285 237 0 1
284 237 0 1
283 237 0 1
193 237 0 1
192 237 0 1
191 237 0 1
190 237 0 1
189 237 0 1
188 237 0 1
187 237 0 1
116 237 0 0
115 237 0 0
114 237 0 0
113 237 0 0
112 237 0 0
111 237 0 0
380 236 0 0
379 236 0 0
378 236 0 0
377 236 0 0
376 236 0 0
288 236 0 1
287 236 0 1
286 236 0 1
285 236 0 1
284 236 0 1
283 236 0 1
193 236 0 1
192 236 0 1
191 236 0 1
190 236 0 1
189 236 0 1
188 236 0 1
116 236 0 0
115 236 0 0
114 236 0 0
113 236 0 0
112 236 0 0
380 235 0 0
379 235 0 0
378 235 0 0
377 235 0 0
376 235 0 0
288 235 0 1
287 235 0 1
286 235 0 1
285 235 0 1
284 235 0 1
283 235 0 1
193 235 0 1
192 235 0 1
191 235 0 1
190 235 0 1
189 235 0 1
116 235 0 0
115 235 0 0
114 235 0 0
113 235 0 0
112 235 0 0
380 234 0 0
379 234 0 0
378 234 0 0
377 234 0 0
376 234 0 0
288 234 0 1
287 234 0 1
286 234 0 1
285 234 0 1
284 234 0 1
193 234 0 1
192 234 0 1
191 234 0 1
190 234 0 1
117 234 0 0
116 234 0 0
115 234 0 0
114 234 0 0
113 234 0 0
112 234 0 0
380 233 0 0
379 233 0 0
378 233 0 0
377 233 0 0
289 233 0 1
288 233 0 1
287 233 0 1
286 233 0 1
285 233 0 1
284 233 0 1
193 233 0 1
192 233 0 1
191 233 0 1
190 233 0 1
117 233 0 0
116 233 0 0
115 233 0 0
114 233 0 0
113 233 0 0
112 233 0 0
380 232 0 0
379 232 0 0
378 232 0 0
377 232 0 0
289 232 0 1
288 232 0 1
287 232 0 1
286 232 0 1
285 232 0 1
284 232 0 1
194 232 0 1
193 232 0 1
192 232 0 1
191 232 0 1
190 232 0 1
118 232 0 0
117 232 0 0
116 232 0 0
115 232 0 0
114 232 0 0
113 232 0 0
380 231 0 0
379 231 0 0
378 231 0 0
377 231 0 0
289 231 0 1
288 231 0 1
287 231 0 1
286 231 0 1
285 231 0 1
194 231 0 1
193 231 0 1
192 231 0 1
191 231 0 1
190 231 0 1
118 231 0 0
117 231 0 0
116 231 0 0
115 231 0 0
114 231 0 0
113 231 0 0
380 230 0 0
379 230 0 0
378 230 0 0
377 230 0 0
289 230 0 1
288 230 0 1
287 230 0 1
286 230 0 1
285 230 0 1
194 230 0 1
193 230 0 1
192 230 0 1
191 230 0 1
190 230 0 1
119 230 0 0
118 230 0 0
117 230 0 0
116 230 0 0
115 230 0 0
114 230 0 0
380 229 0 0
379 229 0 0
378 229 0 0
377 229 0 0
289 229 0 1
288 229 0 1
287 229 0 1
286 229 0 1
285 229 0 1
194 229 0 1
193 229 0 1
192 229 0 1
191 229 0 1
119 229 0 0
118 229 0 0
117 229 0 0
116 229 0 0
115 229 0 0
114 229 0 0
380 228 0 0
379 228 0 0
378 228 0 0
377 228 0 0
289 228 0 1
288 228 0 1
287 228 0 1
286 228 0 1
194 228 0 1
193 228 0 1
192 228 0 1
191 228 0 1
120 228 0 0
119 228 0 0
118 228 0 0
117 228 0 0
116 228 0 0
115 228 0 0
381 227 0 0
380 227 0 0
379 227 0 0
378 227 0 0
377 227 0 0
289 227 0 1
288 227 0 1
287 227 0 1
286 227 0 1
194 227 0 1
193 227 0 1
192 227 0 1
191 227 0 1
120 227 0 0
119 227 0 0
118 227 0 0
117 227 0 0
116 227 0 0
115 227 0 0
381 226 0 0
380 226 0 0
379 226 0 0
378 226 0 0
377 226 0 0
289 226 0 1
288 226 0 1
287 226 0 1
286 226 0 1
194 226 0 1
193 226 0 1
192 226 0 1
191 226 0 1
121 226 0 0
120 226 0 0
119 226 0 0
118 226 0 0
117 226 0 0
116 226 0 0
381 225 0 0
380 225 0 0
379 225 0 0
378 225 0 0
377 225 0 0
289 225 0 1
288 225 0 1
287 225 0 1
286 225 0 1
194 225 0 1
193 225 0 1
192 225 0 1
191 225 0 1
122 225 0 0
121 225 0 0
120 225 0 0
119 225 0 0
118 225 0 0
117 225 0 0
381 224 0 0
380 224 0 0
379 224 0 0
378 224 0 0
377 224 0 0
289 224 0 1
288 224 0 1
287 224 0 1
286 224 0 1
194 224 0 1
193 224 0 1
192 224 0 1
191 224 0 1
122 224 0 0
121 224 0 0
120 224 0 0
119 224 0 0
118 224 0 0
117 224 0 0
381 223 0 0
380 223 0 0
379 223 0 0
378 223 0 0
377 223 0 0
289 223 0 1
288 223 0 1
287 223 0 1
286 223 0 1
194 223 0 1
193 223 0 1
192 223 0 1
191 223 0 1
123 223 0 0
122 223 0 0
121 223 0 0
120 223 0 0
119 223 0 0
118 223 0 0
381 222 0 0
380 222 0 0
379 222 0 0
378 222 0 0
377 222 0 0
289 222 0 1
288 222 0 1
287 222 0 1
286 222 0 1
194 222 0 1
193 222 0 1
192 222 0 1
191 222 0 1
123 222 0 0
122 222 0 0
121 222 0 0
120 222 0 0
119 222 0 0
118 222 0 0
381 221 0 0
380 221 0 0
379 221 0 0
378 221 0 0
377 221 0 0
289 221 0 1
288 221 0 1
287 221 0 1
286 221 0 1
194 221 0 1
193 221 0 1
192 221 0 1
191 221 0 1
124 221 0 0
123 221 0 0
122 221 0 0
121 221 0 0
120 221 0 0
119 221 0 0
381 220 0 0
380 220 0 0
379 220 0 0
378 220 0 0
289 220 0 1
288 220 0 1
287 220 0 1
286 220 0 1
194 220 0 1
193 220 0 1
192 220 0 1
191 220 0 1
124 220 0 0
123 220 0 0
122 220 0 0
121 220 0 0
120 220 0 0
119 220 0 0
381 219 0 0
380 219 0 0
379 219 0 0
378 219 0 0
289 219 0 1
288 219 0 1
287 219 0 1
286 219 0 1
194 219 0 1
193 219 0 1
192 219 0 1
191 219 0 1
125 219 0 0
124 219 0 0
123 219 0 0
122 219 0 0
121 219 0 0
120 219 0 0
381 218 0 0
380 218 0 0
379 218 0 0
378 218 0 0
289 218 0 1
288 218 0 1
287 218 0 1
286 218 0 1
194 218 0 1
193 218 0 1
192 218 0 1
191 218 0 1
125 218 0 0
124 218 0 0
123 218 0 0
122 218 0 0
121 218 0 0
381 217 0 0
380 217 0 0
379 217 0 0
378 217 0 0
289 217 0 1
288 217 0 1
287 217 0 1
286 217 0 1
194 217 0 1
193 217 0 1
192 217 0 1
191 217 0 1
126 217 0 0
125 217 0 0
124 217 0 0
123 217 0 0
122 217 0 0
121 217 0 0
381 216 0 0
380 216 0 0
379 216 0 0
378 216 0 0
289 216 0 1
288 216 0 1
287 216 0 1
286 216 0 1
194 216 0 1
193 216 0 1
192 216 0 1
191 216 0 1
127 216 0 0
126 216 0 0
125 216 0 0
124 216 0 0
123 216 0 0
122 216 0 0
381 215 0 0
380 215 0 0
379 215 0 0
378 215 0 0
289 215 0 1
288 215 0 1
287 215 0 1
286 215 0 1
194 215 0 1
193 215 0 1
192 215 0 1
191 215 0 1
127 215 0 0
126 215 0 0
125 215 0 0
124 215 0 0
123 215 0 0
122 215 0 0
381 214 0 0
380 214 0 0
379 214 0 0
378 214 0 0
290 214 0 1
289 214 0 1
288 214 0 1
287 214 0 1
286 214 0 1
194 214 0 1
193 214 0 1
192 214 0 1
191 214 0 1
128 214 0 0
127 214 0 0
126 214 0 0
125 214 0 0
124 214 0 0
123 214 0 0
381 213 0 0
380 213 0 0
379 213 0 0
378 213 0 0
290 213 0 1
289 213 0 1
288 213 0 1
287 213 0 1
286 213 0 1
194 213 0 1
193 213 0 1
192 213 0 1
191 213 0 1
128 213 0 0
127 213 0 0
126 213 0 0
125 213 0 0
124 213 0 0
123 213 0 0
381 212 0 0
380 212 0 0
379 212 0 0
378 212 0 0
290 212 0 1
289 212 0 1
288 212 0 1
287 212 0 1
286 212 0 1
194 212 0 1
193 212 0 1
192 212 0 1
191 212 0 1
129 212 0 0
128 212 0 0
127 212 0 0
126 212 0 0
125 212 0 0
124 212 0 0
381 211 0 0
380 211 0 0
379 211 0 0
378 211 0 0
290 211 0 1
289 211 0 1
288 211 0 1
287 211 0 1
286 211 0 1
194 211 0 1
193 211 0 1
192 211 0 1
191 211 0 1
130 211 0 0
129 211 0 0
128 211 0 0
127 211 0 0
126 211 0 0
125 211 0 0
124 211 0 0
381 210 0 0
380 210 0 0
379 210 0 0
378 210 0 0
290 210 0 1
289 210 0 1
288 210 0 1
287 210 0 1
286 210 0 1
194 210 0 1
193 210 0 1
192 210 0 1
191 210 0 1
130 210 0 0
129 210 0 0
128 210 0 0
127 210 0 0
126 210 0 0
125 210 0 0
381 209 0 0
380 209 0 0
379 209 0 0
378 209 0 0
290 209 0 1
289 209 0 1
288 209 0 1
287 209 0 1
286 209 0 1
194 209 0 1
193 209 0 1
192 209 0 1
191 209 0 1
131 209 0 0
130 209 0 0
129 209 0 0
128 209 0 0
127 209 0 0
126 209 0 0
381 208 0 0
380 208 0 0
379 208 0 0
378 208 0 0
290 208 0 1
289 208 0 1
288 208 0 1
287 208 0 1
286 208 0 1
194 208 0 1
193 208 0 1
192 208 0 1
191 208 0 1
131 208 0 0
130 208 0 0
129 208 0 0
128 208 0 0
127 208 0 0
126 208 0 0
381 207 0 0
380 207 0 0
379 207 0 0
378 207 0 0
290 207 0 1
289 207 0 1
288 207 0 1
287 207 0 1
286 207 0 1
194 207 0 1
193 207 0 1
192 207 0 1
191 207 0 1
132 207 0 0
131 207 0 0
130 207 0 0
129 207 0 0
128 207 0 0
127 207 0 0
381 206 0 0
380 206 0 0
379 206 0 0
378 206 0 0
290 206 0 1
289 206 0 1
288 206 0 1
287 206 0 1
286 206 0 1
194 206 0 1
193 206 0 1
192 206 0 1
191 206 0 1
133 206 0 0
132 206 0 0
131 206 0 0
130 206 0 0
129 206 0 0
128 206 0 0
127 206 0 0
381 205 0 0
380 205 0 0
379 205 0 0
378 205 0 0
290 205 0 1
289 205 0 1
288 205 0 1
287 205 0 1
286 205 0 1
195 205 0 1
194 205 0 1
193 205 0 1
192 205 0 1
191 205 0 1
133 205 0 0
132 205 0 0
131 205 0 0
130 205 0 0
129 205 0 0
128 205 0 0
381 204 0 0
380 204 0 0
379 204 0 0
378 204 0 0
291 204 0 1
290 204 0 1
289 204 0 1
288 204 0 1
287 204 0 1
195 204 0 1
194 204 0 1
193 204 0 1
192 204 0 1
191 204 0 1
134 204 0 0
133 204 0 0
132 204 0 0
131 204 0 0
130 204 0 0
129 204 0 0
381 203 0 0
380 203 0 0
379 203 0 0
378 203 0 0
291 203 0 1
290 203 0 1
289 203 0 1
288 203 0 1
287 203 0 1
195 203 0 1
194 203 0 1
193 203 0 1
192 203 0 1
191 203 0 1
135 203 0 0
134 203 0 0
133 203 0 0
132 203 0 0
131 203 0 0
130 203 0 0
129 203 0 0
381 202 0 0
380 202 0 0
379 202 0 0
378 202 0 0
291 202 0 1
290 202 0 1
289 202 0 1
288 202 0 1
287 202 0 1
195 202 0 1
194 202 0 1
193 202 0 1
192 202 0 1
191 202 0 1
136 202 0 0
135 202 0 0
134 202 0 0
133 202 0 0
132 202 0 0
131 202 0 0
130 202 0 0
381 201 0 0
380 201 0 0
379 201 0 0
378 201 0 0
291 201 0 1
290 201 0 1
289 201 0 1
288 201 0 1
287 201 0 1
195 201 0 1
194 201 0 1
193 201 0 1
192 201 0 1
137 201 0 0
136 201 0 0
135 201 0 0
134 201 0 0
133 201 0 0
132 201 0 0
131 201 0 0
381 200 0 0
380 200 0 0
379 200 0 0
378 200 0 0
291 200 0 1
290 200 0 1
289 200 0 1
288 200 0 1
287 200 0 1
195 200 0 1
194 200 0 1
193 200 0 1
192 200 0 1
138 200 0 0
137 200 0 0
136 200 0 0
135 200 0 0
134 200 0 0
133 200 0 0
132 200 0 0
381 199 0 0
380 199 0 0
379 199 0 0
378 199 0 0
291 199 0 1
290 199 0 1
289 199 0 1
288 199 0 1
287 199 0 1
195 199 0 1
194 199 0 1
193 199 0 1
192 199 0 1
139 199 0 0
138 199 0 0
137 199 0 0
136 199 0 0
135 199 0 0
134 199 0 0
133 199 0 0
381 198 0 0
380 198 0 0
379 198 0 0
378 198 0 0
291 198 0 1
290 198 0 1
289 198 0 1
288 198 0 1
287 198 0 1
195 198 0 1
194 198 0 1
193 198 0 1
192 198 0 1
140 198 0 0
139 198 0 0
138 198 0 0
137 198 0 0
136 198 0 0
135 198 0 0
134 198 0 0
381 197 0 0
380 197 0 0
379 197 0 0
378 197 0 0
292 197 0 1
291 197 0 1
290 197 0 1
289 197 0 1
288 197 0 1
196 197 0 1
195 197 0 1
194 197 0 1
193 197 0 1
192 197 0 1
141 197 0 0
140 197 0 0
139 197 0 0
138 197 0 0
137 197 0 0
136 197 0 0
135 197 0 0
381 196 0 0
380 196 0 0
379 196 0 0
378 196 0 0
292 196 0 1
291 196 0 1
290 196 0 1
289 196 0 1
288 196 0 1
196 196 0 1
195 196 0 1
194 196 0 1
193 196 0 1
192 196 0 1
143 196 0 0
142 196 0 0
141 196 0 0
140 196 0 0
139 196 0 0
138 196 0 0
137 196 0 0
136 196 0 0
381 195 0 0
380 195 0 0
379 195 0 0
378 195 0 0
292 195 0 1
291 195 0 1
290 195 0 1
289 195 0 1
288 195 0 1
196 195 0 1
195 195 0 1
194 195 0 1
193 195 0 1
192 195 0 1
144 195 0 0
143 195 0 0
142 195 0 0
141 195 0 0
140 195 0 0
139 195 0 0
138 195 0 0
137 195 0 0
381 194 0 0
380 194 0 0
379 194 0 0
378 194 0 0
292 194 0 1
291 194 0 1
290 194 0 1
289 194 0 1
288 194 0 1
196 194 0 1
195 194 0 1
194 194 0 1
193 194 0 1
192 194 0 1
145 194 0 0
144 194 0 0
143 194 0 0
142 194 0 0
141 194 0 0
140 194 0 0
139 194 0 0
138 194 0 0
381 193 0 0
380 193 0 0
379 193 0 0
378 193 0 0
292 193 0 1
291 193 0 1
290 193 0 1
289 193 0 1
288 193 0 1
196 193 0 1
195 193 0 1
194 193 0 1
193 193 0 1
146 193 0 0
145 193 0 0
144 193 0 0
143 193 0 0
142 193 0 0
141 193 0 0
140 193 0 0
139 193 0 0
381 192 0 0
380 192 0 0
379 192 0 0
378 192 0 0
292 192 0 1
291 192 0 1
290 192 0 1
289 192 0 1
288 192 0 1
196 192 0 1
195 192 0 1
194 192 0 1
193 192 0 1
148 192 0 0
147 192 0 0
146 192 0 0
145 192 0 0
144 192 0 0
143 192 0 0
142 192 0 0
141 192 0 0
140 192 0 0
381 191 0 0
380 191 0 0
379 191 0 0
378 191 0 0
377 191 0 0
292 191 0 1
291 191 0 1
290 191 0 1
289 191 0 1
197 191 0 1
196 191 0 1
195 191 0 1
194 191 0 1
193 191 0 1
149 191 0 0
148 191 0 0
147 191 0 0
146 191 0 0
145 191 0 0
144 191 0 0
143 191 0 0
142 191 0 0
141 191 0 0
381 190 0 0
380 190 0 0
379 190 0 0
378 190 0 0
377 190 0 0
292 190 0 1
291 190 0 1
290 190 0 1
289 190 0 1
198 190 0 1
197 190 0 1
196 190 0 1
195 190 0 1
194 190 0 1
193 190 0 1
150 190 0 0
149 190 0 0
148 190 0 0
147 190 0 0
146 190 0 0
145 190 0 0
144 190 0 0
143 190 0 0
381 189 0 0
380 189 0 0
379 189 0 0
378 189 0 0
377 189 0 0
292 189 0 1
291 189 0 1
290 189 0 1
289 189 0 1
200 189 0 1
199 189 0 1
198 189 0 1
197 189 0 1
196 189 0 1
195 189 0 1
194 189 0 1
193 189 0 1
152 189 0 0
151 189 0 0
150 189 0 0
149 189 0 0
148 189 0 0
147 189 0 0
146 189 0 0
145 189 0 0
144 189 0 0
381 188 0 0
380 188 0 0
379 188 0 0
378 188 0 0
377 188 0 0
292 188 0 1
291 188 0 1
290 188 0 1
289 188 0 1
201 188 0 1
200 188 0 1
199 188 0 1
198 188 0 1
197 188 0 1
196 188 0 1
195 188 0 1
194 188 0 1
153 188 0 0
152 188 0 0
151 188 0 0
150 188 0 0
149 188 0 0
148 188 0 0
147 188 0 0
146 188 0 0
145 188 0 0
381 187 0 0
380 187 0 0
379 187 0 0
378 187 0 0
377 187 0 0
292 187 0 1
291 187 0 1
290 187 0 1
289 187 0 1
202 187 0 1
201 187 0 1
200 187 0 1
199 187 0 1
198 187 0 1
197 187 0 1
196 187 0 1
195 187 0 1
154 187 0 0
153 187 0 0
152 187 0 0
151 187 0 0
150 187 0 0
149 187 0 0
148 187 0 0
147 187 0 0
381 186 0 0
380 186 0 0
379 186 0 0
378 186 0 0
377 186 0 0
292 186 0 1
291 186 0 1
290 186 0 1
289 186 0 1
204 186 0 1
203 186 0 1
202 186 0 1
201 186 0 1
200 186 0 1
199 186 0 1
198 186 0 1
197 186 0 1
196 186 0 1
155 186 0 0
154 186 0 0
153 186 0 0
152 186 0 0
151 186 0 0
150 186 0 0
149 186 0 0
148 186 0 0
381 185 0 0
380 185 0 0
379 185 0 0
378 185 0 0
377 185 0 0
292 185 0 1
291 185 0 1
290 185 0 1
289 185 0 1
207 185 0 1
206 185 0 1
205 185 0 1
204 185 0 1
203 185 0 1
202 185 0 1
201 185 0 1
200 185 0 1
199 185 0 1
198 185 0 1
197 185 0 1
156 185 0 0
155 185 0 0
154 185 0 0
153 185 0 0
152 185 0 0
151 185 0 0
150 185 0 0
149 185 0 0
380 184 0 0
379 184 0 0
378 184 0 0
377 184 0 0
292 184 0 1
291 184 0 1
290 184 0 1
289 184 0 1
208 184 0 1
207 184 0 1
206 184 0 1
205 184 0 1
204 184 0 1
203 184 0 1
202 184 0 1
201 184 0 1
200 184 0 1
199 184 0 1
157 184 0 0
156 184 0 0
155 184 0 0
154 184 0 0
153 184 0 0
152 184 0 0
151 184 0 0
150 184 0 0
380 183 0 0
379 183 0 0
378 183 0 0
377 183 0 0
292 183 0 1
291 183 0 1
290 183 0 1
289 183 0 1
209 183 0 1
208 183 0 1
207 183 0 1
206 183 0 1
205 183 0 1
204 183 0 1
203 183 0 1
202 183 0 1
201 183 0 1
200 183 0 1
158 183 0 0
157 183 0 0
156 183 0 0
155 183 0 0
154 183 0 0
153 183 0 0
152 183 0 0
380 182 0 0
379 182 0 0
378 182 0 0
377 182 0 0
292 182 0 1
291 182 0 1
290 182 0 1
289 182 0 1
210 182 0 1
209 182 0 1
208 182 0 1
207 182 0 1
206 182 0 1
205 182 0 1
204 182 0 1
203 182 0 1
202 182 0 1
201 182 0 1
159 182 0 0
158 182 0 0
157 182 0 0
156 182 0 0
155 182 0 0
154 182 0 0
153 182 0 0
380 181 0 0
379 181 0 0
378 181 0 0
377 181 0 0
376 181 0 0
292 181 0 1
291 181 0 1
290 181 0 1
289 181 0 1
212 181 0 1
211 181 0 1
210 181 0 1
209 181 0 1
208 181 0 1
207 181 0 1
206 181 0 1
205 181 0 1
204 181 0 1
203 181 0 1
159 181 0 0
158 181 0 0
157 181 0 0
156 181 0 0
155 181 0 0
154 181 0 0
380 180 0 0
379 180 0 0
378 180 0 0
377 180 0 0
376 180 0 0
292 180 0 1
291 180 0 1
290 180 0 1
289 180 0 1
213 180 0 1
212 180 0 1
211 180 0 1
210 180 0 1
209 180 0 1
208 180 0 1
207 180 0 1
206 180 0 1
160 180 0 0
159 180 0 0
158 180 0 0
157 180 0 0
156 180 0 0
155 180 0 0
154 180 0 0
380 179 0 0
379 179 0 0
378 179 0 0
377 179 0 0
376 179 0 0
292 179 0 1
291 179 0 1
290 179 0 1
289 179 0 1
215 179 0 1
214 179 0 1
213 179 0 1
212 179 0 1
211 179 0 1
210 179 0 1
209 179 0 1
208 179 0 1
207 179 0 1
161 179 0 0
160 179 0 0
159 179 0 0
158 179 0 0
157 179 0 0
156 179 0 0
155 179 0 0
380 178 0 0
379 178 0 0
378 178 0 0
377 178 0 0
376 178 0 0
292 178 0 1
291 178 0 1
290 178 0 1
289 178 0 1
216 178 0 1
215 178 0 1
214 178 0 1
213 178 0 1
212 178 0 1
211 178 0 1
210 178 0 1
209 178 0 1
208 178 0 1
162 178 0 0
161 178 0 0
160 178 0 0
159 178 0 0
158 178 0 0
157 178 0 0
156 178 0 0
380 177 0 0
379 177 0 0
378 177 0 0
377 177 0 0
376 177 0 0
292 177 0 1
291 177 0 1
290 177 0 1
289 177 0 1
216 177 0 1
215 177 0 1
214 177 0 1
213 177 0 1
212 177 0 1
211 177 0 1
210 177 0 1
209 177 0 1
163 177 0 0
162 177 0 0
161 177 0 0
160 177 0 0
159 177 0 0
158 177 0 0
157 177 0 0
380 176 0 0
379 176 0 0
378 176 0 0
377 176 0 0
376 176 0 0
292 176 0 1
291 176 0 1
290 176 0 1
289 176 0 1
217 176 0 1
216 176 0 1
215 176 0 1
214 176 0 1
213 176 0 1
212 176 0 1
211 176 0 1
164 176 0 0
163 176 0 0
162 176 0 0
161 176 0 0
160 176 0 0
159 176 0 0
158 176 0 0
380 175 0 0
379 175 0 0
378 175 0 0
377 175 0 0
376 175 0 0
375 175 0 0
292 175 0 1
291 175 0 1
290 175 0 1
289 175 0 1
217 175 0 1
216 175 0 1
215 175 0 1
214 175 0 1
213 175 0 1
212 175 0 1
165 175 0 0
164 175 0 0
163 175 0 0
162 175 0 0
161 175 0 0
160 175 0 0
159 175 0 0
379 174 0 0
378 174 0 0
377 174 0 0
376 174 0 0
375 174 0 0
292 174 0 1
291 174 0 1
290 174 0 1
289 174 0 1
218 174 0 1
217 174 0 1
216 174 0 1
215 174 0 1
214 174 0 1
213 174 0 1
166 174 0 0
165 174 0 0
164 174 0 0
163 174 0 0
162 174 0 0
161 174 0 0
160 174 0 0
379 173 0 0
378 173 0 0
377 173 0 0
376 173 0 0
375 173 0 0
292 173 0 1
291 173 0 1
290 173 0 1
289 173 0 1
219 173 0 1
218 173 0 1
217 173 0 1
216 173 0 1
215 173 0 1
214 173 0 1
213 173 0 1
167 173 0 0
166 173 0 0
165 173 0 0
164 173 0 0
163 173 0 0
162 173 0 0
161 173 0 0
379 172 0 0
378 172 0 0
377 172 0 0
376 172 0 0
375 172 0 0
292 172 0 1
291 172 0 1
290 172 0 1
289 172 0 1
221 172 0 1
220 172 0 1
219 172 0 1
218 172 0 1
217 172 0 1
216 172 0 1
215 172 0 1
214 172 0 1
167 172 0 0
166 172 0 0
165 172 0 0
164 172 0 0
163 172 0 0
162 172 0 0
379 171 0 0
378 171 0 0
377 171 0 0
376 171 0 0
375 171 0 0
292 171 0 1
291 171 0 1
290 171 0 1
289 171 0 1
222 171 0 1
221 171 0 1
220 171 0 1
219 171 0 1
218 171 0 1
217 171 0 1
216 171 0 1
215 171 0 1
168 171 0 0
167 171 0 0
166 171 0 0
165 171 0 0
164 171 0 0
163 171 0 0
379 170 0 0
378 170 0 0
377 170 0 0
376 170 0 0
375 170 0 0
292 170 0 1
291 170 0 1
290 170 0 1
289 170 0 1
223 170 0 1
222 170 0 1
221 170 0 1
220 170 0 1
219 170 0 1
218 170 0 1
217 170 0 1
216 170 0 1
168 170 0 0
167 170 0 0
166 170 0 0
165 170 0 0
164 170 0 0
163 170 0 0
378 169 0 0
377 169 0 0
376 169 0 0
375 169 0 0
374 169 0 0
292 169 0 1
291 169 0 1
290 169 0 1
289 169 0 1
225 169 0 1
224 169 0 1
223 169 0 1
222 169 0 1
221 169 0 1
220 169 0 1
219 169 0 1
218 169 0 1
217 169 0 1
168 169 0 0
167 169 0 0
166 169 0 0
165 169 0 0
164 169 0 0
163 169 0 0
378 168 0 0
377 168 0 0
376 168 0 0
375 168 0 0
374 168 0 0
292 168 0 1
291 168 0 1
290 168 0 1
289 168 0 1
226 168 0 1
225 168 0 1
224 168 0 1
223 168 0 1
222 168 0 1
221 168 0 1
220 168 0 1
219 168 0 1
218 168 0 1
169 168 0 0
168 168 0 0
167 168 0 0
166 168 0 0
165 168 0 0
164 168 0 0
378 167 0 0
377 167 0 0
376 167 0 0
375 167 0 0
374 167 0 0
292 167 0 1
291 167 0 1
290 167 0 1
289 167 0 1
227 167 0 1
226 167 0 1
225 167 0 1
224 167 0 1
223 167 0 1
222 167 0 1
221 167 0 1
220 167 0 1
169 167 0 0
168 167 0 0
167 167 0 0
166 167 0 0
165 167 0 0
378 166 0 0
377 166 0 0
376 166 0 0
375 166 0 0
374 166 0 0
292 166 0 1
291 166 0 1
290 166 0 1
289 166 0 1
228 166 0 1
227 166 0 1
226 166 0 1
225 166 0 1
224 166 0 1
223 166 0 1
222 166 0 1
221 166 0 1
169 166 0 0
168 166 0 0
167 166 0 0
166 166 0 0
165 166 0 0
378 165 0 0
377 165 0 0
376 165 0 0
375 165 0 0
374 165 0 0
292 165 0 1
291 165 0 1
290 165 0 1
289 165 0 1
229 165 0 1
228 165 0 1
227 165 0 1
226 165 0 1
225 165 0 1
224 165 0 1
223 165 0 1
222 165 0 1
170 165 0 0
169 165 0 0
168 165 0 0
167 165 0 0
166 165 0 0
165 165 0 0
378 164 0 0
377 164 0 0
376 164 0 0
375 164 0 0
374 164 0 0
292 164 0 1
291 164 0 1
290 164 0 1
289 164 0 1
230 164 0 1
229 164 0 1
228 164 0 1
227 164 0 1
226 164 0 1
225 164 0 1
224 164 0 1
170 164 0 0
169 164 0 0
168 164 0 0
167 164 0 0
166 164 0 0
165 164 0 0
378 163 0 0
377 163 0 0
376 163 0 0
375 163 0 0
374 163 0 0
373 163 0 0
292 163 0 1
291 163 0 1
290 163 0 1
289 163 0 1
231 163 0 1
230 163 0 1
229 163 0 1
228 163 0 1
227 163 0 1
226 163 0 1
225 163 0 1
170 163 0 0
169 163 0 0
168 163 0 0
167 163 0 0
166 163 0 0
377 162 0 0
376 162 0 0
375 162 0 0
374 162 0 0
373 162 0 0
292 162 0 1
291 162 0 1
290 162 0 1
289 162 0 1
232 162 0 1
231 162 0 1
230 162 0 1
229 162 0 1
228 162 0 1
227 162 0 1
226 162 0 1
170 162 0 0
169 162 0 0
168 162 0 0
167 162 0 0
166 162 0 0
377 161 0 0
376 161 0 0
375 161 0 0
374 161 0 0
373 161 0 0
292 161 0 1
291 161 0 1
290 161 0 1
289 161 0 1
233 161 0 1
232 161 0 1
231 161 0 1
230 161 0 1
229 161 0 1
228 161 0 1
227 161 0 1
170 161 0 0
169 161 0 0
168 161 0 0
167 161 0 0
166 161 0 0
377 160 0 0
376 160 0 0
375 160 0 0
374 160 0 0
373 160 0 0
372 160 0 0
292 160 0 1
291 160 0 1
290 160 0 1
289 160 0 1
235 160 0 1
234 160 0 1
233 160 0 1
232 160 0 1
231 160 0 1
230 160 0 1
229 160 0 1
228 160 0 1
171 160 0 0
170 160 0 0
169 160 0 0
168 160 0 0
167 160 0 0
166 160 0 0
377 159 0 0
376 159 0 0
375 159 0 0
374 159 0 0
373 159 0 0
372 159 0 0
292 159 0 1
291 159 0 1
290 159 0 1
289 159 0 1
237 159 0 1
236 159 0 1
235 159 0 1
234 159 0 1
233 159 0 1
232 159 0 1
231 159 0 1
230 159 0 1
229 159 0 1
171 159 0 0
170 159 0 0
169 159 0 0
168 159 0 0
167 159 0 0
376 158 0 0
375 158 0 0
374 158 0 0
373 158 0 0
372 158 0 0
292 158 0 1
291 158 0 1
290 158 0 1
289 158 0 1
239 158 0 1
238 158 0 1
237 158 0 1
236 158 0 1
235 158 0 1
234 158 0 1
233 158 0 1
232 158 0 1
231 158 0 1
230 158 0 1
171 158 0 0
170 158 0 0
169 158 0 0
168 158 0 0
167 158 0 0
376 157 0 0
375 157 0 0
374 157 0 0
373 157 0 0
372 157 0 0
371 157 0 0
292 157 0 1
291 157 0 1
290 157 0 1
289 157 0 1
240 157 0 1
239 157 0 1
238 157 0 1
237 157 0 1
236 157 0 1
235 157 0 1
234 157 0 1
233 157 0 1
232 157 0 1
231 157 0 1
171 157 0 0
170 157 0 0
169 157 0 0
168 157 0 0
167 157 0 0
376 156 0 0
375 156 0 0
374 156 0 0
373 156 0 0
372 156 0 0
371 156 0 0
292 156 0 1
291 156 0 1
290 156 0 1
289 156 0 1
242 156 0 1
241 156 0 1
240 156 0 1
239 156 0 1
238 156 0 1
237 156 0 1
236 156 0 1
235 156 0 1
234 156 0 1
233 156 0 1
232 156 0 1
172 156 0 0
171 156 0 0
170 156 0 0
169 156 0 0
168 156 0 0
167 156 0 0
375 155 0 0
374 155 0 0
373 155 0 0
372 155 0 0
371 155 0 0
292 155 0 1
291 155 0 1
290 155 0 1
289 155 0 1
243 155 0 1
242 155 0 1
241 155 0 1
240 155 0 1
239 155 0 1
238 155 0 1
237 155 0 1
236 155 0 1
235 155 0 1
234 155 0 1
172 155 0 0
171 155 0 0
170 155 0 0
169 155 0 0
168 155 0 0
167 155 0 0
375 154 0 0
374 154 0 0
373 154 0 0
372 154 0 0
371 154 0 0
292 154 0 1
291 154 0 1
290 154 0 1
289 154 0 1
245 154 0 1
244 154 0 1
243 154 0 1
242 154 0 1
241 154 0 1
240 154 0 1
239 154 0 1
238 154 0 1
237 154 0 1
236 154 0 1
172 154 0 0
171 154 0 0
170 154 0 0
169 154 0 0
168 154 0 0
375 153 0 0
374 153 0 0
373 153 0 0
372 153 0 0
371 153 0 0
292 153 0 1
291 153 0 1
290 153 0 1
289 153 0 1
246 153 0 1
245 153 0 1
244 153 0 1
243 153 0 1
242 153 0 1
241 153 0 1
240 153 0 1
239 153 0 1
238 153 0 1
172 153 0 0
171 153 0 0
170 153 0 0
169 153 0 0
168 153 0 0
375 152 0 0
374 152 0 0
373 152 0 0
372 152 0 0
371 152 0 0
370 152 0 0
292 152 0 1
291 152 0 1
290 152 0 1
289 152 0 1
247 152 0 1
246 152 0 1
245 152 0 1
244 152 0 1
243 152 0 1
242 152 0 1
241 152 0 1
240 152 0 1
239 152 0 1
173 152 0 0
172 152 0 0
171 152 0 0
170 152 0 0
169 152 0 0
168 152 0 0
375 151 0 0
374 151 0 0
373 151 0 0
372 151 0 0
371 151 0 0
370 151 0 0
292 151 0 1
291 151 0 1
290 151 0 1
289 151 0 1
249 151 0 1
248 151 0 1
247 151 0 1
246 151 0 1
245 151 0 1
244 151 0 1
243 151 0 1
242 151 0 1
241 151 0 1
173 151 0 0
172 151 0 0
171 151 0 0
170 151 0 0
169 151 0 0
374 150 0 0
373 150 0 0
372 150 0 0
371 150 0 0
370 150 0 0
292 150 0 1
291 150 0 1
290 150 0 1
289 150 0 1
250 150 0 1
249 150 0 1
248 150 0 1
247 150 0 1
246 150 0 1
245 150 0 1
244 150 0 1
243 150 0 1
242 150 0 1
173 150 0 0
172 150 0 0
171 150 0 0
170 150 0 0
169 150 0 0
374 149 0 0
373 149 0 0
372 149 0 0
371 149 0 0
370 149 0 0
369 149 0 0
292 149 0 1
291 149 0 1
290 149 0 1
289 149 0 1
252 149 0 1
251 149 0 1
250 149 0 1
249 149 0 1
248 149 0 1
247 149 0 1
246 149 0 1
245 149 0 1
244 149 0 1
174 149 0 0
173 149 0 0
172 149 0 0
171 149 0 0
170 149 0 0
169 149 0 0
374 148 0 0
373 148 0 0
372 148 0 0
371 148 0 0
370 148 0 0
369 148 0 0
292 148 0 1
291 148 0 1
290 148 0 1
289 148 0 1
254 148 0 1
253 148 0 1
252 148 0 1
251 148 0 1
250 148 0 1
249 148 0 1
248 148 0 1
247 148 0 1
246 148 0 1
245 148 0 1
174 148 0 0
173 148 0 0
172 148 0 0
171 148 0 0
170 148 0 0
169 148 0 0
373 147 0 0
372 147 0 0
371 147 0 0
370 147 0 0
369 147 0 0
292 147 0 1
291 147 0 1
290 147 0 1
289 147 0 1
257 147 0 1
256 147 0 1
255 147 0 1
254 147 0 1
253 147 0 1
252 147 0 1
251 147 0 1
250 147 0 1
249 147 0 1
248 147 0 1
247 147 0 1
174 147 0 0
173 147 0 0
172 147 0 0
171 147 0 0
170 147 0 0
373 146 0 0
372 146 0 0
371 146 0 0
370 146 0 0
369 146 0 0
292 146 0 1
291 146 0 1
290 146 0 1
289 146 0 1
260 146 0 1
259 146 0 1
258 146 0 1
257 146 0 1
256 146 0 1
255 146 0 1
254 146 0 1
253 146 0 1
252 146 0 1
251 146 0 1
250 146 0 1
249 146 0 1
248 146 0 1
175 146 0 0
174 146 0 0
173 146 0 0
172 146 0 0
171 146 0 0
170 146 0 0
373 145 0 0
372 145 0 0
371 145 0 0
370 145 0 0
369 145 0 0
292 145 0 1
291 145 0 1
290 145 0 1
289 145 0 1
261 145 0 1
260 145 0 1
259 145 0 1
258 145 0 1
257 145 0 1
256 145 0 1
255 145 0 1
254 145 0 1
253 145 0 1
252 145 0 1
251 145 0 1
250 145 0 1
175 145 0 0
174 145 0 0
173 145 0 0
172 145 0 0
171 145 0 0
373 144 0 0
372 144 0 0
371 144 0 0
370 144 0 0
369 144 0 0
368 144 0 0
292 144 0 1
291 144 0 1
290 144 0 1
289 144 0 1
262 144 0 1
261 144 0 1
260 144 0 1
259 144 0 1
258 144 0 1
257 144 0 1
256 144 0 1
255 144 0 1
254 144 0 1
253 144 0 1
252 144 0 1
251 144 0 1
175 144 0 0
174 144 0 0
173 144 0 0
172 144 0 0
171 144 0 0
373 143 0 0
372 143 0 0
371 143 0 0
370 143 0 0
369 143 0 0
368 143 0 0
292 143 0 1
291 143 0 1
290 143 0 1
289 143 0 1
263 143 0 1
262 143 0 1
261 143 0 1
260 143 0 1
259 143 0 1
258 143 0 1
257 143 0 1
256 143 0 1
255 143 0 1
254 143 0 1
176 143 0 0
175 143 0 0
174 143 0 0
173 143 0 0
172 143 0 0
171 143 0 0
372 142 0 0
371 142 0 0
370 142 0 0
369 142 0 0
368 142 0 0
367 142 0 0
292 142 0 1
291 142 0 1
290 142 0 1
289 142 0 1
264 142 0 1
263 142 0 1
262 142 0 1
261 142 0 1
260 142 0 1
259 142 0 1
258 142 0 1
257 142 0 1
176 142 0 0
175 142 0 0
174 142 0 0
173 142 0 0
172 142 0 0
372 141 0 0
371 141 0 0
370 141 0 0
369 141 0 0
368 141 0 0
367 141 0 0
292 141 0 1
291 141 0 1
290 141 0 1
289 141 0 1
265 141 0 1
264 141 0 1
263 141 0 1
262 141 0 1
261 141 0 1
260 141 0 1
259 141 0 1
177 141 0 0
176 141 0 0
175 141 0 0
174 141 0 0
173 141 0 0
172 141 0 0
371 140 0 0
370 140 0 0
369 140 0 0
368 140 0 0
367 140 0 0
366 140 0 0
292 140 0 1
291 140 0 1
290 140 0 1
289 140 0 1
265 140 0 1
264 140 0 1
263 140 0 1
262 140 0 1
261 140 0 1
260 140 0 1
259 140 0 1
177 140 0 0
176 140 0 0
175 140 0 0
174 140 0 0
173 140 0 0
172 140 0 0
371 139 0 0
370 139 0 0
369 139 0 0
368 139 0 0
367 139 0 0
366 139 0 0
292 139 0 1
291 139 0 1
290 139 0 1
289 139 0 1
266 139 0 1
265 139 0 1
264 139 0 1
263 139 0 1
262 139 0 1
261 139 0 1
260 139 0 1
178 139 0 0
177 139 0 0
176 139 0 0
175 139 0 0
174 139 0 0
173 139 0 0
370 138 0 0
369 138 0 0
368 138 0 0
367 138 0 0
366 138 0 0
365 138 0 0
292 138 0 1
291 138 0 1
290 138 0 1
289 138 0 1
267 138 0 1
266 138 0 1
265 138 0 1
264 138 0 1
263 138 0 1
262 138 0 1
261 138 0 1
178 138 0 0
177 138 0 0
176 138 0 0
175 138 0 0
174 138 0 0
173 138 0 0
370 137 0 0
369 137 0 0
368 137 0 0
367 137 0 0
366 137 0 0
365 137 0 0
292 137 0 1
291 137 0 1
290 137 0 1
289 137 0 1
268 137 0 1
267 137 0 1
266 137 0 1
265 137 0 1
264 137 0 1
263 137 0 1
262 137 0 1
179 137 0 0
178 137 0 0
177 137 0 0
176 137 0 0
175 137 0 0
174 137 0 0
369 136 0 0
368 136 0 0
367 136 0 0
366 136 0 0
365 136 0 0
292 136 0 1
291 136 0 1
290 136 0 1
289 136 0 1
269 136 0 1
268 136 0 1
267 136 0 1
266 136 0 1
265 136 0 1
264 136 0 1
263 136 0 1
180 136 0 0
179 136 0 0
178 136 0 0
177 136 0 0
176 136 0 0
175 136 0 0
369 135 0 0
368 135 0 0
367 135 0 0
366 135 0 0
365 135 0 0
292 135 0 1
291 135 0 1
290 135 0 1
289 135 0 1
269 135 0 1
268 135 0 1
267 135 0 1
266 135 0 1
265 135 0 1
264 135 0 1
180 135 0 0
179 135 0 0
178 135 0 0
177 135 0 0
176 135 0 0
175 135 0 0
369 134 0 0
368 134 0 0
367 134 0 0
366 134 0 0
365 134 0 0
292 134 0 1
291 134 0 1
290 134 0 1
289 134 0 1
270 134 0 1
269 134 0 1
268 134 0 1
267 134 0 1
266 134 0 1
265 134 0 1
264 134 0 1
181 134 0 0
180 134 0 0
179 134 0 0
178 134 0 0
177 134 0 0
176 134 0 0
369 133 0 0
368 133 0 0
367 133 0 0
366 133 0 0
365 133 0 0
364 133 0 0
292 133 0 1
291 133 0 1
290 133 0 1
289 133 0 1
271 133 0 1
270 133 0 1
269 133 0 1
268 133 0 1
267 133 0 1
266 133 0 1
265 133 0 1
181 133 0 0
180 133 0 0
179 133 0 0
178 133 0 0
177 133 0 0
176 133 0 0
368 132 0 0
367 132 0 0
366 132 0 0
365 132 0 0
364 132 0 0
292 132 0 1
291 132 0 1
290 132 0 1
289 132 0 1
271 132 0 1
270 132 0 1
269 132 0 1
268 132 0 1
267 132 0 1
266 132 0 1
181 132 0 0
180 132 0 0
179 132 0 0
178 132 0 0
177 132 0 0
368 131 0 0
367 131 0 0
366 131 0 0
365 131 0 0
364 131 0 0
292 131 0 1
291 131 0 1
290 131 0 1
289 131 0 1
271 131 0 1
270 131 0 1
269 131 0 1
268 131 0 1
267 131 0 1
182 131 0 0
181 131 0 0
180 131 0 0
179 131 0 0
178 131 0 0
177 131 0 0
368 130 0 0
367 130 0 0
366 130 0 0
365 130 0 0
364 130 0 0
292 130 0 1
291 130 0 1
290 130 0 1
289 130 0 1
271 130 0 1
270 130 0 1
269 130 0 1
268 130 0 1
182 130 0 0
181 130 0 0
180 130 0 0
179 130 0 0
178 130 0 0
368 129 0 0
367 129 0 0
366 129 0 0
365 129 0 0
364 129 0 0
363 129 0 0
292 129 0 1
291 129 0 1
290 129 0 1
289 129 0 1
271 129 0 1
270 129 0 1
269 129 0 1
268 129 0 1
183 129 0 0
182 129 0 0
181 129 0 0
180 129 0 0
179 129 0 0
178 129 0 0
368 128 0 0
367 128 0 0
366 128 0 0
365 128 0 0
364 128 0 0
363 128 0 0
292 128 0 1
291 128 0 1
290 128 0 1
289 128 0 1
271 128 0 1
270 128 0 1
269 128 0 1
268 128 0 1
184 128 0 0
183 128 0 0
182 128 0 0
181 128 0 0
180 128 0 0
179 128 0 0
178 128 0 0
367 127 0 0
366 127 0 0
365 127 0 0
364 127 0 0
363 127 0 0
292 127 0 1
291 127 0 1
290 127 0 1
289 127 0 1
271 127 0 1
270 127 0 1
269 127 0 1
268 127 0 1
184 127 0 0
183 127 0 0
182 127 0 0
181 127 0 0
180 127 0 0
179 127 0 0
367 126 0 0
366 126 0 0
365 126 0 0
364 126 0 0
363 126 0 0
292 126 0 1
291 126 0 1
290 126 0 1
289 126 0 1
271 126 0 1
270 126 0 1
269 126 0 1
268 126 0 1
185 126 0 0
184 126 0 0
183 126 0 0
182 126 0 0
181 126 0 0
180 126 0 0
367 125 0 0
366 125 0 0
365 125 0 0
364 125 0 0
363 125 0 0
362 125 0 0
292 125 0 1
291 125 0 1
290 125 0 1
289 125 0 1
271 125 0 1
270 125 0 1
269 125 0 1
268 125 0 1
186 125 0 0
185 125 0 0
184 125 0 0
183 125 0 0
182 125 0 0
181 125 0 0
180 125 0 0
367 124 0 0
366 124 0 0
365 124 0 0
364 124 0 0
363 124 0 0
362 124 0 0
292 124 0 1
291 124 0 1
290 124 0 1
289 124 0 1
186 124 0 0
185 124 0 0
184 124 0 0
183 124 0 0
182 124 0 0
181 124 0 0
366 123 0 0
365 123 0 0
364 123 0 0
363 123 0 0
362 123 0 0
292 123 0 1
291 123 0 1
290 123 0 1
289 123 0 1
187 123 0 0
186 123 0 0
185 123 0 0
184 123 0 0
183 123 0 0
182 123 0 0
366 122 0 0
365 122 0 0
364 122 0 0
363 122 0 0
362 122 0 0
292 122 0 1
291 122 0 1
290 122 0 1
289 122 0 1
187 122 0 0
186 122 0 0
185 122 0 0
184 122 0 0
183 122 0 0
182 122 0 0
366 121 0 0
365 121 0 0
364 121 0 0
363 121 0 0
362 121 0 0
361 121 0 0
292 121 0 1
291 121 0 1
290 121 0 1
289 121 0 1
188 121 0 0
187 121 0 0
186 121 0 0
185 121 0 0
184 121 0 0
183 121 0 0
366 120 0 0
365 120 0 0
364 120 0 0
363 120 0 0
362 120 0 0
361 120 0 0
292 120 0 1
291 120 0 1
290 120 0 1
289 120 0 1
188 120 0 0
187 120 0 0
186 120 0 0
185 120 0 0
184 120 0 0
183 120 0 0
365 119 0 0
364 119 0 0
363 119 0 0
362 119 0 0
361 119 0 0
292 119 0 1
291 119 0 1
290 119 0 1
289 119 0 1
189 119 0 0
188 119 0 0
187 119 0 0
186 119 0 0
185 119 0 0
184 119 0 0
365 118 0 0
364 118 0 0
363 118 0 0
362 118 0 0
361 118 0 0
292 118 0 1
291 118 0 1
290 118 0 1
289 118 0 1
189 118 0 0
188 118 0 0
187 118 0 0
186 118 0 0
185 118 0 0
184 118 0 0
365 117 0 0
364 117 0 0
363 117 0 0
362 117 0 0
361 117 0 0
360 117 0 0
292 117 0 1
291 117 0 1
290 117 0 1
289 117 0 1
190 117 0 0
189 117 0 0
188 117 0 0
187 117 0 0
186 117 0 0
185 117 0 0
365 116 0 0
364 116 0 0
363 116 0 0
362 116 0 0
361 116 0 0
360 116 0 0
292 116 0 1
291 116 0 1
290 116 0 1
289 116 0 1
190 116 0 0
189 116 0 0
188 116 0 0
187 116 0 0
186 116 0 0
185 116 0 0
364 115 0 0
363 115 0 0
362 115 0 0
361 115 0 0
360 115 0 0
292 115 0 1
291 115 0 1
290 115 0 1
289 115 0 1
191 115 0 0
190 115 0 0
189 115 0 0
188 115 0 0
187 115 0 0
186 115 0 0
364 114 0 0
363 114 0 0
362 114 0 0
361 114 0 0
360 114 0 0
292 114 0 1
291 114 0 1
290 114 0 1
289 114 0 1
192 114 0 0
191 114 0 0
190 114 0 0
189 114 0 0
188 114 0 0
187 114 0 0
364 113 0 0
363 113 0 0
362 113 0 0
361 113 0 0
360 113 0 0
359 113 0 0
292 113 0 1
291 113 0 1
290 113 0 1
289 113 0 1
192 113 0 0
191 113 0 0
190 113 0 0
189 113 0 0
188 113 0 0
187 113 0 0
364 112 0 0
363 112 0 0
362 112 0 0
361 112 0 0
360 112 0 0
359 112 0 0
292 112 0 1
291 112 0 1
290 112 0 1
289 112 0 1
193 112 0 0
192 112 0 0
191 112 0 0
190 112 0 0
189 112 0 0
188 112 0 0
363 111 0 0
362 111 0 0
361 111 0 0
360 111 0 0
359 111 0 0
292 111 0 1
291 111 0 1
290 111 0 1
289 111 0 1
193 111 0 0
192 111 0 0
191 111 0 0
190 111 0 0
189 111 0 0
188 111 0 0
363 110 0 0
362 110 0 0
361 110 0 0
360 110 0 0
359 110 0 0
358 110 0 0
292 110 0 1
291 110 0 1
290 110 0 1
289 110 0 1
194 110 0 0
193 110 0 0
192 110 0 0
191 110 0 0
190 110 0 0
189 110 0 0
363 109 0 0
362 109 0 0
361 109 0 0
360 109 0 0
359 109 0 0
358 109 0 0
292 109 0 1
291 109 0 1
290 109 0 1
289 109 0 1
194 109 0 0
193 109 0 0
192 109 0 0
191 109 0 0
190 109 0 0
189 109 0 0
362 108 0 0
361 108 0 0
360 108 0 0
359 108 0 0
358 108 0 0
292 108 0 1
291 108 0 1
290 108 0 1
289 108 0 1
195 108 0 0
194 108 0 0
193 108 0 0
192 108 0 0
191 108 0 0
190 108 0 0
362 107 0 0
361 107 0 0
360 107 0 0
359 107 0 0
358 107 0 0
357 107 0 0
292 107 0 1
291 107 0 1
290 107 0 1
289 107 0 1
195 107 0 0
194 107 0 0
193 107 0 0
192 107 0 0
191 107 0 0
190 107 0 0
362 106 0 0
361 106 0 0
360 106 0 0
359 106 0 0
358 106 0 0
357 106 0 0
292 106 0 1
291 106 0 1
290 106 0 1
289 106 0 1
196 106 0 0
195 106 0 0
194 106 0 0
193 106 0 0
192 106 0 0
191 106 0 0
361 105 0 0
360 105 0 0
359 105 0 0
358 105 0 0
357 105 0 0
292 105 0 1
291 105 0 1
290 105 0 1
289 105 0 1
197 105 0 0
196 105 0 0
195 105 0 0
194 105 0 0
193 105 0 0
192 105 0 0
361 104 0 0
360 104 0 0
359 104 0 0
358 104 0 0
357 104 0 0
292 104 0 1
291 104 0 1
290 104 0 1
289 104 0 1
198 104 0 0
197 104 0 0
196 104 0 0
195 104 0 0
194 104 0 0
193 104 0 0
192 104 0 0
361 103 0 0
360 103 0 0
359 103 0 0
358 103 0 0
357 103 0 0
356 103 0 0
292 103 0 1
291 103 0 1
290 103 0 1
289 103 0 1
198 103 0 0
197 103 0 0
196 103 0 0
195 103 0 0
194 103 0 0
193 103 0 0
361 102 0 0
360 102 0 0
359 102 0 0
358 102 0 0
357 102 0 0
356 102 0 0
292 102 0 1
291 102 0 1
290 102 0 1
289 102 0 1
199 102 0 0
198 102 0 0
197 102 0 0
196 102 0 0
195 102 0 0
194 102 0 0
360 101 0 0
359 101 0 0
358 101 0 0
357 101 0 0
356 101 0 0
292 101 0 1
291 101 0 1
290 101 0 1
289 101 0 1
200 101 0 0
199 101 0 0
198 101 0 0
197 101 0 0
196 101 0 0
195 101 0 0
194 101 0 0
360 100 0 0
359 100 0 0
358 100 0 0
357 100 0 0
356 100 0 0
292 100 0 1
291 100 0 1
290 100 0 1
289 100 0 1
200 100 0 0
199 100 0 0
198 100 0 0
197 100 0 0
196 100 0 0
195 100 0 0
360 99 0 0
359 99 0 0
358 99 0 0
357 99 0 0
356 99 0 0
292 99 0 1
291 99 0 1
290 99 0 1
289 99 0 1
200 99 0 0
199 99 0 0
198 99 0 0
197 99 0 0
196 99 0 0
360 98 0 0
359 98 0 0
358 98 0 0
357 98 0 0
356 98 0 0
355 98 0 0
292 98 0 1
291 98 0 1
290 98 0 1
289 98 0 1
201 98 0 0
200 98 0 0
199 98 0 0
198 98 0 0
197 98 0 0
196 98 0 0
359 97 0 0
358 97 0 0
357 97 0 0
356 97 0 0
355 97 0 0
292 97 0 1
291 97 0 1
290 97 0 1
289 97 0 1
201 97 0 0
200 97 0 0
199 97 0 0
198 97 0 0
197 97 0 0
359 96 0 0
358 96 0 0
357 96 0 0
356 96 0 0
355 96 0 0
292 96 0 1
291 96 0 1
290 96 0 1
289 96 0 1
202 96 0 0
201 96 0 0
200 96 0 0
199 96 0 0
198 96 0 0
197 96 0 0
359 95 0 0
358 95 0 0
357 95 0 0
356 95 0 0
355 95 0 0
292 95 0 1
291 95 0 1
290 95 0 1
289 95 0 1
202 95 0 0
201 95 0 0
200 95 0 0
199 95 0 0
198 95 0 0
197 95 0 0
359 94 0 0
358 94 0 0
357 94 0 0
356 94 0 0
355 94 0 0
292 94 0 1
291 94 0 1
290 94 0 1
289 94 0 1
203 94 0 0
202 94 0 0
201 94 0 0
200 94 0 0
199 94 0 0
198 94 0 0
359 93 0 0
358 93 0 0
357 93 0 0
356 93 0 0
355 93 0 0
292 93 0 1
291 93 0 1
290 93 0 1
289 93 0 1
204 93 0 0
203 93 0 0
202 93 0 0
201 93 0 0
200 93 0 0
199 93 0 0
359 92 0 0
358 92 0 0
357 92 0 0
356 92 0 0
355 92 0 0
292 92 0 1
291 92 0 1
290 92 0 1
289 92 0 1
204 92 0 0
203 92 0 0
202 92 0 0
201 92 0 0
200 92 0 0
199 92 0 0
359 91 0 0
358 91 0 0
357 91 0 0
356 91 0 0
355 91 0 0
354 91 0 0
292 91 0 1
291 91 0 1
290 91 0 1
289 91 0 1
205 91 0 0
204 91 0 0
203 91 0 0
202 91 0 0
201 91 0 0
200 91 0 0
358 90 0 0
357 90 0 0
356 90 0 0
355 90 0 0
354 90 0 0
292 90 0 1
291 90 0 1
290 90 0 1
289 90 0 1
206 90 0 0
205 90 0 0
204 90 0 0
203 90 0 0
202 90 0 0
201 90 0 0
358 89 0 0
357 89 0 0
356 89 0 0
355 89 0 0
354 89 0 0
292 89 0 1
291 89 0 1
290 89 0 1
289 89 0 1
207 89 0 0
206 89 0 0
205 89 0 0
204 89 0 0
203 89 0 0
202 89 0 0
201 89 0 0
358 88 0 0
357 88 0 0
356 88 0 0
355 88 0 0
354 88 0 0
292 88 0 1
291 88 0 1
290 88 0 1
289 88 0 1
207 88 0 0
206 88 0 0
205 88 0 0
204 88 0 0
203 88 0 0
202 88 0 0
358 87 0 0
357 87 0 0
356 87 0 0
355 87 0 0
354 87 0 0
353 87 0 0
292 87 0 1
291 87 0 1
290 87 0 1
289 87 0 1
208 87 0 0
207 87 0 0
206 87 0 0
205 87 0 0
204 87 0 0
203 87 0 0
358 86 0 0
357 86 0 0
356 86 0 0
355 86 0 0
354 86 0 0
353 86 0 0
292 86 0 1
291 86 0 1
290 86 0 1
289 86 0 1
209 86 0 0
208 86 0 0
207 86 0 0
206 86 0 0
205 86 0 0
204 86 0 0
203 86 0 0
357 85 0 0
356 85 0 0
355 85 0 0
354 85 0 0
353 85 0 0
292 85 0 1
291 85 0 1
290 85 0 1
289 85 0 1
209 85 0 0
208 85 0 0
207 85 0 0
206 85 0 0
205 85 0 0
204 85 0 0
357 84 0 0
356 84 0 0
355 84 0 0
354 84 0 0
353 84 0 0
292 84 0 1
291 84 0 1
290 84 0 1
289 84 0 1
210 84 0 0
209 84 0 0
208 84 0 0
207 84 0 0
206 84 0 0
205 84 0 0
357 83 0 0
356 83 0 0
355 83 0 0
354 83 0 0
353 83 0 0
352 83 0 0
292 83 0 1
291 83 0 1
290 83 0 1
289 83 0 1
210 83 0 0
209 83 0 0
208 83 0 0
207 83 0 0
206 83 0 0
205 83 0 0
357 82 0 0
356 82 0 0
355 82 0 0
354 82 0 0
353 82 0 0
352 82 0 0
292 82 0 1
291 82 0 1
290 82 0 1
289 82 0 1
211 82 0 0
210 82 0 0
209 82 0 0
208 82 0 0
207 82 0 0
206 82 0 0
356 81 0 0
355 81 0 0
354 81 0 0
353 81 0 0
352 81 0 0
292 81 0 1
291 81 0 1
290 81 0 1
289 81 0 1
211 81 0 0
210 81 0 0
209 81 0 0
208 81 0 0
207 81 0 0
206 81 0 0
356 80 0 0
355 80 0 0
354 80 0 0
353 80 0 0
352 80 0 0
292 80 0 1
291 80 0 1
290 80 0 1
289 80 0 1
212 80 0 0
211 80 0 0
210 80 0 0
209 80 0 0
208 80 0 0
207 80 0 0
356 79 0 0
355 79 0 0
354 79 0 0
353 79 0 0
352 79 0 0
292 79 0 1
291 79 0 1
290 79 0 1
289 79 0 1
212 79 0 0
211 79 0 0
210 79 0 0
209 79 0 0
208 79 0 0
207 79 0 0
356 78 0 0
355 78 0 0
354 78 0 0
353 78 0 0
352 78 0 0
351 78 0 0
292 78 0 1
291 78 0 1
290 78 0 1
289 78 0 1
213 78 0 0
212 78 0 0
211 78 0 0
210 78 0 0
209 78 0 0
208 78 0 0
355 77 0 0
354 77 0 0
353 77 0 0
352 77 0 0
351 77 0 0
292 77 0 1
291 77 0 1
290 77 0 1
289 77 0 1
214 77 0 0
213 77 0 0
212 77 0 0
211 77 0 0
210 77 0 0
209 77 0 0
208 77 0 0
355 76 0 0
354 76 0 0
353 76 0 0
352 76 0 0
351 76 0 0
292 76 0 1
291 76 0 1
290 76 0 1
289 76 0 1
214 76 0 0
213 76 0 0
212 76 0 0
211 76 0 0
210 76 0 0
209 76 0 0
355 75 0 0
354 75 0 0
353 75 0 0
352 75 0 0
351 75 0 0
292 75 0 1
291 75 0 1
290 75 0 1
289 75 0 1
215 75 0 0
214 75 0 0
213 75 0 0
212 75 0 0
211 75 0 0
210 75 0 0
355 74 0 0
354 74 0 0
353 74 0 0
352 74 0 0
351 74 0 0
292 74 0 1
291 74 0 1
290 74 0 1
289 74 0 1
216 74 0 0
215 74 0 0
214 74 0 0
213 74 0 0
212 74 0 0
211 74 0 0
210 74 0 0
355 73 0 0
354 73 0 0
353 73 0 0
352 73 0 0
351 73 0 0
292 73 0 1
291 73 0 1
290 73 0 1
289 73 0 1
216 73 0 0
215 73 0 0
214 73 0 0
213 73 0 0
212 73 0 0
211 73 0 0
354 72 0 0
353 72 0 0
352 72 0 0
351 72 0 0
350 72 0 0
292 72 0 1
291 72 0 1
290 72 0 1
289 72 0 1
217 72 0 0
216 72 0 0
215 72 0 0
214 72 0 0
213 72 0 0
212 72 0 0
354 71 0 0
353 71 0 0
352 71 0 0
351 71 0 0
350 71 0 0
292 71 0 1
291 71 0 1
290 71 0 1
289 71 0 1
218 71 0 0
217 71 0 0
216 71 0 0
215 71 0 0
214 71 0 0
213 71 0 0
212 71 0 0
354 70 0 0
353 70 0 0
352 70 0 0
351 70 0 0
350 70 0 0
292 70 0 1
291 70 0 1
290 70 0 1
289 70 0 1
218 70 0 0
217 70 0 0
216 70 0 0
215 70 0 0
214 70 0 0
213 70 0 0
354 69 0 0
353 69 0 0
352 69 0 0
351 69 0 0
350 69 0 0
292 69 0 1
291 69 0 1
290 69 0 1
289 69 0 1
219 69 0 0
218 69 0 0
217 69 0 0
216 69 0 0
215 69 0 0
214 69 0 0
354 68 0 0
353 68 0 0
352 68 0 0
351 68 0 0
350 68 0 0
292 68 0 1
291 68 0 1
290 68 0 1
289 68 0 1
219 68 0 0
218 68 0 0
217 68 0 0
216 68 0 0
215 68 0 0
214 68 0 0
354 67 0 0
353 67 0 0
352 67 0 0
351 67 0 0
350 67 0 0
349 67 0 0
292 67 0 1
291 67 0 1
290 67 0 1
289 67 0 1
220 67 0 0
219 67 0 0
218 67 0 0
217 67 0 0
216 67 0 0
215 67 0 0
353 66 0 0
352 66 0 0
351 66 0 0
350 66 0 0
349 66 0 0
292 66 0 1
291 66 0 1
290 66 0 1
289 66 0 1
288 66 0 1
220 66 0 0
219 66 0 0
218 66 0 0
217 66 0 0
216 66 0 0
215 66 0 0
353 65 0 0
352 65 0 0
351 65 0 0
350 65 0 0
349 65 0 0
292 65 0 1
291 65 0 1
290 65 0 1
289 65 0 1
288 65 0 1
221 65 0 0
220 65 0 0
219 65 0 0
218 65 0 0
217 65 0 0
216 65 0 0
353 64 0 0
352 64 0 0
351 64 0 0
350 64 0 0
349 64 0 0
292 64 0 1
291 64 0 1
290 64 0 1
289 64 0 1
288 64 0 1
221 64 0 0
220 64 0 0
219 64 0 0
218 64 0 0
217 64 0 0
216 64 0 0
353 63 0 0
352 63 0 0
351 63 0 0
350 63 0 0
349 63 0 0
348 63 0 0
292 63 0 1
291 63 0 1
290 63 0 1
289 63 0 1
288 63 0 1
222 63 0 0
221 63 0 0
220 63 0 0
219 63 0 0
218 63 0 0
217 63 0 0
352 62 0 0
351 62 0 0
350 62 0 0
349 62 0 0
348 62 0 0
292 62 0 1
291 62 0 1
290 62 0 1
289 62 0 1
288 62 0 1
222 62 0 0
221 62 0 0
220 62 0 0
219 62 0 0
218 62 0 0
217 62 0 0
352 61 0 0
351 61 0 0
350 61 0 0
349 61 0 0
348 61 0 0
292 61 0 1
291 61 0 1
290 61 0 1
289 61 0 1
288 61 0 1
223 61 0 0
222 61 0 0
221 61 0 0
220 61 0 0
219 61 0 0
218 61 0 0
352 60 0 0
351 60 0 0
350 60 0 0
349 60 0 0
348 60 0 0
347 60 0 0
292 60 0 1
291 60 0 1
290 60 0 1
289 60 0 1
288 60 0 1
223 60 0 0
222 60 0 0
221 60 0 0
220 60 0 0
219 60 0 0
218 60 0 0
351 59 0 0
350 59 0 0
349 59 0 0
348 59 0 0
347 59 0 0
292 59 0 1
291 59 0 1
290 59 0 1
289 59 0 1
288 59 0 1
224 59 0 0
223 59 0 0
222 59 0 0
221 59 0 0
220 59 0 0
219 59 0 0
351 58 0 0
350 58 0 0
349 58 0 0
348 58 0 0
347 58 0 0
292 58 0 1
291 58 0 1
290 58 0 1
289 58 0 1
288 58 0 1
224 58 0 0
223 58 0 0
222 58 0 0
221 58 0 0
220 58 0 0
219 58 0 0
351 57 0 0
350 57 0 0
349 57 0 0
348 57 0 0
347 57 0 0
346 57 0 0
292 57 0 1
291 57 0 1
290 57 0 1
289 57 0 1
288 57 0 1
224 57 0 0
223 57 0 0
222 57 0 0
221 57 0 0
220 57 0 0
350 56 0 0
349 56 0 0
348 56 0 0
347 56 0 0
346 56 0 0
292 56 0 1
291 56 0 1
290 56 0 1
289 56 0 1
288 56 0 1
225 56 0 0
224 56 0 0
223 56 0 0
222 56 0 0
221 56 0 0
220 56 0 0
350 55 0 0
349 55 0 0
348 55 0 0
347 55 0 0
346 55 0 0
292 55 0 1
291 55 0 1
290 55 0 1
289 55 0 1
288 55 0 1
225 55 0 0
224 55 0 0
223 55 0 0
222 55 0 0
221 55 0 0
350 54 0 0
349 54 0 0
348 54 0 0
347 54 0 0
346 54 0 0
345 54 0 0
292 54 0 1
291 54 0 1
290 54 0 1
289 54 0 1
288 54 0 1
226 54 0 0
225 54 0 0
224 54 0 0
223 54 0 0
222 54 0 0
221 54 0 0
350 53 0 0
349 53 0 0
348 53 0 0
347 53 0 0
346 53 0 0
345 53 0 0
291 53 0 1
290 53 0 1
289 53 0 1
288 53 0 1
226 53 0 0
225 53 0 0
224 53 0 0
223 53 0 0
222 53 0 0
221 53 0 0
349 52 0 0
348 52 0 0
347 52 0 0
346 52 0 0
345 52 0 0
291 52 0 1
290 52 0 1
289 52 0 1
288 52 0 1
226 52 0 0
225 52 0 0
224 52 0 0
223 52 0 0
222 52 0 0
349 51 0 0
348 51 0 0
347 51 0 0
346 51 0 0
345 51 0 0
291 51 0 1
290 51 0 1
289 51 0 1
288 51 0 1
227 51 0 0
226 51 0 0
225 51 0 0
224 51 0 0
223 51 0 0
222 51 0 0
349 50 0 0
348 50 0 0
347 50 0 0
346 50 0 0
345 50 0 0
344 50 0 0
291 50 0 1
290 50 0 1
289 50 0 1
288 50 0 1
227 50 0 0
226 50 0 0
225 50 0 0
224 50 0 0
223 50 0 0
222 50 0 0
348 49 0 0
347 49 0 0
346 49 0 0
345 49 0 0
344 49 0 0
291 49 0 1
290 49 0 1
289 49 0 1
288 49 0 1
227 49 0 0
226 49 0 0
225 49 0 0
224 49 0 0
223 49 0 0
348 48 0 0
347 48 0 0
346 48 0 0
345 48 0 0
344 48 0 0
291 48 0 1
290 48 0 1
289 48 0 1
288 48 0 1
228 48 0 0
227 48 0 0
226 48 0 0
225 48 0 0
224 48 0 0
223 48 0 0
348 47 0 0
347 47 0 0
346 47 0 0
345 47 0 0
344 47 0 0
343 47 0 0
291 47 0 1
290 47 0 1
289 47 0 1
288 47 0 1
228 47 0 0
227 47 0 0
226 47 0 0
225 47 0 0
224 47 0 0
223 47 0 0
347 46 0 0
346 46 0 0
345 46 0 0
344 46 0 0
343 46 0 0
291 46 0 1
290 46 0 1
289 46 0 1
288 46 0 1
228 46 0 0
227 46 0 0
226 46 0 0
225 46 0 0
224 46 0 0
347 45 0 0
346 45 0 0
345 45 0 0
344 45 0 0
343 45 0 0
291 45 0 1
290 45 0 1
289 45 0 1
288 45 0 1
228 45 0 0
227 45 0 0
226 45 0 0
225 45 0 0
224 45 0 0
347 44 0 0
346 44 0 0
345 44 0 0
344 44 0 0
343 44 0 0
342 44 0 0
291 44 0 1
290 44 0 1
289 44 0 1
288 44 0 1
229 44 0 0
228 44 0 0
227 44 0 0
226 44 0 0
225 44 0 0
224 44 0 0
346 43 0 0
345 43 0 0
344 43 0 0
343 43 0 0
342 43 0 0
291 43 0 1
290 43 0 1
289 43 0 1
288 43 0 1
229 43 0 0
228 43 0 0
227 43 0 0
226 43 0 0
225 43 0 0
346 42 0 0
345 42 0 0
344 42 0 0
343 42 0 0
342 42 0 0
291 42 0 1
290 42 0 1
289 42 0 1
288 42 0 1
229 42 0 0
228 42 0 0
227 42 0 0
226 42 0 0
225 42 0 0
346 41 0 0
345 41 0 0
344 41 0 0
343 41 0 0
342 41 0 0
341 41 0 0
291 41 0 1
290 41 0 1
289 41 0 1
288 41 0 1
230 41 0 0
229 41 0 0
228 41 0 0
227 41 0 0
226 41 0 0
225 41 0 0
346 40 0 0
345 40 0 0
344 40 0 0
343 40 0 0
342 40 0 0
341 40 0 0
291 40 0 1
290 40 0 1
289 40 0 1
288 40 0 1
230 40 0 0
229 40 0 0
228 40 0 0
227 40 0 0
226 40 0 0
225 40 0 0
345 39 0 0
344 39 0 0
343 39 0 0
342 39 0 0
341 39 0 0
291 39 0 1
290 39 0 1
289 39 0 1
288 39 0 1
230 39 0 0
229 39 0 0
228 39 0 0
227 39 0 0
226 39 0 0
345 38 0 0
344 38 0 0
343 38 0 0
342 38 0 0
341 38 0 0
291 38 0 1
290 38 0 1
289 38 0 1
288 38 0 1
287 38 0 1
230 38 0 0
229 38 0 0
228 38 0 0
227 38 0 0
226 38 0 0
345 37 0 0
344 37 0 0
343 37 0 0
342 37 0 0
341 37 0 0
340 37 0 0
291 37 0 1
290 37 0 1
289 37 0 1
288 37 0 1
287 37 0 1
230 37 0 0
229 37 0 0
228 37 0 0
227 37 0 0
226 37 0 0
345 36 0 0
344 36 0 0
343 36 0 0
342 36 0 0
341 36 0 0
340 36 0 0
291 36 0 1
290 36 0 1
289 36 0 1
288 36 0 1
287 36 0 1
231 36 0 0
230 36 0 0
229 36 0 0
228 36 0 0
227 36 0 0
226 36 0 0
344 35 0 0
343 35 0 0
342 35 0 0
341 35 0 0
340 35 0 0
291 35 0 1
290 35 0 1
289 35 0 1
288 35 0 1
287 35 0 1
231 35 0 0
230 35 0 0
229 35 0 0
228 35 0 0
227 35 0 0
226 35 0 0
344 34 0 0
343 34 0 0
342 34 0 0
341 34 0 0
340 34 0 0
290 34 0 1
289 34 0 1
288 34 0 1
287 34 0 1
231 34 0 0
230 34 0 0
229 34 0 0
228 34 0 0
227 34 0 0
344 33 0 0
343 33 0 0
342 33 0 0
341 33 0 0
340 33 0 0
339 33 0 0
290 33 0 1
289 33 0 1
288 33 0 1
287 33 0 1
232 33 0 0
231 33 0 0
230 33 0 0
229 33 0 0
228 33 0 0
227 33 0 0
344 32 0 0
343 32 0 0
342 32 0 0
341 32 0 0
340 32 0 0
339 32 0 0
290 32 0 1
289 32 0 1
288 32 0 1
287 32 0 1
232 32 0 0
231 32 0 0
230 32 0 0
229 32 0 0
228 32 0 0
343 31 0 0
342 31 0 0
341 31 0 0
340 31 0 0
339 31 0 0
338 31 0 0
290 31 0 1
289 31 0 1
288 31 0 1
287 31 0 1
233 31 0 0
232 31 0 0
231 31 0 0
230 31 0 0
229 31 0 0
228 31 0 0
343 30 0 0
342 30 0 0
341 30 0 0
340 30 0 0
339 30 0 0
338 30 0 0
290 30 0 1
289 30 0 1
288 30 0 1
287 30 0 1
233 30 0 0
232 30 0 0
231 30 0 0
230 30 0 0
229 30 0 0
342 29 0 0
341 29 0 0
340 29 0 0
339 29 0 0
338 29 0 0
337 29 0 0
290 29 0 1
289 29 0 1
288 29 0 1
287 29 0 1
234 29 0 0
233 29 0 0
232 29 0 0
231 29 0 0
230 29 0 0
229 29 0 0
342 28 0 0
341 28 0 0
340 28 0 0
339 28 0 0
338 28 0 0
337 28 0 0
290 28 0 1
289 28 0 1
288 28 0 1
287 28 0 1
234 28 0 0
233 28 0 0
232 28 0 0
231 28 0 0
230 28 0 0
229 28 0 0
341 27 0 0
340 27 0 0
339 27 0 0
338 27 0 0
337 27 0 0
336 27 0 0
235 27 0 0
234 27 0 0
233 27 0 0
232 27 0 0
231 27 0 0
230 27 0 0
341 26 0 0
340 26 0 0
339 26 0 0
338 26 0 0
337 26 0 0
336 26 0 0
235 26 0 0
234 26 0 0
233 26 0 0
232 26 0 0
231 26 0 0
230 26 0 0
340 25 0 0
339 25 0 0
338 25 0 0
337 25 0 0
336 25 0 0
236 25 0 0
235 25 0 0
234 25 0 0
233 25 0 0
232 25 0 0
231 25 0 0
340 24 0 0
339 24 0 0
338 24 0 0
337 24 0 0
336 24 0 0
236 24 0 0
235 24 0 0
234 24 0 0
233 24 0 0
232 24 0 0
231 24 0 0
340 23 0 0
339 23 0 0
338 23 0 0
337 23 0 0
336 23 0 0
237 23 0 0
236 23 0 0
235 23 0 0
234 23 0 0
233 23 0 0
232 23 0 0
340 22 0 0
339 22 0 0
338 22 0 0
337 22 0 0
336 22 0 0
237 22 0 0
236 22 0 0
235 22 0 0
234 22 0 0
233 22 0 0
232 22 0 0
340 21 0 0
339 21 0 0
338 21 0 0
337 21 0 0
336 21 0 0
238 21 0 0
237 21 0 0
236 21 0 0
235 21 0 0
234 21 0 0
233 21 0 0
339 20 0 0
338 20 0 0
337 20 0 0
336 20 0 0
239 20 0 0
238 20 0 0
237 20 0 0
236 20 0 0
235 20 0 0
234 20 0 0
339 19 0 0
338 19 0 0
337 19 0 0
336 19 0 0
239 19 0 0
238 19 0 0
237 19 0 0
236 19 0 0
235 19 0 0
234 19 0 0
339 18 0 0
338 18 0 0
337 18 0 0
336 18 0 0
240 18 0 0
239 18 0 0
238 18 0 0
237 18 0 0
236 18 0 0
235 18 0 0
240 17 0 0
239 17 0 0
238 17 0 0
237 17 0 0
236 17 0 0
235 17 0 0
240 16 0 0
239 16 0 0
238 16 0 0
237 16 0 0
236 16 0 0
241 15 0 0
240 15 0 0
239 15 0 0
238 15 0 0
237 15 0 0
236 15 0 0
241 14 0 0
240 14 0 0
239 14 0 0
238 14 0 0
237 14 0 0
236 14 0 0
241 13 0 0
240 13 0 0
239 13 0 0
238 13 0 0
237 13 0 0
236 13 0 0
241 12 0 0
240 12 0 0
239 12 0 0
238 12 0 0
237 12 0 0
