5789 321 481
192 369 0 0
191 369 0 0
190 369 0 0
189 369 0 0
188 369 0 0
187 369 0 0
186 369 0 0
185 369 0 0
184 369 0 0
183 369 0 0
182 369 0 0
181 369 0 0
180 369 0 0
179 369 0 0
178 369 0 0
177 369 0 0
176 369 0 0
175 369 0 0
174 369 0 0
173 369 0 0
172 369 0 0
171 369 0 0
170 369 0 0
169 369 0 0
168 369 0 0
167 369 0 0
166 369 0 0
165 369 0 0
164 369 0 0
163 369 0 0
162 369 0 0
161 369 0 0
160 369 0 0
159 369 0 0
158 369 0 0
157 369 0 0
156 369 0 0
155 369 0 0
154 369 0 0
153 369 0 0
152 369 0 0
151 369 0 0
150 369 0 0
149 369 0 0
148 369 0 0
147 369 0 0
146 369 0 0
145 369 0 0
144 369 0 0
143 369 0 0
142 369 0 0
141 369 0 0
140 369 0 0
139 369 0 0
138 369 0 0
137 369 0 0
136 369 0 0
135 369 0 0
134 369 0 0
133 369 0 0
132 369 0 0
131 369 0 0
130 369 0 0
195 368 0 0
194 368 0 0
193 368 0 0
192 368 0 0
191 368 0 0
190 368 0 0
189 368 0 0
188 368 0 0
187 368 0 0
186 368 0 0
185 368 0 0
184 368 0 0
183 368 0 0
182 368 0 0
181 368 0 0
180 368 0 0
179 368 0 0
178 368 0 0
177 368 0 0
176 368 0 0
175 368 0 0
174 368 0 0
173 368 0 0
172 368 0 0
171 368 0 0
170 368 0 0
169 368 0 0
168 368 0 0
167 368 0 0
166 368 0 0
165 368 0 0
164 368 0 0
163 368 0 0
162 368 0 0
161 368 0 0
160 368 0 0
159 368 0 0
158 368 0 0
157 368 0 0
156 368 0 0
155 368 0 0
154 368 0 0
153 368 0 0
152 368 0 0
151 368 0 0
150 368 0 0
149 368 0 0
148 368 0 0
147 368 0 0
146 368 0 0
145 368 0 0
144 368 0 0
143 368 0 0
142 368 0 0
141 368 0 0
140 368 0 0
139 368 0 0
138 368 0 0
137 368 0 0
136 368 0 0
135 368 0 0
134 368 0 0
133 368 0 0
132 368 0 0
131 368 0 0
130 368 0 0
204 367 0 0
203 367 0 0
202 367 0 0
201 367 0 0
200 367 0 0
199 367 0 0
198 367 0 0
197 367 0 0
196 367 0 0
195 367 0 0
194 367 0 0
193 367 0 0
192 367 0 0
191 367 0 0
190 367 0 0
189 367 0 0
188 367 0 0
187 367 0 0
186 367 0 0
185 367 0 0
184 367 0 0
183 367 0 0
182 367 0 0
181 367 0 0
180 367 0 0
179 367 0 0
178 367 0 0
177 367 0 0
176 367 0 0
175 367 0 0
174 367 0 0
173 367 0 0
172 367 0 0
171 367 0 0
170 367 0 0
169 367 0 0
168 367 0 0
167 367 0 0
166 367 0 0
165 367 0 0
164 367 0 0
163 367 0 0
162 367 0 0
161 367 0 0
160 367 0 0
159 367 0 0
158 367 0 0
157 367 0 0
156 367 0 0
155 367 0 0
154 367 0 0
153 367 0 0
152 367 0 0
151 367 0 0
150 367 0 0
149 367 0 0
148 367 0 0
147 367 0 0
146 367 0 0
145 367 0 0
144 367 0 0
143 367 0 0
142 367 0 0
141 367 0 0
140 367 0 0
139 367 0 0
138 367 0 0
137 367 0 0
136 367 0 0
135 367 0 0
134 367 0 0
133 367 0 0
132 367 0 0
131 367 0 0
130 367 0 0
206 366 0 0
205 366 0 0
204 366 0 0
203 366 0 0
202 366 0 0
201 366 0 0
200 366 0 0
199 366 0 0
198 366 0 0
197 366 0 0
196 366 0 0
195 366 0 0
194 366 0 0
193 366 0 0
192 366 0 0
191 366 0 0
190 366 0 0
189 366 0 0
188 366 0 0
187 366 0 0
186 366 0 0
185 366 0 0
184 366 0 0
183 366 0 0
182 366 0 0
181 366 0 0
180 366 0 0
179 366 0 0
178 366 0 0
177 366 0 0
176 366 0 0
175 366 0 0
174 366 0 0
173 366 0 0
172 366 0 0
171 366 0 0
170 366 0 0
169 366 0 0
168 366 0 0
167 366 0 0
166 366 0 0
165 366 0 0
164 366 0 0
163 366 0 0
162 366 0 0
161 366 0 0
160 366 0 0
159 366 0 0
158 366 0 0
157 366 0 0
156 366 0 0
155 366 0 0
154 366 0 0
153 366 0 0
152 366 0 0
151 366 0 0
150 366 0 0
149 366 0 0
148 366 0 0
147 366 0 0
146 366 0 0
145 366 0 0
144 366 0 0
143 366 0 0
142 366 0 0
141 366 0 0
140 366 0 0
139 366 0 0
138 366 0 0
137 366 0 0
136 366 0 0
135 366 0 0
134 366 0 0
133 366 0 0
132 366 0 0
131 366 0 0
130 366 0 0
210 365 0 0
209 365 0 0
208 365 0 0
207 365 0 0
206 365 0 0
205 365 0 0
204 365 0 0
203 365 0 0
202 365 0 0
201 365 0 0
200 365 0 0
199 365 0 0
198 365 0 0
197 365 0 0
196 365 0 0
195 365 0 0
194 365 0 0
193 365 0 0
192 365 0 0
191 365 0 0
190 365 0 0
189 365 0 0
188 365 0 0
214 364 0 0
213 364 0 0
212 364 0 0
211 364 0 0
210 364 0 0
209 364 0 0
208 364 0 0
207 364 0 0
206 364 0 0
205 364 0 0
204 364 0 0
203 364 0 0
202 364 0 0
201 364 0 0
200 364 0 0
199 364 0 0
198 364 0 0
197 364 0 0
196 364 0 0
195 364 0 0
194 364 0 0
193 364 0 0
192 364 0 0
191 364 0 0
218 363 0 0
217 363 0 0
216 363 0 0
215 363 0 0
214 363 0 0
213 363 0 0
212 363 0 0
211 363 0 0
210 363 0 0
209 363 0 0
208 363 0 0
207 363 0 0
206 363 0 0
205 363 0 0
204 363 0 0
203 363 0 0
202 363 0 0
201 363 0 0
219 362 0 0
218 362 0 0
217 362 0 0
216 362 0 0
215 362 0 0
214 362 0 0
213 362 0 0
212 362 0 0
211 362 0 0
210 362 0 0
209 362 0 0
208 362 0 0
207 362 0 0
206 362 0 0
205 362 0 0
204 362 0 0
203 362 0 0
221 361 0 0
220 361 0 0
219 361 0 0
218 361 0 0
217 361 0 0
216 361 0 0
215 361 0 0
214 361 0 0
213 361 0 0
212 361 0 0
211 361 0 0
210 361 0 0
209 361 0 0
208 361 0 0
207 361 0 0
206 361 0 0
205 361 0 0
223 360 0 0
222 360 0 0
221 360 0 0
220 360 0 0
219 360 0 0
218 360 0 0
217 360 0 0
216 360 0 0
215 360 0 0
214 360 0 0
213 360 0 0
212 360 0 0
211 360 0 0
210 360 0 0
209 360 0 0
225 359 0 0
224 359 0 0
223 359 0 0
222 359 0 0
221 359 0 0
220 359 0 0
219 359 0 0
218 359 0 0
217 359 0 0
216 359 0 0
215 359 0 0
214 359 0 0
213 359 0 0
226 358 0 0
225 358 0 0
224 358 0 0
223 358 0 0
222 358 0 0
221 358 0 0
220 358 0 0
219 358 0 0
218 358 0 0
217 358 0 0
227 357 0 0
226 357 0 0
225 357 0 0
224 357 0 0
223 357 0 0
222 357 0 0
221 357 0 0
220 357 0 0
219 357 0 0
229 356 0 0
228 356 0 0
227 356 0 0
226 356 0 0
225 356 0 0
224 356 0 0
223 356 0 0
222 356 0 0
221 356 0 0
220 356 0 0
230 355 0 0
229 355 0 0
228 355 0 0
227 355 0 0
226 355 0 0
225 355 0 0
224 355 0 0
223 355 0 0
222 355 0 0
231 354 0 0
230 354 0 0
229 354 0 0
228 354 0 0
227 354 0 0
226 354 0 0
225 354 0 0
224 354 0 0
231 353 0 0
230 353 0 0
229 353 0 0
228 353 0 0
227 353 0 0
226 353 0 0
225 353 0 0
231 352 0 0
230 352 0 0
229 352 0 0
228 352 0 0
227 352 0 0
226 352 0 0
109 352 0 1
108 352 0 1
107 352 0 1
106 352 0 1
105 352 0 1
104 352 0 1
103 352 0 1
232 351 0 0
231 351 0 0
230 351 0 0
229 351 0 0
228 351 0 0
110 351 0 1
109 351 0 1
108 351 0 1
107 351 0 1
106 351 0 1
105 351 0 1
104 351 0 1
103 351 0 1
232 350 0 0
231 350 0 0
230 350 0 0
229 350 0 0
228 350 0 0
111 350 0 1
110 350 0 1
109 350 0 1
108 350 0 1
107 350 0 1
106 350 0 1
105 350 0 1
104 350 0 1
103 350 0 1
233 349 0 0
232 349 0 0
231 349 0 0
230 349 0 0
229 349 0 0
228 349 0 0
114 349 0 1
113 349 0 1
112 349 0 1
111 349 0 1
110 349 0 1
109 349 0 1
108 349 0 1
107 349 0 1
106 349 0 1
105 349 0 1
104 349 0 1
103 349 0 1
233 348 0 0
232 348 0 0
231 348 0 0
230 348 0 0
229 348 0 0
228 348 0 0
114 348 0 1
113 348 0 1
112 348 0 1
111 348 0 1
110 348 0 1
109 348 0 1
108 348 0 1
107 348 0 1
106 348 0 1
233 347 0 0
232 347 0 0
231 347 0 0
230 347 0 0
229 347 0 0
115 347 0 1
114 347 0 1
113 347 0 1
112 347 0 1
111 347 0 1
110 347 0 1
109 347 0 1
108 347 0 1
107 347 0 1
234 346 0 0
233 346 0 0
232 346 0 0
231 346 0 0
230 346 0 0
229 346 0 0
117 346 0 1
116 346 0 1
115 346 0 1
114 346 0 1
113 346 0 1
112 346 0 1
111 346 0 1
110 346 0 1
109 346 0 1
108 346 0 1
234 345 0 0
233 345 0 0
232 345 0 0
231 345 0 0
230 345 0 0
118 345 0 1
117 345 0 1
116 345 0 1
115 345 0 1
114 345 0 1
113 345 0 1
112 345 0 1
111 345 0 1
235 344 0 0
234 344 0 0
233 344 0 0
232 344 0 0
231 344 0 0
230 344 0 0
121 344 0 1
120 344 0 1
119 344 0 1
118 344 0 1
117 344 0 1
116 344 0 1
115 344 0 1
114 344 0 1
113 344 0 1
112 344 0 1
111 344 0 1
235 343 0 0
234 343 0 0
233 343 0 0
232 343 0 0
231 343 0 0
230 343 0 0
122 343 0 1
121 343 0 1
120 343 0 1
119 343 0 1
118 343 0 1
117 343 0 1
116 343 0 1
115 343 0 1
114 343 0 1
113 343 0 1
235 342 0 0
234 342 0 0
233 342 0 0
232 342 0 0
231 342 0 0
126 342 0 1
125 342 0 1
124 342 0 1
123 342 0 1
122 342 0 1
121 342 0 1
120 342 0 1
119 342 0 1
118 342 0 1
117 342 0 1
116 342 0 1
115 342 0 1
114 342 0 1
236 341 0 0
235 341 0 0
234 341 0 0
233 341 0 0
232 341 0 0
231 341 0 0
127 341 0 1
126 341 0 1
125 341 0 1
124 341 0 1
123 341 0 1
122 341 0 1
121 341 0 1
120 341 0 1
119 341 0 1
118 341 0 1
117 341 0 1
116 341 0 1
236 340 0 0
235 340 0 0
234 340 0 0
233 340 0 0
232 340 0 0
231 340 0 0
129 340 0 1
128 340 0 1
127 340 0 1
126 340 0 1
125 340 0 1
124 340 0 1
123 340 0 1
122 340 0 1
121 340 0 1
120 340 0 1
119 340 0 1
118 340 0 1
66 340 0 1
65 340 0 1
64 340 0 1
63 340 0 1
236 339 0 0
235 339 0 0
234 339 0 0
233 339 0 0
232 339 0 0
132 339 0 1
131 339 0 1
130 339 0 1
129 339 0 1
128 339 0 1
127 339 0 1
126 339 0 1
125 339 0 1
124 339 0 1
123 339 0 1
122 339 0 1
121 339 0 1
120 339 0 1
66 339 0 1
65 339 0 1
64 339 0 1
63 339 0 1
237 338 0 0
236 338 0 0
235 338 0 0
234 338 0 0
233 338 0 0
232 338 0 0
133 338 0 1
132 338 0 1
131 338 0 1
130 338 0 1
129 338 0 1
128 338 0 1
127 338 0 1
126 338 0 1
125 338 0 1
124 338 0 1
123 338 0 1
66 338 0 1
65 338 0 1
64 338 0 1
63 338 0 1
237 337 0 0
236 337 0 0
235 337 0 0
234 337 0 0
233 337 0 0
232 337 0 0
134 337 0 1
133 337 0 1
132 337 0 1
131 337 0 1
130 337 0 1
129 337 0 1
128 337 0 1
127 337 0 1
126 337 0 1
125 337 0 1
124 337 0 1
66 337 0 1
65 337 0 1
64 337 0 1
63 337 0 1
237 336 0 0
236 336 0 0
235 336 0 0
234 336 0 0
233 336 0 0
135 336 0 1
134 336 0 1
133 336 0 1
132 336 0 1
131 336 0 1
130 336 0 1
129 336 0 1
128 336 0 1
127 336 0 1
126 336 0 1
66 336 0 1
65 336 0 1
64 336 0 1
63 336 0 1
237 335 0 0
236 335 0 0
235 335 0 0
234 335 0 0
233 335 0 0
138 335 0 1
137 335 0 1
136 335 0 1
135 335 0 1
134 335 0 1
133 335 0 1
132 335 0 1
131 335 0 1
130 335 0 1
66 335 0 1
65 335 0 1
64 335 0 1
63 335 0 1
238 334 0 0
237 334 0 0
236 334 0 0
235 334 0 0
234 334 0 0
233 334 0 0
139 334 0 1
138 334 0 1
137 334 0 1
136 334 0 1
135 334 0 1
134 334 0 1
133 334 0 1
132 334 0 1
131 334 0 1
66 334 0 1
65 334 0 1
64 334 0 1
63 334 0 1
238 333 0 0
237 333 0 0
236 333 0 0
235 333 0 0
234 333 0 0
142 333 0 1
141 333 0 1
140 333 0 1
139 333 0 1
138 333 0 1
137 333 0 1
136 333 0 1
135 333 0 1
134 333 0 1
133 333 0 1
132 333 0 1
66 333 0 1
65 333 0 1
64 333 0 1
63 333 0 1
238 332 0 0
237 332 0 0
236 332 0 0
235 332 0 0
234 332 0 0
149 332 0 1
148 332 0 1
147 332 0 1
146 332 0 1
145 332 0 1
144 332 0 1
143 332 0 1
142 332 0 1
141 332 0 1
140 332 0 1
139 332 0 1
138 332 0 1
137 332 0 1
136 332 0 1
135 332 0 1
134 332 0 1
133 332 0 1
66 332 0 1
65 332 0 1
64 332 0 1
63 332 0 1
239 331 0 0
238 331 0 0
237 331 0 0
236 331 0 0
235 331 0 0
234 331 0 0
150 331 0 1
149 331 0 1
148 331 0 1
147 331 0 1
146 331 0 1
145 331 0 1
144 331 0 1
143 331 0 1
142 331 0 1
141 331 0 1
140 331 0 1
139 331 0 1
138 331 0 1
137 331 0 1
136 331 0 1
66 331 0 1
65 331 0 1
64 331 0 1
63 331 0 1
239 330 0 0
238 330 0 0
237 330 0 0
236 330 0 0
235 330 0 0
151 330 0 1
150 330 0 1
149 330 0 1
148 330 0 1
147 330 0 1
146 330 0 1
145 330 0 1
144 330 0 1
143 330 0 1
142 330 0 1
141 330 0 1
140 330 0 1
139 330 0 1
138 330 0 1
137 330 0 1
66 330 0 1
65 330 0 1
64 330 0 1
63 330 0 1
239 329 0 0
238 329 0 0
237 329 0 0
236 329 0 0
235 329 0 0
152 329 0 1
151 329 0 1
150 329 0 1
149 329 0 1
148 329 0 1
147 329 0 1
146 329 0 1
145 329 0 1
144 329 0 1
143 329 0 1
142 329 0 1
141 329 0 1
140 329 0 1
139 329 0 1
66 329 0 1
65 329 0 1
64 329 0 1
63 329 0 1
240 328 0 0
239 328 0 0
238 328 0 0
237 328 0 0
236 328 0 0
235 328 0 0
153 328 0 1
152 328 0 1
151 328 0 1
150 328 0 1
149 328 0 1
148 328 0 1
147 328 0 1
146 328 0 1
145 328 0 1
66 328 0 1
65 328 0 1
64 328 0 1
63 328 0 1
240 327 0 0
239 327 0 0
238 327 0 0
237 327 0 0
236 327 0 0
235 327 0 0
155 327 0 1
154 327 0 1
153 327 0 1
152 327 0 1
151 327 0 1
150 327 0 1
149 327 0 1
148 327 0 1
66 327 0 1
65 327 0 1
64 327 0 1
63 327 0 1
240 326 0 0
239 326 0 0
238 326 0 0
237 326 0 0
236 326 0 0
156 326 0 1
155 326 0 1
154 326 0 1
153 326 0 1
152 326 0 1
151 326 0 1
150 326 0 1
149 326 0 1
66 326 0 1
65 326 0 1
64 326 0 1
63 326 0 1
240 325 0 0
239 325 0 0
238 325 0 0
237 325 0 0
236 325 0 0
157 325 0 1
156 325 0 1
155 325 0 1
154 325 0 1
153 325 0 1
152 325 0 1
151 325 0 1
150 325 0 1
66 325 0 1
65 325 0 1
64 325 0 1
63 325 0 1
241 324 0 0
240 324 0 0
239 324 0 0
238 324 0 0
237 324 0 0
236 324 0 0
158 324 0 1
157 324 0 1
156 324 0 1
155 324 0 1
154 324 0 1
153 324 0 1
152 324 0 1
151 324 0 1
66 324 0 1
65 324 0 1
64 324 0 1
63 324 0 1
241 323 0 0
240 323 0 0
239 323 0 0
238 323 0 0
237 323 0 0
236 323 0 0
158 323 0 1
157 323 0 1
156 323 0 1
155 323 0 1
154 323 0 1
153 323 0 1
66 323 0 1
65 323 0 1
64 323 0 1
63 323 0 1
242 322 0 0
241 322 0 0
240 322 0 0
239 322 0 0
238 322 0 0
237 322 0 0
159 322 0 1
158 322 0 1
157 322 0 1
156 322 0 1
155 322 0 1
154 322 0 1
66 322 0 1
65 322 0 1
64 322 0 1
63 322 0 1
243 321 0 0
242 321 0 0
241 321 0 0
240 321 0 0
239 321 0 0
238 321 0 0
237 321 0 0
160 321 0 1
159 321 0 1
158 321 0 1
157 321 0 1
156 321 0 1
155 321 0 1
66 321 0 1
65 321 0 1
64 321 0 1
63 321 0 1
243 320 0 0
242 320 0 0
241 320 0 0
240 320 0 0
239 320 0 0
238 320 0 0
160 320 0 1
159 320 0 1
158 320 0 1
157 320 0 1
156 320 0 1
155 320 0 1
66 320 0 1
65 320 0 1
64 320 0 1
63 320 0 1
244 319 0 0
243 319 0 0
242 319 0 0
241 319 0 0
240 319 0 0
239 319 0 0
161 319 0 1
160 319 0 1
159 319 0 1
158 319 0 1
157 319 0 1
156 319 0 1
66 319 0 1
65 319 0 1
64 319 0 1
63 319 0 1
244 318 0 0
243 318 0 0
242 318 0 0
241 318 0 0
240 318 0 0
239 318 0 0
161 318 0 1
160 318 0 1
159 318 0 1
158 318 0 1
157 318 0 1
156 318 0 1
66 318 0 1
65 318 0 1
64 318 0 1
63 318 0 1
244 317 0 0
243 317 0 0
242 317 0 0
241 317 0 0
240 317 0 0
161 317 0 1
160 317 0 1
159 317 0 1
158 317 0 1
157 317 0 1
66 317 0 1
65 317 0 1
64 317 0 1
63 317 0 1
245 316 0 0
244 316 0 0
243 316 0 0
242 316 0 0
241 316 0 0
240 316 0 0
162 316 0 1
161 316 0 1
160 316 0 1
159 316 0 1
158 316 0 1
157 316 0 1
66 316 0 1
65 316 0 1
64 316 0 1
63 316 0 1
245 315 0 0
244 315 0 0
243 315 0 0
242 315 0 0
241 315 0 0
163 315 0 1
162 315 0 1
161 315 0 1
160 315 0 1
159 315 0 1
158 315 0 1
66 315 0 1
65 315 0 1
64 315 0 1
63 315 0 1
246 314 0 0
245 314 0 0
244 314 0 0
243 314 0 0
242 314 0 0
241 314 0 0
164 314 0 1
163 314 0 1
162 314 0 1
161 314 0 1
160 314 0 1
159 314 0 1
158 314 0 1
66 314 0 1
65 314 0 1
64 314 0 1
63 314 0 1
246 313 0 0
245 313 0 0
244 313 0 0
243 313 0 0
242 313 0 0
241 313 0 0
164 313 0 1
163 313 0 1
162 313 0 1
161 313 0 1
160 313 0 1
159 313 0 1
66 313 0 1
65 313 0 1
64 313 0 1
63 313 0 1
246 312 0 0
245 312 0 0
244 312 0 0
243 312 0 0
242 312 0 0
166 312 0 1
165 312 0 1
164 312 0 1
163 312 0 1
162 312 0 1
161 312 0 1
160 312 0 1
66 312 0 1
65 312 0 1
64 312 0 1
63 312 0 1
247 311 0 0
246 311 0 0
245 311 0 0
244 311 0 0
243 311 0 0
242 311 0 0
167 311 0 1
166 311 0 1
165 311 0 1
164 311 0 1
163 311 0 1
162 311 0 1
161 311 0 1
160 311 0 1
66 311 0 1
65 311 0 1
64 311 0 1
63 311 0 1
247 310 0 0
246 310 0 0
245 310 0 0
244 310 0 0
243 310 0 0
242 310 0 0
168 310 0 1
167 310 0 1
166 310 0 1
165 310 0 1
164 310 0 1
163 310 0 1
162 310 0 1
161 310 0 1
66 310 0 1
65 310 0 1
64 310 0 1
63 310 0 1
247 309 0 0
246 309 0 0
245 309 0 0
244 309 0 0
243 309 0 0
168 309 0 1
167 309 0 1
166 309 0 1
165 309 0 1
164 309 0 1
163 309 0 1
162 309 0 1
66 309 0 1
65 309 0 1
64 309 0 1
63 309 0 1
33 309 0 0
32 309 0 0
31 309 0 0
30 309 0 0
248 308 0 0
247 308 0 0
246 308 0 0
245 308 0 0
244 308 0 0
243 308 0 0
169 308 0 1
168 308 0 1
167 308 0 1
166 308 0 1
165 308 0 1
164 308 0 1
66 308 0 1
65 308 0 1
64 308 0 1
63 308 0 1
33 308 0 0
32 308 0 0
31 308 0 0
30 308 0 0
249 307 0 0
248 307 0 0
247 307 0 0
246 307 0 0
245 307 0 0
244 307 0 0
243 307 0 0
170 307 0 1
169 307 0 1
168 307 0 1
167 307 0 1
166 307 0 1
165 307 0 1
66 307 0 1
65 307 0 1
64 307 0 1
63 307 0 1
33 307 0 0
32 307 0 0
31 307 0 0
30 307 0 0
250 306 0 0
249 306 0 0
248 306 0 0
247 306 0 0
246 306 0 0
245 306 0 0
244 306 0 0
171 306 0 1
170 306 0 1
169 306 0 1
168 306 0 1
167 306 0 1
166 306 0 1
165 306 0 1
66 306 0 1
65 306 0 1
64 306 0 1
63 306 0 1
33 306 0 0
32 306 0 0
31 306 0 0
30 306 0 0
250 305 0 0
249 305 0 0
248 305 0 0
247 305 0 0
246 305 0 0
245 305 0 0
172 305 0 1
171 305 0 1
170 305 0 1
169 305 0 1
168 305 0 1
167 305 0 1
166 305 0 1
66 305 0 1
65 305 0 1
64 305 0 1
63 305 0 1
33 305 0 0
32 305 0 0
31 305 0 0
30 305 0 0
251 304 0 0
250 304 0 0
249 304 0 0
248 304 0 0
247 304 0 0
246 304 0 0
245 304 0 0
173 304 0 1
172 304 0 1
171 304 0 1
170 304 0 1
169 304 0 1
168 304 0 1
167 304 0 1
66 304 0 1
65 304 0 1
64 304 0 1
63 304 0 1
33 304 0 0
32 304 0 0
31 304 0 0
30 304 0 0
252 303 0 0
251 303 0 0
250 303 0 0
249 303 0 0
248 303 0 0
247 303 0 0
246 303 0 0
174 303 0 1
173 303 0 1
172 303 0 1
171 303 0 1
170 303 0 1
169 303 0 1
168 303 0 1
66 303 0 1
65 303 0 1
64 303 0 1
63 303 0 1
33 303 0 0
32 303 0 0
31 303 0 0
30 303 0 0
252 302 0 0
251 302 0 0
250 302 0 0
249 302 0 0
248 302 0 0
247 302 0 0
176 302 0 1
175 302 0 1
174 302 0 1
173 302 0 1
172 302 0 1
171 302 0 1
170 302 0 1
169 302 0 1
66 302 0 1
65 302 0 1
64 302 0 1
63 302 0 1
33 302 0 0
32 302 0 0
31 302 0 0
30 302 0 0
253 301 0 0
252 301 0 0
251 301 0 0
250 301 0 0
249 301 0 0
248 301 0 0
177 301 0 1
176 301 0 1
175 301 0 1
174 301 0 1
173 301 0 1
172 301 0 1
171 301 0 1
170 301 0 1
66 301 0 1
65 301 0 1
64 301 0 1
63 301 0 1
33 301 0 0
32 301 0 0
31 301 0 0
30 301 0 0
254 300 0 0
253 300 0 0
252 300 0 0
251 300 0 0
250 300 0 0
249 300 0 0
179 300 0 1
178 300 0 1
177 300 0 1
176 300 0 1
175 300 0 1
174 300 0 1
173 300 0 1
172 300 0 1
171 300 0 1
66 300 0 1
65 300 0 1
64 300 0 1
63 300 0 1
33 300 0 0
32 300 0 0
31 300 0 0
30 300 0 0
254 299 0 0
253 299 0 0
252 299 0 0
251 299 0 0
250 299 0 0
249 299 0 0
181 299 0 1
180 299 0 1
179 299 0 1
178 299 0 1
177 299 0 1
176 299 0 1
175 299 0 1
174 299 0 1
173 299 0 1
172 299 0 1
66 299 0 1
65 299 0 1
64 299 0 1
63 299 0 1
33 299 0 0
32 299 0 0
31 299 0 0
30 299 0 0
254 298 0 0
253 298 0 0
252 298 0 0
251 298 0 0
250 298 0 0
181 298 0 1
180 298 0 1
179 298 0 1
178 298 0 1
177 298 0 1
176 298 0 1
175 298 0 1
174 298 0 1
173 298 0 1
66 298 0 1
65 298 0 1
64 298 0 1
63 298 0 1
33 298 0 0
32 298 0 0
31 298 0 0
30 298 0 0
254 297 0 0
253 297 0 0
252 297 0 0
251 297 0 0
250 297 0 0
181 297 0 1
180 297 0 1
179 297 0 1
178 297 0 1
177 297 0 1
176 297 0 1
175 297 0 1
66 297 0 1
65 297 0 1
64 297 0 1
63 297 0 1
33 297 0 0
32 297 0 0
31 297 0 0
30 297 0 0
254 296 0 0
253 296 0 0
252 296 0 0
251 296 0 0
250 296 0 0
182 296 0 1
181 296 0 1
180 296 0 1
179 296 0 1
178 296 0 1
177 296 0 1
66 296 0 1
65 296 0 1
64 296 0 1
63 296 0 1
33 296 0 0
32 296 0 0
31 296 0 0
30 296 0 0
255 295 0 0
254 295 0 0
253 295 0 0
252 295 0 0
251 295 0 0
250 295 0 0
182 295 0 1
181 295 0 1
180 295 0 1
179 295 0 1
178 295 0 1
67 295 0 1
66 295 0 1
65 295 0 1
64 295 0 1
63 295 0 1
33 295 0 0
32 295 0 0
31 295 0 0
30 295 0 0
255 294 0 0
254 294 0 0
253 294 0 0
252 294 0 0
251 294 0 0
250 294 0 0
182 294 0 1
181 294 0 1
180 294 0 1
179 294 0 1
178 294 0 1
67 294 0 1
66 294 0 1
65 294 0 1
64 294 0 1
63 294 0 1
33 294 0 0
32 294 0 0
31 294 0 0
30 294 0 0
255 293 0 0
254 293 0 0
253 293 0 0
252 293 0 0
251 293 0 0
182 293 0 1
181 293 0 1
180 293 0 1
179 293 0 1
67 293 0 1
66 293 0 1
65 293 0 1
64 293 0 1
63 293 0 1
33 293 0 0
32 293 0 0
31 293 0 0
30 293 0 0
255 292 0 0
254 292 0 0
253 292 0 0
252 292 0 0
251 292 0 0
182 292 0 1
181 292 0 1
180 292 0 1
179 292 0 1
67 292 0 1
66 292 0 1
65 292 0 1
64 292 0 1
63 292 0 1
33 292 0 0
32 292 0 0
31 292 0 0
30 292 0 0
255 291 0 0
254 291 0 0
253 291 0 0
252 291 0 0
251 291 0 0
182 291 0 1
181 291 0 1
180 291 0 1
179 291 0 1
67 291 0 1
66 291 0 1
65 291 0 1
64 291 0 1
33 291 0 0
32 291 0 0
31 291 0 0
30 291 0 0
255 290 0 0
254 290 0 0
253 290 0 0
252 290 0 0
251 290 0 0
182 290 0 1
181 290 0 1
180 290 0 1
179 290 0 1
67 290 0 1
66 290 0 1
65 290 0 1
64 290 0 1
33 290 0 0
32 290 0 0
31 290 0 0
30 290 0 0
255 289 0 0
254 289 0 0
253 289 0 0
252 289 0 0
251 289 0 0
182 289 0 1
181 289 0 1
180 289 0 1
179 289 0 1
33 289 0 0
32 289 0 0
31 289 0 0
30 289 0 0
255 288 0 0
254 288 0 0
253 288 0 0
252 288 0 0
182 288 0 1
181 288 0 1
180 288 0 1
179 288 0 1
33 288 0 0
32 288 0 0
31 288 0 0
30 288 0 0
255 287 0 0
254 287 0 0
253 287 0 0
252 287 0 0
182 287 0 1
181 287 0 1
180 287 0 1
179 287 0 1
33 287 0 0
32 287 0 0
31 287 0 0
30 287 0 0
256 286 0 0
255 286 0 0
254 286 0 0
253 286 0 0
252 286 0 0
182 286 0 1
181 286 0 1
180 286 0 1
179 286 0 1
33 286 0 0
32 286 0 0
31 286 0 0
30 286 0 0
256 285 0 0
255 285 0 0
254 285 0 0
253 285 0 0
252 285 0 0
182 285 0 1
181 285 0 1
180 285 0 1
179 285 0 1
33 285 0 0
32 285 0 0
31 285 0 0
30 285 0 0
256 284 0 0
255 284 0 0
254 284 0 0
253 284 0 0
252 284 0 0
182 284 0 1
181 284 0 1
180 284 0 1
179 284 0 1
33 284 0 0
32 284 0 0
31 284 0 0
30 284 0 0
256 283 0 0
255 283 0 0
254 283 0 0
253 283 0 0
252 283 0 0
182 283 0 1
181 283 0 1
180 283 0 1
179 283 0 1
33 283 0 0
32 283 0 0
31 283 0 0
30 283 0 0
256 282 0 0
255 282 0 0
254 282 0 0
253 282 0 0
252 282 0 0
182 282 0 1
181 282 0 1
180 282 0 1
179 282 0 1
33 282 0 0
32 282 0 0
31 282 0 0
30 282 0 0
256 281 0 0
255 281 0 0
254 281 0 0
253 281 0 0
252 281 0 0
182 281 0 1
181 281 0 1
180 281 0 1
179 281 0 1
33 281 0 0
32 281 0 0
31 281 0 0
30 281 0 0
256 280 0 0
255 280 0 0
254 280 0 0
253 280 0 0
252 280 0 0
182 280 0 1
181 280 0 1
180 280 0 1
179 280 0 1
33 280 0 0
32 280 0 0
31 280 0 0
30 280 0 0
256 279 0 0
255 279 0 0
254 279 0 0
253 279 0 0
182 279 0 1
181 279 0 1
180 279 0 1
179 279 0 1
33 279 0 0
32 279 0 0
31 279 0 0
30 279 0 0
256 278 0 0
255 278 0 0
254 278 0 0
253 278 0 0
182 278 0 1
181 278 0 1
180 278 0 1
179 278 0 1
33 278 0 0
32 278 0 0
31 278 0 0
30 278 0 0
256 277 0 0
255 277 0 0
254 277 0 0
253 277 0 0
182 277 0 1
181 277 0 1
180 277 0 1
179 277 0 1
33 277 0 0
32 277 0 0
31 277 0 0
30 277 0 0
256 276 0 0
255 276 0 0
254 276 0 0
253 276 0 0
183 276 0 1
182 276 0 1
181 276 0 1
180 276 0 1
179 276 0 1
33 276 0 0
32 276 0 0
31 276 0 0
30 276 0 0
256 275 0 0
255 275 0 0
254 275 0 0
253 275 0 0
183 275 0 1
182 275 0 1
181 275 0 1
180 275 0 1
179 275 0 1
33 275 0 0
32 275 0 0
31 275 0 0
30 275 0 0
256 274 0 0
255 274 0 0
254 274 0 0
253 274 0 0
183 274 0 1
182 274 0 1
181 274 0 1
180 274 0 1
179 274 0 1
33 274 0 0
32 274 0 0
31 274 0 0
30 274 0 0
256 273 0 0
255 273 0 0
254 273 0 0
253 273 0 0
183 273 0 1
182 273 0 1
181 273 0 1
180 273 0 1
179 273 0 1
128 273 0 1
127 273 0 1
126 273 0 1
125 273 0 1
33 273 0 0
32 273 0 0
31 273 0 0
30 273 0 0
257 272 0 0
256 272 0 0
255 272 0 0
254 272 0 0
253 272 0 0
183 272 0 1
182 272 0 1
181 272 0 1
180 272 0 1
179 272 0 1
128 272 0 1
127 272 0 1
126 272 0 1
125 272 0 1
124 272 0 1
33 272 0 0
32 272 0 0
31 272 0 0
30 272 0 0
257 271 0 0
256 271 0 0
255 271 0 0
254 271 0 0
253 271 0 0
183 271 0 1
182 271 0 1
181 271 0 1
180 271 0 1
179 271 0 1
128 271 0 1
127 271 0 1
126 271 0 1
125 271 0 1
124 271 0 1
123 271 0 1
33 271 0 0
32 271 0 0
31 271 0 0
30 271 0 0
257 270 0 0
256 270 0 0
255 270 0 0
254 270 0 0
253 270 0 0
183 270 0 1
182 270 0 1
181 270 0 1
180 270 0 1
179 270 0 1
128 270 0 1
127 270 0 1
126 270 0 1
125 270 0 1
124 270 0 1
123 270 0 1
122 270 0 1
33 270 0 0
32 270 0 0
31 270 0 0
30 270 0 0
257 269 0 0
256 269 0 0
255 269 0 0
254 269 0 0
253 269 0 0
184 269 0 1
183 269 0 1
182 269 0 1
181 269 0 1
180 269 0 1
179 269 0 1
127 269 0 1
126 269 0 1
125 269 0 1
124 269 0 1
123 269 0 1
122 269 0 1
121 269 0 1
33 269 0 0
32 269 0 0
31 269 0 0
30 269 0 0
257 268 0 0
256 268 0 0
255 268 0 0
254 268 0 0
253 268 0 0
184 268 0 1
183 268 0 1
182 268 0 1
181 268 0 1
180 268 0 1
126 268 0 1
125 268 0 1
124 268 0 1
123 268 0 1
122 268 0 1
121 268 0 1
120 268 0 1
33 268 0 0
32 268 0 0
31 268 0 0
30 268 0 0
257 267 0 0
256 267 0 0
255 267 0 0
254 267 0 0
253 267 0 0
184 267 0 1
183 267 0 1
182 267 0 1
181 267 0 1
180 267 0 1
125 267 0 1
124 267 0 1
123 267 0 1
122 267 0 1
121 267 0 1
120 267 0 1
33 267 0 0
32 267 0 0
31 267 0 0
30 267 0 0
257 266 0 0
256 266 0 0
255 266 0 0
254 266 0 0
253 266 0 0
184 266 0 1
183 266 0 1
182 266 0 1
181 266 0 1
180 266 0 1
124 266 0 1
123 266 0 1
122 266 0 1
121 266 0 1
120 266 0 1
119 266 0 1
33 266 0 0
32 266 0 0
31 266 0 0
30 266 0 0
257 265 0 0
256 265 0 0
255 265 0 0
254 265 0 0
253 265 0 0
185 265 0 1
184 265 0 1
183 265 0 1
182 265 0 1
181 265 0 1
180 265 0 1
124 265 0 1
123 265 0 1
122 265 0 1
121 265 0 1
120 265 0 1
119 265 0 1
118 265 0 1
33 265 0 0
32 265 0 0
31 265 0 0
30 265 0 0
257 264 0 0
256 264 0 0
255 264 0 0
254 264 0 0
253 264 0 0
185 264 0 1
184 264 0 1
183 264 0 1
182 264 0 1
181 264 0 1
123 264 0 1
122 264 0 1
121 264 0 1
120 264 0 1
119 264 0 1
118 264 0 1
33 264 0 0
32 264 0 0
31 264 0 0
30 264 0 0
257 263 0 0
256 263 0 0
255 263 0 0
254 263 0 0
185 263 0 1
184 263 0 1
183 263 0 1
182 263 0 1
181 263 0 1
122 263 0 1
121 263 0 1
120 263 0 1
119 263 0 1
118 263 0 1
117 263 0 1
33 263 0 0
32 263 0 0
31 263 0 0
30 263 0 0
257 262 0 0
256 262 0 0
255 262 0 0
254 262 0 0
186 262 0 1
185 262 0 1
184 262 0 1
183 262 0 1
182 262 0 1
181 262 0 1
121 262 0 1
120 262 0 1
119 262 0 1
118 262 0 1
117 262 0 1
116 262 0 1
33 262 0 0
32 262 0 0
31 262 0 0
30 262 0 0
257 261 0 0
256 261 0 0
255 261 0 0
254 261 0 0
186 261 0 1
185 261 0 1
184 261 0 1
183 261 0 1
182 261 0 1
121 261 0 1
120 261 0 1
119 261 0 1
118 261 0 1
117 261 0 1
116 261 0 1
115 261 0 1
33 261 0 0
32 261 0 0
31 261 0 0
30 261 0 0
257 260 0 0
256 260 0 0
255 260 0 0
254 260 0 0
186 260 0 1
185 260 0 1
184 260 0 1
183 260 0 1
182 260 0 1
120 260 0 1
119 260 0 1
118 260 0 1
117 260 0 1
116 260 0 1
115 260 0 1
114 260 0 1
33 260 0 0
32 260 0 0
31 260 0 0
30 260 0 0
257 259 0 0
256 259 0 0
255 259 0 0
254 259 0 0
187 259 0 1
186 259 0 1
185 259 0 1
184 259 0 1
183 259 0 1
182 259 0 1
119 259 0 1
118 259 0 1
117 259 0 1
116 259 0 1
115 259 0 1
114 259 0 1
113 259 0 1
33 259 0 0
32 259 0 0
31 259 0 0
30 259 0 0
258 258 0 0
257 258 0 0
256 258 0 0
255 258 0 0
254 258 0 0
187 258 0 1
186 258 0 1
185 258 0 1
184 258 0 1
183 258 0 1
182 258 0 1
118 258 0 1
117 258 0 1
116 258 0 1
115 258 0 1
114 258 0 1
113 258 0 1
112 258 0 1
111 258 0 1
33 258 0 0
32 258 0 0
31 258 0 0
30 258 0 0
258 257 0 0
257 257 0 0
256 257 0 0
255 257 0 0
254 257 0 0
187 257 0 1
186 257 0 1
185 257 0 1
184 257 0 1
183 257 0 1
117 257 0 1
116 257 0 1
115 257 0 1
114 257 0 1
113 257 0 1
112 257 0 1
111 257 0 1
110 257 0 1
109 257 0 1
108 257 0 1
33 257 0 0
32 257 0 0
31 257 0 0
30 257 0 0
258 256 0 0
257 256 0 0
256 256 0 0
255 256 0 0
254 256 0 0
188 256 0 1
187 256 0 1
186 256 0 1
185 256 0 1
184 256 0 1
183 256 0 1
116 256 0 1
115 256 0 1
114 256 0 1
113 256 0 1
112 256 0 1
111 256 0 1
110 256 0 1
109 256 0 1
108 256 0 1
107 256 0 1
33 256 0 0
32 256 0 0
31 256 0 0
30 256 0 0
259 255 0 0
258 255 0 0
257 255 0 0
256 255 0 0
255 255 0 0
254 255 0 0
188 255 0 1
187 255 0 1
186 255 0 1
185 255 0 1
184 255 0 1
115 255 0 1
114 255 0 1
113 255 0 1
112 255 0 1
111 255 0 1
110 255 0 1
109 255 0 1
108 255 0 1
107 255 0 1
106 255 0 1
105 255 0 1
33 255 0 0
32 255 0 0
31 255 0 0
30 255 0 0
259 254 0 0
258 254 0 0
257 254 0 0
256 254 0 0
255 254 0 0
254 254 0 0
189 254 0 1
188 254 0 1
187 254 0 1
186 254 0 1
185 254 0 1
184 254 0 1
113 254 0 1
112 254 0 1
111 254 0 1
110 254 0 1
109 254 0 1
108 254 0 1
107 254 0 1
106 254 0 1
105 254 0 1
104 254 0 1
33 254 0 0
32 254 0 0
31 254 0 0
30 254 0 0
259 253 0 0
258 253 0 0
257 253 0 0
256 253 0 0
255 253 0 0
189 253 0 1
188 253 0 1
187 253 0 1
186 253 0 1
185 253 0 1
184 253 0 1
112 253 0 1
111 253 0 1
110 253 0 1
109 253 0 1
108 253 0 1
107 253 0 1
106 253 0 1
105 253 0 1
104 253 0 1
103 253 0 1
102 253 0 1
33 253 0 0
32 253 0 0
31 253 0 0
30 253 0 0
260 252 0 0
259 252 0 0
258 252 0 0
257 252 0 0
256 252 0 0
255 252 0 0
190 252 0 1
189 252 0 1
188 252 0 1
187 252 0 1
186 252 0 1
185 252 0 1
109 252 0 1
108 252 0 1
107 252 0 1
106 252 0 1
105 252 0 1
104 252 0 1
103 252 0 1
102 252 0 1
101 252 0 1
100 252 0 1
33 252 0 0
32 252 0 0
31 252 0 0
30 252 0 0
260 251 0 0
259 251 0 0
258 251 0 0
257 251 0 0
256 251 0 0
255 251 0 0
190 251 0 1
189 251 0 1
188 251 0 1
187 251 0 1
186 251 0 1
185 251 0 1
107 251 0 1
106 251 0 1
105 251 0 1
104 251 0 1
103 251 0 1
102 251 0 1
101 251 0 1
100 251 0 1
99 251 0 1
98 251 0 1
33 251 0 0
32 251 0 0
31 251 0 0
30 251 0 0
260 250 0 0
259 250 0 0
258 250 0 0
257 250 0 0
256 250 0 0
190 250 0 1
189 250 0 1
188 250 0 1
187 250 0 1
186 250 0 1
106 250 0 1
105 250 0 1
104 250 0 1
103 250 0 1
102 250 0 1
101 250 0 1
100 250 0 1
99 250 0 1
98 250 0 1
97 250 0 1
33 250 0 0
32 250 0 0
31 250 0 0
30 250 0 0
260 249 0 0
259 249 0 0
258 249 0 0
257 249 0 0
256 249 0 0
191 249 0 1
190 249 0 1
189 249 0 1
188 249 0 1
187 249 0 1
186 249 0 1
104 249 0 1
103 249 0 1
102 249 0 1
101 249 0 1
100 249 0 1
99 249 0 1
98 249 0 1
97 249 0 1
96 249 0 1
95 249 0 1
33 249 0 0
32 249 0 0
31 249 0 0
30 249 0 0
261 248 0 0
260 248 0 0
259 248 0 0
258 248 0 0
257 248 0 0
256 248 0 0
191 248 0 1
190 248 0 1
189 248 0 1
188 248 0 1
187 248 0 1
103 248 0 1
102 248 0 1
101 248 0 1
100 248 0 1
99 248 0 1
98 248 0 1
97 248 0 1
96 248 0 1
95 248 0 1
94 248 0 1
93 248 0 1
33 248 0 0
32 248 0 0
31 248 0 0
30 248 0 0
261 247 0 0
260 247 0 0
259 247 0 0
258 247 0 0
257 247 0 0
256 247 0 0
192 247 0 1
191 247 0 1
190 247 0 1
189 247 0 1
188 247 0 1
187 247 0 1
101 247 0 1
100 247 0 1
99 247 0 1
98 247 0 1
97 247 0 1
96 247 0 1
95 247 0 1
94 247 0 1
93 247 0 1
92 247 0 1
33 247 0 0
32 247 0 0
31 247 0 0
30 247 0 0
261 246 0 0
260 246 0 0
259 246 0 0
258 246 0 0
257 246 0 0
235 246 0 1
234 246 0 1
233 246 0 1
232 246 0 1
192 246 0 1
191 246 0 1
190 246 0 1
189 246 0 1
188 246 0 1
187 246 0 1
99 246 0 1
98 246 0 1
97 246 0 1
96 246 0 1
95 246 0 1
94 246 0 1
93 246 0 1
92 246 0 1
91 246 0 1
33 246 0 0
32 246 0 0
31 246 0 0
30 246 0 0
262 245 0 0
261 245 0 0
260 245 0 0
259 245 0 0
258 245 0 0
257 245 0 0
235 245 0 1
234 245 0 1
233 245 0 1
232 245 0 1
192 245 0 1
191 245 0 1
190 245 0 1
189 245 0 1
188 245 0 1
98 245 0 1
97 245 0 1
96 245 0 1
95 245 0 1
94 245 0 1
93 245 0 1
92 245 0 1
91 245 0 1
90 245 0 1
33 245 0 0
32 245 0 0
31 245 0 0
30 245 0 0
262 244 0 0
261 244 0 0
260 244 0 0
259 244 0 0
258 244 0 0
235 244 0 1
234 244 0 1
233 244 0 1
232 244 0 1
192 244 0 1
191 244 0 1
190 244 0 1
189 244 0 1
188 244 0 1
96 244 0 1
95 244 0 1
94 244 0 1
93 244 0 1
92 244 0 1
91 244 0 1
90 244 0 1
89 244 0 1
33 244 0 0
32 244 0 0
31 244 0 0
30 244 0 0
262 243 0 0
261 243 0 0
260 243 0 0
259 243 0 0
258 243 0 0
235 243 0 1
234 243 0 1
233 243 0 1
232 243 0 1
193 243 0 1
192 243 0 1
191 243 0 1
190 243 0 1
189 243 0 1
188 243 0 1
94 243 0 1
93 243 0 1
92 243 0 1
91 243 0 1
90 243 0 1
89 243 0 1
88 243 0 1
33 243 0 0
32 243 0 0
31 243 0 0
30 243 0 0
262 242 0 0
261 242 0 0
260 242 0 0
259 242 0 0
258 242 0 0
235 242 0 1
234 242 0 1
233 242 0 1
232 242 0 1
193 242 0 1
192 242 0 1
191 242 0 1
190 242 0 1
189 242 0 1
188 242 0 1
93 242 0 1
92 242 0 1
91 242 0 1
90 242 0 1
89 242 0 1
88 242 0 1
87 242 0 1
33 242 0 0
32 242 0 0
31 242 0 0
30 242 0 0
262 241 0 0
261 241 0 0
260 241 0 0
259 241 0 0
258 241 0 0
235 241 0 1
234 241 0 1
233 241 0 1
232 241 0 1
193 241 0 1
192 241 0 1
191 241 0 1
190 241 0 1
189 241 0 1
92 241 0 1
91 241 0 1
90 241 0 1
89 241 0 1
88 241 0 1
87 241 0 1
33 241 0 0
32 241 0 0
31 241 0 0
30 241 0 0
262 240 0 0
261 240 0 0
260 240 0 0
259 240 0 0
258 240 0 0
235 240 0 1
234 240 0 1
233 240 0 1
232 240 0 1
193 240 0 1
192 240 0 1
191 240 0 1
190 240 0 1
189 240 0 1
91 240 0 1
90 240 0 1
89 240 0 1
88 240 0 1
87 240 0 1
86 240 0 1
33 240 0 0
32 240 0 0
31 240 0 0
30 240 0 0
262 239 0 0
261 239 0 0
260 239 0 0
259 239 0 0
235 239 0 1
234 239 0 1
233 239 0 1
232 239 0 1
194 239 0 1
193 239 0 1
192 239 0 1
191 239 0 1
190 239 0 1
189 239 0 1
91 239 0 1
90 239 0 1
89 239 0 1
88 239 0 1
87 239 0 1
86 239 0 1
85 239 0 1
33 239 0 0
32 239 0 0
31 239 0 0
30 239 0 0
262 238 0 0
261 238 0 0
260 238 0 0
259 238 0 0
235 238 0 1
234 238 0 1
233 238 0 1
232 238 0 1
194 238 0 1
193 238 0 1
192 238 0 1
191 238 0 1
190 238 0 1
189 238 0 1
90 238 0 1
89 238 0 1
88 238 0 1
87 238 0 1
86 238 0 1
85 238 0 1
84 238 0 1
33 238 0 0
32 238 0 0
31 238 0 0
30 238 0 0
262 237 0 0
261 237 0 0
260 237 0 0
259 237 0 0
235 237 0 1
234 237 0 1
233 237 0 1
232 237 0 1
194 237 0 1
193 237 0 1
192 237 0 1
191 237 0 1
190 237 0 1
89 237 0 1
88 237 0 1
87 237 0 1
86 237 0 1
85 237 0 1
84 237 0 1
83 237 0 1
33 237 0 0
32 237 0 0
31 237 0 0
30 237 0 0
262 236 0 0
261 236 0 0
260 236 0 0
259 236 0 0
235 236 0 1
234 236 0 1
233 236 0 1
232 236 0 1
195 236 0 1
194 236 0 1
193 236 0 1
192 236 0 1
191 236 0 1
190 236 0 1
88 236 0 1
87 236 0 1
86 236 0 1
85 236 0 1
84 236 0 1
83 236 0 1
33 236 0 0
32 236 0 0
31 236 0 0
30 236 0 0
262 235 0 0
261 235 0 0
260 235 0 0
259 235 0 0
235 235 0 1
234 235 0 1
233 235 0 1
232 235 0 1
195 235 0 1
194 235 0 1
193 235 0 1
192 235 0 1
191 235 0 1
88 235 0 1
87 235 0 1
86 235 0 1
85 235 0 1
84 235 0 1
83 235 0 1
82 235 0 1
33 235 0 0
32 235 0 0
31 235 0 0
30 235 0 0
262 234 0 0
261 234 0 0
260 234 0 0
259 234 0 0
235 234 0 1
234 234 0 1
233 234 0 1
232 234 0 1
196 234 0 1
195 234 0 1
194 234 0 1
193 234 0 1
192 234 0 1
191 234 0 1
87 234 0 1
86 234 0 1
85 234 0 1
84 234 0 1
83 234 0 1
82 234 0 1
33 234 0 0
32 234 0 0
31 234 0 0
30 234 0 0
262 233 0 0
261 233 0 0
260 233 0 0
259 233 0 0
235 233 0 1
234 233 0 1
233 233 0 1
232 233 0 1
196 233 0 1
195 233 0 1
194 233 0 1
193 233 0 1
192 233 0 1
86 233 0 1
85 233 0 1
84 233 0 1
83 233 0 1
82 233 0 1
33 233 0 0
32 233 0 0
31 233 0 0
30 233 0 0
262 232 0 0
261 232 0 0
260 232 0 0
259 232 0 0
235 232 0 1
234 232 0 1
233 232 0 1
232 232 0 1
197 232 0 1
196 232 0 1
195 232 0 1
194 232 0 1
193 232 0 1
192 232 0 1
85 232 0 1
84 232 0 1
83 232 0 1
82 232 0 1
33 232 0 0
32 232 0 0
31 232 0 0
30 232 0 0
262 231 0 0
261 231 0 0
260 231 0 0
259 231 0 0
235 231 0 1
234 231 0 1
233 231 0 1
232 231 0 1
197 231 0 1
196 231 0 1
195 231 0 1
194 231 0 1
193 231 0 1
192 231 0 1
85 231 0 1
84 231 0 1
83 231 0 1
82 231 0 1
33 231 0 0
32 231 0 0
31 231 0 0
30 231 0 0
262 230 0 0
261 230 0 0
260 230 0 0
259 230 0 0
235 230 0 1
234 230 0 1
233 230 0 1
232 230 0 1
197 230 0 1
196 230 0 1
195 230 0 1
194 230 0 1
193 230 0 1
85 230 0 1
84 230 0 1
83 230 0 1
82 230 0 1
33 230 0 0
32 230 0 0
31 230 0 0
30 230 0 0
262 229 0 0
261 229 0 0
260 229 0 0
259 229 0 0
235 229 0 1
234 229 0 1
233 229 0 1
232 229 0 1
197 229 0 1
196 229 0 1
195 229 0 1
194 229 0 1
193 229 0 1
85 229 0 1
84 229 0 1
83 229 0 1
82 229 0 1
33 229 0 0
32 229 0 0
31 229 0 0
30 229 0 0
262 228 0 0
261 228 0 0
260 228 0 0
259 228 0 0
235 228 0 1
234 228 0 1
233 228 0 1
232 228 0 1
197 228 0 1
196 228 0 1
195 228 0 1
194 228 0 1
193 228 0 1
85 228 0 1
84 228 0 1
83 228 0 1
82 228 0 1
33 228 0 0
32 228 0 0
31 228 0 0
30 228 0 0
262 227 0 0
261 227 0 0
260 227 0 0
259 227 0 0
235 227 0 1
234 227 0 1
233 227 0 1
232 227 0 1
197 227 0 1
196 227 0 1
195 227 0 1
194 227 0 1
193 227 0 1
85 227 0 1
84 227 0 1
83 227 0 1
82 227 0 1
33 227 0 0
32 227 0 0
31 227 0 0
30 227 0 0
262 226 0 0
261 226 0 0
260 226 0 0
259 226 0 0
235 226 0 1
234 226 0 1
233 226 0 1
232 226 0 1
197 226 0 1
196 226 0 1
195 226 0 1
194 226 0 1
193 226 0 1
192 226 0 1
85 226 0 1
84 226 0 1
83 226 0 1
82 226 0 1
33 226 0 0
32 226 0 0
31 226 0 0
30 226 0 0
262 225 0 0
261 225 0 0
260 225 0 0
259 225 0 0
235 225 0 1
234 225 0 1
233 225 0 1
232 225 0 1
197 225 0 1
196 225 0 1
195 225 0 1
194 225 0 1
193 225 0 1
192 225 0 1
191 225 0 1
85 225 0 1
84 225 0 1
83 225 0 1
82 225 0 1
33 225 0 0
32 225 0 0
31 225 0 0
30 225 0 0
262 224 0 0
261 224 0 0
260 224 0 0
259 224 0 0
235 224 0 1
234 224 0 1
233 224 0 1
232 224 0 1
197 224 0 1
196 224 0 1
195 224 0 1
194 224 0 1
193 224 0 1
192 224 0 1
191 224 0 1
190 224 0 1
85 224 0 1
84 224 0 1
83 224 0 1
82 224 0 1
33 224 0 0
32 224 0 0
31 224 0 0
30 224 0 0
263 223 0 0
262 223 0 0
261 223 0 0
260 223 0 0
259 223 0 0
235 223 0 1
234 223 0 1
233 223 0 1
232 223 0 1
196 223 0 1
195 223 0 1
194 223 0 1
193 223 0 1
192 223 0 1
191 223 0 1
190 223 0 1
189 223 0 1
85 223 0 1
84 223 0 1
83 223 0 1
82 223 0 1
33 223 0 0
32 223 0 0
31 223 0 0
30 223 0 0
263 222 0 0
262 222 0 0
261 222 0 0
260 222 0 0
259 222 0 0
235 222 0 1
234 222 0 1
233 222 0 1
232 222 0 1
195 222 0 1
194 222 0 1
193 222 0 1
192 222 0 1
191 222 0 1
190 222 0 1
189 222 0 1
188 222 0 1
85 222 0 1
84 222 0 1
83 222 0 1
82 222 0 1
33 222 0 0
32 222 0 0
31 222 0 0
30 222 0 0
263 221 0 0
262 221 0 0
261 221 0 0
260 221 0 0
259 221 0 0
235 221 0 1
234 221 0 1
233 221 0 1
232 221 0 1
194 221 0 1
193 221 0 1
192 221 0 1
191 221 0 1
190 221 0 1
189 221 0 1
188 221 0 1
85 221 0 1
84 221 0 1
83 221 0 1
82 221 0 1
33 221 0 0
32 221 0 0
31 221 0 0
30 221 0 0
263 220 0 0
262 220 0 0
261 220 0 0
260 220 0 0
259 220 0 0
235 220 0 1
234 220 0 1
233 220 0 1
232 220 0 1
192 220 0 1
191 220 0 1
190 220 0 1
189 220 0 1
188 220 0 1
86 220 0 1
85 220 0 1
84 220 0 1
83 220 0 1
82 220 0 1
33 220 0 0
32 220 0 0
31 220 0 0
30 220 0 0
263 219 0 0
262 219 0 0
261 219 0 0
260 219 0 0
259 219 0 0
235 219 0 1
234 219 0 1
233 219 0 1
232 219 0 1
192 219 0 1
191 219 0 1
190 219 0 1
189 219 0 1
188 219 0 1
86 219 0 1
85 219 0 1
84 219 0 1
83 219 0 1
82 219 0 1
33 219 0 0
32 219 0 0
31 219 0 0
30 219 0 0
263 218 0 0
262 218 0 0
261 218 0 0
260 218 0 0
259 218 0 0
235 218 0 1
234 218 0 1
233 218 0 1
232 218 0 1
192 218 0 1
191 218 0 1
190 218 0 1
189 218 0 1
188 218 0 1
87 218 0 1
86 218 0 1
85 218 0 1
84 218 0 1
83 218 0 1
82 218 0 1
33 218 0 0
32 218 0 0
31 218 0 0
30 218 0 0
263 217 0 0
262 217 0 0
261 217 0 0
260 217 0 0
235 217 0 1
234 217 0 1
233 217 0 1
232 217 0 1
191 217 0 1
190 217 0 1
189 217 0 1
188 217 0 1
88 217 0 1
87 217 0 1
86 217 0 1
85 217 0 1
84 217 0 1
83 217 0 1
33 217 0 0
32 217 0 0
31 217 0 0
30 217 0 0
263 216 0 0
262 216 0 0
261 216 0 0
260 216 0 0
235 216 0 1
234 216 0 1
233 216 0 1
232 216 0 1
231 216 0 1
191 216 0 1
190 216 0 1
189 216 0 1
188 216 0 1
88 216 0 1
87 216 0 1
86 216 0 1
85 216 0 1
84 216 0 1
83 216 0 1
33 216 0 0
32 216 0 0
31 216 0 0
30 216 0 0
263 215 0 0
262 215 0 0
261 215 0 0
260 215 0 0
235 215 0 1
234 215 0 1
233 215 0 1
232 215 0 1
231 215 0 1
191 215 0 1
190 215 0 1
189 215 0 1
188 215 0 1
89 215 0 1
88 215 0 1
87 215 0 1
86 215 0 1
85 215 0 1
84 215 0 1
33 215 0 0
32 215 0 0
31 215 0 0
30 215 0 0
263 214 0 0
262 214 0 0
261 214 0 0
260 214 0 0
235 214 0 1
234 214 0 1
233 214 0 1
232 214 0 1
231 214 0 1
191 214 0 1
190 214 0 1
189 214 0 1
188 214 0 1
89 214 0 1
88 214 0 1
87 214 0 1
86 214 0 1
85 214 0 1
84 214 0 1
33 214 0 0
32 214 0 0
31 214 0 0
30 214 0 0
263 213 0 0
262 213 0 0
261 213 0 0
260 213 0 0
234 213 0 1
233 213 0 1
232 213 0 1
231 213 0 1
191 213 0 1
190 213 0 1
189 213 0 1
188 213 0 1
187 213 0 1
90 213 0 1
89 213 0 1
88 213 0 1
87 213 0 1
86 213 0 1
85 213 0 1
33 213 0 0
32 213 0 0
31 213 0 0
30 213 0 0
263 212 0 0
262 212 0 0
261 212 0 0
260 212 0 0
234 212 0 1
233 212 0 1
232 212 0 1
231 212 0 1
230 212 0 1
191 212 0 1
190 212 0 1
189 212 0 1
188 212 0 1
187 212 0 1
90 212 0 1
89 212 0 1
88 212 0 1
87 212 0 1
86 212 0 1
85 212 0 1
33 212 0 0
32 212 0 0
31 212 0 0
30 212 0 0
263 211 0 0
262 211 0 0
261 211 0 0
260 211 0 0
234 211 0 1
233 211 0 1
232 211 0 1
231 211 0 1
230 211 0 1
229 211 0 1
191 211 0 1
190 211 0 1
189 211 0 1
188 211 0 1
187 211 0 1
186 211 0 1
90 211 0 1
89 211 0 1
88 211 0 1
87 211 0 1
86 211 0 1
33 211 0 0
32 211 0 0
31 211 0 0
30 211 0 0
263 210 0 0
262 210 0 0
261 210 0 0
260 210 0 0
234 210 0 1
233 210 0 1
232 210 0 1
231 210 0 1
230 210 0 1
229 210 0 1
191 210 0 1
190 210 0 1
189 210 0 1
188 210 0 1
187 210 0 1
186 210 0 1
91 210 0 1
90 210 0 1
89 210 0 1
88 210 0 1
87 210 0 1
86 210 0 1
33 210 0 0
32 210 0 0
31 210 0 0
30 210 0 0
263 209 0 0
262 209 0 0
261 209 0 0
260 209 0 0
233 209 0 1
232 209 0 1
231 209 0 1
230 209 0 1
229 209 0 1
190 209 0 1
189 209 0 1
188 209 0 1
187 209 0 1
186 209 0 1
91 209 0 1
90 209 0 1
89 209 0 1
88 209 0 1
87 209 0 1
86 209 0 1
33 209 0 0
32 209 0 0
31 209 0 0
30 209 0 0
263 208 0 0
262 208 0 0
261 208 0 0
260 208 0 0
233 208 0 1
232 208 0 1
231 208 0 1
230 208 0 1
229 208 0 1
228 208 0 1
190 208 0 1
189 208 0 1
188 208 0 1
187 208 0 1
186 208 0 1
92 208 0 1
91 208 0 1
90 208 0 1
89 208 0 1
88 208 0 1
87 208 0 1
33 208 0 0
32 208 0 0
31 208 0 0
30 208 0 0
263 207 0 0
262 207 0 0
261 207 0 0
260 207 0 0
232 207 0 1
231 207 0 1
230 207 0 1
229 207 0 1
228 207 0 1
190 207 0 1
189 207 0 1
188 207 0 1
187 207 0 1
186 207 0 1
93 207 0 1
92 207 0 1
91 207 0 1
90 207 0 1
89 207 0 1
88 207 0 1
34 207 0 0
33 207 0 0
32 207 0 0
31 207 0 0
30 207 0 0
263 206 0 0
262 206 0 0
261 206 0 0
260 206 0 0
232 206 0 1
231 206 0 1
230 206 0 1
229 206 0 1
228 206 0 1
227 206 0 1
190 206 0 1
189 206 0 1
188 206 0 1
187 206 0 1
186 206 0 1
94 206 0 1
93 206 0 1
92 206 0 1
91 206 0 1
90 206 0 1
89 206 0 1
88 206 0 1
34 206 0 0
33 206 0 0
32 206 0 0
31 206 0 0
30 206 0 0
263 205 0 0
262 205 0 0
261 205 0 0
260 205 0 0
232 205 0 1
231 205 0 1
230 205 0 1
229 205 0 1
228 205 0 1
227 205 0 1
190 205 0 1
189 205 0 1
188 205 0 1
187 205 0 1
186 205 0 1
185 205 0 1
94 205 0 1
93 205 0 1
92 205 0 1
91 205 0 1
90 205 0 1
89 205 0 1
34 205 0 0
33 205 0 0
32 205 0 0
31 205 0 0
30 205 0 0
263 204 0 0
262 204 0 0
261 204 0 0
260 204 0 0
231 204 0 1
230 204 0 1
229 204 0 1
228 204 0 1
227 204 0 1
189 204 0 1
188 204 0 1
187 204 0 1
186 204 0 1
185 204 0 1
95 204 0 1
94 204 0 1
93 204 0 1
92 204 0 1
91 204 0 1
90 204 0 1
35 204 0 0
34 204 0 0
33 204 0 0
32 204 0 0
31 204 0 0
30 204 0 0
263 203 0 0
262 203 0 0
261 203 0 0
260 203 0 0
231 203 0 1
230 203 0 1
229 203 0 1
228 203 0 1
227 203 0 1
189 203 0 1
188 203 0 1
187 203 0 1
186 203 0 1
185 203 0 1
96 203 0 1
95 203 0 1
94 203 0 1
93 203 0 1
92 203 0 1
91 203 0 1
90 203 0 1
35 203 0 0
34 203 0 0
33 203 0 0
32 203 0 0
31 203 0 0
30 203 0 0
263 202 0 0
262 202 0 0
261 202 0 0
260 202 0 0
230 202 0 1
229 202 0 1
228 202 0 1
227 202 0 1
226 202 0 1
189 202 0 1
188 202 0 1
187 202 0 1
186 202 0 1
185 202 0 1
96 202 0 1
95 202 0 1
94 202 0 1
93 202 0 1
92 202 0 1
91 202 0 1
35 202 0 0
34 202 0 0
33 202 0 0
32 202 0 0
31 202 0 0
263 201 0 0
262 201 0 0
261 201 0 0
260 201 0 0
230 201 0 1
229 201 0 1
228 201 0 1
227 201 0 1
226 201 0 1
225 201 0 1
189 201 0 1
188 201 0 1
187 201 0 1
186 201 0 1
185 201 0 1
97 201 0 1
96 201 0 1
95 201 0 1
94 201 0 1
93 201 0 1
92 201 0 1
35 201 0 0
34 201 0 0
33 201 0 0
32 201 0 0
31 201 0 0
263 200 0 0
262 200 0 0
261 200 0 0
260 200 0 0
230 200 0 1
229 200 0 1
228 200 0 1
227 200 0 1
226 200 0 1
225 200 0 1
189 200 0 1
188 200 0 1
187 200 0 1
186 200 0 1
185 200 0 1
98 200 0 1
97 200 0 1
96 200 0 1
95 200 0 1
94 200 0 1
93 200 0 1
92 200 0 1
35 200 0 0
34 200 0 0
33 200 0 0
32 200 0 0
31 200 0 0
263 199 0 0
262 199 0 0
261 199 0 0
260 199 0 0
230 199 0 1
229 199 0 1
228 199 0 1
227 199 0 1
226 199 0 1
225 199 0 1
224 199 0 1
188 199 0 1
187 199 0 1
186 199 0 1
185 199 0 1
98 199 0 1
97 199 0 1
96 199 0 1
95 199 0 1
94 199 0 1
93 199 0 1
35 199 0 0
34 199 0 0
33 199 0 0
32 199 0 0
31 199 0 0
263 198 0 0
262 198 0 0
261 198 0 0
260 198 0 0
229 198 0 1
228 198 0 1
227 198 0 1
226 198 0 1
225 198 0 1
224 198 0 1
188 198 0 1
187 198 0 1
186 198 0 1
185 198 0 1
184 198 0 1
99 198 0 1
98 198 0 1
97 198 0 1
96 198 0 1
95 198 0 1
94 198 0 1
36 198 0 0
35 198 0 0
34 198 0 0
33 198 0 0
32 198 0 0
31 198 0 0
263 197 0 0
262 197 0 0
261 197 0 0
260 197 0 0
228 197 0 1
227 197 0 1
226 197 0 1
225 197 0 1
224 197 0 1
223 197 0 1
188 197 0 1
187 197 0 1
186 197 0 1
185 197 0 1
184 197 0 1
100 197 0 1
99 197 0 1
98 197 0 1
97 197 0 1
96 197 0 1
95 197 0 1
94 197 0 1
36 197 0 0
35 197 0 0
34 197 0 0
33 197 0 0
32 197 0 0
228 196 0 1
227 196 0 1
226 196 0 1
225 196 0 1
224 196 0 1
223 196 0 1
188 196 0 1
187 196 0 1
186 196 0 1
185 196 0 1
184 196 0 1
100 196 0 1
99 196 0 1
98 196 0 1
97 196 0 1
96 196 0 1
95 196 0 1
36 196 0 0
35 196 0 0
34 196 0 0
33 196 0 0
32 196 0 0
227 195 0 1
226 195 0 1
225 195 0 1
224 195 0 1
223 195 0 1
222 195 0 1
188 195 0 1
187 195 0 1
186 195 0 1
185 195 0 1
184 195 0 1
101 195 0 1
100 195 0 1
99 195 0 1
98 195 0 1
97 195 0 1
96 195 0 1
36 195 0 0
35 195 0 0
34 195 0 0
33 195 0 0
32 195 0 0
226 194 0 1
225 194 0 1
224 194 0 1
223 194 0 1
222 194 0 1
221 194 0 1
188 194 0 1
187 194 0 1
186 194 0 1
185 194 0 1
184 194 0 1
102 194 0 1
101 194 0 1
100 194 0 1
99 194 0 1
98 194 0 1
97 194 0 1
96 194 0 1
36 194 0 0
35 194 0 0
34 194 0 0
33 194 0 0
32 194 0 0
226 193 0 1
225 193 0 1
224 193 0 1
223 193 0 1
222 193 0 1
221 193 0 1
220 193 0 1
188 193 0 1
187 193 0 1
186 193 0 1
185 193 0 1
184 193 0 1
183 193 0 1
102 193 0 1
101 193 0 1
100 193 0 1
99 193 0 1
98 193 0 1
97 193 0 1
37 193 0 0
36 193 0 0
35 193 0 0
34 193 0 0
33 193 0 0
32 193 0 0
225 192 0 1
224 192 0 1
223 192 0 1
222 192 0 1
221 192 0 1
220 192 0 1
188 192 0 1
187 192 0 1
186 192 0 1
185 192 0 1
184 192 0 1
183 192 0 1
103 192 0 1
102 192 0 1
101 192 0 1
100 192 0 1
99 192 0 1
98 192 0 1
37 192 0 0
36 192 0 0
35 192 0 0
34 192 0 0
33 192 0 0
224 191 0 1
223 191 0 1
222 191 0 1
221 191 0 1
220 191 0 1
219 191 0 1
218 191 0 1
187 191 0 1
186 191 0 1
185 191 0 1
184 191 0 1
183 191 0 1
104 191 0 1
103 191 0 1
102 191 0 1
101 191 0 1
100 191 0 1
99 191 0 1
98 191 0 1
37 191 0 0
36 191 0 0
35 191 0 0
34 191 0 0
33 191 0 0
223 190 0 1
222 190 0 1
221 190 0 1
220 190 0 1
219 190 0 1
218 190 0 1
217 190 0 1
187 190 0 1
186 190 0 1
185 190 0 1
184 190 0 1
183 190 0 1
104 190 0 1
103 190 0 1
102 190 0 1
101 190 0 1
100 190 0 1
99 190 0 1
37 190 0 0
36 190 0 0
35 190 0 0
34 190 0 0
33 190 0 0
223 189 0 1
222 189 0 1
221 189 0 1
220 189 0 1
219 189 0 1
218 189 0 1
217 189 0 1
216 189 0 1
187 189 0 1
186 189 0 1
185 189 0 1
184 189 0 1
183 189 0 1
182 189 0 1
105 189 0 1
104 189 0 1
103 189 0 1
102 189 0 1
101 189 0 1
100 189 0 1
38 189 0 0
37 189 0 0
36 189 0 0
35 189 0 0
34 189 0 0
33 189 0 0
223 188 0 1
222 188 0 1
221 188 0 1
220 188 0 1
219 188 0 1
218 188 0 1
217 188 0 1
216 188 0 1
187 188 0 1
186 188 0 1
185 188 0 1
184 188 0 1
183 188 0 1
182 188 0 1
105 188 0 1
104 188 0 1
103 188 0 1
102 188 0 1
101 188 0 1
100 188 0 1
38 188 0 0
37 188 0 0
36 188 0 0
35 188 0 0
34 188 0 0
33 188 0 0
221 187 0 1
220 187 0 1
219 187 0 1
218 187 0 1
217 187 0 1
216 187 0 1
215 187 0 1
214 187 0 1
186 187 0 1
185 187 0 1
184 187 0 1
183 187 0 1
182 187 0 1
106 187 0 1
105 187 0 1
104 187 0 1
103 187 0 1
102 187 0 1
101 187 0 1
38 187 0 0
37 187 0 0
36 187 0 0
35 187 0 0
34 187 0 0
220 186 0 1
219 186 0 1
218 186 0 1
217 186 0 1
216 186 0 1
215 186 0 1
214 186 0 1
213 186 0 1
186 186 0 1
185 186 0 1
184 186 0 1
183 186 0 1
182 186 0 1
107 186 0 1
106 186 0 1
105 186 0 1
104 186 0 1
103 186 0 1
102 186 0 1
101 186 0 1
38 186 0 0
37 186 0 0
36 186 0 0
35 186 0 0
34 186 0 0
219 185 0 1
218 185 0 1
217 185 0 1
216 185 0 1
215 185 0 1
214 185 0 1
213 185 0 1
212 185 0 1
186 185 0 1
185 185 0 1
184 185 0 1
183 185 0 1
182 185 0 1
107 185 0 1
106 185 0 1
105 185 0 1
104 185 0 1
103 185 0 1
102 185 0 1
39 185 0 0
38 185 0 0
37 185 0 0
36 185 0 0
35 185 0 0
34 185 0 0
218 184 0 1
217 184 0 1
216 184 0 1
215 184 0 1
214 184 0 1
213 184 0 1
212 184 0 1
211 184 0 1
186 184 0 1
185 184 0 1
184 184 0 1
183 184 0 1
182 184 0 1
181 184 0 1
108 184 0 1
107 184 0 1
106 184 0 1
105 184 0 1
104 184 0 1
103 184 0 1
39 184 0 0
38 184 0 0
37 184 0 0
36 184 0 0
35 184 0 0
34 184 0 0
216 183 0 1
215 183 0 1
214 183 0 1
213 183 0 1
212 183 0 1
211 183 0 1
210 183 0 1
185 183 0 1
184 183 0 1
183 183 0 1
182 183 0 1
181 183 0 1
109 183 0 1
108 183 0 1
107 183 0 1
106 183 0 1
105 183 0 1
104 183 0 1
103 183 0 1
39 183 0 0
38 183 0 0
37 183 0 0
36 183 0 0
35 183 0 0
215 182 0 1
214 182 0 1
213 182 0 1
212 182 0 1
211 182 0 1
210 182 0 1
185 182 0 1
184 182 0 1
183 182 0 1
182 182 0 1
181 182 0 1
110 182 0 1
109 182 0 1
108 182 0 1
107 182 0 1
106 182 0 1
105 182 0 1
104 182 0 1
39 182 0 0
38 182 0 0
37 182 0 0
36 182 0 0
35 182 0 0
214 181 0 1
213 181 0 1
212 181 0 1
211 181 0 1
210 181 0 1
209 181 0 1
185 181 0 1
184 181 0 1
183 181 0 1
182 181 0 1
181 181 0 1
113 181 0 1
112 181 0 1
111 181 0 1
110 181 0 1
109 181 0 1
108 181 0 1
107 181 0 1
106 181 0 1
105 181 0 1
39 181 0 0
38 181 0 0
37 181 0 0
36 181 0 0
35 181 0 0
214 180 0 1
213 180 0 1
212 180 0 1
211 180 0 1
210 180 0 1
209 180 0 1
208 180 0 1
185 180 0 1
184 180 0 1
183 180 0 1
182 180 0 1
181 180 0 1
116 180 0 1
115 180 0 1
114 180 0 1
113 180 0 1
112 180 0 1
111 180 0 1
110 180 0 1
109 180 0 1
108 180 0 1
107 180 0 1
106 180 0 1
40 180 0 0
39 180 0 0
38 180 0 0
37 180 0 0
36 180 0 0
35 180 0 0
213 179 0 1
212 179 0 1
211 179 0 1
210 179 0 1
209 179 0 1
208 179 0 1
207 179 0 1
185 179 0 1
184 179 0 1
183 179 0 1
182 179 0 1
181 179 0 1
180 179 0 1
128 179 0 1
127 179 0 1
126 179 0 1
125 179 0 1
124 179 0 1
123 179 0 1
122 179 0 1
121 179 0 1
120 179 0 1
119 179 0 1
118 179 0 1
117 179 0 1
116 179 0 1
115 179 0 1
114 179 0 1
113 179 0 1
112 179 0 1
111 179 0 1
110 179 0 1
109 179 0 1
108 179 0 1
107 179 0 1
40 179 0 0
39 179 0 0
38 179 0 0
37 179 0 0
36 179 0 0
212 178 0 1
211 178 0 1
210 178 0 1
209 178 0 1
208 178 0 1
207 178 0 1
206 178 0 1
184 178 0 1
183 178 0 1
182 178 0 1
181 178 0 1
180 178 0 1
128 178 0 1
127 178 0 1
126 178 0 1
125 178 0 1
124 178 0 1
123 178 0 1
122 178 0 1
121 178 0 1
120 178 0 1
119 178 0 1
118 178 0 1
117 178 0 1
116 178 0 1
115 178 0 1
114 178 0 1
113 178 0 1
112 178 0 1
111 178 0 1
110 178 0 1
109 178 0 1
108 178 0 1
40 178 0 0
39 178 0 0
38 178 0 0
37 178 0 0
36 178 0 0
211 177 0 1
210 177 0 1
209 177 0 1
208 177 0 1
207 177 0 1
206 177 0 1
205 177 0 1
184 177 0 1
183 177 0 1
182 177 0 1
181 177 0 1
180 177 0 1
128 177 0 1
127 177 0 1
126 177 0 1
125 177 0 1
124 177 0 1
123 177 0 1
122 177 0 1
121 177 0 1
120 177 0 1
119 177 0 1
118 177 0 1
117 177 0 1
116 177 0 1
115 177 0 1
114 177 0 1
113 177 0 1
112 177 0 1
111 177 0 1
110 177 0 1
109 177 0 1
40 177 0 0
39 177 0 0
38 177 0 0
37 177 0 0
36 177 0 0
210 176 0 1
209 176 0 1
208 176 0 1
207 176 0 1
206 176 0 1
205 176 0 1
204 176 0 1
203 176 0 1
202 176 0 1
184 176 0 1
183 176 0 1
182 176 0 1
181 176 0 1
180 176 0 1
128 176 0 1
127 176 0 1
126 176 0 1
125 176 0 1
124 176 0 1
123 176 0 1
122 176 0 1
121 176 0 1
120 176 0 1
119 176 0 1
118 176 0 1
117 176 0 1
116 176 0 1
115 176 0 1
114 176 0 1
113 176 0 1
112 176 0 1
41 176 0 0
40 176 0 0
39 176 0 0
38 176 0 0
37 176 0 0
36 176 0 0
209 175 0 1
208 175 0 1
207 175 0 1
206 175 0 1
205 175 0 1
204 175 0 1
203 175 0 1
202 175 0 1
184 175 0 1
183 175 0 1
182 175 0 1
181 175 0 1
180 175 0 1
41 175 0 0
40 175 0 0
39 175 0 0
38 175 0 0
37 175 0 0
36 175 0 0
208 174 0 1
207 174 0 1
206 174 0 1
205 174 0 1
204 174 0 1
203 174 0 1
202 174 0 1
183 174 0 1
182 174 0 1
181 174 0 1
180 174 0 1
179 174 0 1
41 174 0 0
40 174 0 0
39 174 0 0
38 174 0 0
37 174 0 0
207 173 0 1
206 173 0 1
205 173 0 1
204 173 0 1
203 173 0 1
202 173 0 1
183 173 0 1
182 173 0 1
181 173 0 1
180 173 0 1
179 173 0 1
178 173 0 1
42 173 0 0
41 173 0 0
40 173 0 0
39 173 0 0
38 173 0 0
37 173 0 0
183 172 0 1
182 172 0 1
181 172 0 1
180 172 0 1
179 172 0 1
178 172 0 1
177 172 0 1
42 172 0 0
41 172 0 0
40 172 0 0
39 172 0 0
38 172 0 0
183 171 0 1
182 171 0 1
181 171 0 1
180 171 0 1
179 171 0 1
178 171 0 1
177 171 0 1
42 171 0 0
41 171 0 0
40 171 0 0
39 171 0 0
38 171 0 0
181 170 0 1
180 170 0 1
179 170 0 1
178 170 0 1
177 170 0 1
176 170 0 1
43 170 0 0
42 170 0 0
41 170 0 0
40 170 0 0
39 170 0 0
38 170 0 0
180 169 0 1
179 169 0 1
178 169 0 1
177 169 0 1
176 169 0 1
175 169 0 1
43 169 0 0
42 169 0 0
41 169 0 0
40 169 0 0
39 169 0 0
180 168 0 1
179 168 0 1
178 168 0 1
177 168 0 1
176 168 0 1
175 168 0 1
44 168 0 0
43 168 0 0
42 168 0 0
41 168 0 0
40 168 0 0
39 168 0 0
179 167 0 1
178 167 0 1
177 167 0 1
176 167 0 1
175 167 0 1
174 167 0 1
44 167 0 0
43 167 0 0
42 167 0 0
41 167 0 0
40 167 0 0
39 167 0 0
179 166 0 1
178 166 0 1
177 166 0 1
176 166 0 1
175 166 0 1
174 166 0 1
44 166 0 0
43 166 0 0
42 166 0 0
41 166 0 0
40 166 0 0
178 165 0 1
177 165 0 1
176 165 0 1
175 165 0 1
174 165 0 1
173 165 0 1
44 165 0 0
43 165 0 0
42 165 0 0
41 165 0 0
40 165 0 0
177 164 0 1
176 164 0 1
175 164 0 1
174 164 0 1
173 164 0 1
172 164 0 1
45 164 0 0
44 164 0 0
43 164 0 0
42 164 0 0
41 164 0 0
40 164 0 0
177 163 0 1
176 163 0 1
175 163 0 1
174 163 0 1
173 163 0 1
172 163 0 1
45 163 0 0
44 163 0 0
43 163 0 0
42 163 0 0
41 163 0 0
176 162 0 1
175 162 0 1
174 162 0 1
173 162 0 1
172 162 0 1
45 162 0 0
44 162 0 0
43 162 0 0
42 162 0 0
41 162 0 0
176 161 0 1
175 161 0 1
174 161 0 1
173 161 0 1
172 161 0 1
171 161 0 1
46 161 0 0
45 161 0 0
44 161 0 0
43 161 0 0
42 161 0 0
41 161 0 0
176 160 0 1
175 160 0 1
174 160 0 1
173 160 0 1
172 160 0 1
171 160 0 1
46 160 0 0
45 160 0 0
44 160 0 0
43 160 0 0
42 160 0 0
41 160 0 0
175 159 0 1
174 159 0 1
173 159 0 1
172 159 0 1
171 159 0 1
47 159 0 0
46 159 0 0
45 159 0 0
44 159 0 0
43 159 0 0
42 159 0 0
175 158 0 1
174 158 0 1
173 158 0 1
172 158 0 1
171 158 0 1
48 158 0 0
47 158 0 0
46 158 0 0
45 158 0 0
44 158 0 0
43 158 0 0
42 158 0 0
175 157 0 1
174 157 0 1
173 157 0 1
172 157 0 1
171 157 0 1
170 157 0 1
48 157 0 0
47 157 0 0
46 157 0 0
45 157 0 0
44 157 0 0
43 157 0 0
175 156 0 1
174 156 0 1
173 156 0 1
172 156 0 1
171 156 0 1
170 156 0 1
48 156 0 0
47 156 0 0
46 156 0 0
45 156 0 0
44 156 0 0
43 156 0 0
174 155 0 1
173 155 0 1
172 155 0 1
171 155 0 1
170 155 0 1
169 155 0 1
48 155 0 0
47 155 0 0
46 155 0 0
45 155 0 0
44 155 0 0
174 154 0 1
173 154 0 1
172 154 0 1
171 154 0 1
170 154 0 1
169 154 0 1
48 154 0 0
47 154 0 0
46 154 0 0
45 154 0 0
173 153 0 1
172 153 0 1
171 153 0 1
170 153 0 1
169 153 0 1
168 153 0 1
173 152 0 1
172 152 0 1
171 152 0 1
170 152 0 1
169 152 0 1
168 152 0 1
172 151 0 1
171 151 0 1
170 151 0 1
169 151 0 1
168 151 0 1
172 150 0 1
171 150 0 1
170 150 0 1
169 150 0 1
168 150 0 1
167 150 0 1
172 149 0 1
171 149 0 1
170 149 0 1
169 149 0 1
168 149 0 1
167 149 0 1
172 148 0 1
171 148 0 1
170 148 0 1
169 148 0 1
168 148 0 1
167 148 0 1
166 148 0 1
171 147 0 1
170 147 0 1
169 147 0 1
168 147 0 1
167 147 0 1
166 147 0 1
170 146 0 1
169 146 0 1
168 146 0 1
167 146 0 1
166 146 0 1
165 146 0 1
170 145 0 1
169 145 0 1
168 145 0 1
167 145 0 1
166 145 0 1
165 145 0 1
169 144 0 1
168 144 0 1
167 144 0 1
166 144 0 1
165 144 0 1
169 143 0 1
168 143 0 1
167 143 0 1
166 143 0 1
165 143 0 1
169 142 0 1
168 142 0 1
167 142 0 1
166 142 0 1
165 142 0 1
169 141 0 1
168 141 0 1
167 141 0 1
166 141 0 1
165 141 0 1
164 141 0 1
169 140 0 1
168 140 0 1
167 140 0 1
166 140 0 1
165 140 0 1
164 140 0 1
168 139 0 1
167 139 0 1
166 139 0 1
165 139 0 1
164 139 0 1
168 138 0 1
167 138 0 1
166 138 0 1
165 138 0 1
164 138 0 1
168 137 0 1
167 137 0 1
166 137 0 1
165 137 0 1
164 137 0 1
163 137 0 1
168 136 0 1
167 136 0 1
166 136 0 1
165 136 0 1
164 136 0 1
163 136 0 1
167 135 0 1
166 135 0 1
165 135 0 1
164 135 0 1
163 135 0 1
167 134 0 1
166 134 0 1
165 134 0 1
164 134 0 1
163 134 0 1
167 133 0 1
166 133 0 1
165 133 0 1
164 133 0 1
163 133 0 1
162 133 0 1
252 132 0 0
251 132 0 0
250 132 0 0
249 132 0 0
248 132 0 0
167 132 0 1
166 132 0 1
165 132 0 1
164 132 0 1
163 132 0 1
162 132 0 1
252 131 0 0
251 131 0 0
250 131 0 0
249 131 0 0
248 131 0 0
247 131 0 0
166 131 0 1
165 131 0 1
164 131 0 1
163 131 0 1
162 131 0 1
252 130 0 0
251 130 0 0
250 130 0 0
249 130 0 0
248 130 0 0
247 130 0 0
246 130 0 0
166 130 0 1
165 130 0 1
164 130 0 1
163 130 0 1
162 130 0 1
161 130 0 1
252 129 0 0
251 129 0 0
250 129 0 0
249 129 0 0
248 129 0 0
247 129 0 0
246 129 0 0
165 129 0 1
164 129 0 1
163 129 0 1
162 129 0 1
161 129 0 1
250 128 0 0
249 128 0 0
248 128 0 0
247 128 0 0
246 128 0 0
245 128 0 0
165 128 0 1
164 128 0 1
163 128 0 1
162 128 0 1
161 128 0 1
250 127 0 0
249 127 0 0
248 127 0 0
247 127 0 0
246 127 0 0
245 127 0 0
244 127 0 0
165 127 0 1
164 127 0 1
163 127 0 1
162 127 0 1
161 127 0 1
160 127 0 1
249 126 0 0
248 126 0 0
247 126 0 0
246 126 0 0
245 126 0 0
244 126 0 0
164 126 0 1
163 126 0 1
162 126 0 1
161 126 0 1
160 126 0 1
248 125 0 0
247 125 0 0
246 125 0 0
245 125 0 0
244 125 0 0
243 125 0 0
164 125 0 1
163 125 0 1
162 125 0 1
161 125 0 1
160 125 0 1
248 124 0 0
247 124 0 0
246 124 0 0
245 124 0 0
244 124 0 0
243 124 0 0
242 124 0 0
241 124 0 0
164 124 0 1
163 124 0 1
162 124 0 1
161 124 0 1
160 124 0 1
247 123 0 0
246 123 0 0
245 123 0 0
244 123 0 0
243 123 0 0
242 123 0 0
241 123 0 0
240 123 0 0
164 123 0 1
163 123 0 1
162 123 0 1
161 123 0 1
160 123 0 1
246 122 0 0
245 122 0 0
244 122 0 0
243 122 0 0
242 122 0 0
241 122 0 0
240 122 0 0
239 122 0 0
164 122 0 1
163 122 0 1
162 122 0 1
161 122 0 1
160 122 0 1
245 121 0 0
244 121 0 0
243 121 0 0
242 121 0 0
241 121 0 0
240 121 0 0
239 121 0 0
238 121 0 0
237 121 0 0
164 121 0 1
163 121 0 1
162 121 0 1
161 121 0 1
160 121 0 1
244 120 0 0
243 120 0 0
242 120 0 0
241 120 0 0
240 120 0 0
239 120 0 0
238 120 0 0
237 120 0 0
236 120 0 0
164 120 0 1
163 120 0 1
162 120 0 1
161 120 0 1
160 120 0 1
243 119 0 0
242 119 0 0
241 119 0 0
240 119 0 0
239 119 0 0
238 119 0 0
237 119 0 0
236 119 0 0
235 119 0 0
164 119 0 1
163 119 0 1
162 119 0 1
161 119 0 1
160 119 0 1
241 118 0 0
240 118 0 0
239 118 0 0
238 118 0 0
237 118 0 0
236 118 0 0
235 118 0 0
234 118 0 0
164 118 0 1
163 118 0 1
162 118 0 1
161 118 0 1
160 118 0 1
240 117 0 0
239 117 0 0
238 117 0 0
237 117 0 0
236 117 0 0
235 117 0 0
234 117 0 0
233 117 0 0
164 117 0 1
163 117 0 1
162 117 0 1
161 117 0 1
160 117 0 1
239 116 0 0
238 116 0 0
237 116 0 0
236 116 0 0
235 116 0 0
234 116 0 0
233 116 0 0
232 116 0 0
164 116 0 1
163 116 0 1
162 116 0 1
161 116 0 1
160 116 0 1
237 115 0 0
236 115 0 0
235 115 0 0
234 115 0 0
233 115 0 0
232 115 0 0
231 115 0 0
163 115 0 1
162 115 0 1
161 115 0 1
160 115 0 1
236 114 0 0
235 114 0 0
234 114 0 0
233 114 0 0
232 114 0 0
231 114 0 0
230 114 0 0
163 114 0 1
162 114 0 1
161 114 0 1
160 114 0 1
235 113 0 0
234 113 0 0
233 113 0 0
232 113 0 0
231 113 0 0
230 113 0 0
163 113 0 1
162 113 0 1
161 113 0 1
160 113 0 1
235 112 0 0
234 112 0 0
233 112 0 0
232 112 0 0
231 112 0 0
230 112 0 0
229 112 0 0
163 112 0 1
162 112 0 1
161 112 0 1
160 112 0 1
234 111 0 0
233 111 0 0
232 111 0 0
231 111 0 0
230 111 0 0
229 111 0 0
228 111 0 0
163 111 0 1
162 111 0 1
161 111 0 1
160 111 0 1
233 110 0 0
232 110 0 0
231 110 0 0
230 110 0 0
229 110 0 0
228 110 0 0
227 110 0 0
163 110 0 1
162 110 0 1
161 110 0 1
160 110 0 1
232 109 0 0
231 109 0 0
230 109 0 0
229 109 0 0
228 109 0 0
227 109 0 0
226 109 0 0
163 109 0 1
162 109 0 1
161 109 0 1
160 109 0 1
231 108 0 0
230 108 0 0
229 108 0 0
228 108 0 0
227 108 0 0
226 108 0 0
225 108 0 0
163 108 0 1
162 108 0 1
161 108 0 1
160 108 0 1
230 107 0 0
229 107 0 0
228 107 0 0
227 107 0 0
226 107 0 0
225 107 0 0
224 107 0 0
163 107 0 1
162 107 0 1
161 107 0 1
160 107 0 1
230 106 0 0
229 106 0 0
228 106 0 0
227 106 0 0
226 106 0 0
225 106 0 0
224 106 0 0
163 106 0 1
162 106 0 1
161 106 0 1
160 106 0 1
229 105 0 0
228 105 0 0
227 105 0 0
226 105 0 0
225 105 0 0
224 105 0 0
223 105 0 0
163 105 0 1
162 105 0 1
161 105 0 1
160 105 0 1
228 104 0 0
227 104 0 0
226 104 0 0
225 104 0 0
224 104 0 0
223 104 0 0
222 104 0 0
163 104 0 1
162 104 0 1
161 104 0 1
160 104 0 1
227 103 0 0
226 103 0 0
225 103 0 0
224 103 0 0
223 103 0 0
222 103 0 0
221 103 0 0
183 103 0 1
182 103 0 1
181 103 0 1
180 103 0 1
179 103 0 1
163 103 0 1
162 103 0 1
161 103 0 1
160 103 0 1
226 102 0 0
225 102 0 0
224 102 0 0
223 102 0 0
222 102 0 0
221 102 0 0
220 102 0 0
183 102 0 1
182 102 0 1
181 102 0 1
180 102 0 1
179 102 0 1
178 102 0 1
163 102 0 1
162 102 0 1
161 102 0 1
160 102 0 1
225 101 0 0
224 101 0 0
223 101 0 0
222 101 0 0
221 101 0 0
220 101 0 0
219 101 0 0
183 101 0 1
182 101 0 1
181 101 0 1
180 101 0 1
179 101 0 1
178 101 0 1
177 101 0 1
163 101 0 1
162 101 0 1
161 101 0 1
160 101 0 1
224 100 0 0
223 100 0 0
222 100 0 0
221 100 0 0
220 100 0 0
219 100 0 0
183 100 0 1
182 100 0 1
181 100 0 1
180 100 0 1
179 100 0 1
178 100 0 1
177 100 0 1
176 100 0 1
163 100 0 1
162 100 0 1
161 100 0 1
160 100 0 1
224 99 0 0
223 99 0 0
222 99 0 0
221 99 0 0
220 99 0 0
219 99 0 0
218 99 0 0
181 99 0 1
180 99 0 1
179 99 0 1
178 99 0 1
177 99 0 1
176 99 0 1
175 99 0 1
163 99 0 1
162 99 0 1
161 99 0 1
160 99 0 1
223 98 0 0
222 98 0 0
221 98 0 0
220 98 0 0
219 98 0 0
218 98 0 0
217 98 0 0
180 98 0 1
179 98 0 1
178 98 0 1
177 98 0 1
176 98 0 1
175 98 0 1
174 98 0 1
163 98 0 1
162 98 0 1
161 98 0 1
160 98 0 1
222 97 0 0
221 97 0 0
220 97 0 0
219 97 0 0
218 97 0 0
217 97 0 0
216 97 0 0
180 97 0 1
179 97 0 1
178 97 0 1
177 97 0 1
176 97 0 1
175 97 0 1
174 97 0 1
173 97 0 1
172 97 0 1
163 97 0 1
162 97 0 1
161 97 0 1
160 97 0 1
221 96 0 0
220 96 0 0
219 96 0 0
218 96 0 0
217 96 0 0
216 96 0 0
215 96 0 0
179 96 0 1
178 96 0 1
177 96 0 1
176 96 0 1
175 96 0 1
174 96 0 1
173 96 0 1
172 96 0 1
171 96 0 1
163 96 0 1
162 96 0 1
161 96 0 1
160 96 0 1
220 95 0 0
219 95 0 0
218 95 0 0
217 95 0 0
216 95 0 0
215 95 0 0
214 95 0 0
177 95 0 1
176 95 0 1
175 95 0 1
174 95 0 1
173 95 0 1
172 95 0 1
171 95 0 1
170 95 0 1
169 95 0 1
163 95 0 1
162 95 0 1
161 95 0 1
160 95 0 1
219 94 0 0
218 94 0 0
217 94 0 0
216 94 0 0
215 94 0 0
214 94 0 0
213 94 0 0
176 94 0 1
175 94 0 1
174 94 0 1
173 94 0 1
172 94 0 1
171 94 0 1
170 94 0 1
169 94 0 1
168 94 0 1
167 94 0 1
163 94 0 1
162 94 0 1
161 94 0 1
160 94 0 1
218 93 0 0
217 93 0 0
216 93 0 0
215 93 0 0
214 93 0 0
213 93 0 0
212 93 0 0
175 93 0 1
174 93 0 1
173 93 0 1
172 93 0 1
171 93 0 1
170 93 0 1
169 93 0 1
168 93 0 1
167 93 0 1
166 93 0 1
163 93 0 1
162 93 0 1
161 93 0 1
160 93 0 1
218 92 0 0
217 92 0 0
216 92 0 0
215 92 0 0
214 92 0 0
213 92 0 0
212 92 0 0
211 92 0 0
173 92 0 1
172 92 0 1
171 92 0 1
170 92 0 1
169 92 0 1
168 92 0 1
167 92 0 1
166 92 0 1
165 92 0 1
163 92 0 1
162 92 0 1
161 92 0 1
160 92 0 1
217 91 0 0
216 91 0 0
215 91 0 0
214 91 0 0
213 91 0 0
212 91 0 0
211 91 0 0
172 91 0 1
171 91 0 1
170 91 0 1
169 91 0 1
168 91 0 1
167 91 0 1
166 91 0 1
165 91 0 1
164 91 0 1
163 91 0 1
162 91 0 1
161 91 0 1
160 91 0 1
216 90 0 0
215 90 0 0
214 90 0 0
213 90 0 0
212 90 0 0
211 90 0 0
210 90 0 0
170 90 0 1
169 90 0 1
168 90 0 1
167 90 0 1
166 90 0 1
165 90 0 1
164 90 0 1
163 90 0 1
162 90 0 1
161 90 0 1
160 90 0 1
159 90 0 1
215 89 0 0
214 89 0 0
213 89 0 0
212 89 0 0
211 89 0 0
210 89 0 0
209 89 0 0
168 89 0 1
167 89 0 1
166 89 0 1
165 89 0 1
164 89 0 1
163 89 0 1
162 89 0 1
161 89 0 1
160 89 0 1
159 89 0 1
214 88 0 0
213 88 0 0
212 88 0 0
211 88 0 0
210 88 0 0
209 88 0 0
208 88 0 0
167 88 0 1
166 88 0 1
165 88 0 1
164 88 0 1
163 88 0 1
162 88 0 1
161 88 0 1
160 88 0 1
159 88 0 1
213 87 0 0
212 87 0 0
211 87 0 0
210 87 0 0
209 87 0 0
208 87 0 0
207 87 0 0
164 87 0 1
163 87 0 1
162 87 0 1
161 87 0 1
160 87 0 1
159 87 0 1
212 86 0 0
211 86 0 0
210 86 0 0
209 86 0 0
208 86 0 0
207 86 0 0
206 86 0 0
211 85 0 0
210 85 0 0
209 85 0 0
208 85 0 0
207 85 0 0
206 85 0 0
205 85 0 0
210 84 0 0
209 84 0 0
208 84 0 0
207 84 0 0
206 84 0 0
205 84 0 0
204 84 0 0
209 83 0 0
208 83 0 0
207 83 0 0
206 83 0 0
205 83 0 0
204 83 0 0
203 83 0 0
209 82 0 0
208 82 0 0
207 82 0 0
206 82 0 0
205 82 0 0
204 82 0 0
203 82 0 0
202 82 0 0
208 81 0 0
207 81 0 0
206 81 0 0
205 81 0 0
204 81 0 0
203 81 0 0
202 81 0 0
207 80 0 0
206 80 0 0
205 80 0 0
204 80 0 0
203 80 0 0
202 80 0 0
201 80 0 0
206 79 0 0
205 79 0 0
204 79 0 0
203 79 0 0
202 79 0 0
201 79 0 0
200 79 0 0
205 78 0 0
204 78 0 0
203 78 0 0
202 78 0 0
201 78 0 0
200 78 0 0
199 78 0 0
204 77 0 0
203 77 0 0
202 77 0 0
201 77 0 0
200 77 0 0
199 77 0 0
198 77 0 0
203 76 0 0
202 76 0 0
201 76 0 0
200 76 0 0
199 76 0 0
198 76 0 0
197 76 0 0
196 76 0 0
202 75 0 0
201 75 0 0
200 75 0 0
199 75 0 0
198 75 0 0
197 75 0 0
196 75 0 0
195 75 0 0
201 74 0 0
200 74 0 0
199 74 0 0
198 74 0 0
197 74 0 0
196 74 0 0
195 74 0 0
194 74 0 0
200 73 0 0
199 73 0 0
198 73 0 0
197 73 0 0
196 73 0 0
195 73 0 0
194 73 0 0
193 73 0 0
199 72 0 0
198 72 0 0
197 72 0 0
196 72 0 0
195 72 0 0
194 72 0 0
193 72 0 0
192 72 0 0
198 71 0 0
197 71 0 0
196 71 0 0
195 71 0 0
194 71 0 0
193 71 0 0
192 71 0 0
191 71 0 0
197 70 0 0
196 70 0 0
195 70 0 0
194 70 0 0
193 70 0 0
192 70 0 0
191 70 0 0
190 70 0 0
189 70 0 0
195 69 0 0
194 69 0 0
193 69 0 0
192 69 0 0
191 69 0 0
190 69 0 0
189 69 0 0
188 69 0 0
194 68 0 0
193 68 0 0
192 68 0 0
191 68 0 0
190 68 0 0
189 68 0 0
188 68 0 0
187 68 0 0
193 67 0 0
192 67 0 0
191 67 0 0
190 67 0 0
189 67 0 0
188 67 0 0
187 67 0 0
186 67 0 0
185 67 0 0
192 66 0 0
191 66 0 0
190 66 0 0
189 66 0 0
188 66 0 0
187 66 0 0
186 66 0 0
185 66 0 0
184 66 0 0
190 65 0 0
189 65 0 0
188 65 0 0
187 65 0 0
186 65 0 0
185 65 0 0
184 65 0 0
183 65 0 0
182 65 0 0
189 64 0 0
188 64 0 0
187 64 0 0
186 64 0 0
185 64 0 0
184 64 0 0
183 64 0 0
182 64 0 0
181 64 0 0
180 64 0 0
188 63 0 0
187 63 0 0
186 63 0 0
185 63 0 0
184 63 0 0
183 63 0 0
182 63 0 0
181 63 0 0
180 63 0 0
179 63 0 0
186 62 0 0
185 62 0 0
184 62 0 0
183 62 0 0
182 62 0 0
181 62 0 0
180 62 0 0
179 62 0 0
178 62 0 0
185 61 0 0
184 61 0 0
183 61 0 0
182 61 0 0
181 61 0 0
180 61 0 0
179 61 0 0
178 61 0 0
177 61 0 0
183 60 0 0
182 60 0 0
181 60 0 0
180 60 0 0
179 60 0 0
178 60 0 0
177 60 0 0
176 60 0 0
181 59 0 0
180 59 0 0
179 59 0 0
178 59 0 0
177 59 0 0
176 59 0 0
175 59 0 0
180 58 0 0
179 58 0 0
178 58 0 0
177 58 0 0
176 58 0 0
175 58 0 0
174 58 0 0
173 58 0 0
179 57 0 0
178 57 0 0
177 57 0 0
176 57 0 0
175 57 0 0
174 57 0 0
173 57 0 0
172 57 0 0
178 56 0 0
177 56 0 0
176 56 0 0
175 56 0 0
174 56 0 0
173 56 0 0
172 56 0 0
171 56 0 0
170 56 0 0
177 55 0 0
176 55 0 0
175 55 0 0
174 55 0 0
173 55 0 0
172 55 0 0
171 55 0 0
170 55 0 0
169 55 0 0
168 55 0 0
176 54 0 0
175 54 0 0
174 54 0 0
173 54 0 0
172 54 0 0
171 54 0 0
170 54 0 0
169 54 0 0
168 54 0 0
167 54 0 0
166 54 0 0
165 54 0 0
174 53 0 0
173 53 0 0
172 53 0 0
171 53 0 0
170 53 0 0
169 53 0 0
168 53 0 0
167 53 0 0
166 53 0 0
165 53 0 0
164 53 0 0
163 53 0 0
173 52 0 0
172 52 0 0
171 52 0 0
170 52 0 0
169 52 0 0
168 52 0 0
167 52 0 0
166 52 0 0
165 52 0 0
164 52 0 0
163 52 0 0
162 52 0 0
161 52 0 0
160 52 0 0
171 51 0 0
170 51 0 0
169 51 0 0
168 51 0 0
167 51 0 0
166 51 0 0
165 51 0 0
164 51 0 0
163 51 0 0
162 51 0 0
161 51 0 0
160 51 0 0
159 51 0 0
168 50 0 0
167 50 0 0
166 50 0 0
165 50 0 0
164 50 0 0
163 50 0 0
162 50 0 0
161 50 0 0
160 50 0 0
159 50 0 0
158 50 0 0
157 50 0 0
166 49 0 0
165 49 0 0
164 49 0 0
163 49 0 0
162 49 0 0
161 49 0 0
160 49 0 0
159 49 0 0
158 49 0 0
157 49 0 0
156 49 0 0
155 49 0 0
154 49 0 0
163 48 0 0
162 48 0 0
161 48 0 0
160 48 0 0
159 48 0 0
158 48 0 0
157 48 0 0
156 48 0 0
155 48 0 0
154 48 0 0
153 48 0 0
152 48 0 0
161 47 0 0
160 47 0 0
159 47 0 0
158 47 0 0
157 47 0 0
156 47 0 0
155 47 0 0
154 47 0 0
153 47 0 0
152 47 0 0
151 47 0 0
150 47 0 0
149 47 0 0
159 46 0 0
158 46 0 0
157 46 0 0
156 46 0 0
155 46 0 0
154 46 0 0
153 46 0 0
152 46 0 0
151 46 0 0
150 46 0 0
149 46 0 0
148 46 0 0
147 46 0 0
146 46 0 0
157 45 0 0
156 45 0 0
155 45 0 0
154 45 0 0
153 45 0 0
152 45 0 0
151 45 0 0
150 45 0 0
149 45 0 0
148 45 0 0
147 45 0 0
146 45 0 0
145 45 0 0
144 45 0 0
143 45 0 0
155 44 0 0
154 44 0 0
153 44 0 0
152 44 0 0
151 44 0 0
150 44 0 0
149 44 0 0
148 44 0 0
147 44 0 0
146 44 0 0
145 44 0 0
144 44 0 0
143 44 0 0
142 44 0 0
141 44 0 0
140 44 0 0
139 44 0 0
138 44 0 0
153 43 0 0
152 43 0 0
151 43 0 0
150 43 0 0
149 43 0 0
148 43 0 0
147 43 0 0
146 43 0 0
145 43 0 0
144 43 0 0
143 43 0 0
142 43 0 0
141 43 0 0
140 43 0 0
139 43 0 0
138 43 0 0
137 43 0 0
136 43 0 0
135 43 0 0
134 43 0 0
133 43 0 0
132 43 0 0
131 43 0 0
150 42 0 0
149 42 0 0
148 42 0 0
147 42 0 0
146 42 0 0
145 42 0 0
144 42 0 0
143 42 0 0
142 42 0 0
141 42 0 0
140 42 0 0
139 42 0 0
138 42 0 0
137 42 0 0
136 42 0 0
135 42 0 0
134 42 0 0
133 42 0 0
132 42 0 0
131 42 0 0
130 42 0 0
129 42 0 0
128 42 0 0
147 41 0 0
146 41 0 0
145 41 0 0
144 41 0 0
143 41 0 0
142 41 0 0
141 41 0 0
140 41 0 0
139 41 0 0
138 41 0 0
137 41 0 0
136 41 0 0
135 41 0 0
134 41 0 0
133 41 0 0
132 41 0 0
131 41 0 0
130 41 0 0
129 41 0 0
128 41 0 0
127 41 0 0
126 41 0 0
143 40 0 0
142 40 0 0
141 40 0 0
140 40 0 0
139 40 0 0
138 40 0 0
137 40 0 0
136 40 0 0
135 40 0 0
134 40 0 0
133 40 0 0
132 40 0 0
131 40 0 0
130 40 0 0
129 40 0 0
128 40 0 0
127 40 0 0
126 40 0 0
137 39 0 0
136 39 0 0
135 39 0 0
134 39 0 0
133 39 0 0
132 39 0 0
131 39 0 0
130 39 0 0
129 39 0 0
128 39 0 0
127 39 0 0
126 39 0 0
131 38 0 0
130 38 0 0
129 38 0 0
128 38 0 0
127 38 0 0
126 38 0 0
129 37 0 0
128 37 0 0
127 37 0 0
126 37 0 0
