5073 450 600
200 512 0 0
199 512 0 0
198 512 0 0
197 512 0 0
196 512 0 0
195 512 0 0
194 512 0 0
193 512 0 0
192 512 0 0
191 512 0 0
190 512 0 0
189 512 0 0
188 512 0 0
187 512 0 0
186 512 0 0
185 512 0 0
184 512 0 0
183 512 0 0
182 512 0 0
181 512 0 0
180 512 0 0
179 512 0 0
178 512 0 0
200 511 0 0
199 511 0 0
198 511 0 0
197 511 0 0
196 511 0 0
195 511 0 0
194 511 0 0
193 511 0 0
192 511 0 0
191 511 0 0
190 511 0 0
189 511 0 0
188 511 0 0
187 511 0 0
186 511 0 0
185 511 0 0
184 511 0 0
183 511 0 0
182 511 0 0
181 511 0 0
180 511 0 0
179 511 0 0
178 511 0 0
177 511 0 0
176 511 0 0
175 511 0 0
174 511 0 0
200 510 0 0
199 510 0 0
198 510 0 0
197 510 0 0
196 510 0 0
195 510 0 0
194 510 0 0
193 510 0 0
192 510 0 0
191 510 0 0
190 510 0 0
189 510 0 0
188 510 0 0
187 510 0 0
186 510 0 0
185 510 0 0
184 510 0 0
183 510 0 0
182 510 0 0
181 510 0 0
180 510 0 0
179 510 0 0
178 510 0 0
177 510 0 0
176 510 0 0
175 510 0 0
174 510 0 0
173 510 0 0
172 510 0 0
171 510 0 0
170 510 0 0
200 509 0 0
199 509 0 0
198 509 0 0
197 509 0 0
196 509 0 0
195 509 0 0
194 509 0 0
193 509 0 0
192 509 0 0
191 509 0 0
190 509 0 0
189 509 0 0
188 509 0 0
187 509 0 0
186 509 0 0
185 509 0 0
184 509 0 0
183 509 0 0
182 509 0 0
181 509 0 0
180 509 0 0
179 509 0 0
178 509 0 0
177 509 0 0
176 509 0 0
175 509 0 0
174 509 0 0
173 509 0 0
172 509 0 0
171 509 0 0
170 509 0 0
169 509 0 0
168 509 0 0
167 509 0 0
166 509 0 0
165 509 0 0
164 509 0 0
163 509 0 0
162 509 0 0
161 509 0 0
160 509 0 0
159 509 0 0
158 509 0 0
157 509 0 0
156 509 0 0
155 509 0 0
182 508 0 0
181 508 0 0
180 508 0 0
179 508 0 0
178 508 0 0
177 508 0 0
176 508 0 0
175 508 0 0
174 508 0 0
173 508 0 0
172 508 0 0
171 508 0 0
170 508 0 0
169 508 0 0
168 508 0 0
167 508 0 0
166 508 0 0
165 508 0 0
164 508 0 0
163 508 0 0
162 508 0 0
161 508 0 0
160 508 0 0
159 508 0 0
158 508 0 0
157 508 0 0
156 508 0 0
155 508 0 0
154 508 0 0
153 508 0 0
179 507 0 0
178 507 0 0
177 507 0 0
176 507 0 0
175 507 0 0
174 507 0 0
173 507 0 0
172 507 0 0
171 507 0 0
170 507 0 0
169 507 0 0
168 507 0 0
167 507 0 0
166 507 0 0
165 507 0 0
164 507 0 0
163 507 0 0
162 507 0 0
161 507 0 0
160 507 0 0
159 507 0 0
158 507 0 0
157 507 0 0
156 507 0 0
155 507 0 0
154 507 0 0
153 507 0 0
152 507 0 0
173 506 0 0
172 506 0 0
171 506 0 0
170 506 0 0
169 506 0 0
168 506 0 0
167 506 0 0
166 506 0 0
165 506 0 0
164 506 0 0
163 506 0 0
162 506 0 0
161 506 0 0
160 506 0 0
159 506 0 0
158 506 0 0
157 506 0 0
156 506 0 0
155 506 0 0
154 506 0 0
153 506 0 0
152 506 0 0
151 506 0 0
157 505 0 0
156 505 0 0
155 505 0 0
154 505 0 0
153 505 0 0
152 505 0 0
151 505 0 0
150 505 0 0
156 504 0 0
155 504 0 0
154 504 0 0
153 504 0 0
152 504 0 0
151 504 0 0
150 504 0 0
266 503 0 0
265 503 0 0
264 503 0 0
263 503 0 0
154 503 0 0
153 503 0 0
152 503 0 0
151 503 0 0
150 503 0 0
266 502 0 0
265 502 0 0
264 502 0 0
263 502 0 0
154 502 0 0
153 502 0 0
152 502 0 0
151 502 0 0
150 502 0 0
266 501 0 0
265 501 0 0
264 501 0 0
263 501 0 0
153 501 0 0
152 501 0 0
151 501 0 0
150 501 0 0
266 500 0 0
265 500 0 0
264 500 0 0
263 500 0 0
248 500 0 1
247 500 0 1
246 500 0 1
245 500 0 1
153 500 0 0
152 500 0 0
151 500 0 0
150 500 0 0
149 500 0 0
266 499 0 0
265 499 0 0
264 499 0 0
263 499 0 0
248 499 0 1
247 499 0 1
246 499 0 1
245 499 0 1
153 499 0 0
152 499 0 0
151 499 0 0
150 499 0 0
149 499 0 0
266 498 0 0
265 498 0 0
264 498 0 0
263 498 0 0
248 498 0 1
247 498 0 1
246 498 0 1
245 498 0 1
153 498 0 0
152 498 0 0
151 498 0 0
150 498 0 0
149 498 0 0
266 497 0 0
265 497 0 0
264 497 0 0
263 497 0 0
248 497 0 1
247 497 0 1
246 497 0 1
245 497 0 1
153 497 0 0
152 497 0 0
151 497 0 0
150 497 0 0
149 497 0 0
266 496 0 0
265 496 0 0
264 496 0 0
263 496 0 0
248 496 0 1
247 496 0 1
246 496 0 1
245 496 0 1
153 496 0 0
152 496 0 0
151 496 0 0
150 496 0 0
149 496 0 0
266 495 0 0
265 495 0 0
264 495 0 0
263 495 0 0
248 495 0 1
247 495 0 1
246 495 0 1
245 495 0 1
152 495 0 0
151 495 0 0
150 495 0 0
149 495 0 0
266 494 0 0
265 494 0 0
264 494 0 0
263 494 0 0
248 494 0 1
247 494 0 1
246 494 0 1
245 494 0 1
152 494 0 0
151 494 0 0
150 494 0 0
149 494 0 0
266 493 0 0
265 493 0 0
264 493 0 0
263 493 0 0
248 493 0 1
247 493 0 1
246 493 0 1
245 493 0 1
152 493 0 0
151 493 0 0
150 493 0 0
149 493 0 0
266 492 0 0
265 492 0 0
264 492 0 0
263 492 0 0
248 492 0 1
247 492 0 1
246 492 0 1
245 492 0 1
152 492 0 0
151 492 0 0
150 492 0 0
149 492 0 0
266 491 0 0
265 491 0 0
264 491 0 0
263 491 0 0
248 491 0 1
247 491 0 1
246 491 0 1
245 491 0 1
152 491 0 0
151 491 0 0
150 491 0 0
149 491 0 0
268 490 0 0
267 490 0 0
266 490 0 0
265 490 0 0
264 490 0 0
263 490 0 0
248 490 0 1
247 490 0 1
246 490 0 1
245 490 0 1
152 490 0 0
151 490 0 0
150 490 0 0
149 490 0 0
269 489 0 0
268 489 0 0
267 489 0 0
266 489 0 0
265 489 0 0
264 489 0 0
263 489 0 0
248 489 0 1
247 489 0 1
246 489 0 1
245 489 0 1
152 489 0 0
151 489 0 0
150 489 0 0
149 489 0 0
269 488 0 0
268 488 0 0
267 488 0 0
266 488 0 0
265 488 0 0
264 488 0 0
263 488 0 0
248 488 0 1
247 488 0 1
246 488 0 1
245 488 0 1
152 488 0 0
151 488 0 0
150 488 0 0
149 488 0 0
269 487 0 0
268 487 0 0
267 487 0 0
266 487 0 0
265 487 0 0
264 487 0 0
248 487 0 1
247 487 0 1
246 487 0 1
245 487 0 1
152 487 0 0
151 487 0 0
150 487 0 0
149 487 0 0
270 486 0 0
269 486 0 0
268 486 0 0
267 486 0 0
266 486 0 0
248 486 0 1
247 486 0 1
246 486 0 1
245 486 0 1
152 486 0 0
151 486 0 0
150 486 0 0
149 486 0 0
270 485 0 0
269 485 0 0
268 485 0 0
267 485 0 0
266 485 0 0
248 485 0 1
247 485 0 1
246 485 0 1
245 485 0 1
152 485 0 0
151 485 0 0
150 485 0 0
149 485 0 0
270 484 0 0
269 484 0 0
268 484 0 0
267 484 0 0
266 484 0 0
248 484 0 1
247 484 0 1
246 484 0 1
245 484 0 1
152 484 0 0
151 484 0 0
150 484 0 0
149 484 0 0
270 483 0 0
269 483 0 0
268 483 0 0
267 483 0 0
266 483 0 0
248 483 0 1
247 483 0 1
246 483 0 1
245 483 0 1
152 483 0 0
151 483 0 0
150 483 0 0
149 483 0 0
271 482 0 0
270 482 0 0
269 482 0 0
268 482 0 0
267 482 0 0
248 482 0 1
247 482 0 1
246 482 0 1
245 482 0 1
152 482 0 0
151 482 0 0
150 482 0 0
149 482 0 0
271 481 0 0
270 481 0 0
269 481 0 0
268 481 0 0
267 481 0 0
248 481 0 1
247 481 0 1
246 481 0 1
245 481 0 1
152 481 0 0
151 481 0 0
150 481 0 0
149 481 0 0
272 480 0 0
271 480 0 0
270 480 0 0
269 480 0 0
268 480 0 0
267 480 0 0
248 480 0 1
247 480 0 1
246 480 0 1
245 480 0 1
152 480 0 0
151 480 0 0
150 480 0 0
149 480 0 0
272 479 0 0
271 479 0 0
270 479 0 0
269 479 0 0
268 479 0 0
267 479 0 0
248 479 0 1
247 479 0 1
246 479 0 1
245 479 0 1
152 479 0 0
151 479 0 0
150 479 0 0
149 479 0 0
272 478 0 0
271 478 0 0
270 478 0 0
269 478 0 0
268 478 0 0
248 478 0 1
247 478 0 1
246 478 0 1
245 478 0 1
152 478 0 0
151 478 0 0
150 478 0 0
149 478 0 0
272 477 0 0
271 477 0 0
270 477 0 0
269 477 0 0
268 477 0 0
248 477 0 1
247 477 0 1
246 477 0 1
245 477 0 1
152 477 0 0
151 477 0 0
150 477 0 0
149 477 0 0
272 476 0 0
271 476 0 0
270 476 0 0
269 476 0 0
268 476 0 0
248 476 0 1
247 476 0 1
246 476 0 1
245 476 0 1
153 476 0 0
152 476 0 0
151 476 0 0
150 476 0 0
149 476 0 0
272 475 0 0
271 475 0 0
270 475 0 0
269 475 0 0
268 475 0 0
248 475 0 1
247 475 0 1
246 475 0 1
245 475 0 1
153 475 0 0
152 475 0 0
151 475 0 0
150 475 0 0
149 475 0 0
273 474 0 0
272 474 0 0
271 474 0 0
270 474 0 0
269 474 0 0
248 474 0 1
247 474 0 1
246 474 0 1
245 474 0 1
153 474 0 0
152 474 0 0
151 474 0 0
150 474 0 0
149 474 0 0
273 473 0 0
272 473 0 0
271 473 0 0
270 473 0 0
269 473 0 0
248 473 0 1
247 473 0 1
246 473 0 1
245 473 0 1
153 473 0 0
152 473 0 0
151 473 0 0
150 473 0 0
149 473 0 0
274 472 0 0
273 472 0 0
272 472 0 0
271 472 0 0
270 472 0 0
269 472 0 0
248 472 0 1
247 472 0 1
246 472 0 1
245 472 0 1
153 472 0 0
152 472 0 0
151 472 0 0
150 472 0 0
149 472 0 0
274 471 0 0
273 471 0 0
272 471 0 0
271 471 0 0
270 471 0 0
269 471 0 0
248 471 0 1
247 471 0 1
246 471 0 1
245 471 0 1
244 471 0 1
154 471 0 0
153 471 0 0
152 471 0 0
151 471 0 0
150 471 0 0
149 471 0 0
275 470 0 0
274 470 0 0
273 470 0 0
272 470 0 0
271 470 0 0
270 470 0 0
248 470 0 1
247 470 0 1
246 470 0 1
245 470 0 1
244 470 0 1
154 470 0 0
153 470 0 0
152 470 0 0
151 470 0 0
150 470 0 0
149 470 0 0
275 469 0 0
274 469 0 0
273 469 0 0
272 469 0 0
271 469 0 0
270 469 0 0
248 469 0 1
247 469 0 1
246 469 0 1
245 469 0 1
244 469 0 1
154 469 0 0
153 469 0 0
152 469 0 0
151 469 0 0
150 469 0 0
275 468 0 0
274 468 0 0
273 468 0 0
272 468 0 0
271 468 0 0
248 468 0 1
247 468 0 1
246 468 0 1
245 468 0 1
244 468 0 1
154 468 0 0
153 468 0 0
152 468 0 0
151 468 0 0
150 468 0 0
275 467 0 0
274 467 0 0
273 467 0 0
272 467 0 0
271 467 0 0
248 467 0 1
247 467 0 1
246 467 0 1
245 467 0 1
244 467 0 1
155 467 0 0
154 467 0 0
153 467 0 0
152 467 0 0
151 467 0 0
150 467 0 0
275 466 0 0
274 466 0 0
273 466 0 0
272 466 0 0
271 466 0 0
248 466 0 1
247 466 0 1
246 466 0 1
245 466 0 1
244 466 0 1
155 466 0 0
154 466 0 0
153 466 0 0
152 466 0 0
151 466 0 0
150 466 0 0
275 465 0 0
274 465 0 0
273 465 0 0
272 465 0 0
271 465 0 0
248 465 0 1
247 465 0 1
246 465 0 1
245 465 0 1
244 465 0 1
156 465 0 0
155 465 0 0
154 465 0 0
153 465 0 0
152 465 0 0
151 465 0 0
275 464 0 0
274 464 0 0
273 464 0 0
272 464 0 0
248 464 0 1
247 464 0 1
246 464 0 1
245 464 0 1
244 464 0 1
156 464 0 0
155 464 0 0
154 464 0 0
153 464 0 0
152 464 0 0
151 464 0 0
275 463 0 0
274 463 0 0
273 463 0 0
272 463 0 0
248 463 0 1
247 463 0 1
246 463 0 1
245 463 0 1
244 463 0 1
157 463 0 0
156 463 0 0
155 463 0 0
154 463 0 0
153 463 0 0
152 463 0 0
276 462 0 0
275 462 0 0
274 462 0 0
273 462 0 0
272 462 0 0
248 462 0 1
247 462 0 1
246 462 0 1
245 462 0 1
244 462 0 1
157 462 0 0
156 462 0 0
155 462 0 0
154 462 0 0
153 462 0 0
152 462 0 0
276 461 0 0
275 461 0 0
274 461 0 0
273 461 0 0
272 461 0 0
248 461 0 1
247 461 0 1
246 461 0 1
245 461 0 1
244 461 0 1
158 461 0 0
157 461 0 0
156 461 0 0
155 461 0 0
154 461 0 0
153 461 0 0
277 460 0 0
276 460 0 0
275 460 0 0
274 460 0 0
273 460 0 0
272 460 0 0
248 460 0 1
247 460 0 1
246 460 0 1
245 460 0 1
244 460 0 1
158 460 0 0
157 460 0 0
156 460 0 0
155 460 0 0
154 460 0 0
277 459 0 0
276 459 0 0
275 459 0 0
274 459 0 0
273 459 0 0
272 459 0 0
248 459 0 1
247 459 0 1
246 459 0 1
245 459 0 1
244 459 0 1
243 459 0 1
158 459 0 0
157 459 0 0
156 459 0 0
155 459 0 0
154 459 0 0
278 458 0 0
277 458 0 0
276 458 0 0
275 458 0 0
274 458 0 0
273 458 0 0
247 458 0 1
246 458 0 1
245 458 0 1
244 458 0 1
243 458 0 1
158 458 0 0
157 458 0 0
156 458 0 0
155 458 0 0
278 457 0 0
277 457 0 0
276 457 0 0
275 457 0 0
274 457 0 0
273 457 0 0
247 457 0 1
246 457 0 1
245 457 0 1
244 457 0 1
243 457 0 1
158 457 0 0
157 457 0 0
156 457 0 0
155 457 0 0
278 456 0 0
277 456 0 0
276 456 0 0
275 456 0 0
274 456 0 0
247 456 0 1
246 456 0 1
245 456 0 1
244 456 0 1
243 456 0 1
158 456 0 0
157 456 0 0
156 456 0 0
155 456 0 0
278 455 0 0
277 455 0 0
276 455 0 0
275 455 0 0
274 455 0 0
247 455 0 1
246 455 0 1
245 455 0 1
244 455 0 1
243 455 0 1
279 454 0 0
278 454 0 0
277 454 0 0
276 454 0 0
275 454 0 0
274 454 0 0
247 454 0 1
246 454 0 1
245 454 0 1
244 454 0 1
243 454 0 1
242 454 0 1
279 453 0 0
278 453 0 0
277 453 0 0
276 453 0 0
275 453 0 0
274 453 0 0
247 453 0 1
246 453 0 1
245 453 0 1
244 453 0 1
243 453 0 1
242 453 0 1
279 452 0 0
278 452 0 0
277 452 0 0
276 452 0 0
275 452 0 0
246 452 0 1
245 452 0 1
244 452 0 1
243 452 0 1
242 452 0 1
280 451 0 0
279 451 0 0
278 451 0 0
277 451 0 0
276 451 0 0
275 451 0 0
246 451 0 1
245 451 0 1
244 451 0 1
243 451 0 1
242 451 0 1
280 450 0 0
279 450 0 0
278 450 0 0
277 450 0 0
276 450 0 0
275 450 0 0
246 450 0 1
245 450 0 1
244 450 0 1
243 450 0 1
242 450 0 1
280 449 0 0
279 449 0 0
278 449 0 0
277 449 0 0
276 449 0 0
246 449 0 1
245 449 0 1
244 449 0 1
243 449 0 1
242 449 0 1
280 448 0 0
279 448 0 0
278 448 0 0
277 448 0 0
276 448 0 0
246 448 0 1
245 448 0 1
244 448 0 1
243 448 0 1
242 448 0 1
241 448 0 1
281 447 0 0
280 447 0 0
279 447 0 0
278 447 0 0
277 447 0 0
276 447 0 0
245 447 0 1
244 447 0 1
243 447 0 1
242 447 0 1
241 447 0 1
281 446 0 0
280 446 0 0
279 446 0 0
278 446 0 0
277 446 0 0
276 446 0 0
245 446 0 1
244 446 0 1
243 446 0 1
242 446 0 1
241 446 0 1
282 445 0 0
281 445 0 0
280 445 0 0
279 445 0 0
278 445 0 0
277 445 0 0
245 445 0 1
244 445 0 1
243 445 0 1
242 445 0 1
241 445 0 1
282 444 0 0
281 444 0 0
280 444 0 0
279 444 0 0
278 444 0 0
277 444 0 0
245 444 0 1
244 444 0 1
243 444 0 1
242 444 0 1
241 444 0 1
283 443 0 0
282 443 0 0
281 443 0 0
280 443 0 0
279 443 0 0
278 443 0 0
245 443 0 1
244 443 0 1
243 443 0 1
242 443 0 1
241 443 0 1
283 442 0 0
282 442 0 0
281 442 0 0
280 442 0 0
279 442 0 0
278 442 0 0
245 442 0 1
244 442 0 1
243 442 0 1
242 442 0 1
241 442 0 1
240 442 0 1
284 441 0 0
283 441 0 0
282 441 0 0
281 441 0 0
280 441 0 0
279 441 0 0
244 441 0 1
243 441 0 1
242 441 0 1
241 441 0 1
240 441 0 1
284 440 0 0
283 440 0 0
282 440 0 0
281 440 0 0
280 440 0 0
279 440 0 0
244 440 0 1
243 440 0 1
242 440 0 1
241 440 0 1
240 440 0 1
284 439 0 0
283 439 0 0
282 439 0 0
281 439 0 0
280 439 0 0
244 439 0 1
243 439 0 1
242 439 0 1
241 439 0 1
240 439 0 1
284 438 0 0
283 438 0 0
282 438 0 0
281 438 0 0
280 438 0 0
244 438 0 1
243 438 0 1
242 438 0 1
241 438 0 1
240 438 0 1
285 437 0 0
284 437 0 0
283 437 0 0
282 437 0 0
281 437 0 0
280 437 0 0
244 437 0 1
243 437 0 1
242 437 0 1
241 437 0 1
240 437 0 1
239 437 0 1
285 436 0 0
284 436 0 0
283 436 0 0
282 436 0 0
281 436 0 0
280 436 0 0
243 436 0 1
242 436 0 1
241 436 0 1
240 436 0 1
239 436 0 1
285 435 0 0
284 435 0 0
283 435 0 0
282 435 0 0
281 435 0 0
243 435 0 1
242 435 0 1
241 435 0 1
240 435 0 1
239 435 0 1
285 434 0 0
284 434 0 0
283 434 0 0
282 434 0 0
281 434 0 0
243 434 0 1
242 434 0 1
241 434 0 1
240 434 0 1
239 434 0 1
285 433 0 0
284 433 0 0
283 433 0 0
282 433 0 0
281 433 0 0
243 433 0 1
242 433 0 1
241 433 0 1
240 433 0 1
239 433 0 1
286 432 0 0
285 432 0 0
284 432 0 0
283 432 0 0
282 432 0 0
281 432 0 0
243 432 0 1
242 432 0 1
241 432 0 1
240 432 0 1
239 432 0 1
238 432 0 1
286 431 0 0
285 431 0 0
284 431 0 0
283 431 0 0
282 431 0 0
281 431 0 0
242 431 0 1
241 431 0 1
240 431 0 1
239 431 0 1
238 431 0 1
286 430 0 0
285 430 0 0
284 430 0 0
283 430 0 0
282 430 0 0
242 430 0 1
241 430 0 1
240 430 0 1
239 430 0 1
238 430 0 1
286 429 0 0
285 429 0 0
284 429 0 0
283 429 0 0
282 429 0 0
242 429 0 1
241 429 0 1
240 429 0 1
239 429 0 1
238 429 0 1
286 428 0 0
285 428 0 0
284 428 0 0
283 428 0 0
282 428 0 0
242 428 0 1
241 428 0 1
240 428 0 1
239 428 0 1
238 428 0 1
287 427 0 0
286 427 0 0
285 427 0 0
284 427 0 0
283 427 0 0
282 427 0 0
242 427 0 1
241 427 0 1
240 427 0 1
239 427 0 1
238 427 0 1
287 426 0 0
286 426 0 0
285 426 0 0
284 426 0 0
283 426 0 0
282 426 0 0
242 426 0 1
241 426 0 1
240 426 0 1
239 426 0 1
238 426 0 1
237 426 0 1
287 425 0 0
286 425 0 0
285 425 0 0
284 425 0 0
283 425 0 0
241 425 0 1
240 425 0 1
239 425 0 1
238 425 0 1
237 425 0 1
288 424 0 0
287 424 0 0
286 424 0 0
285 424 0 0
284 424 0 0
283 424 0 0
241 424 0 1
240 424 0 1
239 424 0 1
238 424 0 1
237 424 0 1
288 423 0 0
287 423 0 0
286 423 0 0
285 423 0 0
284 423 0 0
241 423 0 1
240 423 0 1
239 423 0 1
238 423 0 1
237 423 0 1
289 422 0 0
288 422 0 0
287 422 0 0
286 422 0 0
285 422 0 0
284 422 0 0
241 422 0 1
240 422 0 1
239 422 0 1
238 422 0 1
237 422 0 1
289 421 0 0
288 421 0 0
287 421 0 0
286 421 0 0
285 421 0 0
284 421 0 0
241 421 0 1
240 421 0 1
239 421 0 1
238 421 0 1
237 421 0 1
236 421 0 1
289 420 0 0
288 420 0 0
287 420 0 0
286 420 0 0
285 420 0 0
240 420 0 1
239 420 0 1
238 420 0 1
237 420 0 1
236 420 0 1
235 420 0 1
289 419 0 0
288 419 0 0
287 419 0 0
286 419 0 0
285 419 0 0
240 419 0 1
239 419 0 1
238 419 0 1
237 419 0 1
236 419 0 1
235 419 0 1
289 418 0 0
288 418 0 0
287 418 0 0
286 418 0 0
285 418 0 0
239 418 0 1
238 418 0 1
237 418 0 1
236 418 0 1
235 418 0 1
234 418 0 1
290 417 0 0
289 417 0 0
288 417 0 0
287 417 0 0
286 417 0 0
285 417 0 0
238 417 0 1
237 417 0 1
236 417 0 1
235 417 0 1
234 417 0 1
290 416 0 0
289 416 0 0
288 416 0 0
287 416 0 0
286 416 0 0
285 416 0 0
238 416 0 1
237 416 0 1
236 416 0 1
235 416 0 1
234 416 0 1
290 415 0 0
289 415 0 0
288 415 0 0
287 415 0 0
286 415 0 0
238 415 0 1
237 415 0 1
236 415 0 1
235 415 0 1
234 415 0 1
233 415 0 1
290 414 0 0
289 414 0 0
288 414 0 0
287 414 0 0
286 414 0 0
238 414 0 1
237 414 0 1
236 414 0 1
235 414 0 1
234 414 0 1
233 414 0 1
291 413 0 0
290 413 0 0
289 413 0 0
288 413 0 0
287 413 0 0
286 413 0 0
237 413 0 1
236 413 0 1
235 413 0 1
234 413 0 1
233 413 0 1
232 413 0 1
291 412 0 0
290 412 0 0
289 412 0 0
288 412 0 0
287 412 0 0
237 412 0 1
236 412 0 1
235 412 0 1
234 412 0 1
233 412 0 1
232 412 0 1
231 412 0 1
291 411 0 0
290 411 0 0
289 411 0 0
288 411 0 0
287 411 0 0
236 411 0 1
235 411 0 1
234 411 0 1
233 411 0 1
232 411 0 1
231 411 0 1
292 410 0 0
291 410 0 0
290 410 0 0
289 410 0 0
288 410 0 0
287 410 0 0
236 410 0 1
235 410 0 1
234 410 0 1
233 410 0 1
232 410 0 1
231 410 0 1
292 409 0 0
291 409 0 0
290 409 0 0
289 409 0 0
288 409 0 0
287 409 0 0
235 409 0 1
234 409 0 1
233 409 0 1
232 409 0 1
231 409 0 1
230 409 0 1
292 408 0 0
291 408 0 0
290 408 0 0
289 408 0 0
288 408 0 0
234 408 0 1
233 408 0 1
232 408 0 1
231 408 0 1
230 408 0 1
229 408 0 1
293 407 0 0
292 407 0 0
291 407 0 0
290 407 0 0
289 407 0 0
288 407 0 0
234 407 0 1
233 407 0 1
232 407 0 1
231 407 0 1
230 407 0 1
229 407 0 1
228 407 0 1
293 406 0 0
292 406 0 0
291 406 0 0
290 406 0 0
289 406 0 0
288 406 0 0
233 406 0 1
232 406 0 1
231 406 0 1
230 406 0 1
229 406 0 1
228 406 0 1
293 405 0 0
292 405 0 0
291 405 0 0
290 405 0 0
289 405 0 0
232 405 0 1
231 405 0 1
230 405 0 1
229 405 0 1
228 405 0 1
294 404 0 0
293 404 0 0
292 404 0 0
291 404 0 0
290 404 0 0
289 404 0 0
232 404 0 1
231 404 0 1
230 404 0 1
229 404 0 1
228 404 0 1
227 404 0 1
294 403 0 0
293 403 0 0
292 403 0 0
291 403 0 0
290 403 0 0
289 403 0 0
232 403 0 1
231 403 0 1
230 403 0 1
229 403 0 1
228 403 0 1
227 403 0 1
295 402 0 0
294 402 0 0
293 402 0 0
292 402 0 0
291 402 0 0
290 402 0 0
231 402 0 1
230 402 0 1
229 402 0 1
228 402 0 1
227 402 0 1
226 402 0 1
295 401 0 0
294 401 0 0
293 401 0 0
292 401 0 0
291 401 0 0
231 401 0 1
230 401 0 1
229 401 0 1
228 401 0 1
227 401 0 1
226 401 0 1
225 401 0 1
296 400 0 0
295 400 0 0
294 400 0 0
293 400 0 0
292 400 0 0
291 400 0 0
230 400 0 1
229 400 0 1
228 400 0 1
227 400 0 1
226 400 0 1
225 400 0 1
296 399 0 0
295 399 0 0
294 399 0 0
293 399 0 0
292 399 0 0
229 399 0 1
228 399 0 1
227 399 0 1
226 399 0 1
225 399 0 1
224 399 0 1
296 398 0 0
295 398 0 0
294 398 0 0
293 398 0 0
292 398 0 0
229 398 0 1
228 398 0 1
227 398 0 1
226 398 0 1
225 398 0 1
224 398 0 1
296 397 0 0
295 397 0 0
294 397 0 0
293 397 0 0
292 397 0 0
228 397 0 1
227 397 0 1
226 397 0 1
225 397 0 1
224 397 0 1
296 396 0 0
295 396 0 0
294 396 0 0
293 396 0 0
292 396 0 0
228 396 0 1
227 396 0 1
226 396 0 1
225 396 0 1
224 396 0 1
223 396 0 1
297 395 0 0
296 395 0 0
295 395 0 0
294 395 0 0
293 395 0 0
292 395 0 0
228 395 0 1
227 395 0 1
226 395 0 1
225 395 0 1
224 395 0 1
223 395 0 1
297 394 0 0
296 394 0 0
295 394 0 0
294 394 0 0
293 394 0 0
227 394 0 1
226 394 0 1
225 394 0 1
224 394 0 1
223 394 0 1
222 394 0 1
298 393 0 0
297 393 0 0
296 393 0 0
295 393 0 0
294 393 0 0
293 393 0 0
227 393 0 1
226 393 0 1
225 393 0 1
224 393 0 1
223 393 0 1
222 393 0 1
298 392 0 0
297 392 0 0
296 392 0 0
295 392 0 0
294 392 0 0
293 392 0 0
226 392 0 1
225 392 0 1
224 392 0 1
223 392 0 1
222 392 0 1
299 391 0 0
298 391 0 0
297 391 0 0
296 391 0 0
295 391 0 0
294 391 0 0
226 391 0 1
225 391 0 1
224 391 0 1
223 391 0 1
222 391 0 1
299 390 0 0
298 390 0 0
297 390 0 0
296 390 0 0
295 390 0 0
294 390 0 0
226 390 0 1
225 390 0 1
224 390 0 1
223 390 0 1
222 390 0 1
299 389 0 0
298 389 0 0
297 389 0 0
296 389 0 0
295 389 0 0
225 389 0 1
224 389 0 1
223 389 0 1
222 389 0 1
221 389 0 1
220 389 0 1
299 388 0 0
298 388 0 0
297 388 0 0
296 388 0 0
295 388 0 0
225 388 0 1
224 388 0 1
223 388 0 1
222 388 0 1
221 388 0 1
220 388 0 1
300 387 0 0
299 387 0 0
298 387 0 0
297 387 0 0
296 387 0 0
295 387 0 0
225 387 0 1
224 387 0 1
223 387 0 1
222 387 0 1
221 387 0 1
220 387 0 1
300 386 0 0
299 386 0 0
298 386 0 0
297 386 0 0
296 386 0 0
295 386 0 0
224 386 0 1
223 386 0 1
222 386 0 1
221 386 0 1
220 386 0 1
300 385 0 0
299 385 0 0
298 385 0 0
297 385 0 0
296 385 0 0
223 385 0 1
222 385 0 1
221 385 0 1
220 385 0 1
300 384 0 0
299 384 0 0
298 384 0 0
297 384 0 0
296 384 0 0
300 383 0 0
299 383 0 0
298 383 0 0
297 383 0 0
231 358 0 1
230 358 0 1
229 358 0 1
228 358 0 1
232 357 0 1
231 357 0 1
230 357 0 1
229 357 0 1
228 357 0 1
232 356 0 1
231 356 0 1
230 356 0 1
229 356 0 1
228 356 0 1
233 355 0 1
232 355 0 1
231 355 0 1
230 355 0 1
229 355 0 1
228 355 0 1
234 354 0 1
233 354 0 1
232 354 0 1
231 354 0 1
230 354 0 1
229 354 0 1
228 354 0 1
235 353 0 1
234 353 0 1
233 353 0 1
232 353 0 1
231 353 0 1
230 353 0 1
229 353 0 1
235 352 0 1
234 352 0 1
233 352 0 1
232 352 0 1
231 352 0 1
230 352 0 1
235 351 0 1
234 351 0 1
233 351 0 1
232 351 0 1
231 351 0 1
236 350 0 1
235 350 0 1
234 350 0 1
233 350 0 1
232 350 0 1
231 350 0 1
237 349 0 1
236 349 0 1
235 349 0 1
234 349 0 1
233 349 0 1
232 349 0 1
231 349 0 1
238 348 0 1
237 348 0 1
236 348 0 1
235 348 0 1
234 348 0 1
233 348 0 1
232 348 0 1
239 347 0 1
238 347 0 1
237 347 0 1
236 347 0 1
235 347 0 1
234 347 0 1
233 347 0 1
239 346 0 1
238 346 0 1
237 346 0 1
236 346 0 1
235 346 0 1
234 346 0 1
240 345 0 1
239 345 0 1
238 345 0 1
237 345 0 1
236 345 0 1
235 345 0 1
242 344 0 1
241 344 0 1
240 344 0 1
239 344 0 1
238 344 0 1
237 344 0 1
236 344 0 1
243 343 0 1
242 343 0 1
241 343 0 1
240 343 0 1
239 343 0 1
238 343 0 1
237 343 0 1
236 343 0 1
244 342 0 1
243 342 0 1
242 342 0 1
241 342 0 1
240 342 0 1
239 342 0 1
238 342 0 1
237 342 0 1
245 341 0 1
244 341 0 1
243 341 0 1
242 341 0 1
241 341 0 1
240 341 0 1
239 341 0 1
238 341 0 1
246 340 0 1
245 340 0 1
244 340 0 1
243 340 0 1
242 340 0 1
241 340 0 1
240 340 0 1
247 339 0 1
246 339 0 1
245 339 0 1
244 339 0 1
243 339 0 1
242 339 0 1
241 339 0 1
248 338 0 1
247 338 0 1
246 338 0 1
245 338 0 1
244 338 0 1
243 338 0 1
242 338 0 1
249 337 0 1
248 337 0 1
247 337 0 1
246 337 0 1
245 337 0 1
244 337 0 1
243 337 0 1
143 337 0 0
142 337 0 0
141 337 0 0
140 337 0 0
250 336 0 1
249 336 0 1
248 336 0 1
247 336 0 1
246 336 0 1
245 336 0 1
244 336 0 1
143 336 0 0
142 336 0 0
141 336 0 0
140 336 0 0
251 335 0 1
250 335 0 1
249 335 0 1
248 335 0 1
247 335 0 1
246 335 0 1
245 335 0 1
143 335 0 0
142 335 0 0
141 335 0 0
140 335 0 0
252 334 0 1
251 334 0 1
250 334 0 1
249 334 0 1
248 334 0 1
247 334 0 1
246 334 0 1
143 334 0 0
142 334 0 0
141 334 0 0
140 334 0 0
253 333 0 1
252 333 0 1
251 333 0 1
250 333 0 1
249 333 0 1
248 333 0 1
247 333 0 1
143 333 0 0
142 333 0 0
141 333 0 0
140 333 0 0
253 332 0 1
252 332 0 1
251 332 0 1
250 332 0 1
249 332 0 1
248 332 0 1
247 332 0 1
143 332 0 0
142 332 0 0
141 332 0 0
140 332 0 0
254 331 0 1
253 331 0 1
252 331 0 1
251 331 0 1
250 331 0 1
249 331 0 1
248 331 0 1
143 331 0 0
142 331 0 0
141 331 0 0
140 331 0 0
256 330 0 1
255 330 0 1
254 330 0 1
253 330 0 1
252 330 0 1
251 330 0 1
250 330 0 1
249 330 0 1
143 330 0 0
142 330 0 0
141 330 0 0
140 330 0 0
257 329 0 1
256 329 0 1
255 329 0 1
254 329 0 1
253 329 0 1
252 329 0 1
251 329 0 1
250 329 0 1
143 329 0 0
142 329 0 0
141 329 0 0
140 329 0 0
324 328 0 0
323 328 0 0
322 328 0 0
321 328 0 0
258 328 0 1
257 328 0 1
256 328 0 1
255 328 0 1
254 328 0 1
253 328 0 1
252 328 0 1
251 328 0 1
143 328 0 0
142 328 0 0
141 328 0 0
140 328 0 0
324 327 0 0
323 327 0 0
322 327 0 0
321 327 0 0
259 327 0 1
258 327 0 1
257 327 0 1
256 327 0 1
255 327 0 1
254 327 0 1
253 327 0 1
252 327 0 1
143 327 0 0
142 327 0 0
141 327 0 0
140 327 0 0
324 326 0 0
323 326 0 0
322 326 0 0
321 326 0 0
260 326 0 1
259 326 0 1
258 326 0 1
257 326 0 1
256 326 0 1
255 326 0 1
254 326 0 1
253 326 0 1
143 326 0 0
142 326 0 0
141 326 0 0
140 326 0 0
324 325 0 0
323 325 0 0
322 325 0 0
321 325 0 0
261 325 0 1
260 325 0 1
259 325 0 1
258 325 0 1
257 325 0 1
256 325 0 1
255 325 0 1
254 325 0 1
143 325 0 0
142 325 0 0
141 325 0 0
140 325 0 0
324 324 0 0
323 324 0 0
322 324 0 0
321 324 0 0
262 324 0 1
261 324 0 1
260 324 0 1
259 324 0 1
258 324 0 1
257 324 0 1
256 324 0 1
255 324 0 1
143 324 0 0
142 324 0 0
141 324 0 0
140 324 0 0
324 323 0 0
323 323 0 0
322 323 0 0
321 323 0 0
262 323 0 1
261 323 0 1
260 323 0 1
259 323 0 1
258 323 0 1
257 323 0 1
143 323 0 0
142 323 0 0
141 323 0 0
140 323 0 0
324 322 0 0
323 322 0 0
322 322 0 0
321 322 0 0
263 322 0 1
262 322 0 1
261 322 0 1
260 322 0 1
259 322 0 1
258 322 0 1
143 322 0 0
142 322 0 0
141 322 0 0
140 322 0 0
324 321 0 0
323 321 0 0
322 321 0 0
321 321 0 0
264 321 0 1
263 321 0 1
262 321 0 1
261 321 0 1
260 321 0 1
259 321 0 1
258 321 0 1
143 321 0 0
142 321 0 0
141 321 0 0
140 321 0 0
324 320 0 0
323 320 0 0
322 320 0 0
321 320 0 0
265 320 0 1
264 320 0 1
263 320 0 1
262 320 0 1
261 320 0 1
260 320 0 1
259 320 0 1
143 320 0 0
142 320 0 0
141 320 0 0
140 320 0 0
324 319 0 0
323 319 0 0
322 319 0 0
321 319 0 0
265 319 0 1
264 319 0 1
263 319 0 1
262 319 0 1
261 319 0 1
260 319 0 1
143 319 0 0
142 319 0 0
141 319 0 0
140 319 0 0
324 318 0 0
323 318 0 0
322 318 0 0
321 318 0 0
266 318 0 1
265 318 0 1
264 318 0 1
263 318 0 1
262 318 0 1
261 318 0 1
143 318 0 0
142 318 0 0
141 318 0 0
140 318 0 0
324 317 0 0
323 317 0 0
322 317 0 0
321 317 0 0
267 317 0 1
266 317 0 1
265 317 0 1
264 317 0 1
263 317 0 1
262 317 0 1
261 317 0 1
143 317 0 0
142 317 0 0
141 317 0 0
140 317 0 0
324 316 0 0
323 316 0 0
322 316 0 0
321 316 0 0
268 316 0 1
267 316 0 1
266 316 0 1
265 316 0 1
264 316 0 1
263 316 0 1
262 316 0 1
143 316 0 0
142 316 0 0
141 316 0 0
140 316 0 0
324 315 0 0
323 315 0 0
322 315 0 0
321 315 0 0
269 315 0 1
268 315 0 1
267 315 0 1
266 315 0 1
265 315 0 1
264 315 0 1
263 315 0 1
184 315 0 1
183 315 0 1
182 315 0 1
181 315 0 1
143 315 0 0
142 315 0 0
141 315 0 0
140 315 0 0
324 314 0 0
323 314 0 0
322 314 0 0
321 314 0 0
271 314 0 1
270 314 0 1
269 314 0 1
268 314 0 1
267 314 0 1
266 314 0 1
265 314 0 1
264 314 0 1
184 314 0 1
183 314 0 1
182 314 0 1
181 314 0 1
143 314 0 0
142 314 0 0
141 314 0 0
140 314 0 0
324 313 0 0
323 313 0 0
322 313 0 0
321 313 0 0
272 313 0 1
271 313 0 1
270 313 0 1
269 313 0 1
268 313 0 1
267 313 0 1
266 313 0 1
265 313 0 1
184 313 0 1
183 313 0 1
182 313 0 1
181 313 0 1
143 313 0 0
142 313 0 0
141 313 0 0
140 313 0 0
324 312 0 0
323 312 0 0
322 312 0 0
321 312 0 0
273 312 0 1
272 312 0 1
271 312 0 1
270 312 0 1
269 312 0 1
268 312 0 1
267 312 0 1
266 312 0 1
184 312 0 1
183 312 0 1
182 312 0 1
181 312 0 1
143 312 0 0
142 312 0 0
141 312 0 0
140 312 0 0
324 311 0 0
323 311 0 0
322 311 0 0
321 311 0 0
274 311 0 1
273 311 0 1
272 311 0 1
271 311 0 1
270 311 0 1
269 311 0 1
268 311 0 1
267 311 0 1
184 311 0 1
183 311 0 1
182 311 0 1
181 311 0 1
143 311 0 0
142 311 0 0
141 311 0 0
140 311 0 0
324 310 0 0
323 310 0 0
322 310 0 0
321 310 0 0
274 310 0 1
273 310 0 1
272 310 0 1
271 310 0 1
270 310 0 1
269 310 0 1
268 310 0 1
184 310 0 1
183 310 0 1
182 310 0 1
181 310 0 1
143 310 0 0
142 310 0 0
141 310 0 0
140 310 0 0
324 309 0 0
323 309 0 0
322 309 0 0
321 309 0 0
274 309 0 1
273 309 0 1
272 309 0 1
271 309 0 1
270 309 0 1
184 309 0 1
183 309 0 1
182 309 0 1
181 309 0 1
143 309 0 0
142 309 0 0
141 309 0 0
140 309 0 0
324 308 0 0
323 308 0 0
322 308 0 0
321 308 0 0
274 308 0 1
273 308 0 1
272 308 0 1
271 308 0 1
184 308 0 1
183 308 0 1
182 308 0 1
181 308 0 1
143 308 0 0
142 308 0 0
141 308 0 0
140 308 0 0
324 307 0 0
323 307 0 0
322 307 0 0
321 307 0 0
184 307 0 1
183 307 0 1
182 307 0 1
181 307 0 1
143 307 0 0
142 307 0 0
141 307 0 0
140 307 0 0
324 306 0 0
323 306 0 0
322 306 0 0
321 306 0 0
184 306 0 1
183 306 0 1
182 306 0 1
181 306 0 1
143 306 0 0
142 306 0 0
141 306 0 0
140 306 0 0
324 305 0 0
323 305 0 0
322 305 0 0
321 305 0 0
184 305 0 1
183 305 0 1
182 305 0 1
181 305 0 1
143 305 0 0
142 305 0 0
141 305 0 0
140 305 0 0
324 304 0 0
323 304 0 0
322 304 0 0
321 304 0 0
184 304 0 1
183 304 0 1
182 304 0 1
181 304 0 1
143 304 0 0
142 304 0 0
141 304 0 0
140 304 0 0
324 303 0 0
323 303 0 0
322 303 0 0
321 303 0 0
184 303 0 1
183 303 0 1
182 303 0 1
181 303 0 1
143 303 0 0
142 303 0 0
141 303 0 0
140 303 0 0
324 302 0 0
323 302 0 0
322 302 0 0
321 302 0 0
184 302 0 1
183 302 0 1
182 302 0 1
181 302 0 1
143 302 0 0
142 302 0 0
141 302 0 0
140 302 0 0
324 301 0 0
323 301 0 0
322 301 0 0
321 301 0 0
184 301 0 1
183 301 0 1
182 301 0 1
181 301 0 1
143 301 0 0
142 301 0 0
141 301 0 0
140 301 0 0
324 300 0 0
323 300 0 0
322 300 0 0
321 300 0 0
184 300 0 1
183 300 0 1
182 300 0 1
181 300 0 1
143 300 0 0
142 300 0 0
141 300 0 0
140 300 0 0
324 299 0 0
323 299 0 0
322 299 0 0
321 299 0 0
184 299 0 1
183 299 0 1
182 299 0 1
181 299 0 1
143 299 0 0
142 299 0 0
141 299 0 0
140 299 0 0
324 298 0 0
323 298 0 0
322 298 0 0
321 298 0 0
184 298 0 1
183 298 0 1
182 298 0 1
181 298 0 1
143 298 0 0
142 298 0 0
141 298 0 0
140 298 0 0
324 297 0 0
323 297 0 0
322 297 0 0
321 297 0 0
184 297 0 1
183 297 0 1
182 297 0 1
181 297 0 1
143 297 0 0
142 297 0 0
141 297 0 0
140 297 0 0
324 296 0 0
323 296 0 0
322 296 0 0
321 296 0 0
184 296 0 1
183 296 0 1
182 296 0 1
181 296 0 1
143 296 0 0
142 296 0 0
141 296 0 0
140 296 0 0
324 295 0 0
323 295 0 0
322 295 0 0
321 295 0 0
184 295 0 1
183 295 0 1
182 295 0 1
181 295 0 1
143 295 0 0
142 295 0 0
141 295 0 0
140 295 0 0
324 294 0 0
323 294 0 0
322 294 0 0
321 294 0 0
185 294 0 1
184 294 0 1
183 294 0 1
182 294 0 1
181 294 0 1
143 294 0 0
142 294 0 0
141 294 0 0
140 294 0 0
324 293 0 0
323 293 0 0
322 293 0 0
321 293 0 0
185 293 0 1
184 293 0 1
183 293 0 1
182 293 0 1
181 293 0 1
143 293 0 0
142 293 0 0
141 293 0 0
140 293 0 0
324 292 0 0
323 292 0 0
322 292 0 0
321 292 0 0
185 292 0 1
184 292 0 1
183 292 0 1
182 292 0 1
181 292 0 1
143 292 0 0
142 292 0 0
141 292 0 0
140 292 0 0
324 291 0 0
323 291 0 0
322 291 0 0
321 291 0 0
185 291 0 1
184 291 0 1
183 291 0 1
182 291 0 1
181 291 0 1
143 291 0 0
142 291 0 0
141 291 0 0
140 291 0 0
324 290 0 0
323 290 0 0
322 290 0 0
321 290 0 0
185 290 0 1
184 290 0 1
183 290 0 1
182 290 0 1
181 290 0 1
143 290 0 0
142 290 0 0
141 290 0 0
140 290 0 0
324 289 0 0
323 289 0 0
322 289 0 0
321 289 0 0
186 289 0 1
185 289 0 1
184 289 0 1
183 289 0 1
182 289 0 1
181 289 0 1
143 289 0 0
142 289 0 0
141 289 0 0
140 289 0 0
324 288 0 0
323 288 0 0
322 288 0 0
321 288 0 0
186 288 0 1
185 288 0 1
184 288 0 1
183 288 0 1
182 288 0 1
143 288 0 0
142 288 0 0
141 288 0 0
140 288 0 0
324 287 0 0
323 287 0 0
322 287 0 0
321 287 0 0
187 287 0 1
186 287 0 1
185 287 0 1
184 287 0 1
183 287 0 1
182 287 0 1
143 287 0 0
142 287 0 0
141 287 0 0
140 287 0 0
324 286 0 0
323 286 0 0
322 286 0 0
321 286 0 0
188 286 0 1
187 286 0 1
186 286 0 1
185 286 0 1
184 286 0 1
183 286 0 1
182 286 0 1
143 286 0 0
142 286 0 0
141 286 0 0
140 286 0 0
324 285 0 0
323 285 0 0
322 285 0 0
321 285 0 0
188 285 0 1
187 285 0 1
186 285 0 1
185 285 0 1
184 285 0 1
183 285 0 1
143 285 0 0
142 285 0 0
141 285 0 0
140 285 0 0
324 284 0 0
323 284 0 0
322 284 0 0
321 284 0 0
189 284 0 1
188 284 0 1
187 284 0 1
186 284 0 1
185 284 0 1
184 284 0 1
143 284 0 0
142 284 0 0
141 284 0 0
140 284 0 0
324 283 0 0
323 283 0 0
322 283 0 0
321 283 0 0
189 283 0 1
188 283 0 1
187 283 0 1
186 283 0 1
185 283 0 1
184 283 0 1
143 283 0 0
142 283 0 0
141 283 0 0
140 283 0 0
324 282 0 0
323 282 0 0
322 282 0 0
321 282 0 0
189 282 0 1
188 282 0 1
187 282 0 1
186 282 0 1
185 282 0 1
143 282 0 0
142 282 0 0
141 282 0 0
140 282 0 0
324 281 0 0
323 281 0 0
322 281 0 0
321 281 0 0
189 281 0 1
188 281 0 1
187 281 0 1
186 281 0 1
185 281 0 1
143 281 0 0
142 281 0 0
141 281 0 0
140 281 0 0
324 280 0 0
323 280 0 0
322 280 0 0
321 280 0 0
190 280 0 1
189 280 0 1
188 280 0 1
187 280 0 1
186 280 0 1
185 280 0 1
143 280 0 0
142 280 0 0
141 280 0 0
140 280 0 0
324 279 0 0
323 279 0 0
322 279 0 0
321 279 0 0
190 279 0 1
189 279 0 1
188 279 0 1
187 279 0 1
186 279 0 1
185 279 0 1
158 279 0 0
157 279 0 0
156 279 0 0
155 279 0 0
154 279 0 0
153 279 0 0
152 279 0 0
151 279 0 0
150 279 0 0
149 279 0 0
148 279 0 0
143 279 0 0
142 279 0 0
141 279 0 0
140 279 0 0
324 278 0 0
323 278 0 0
322 278 0 0
321 278 0 0
190 278 0 1
189 278 0 1
188 278 0 1
187 278 0 1
186 278 0 1
159 278 0 0
158 278 0 0
157 278 0 0
156 278 0 0
155 278 0 0
154 278 0 0
153 278 0 0
152 278 0 0
151 278 0 0
150 278 0 0
149 278 0 0
148 278 0 0
147 278 0 0
143 278 0 0
142 278 0 0
141 278 0 0
140 278 0 0
324 277 0 0
323 277 0 0
322 277 0 0
321 277 0 0
191 277 0 1
190 277 0 1
189 277 0 1
188 277 0 1
187 277 0 1
186 277 0 1
160 277 0 0
159 277 0 0
158 277 0 0
157 277 0 0
156 277 0 0
155 277 0 0
154 277 0 0
153 277 0 0
152 277 0 0
151 277 0 0
150 277 0 0
149 277 0 0
148 277 0 0
147 277 0 0
146 277 0 0
143 277 0 0
142 277 0 0
141 277 0 0
140 277 0 0
324 276 0 0
323 276 0 0
322 276 0 0
321 276 0 0
191 276 0 1
190 276 0 1
189 276 0 1
188 276 0 1
187 276 0 1
161 276 0 0
160 276 0 0
159 276 0 0
158 276 0 0
157 276 0 0
156 276 0 0
155 276 0 0
154 276 0 0
153 276 0 0
152 276 0 0
151 276 0 0
150 276 0 0
149 276 0 0
148 276 0 0
147 276 0 0
146 276 0 0
145 276 0 0
144 276 0 0
143 276 0 0
142 276 0 0
141 276 0 0
140 276 0 0
324 275 0 0
323 275 0 0
322 275 0 0
321 275 0 0
191 275 0 1
190 275 0 1
189 275 0 1
188 275 0 1
187 275 0 1
161 275 0 0
160 275 0 0
159 275 0 0
158 275 0 0
157 275 0 0
156 275 0 0
151 275 0 0
150 275 0 0
149 275 0 0
148 275 0 0
147 275 0 0
146 275 0 0
145 275 0 0
144 275 0 0
143 275 0 0
142 275 0 0
141 275 0 0
140 275 0 0
324 274 0 0
323 274 0 0
322 274 0 0
321 274 0 0
192 274 0 1
191 274 0 1
190 274 0 1
189 274 0 1
188 274 0 1
187 274 0 1
162 274 0 0
161 274 0 0
160 274 0 0
159 274 0 0
158 274 0 0
157 274 0 0
149 274 0 0
148 274 0 0
147 274 0 0
146 274 0 0
145 274 0 0
144 274 0 0
143 274 0 0
142 274 0 0
141 274 0 0
140 274 0 0
324 273 0 0
323 273 0 0
322 273 0 0
321 273 0 0
192 273 0 1
191 273 0 1
190 273 0 1
189 273 0 1
188 273 0 1
163 273 0 0
162 273 0 0
161 273 0 0
160 273 0 0
159 273 0 0
158 273 0 0
149 273 0 0
148 273 0 0
147 273 0 0
146 273 0 0
145 273 0 0
144 273 0 0
143 273 0 0
142 273 0 0
141 273 0 0
140 273 0 0
324 272 0 0
323 272 0 0
322 272 0 0
321 272 0 0
193 272 0 1
192 272 0 1
191 272 0 1
190 272 0 1
189 272 0 1
188 272 0 1
163 272 0 0
162 272 0 0
161 272 0 0
160 272 0 0
159 272 0 0
158 272 0 0
148 272 0 0
147 272 0 0
146 272 0 0
145 272 0 0
144 272 0 0
143 272 0 0
142 272 0 0
141 272 0 0
324 271 0 0
323 271 0 0
322 271 0 0
321 271 0 0
193 271 0 1
192 271 0 1
191 271 0 1
190 271 0 1
189 271 0 1
188 271 0 1
163 271 0 0
162 271 0 0
161 271 0 0
160 271 0 0
159 271 0 0
147 271 0 0
146 271 0 0
145 271 0 0
144 271 0 0
143 271 0 0
142 271 0 0
324 270 0 0
323 270 0 0
322 270 0 0
321 270 0 0
193 270 0 1
192 270 0 1
191 270 0 1
190 270 0 1
189 270 0 1
163 270 0 0
162 270 0 0
161 270 0 0
160 270 0 0
159 270 0 0
324 269 0 0
323 269 0 0
322 269 0 0
321 269 0 0
194 269 0 1
193 269 0 1
192 269 0 1
191 269 0 1
190 269 0 1
189 269 0 1
163 269 0 0
162 269 0 0
161 269 0 0
160 269 0 0
159 269 0 0
324 268 0 0
323 268 0 0
322 268 0 0
321 268 0 0
194 268 0 1
193 268 0 1
192 268 0 1
191 268 0 1
190 268 0 1
189 268 0 1
163 268 0 0
162 268 0 0
161 268 0 0
160 268 0 0
159 268 0 0
324 267 0 0
323 267 0 0
322 267 0 0
321 267 0 0
194 267 0 1
193 267 0 1
192 267 0 1
191 267 0 1
190 267 0 1
163 267 0 0
162 267 0 0
161 267 0 0
160 267 0 0
324 266 0 0
323 266 0 0
322 266 0 0
321 266 0 0
195 266 0 1
194 266 0 1
193 266 0 1
192 266 0 1
191 266 0 1
190 266 0 1
163 266 0 0
162 266 0 0
161 266 0 0
160 266 0 0
324 265 0 0
323 265 0 0
322 265 0 0
321 265 0 0
195 265 0 1
194 265 0 1
193 265 0 1
192 265 0 1
191 265 0 1
190 265 0 1
164 265 0 0
163 265 0 0
162 265 0 0
161 265 0 0
160 265 0 0
324 264 0 0
323 264 0 0
322 264 0 0
321 264 0 0
195 264 0 1
194 264 0 1
193 264 0 1
192 264 0 1
191 264 0 1
164 264 0 0
163 264 0 0
162 264 0 0
161 264 0 0
160 264 0 0
324 263 0 0
323 263 0 0
322 263 0 0
321 263 0 0
196 263 0 1
195 263 0 1
194 263 0 1
193 263 0 1
192 263 0 1
191 263 0 1
164 263 0 0
163 263 0 0
162 263 0 0
161 263 0 0
160 263 0 0
324 262 0 0
323 262 0 0
322 262 0 0
321 262 0 0
196 262 0 1
195 262 0 1
194 262 0 1
193 262 0 1
192 262 0 1
191 262 0 1
164 262 0 0
163 262 0 0
162 262 0 0
161 262 0 0
160 262 0 0
324 261 0 0
323 261 0 0
322 261 0 0
321 261 0 0
196 261 0 1
195 261 0 1
194 261 0 1
193 261 0 1
192 261 0 1
164 261 0 0
163 261 0 0
162 261 0 0
161 261 0 0
160 261 0 0
324 260 0 0
323 260 0 0
322 260 0 0
321 260 0 0
197 260 0 1
196 260 0 1
195 260 0 1
194 260 0 1
193 260 0 1
192 260 0 1
164 260 0 0
163 260 0 0
162 260 0 0
161 260 0 0
160 260 0 0
324 259 0 0
323 259 0 0
322 259 0 0
321 259 0 0
197 259 0 1
196 259 0 1
195 259 0 1
194 259 0 1
193 259 0 1
192 259 0 1
164 259 0 0
163 259 0 0
162 259 0 0
161 259 0 0
160 259 0 0
324 258 0 0
323 258 0 0
322 258 0 0
321 258 0 0
197 258 0 1
196 258 0 1
195 258 0 1
194 258 0 1
193 258 0 1
164 258 0 0
163 258 0 0
162 258 0 0
161 258 0 0
324 257 0 0
323 257 0 0
322 257 0 0
321 257 0 0
197 257 0 1
196 257 0 1
195 257 0 1
194 257 0 1
193 257 0 1
164 257 0 0
163 257 0 0
162 257 0 0
161 257 0 0
324 256 0 0
323 256 0 0
322 256 0 0
321 256 0 0
198 256 0 1
197 256 0 1
196 256 0 1
195 256 0 1
194 256 0 1
193 256 0 1
164 256 0 0
163 256 0 0
162 256 0 0
161 256 0 0
324 255 0 0
323 255 0 0
322 255 0 0
321 255 0 0
198 255 0 1
197 255 0 1
196 255 0 1
195 255 0 1
194 255 0 1
193 255 0 1
164 255 0 0
163 255 0 0
162 255 0 0
161 255 0 0
324 254 0 0
323 254 0 0
322 254 0 0
321 254 0 0
198 254 0 1
197 254 0 1
196 254 0 1
195 254 0 1
194 254 0 1
164 254 0 0
163 254 0 0
162 254 0 0
161 254 0 0
324 253 0 0
323 253 0 0
322 253 0 0
321 253 0 0
199 253 0 1
198 253 0 1
197 253 0 1
196 253 0 1
195 253 0 1
194 253 0 1
164 253 0 0
163 253 0 0
162 253 0 0
161 253 0 0
324 252 0 0
323 252 0 0
322 252 0 0
321 252 0 0
199 252 0 1
198 252 0 1
197 252 0 1
196 252 0 1
195 252 0 1
194 252 0 1
164 252 0 0
163 252 0 0
162 252 0 0
161 252 0 0
324 251 0 0
323 251 0 0
322 251 0 0
321 251 0 0
200 251 0 1
199 251 0 1
198 251 0 1
197 251 0 1
196 251 0 1
195 251 0 1
164 251 0 0
163 251 0 0
162 251 0 0
161 251 0 0
324 250 0 0
323 250 0 0
322 250 0 0
321 250 0 0
200 250 0 1
199 250 0 1
198 250 0 1
197 250 0 1
196 250 0 1
195 250 0 1
164 250 0 0
163 250 0 0
162 250 0 0
161 250 0 0
324 249 0 0
323 249 0 0
322 249 0 0
321 249 0 0
201 249 0 1
200 249 0 1
199 249 0 1
198 249 0 1
197 249 0 1
196 249 0 1
164 249 0 0
163 249 0 0
162 249 0 0
161 249 0 0
324 248 0 0
323 248 0 0
322 248 0 0
321 248 0 0
201 248 0 1
200 248 0 1
199 248 0 1
198 248 0 1
197 248 0 1
196 248 0 1
164 248 0 0
163 248 0 0
162 248 0 0
161 248 0 0
324 247 0 0
323 247 0 0
322 247 0 0
321 247 0 0
202 247 0 1
201 247 0 1
200 247 0 1
199 247 0 1
198 247 0 1
197 247 0 1
164 247 0 0
163 247 0 0
162 247 0 0
161 247 0 0
324 246 0 0
323 246 0 0
322 246 0 0
321 246 0 0
202 246 0 1
201 246 0 1
200 246 0 1
199 246 0 1
198 246 0 1
197 246 0 1
164 246 0 0
163 246 0 0
162 246 0 0
161 246 0 0
324 245 0 0
323 245 0 0
322 245 0 0
321 245 0 0
203 245 0 1
202 245 0 1
201 245 0 1
200 245 0 1
199 245 0 1
198 245 0 1
164 245 0 0
163 245 0 0
162 245 0 0
161 245 0 0
324 244 0 0
323 244 0 0
322 244 0 0
321 244 0 0
203 244 0 1
202 244 0 1
201 244 0 1
200 244 0 1
199 244 0 1
198 244 0 1
164 244 0 0
163 244 0 0
162 244 0 0
161 244 0 0
324 243 0 0
323 243 0 0
322 243 0 0
321 243 0 0
204 243 0 1
203 243 0 1
202 243 0 1
201 243 0 1
200 243 0 1
199 243 0 1
164 243 0 0
163 243 0 0
162 243 0 0
161 243 0 0
324 242 0 0
323 242 0 0
322 242 0 0
321 242 0 0
204 242 0 1
203 242 0 1
202 242 0 1
201 242 0 1
200 242 0 1
199 242 0 1
164 242 0 0
163 242 0 0
162 242 0 0
161 242 0 0
324 241 0 0
323 241 0 0
322 241 0 0
321 241 0 0
205 241 0 1
204 241 0 1
203 241 0 1
202 241 0 1
201 241 0 1
200 241 0 1
164 241 0 0
163 241 0 0
162 241 0 0
161 241 0 0
324 240 0 0
323 240 0 0
322 240 0 0
321 240 0 0
205 240 0 1
204 240 0 1
203 240 0 1
202 240 0 1
201 240 0 1
200 240 0 1
164 240 0 0
163 240 0 0
162 240 0 0
161 240 0 0
324 239 0 0
323 239 0 0
322 239 0 0
321 239 0 0
205 239 0 1
204 239 0 1
203 239 0 1
202 239 0 1
201 239 0 1
200 239 0 1
164 239 0 0
163 239 0 0
162 239 0 0
161 239 0 0
324 238 0 0
323 238 0 0
322 238 0 0
321 238 0 0
206 238 0 1
205 238 0 1
204 238 0 1
203 238 0 1
202 238 0 1
201 238 0 1
164 238 0 0
163 238 0 0
162 238 0 0
161 238 0 0
324 237 0 0
323 237 0 0
322 237 0 0
321 237 0 0
206 237 0 1
205 237 0 1
204 237 0 1
203 237 0 1
202 237 0 1
164 237 0 0
163 237 0 0
162 237 0 0
161 237 0 0
324 236 0 0
323 236 0 0
322 236 0 0
321 236 0 0
207 236 0 1
206 236 0 1
205 236 0 1
204 236 0 1
203 236 0 1
202 236 0 1
164 236 0 0
163 236 0 0
162 236 0 0
161 236 0 0
324 235 0 0
323 235 0 0
322 235 0 0
321 235 0 0
207 235 0 1
206 235 0 1
205 235 0 1
204 235 0 1
203 235 0 1
202 235 0 1
164 235 0 0
163 235 0 0
162 235 0 0
161 235 0 0
324 234 0 0
323 234 0 0
322 234 0 0
321 234 0 0
208 234 0 1
207 234 0 1
206 234 0 1
205 234 0 1
204 234 0 1
203 234 0 1
164 234 0 0
163 234 0 0
162 234 0 0
161 234 0 0
324 233 0 0
323 233 0 0
322 233 0 0
321 233 0 0
208 233 0 1
207 233 0 1
206 233 0 1
205 233 0 1
204 233 0 1
203 233 0 1
164 233 0 0
163 233 0 0
162 233 0 0
161 233 0 0
324 232 0 0
323 232 0 0
322 232 0 0
321 232 0 0
208 232 0 1
207 232 0 1
206 232 0 1
205 232 0 1
204 232 0 1
164 232 0 0
163 232 0 0
162 232 0 0
161 232 0 0
324 231 0 0
323 231 0 0
322 231 0 0
321 231 0 0
208 231 0 1
207 231 0 1
206 231 0 1
205 231 0 1
204 231 0 1
164 231 0 0
163 231 0 0
162 231 0 0
161 231 0 0
324 230 0 0
323 230 0 0
322 230 0 0
321 230 0 0
208 230 0 1
207 230 0 1
206 230 0 1
205 230 0 1
204 230 0 1
164 230 0 0
163 230 0 0
162 230 0 0
161 230 0 0
324 229 0 0
323 229 0 0
322 229 0 0
321 229 0 0
209 229 0 1
208 229 0 1
207 229 0 1
206 229 0 1
205 229 0 1
204 229 0 1
164 229 0 0
163 229 0 0
162 229 0 0
161 229 0 0
324 228 0 0
323 228 0 0
322 228 0 0
321 228 0 0
209 228 0 1
208 228 0 1
207 228 0 1
206 228 0 1
205 228 0 1
204 228 0 1
164 228 0 0
163 228 0 0
162 228 0 0
161 228 0 0
324 227 0 0
323 227 0 0
322 227 0 0
321 227 0 0
209 227 0 1
208 227 0 1
207 227 0 1
206 227 0 1
205 227 0 1
164 227 0 0
163 227 0 0
162 227 0 0
161 227 0 0
324 226 0 0
323 226 0 0
322 226 0 0
321 226 0 0
210 226 0 1
209 226 0 1
208 226 0 1
207 226 0 1
206 226 0 1
205 226 0 1
164 226 0 0
163 226 0 0
162 226 0 0
161 226 0 0
324 225 0 0
323 225 0 0
322 225 0 0
321 225 0 0
320 225 0 0
210 225 0 1
209 225 0 1
208 225 0 1
207 225 0 1
206 225 0 1
205 225 0 1
164 225 0 0
163 225 0 0
162 225 0 0
161 225 0 0
160 225 0 0
324 224 0 0
323 224 0 0
322 224 0 0
321 224 0 0
320 224 0 0
210 224 0 1
209 224 0 1
208 224 0 1
207 224 0 1
206 224 0 1
164 224 0 0
163 224 0 0
162 224 0 0
161 224 0 0
160 224 0 0
324 223 0 0
323 223 0 0
322 223 0 0
321 223 0 0
320 223 0 0
211 223 0 1
210 223 0 1
209 223 0 1
208 223 0 1
207 223 0 1
206 223 0 1
164 223 0 0
163 223 0 0
162 223 0 0
161 223 0 0
160 223 0 0
159 223 0 0
324 222 0 0
323 222 0 0
322 222 0 0
321 222 0 0
320 222 0 0
211 222 0 1
210 222 0 1
209 222 0 1
208 222 0 1
207 222 0 1
206 222 0 1
164 222 0 0
163 222 0 0
162 222 0 0
161 222 0 0
160 222 0 0
159 222 0 0
324 221 0 0
323 221 0 0
322 221 0 0
321 221 0 0
320 221 0 0
211 221 0 1
210 221 0 1
209 221 0 1
208 221 0 1
207 221 0 1
163 221 0 0
162 221 0 0
161 221 0 0
160 221 0 0
159 221 0 0
324 220 0 0
323 220 0 0
322 220 0 0
321 220 0 0
320 220 0 0
319 220 0 0
211 220 0 1
210 220 0 1
209 220 0 1
208 220 0 1
207 220 0 1
163 220 0 0
162 220 0 0
161 220 0 0
160 220 0 0
159 220 0 0
323 219 0 0
322 219 0 0
321 219 0 0
320 219 0 0
319 219 0 0
286 219 0 1
285 219 0 1
284 219 0 1
283 219 0 1
211 219 0 1
210 219 0 1
209 219 0 1
208 219 0 1
207 219 0 1
323 218 0 0
322 218 0 0
321 218 0 0
320 218 0 0
319 218 0 0
286 218 0 1
285 218 0 1
284 218 0 1
283 218 0 1
212 218 0 1
211 218 0 1
210 218 0 1
209 218 0 1
208 218 0 1
207 218 0 1
323 217 0 0
322 217 0 0
321 217 0 0
320 217 0 0
319 217 0 0
286 217 0 1
285 217 0 1
284 217 0 1
283 217 0 1
212 217 0 1
211 217 0 1
210 217 0 1
209 217 0 1
208 217 0 1
207 217 0 1
323 216 0 0
322 216 0 0
321 216 0 0
320 216 0 0
319 216 0 0
318 216 0 0
286 216 0 1
285 216 0 1
284 216 0 1
283 216 0 1
282 216 0 1
281 216 0 1
212 216 0 1
211 216 0 1
210 216 0 1
209 216 0 1
208 216 0 1
323 215 0 0
322 215 0 0
321 215 0 0
320 215 0 0
319 215 0 0
318 215 0 0
286 215 0 1
285 215 0 1
284 215 0 1
283 215 0 1
282 215 0 1
281 215 0 1
212 215 0 1
211 215 0 1
210 215 0 1
209 215 0 1
208 215 0 1
322 214 0 0
321 214 0 0
320 214 0 0
319 214 0 0
318 214 0 0
317 214 0 0
286 214 0 1
285 214 0 1
284 214 0 1
283 214 0 1
282 214 0 1
281 214 0 1
280 214 0 1
212 214 0 1
211 214 0 1
210 214 0 1
209 214 0 1
208 214 0 1
322 213 0 0
321 213 0 0
320 213 0 0
319 213 0 0
318 213 0 0
317 213 0 0
285 213 0 1
284 213 0 1
283 213 0 1
282 213 0 1
281 213 0 1
280 213 0 1
213 213 0 1
212 213 0 1
211 213 0 1
210 213 0 1
209 213 0 1
321 212 0 0
320 212 0 0
319 212 0 0
318 212 0 0
317 212 0 0
316 212 0 0
284 212 0 1
283 212 0 1
282 212 0 1
281 212 0 1
280 212 0 1
279 212 0 1
278 212 0 1
214 212 0 1
213 212 0 1
212 212 0 1
211 212 0 1
210 212 0 1
209 212 0 1
321 211 0 0
320 211 0 0
319 211 0 0
318 211 0 0
317 211 0 0
316 211 0 0
284 211 0 1
283 211 0 1
282 211 0 1
281 211 0 1
280 211 0 1
279 211 0 1
278 211 0 1
277 211 0 1
215 211 0 1
214 211 0 1
213 211 0 1
212 211 0 1
211 211 0 1
210 211 0 1
209 211 0 1
320 210 0 0
319 210 0 0
318 210 0 0
317 210 0 0
316 210 0 0
283 210 0 1
282 210 0 1
281 210 0 1
280 210 0 1
279 210 0 1
278 210 0 1
277 210 0 1
276 210 0 1
275 210 0 1
215 210 0 1
214 210 0 1
213 210 0 1
212 210 0 1
211 210 0 1
210 210 0 1
209 210 0 1
320 209 0 0
319 209 0 0
318 209 0 0
317 209 0 0
316 209 0 0
283 209 0 1
282 209 0 1
281 209 0 1
280 209 0 1
279 209 0 1
278 209 0 1
277 209 0 1
276 209 0 1
275 209 0 1
274 209 0 1
216 209 0 1
215 209 0 1
214 209 0 1
213 209 0 1
212 209 0 1
211 209 0 1
210 209 0 1
320 208 0 0
319 208 0 0
318 208 0 0
317 208 0 0
316 208 0 0
281 208 0 1
280 208 0 1
279 208 0 1
278 208 0 1
277 208 0 1
276 208 0 1
275 208 0 1
274 208 0 1
273 208 0 1
216 208 0 1
215 208 0 1
214 208 0 1
213 208 0 1
212 208 0 1
211 208 0 1
320 207 0 0
319 207 0 0
318 207 0 0
317 207 0 0
316 207 0 0
279 207 0 1
278 207 0 1
277 207 0 1
276 207 0 1
275 207 0 1
274 207 0 1
273 207 0 1
272 207 0 1
217 207 0 1
216 207 0 1
215 207 0 1
214 207 0 1
213 207 0 1
212 207 0 1
320 206 0 0
319 206 0 0
318 206 0 0
317 206 0 0
316 206 0 0
315 206 0 0
277 206 0 1
276 206 0 1
275 206 0 1
274 206 0 1
273 206 0 1
272 206 0 1
271 206 0 1
217 206 0 1
216 206 0 1
215 206 0 1
214 206 0 1
213 206 0 1
212 206 0 1
319 205 0 0
318 205 0 0
317 205 0 0
316 205 0 0
315 205 0 0
276 205 0 1
275 205 0 1
274 205 0 1
273 205 0 1
272 205 0 1
271 205 0 1
270 205 0 1
217 205 0 1
216 205 0 1
215 205 0 1
214 205 0 1
213 205 0 1
319 204 0 0
318 204 0 0
317 204 0 0
316 204 0 0
315 204 0 0
275 204 0 1
274 204 0 1
273 204 0 1
272 204 0 1
271 204 0 1
270 204 0 1
269 204 0 1
218 204 0 1
217 204 0 1
216 204 0 1
215 204 0 1
214 204 0 1
213 204 0 1
319 203 0 0
318 203 0 0
317 203 0 0
316 203 0 0
315 203 0 0
274 203 0 1
273 203 0 1
272 203 0 1
271 203 0 1
270 203 0 1
269 203 0 1
268 203 0 1
218 203 0 1
217 203 0 1
216 203 0 1
215 203 0 1
214 203 0 1
213 203 0 1
319 202 0 0
318 202 0 0
317 202 0 0
316 202 0 0
315 202 0 0
273 202 0 1
272 202 0 1
271 202 0 1
270 202 0 1
269 202 0 1
268 202 0 1
267 202 0 1
219 202 0 1
218 202 0 1
217 202 0 1
216 202 0 1
215 202 0 1
214 202 0 1
319 201 0 0
318 201 0 0
317 201 0 0
316 201 0 0
315 201 0 0
272 201 0 1
271 201 0 1
270 201 0 1
269 201 0 1
268 201 0 1
267 201 0 1
266 201 0 1
265 201 0 1
219 201 0 1
218 201 0 1
217 201 0 1
216 201 0 1
215 201 0 1
214 201 0 1
318 200 0 0
317 200 0 0
316 200 0 0
315 200 0 0
271 200 0 1
270 200 0 1
269 200 0 1
268 200 0 1
267 200 0 1
266 200 0 1
265 200 0 1
264 200 0 1
219 200 0 1
218 200 0 1
217 200 0 1
216 200 0 1
215 200 0 1
318 199 0 0
317 199 0 0
316 199 0 0
315 199 0 0
270 199 0 1
269 199 0 1
268 199 0 1
267 199 0 1
266 199 0 1
265 199 0 1
264 199 0 1
263 199 0 1
262 199 0 1
220 199 0 1
219 199 0 1
218 199 0 1
217 199 0 1
216 199 0 1
215 199 0 1
318 198 0 0
317 198 0 0
316 198 0 0
315 198 0 0
269 198 0 1
268 198 0 1
267 198 0 1
266 198 0 1
265 198 0 1
264 198 0 1
263 198 0 1
262 198 0 1
261 198 0 1
220 198 0 1
219 198 0 1
218 198 0 1
217 198 0 1
216 198 0 1
215 198 0 1
318 197 0 0
317 197 0 0
316 197 0 0
315 197 0 0
268 197 0 1
267 197 0 1
266 197 0 1
265 197 0 1
264 197 0 1
263 197 0 1
262 197 0 1
261 197 0 1
260 197 0 1
259 197 0 1
220 197 0 1
219 197 0 1
218 197 0 1
217 197 0 1
216 197 0 1
318 196 0 0
317 196 0 0
316 196 0 0
315 196 0 0
267 196 0 1
266 196 0 1
265 196 0 1
264 196 0 1
263 196 0 1
262 196 0 1
261 196 0 1
260 196 0 1
259 196 0 1
258 196 0 1
220 196 0 1
219 196 0 1
218 196 0 1
217 196 0 1
216 196 0 1
318 195 0 0
317 195 0 0
316 195 0 0
315 195 0 0
265 195 0 1
264 195 0 1
263 195 0 1
262 195 0 1
261 195 0 1
260 195 0 1
259 195 0 1
258 195 0 1
257 195 0 1
256 195 0 1
255 195 0 1
221 195 0 1
220 195 0 1
219 195 0 1
218 195 0 1
217 195 0 1
318 194 0 0
317 194 0 0
316 194 0 0
315 194 0 0
264 194 0 1
263 194 0 1
262 194 0 1
261 194 0 1
260 194 0 1
259 194 0 1
258 194 0 1
257 194 0 1
256 194 0 1
255 194 0 1
254 194 0 1
221 194 0 1
220 194 0 1
219 194 0 1
218 194 0 1
217 194 0 1
318 193 0 0
317 193 0 0
316 193 0 0
315 193 0 0
261 193 0 1
260 193 0 1
259 193 0 1
258 193 0 1
257 193 0 1
256 193 0 1
255 193 0 1
254 193 0 1
253 193 0 1
222 193 0 1
221 193 0 1
220 193 0 1
219 193 0 1
218 193 0 1
217 193 0 1
318 192 0 0
317 192 0 0
316 192 0 0
315 192 0 0
261 192 0 1
260 192 0 1
259 192 0 1
258 192 0 1
257 192 0 1
256 192 0 1
255 192 0 1
254 192 0 1
253 192 0 1
222 192 0 1
221 192 0 1
220 192 0 1
219 192 0 1
218 192 0 1
318 191 0 0
317 191 0 0
316 191 0 0
315 191 0 0
258 191 0 1
257 191 0 1
256 191 0 1
255 191 0 1
254 191 0 1
253 191 0 1
252 191 0 1
222 191 0 1
221 191 0 1
220 191 0 1
219 191 0 1
218 191 0 1
318 190 0 0
317 190 0 0
316 190 0 0
315 190 0 0
256 190 0 1
255 190 0 1
254 190 0 1
253 190 0 1
252 190 0 1
251 190 0 1
250 190 0 1
223 190 0 1
222 190 0 1
221 190 0 1
220 190 0 1
219 190 0 1
318 189 0 0
317 189 0 0
316 189 0 0
315 189 0 0
256 189 0 1
255 189 0 1
254 189 0 1
253 189 0 1
252 189 0 1
251 189 0 1
250 189 0 1
249 189 0 1
223 189 0 1
222 189 0 1
221 189 0 1
220 189 0 1
219 189 0 1
318 188 0 0
317 188 0 0
316 188 0 0
315 188 0 0
255 188 0 1
254 188 0 1
253 188 0 1
252 188 0 1
251 188 0 1
250 188 0 1
249 188 0 1
223 188 0 1
222 188 0 1
221 188 0 1
220 188 0 1
219 188 0 1
318 187 0 0
317 187 0 0
316 187 0 0
315 187 0 0
254 187 0 1
253 187 0 1
252 187 0 1
251 187 0 1
250 187 0 1
249 187 0 1
223 187 0 1
222 187 0 1
221 187 0 1
220 187 0 1
219 187 0 1
318 186 0 0
317 186 0 0
316 186 0 0
315 186 0 0
253 186 0 1
252 186 0 1
251 186 0 1
250 186 0 1
249 186 0 1
248 186 0 1
223 186 0 1
222 186 0 1
221 186 0 1
220 186 0 1
219 186 0 1
318 185 0 0
317 185 0 0
316 185 0 0
315 185 0 0
252 185 0 1
251 185 0 1
250 185 0 1
249 185 0 1
248 185 0 1
224 185 0 1
223 185 0 1
222 185 0 1
221 185 0 1
220 185 0 1
318 184 0 0
317 184 0 0
316 184 0 0
315 184 0 0
252 184 0 1
251 184 0 1
250 184 0 1
249 184 0 1
248 184 0 1
224 184 0 1
223 184 0 1
222 184 0 1
221 184 0 1
220 184 0 1
318 183 0 0
317 183 0 0
316 183 0 0
315 183 0 0
251 183 0 1
250 183 0 1
249 183 0 1
248 183 0 1
247 183 0 1
224 183 0 1
223 183 0 1
222 183 0 1
221 183 0 1
220 183 0 1
318 182 0 0
317 182 0 0
316 182 0 0
315 182 0 0
251 182 0 1
250 182 0 1
249 182 0 1
248 182 0 1
247 182 0 1
224 182 0 1
223 182 0 1
222 182 0 1
221 182 0 1
220 182 0 1
318 181 0 0
317 181 0 0
316 181 0 0
315 181 0 0
251 181 0 1
250 181 0 1
249 181 0 1
248 181 0 1
247 181 0 1
224 181 0 1
223 181 0 1
222 181 0 1
221 181 0 1
250 180 0 1
249 180 0 1
248 180 0 1
247 180 0 1
224 180 0 1
223 180 0 1
222 180 0 1
221 180 0 1
250 179 0 1
249 179 0 1
248 179 0 1
247 179 0 1
250 178 0 1
249 178 0 1
248 178 0 1
247 178 0 1
250 177 0 1
249 177 0 1
248 177 0 1
247 177 0 1
250 176 0 1
249 176 0 1
248 176 0 1
247 176 0 1
250 175 0 1
249 175 0 1
248 175 0 1
247 175 0 1
250 174 0 1
249 174 0 1
248 174 0 1
247 174 0 1
250 173 0 1
249 173 0 1
248 173 0 1
247 173 0 1
250 172 0 1
249 172 0 1
248 172 0 1
247 172 0 1
250 171 0 1
249 171 0 1
248 171 0 1
247 171 0 1
250 170 0 1
249 170 0 1
248 170 0 1
247 170 0 1
250 169 0 1
249 169 0 1
248 169 0 1
247 169 0 1
246 169 0 1
250 168 0 1
249 168 0 1
248 168 0 1
247 168 0 1
246 168 0 1
250 167 0 1
249 167 0 1
248 167 0 1
247 167 0 1
246 167 0 1
245 167 0 1
244 167 0 1
249 166 0 1
248 166 0 1
247 166 0 1
246 166 0 1
245 166 0 1
244 166 0 1
249 165 0 1
248 165 0 1
247 165 0 1
246 165 0 1
245 165 0 1
244 165 0 1
243 165 0 1
249 164 0 1
248 164 0 1
247 164 0 1
246 164 0 1
245 164 0 1
244 164 0 1
243 164 0 1
247 163 0 1
246 163 0 1
245 163 0 1
244 163 0 1
243 163 0 1
247 162 0 1
246 162 0 1
245 162 0 1
244 162 0 1
243 162 0 1
242 162 0 1
246 161 0 1
245 161 0 1
244 161 0 1
243 161 0 1
242 161 0 1
241 161 0 1
246 160 0 1
245 160 0 1
244 160 0 1
243 160 0 1
242 160 0 1
241 160 0 1
240 160 0 1
239 160 0 1
246 159 0 1
245 159 0 1
244 159 0 1
243 159 0 1
242 159 0 1
241 159 0 1
240 159 0 1
239 159 0 1
244 158 0 1
243 158 0 1
242 158 0 1
241 158 0 1
240 158 0 1
239 158 0 1
238 158 0 1
237 158 0 1
243 157 0 1
242 157 0 1
241 157 0 1
240 157 0 1
239 157 0 1
238 157 0 1
237 157 0 1
242 156 0 1
241 156 0 1
240 156 0 1
239 156 0 1
238 156 0 1
237 156 0 1
236 156 0 1
235 156 0 1
234 156 0 1
241 155 0 1
240 155 0 1
239 155 0 1
238 155 0 1
237 155 0 1
236 155 0 1
235 155 0 1
234 155 0 1
233 155 0 1
240 154 0 1
239 154 0 1
238 154 0 1
237 154 0 1
236 154 0 1
235 154 0 1
234 154 0 1
233 154 0 1
239 153 0 1
238 153 0 1
237 153 0 1
236 153 0 1
235 153 0 1
234 153 0 1
233 153 0 1
237 152 0 1
236 152 0 1
235 152 0 1
234 152 0 1
233 152 0 1
232 152 0 1
231 152 0 1
236 151 0 1
235 151 0 1
234 151 0 1
233 151 0 1
232 151 0 1
231 151 0 1
230 151 0 1
236 150 0 1
235 150 0 1
234 150 0 1
233 150 0 1
232 150 0 1
231 150 0 1
230 150 0 1
229 150 0 1
228 150 0 1
235 149 0 1
234 149 0 1
233 149 0 1
232 149 0 1
231 149 0 1
230 149 0 1
229 149 0 1
228 149 0 1
227 149 0 1
226 149 0 1
234 148 0 1
233 148 0 1
232 148 0 1
231 148 0 1
230 148 0 1
229 148 0 1
228 148 0 1
227 148 0 1
226 148 0 1
225 148 0 1
232 147 0 1
231 147 0 1
230 147 0 1
229 147 0 1
228 147 0 1
227 147 0 1
226 147 0 1
225 147 0 1
224 147 0 1
231 146 0 1
230 146 0 1
229 146 0 1
228 146 0 1
227 146 0 1
226 146 0 1
225 146 0 1
224 146 0 1
223 146 0 1
222 146 0 1
229 145 0 1
228 145 0 1
227 145 0 1
226 145 0 1
225 145 0 1
224 145 0 1
223 145 0 1
222 145 0 1
221 145 0 1
227 144 0 1
226 144 0 1
225 144 0 1
224 144 0 1
223 144 0 1
222 144 0 1
221 144 0 1
220 144 0 1
226 143 0 1
225 143 0 1
224 143 0 1
223 143 0 1
222 143 0 1
221 143 0 1
220 143 0 1
219 143 0 1
224 142 0 1
223 142 0 1
222 142 0 1
221 142 0 1
220 142 0 1
219 142 0 1
218 142 0 1
217 142 0 1
223 141 0 1
222 141 0 1
221 141 0 1
220 141 0 1
219 141 0 1
218 141 0 1
217 141 0 1
216 141 0 1
215 141 0 1
214 141 0 1
222 140 0 1
221 140 0 1
220 140 0 1
219 140 0 1
218 140 0 1
217 140 0 1
216 140 0 1
215 140 0 1
214 140 0 1
221 139 0 1
220 139 0 1
219 139 0 1
218 139 0 1
217 139 0 1
216 139 0 1
215 139 0 1
214 139 0 1
219 138 0 1
218 138 0 1
217 138 0 1
216 138 0 1
215 138 0 1
214 138 0 1
210 124 0 0
209 124 0 0
208 124 0 0
207 124 0 0
206 124 0 0
205 124 0 0
204 124 0 0
203 124 0 0
202 124 0 0
201 124 0 0
200 124 0 0
199 124 0 0
198 124 0 0
197 124 0 0
196 124 0 0
195 124 0 0
194 124 0 0
193 124 0 0
192 124 0 0
191 124 0 0
190 124 0 0
189 124 0 0
188 124 0 0
187 124 0 0
186 124 0 0
185 124 0 0
184 124 0 0
183 124 0 0
182 124 0 0
181 124 0 0
180 124 0 0
179 124 0 0
178 124 0 0
177 124 0 0
176 124 0 0
175 124 0 0
174 124 0 0
173 124 0 0
172 124 0 0
171 124 0 0
170 124 0 0
169 124 0 0
168 124 0 0
167 124 0 0
166 124 0 0
165 124 0 0
164 124 0 0
163 124 0 0
162 124 0 0
161 124 0 0
214 123 0 0
213 123 0 0
212 123 0 0
211 123 0 0
210 123 0 0
209 123 0 0
208 123 0 0
207 123 0 0
206 123 0 0
205 123 0 0
204 123 0 0
203 123 0 0
202 123 0 0
201 123 0 0
200 123 0 0
199 123 0 0
198 123 0 0
197 123 0 0
196 123 0 0
195 123 0 0
194 123 0 0
193 123 0 0
192 123 0 0
191 123 0 0
190 123 0 0
189 123 0 0
188 123 0 0
187 123 0 0
186 123 0 0
185 123 0 0
184 123 0 0
183 123 0 0
182 123 0 0
181 123 0 0
180 123 0 0
179 123 0 0
178 123 0 0
177 123 0 0
176 123 0 0
175 123 0 0
174 123 0 0
173 123 0 0
172 123 0 0
171 123 0 0
170 123 0 0
169 123 0 0
168 123 0 0
167 123 0 0
166 123 0 0
165 123 0 0
164 123 0 0
163 123 0 0
162 123 0 0
161 123 0 0
218 122 0 0
217 122 0 0
216 122 0 0
215 122 0 0
214 122 0 0
213 122 0 0
212 122 0 0
211 122 0 0
210 122 0 0
209 122 0 0
208 122 0 0
207 122 0 0
206 122 0 0
205 122 0 0
204 122 0 0
203 122 0 0
202 122 0 0
201 122 0 0
200 122 0 0
199 122 0 0
198 122 0 0
197 122 0 0
196 122 0 0
195 122 0 0
194 122 0 0
193 122 0 0
192 122 0 0
191 122 0 0
190 122 0 0
189 122 0 0
188 122 0 0
187 122 0 0
186 122 0 0
185 122 0 0
184 122 0 0
183 122 0 0
182 122 0 0
181 122 0 0
180 122 0 0
179 122 0 0
178 122 0 0
177 122 0 0
176 122 0 0
175 122 0 0
174 122 0 0
173 122 0 0
172 122 0 0
171 122 0 0
170 122 0 0
169 122 0 0
168 122 0 0
167 122 0 0
166 122 0 0
165 122 0 0
164 122 0 0
163 122 0 0
162 122 0 0
161 122 0 0
222 121 0 0
221 121 0 0
220 121 0 0
219 121 0 0
218 121 0 0
217 121 0 0
216 121 0 0
215 121 0 0
214 121 0 0
213 121 0 0
212 121 0 0
211 121 0 0
210 121 0 0
209 121 0 0
208 121 0 0
207 121 0 0
206 121 0 0
205 121 0 0
204 121 0 0
203 121 0 0
202 121 0 0
201 121 0 0
200 121 0 0
199 121 0 0
198 121 0 0
197 121 0 0
196 121 0 0
195 121 0 0
194 121 0 0
193 121 0 0
192 121 0 0
191 121 0 0
190 121 0 0
189 121 0 0
188 121 0 0
187 121 0 0
186 121 0 0
185 121 0 0
184 121 0 0
183 121 0 0
182 121 0 0
181 121 0 0
180 121 0 0
179 121 0 0
178 121 0 0
177 121 0 0
176 121 0 0
175 121 0 0
174 121 0 0
173 121 0 0
172 121 0 0
171 121 0 0
170 121 0 0
169 121 0 0
168 121 0 0
167 121 0 0
166 121 0 0
165 121 0 0
164 121 0 0
163 121 0 0
162 121 0 0
161 121 0 0
233 120 0 0
232 120 0 0
231 120 0 0
230 120 0 0
229 120 0 0
228 120 0 0
227 120 0 0
226 120 0 0
225 120 0 0
224 120 0 0
223 120 0 0
222 120 0 0
221 120 0 0
220 120 0 0
219 120 0 0
218 120 0 0
217 120 0 0
216 120 0 0
215 120 0 0
214 120 0 0
213 120 0 0
212 120 0 0
211 120 0 0
210 120 0 0
209 120 0 0
208 120 0 0
207 120 0 0
206 120 0 0
205 120 0 0
243 119 0 0
242 119 0 0
241 119 0 0
240 119 0 0
239 119 0 0
238 119 0 0
237 119 0 0
236 119 0 0
235 119 0 0
234 119 0 0
233 119 0 0
232 119 0 0
231 119 0 0
230 119 0 0
229 119 0 0
228 119 0 0
227 119 0 0
226 119 0 0
225 119 0 0
224 119 0 0
223 119 0 0
222 119 0 0
221 119 0 0
220 119 0 0
219 119 0 0
218 119 0 0
217 119 0 0
216 119 0 0
215 119 0 0
214 119 0 0
213 119 0 0
212 119 0 0
211 119 0 0
210 119 0 0
209 119 0 0
278 118 0 0
277 118 0 0
276 118 0 0
275 118 0 0
274 118 0 0
273 118 0 0
272 118 0 0
271 118 0 0
270 118 0 0
269 118 0 0
268 118 0 0
267 118 0 0
266 118 0 0
265 118 0 0
264 118 0 0
263 118 0 0
262 118 0 0
261 118 0 0
260 118 0 0
259 118 0 0
258 118 0 0
257 118 0 0
256 118 0 0
255 118 0 0
254 118 0 0
253 118 0 0
252 118 0 0
251 118 0 0
250 118 0 0
249 118 0 0
248 118 0 0
247 118 0 0
246 118 0 0
245 118 0 0
244 118 0 0
243 118 0 0
242 118 0 0
241 118 0 0
240 118 0 0
239 118 0 0
238 118 0 0
237 118 0 0
236 118 0 0
235 118 0 0
234 118 0 0
233 118 0 0
232 118 0 0
231 118 0 0
230 118 0 0
229 118 0 0
228 118 0 0
227 118 0 0
226 118 0 0
225 118 0 0
224 118 0 0
223 118 0 0
222 118 0 0
221 118 0 0
220 118 0 0
219 118 0 0
218 118 0 0
217 118 0 0
216 118 0 0
215 118 0 0
214 118 0 0
213 118 0 0
278 117 0 0
277 117 0 0
276 117 0 0
275 117 0 0
274 117 0 0
273 117 0 0
272 117 0 0
271 117 0 0
270 117 0 0
269 117 0 0
268 117 0 0
267 117 0 0
266 117 0 0
265 117 0 0
264 117 0 0
263 117 0 0
262 117 0 0
261 117 0 0
260 117 0 0
259 117 0 0
258 117 0 0
257 117 0 0
256 117 0 0
255 117 0 0
254 117 0 0
253 117 0 0
252 117 0 0
251 117 0 0
250 117 0 0
249 117 0 0
248 117 0 0
247 117 0 0
246 117 0 0
245 117 0 0
244 117 0 0
243 117 0 0
242 117 0 0
241 117 0 0
240 117 0 0
239 117 0 0
238 117 0 0
237 117 0 0
236 117 0 0
235 117 0 0
234 117 0 0
233 117 0 0
232 117 0 0
231 117 0 0
230 117 0 0
229 117 0 0
228 117 0 0
227 117 0 0
226 117 0 0
225 117 0 0
224 117 0 0
223 117 0 0
222 117 0 0
221 117 0 0
220 117 0 0
219 117 0 0
218 117 0 0
217 117 0 0
278 116 0 0
277 116 0 0
276 116 0 0
275 116 0 0
274 116 0 0
273 116 0 0
272 116 0 0
271 116 0 0
270 116 0 0
269 116 0 0
268 116 0 0
267 116 0 0
266 116 0 0
265 116 0 0
264 116 0 0
263 116 0 0
262 116 0 0
261 116 0 0
260 116 0 0
259 116 0 0
258 116 0 0
257 116 0 0
256 116 0 0
255 116 0 0
254 116 0 0
253 116 0 0
252 116 0 0
251 116 0 0
250 116 0 0
249 116 0 0
248 116 0 0
247 116 0 0
246 116 0 0
245 116 0 0
244 116 0 0
243 116 0 0
242 116 0 0
241 116 0 0
240 116 0 0
239 116 0 0
238 116 0 0
237 116 0 0
236 116 0 0
235 116 0 0
234 116 0 0
233 116 0 0
232 116 0 0
231 116 0 0
230 116 0 0
229 116 0 0
228 116 0 0
227 116 0 0
226 116 0 0
225 116 0 0
224 116 0 0
223 116 0 0
222 116 0 0
278 115 0 0
277 115 0 0
276 115 0 0
275 115 0 0
274 115 0 0
273 115 0 0
272 115 0 0
271 115 0 0
270 115 0 0
269 115 0 0
268 115 0 0
267 115 0 0
266 115 0 0
265 115 0 0
264 115 0 0
263 115 0 0
262 115 0 0
261 115 0 0
260 115 0 0
259 115 0 0
258 115 0 0
257 115 0 0
256 115 0 0
255 115 0 0
254 115 0 0
253 115 0 0
252 115 0 0
251 115 0 0
250 115 0 0
249 115 0 0
248 115 0 0
247 115 0 0
246 115 0 0
245 115 0 0
244 115 0 0
243 115 0 0
242 115 0 0
241 115 0 0
240 115 0 0
239 115 0 0
238 115 0 0
237 115 0 0
236 115 0 0
235 115 0 0
234 115 0 0
