6415 640 480
361 463 0 0
360 463 0 0
359 463 0 0
358 463 0 0
357 463 0 0
356 463 0 0
355 463 0 0
354 463 0 0
353 463 0 0
352 463 0 0
351 463 0 0
350 463 0 0
349 463 0 0
348 463 0 0
347 463 0 0
346 463 0 0
345 463 0 0
344 463 0 0
343 463 0 0
342 463 0 0
341 463 0 0
340 463 0 0
339 463 0 0
338 463 0 0
337 463 0 0
336 463 0 0
335 463 0 0
334 463 0 0
333 463 0 0
332 463 0 0
331 463 0 0
330 463 0 0
329 463 0 0
328 463 0 0
327 463 0 0
326 463 0 0
325 463 0 0
324 463 0 0
323 463 0 0
322 463 0 0
321 463 0 0
320 463 0 0
319 463 0 0
369 462 0 0
368 462 0 0
367 462 0 0
366 462 0 0
365 462 0 0
364 462 0 0
363 462 0 0
362 462 0 0
361 462 0 0
360 462 0 0
359 462 0 0
358 462 0 0
357 462 0 0
356 462 0 0
355 462 0 0
354 462 0 0
353 462 0 0
352 462 0 0
351 462 0 0
350 462 0 0
349 462 0 0
348 462 0 0
347 462 0 0
346 462 0 0
345 462 0 0
344 462 0 0
343 462 0 0
342 462 0 0
341 462 0 0
340 462 0 0
339 462 0 0
338 462 0 0
337 462 0 0
336 462 0 0
335 462 0 0
334 462 0 0
333 462 0 0
332 462 0 0
331 462 0 0
330 462 0 0
329 462 0 0
328 462 0 0
327 462 0 0
326 462 0 0
325 462 0 0
324 462 0 0
323 462 0 0
322 462 0 0
321 462 0 0
320 462 0 0
319 462 0 0
318 462 0 0
317 462 0 0
316 462 0 0
315 462 0 0
373 461 0 0
372 461 0 0
371 461 0 0
370 461 0 0
369 461 0 0
368 461 0 0
367 461 0 0
366 461 0 0
365 461 0 0
364 461 0 0
363 461 0 0
362 461 0 0
361 461 0 0
360 461 0 0
359 461 0 0
358 461 0 0
357 461 0 0
356 461 0 0
355 461 0 0
354 461 0 0
353 461 0 0
352 461 0 0
351 461 0 0
350 461 0 0
349 461 0 0
348 461 0 0
347 461 0 0
346 461 0 0
345 461 0 0
344 461 0 0
343 461 0 0
342 461 0 0
341 461 0 0
340 461 0 0
339 461 0 0
338 461 0 0
337 461 0 0
336 461 0 0
335 461 0 0
334 461 0 0
333 461 0 0
332 461 0 0
331 461 0 0
330 461 0 0
329 461 0 0
328 461 0 0
327 461 0 0
326 461 0 0
325 461 0 0
324 461 0 0
323 461 0 0
322 461 0 0
321 461 0 0
320 461 0 0
319 461 0 0
318 461 0 0
317 461 0 0
316 461 0 0
315 461 0 0
314 461 0 0
313 461 0 0
312 461 0 0
311 461 0 0
310 461 0 0
376 460 0 0
375 460 0 0
374 460 0 0
373 460 0 0
372 460 0 0
371 460 0 0
370 460 0 0
369 460 0 0
368 460 0 0
367 460 0 0
366 460 0 0
365 460 0 0
364 460 0 0
363 460 0 0
362 460 0 0
361 460 0 0
360 460 0 0
359 460 0 0
358 460 0 0
357 460 0 0
356 460 0 0
355 460 0 0
354 460 0 0
353 460 0 0
352 460 0 0
351 460 0 0
350 460 0 0
349 460 0 0
348 460 0 0
347 460 0 0
346 460 0 0
345 460 0 0
344 460 0 0
343 460 0 0
342 460 0 0
341 460 0 0
340 460 0 0
339 460 0 0
338 460 0 0
337 460 0 0
336 460 0 0
335 460 0 0
334 460 0 0
333 460 0 0
332 460 0 0
331 460 0 0
330 460 0 0
329 460 0 0
328 460 0 0
327 460 0 0
326 460 0 0
325 460 0 0
324 460 0 0
323 460 0 0
322 460 0 0
321 460 0 0
320 460 0 0
319 460 0 0
318 460 0 0
317 460 0 0
316 460 0 0
315 460 0 0
314 460 0 0
313 460 0 0
312 460 0 0
311 460 0 0
310 460 0 0
309 460 0 0
308 460 0 0
307 460 0 0
306 460 0 0
305 460 0 0
379 459 0 0
378 459 0 0
377 459 0 0
376 459 0 0
375 459 0 0
374 459 0 0
373 459 0 0
372 459 0 0
371 459 0 0
370 459 0 0
369 459 0 0
368 459 0 0
367 459 0 0
366 459 0 0
365 459 0 0
364 459 0 0
363 459 0 0
362 459 0 0
361 459 0 0
360 459 0 0
359 459 0 0
358 459 0 0
357 459 0 0
356 459 0 0
355 459 0 0
324 459 0 0
323 459 0 0
322 459 0 0
321 459 0 0
320 459 0 0
319 459 0 0
318 459 0 0
317 459 0 0
316 459 0 0
315 459 0 0
314 459 0 0
313 459 0 0
312 459 0 0
311 459 0 0
310 459 0 0
309 459 0 0
308 459 0 0
307 459 0 0
306 459 0 0
305 459 0 0
304 459 0 0
303 459 0 0
302 459 0 0
383 458 0 0
382 458 0 0
381 458 0 0
380 458 0 0
379 458 0 0
378 458 0 0
377 458 0 0
376 458 0 0
375 458 0 0
374 458 0 0
373 458 0 0
372 458 0 0
371 458 0 0
370 458 0 0
369 458 0 0
368 458 0 0
367 458 0 0
366 458 0 0
365 458 0 0
364 458 0 0
363 458 0 0
362 458 0 0
320 458 0 0
319 458 0 0
318 458 0 0
317 458 0 0
316 458 0 0
315 458 0 0
314 458 0 0
313 458 0 0
312 458 0 0
311 458 0 0
310 458 0 0
309 458 0 0
308 458 0 0
307 458 0 0
306 458 0 0
305 458 0 0
304 458 0 0
303 458 0 0
302 458 0 0
301 458 0 0
300 458 0 0
385 457 0 0
384 457 0 0
383 457 0 0
382 457 0 0
381 457 0 0
380 457 0 0
379 457 0 0
378 457 0 0
377 457 0 0
376 457 0 0
375 457 0 0
374 457 0 0
373 457 0 0
372 457 0 0
371 457 0 0
370 457 0 0
369 457 0 0
316 457 0 0
315 457 0 0
314 457 0 0
313 457 0 0
312 457 0 0
311 457 0 0
310 457 0 0
309 457 0 0
308 457 0 0
307 457 0 0
306 457 0 0
305 457 0 0
304 457 0 0
303 457 0 0
302 457 0 0
301 457 0 0
300 457 0 0
299 457 0 0
298 457 0 0
297 457 0 0
388 456 0 0
387 456 0 0
386 456 0 0
385 456 0 0
384 456 0 0
383 456 0 0
382 456 0 0
381 456 0 0
380 456 0 0
379 456 0 0
378 456 0 0
377 456 0 0
376 456 0 0
375 456 0 0
374 456 0 0
373 456 0 0
372 456 0 0
310 456 0 0
309 456 0 0
308 456 0 0
307 456 0 0
306 456 0 0
305 456 0 0
304 456 0 0
303 456 0 0
302 456 0 0
301 456 0 0
300 456 0 0
299 456 0 0
298 456 0 0
297 456 0 0
296 456 0 0
295 456 0 0
294 456 0 0
393 455 0 0
392 455 0 0
391 455 0 0
390 455 0 0
389 455 0 0
388 455 0 0
387 455 0 0
386 455 0 0
385 455 0 0
384 455 0 0
383 455 0 0
382 455 0 0
381 455 0 0
380 455 0 0
379 455 0 0
378 455 0 0
377 455 0 0
376 455 0 0
375 455 0 0
305 455 0 0
304 455 0 0
303 455 0 0
302 455 0 0
301 455 0 0
300 455 0 0
299 455 0 0
298 455 0 0
297 455 0 0
296 455 0 0
295 455 0 0
294 455 0 0
293 455 0 0
292 455 0 0
395 454 0 0
394 454 0 0
393 454 0 0
392 454 0 0
391 454 0 0
390 454 0 0
389 454 0 0
388 454 0 0
387 454 0 0
386 454 0 0
385 454 0 0
384 454 0 0
383 454 0 0
382 454 0 0
381 454 0 0
380 454 0 0
379 454 0 0
303 454 0 0
302 454 0 0
301 454 0 0
300 454 0 0
299 454 0 0
298 454 0 0
297 454 0 0
296 454 0 0
295 454 0 0
294 454 0 0
293 454 0 0
292 454 0 0
291 454 0 0
290 454 0 0
397 453 0 0
396 453 0 0
395 453 0 0
394 453 0 0
393 453 0 0
392 453 0 0
391 453 0 0
390 453 0 0
389 453 0 0
388 453 0 0
387 453 0 0
386 453 0 0
385 453 0 0
384 453 0 0
383 453 0 0
382 453 0 0
301 453 0 0
300 453 0 0
299 453 0 0
298 453 0 0
297 453 0 0
296 453 0 0
295 453 0 0
294 453 0 0
293 453 0 0
292 453 0 0
291 453 0 0
290 453 0 0
289 453 0 0
398 452 0 0
397 452 0 0
396 452 0 0
395 452 0 0
394 452 0 0
393 452 0 0
392 452 0 0
391 452 0 0
390 452 0 0
389 452 0 0
388 452 0 0
387 452 0 0
386 452 0 0
385 452 0 0
298 452 0 0
297 452 0 0
296 452 0 0
295 452 0 0
294 452 0 0
293 452 0 0
292 452 0 0
291 452 0 0
290 452 0 0
289 452 0 0
288 452 0 0
287 452 0 0
399 451 0 0
398 451 0 0
397 451 0 0
396 451 0 0
395 451 0 0
394 451 0 0
393 451 0 0
392 451 0 0
391 451 0 0
390 451 0 0
389 451 0 0
388 451 0 0
295 451 0 0
294 451 0 0
293 451 0 0
292 451 0 0
291 451 0 0
290 451 0 0
289 451 0 0
288 451 0 0
287 451 0 0
286 451 0 0
400 450 0 0
399 450 0 0
398 450 0 0
397 450 0 0
396 450 0 0
395 450 0 0
394 450 0 0
393 450 0 0
293 450 0 0
292 450 0 0
291 450 0 0
290 450 0 0
289 450 0 0
288 450 0 0
287 450 0 0
286 450 0 0
285 450 0 0
284 450 0 0
283 450 0 0
402 449 0 0
401 449 0 0
400 449 0 0
399 449 0 0
398 449 0 0
397 449 0 0
396 449 0 0
395 449 0 0
394 449 0 0
291 449 0 0
290 449 0 0
289 449 0 0
288 449 0 0
287 449 0 0
286 449 0 0
285 449 0 0
284 449 0 0
283 449 0 0
282 449 0 0
403 448 0 0
402 448 0 0
401 448 0 0
400 448 0 0
399 448 0 0
398 448 0 0
397 448 0 0
396 448 0 0
395 448 0 0
290 448 0 0
289 448 0 0
288 448 0 0
287 448 0 0
286 448 0 0
285 448 0 0
284 448 0 0
283 448 0 0
282 448 0 0
281 448 0 0
404 447 0 0
403 447 0 0
402 447 0 0
401 447 0 0
400 447 0 0
399 447 0 0
398 447 0 0
397 447 0 0
288 447 0 0
287 447 0 0
286 447 0 0
285 447 0 0
284 447 0 0
283 447 0 0
282 447 0 0
281 447 0 0
280 447 0 0
405 446 0 0
404 446 0 0
403 446 0 0
402 446 0 0
401 446 0 0
400 446 0 0
399 446 0 0
398 446 0 0
287 446 0 0
286 446 0 0
285 446 0 0
284 446 0 0
283 446 0 0
282 446 0 0
281 446 0 0
280 446 0 0
279 446 0 0
407 445 0 0
406 445 0 0
405 445 0 0
404 445 0 0
403 445 0 0
402 445 0 0
401 445 0 0
400 445 0 0
399 445 0 0
284 445 0 0
283 445 0 0
282 445 0 0
281 445 0 0
280 445 0 0
279 445 0 0
278 445 0 0
408 444 0 0
407 444 0 0
406 444 0 0
405 444 0 0
404 444 0 0
403 444 0 0
402 444 0 0
401 444 0 0
400 444 0 0
283 444 0 0
282 444 0 0
281 444 0 0
280 444 0 0
279 444 0 0
278 444 0 0
277 444 0 0
409 443 0 0
408 443 0 0
407 443 0 0
406 443 0 0
405 443 0 0
404 443 0 0
403 443 0 0
402 443 0 0
282 443 0 0
281 443 0 0
280 443 0 0
279 443 0 0
278 443 0 0
277 443 0 0
276 443 0 0
410 442 0 0
409 442 0 0
408 442 0 0
407 442 0 0
406 442 0 0
405 442 0 0
404 442 0 0
403 442 0 0
281 442 0 0
280 442 0 0
279 442 0 0
278 442 0 0
277 442 0 0
276 442 0 0
275 442 0 0
411 441 0 0
410 441 0 0
409 441 0 0
408 441 0 0
407 441 0 0
406 441 0 0
405 441 0 0
404 441 0 0
280 441 0 0
279 441 0 0
278 441 0 0
277 441 0 0
276 441 0 0
275 441 0 0
274 441 0 0
412 440 0 0
411 440 0 0
410 440 0 0
409 440 0 0
408 440 0 0
407 440 0 0
406 440 0 0
405 440 0 0
279 440 0 0
278 440 0 0
277 440 0 0
276 440 0 0
275 440 0 0
274 440 0 0
273 440 0 0
413 439 0 0
412 439 0 0
411 439 0 0
410 439 0 0
409 439 0 0
408 439 0 0
407 439 0 0
278 439 0 0
277 439 0 0
276 439 0 0
275 439 0 0
274 439 0 0
273 439 0 0
272 439 0 0
413 438 0 0
412 438 0 0
411 438 0 0
410 438 0 0
409 438 0 0
408 438 0 0
277 438 0 0
276 438 0 0
275 438 0 0
274 438 0 0
273 438 0 0
272 438 0 0
271 438 0 0
414 437 0 0
413 437 0 0
412 437 0 0
411 437 0 0
410 437 0 0
409 437 0 0
408 437 0 0
276 437 0 0
275 437 0 0
274 437 0 0
273 437 0 0
272 437 0 0
271 437 0 0
270 437 0 0
415 436 0 0
414 436 0 0
413 436 0 0
412 436 0 0
411 436 0 0
410 436 0 0
409 436 0 0
275 436 0 0
274 436 0 0
273 436 0 0
272 436 0 0
271 436 0 0
270 436 0 0
269 436 0 0
416 435 0 0
415 435 0 0
414 435 0 0
413 435 0 0
412 435 0 0
411 435 0 0
410 435 0 0
274 435 0 0
273 435 0 0
272 435 0 0
271 435 0 0
270 435 0 0
269 435 0 0
268 435 0 0
417 434 0 0
416 434 0 0
415 434 0 0
414 434 0 0
413 434 0 0
412 434 0 0
411 434 0 0
273 434 0 0
272 434 0 0
271 434 0 0
270 434 0 0
269 434 0 0
268 434 0 0
267 434 0 0
417 433 0 0
416 433 0 0
415 433 0 0
414 433 0 0
413 433 0 0
412 433 0 0
272 433 0 0
271 433 0 0
270 433 0 0
269 433 0 0
268 433 0 0
267 433 0 0
418 432 0 0
417 432 0 0
416 432 0 0
415 432 0 0
414 432 0 0
413 432 0 0
412 432 0 0
271 432 0 0
270 432 0 0
269 432 0 0
268 432 0 0
267 432 0 0
266 432 0 0
419 431 0 0
418 431 0 0
417 431 0 0
416 431 0 0
415 431 0 0
414 431 0 0
413 431 0 0
270 431 0 0
269 431 0 0
268 431 0 0
267 431 0 0
266 431 0 0
265 431 0 0
420 430 0 0
419 430 0 0
418 430 0 0
417 430 0 0
416 430 0 0
415 430 0 0
414 430 0 0
270 430 0 0
269 430 0 0
268 430 0 0
267 430 0 0
266 430 0 0
265 430 0 0
420 429 0 0
419 429 0 0
418 429 0 0
417 429 0 0
416 429 0 0
415 429 0 0
269 429 0 0
268 429 0 0
267 429 0 0
266 429 0 0
265 429 0 0
264 429 0 0
421 428 0 0
420 428 0 0
419 428 0 0
418 428 0 0
417 428 0 0
416 428 0 0
269 428 0 0
268 428 0 0
267 428 0 0
266 428 0 0
265 428 0 0
264 428 0 0
422 427 0 0
421 427 0 0
420 427 0 0
419 427 0 0
418 427 0 0
417 427 0 0
416 427 0 0
268 427 0 0
267 427 0 0
266 427 0 0
265 427 0 0
264 427 0 0
263 427 0 0
423 426 0 0
422 426 0 0
421 426 0 0
420 426 0 0
419 426 0 0
418 426 0 0
417 426 0 0
268 426 0 0
267 426 0 0
266 426 0 0
265 426 0 0
264 426 0 0
263 426 0 0
423 425 0 0
422 425 0 0
421 425 0 0
420 425 0 0
419 425 0 0
418 425 0 0
267 425 0 0
266 425 0 0
265 425 0 0
264 425 0 0
263 425 0 0
262 425 0 0
424 424 0 0
423 424 0 0
422 424 0 0
421 424 0 0
420 424 0 0
419 424 0 0
267 424 0 0
266 424 0 0
265 424 0 0
264 424 0 0
263 424 0 0
262 424 0 0
425 423 0 0
424 423 0 0
423 423 0 0
422 423 0 0
421 423 0 0
420 423 0 0
419 423 0 0
266 423 0 0
265 423 0 0
264 423 0 0
263 423 0 0
262 423 0 0
261 423 0 0
426 422 0 0
425 422 0 0
424 422 0 0
423 422 0 0
422 422 0 0
421 422 0 0
420 422 0 0
266 422 0 0
265 422 0 0
264 422 0 0
263 422 0 0
262 422 0 0
261 422 0 0
260 422 0 0
427 421 0 0
426 421 0 0
425 421 0 0
424 421 0 0
423 421 0 0
422 421 0 0
421 421 0 0
265 421 0 0
264 421 0 0
263 421 0 0
262 421 0 0
261 421 0 0
260 421 0 0
259 421 0 0
428 420 0 0
427 420 0 0
426 420 0 0
425 420 0 0
424 420 0 0
423 420 0 0
422 420 0 0
264 420 0 0
263 420 0 0
262 420 0 0
261 420 0 0
260 420 0 0
259 420 0 0
258 420 0 0
429 419 0 0
428 419 0 0
427 419 0 0
426 419 0 0
425 419 0 0
424 419 0 0
423 419 0 0
263 419 0 0
262 419 0 0
261 419 0 0
260 419 0 0
259 419 0 0
258 419 0 0
257 419 0 0
430 418 0 0
429 418 0 0
428 418 0 0
427 418 0 0
426 418 0 0
425 418 0 0
424 418 0 0
262 418 0 0
261 418 0 0
260 418 0 0
259 418 0 0
258 418 0 0
257 418 0 0
256 418 0 0
432 417 0 0
431 417 0 0
430 417 0 0
429 417 0 0
428 417 0 0
427 417 0 0
426 417 0 0
425 417 0 0
261 417 0 0
260 417 0 0
259 417 0 0
258 417 0 0
257 417 0 0
256 417 0 0
255 417 0 0
433 416 0 0
432 416 0 0
431 416 0 0
430 416 0 0
429 416 0 0
428 416 0 0
427 416 0 0
426 416 0 0
260 416 0 0
259 416 0 0
258 416 0 0
257 416 0 0
256 416 0 0
255 416 0 0
254 416 0 0
434 415 0 0
433 415 0 0
432 415 0 0
431 415 0 0
430 415 0 0
429 415 0 0
428 415 0 0
427 415 0 0
259 415 0 0
258 415 0 0
257 415 0 0
256 415 0 0
255 415 0 0
254 415 0 0
253 415 0 0
435 414 0 0
434 414 0 0
433 414 0 0
432 414 0 0
431 414 0 0
430 414 0 0
429 414 0 0
428 414 0 0
258 414 0 0
257 414 0 0
256 414 0 0
255 414 0 0
254 414 0 0
253 414 0 0
435 413 0 0
434 413 0 0
433 413 0 0
432 413 0 0
431 413 0 0
430 413 0 0
429 413 0 0
257 413 0 0
256 413 0 0
255 413 0 0
254 413 0 0
253 413 0 0
252 413 0 0
436 412 0 0
435 412 0 0
434 412 0 0
433 412 0 0
432 412 0 0
431 412 0 0
256 412 0 0
255 412 0 0
254 412 0 0
253 412 0 0
252 412 0 0
251 412 0 0
436 411 0 0
435 411 0 0
434 411 0 0
433 411 0 0
432 411 0 0
431 411 0 0
256 411 0 0
255 411 0 0
254 411 0 0
253 411 0 0
252 411 0 0
251 411 0 0
437 410 0 0
436 410 0 0
435 410 0 0
434 410 0 0
433 410 0 0
432 410 0 0
255 410 0 0
254 410 0 0
253 410 0 0
252 410 0 0
251 410 0 0
250 410 0 0
438 409 0 0
437 409 0 0
436 409 0 0
435 409 0 0
434 409 0 0
433 409 0 0
432 409 0 0
254 409 0 0
253 409 0 0
252 409 0 0
251 409 0 0
250 409 0 0
249 409 0 0
439 408 0 0
438 408 0 0
437 408 0 0
436 408 0 0
435 408 0 0
434 408 0 0
433 408 0 0
254 408 0 0
253 408 0 0
252 408 0 0
251 408 0 0
250 408 0 0
249 408 0 0
440 407 0 0
439 407 0 0
438 407 0 0
437 407 0 0
436 407 0 0
435 407 0 0
434 407 0 0
253 407 0 0
252 407 0 0
251 407 0 0
250 407 0 0
249 407 0 0
248 407 0 0
440 406 0 0
439 406 0 0
438 406 0 0
437 406 0 0
436 406 0 0
435 406 0 0
252 406 0 0
251 406 0 0
250 406 0 0
249 406 0 0
248 406 0 0
247 406 0 0
441 405 0 0
440 405 0 0
439 405 0 0
438 405 0 0
437 405 0 0
436 405 0 0
252 405 0 0
251 405 0 0
250 405 0 0
249 405 0 0
248 405 0 0
247 405 0 0
442 404 0 0
441 404 0 0
440 404 0 0
439 404 0 0
438 404 0 0
437 404 0 0
436 404 0 0
251 404 0 0
250 404 0 0
249 404 0 0
248 404 0 0
247 404 0 0
246 404 0 0
443 403 0 0
442 403 0 0
441 403 0 0
440 403 0 0
439 403 0 0
438 403 0 0
437 403 0 0
250 403 0 0
249 403 0 0
248 403 0 0
247 403 0 0
246 403 0 0
245 403 0 0
444 402 0 0
443 402 0 0
442 402 0 0
441 402 0 0
440 402 0 0
439 402 0 0
438 402 0 0
250 402 0 0
249 402 0 0
248 402 0 0
247 402 0 0
246 402 0 0
245 402 0 0
444 401 0 0
443 401 0 0
442 401 0 0
441 401 0 0
440 401 0 0
439 401 0 0
249 401 0 0
248 401 0 0
247 401 0 0
246 401 0 0
245 401 0 0
244 401 0 0
445 400 0 0
444 400 0 0
443 400 0 0
442 400 0 0
441 400 0 0
440 400 0 0
439 400 0 0
248 400 0 0
247 400 0 0
246 400 0 0
245 400 0 0
244 400 0 0
243 400 0 0
446 399 0 0
445 399 0 0
444 399 0 0
443 399 0 0
442 399 0 0
441 399 0 0
440 399 0 0
248 399 0 0
247 399 0 0
246 399 0 0
245 399 0 0
244 399 0 0
243 399 0 0
446 398 0 0
445 398 0 0
444 398 0 0
443 398 0 0
442 398 0 0
441 398 0 0
247 398 0 0
246 398 0 0
245 398 0 0
244 398 0 0
243 398 0 0
242 398 0 0
447 397 0 0
446 397 0 0
445 397 0 0
444 397 0 0
443 397 0 0
442 397 0 0
246 397 0 0
245 397 0 0
244 397 0 0
243 397 0 0
242 397 0 0
241 397 0 0
447 396 0 0
446 396 0 0
445 396 0 0
444 396 0 0
443 396 0 0
442 396 0 0
246 396 0 0
245 396 0 0
244 396 0 0
243 396 0 0
242 396 0 0
241 396 0 0
240 396 0 0
239 396 0 0
449 395 0 0
448 395 0 0
447 395 0 0
446 395 0 0
445 395 0 0
444 395 0 0
443 395 0 0
245 395 0 0
244 395 0 0
243 395 0 0
242 395 0 0
241 395 0 0
240 395 0 0
239 395 0 0
238 395 0 0
450 394 0 0
449 394 0 0
448 394 0 0
447 394 0 0
446 394 0 0
445 394 0 0
444 394 0 0
443 394 0 0
244 394 0 0
243 394 0 0
242 394 0 0
241 394 0 0
240 394 0 0
239 394 0 0
238 394 0 0
237 394 0 0
451 393 0 0
450 393 0 0
449 393 0 0
448 393 0 0
447 393 0 0
446 393 0 0
445 393 0 0
444 393 0 0
243 393 0 0
242 393 0 0
241 393 0 0
240 393 0 0
239 393 0 0
238 393 0 0
237 393 0 0
236 393 0 0
452 392 0 0
451 392 0 0
450 392 0 0
449 392 0 0
448 392 0 0
447 392 0 0
446 392 0 0
445 392 0 0
242 392 0 0
241 392 0 0
240 392 0 0
239 392 0 0
238 392 0 0
237 392 0 0
236 392 0 0
235 392 0 0
453 391 0 0
452 391 0 0
451 391 0 0
450 391 0 0
449 391 0 0
448 391 0 0
447 391 0 0
446 391 0 0
241 391 0 0
240 391 0 0
239 391 0 0
238 391 0 0
237 391 0 0
236 391 0 0
235 391 0 0
234 391 0 0
453 390 0 0
452 390 0 0
451 390 0 0
450 390 0 0
449 390 0 0
448 390 0 0
240 390 0 0
239 390 0 0
238 390 0 0
237 390 0 0
236 390 0 0
235 390 0 0
234 390 0 0
233 390 0 0
454 389 0 0
453 389 0 0
452 389 0 0
451 389 0 0
450 389 0 0
449 389 0 0
238 389 0 0
237 389 0 0
236 389 0 0
235 389 0 0
234 389 0 0
233 389 0 0
456 388 0 0
455 388 0 0
454 388 0 0
453 388 0 0
452 388 0 0
451 388 0 0
450 388 0 0
449 388 0 0
237 388 0 0
236 388 0 0
235 388 0 0
234 388 0 0
233 388 0 0
232 388 0 0
457 387 0 0
456 387 0 0
455 387 0 0
454 387 0 0
453 387 0 0
452 387 0 0
451 387 0 0
450 387 0 0
237 387 0 0
236 387 0 0
235 387 0 0
234 387 0 0
233 387 0 0
232 387 0 0
231 387 0 0
458 386 0 0
457 386 0 0
456 386 0 0
455 386 0 0
454 386 0 0
453 386 0 0
452 386 0 0
451 386 0 0
236 386 0 0
235 386 0 0
234 386 0 0
233 386 0 0
232 386 0 0
231 386 0 0
458 385 0 0
457 385 0 0
456 385 0 0
455 385 0 0
454 385 0 0
453 385 0 0
452 385 0 0
235 385 0 0
234 385 0 0
233 385 0 0
232 385 0 0
231 385 0 0
230 385 0 0
460 384 0 0
459 384 0 0
458 384 0 0
457 384 0 0
456 384 0 0
455 384 0 0
454 384 0 0
235 384 0 0
234 384 0 0
233 384 0 0
232 384 0 0
231 384 0 0
230 384 0 0
229 384 0 0
461 383 0 0
460 383 0 0
459 383 0 0
458 383 0 0
457 383 0 0
456 383 0 0
455 383 0 0
234 383 0 0
233 383 0 0
232 383 0 0
231 383 0 0
230 383 0 0
229 383 0 0
463 382 0 0
462 382 0 0
461 382 0 0
460 382 0 0
459 382 0 0
458 382 0 0
457 382 0 0
456 382 0 0
455 382 0 0
233 382 0 0
232 382 0 0
231 382 0 0
230 382 0 0
229 382 0 0
228 382 0 0
464 381 0 0
463 381 0 0
462 381 0 0
461 381 0 0
460 381 0 0
459 381 0 0
458 381 0 0
457 381 0 0
456 381 0 0
233 381 0 0
232 381 0 0
231 381 0 0
230 381 0 0
229 381 0 0
228 381 0 0
466 380 0 0
465 380 0 0
464 380 0 0
463 380 0 0
462 380 0 0
461 380 0 0
460 380 0 0
459 380 0 0
458 380 0 0
457 380 0 0
232 380 0 0
231 380 0 0
230 380 0 0
229 380 0 0
228 380 0 0
467 379 0 0
466 379 0 0
465 379 0 0
464 379 0 0
463 379 0 0
462 379 0 0
461 379 0 0
460 379 0 0
459 379 0 0
231 379 0 0
230 379 0 0
229 379 0 0
228 379 0 0
469 378 0 0
468 378 0 0
467 378 0 0
466 378 0 0
465 378 0 0
464 378 0 0
463 378 0 0
462 378 0 0
461 378 0 0
460 378 0 0
231 378 0 0
230 378 0 0
229 378 0 0
228 378 0 0
472 377 0 0
471 377 0 0
470 377 0 0
469 377 0 0
468 377 0 0
467 377 0 0
466 377 0 0
465 377 0 0
464 377 0 0
463 377 0 0
462 377 0 0
473 376 0 0
472 376 0 0
471 376 0 0
470 376 0 0
469 376 0 0
468 376 0 0
467 376 0 0
466 376 0 0
465 376 0 0
464 376 0 0
475 375 0 0
474 375 0 0
473 375 0 0
472 375 0 0
471 375 0 0
470 375 0 0
469 375 0 0
468 375 0 0
467 375 0 0
466 375 0 0
465 375 0 0
476 374 0 0
475 374 0 0
474 374 0 0
473 374 0 0
472 374 0 0
471 374 0 0
470 374 0 0
469 374 0 0
468 374 0 0
467 374 0 0
466 374 0 0
477 373 0 0
476 373 0 0
475 373 0 0
474 373 0 0
473 373 0 0
472 373 0 0
471 373 0 0
470 373 0 0
469 373 0 0
479 372 0 0
478 372 0 0
477 372 0 0
476 372 0 0
475 372 0 0
474 372 0 0
473 372 0 0
472 372 0 0
471 372 0 0
480 371 0 0
479 371 0 0
478 371 0 0
477 371 0 0
476 371 0 0
475 371 0 0
474 371 0 0
473 371 0 0
472 371 0 0
481 370 0 0
480 370 0 0
479 370 0 0
478 370 0 0
477 370 0 0
476 370 0 0
475 370 0 0
474 370 0 0
482 369 0 0
481 369 0 0
480 369 0 0
479 369 0 0
478 369 0 0
477 369 0 0
476 369 0 0
475 369 0 0
483 368 0 0
482 368 0 0
481 368 0 0
480 368 0 0
479 368 0 0
478 368 0 0
477 368 0 0
485 367 0 0
484 367 0 0
483 367 0 0
482 367 0 0
481 367 0 0
480 367 0 0
479 367 0 0
478 367 0 0
486 366 0 0
485 366 0 0
484 366 0 0
483 366 0 0
482 366 0 0
481 366 0 0
480 366 0 0
479 366 0 0
487 365 0 0
486 365 0 0
485 365 0 0
484 365 0 0
483 365 0 0
482 365 0 0
481 365 0 0
480 365 0 0
488 364 0 0
487 364 0 0
486 364 0 0
485 364 0 0
484 364 0 0
483 364 0 0
482 364 0 0
481 364 0 0
490 363 0 0
489 363 0 0
488 363 0 0
487 363 0 0
486 363 0 0
485 363 0 0
484 363 0 0
483 363 0 0
482 363 0 0
491 362 0 0
490 362 0 0
489 362 0 0
488 362 0 0
487 362 0 0
486 362 0 0
485 362 0 0
484 362 0 0
493 361 0 0
492 361 0 0
491 361 0 0
490 361 0 0
489 361 0 0
488 361 0 0
487 361 0 0
486 361 0 0
485 361 0 0
494 360 0 0
493 360 0 0
492 360 0 0
491 360 0 0
490 360 0 0
489 360 0 0
488 360 0 0
487 360 0 0
486 360 0 0
496 359 0 0
495 359 0 0
494 359 0 0
493 359 0 0
492 359 0 0
491 359 0 0
490 359 0 0
489 359 0 0
488 359 0 0
497 358 0 0
496 358 0 0
495 358 0 0
494 358 0 0
493 358 0 0
492 358 0 0
491 358 0 0
490 358 0 0
489 358 0 0
498 357 0 0
497 357 0 0
496 357 0 0
495 357 0 0
494 357 0 0
493 357 0 0
492 357 0 0
491 357 0 0
499 356 0 0
498 356 0 0
497 356 0 0
496 356 0 0
495 356 0 0
494 356 0 0
493 356 0 0
492 356 0 0
501 355 0 0
500 355 0 0
499 355 0 0
498 355 0 0
497 355 0 0
496 355 0 0
495 355 0 0
494 355 0 0
493 355 0 0
502 354 0 0
501 354 0 0
500 354 0 0
499 354 0 0
498 354 0 0
497 354 0 0
496 354 0 0
495 354 0 0
494 354 0 0
504 353 0 0
503 353 0 0
502 353 0 0
501 353 0 0
500 353 0 0
499 353 0 0
498 353 0 0
497 353 0 0
496 353 0 0
506 352 0 0
505 352 0 0
504 352 0 0
503 352 0 0
502 352 0 0
501 352 0 0
500 352 0 0
499 352 0 0
498 352 0 0
497 352 0 0
508 351 0 0
507 351 0 0
506 351 0 0
505 351 0 0
504 351 0 0
503 351 0 0
502 351 0 0
501 351 0 0
500 351 0 0
499 351 0 0
510 350 0 0
509 350 0 0
508 350 0 0
507 350 0 0
506 350 0 0
505 350 0 0
504 350 0 0
503 350 0 0
502 350 0 0
501 350 0 0
500 350 0 0
512 349 0 0
511 349 0 0
510 349 0 0
509 349 0 0
508 349 0 0
507 349 0 0
506 349 0 0
505 349 0 0
504 349 0 0
503 349 0 0
502 349 0 0
514 348 0 0
513 348 0 0
512 348 0 0
511 348 0 0
510 348 0 0
509 348 0 0
508 348 0 0
507 348 0 0
506 348 0 0
505 348 0 0
504 348 0 0
503 348 0 0
516 347 0 0
515 347 0 0
514 347 0 0
513 347 0 0
512 347 0 0
511 347 0 0
510 347 0 0
509 347 0 0
508 347 0 0
507 347 0 0
506 347 0 0
505 347 0 0
518 346 0 0
517 346 0 0
516 346 0 0
515 346 0 0
514 346 0 0
513 346 0 0
512 346 0 0
511 346 0 0
510 346 0 0
509 346 0 0
508 346 0 0
507 346 0 0
519 345 0 0
518 345 0 0
517 345 0 0
516 345 0 0
515 345 0 0
514 345 0 0
513 345 0 0
512 345 0 0
511 345 0 0
510 345 0 0
509 345 0 0
520 344 0 0
519 344 0 0
518 344 0 0
517 344 0 0
516 344 0 0
515 344 0 0
514 344 0 0
513 344 0 0
512 344 0 0
511 344 0 0
521 343 0 0
520 343 0 0
519 343 0 0
518 343 0 0
517 343 0 0
516 343 0 0
515 343 0 0
514 343 0 0
513 343 0 0
311 343 0 1
310 343 0 1
309 343 0 1
308 343 0 1
307 343 0 1
306 343 0 1
305 343 0 1
304 343 0 1
303 343 0 1
302 343 0 1
301 343 0 1
300 343 0 1
299 343 0 1
298 343 0 1
297 343 0 1
522 342 0 0
521 342 0 0
520 342 0 0
519 342 0 0
518 342 0 0
517 342 0 0
516 342 0 0
515 342 0 0
314 342 0 1
313 342 0 1
312 342 0 1
311 342 0 1
310 342 0 1
309 342 0 1
308 342 0 1
307 342 0 1
306 342 0 1
305 342 0 1
304 342 0 1
303 342 0 1
302 342 0 1
301 342 0 1
300 342 0 1
299 342 0 1
298 342 0 1
297 342 0 1
523 341 0 0
522 341 0 0
521 341 0 0
520 341 0 0
519 341 0 0
518 341 0 0
517 341 0 0
321 341 0 1
320 341 0 1
319 341 0 1
318 341 0 1
317 341 0 1
316 341 0 1
315 341 0 1
314 341 0 1
313 341 0 1
312 341 0 1
311 341 0 1
310 341 0 1
309 341 0 1
308 341 0 1
307 341 0 1
306 341 0 1
305 341 0 1
304 341 0 1
303 341 0 1
302 341 0 1
301 341 0 1
300 341 0 1
299 341 0 1
298 341 0 1
297 341 0 1
524 340 0 0
523 340 0 0
522 340 0 0
521 340 0 0
520 340 0 0
519 340 0 0
518 340 0 0
326 340 0 1
325 340 0 1
324 340 0 1
323 340 0 1
322 340 0 1
321 340 0 1
320 340 0 1
319 340 0 1
318 340 0 1
317 340 0 1
316 340 0 1
315 340 0 1
314 340 0 1
313 340 0 1
312 340 0 1
311 340 0 1
310 340 0 1
309 340 0 1
308 340 0 1
307 340 0 1
306 340 0 1
305 340 0 1
304 340 0 1
303 340 0 1
302 340 0 1
301 340 0 1
300 340 0 1
299 340 0 1
298 340 0 1
297 340 0 1
525 339 0 0
524 339 0 0
523 339 0 0
522 339 0 0
521 339 0 0
520 339 0 0
519 339 0 0
341 339 0 1
340 339 0 1
339 339 0 1
338 339 0 1
337 339 0 1
336 339 0 1
335 339 0 1
334 339 0 1
333 339 0 1
332 339 0 1
331 339 0 1
330 339 0 1
329 339 0 1
328 339 0 1
327 339 0 1
326 339 0 1
325 339 0 1
324 339 0 1
323 339 0 1
322 339 0 1
321 339 0 1
320 339 0 1
319 339 0 1
318 339 0 1
317 339 0 1
316 339 0 1
315 339 0 1
314 339 0 1
313 339 0 1
312 339 0 1
311 339 0 1
310 339 0 1
309 339 0 1
308 339 0 1
526 338 0 0
525 338 0 0
524 338 0 0
523 338 0 0
522 338 0 0
521 338 0 0
520 338 0 0
346 338 0 1
345 338 0 1
344 338 0 1
343 338 0 1
342 338 0 1
341 338 0 1
340 338 0 1
339 338 0 1
338 338 0 1
337 338 0 1
336 338 0 1
335 338 0 1
334 338 0 1
333 338 0 1
332 338 0 1
331 338 0 1
330 338 0 1
329 338 0 1
328 338 0 1
327 338 0 1
326 338 0 1
325 338 0 1
324 338 0 1
323 338 0 1
322 338 0 1
321 338 0 1
320 338 0 1
319 338 0 1
318 338 0 1
317 338 0 1
316 338 0 1
315 338 0 1
314 338 0 1
313 338 0 1
312 338 0 1
311 338 0 1
527 337 0 0
526 337 0 0
525 337 0 0
524 337 0 0
523 337 0 0
522 337 0 0
521 337 0 0
357 337 0 1
356 337 0 1
355 337 0 1
354 337 0 1
353 337 0 1
352 337 0 1
351 337 0 1
350 337 0 1
349 337 0 1
348 337 0 1
347 337 0 1
346 337 0 1
345 337 0 1
344 337 0 1
343 337 0 1
342 337 0 1
341 337 0 1
340 337 0 1
339 337 0 1
338 337 0 1
337 337 0 1
336 337 0 1
335 337 0 1
334 337 0 1
333 337 0 1
332 337 0 1
331 337 0 1
330 337 0 1
329 337 0 1
328 337 0 1
327 337 0 1
326 337 0 1
325 337 0 1
324 337 0 1
323 337 0 1
322 337 0 1
321 337 0 1
320 337 0 1
319 337 0 1
318 337 0 1
317 337 0 1
528 336 0 0
527 336 0 0
526 336 0 0
525 336 0 0
524 336 0 0
523 336 0 0
522 336 0 0
362 336 0 1
361 336 0 1
360 336 0 1
359 336 0 1
358 336 0 1
357 336 0 1
356 336 0 1
355 336 0 1
354 336 0 1
353 336 0 1
352 336 0 1
351 336 0 1
350 336 0 1
349 336 0 1
348 336 0 1
347 336 0 1
346 336 0 1
345 336 0 1
344 336 0 1
343 336 0 1
342 336 0 1
341 336 0 1
340 336 0 1
339 336 0 1
338 336 0 1
337 336 0 1
336 336 0 1
335 336 0 1
334 336 0 1
333 336 0 1
332 336 0 1
331 336 0 1
330 336 0 1
329 336 0 1
328 336 0 1
327 336 0 1
326 336 0 1
325 336 0 1
324 336 0 1
323 336 0 1
322 336 0 1
321 336 0 1
529 335 0 0
528 335 0 0
527 335 0 0
526 335 0 0
525 335 0 0
524 335 0 0
523 335 0 0
367 335 0 1
366 335 0 1
365 335 0 1
364 335 0 1
363 335 0 1
362 335 0 1
361 335 0 1
360 335 0 1
359 335 0 1
358 335 0 1
357 335 0 1
356 335 0 1
355 335 0 1
354 335 0 1
353 335 0 1
352 335 0 1
351 335 0 1
350 335 0 1
349 335 0 1
348 335 0 1
347 335 0 1
346 335 0 1
345 335 0 1
344 335 0 1
343 335 0 1
342 335 0 1
341 335 0 1
340 335 0 1
339 335 0 1
338 335 0 1
337 335 0 1
336 335 0 1
335 335 0 1
530 334 0 0
529 334 0 0
528 334 0 0
527 334 0 0
526 334 0 0
525 334 0 0
524 334 0 0
388 334 0 1
387 334 0 1
386 334 0 1
385 334 0 1
384 334 0 1
383 334 0 1
382 334 0 1
381 334 0 1
380 334 0 1
379 334 0 1
378 334 0 1
377 334 0 1
376 334 0 1
375 334 0 1
374 334 0 1
373 334 0 1
372 334 0 1
371 334 0 1
370 334 0 1
369 334 0 1
368 334 0 1
367 334 0 1
366 334 0 1
365 334 0 1
364 334 0 1
363 334 0 1
362 334 0 1
361 334 0 1
360 334 0 1
359 334 0 1
358 334 0 1
357 334 0 1
356 334 0 1
355 334 0 1
354 334 0 1
353 334 0 1
352 334 0 1
351 334 0 1
350 334 0 1
349 334 0 1
348 334 0 1
347 334 0 1
346 334 0 1
345 334 0 1
344 334 0 1
343 334 0 1
342 334 0 1
341 334 0 1
531 333 0 0
530 333 0 0
529 333 0 0
528 333 0 0
527 333 0 0
526 333 0 0
525 333 0 0
467 333 0 1
466 333 0 1
465 333 0 1
464 333 0 1
463 333 0 1
462 333 0 1
461 333 0 1
460 333 0 1
459 333 0 1
458 333 0 1
457 333 0 1
456 333 0 1
455 333 0 1
454 333 0 1
453 333 0 1
452 333 0 1
451 333 0 1
450 333 0 1
449 333 0 1
448 333 0 1
447 333 0 1
446 333 0 1
445 333 0 1
444 333 0 1
443 333 0 1
442 333 0 1
441 333 0 1
440 333 0 1
439 333 0 1
438 333 0 1
437 333 0 1
436 333 0 1
435 333 0 1
434 333 0 1
433 333 0 1
432 333 0 1
431 333 0 1
430 333 0 1
429 333 0 1
428 333 0 1
427 333 0 1
426 333 0 1
425 333 0 1
424 333 0 1
423 333 0 1
422 333 0 1
421 333 0 1
420 333 0 1
419 333 0 1
418 333 0 1
417 333 0 1
416 333 0 1
415 333 0 1
414 333 0 1
413 333 0 1
412 333 0 1
411 333 0 1
410 333 0 1
409 333 0 1
408 333 0 1
407 333 0 1
406 333 0 1
405 333 0 1
404 333 0 1
403 333 0 1
402 333 0 1
401 333 0 1
400 333 0 1
399 333 0 1
398 333 0 1
397 333 0 1
396 333 0 1
395 333 0 1
394 333 0 1
393 333 0 1
392 333 0 1
391 333 0 1
390 333 0 1
389 333 0 1
388 333 0 1
387 333 0 1
386 333 0 1
385 333 0 1
384 333 0 1
383 333 0 1
382 333 0 1
381 333 0 1
380 333 0 1
379 333 0 1
378 333 0 1
377 333 0 1
376 333 0 1
375 333 0 1
374 333 0 1
373 333 0 1
372 333 0 1
371 333 0 1
370 333 0 1
369 333 0 1
368 333 0 1
367 333 0 1
366 333 0 1
365 333 0 1
364 333 0 1
363 333 0 1
362 333 0 1
361 333 0 1
360 333 0 1
359 333 0 1
358 333 0 1
357 333 0 1
356 333 0 1
355 333 0 1
354 333 0 1
353 333 0 1
352 333 0 1
532 332 0 0
531 332 0 0
530 332 0 0
529 332 0 0
528 332 0 0
527 332 0 0
526 332 0 0
467 332 0 1
466 332 0 1
465 332 0 1
464 332 0 1
463 332 0 1
462 332 0 1
461 332 0 1
460 332 0 1
459 332 0 1
458 332 0 1
457 332 0 1
456 332 0 1
455 332 0 1
454 332 0 1
453 332 0 1
452 332 0 1
451 332 0 1
450 332 0 1
449 332 0 1
448 332 0 1
447 332 0 1
446 332 0 1
445 332 0 1
444 332 0 1
443 332 0 1
442 332 0 1
441 332 0 1
440 332 0 1
439 332 0 1
438 332 0 1
437 332 0 1
436 332 0 1
435 332 0 1
434 332 0 1
433 332 0 1
432 332 0 1
431 332 0 1
430 332 0 1
429 332 0 1
428 332 0 1
427 332 0 1
426 332 0 1
425 332 0 1
424 332 0 1
423 332 0 1
422 332 0 1
421 332 0 1
420 332 0 1
419 332 0 1
418 332 0 1
417 332 0 1
416 332 0 1
415 332 0 1
414 332 0 1
413 332 0 1
412 332 0 1
411 332 0 1
410 332 0 1
409 332 0 1
408 332 0 1
407 332 0 1
406 332 0 1
405 332 0 1
404 332 0 1
403 332 0 1
402 332 0 1
401 332 0 1
400 332 0 1
399 332 0 1
398 332 0 1
397 332 0 1
396 332 0 1
395 332 0 1
394 332 0 1
393 332 0 1
392 332 0 1
391 332 0 1
390 332 0 1
389 332 0 1
388 332 0 1
387 332 0 1
386 332 0 1
385 332 0 1
384 332 0 1
383 332 0 1
382 332 0 1
381 332 0 1
380 332 0 1
379 332 0 1
378 332 0 1
377 332 0 1
376 332 0 1
375 332 0 1
374 332 0 1
373 332 0 1
372 332 0 1
371 332 0 1
370 332 0 1
369 332 0 1
368 332 0 1
367 332 0 1
366 332 0 1
365 332 0 1
364 332 0 1
363 332 0 1
362 332 0 1
361 332 0 1
360 332 0 1
359 332 0 1
358 332 0 1
357 332 0 1
533 331 0 0
532 331 0 0
531 331 0 0
530 331 0 0
529 331 0 0
528 331 0 0
527 331 0 0
467 331 0 1
466 331 0 1
465 331 0 1
464 331 0 1
463 331 0 1
462 331 0 1
461 331 0 1
460 331 0 1
459 331 0 1
458 331 0 1
457 331 0 1
456 331 0 1
455 331 0 1
454 331 0 1
453 331 0 1
452 331 0 1
451 331 0 1
450 331 0 1
449 331 0 1
448 331 0 1
447 331 0 1
446 331 0 1
445 331 0 1
444 331 0 1
443 331 0 1
442 331 0 1
441 331 0 1
440 331 0 1
439 331 0 1
438 331 0 1
437 331 0 1
436 331 0 1
435 331 0 1
434 331 0 1
433 331 0 1
432 331 0 1
431 331 0 1
430 331 0 1
429 331 0 1
428 331 0 1
427 331 0 1
426 331 0 1
425 331 0 1
424 331 0 1
423 331 0 1
422 331 0 1
421 331 0 1
420 331 0 1
419 331 0 1
418 331 0 1
417 331 0 1
416 331 0 1
415 331 0 1
414 331 0 1
413 331 0 1
412 331 0 1
411 331 0 1
410 331 0 1
409 331 0 1
408 331 0 1
407 331 0 1
406 331 0 1
405 331 0 1
404 331 0 1
403 331 0 1
402 331 0 1
401 331 0 1
400 331 0 1
399 331 0 1
398 331 0 1
397 331 0 1
396 331 0 1
395 331 0 1
394 331 0 1
393 331 0 1
392 331 0 1
391 331 0 1
390 331 0 1
389 331 0 1
388 331 0 1
387 331 0 1
386 331 0 1
385 331 0 1
384 331 0 1
383 331 0 1
382 331 0 1
381 331 0 1
380 331 0 1
379 331 0 1
378 331 0 1
377 331 0 1
376 331 0 1
375 331 0 1
374 331 0 1
373 331 0 1
372 331 0 1
371 331 0 1
370 331 0 1
369 331 0 1
368 331 0 1
367 331 0 1
366 331 0 1
365 331 0 1
364 331 0 1
363 331 0 1
362 331 0 1
534 330 0 0
533 330 0 0
532 330 0 0
531 330 0 0
530 330 0 0
529 330 0 0
528 330 0 0
467 330 0 1
466 330 0 1
465 330 0 1
464 330 0 1
463 330 0 1
462 330 0 1
461 330 0 1
460 330 0 1
459 330 0 1
458 330 0 1
457 330 0 1
456 330 0 1
455 330 0 1
454 330 0 1
453 330 0 1
452 330 0 1
451 330 0 1
450 330 0 1
449 330 0 1
448 330 0 1
447 330 0 1
446 330 0 1
445 330 0 1
444 330 0 1
443 330 0 1
442 330 0 1
441 330 0 1
440 330 0 1
439 330 0 1
438 330 0 1
437 330 0 1
436 330 0 1
435 330 0 1
434 330 0 1
433 330 0 1
432 330 0 1
431 330 0 1
430 330 0 1
429 330 0 1
428 330 0 1
427 330 0 1
426 330 0 1
425 330 0 1
424 330 0 1
423 330 0 1
422 330 0 1
421 330 0 1
420 330 0 1
419 330 0 1
418 330 0 1
417 330 0 1
416 330 0 1
415 330 0 1
414 330 0 1
413 330 0 1
412 330 0 1
411 330 0 1
410 330 0 1
409 330 0 1
408 330 0 1
407 330 0 1
406 330 0 1
405 330 0 1
404 330 0 1
403 330 0 1
402 330 0 1
401 330 0 1
400 330 0 1
399 330 0 1
398 330 0 1
397 330 0 1
396 330 0 1
395 330 0 1
394 330 0 1
393 330 0 1
392 330 0 1
391 330 0 1
390 330 0 1
389 330 0 1
388 330 0 1
387 330 0 1
386 330 0 1
385 330 0 1
384 330 0 1
383 330 0 1
382 330 0 1
381 330 0 1
380 330 0 1
379 330 0 1
378 330 0 1
377 330 0 1
376 330 0 1
375 330 0 1
374 330 0 1
373 330 0 1
372 330 0 1
371 330 0 1
370 330 0 1
369 330 0 1
368 330 0 1
367 330 0 1
536 329 0 0
535 329 0 0
534 329 0 0
533 329 0 0
532 329 0 0
531 329 0 0
530 329 0 0
529 329 0 0
537 328 0 0
536 328 0 0
535 328 0 0
534 328 0 0
533 328 0 0
532 328 0 0
531 328 0 0
530 328 0 0
537 327 0 0
536 327 0 0
535 327 0 0
534 327 0 0
533 327 0 0
532 327 0 0
531 327 0 0
538 326 0 0
537 326 0 0
536 326 0 0
535 326 0 0
534 326 0 0
533 326 0 0
532 326 0 0
538 325 0 0
537 325 0 0
536 325 0 0
535 325 0 0
534 325 0 0
533 325 0 0
539 324 0 0
538 324 0 0
537 324 0 0
536 324 0 0
535 324 0 0
534 324 0 0
540 323 0 0
539 323 0 0
538 323 0 0
537 323 0 0
536 323 0 0
535 323 0 0
534 323 0 0
541 322 0 0
540 322 0 0
539 322 0 0
538 322 0 0
537 322 0 0
536 322 0 0
535 322 0 0
542 321 0 0
541 321 0 0
540 321 0 0
539 321 0 0
538 321 0 0
537 321 0 0
536 321 0 0
542 320 0 0
541 320 0 0
540 320 0 0
539 320 0 0
538 320 0 0
537 320 0 0
543 319 0 0
542 319 0 0
541 319 0 0
540 319 0 0
539 319 0 0
538 319 0 0
544 318 0 0
543 318 0 0
542 318 0 0
541 318 0 0
540 318 0 0
539 318 0 0
544 317 0 0
543 317 0 0
542 317 0 0
541 317 0 0
540 317 0 0
539 317 0 0
545 316 0 0
544 316 0 0
543 316 0 0
542 316 0 0
541 316 0 0
540 316 0 0
547 315 0 0
546 315 0 0
545 315 0 0
544 315 0 0
543 315 0 0
542 315 0 0
541 315 0 0
548 314 0 0
547 314 0 0
546 314 0 0
545 314 0 0
544 314 0 0
543 314 0 0
542 314 0 0
541 314 0 0
549 313 0 0
548 313 0 0
547 313 0 0
546 313 0 0
545 313 0 0
544 313 0 0
543 313 0 0
542 313 0 0
550 312 0 0
549 312 0 0
548 312 0 0
547 312 0 0
546 312 0 0
545 312 0 0
544 312 0 0
543 312 0 0
551 311 0 0
550 311 0 0
549 311 0 0
548 311 0 0
547 311 0 0
546 311 0 0
545 311 0 0
544 311 0 0
552 310 0 0
551 310 0 0
550 310 0 0
549 310 0 0
548 310 0 0
547 310 0 0
546 310 0 0
554 309 0 0
553 309 0 0
552 309 0 0
551 309 0 0
550 309 0 0
549 309 0 0
548 309 0 0
547 309 0 0
546 309 0 0
545 309 0 0
544 309 0 0
554 308 0 0
553 308 0 0
552 308 0 0
551 308 0 0
550 308 0 0
549 308 0 0
548 308 0 0
547 308 0 0
546 308 0 0
545 308 0 0
544 308 0 0
543 308 0 0
542 308 0 0
541 308 0 0
540 308 0 0
554 307 0 0
553 307 0 0
552 307 0 0
551 307 0 0
550 307 0 0
549 307 0 0
548 307 0 0
547 307 0 0
546 307 0 0
545 307 0 0
544 307 0 0
543 307 0 0
542 307 0 0
541 307 0 0
540 307 0 0
539 307 0 0
538 307 0 0
537 307 0 0
536 307 0 0
554 306 0 0
553 306 0 0
552 306 0 0
551 306 0 0
550 306 0 0
549 306 0 0
548 306 0 0
547 306 0 0
546 306 0 0
545 306 0 0
544 306 0 0
543 306 0 0
542 306 0 0
541 306 0 0
540 306 0 0
539 306 0 0
538 306 0 0
537 306 0 0
536 306 0 0
535 306 0 0
534 306 0 0
533 306 0 0
532 306 0 0
531 306 0 0
530 306 0 0
529 306 0 0
548 305 0 0
547 305 0 0
546 305 0 0
545 305 0 0
544 305 0 0
543 305 0 0
542 305 0 0
541 305 0 0
540 305 0 0
539 305 0 0
538 305 0 0
537 305 0 0
536 305 0 0
535 305 0 0
534 305 0 0
533 305 0 0
532 305 0 0
531 305 0 0
530 305 0 0
529 305 0 0
544 304 0 0
543 304 0 0
542 304 0 0
541 304 0 0
540 304 0 0
539 304 0 0
538 304 0 0
537 304 0 0
536 304 0 0
535 304 0 0
534 304 0 0
533 304 0 0
532 304 0 0
531 304 0 0
530 304 0 0
529 304 0 0
540 303 0 0
539 303 0 0
538 303 0 0
537 303 0 0
536 303 0 0
535 303 0 0
534 303 0 0
533 303 0 0
532 303 0 0
531 303 0 0
530 303 0 0
529 303 0 0
189 282 0 0
188 282 0 0
187 282 0 0
186 282 0 0
185 282 0 0
189 281 0 0
188 281 0 0
187 281 0 0
186 281 0 0
185 281 0 0
189 280 0 0
188 280 0 0
187 280 0 0
186 280 0 0
185 280 0 0
189 279 0 0
188 279 0 0
187 279 0 0
186 279 0 0
185 279 0 0
188 278 0 0
187 278 0 0
186 278 0 0
185 278 0 0
184 278 0 0
188 277 0 0
187 277 0 0
186 277 0 0
185 277 0 0
184 277 0 0
188 276 0 0
187 276 0 0
186 276 0 0
185 276 0 0
184 276 0 0
188 275 0 0
187 275 0 0
186 275 0 0
185 275 0 0
184 275 0 0
187 274 0 0
186 274 0 0
185 274 0 0
184 274 0 0
187 273 0 0
186 273 0 0
185 273 0 0
184 273 0 0
187 272 0 0
186 272 0 0
185 272 0 0
184 272 0 0
187 271 0 0
186 271 0 0
185 271 0 0
184 271 0 0
187 270 0 0
186 270 0 0
185 270 0 0
184 270 0 0
183 270 0 0
187 269 0 0
186 269 0 0
185 269 0 0
184 269 0 0
183 269 0 0
187 268 0 0
186 268 0 0
185 268 0 0
184 268 0 0
183 268 0 0
187 267 0 0
186 267 0 0
185 267 0 0
184 267 0 0
183 267 0 0
186 266 0 0
185 266 0 0
184 266 0 0
183 266 0 0
186 265 0 0
185 265 0 0
184 265 0 0
183 265 0 0
186 264 0 0
185 264 0 0
184 264 0 0
183 264 0 0
182 264 0 0
186 263 0 0
185 263 0 0
184 263 0 0
183 263 0 0
182 263 0 0
186 262 0 0
185 262 0 0
184 262 0 0
183 262 0 0
182 262 0 0
186 261 0 0
185 261 0 0
184 261 0 0
183 261 0 0
182 261 0 0
186 260 0 0
185 260 0 0
184 260 0 0
183 260 0 0
182 260 0 0
186 259 0 0
185 259 0 0
184 259 0 0
183 259 0 0
182 259 0 0
185 258 0 0
184 258 0 0
183 258 0 0
182 258 0 0
181 258 0 0
185 257 0 0
184 257 0 0
183 257 0 0
182 257 0 0
181 257 0 0
185 256 0 0
184 256 0 0
183 256 0 0
182 256 0 0
181 256 0 0
185 255 0 0
184 255 0 0
183 255 0 0
182 255 0 0
181 255 0 0
185 254 0 0
184 254 0 0
183 254 0 0
182 254 0 0
181 254 0 0
185 253 0 0
184 253 0 0
183 253 0 0
182 253 0 0
181 253 0 0
184 252 0 0
183 252 0 0
182 252 0 0
181 252 0 0
180 252 0 0
184 251 0 0
183 251 0 0
182 251 0 0
181 251 0 0
180 251 0 0
184 250 0 0
183 250 0 0
182 250 0 0
181 250 0 0
180 250 0 0
184 249 0 0
183 249 0 0
182 249 0 0
181 249 0 0
180 249 0 0
184 248 0 0
183 248 0 0
182 248 0 0
181 248 0 0
180 248 0 0
184 247 0 0
183 247 0 0
182 247 0 0
181 247 0 0
180 247 0 0
184 246 0 0
183 246 0 0
182 246 0 0
181 246 0 0
180 246 0 0
184 245 0 0
183 245 0 0
182 245 0 0
181 245 0 0
180 245 0 0
179 245 0 0
328 244 0 1
327 244 0 1
326 244 0 1
325 244 0 1
183 244 0 0
182 244 0 0
181 244 0 0
180 244 0 0
179 244 0 0
328 243 0 1
327 243 0 1
326 243 0 1
325 243 0 1
324 243 0 1
183 243 0 0
182 243 0 0
181 243 0 0
180 243 0 0
179 243 0 0
328 242 0 1
327 242 0 1
326 242 0 1
325 242 0 1
324 242 0 1
323 242 0 1
183 242 0 0
182 242 0 0
181 242 0 0
180 242 0 0
179 242 0 0
328 241 0 1
327 241 0 1
326 241 0 1
325 241 0 1
324 241 0 1
323 241 0 1
322 241 0 1
183 241 0 0
182 241 0 0
181 241 0 0
180 241 0 0
179 241 0 0
178 241 0 0
328 240 0 1
327 240 0 1
326 240 0 1
325 240 0 1
324 240 0 1
323 240 0 1
322 240 0 1
321 240 0 1
183 240 0 0
182 240 0 0
181 240 0 0
180 240 0 0
179 240 0 0
178 240 0 0
326 239 0 1
325 239 0 1
324 239 0 1
323 239 0 1
322 239 0 1
321 239 0 1
320 239 0 1
182 239 0 0
181 239 0 0
180 239 0 0
179 239 0 0
178 239 0 0
325 238 0 1
324 238 0 1
323 238 0 1
322 238 0 1
321 238 0 1
320 238 0 1
319 238 0 1
182 238 0 0
181 238 0 0
180 238 0 0
179 238 0 0
178 238 0 0
324 237 0 1
323 237 0 1
322 237 0 1
321 237 0 1
320 237 0 1
319 237 0 1
318 237 0 1
182 237 0 0
181 237 0 0
180 237 0 0
179 237 0 0
178 237 0 0
177 237 0 0
323 236 0 1
322 236 0 1
321 236 0 1
320 236 0 1
319 236 0 1
318 236 0 1
317 236 0 1
182 236 0 0
181 236 0 0
180 236 0 0
179 236 0 0
178 236 0 0
177 236 0 0
322 235 0 1
321 235 0 1
320 235 0 1
319 235 0 1
318 235 0 1
317 235 0 1
316 235 0 1
315 235 0 1
181 235 0 0
180 235 0 0
179 235 0 0
178 235 0 0
177 235 0 0
321 234 0 1
320 234 0 1
319 234 0 1
318 234 0 1
317 234 0 1
316 234 0 1
315 234 0 1
314 234 0 1
181 234 0 0
180 234 0 0
179 234 0 0
178 234 0 0
177 234 0 0
320 233 0 1
319 233 0 1
318 233 0 1
317 233 0 1
316 233 0 1
315 233 0 1
314 233 0 1
313 233 0 1
181 233 0 0
180 233 0 0
179 233 0 0
178 233 0 0
177 233 0 0
176 233 0 0
319 232 0 1
318 232 0 1
317 232 0 1
316 232 0 1
315 232 0 1
314 232 0 1
313 232 0 1
312 232 0 1
181 232 0 0
180 232 0 0
179 232 0 0
178 232 0 0
177 232 0 0
176 232 0 0
317 231 0 1
316 231 0 1
315 231 0 1
314 231 0 1
313 231 0 1
312 231 0 1
311 231 0 1
180 231 0 0
179 231 0 0
178 231 0 0
177 231 0 0
176 231 0 0
316 230 0 1
315 230 0 1
314 230 0 1
313 230 0 1
312 230 0 1
311 230 0 1
180 230 0 0
179 230 0 0
178 230 0 0
177 230 0 0
176 230 0 0
315 229 0 1
314 229 0 1
313 229 0 1
312 229 0 1
311 229 0 1
310 229 0 1
180 229 0 0
179 229 0 0
178 229 0 0
177 229 0 0
176 229 0 0
175 229 0 0
314 228 0 1
313 228 0 1
312 228 0 1
311 228 0 1
310 228 0 1
309 228 0 1
180 228 0 0
179 228 0 0
178 228 0 0
177 228 0 0
176 228 0 0
175 228 0 0
314 227 0 1
313 227 0 1
312 227 0 1
311 227 0 1
310 227 0 1
309 227 0 1
308 227 0 1
179 227 0 0
178 227 0 0
177 227 0 0
176 227 0 0
175 227 0 0
313 226 0 1
312 226 0 1
311 226 0 1
310 226 0 1
309 226 0 1
308 226 0 1
307 226 0 1
306 226 0 1
179 226 0 0
178 226 0 0
177 226 0 0
176 226 0 0
175 226 0 0
312 225 0 1
311 225 0 1
310 225 0 1
309 225 0 1
308 225 0 1
307 225 0 1
306 225 0 1
305 225 0 1
179 225 0 0
178 225 0 0
177 225 0 0
176 225 0 0
175 225 0 0
311 224 0 1
310 224 0 1
309 224 0 1
308 224 0 1
307 224 0 1
306 224 0 1
305 224 0 1
304 224 0 1
179 224 0 0
178 224 0 0
177 224 0 0
176 224 0 0
175 224 0 0
174 224 0 0
310 223 0 1
309 223 0 1
308 223 0 1
307 223 0 1
306 223 0 1
305 223 0 1
304 223 0 1
303 223 0 1
179 223 0 0
178 223 0 0
177 223 0 0
176 223 0 0
175 223 0 0
174 223 0 0
309 222 0 1
308 222 0 1
307 222 0 1
306 222 0 1
305 222 0 1
304 222 0 1
303 222 0 1
302 222 0 1
178 222 0 0
177 222 0 0
176 222 0 0
175 222 0 0
174 222 0 0
307 221 0 1
306 221 0 1
305 221 0 1
304 221 0 1
303 221 0 1
302 221 0 1
178 221 0 0
177 221 0 0
176 221 0 0
175 221 0 0
174 221 0 0
307 220 0 1
306 220 0 1
305 220 0 1
304 220 0 1
303 220 0 1
302 220 0 1
301 220 0 1
178 220 0 0
177 220 0 0
176 220 0 0
175 220 0 0
174 220 0 0
173 220 0 0
306 219 0 1
305 219 0 1
304 219 0 1
303 219 0 1
302 219 0 1
301 219 0 1
300 219 0 1
178 219 0 0
177 219 0 0
176 219 0 0
175 219 0 0
174 219 0 0
173 219 0 0
305 218 0 1
304 218 0 1
303 218 0 1
302 218 0 1
301 218 0 1
300 218 0 1
299 218 0 1
177 218 0 0
176 218 0 0
175 218 0 0
174 218 0 0
173 218 0 0
304 217 0 1
303 217 0 1
302 217 0 1
301 217 0 1
300 217 0 1
299 217 0 1
298 217 0 1
177 217 0 0
176 217 0 0
175 217 0 0
174 217 0 0
173 217 0 0
303 216 0 1
302 216 0 1
301 216 0 1
300 216 0 1
299 216 0 1
298 216 0 1
297 216 0 1
177 216 0 0
176 216 0 0
175 216 0 0
174 216 0 0
173 216 0 0
172 216 0 0
302 215 0 1
301 215 0 1
300 215 0 1
299 215 0 1
298 215 0 1
297 215 0 1
296 215 0 1
177 215 0 0
176 215 0 0
175 215 0 0
174 215 0 0
173 215 0 0
172 215 0 0
302 214 0 1
301 214 0 1
300 214 0 1
299 214 0 1
298 214 0 1
297 214 0 1
296 214 0 1
295 214 0 1
176 214 0 0
175 214 0 0
174 214 0 0
173 214 0 0
172 214 0 0
301 213 0 1
300 213 0 1
299 213 0 1
298 213 0 1
297 213 0 1
296 213 0 1
295 213 0 1
176 213 0 0
175 213 0 0
174 213 0 0
173 213 0 0
172 213 0 0
171 213 0 0
300 212 0 1
299 212 0 1
298 212 0 1
297 212 0 1
296 212 0 1
295 212 0 1
294 212 0 1
176 212 0 0
175 212 0 0
174 212 0 0
173 212 0 0
172 212 0 0
171 212 0 0
299 211 0 1
298 211 0 1
297 211 0 1
296 211 0 1
295 211 0 1
294 211 0 1
293 211 0 1
175 211 0 0
174 211 0 0
173 211 0 0
172 211 0 0
171 211 0 0
298 210 0 1
297 210 0 1
296 210 0 1
295 210 0 1
294 210 0 1
293 210 0 1
292 210 0 1
175 210 0 0
174 210 0 0
173 210 0 0
172 210 0 0
171 210 0 0
170 210 0 0
297 209 0 1
296 209 0 1
295 209 0 1
294 209 0 1
293 209 0 1
292 209 0 1
291 209 0 1
175 209 0 0
174 209 0 0
173 209 0 0
172 209 0 0
171 209 0 0
170 209 0 0
296 208 0 1
295 208 0 1
294 208 0 1
293 208 0 1
292 208 0 1
291 208 0 1
174 208 0 0
173 208 0 0
172 208 0 0
171 208 0 0
170 208 0 0
295 207 0 1
294 207 0 1
293 207 0 1
292 207 0 1
291 207 0 1
290 207 0 1
174 207 0 0
173 207 0 0
172 207 0 0
171 207 0 0
170 207 0 0
169 207 0 0
295 206 0 1
294 206 0 1
293 206 0 1
292 206 0 1
291 206 0 1
290 206 0 1
289 206 0 1
174 206 0 0
173 206 0 0
172 206 0 0
171 206 0 0
170 206 0 0
169 206 0 0
294 205 0 1
293 205 0 1
292 205 0 1
291 205 0 1
290 205 0 1
289 205 0 1
288 205 0 1
173 205 0 0
172 205 0 0
171 205 0 0
170 205 0 0
169 205 0 0
293 204 0 1
292 204 0 1
291 204 0 1
290 204 0 1
289 204 0 1
288 204 0 1
173 204 0 0
172 204 0 0
171 204 0 0
170 204 0 0
169 204 0 0
168 204 0 0
292 203 0 1
291 203 0 1
290 203 0 1
289 203 0 1
288 203 0 1
287 203 0 1
173 203 0 0
172 203 0 0
171 203 0 0
170 203 0 0
169 203 0 0
168 203 0 0
292 202 0 1
291 202 0 1
290 202 0 1
289 202 0 1
288 202 0 1
287 202 0 1
286 202 0 1
172 202 0 0
171 202 0 0
170 202 0 0
169 202 0 0
168 202 0 0
291 201 0 1
290 201 0 1
289 201 0 1
288 201 0 1
287 201 0 1
286 201 0 1
285 201 0 1
172 201 0 0
171 201 0 0
170 201 0 0
169 201 0 0
168 201 0 0
290 200 0 1
289 200 0 1
288 200 0 1
287 200 0 1
286 200 0 1
285 200 0 1
172 200 0 0
171 200 0 0
170 200 0 0
169 200 0 0
168 200 0 0
289 199 0 1
288 199 0 1
287 199 0 1
286 199 0 1
285 199 0 1
284 199 0 1
172 199 0 0
171 199 0 0
170 199 0 0
169 199 0 0
168 199 0 0
167 199 0 0
289 198 0 1
288 198 0 1
287 198 0 1
286 198 0 1
285 198 0 1
284 198 0 1
283 198 0 1
171 198 0 0
170 198 0 0
169 198 0 0
168 198 0 0
167 198 0 0
288 197 0 1
287 197 0 1
286 197 0 1
285 197 0 1
284 197 0 1
283 197 0 1
282 197 0 1
171 197 0 0
170 197 0 0
169 197 0 0
168 197 0 0
167 197 0 0
287 196 0 1
286 196 0 1
285 196 0 1
284 196 0 1
283 196 0 1
282 196 0 1
281 196 0 1
171 196 0 0
170 196 0 0
169 196 0 0
168 196 0 0
167 196 0 0
286 195 0 1
285 195 0 1
284 195 0 1
283 195 0 1
282 195 0 1
281 195 0 1
280 195 0 1
171 195 0 0
170 195 0 0
169 195 0 0
168 195 0 0
167 195 0 0
285 194 0 1
284 194 0 1
283 194 0 1
282 194 0 1
281 194 0 1
280 194 0 1
279 194 0 1
171 194 0 0
170 194 0 0
169 194 0 0
168 194 0 0
167 194 0 0
166 194 0 0
284 193 0 1
283 193 0 1
282 193 0 1
281 193 0 1
280 193 0 1
279 193 0 1
278 193 0 1
170 193 0 0
169 193 0 0
168 193 0 0
167 193 0 0
166 193 0 0
283 192 0 1
282 192 0 1
281 192 0 1
280 192 0 1
279 192 0 1
278 192 0 1
277 192 0 1
170 192 0 0
169 192 0 0
168 192 0 0
167 192 0 0
166 192 0 0
283 191 0 1
282 191 0 1
281 191 0 1
280 191 0 1
279 191 0 1
278 191 0 1
277 191 0 1
276 191 0 1
170 191 0 0
169 191 0 0
168 191 0 0
167 191 0 0
166 191 0 0
282 190 0 1
281 190 0 1
280 190 0 1
279 190 0 1
278 190 0 1
277 190 0 1
276 190 0 1
275 190 0 1
170 190 0 0
169 190 0 0
168 190 0 0
167 190 0 0
166 190 0 0
281 189 0 1
280 189 0 1
279 189 0 1
278 189 0 1
277 189 0 1
276 189 0 1
275 189 0 1
274 189 0 1
170 189 0 0
169 189 0 0
168 189 0 0
167 189 0 0
166 189 0 0
165 189 0 0
280 188 0 1
279 188 0 1
278 188 0 1
277 188 0 1
276 188 0 1
275 188 0 1
274 188 0 1
273 188 0 1
169 188 0 0
168 188 0 0
167 188 0 0
166 188 0 0
165 188 0 0
279 187 0 1
278 187 0 1
277 187 0 1
276 187 0 1
275 187 0 1
274 187 0 1
273 187 0 1
169 187 0 0
168 187 0 0
167 187 0 0
166 187 0 0
165 187 0 0
278 186 0 1
277 186 0 1
276 186 0 1
275 186 0 1
274 186 0 1
273 186 0 1
272 186 0 1
169 186 0 0
168 186 0 0
167 186 0 0
166 186 0 0
165 186 0 0
277 185 0 1
276 185 0 1
275 185 0 1
274 185 0 1
273 185 0 1
272 185 0 1
271 185 0 1
169 185 0 0
168 185 0 0
167 185 0 0
166 185 0 0
165 185 0 0
276 184 0 1
275 184 0 1
274 184 0 1
273 184 0 1
272 184 0 1
271 184 0 1
270 184 0 1
169 184 0 0
168 184 0 0
167 184 0 0
166 184 0 0
165 184 0 0
164 184 0 0
275 183 0 1
274 183 0 1
273 183 0 1
272 183 0 1
271 183 0 1
270 183 0 1
269 183 0 1
168 183 0 0
167 183 0 0
166 183 0 0
165 183 0 0
164 183 0 0
274 182 0 1
273 182 0 1
272 182 0 1
271 182 0 1
270 182 0 1
269 182 0 1
268 182 0 1
168 182 0 0
167 182 0 0
166 182 0 0
165 182 0 0
164 182 0 0
273 181 0 1
272 181 0 1
271 181 0 1
270 181 0 1
269 181 0 1
268 181 0 1
168 181 0 0
167 181 0 0
166 181 0 0
165 181 0 0
164 181 0 0
272 180 0 1
271 180 0 1
270 180 0 1
269 180 0 1
268 180 0 1
267 180 0 1
168 180 0 0
167 180 0 0
166 180 0 0
165 180 0 0
164 180 0 0
271 179 0 1
270 179 0 1
269 179 0 1
268 179 0 1
267 179 0 1
266 179 0 1
168 179 0 0
167 179 0 0
166 179 0 0
165 179 0 0
164 179 0 0
271 178 0 1
270 178 0 1
269 178 0 1
268 178 0 1
267 178 0 1
266 178 0 1
168 178 0 0
167 178 0 0
166 178 0 0
165 178 0 0
164 178 0 0
270 177 0 1
269 177 0 1
268 177 0 1
267 177 0 1
266 177 0 1
265 177 0 1
167 177 0 0
166 177 0 0
165 177 0 0
164 177 0 0
163 177 0 0
269 176 0 1
268 176 0 1
267 176 0 1
266 176 0 1
265 176 0 1
264 176 0 1
167 176 0 0
166 176 0 0
165 176 0 0
164 176 0 0
163 176 0 0
269 175 0 1
268 175 0 1
267 175 0 1
266 175 0 1
265 175 0 1
264 175 0 1
167 175 0 0
166 175 0 0
165 175 0 0
164 175 0 0
163 175 0 0
268 174 0 1
267 174 0 1
266 174 0 1
265 174 0 1
264 174 0 1
263 174 0 1
167 174 0 0
166 174 0 0
165 174 0 0
164 174 0 0
163 174 0 0
267 173 0 1
266 173 0 1
265 173 0 1
264 173 0 1
263 173 0 1
262 173 0 1
167 173 0 0
166 173 0 0
165 173 0 0
164 173 0 0
163 173 0 0
267 172 0 1
266 172 0 1
265 172 0 1
264 172 0 1
263 172 0 1
262 172 0 1
261 172 0 1
167 172 0 0
166 172 0 0
165 172 0 0
164 172 0 0
163 172 0 0
266 171 0 1
265 171 0 1
264 171 0 1
263 171 0 1
262 171 0 1
261 171 0 1
260 171 0 1
167 171 0 0
166 171 0 0
165 171 0 0
164 171 0 0
163 171 0 0
265 170 0 1
264 170 0 1
263 170 0 1
262 170 0 1
261 170 0 1
260 170 0 1
259 170 0 1
166 170 0 0
165 170 0 0
164 170 0 0
163 170 0 0
162 170 0 0
264 169 0 1
263 169 0 1
262 169 0 1
261 169 0 1
260 169 0 1
259 169 0 1
258 169 0 1
166 169 0 0
165 169 0 0
164 169 0 0
163 169 0 0
162 169 0 0
264 168 0 1
263 168 0 1
262 168 0 1
261 168 0 1
260 168 0 1
259 168 0 1
258 168 0 1
166 168 0 0
165 168 0 0
164 168 0 0
163 168 0 0
162 168 0 0
263 167 0 1
262 167 0 1
261 167 0 1
260 167 0 1
259 167 0 1
258 167 0 1
257 167 0 1
166 167 0 0
165 167 0 0
164 167 0 0
163 167 0 0
162 167 0 0
262 166 0 1
261 166 0 1
260 166 0 1
259 166 0 1
258 166 0 1
257 166 0 1
256 166 0 1
166 166 0 0
165 166 0 0
164 166 0 0
163 166 0 0
162 166 0 0
261 165 0 1
260 165 0 1
259 165 0 1
258 165 0 1
257 165 0 1
256 165 0 1
255 165 0 1
254 165 0 1
166 165 0 0
165 165 0 0
164 165 0 0
163 165 0 0
162 165 0 0
260 164 0 1
259 164 0 1
258 164 0 1
257 164 0 1
256 164 0 1
255 164 0 1
254 164 0 1
253 164 0 1
166 164 0 0
165 164 0 0
164 164 0 0
163 164 0 0
162 164 0 0
259 163 0 1
258 163 0 1
257 163 0 1
256 163 0 1
255 163 0 1
254 163 0 1
253 163 0 1
252 163 0 1
165 163 0 0
164 163 0 0
163 163 0 0
162 163 0 0
161 163 0 0
258 162 0 1
257 162 0 1
256 162 0 1
255 162 0 1
254 162 0 1
253 162 0 1
252 162 0 1
251 162 0 1
165 162 0 0
164 162 0 0
163 162 0 0
162 162 0 0
161 162 0 0
257 161 0 1
256 161 0 1
255 161 0 1
254 161 0 1
253 161 0 1
252 161 0 1
251 161 0 1
250 161 0 1
165 161 0 0
164 161 0 0
163 161 0 0
162 161 0 0
161 161 0 0
256 160 0 1
255 160 0 1
254 160 0 1
253 160 0 1
252 160 0 1
251 160 0 1
250 160 0 1
249 160 0 1
165 160 0 0
164 160 0 0
163 160 0 0
162 160 0 0
161 160 0 0
255 159 0 1
254 159 0 1
253 159 0 1
252 159 0 1
251 159 0 1
250 159 0 1
249 159 0 1
248 159 0 1
165 159 0 0
164 159 0 0
163 159 0 0
162 159 0 0
161 159 0 0
253 158 0 1
252 158 0 1
251 158 0 1
250 158 0 1
249 158 0 1
248 158 0 1
165 158 0 0
164 158 0 0
163 158 0 0
162 158 0 0
161 158 0 0
253 157 0 1
252 157 0 1
251 157 0 1
250 157 0 1
249 157 0 1
248 157 0 1
165 157 0 0
164 157 0 0
163 157 0 0
162 157 0 0
161 157 0 0
252 156 0 1
251 156 0 1
250 156 0 1
249 156 0 1
248 156 0 1
165 156 0 0
164 156 0 0
163 156 0 0
162 156 0 0
161 156 0 0
252 155 0 1
251 155 0 1
250 155 0 1
249 155 0 1
248 155 0 1
247 155 0 1
165 155 0 0
164 155 0 0
163 155 0 0
162 155 0 0
161 155 0 0
252 154 0 1
251 154 0 1
250 154 0 1
249 154 0 1
248 154 0 1
247 154 0 1
165 154 0 0
164 154 0 0
163 154 0 0
162 154 0 0
161 154 0 0
251 153 0 1
250 153 0 1
249 153 0 1
248 153 0 1
247 153 0 1
165 153 0 0
164 153 0 0
163 153 0 0
162 153 0 0
161 153 0 0
251 152 0 1
250 152 0 1
249 152 0 1
248 152 0 1
247 152 0 1
165 152 0 0
164 152 0 0
163 152 0 0
162 152 0 0
161 152 0 0
251 151 0 1
250 151 0 1
249 151 0 1
248 151 0 1
247 151 0 1
165 151 0 0
164 151 0 0
163 151 0 0
162 151 0 0
161 151 0 0
251 150 0 1
250 150 0 1
249 150 0 1
248 150 0 1
247 150 0 1
246 150 0 1
165 150 0 0
164 150 0 0
163 150 0 0
162 150 0 0
161 150 0 0
251 149 0 1
250 149 0 1
249 149 0 1
248 149 0 1
247 149 0 1
246 149 0 1
165 149 0 0
164 149 0 0
163 149 0 0
162 149 0 0
161 149 0 0
250 148 0 1
249 148 0 1
248 148 0 1
247 148 0 1
246 148 0 1
165 148 0 0
164 148 0 0
163 148 0 0
162 148 0 0
161 148 0 0
250 147 0 1
249 147 0 1
248 147 0 1
247 147 0 1
246 147 0 1
165 147 0 0
164 147 0 0
163 147 0 0
162 147 0 0
161 147 0 0
250 146 0 1
249 146 0 1
248 146 0 1
247 146 0 1
246 146 0 1
165 146 0 0
164 146 0 0
163 146 0 0
162 146 0 0
161 146 0 0
250 145 0 1
249 145 0 1
248 145 0 1
247 145 0 1
246 145 0 1
245 145 0 1
165 145 0 0
164 145 0 0
163 145 0 0
162 145 0 0
161 145 0 0
250 144 0 1
249 144 0 1
248 144 0 1
247 144 0 1
246 144 0 1
245 144 0 1
165 144 0 0
164 144 0 0
163 144 0 0
162 144 0 0
161 144 0 0
249 143 0 1
248 143 0 1
247 143 0 1
246 143 0 1
245 143 0 1
165 143 0 0
164 143 0 0
163 143 0 0
162 143 0 0
161 143 0 0
249 142 0 1
248 142 0 1
247 142 0 1
246 142 0 1
245 142 0 1
165 142 0 0
164 142 0 0
163 142 0 0
162 142 0 0
161 142 0 0
249 141 0 1
248 141 0 1
247 141 0 1
246 141 0 1
245 141 0 1
244 141 0 1
164 141 0 0
163 141 0 0
162 141 0 0
161 141 0 0
249 140 0 1
248 140 0 1
247 140 0 1
246 140 0 1
245 140 0 1
244 140 0 1
164 140 0 0
163 140 0 0
162 140 0 0
161 140 0 0
248 139 0 1
247 139 0 1
246 139 0 1
245 139 0 1
244 139 0 1
164 139 0 0
163 139 0 0
162 139 0 0
161 139 0 0
248 138 0 1
247 138 0 1
246 138 0 1
245 138 0 1
244 138 0 1
164 138 0 0
163 138 0 0
162 138 0 0
161 138 0 0
248 137 0 1
247 137 0 1
246 137 0 1
245 137 0 1
244 137 0 1
243 137 0 1
164 137 0 0
163 137 0 0
162 137 0 0
161 137 0 0
248 136 0 1
247 136 0 1
246 136 0 1
245 136 0 1
244 136 0 1
243 136 0 1
164 136 0 0
163 136 0 0
162 136 0 0
161 136 0 0
247 135 0 1
246 135 0 1
245 135 0 1
244 135 0 1
243 135 0 1
164 135 0 0
163 135 0 0
162 135 0 0
161 135 0 0
247 134 0 1
246 134 0 1
245 134 0 1
244 134 0 1
243 134 0 1
164 134 0 0
163 134 0 0
162 134 0 0
161 134 0 0
247 133 0 1
246 133 0 1
245 133 0 1
244 133 0 1
243 133 0 1
242 133 0 1
164 133 0 0
163 133 0 0
162 133 0 0
161 133 0 0
247 132 0 1
246 132 0 1
245 132 0 1
244 132 0 1
243 132 0 1
242 132 0 1
164 132 0 0
163 132 0 0
162 132 0 0
161 132 0 0
246 131 0 1
245 131 0 1
244 131 0 1
243 131 0 1
242 131 0 1
164 131 0 0
163 131 0 0
162 131 0 0
161 131 0 0
246 130 0 1
245 130 0 1
244 130 0 1
243 130 0 1
242 130 0 1
164 130 0 0
163 130 0 0
162 130 0 0
161 130 0 0
246 129 0 1
245 129 0 1
244 129 0 1
243 129 0 1
242 129 0 1
241 129 0 1
164 129 0 0
163 129 0 0
162 129 0 0
161 129 0 0
246 128 0 1
245 128 0 1
244 128 0 1
243 128 0 1
242 128 0 1
241 128 0 1
164 128 0 0
163 128 0 0
162 128 0 0
161 128 0 0
245 127 0 1
244 127 0 1
243 127 0 1
242 127 0 1
241 127 0 1
164 127 0 0
163 127 0 0
162 127 0 0
161 127 0 0
245 126 0 1
244 126 0 1
243 126 0 1
242 126 0 1
241 126 0 1
164 126 0 0
163 126 0 0
162 126 0 0
161 126 0 0
245 125 0 1
244 125 0 1
243 125 0 1
242 125 0 1
241 125 0 1
164 125 0 0
163 125 0 0
162 125 0 0
161 125 0 0
245 124 0 1
244 124 0 1
243 124 0 1
242 124 0 1
241 124 0 1
240 124 0 1
164 124 0 0
163 124 0 0
162 124 0 0
161 124 0 0
245 123 0 1
244 123 0 1
243 123 0 1
242 123 0 1
241 123 0 1
240 123 0 1
164 123 0 0
163 123 0 0
162 123 0 0
161 123 0 0
244 122 0 1
243 122 0 1
242 122 0 1
241 122 0 1
240 122 0 1
164 122 0 0
163 122 0 0
162 122 0 0
161 122 0 0
244 121 0 1
243 121 0 1
242 121 0 1
241 121 0 1
240 121 0 1
164 121 0 0
163 121 0 0
162 121 0 0
161 121 0 0
244 120 0 1
243 120 0 1
242 120 0 1
241 120 0 1
240 120 0 1
164 120 0 0
163 120 0 0
162 120 0 0
161 120 0 0
244 119 0 1
243 119 0 1
242 119 0 1
241 119 0 1
240 119 0 1
164 119 0 0
163 119 0 0
162 119 0 0
161 119 0 0
244 118 0 1
243 118 0 1
242 118 0 1
241 118 0 1
240 118 0 1
239 118 0 1
164 118 0 0
163 118 0 0
162 118 0 0
161 118 0 0
243 117 0 1
242 117 0 1
241 117 0 1
240 117 0 1
239 117 0 1
164 117 0 0
163 117 0 0
162 117 0 0
161 117 0 0
243 116 0 1
242 116 0 1
241 116 0 1
240 116 0 1
239 116 0 1
164 116 0 0
163 116 0 0
162 116 0 0
161 116 0 0
243 115 0 1
242 115 0 1
241 115 0 1
240 115 0 1
239 115 0 1
164 115 0 0
163 115 0 0
162 115 0 0
161 115 0 0
243 114 0 1
242 114 0 1
241 114 0 1
240 114 0 1
239 114 0 1
164 114 0 0
163 114 0 0
162 114 0 0
161 114 0 0
243 113 0 1
242 113 0 1
241 113 0 1
240 113 0 1
239 113 0 1
238 113 0 1
164 113 0 0
163 113 0 0
162 113 0 0
161 113 0 0
242 112 0 1
241 112 0 1
240 112 0 1
239 112 0 1
238 112 0 1
164 112 0 0
163 112 0 0
162 112 0 0
161 112 0 0
242 111 0 1
241 111 0 1
240 111 0 1
239 111 0 1
238 111 0 1
164 111 0 0
163 111 0 0
162 111 0 0
161 111 0 0
242 110 0 1
241 110 0 1
240 110 0 1
239 110 0 1
238 110 0 1
164 110 0 0
163 110 0 0
162 110 0 0
161 110 0 0
242 109 0 1
241 109 0 1
240 109 0 1
239 109 0 1
238 109 0 1
164 109 0 0
163 109 0 0
162 109 0 0
161 109 0 0
242 108 0 1
241 108 0 1
240 108 0 1
239 108 0 1
238 108 0 1
237 108 0 1
164 108 0 0
163 108 0 0
162 108 0 0
161 108 0 0
241 107 0 1
240 107 0 1
239 107 0 1
238 107 0 1
237 107 0 1
164 107 0 0
163 107 0 0
162 107 0 0
161 107 0 0
241 106 0 1
240 106 0 1
239 106 0 1
238 106 0 1
237 106 0 1
164 106 0 0
163 106 0 0
162 106 0 0
161 106 0 0
241 105 0 1
240 105 0 1
239 105 0 1
238 105 0 1
237 105 0 1
164 105 0 0
163 105 0 0
162 105 0 0
161 105 0 0
241 104 0 1
240 104 0 1
239 104 0 1
238 104 0 1
237 104 0 1
164 104 0 0
163 104 0 0
162 104 0 0
161 104 0 0
241 103 0 1
240 103 0 1
239 103 0 1
238 103 0 1
237 103 0 1
164 103 0 0
163 103 0 0
162 103 0 0
161 103 0 0
241 102 0 1
240 102 0 1
239 102 0 1
238 102 0 1
237 102 0 1
164 102 0 0
163 102 0 0
162 102 0 0
161 102 0 0
241 101 0 1
240 101 0 1
239 101 0 1
238 101 0 1
237 101 0 1
164 101 0 0
163 101 0 0
162 101 0 0
161 101 0 0
241 100 0 1
240 100 0 1
239 100 0 1
238 100 0 1
237 100 0 1
164 100 0 0
163 100 0 0
162 100 0 0
161 100 0 0
240 99 0 1
239 99 0 1
238 99 0 1
237 99 0 1
236 99 0 1
164 99 0 0
163 99 0 0
162 99 0 0
161 99 0 0
240 98 0 1
239 98 0 1
238 98 0 1
237 98 0 1
236 98 0 1
164 98 0 0
163 98 0 0
162 98 0 0
161 98 0 0
240 97 0 1
239 97 0 1
238 97 0 1
237 97 0 1
236 97 0 1
164 97 0 0
163 97 0 0
162 97 0 0
161 97 0 0
240 96 0 1
239 96 0 1
238 96 0 1
237 96 0 1
236 96 0 1
164 96 0 0
163 96 0 0
162 96 0 0
161 96 0 0
240 95 0 1
239 95 0 1
238 95 0 1
237 95 0 1
236 95 0 1
164 95 0 0
163 95 0 0
162 95 0 0
161 95 0 0
240 94 0 1
239 94 0 1
238 94 0 1
237 94 0 1
236 94 0 1
164 94 0 0
163 94 0 0
162 94 0 0
161 94 0 0
240 93 0 1
239 93 0 1
238 93 0 1
237 93 0 1
236 93 0 1
164 93 0 0
163 93 0 0
162 93 0 0
161 93 0 0
240 92 0 1
239 92 0 1
238 92 0 1
237 92 0 1
236 92 0 1
164 92 0 0
163 92 0 0
162 92 0 0
161 92 0 0
240 91 0 1
239 91 0 1
238 91 0 1
237 91 0 1
236 91 0 1
164 91 0 0
163 91 0 0
162 91 0 0
161 91 0 0
239 90 0 1
238 90 0 1
237 90 0 1
236 90 0 1
235 90 0 1
164 90 0 0
163 90 0 0
162 90 0 0
161 90 0 0
239 89 0 1
238 89 0 1
237 89 0 1
236 89 0 1
235 89 0 1
164 89 0 0
163 89 0 0
162 89 0 0
161 89 0 0
382 88 0 0
381 88 0 0
380 88 0 0
379 88 0 0
378 88 0 0
377 88 0 0
239 88 0 1
238 88 0 1
237 88 0 1
236 88 0 1
235 88 0 1
164 88 0 0
163 88 0 0
162 88 0 0
161 88 0 0
382 87 0 0
381 87 0 0
380 87 0 0
379 87 0 0
378 87 0 0
377 87 0 0
376 87 0 0
239 87 0 1
238 87 0 1
237 87 0 1
236 87 0 1
235 87 0 1
164 87 0 0
163 87 0 0
162 87 0 0
161 87 0 0
382 86 0 0
381 86 0 0
380 86 0 0
379 86 0 0
378 86 0 0
377 86 0 0
376 86 0 0
375 86 0 0
239 86 0 1
238 86 0 1
237 86 0 1
236 86 0 1
235 86 0 1
164 86 0 0
163 86 0 0
162 86 0 0
161 86 0 0
382 85 0 0
381 85 0 0
380 85 0 0
379 85 0 0
378 85 0 0
377 85 0 0
376 85 0 0
375 85 0 0
374 85 0 0
239 85 0 1
238 85 0 1
237 85 0 1
236 85 0 1
235 85 0 1
164 85 0 0
163 85 0 0
162 85 0 0
161 85 0 0
379 84 0 0
378 84 0 0
377 84 0 0
376 84 0 0
375 84 0 0
374 84 0 0
373 84 0 0
372 84 0 0
239 84 0 1
238 84 0 1
237 84 0 1
236 84 0 1
235 84 0 1
164 84 0 0
163 84 0 0
162 84 0 0
161 84 0 0
378 83 0 0
377 83 0 0
376 83 0 0
375 83 0 0
374 83 0 0
373 83 0 0
372 83 0 0
371 83 0 0
239 83 0 1
238 83 0 1
237 83 0 1
236 83 0 1
235 83 0 1
164 83 0 0
163 83 0 0
162 83 0 0
161 83 0 0
377 82 0 0
376 82 0 0
375 82 0 0
374 82 0 0
373 82 0 0
372 82 0 0
371 82 0 0
370 82 0 0
239 82 0 1
238 82 0 1
237 82 0 1
236 82 0 1
235 82 0 1
164 82 0 0
163 82 0 0
162 82 0 0
161 82 0 0
376 81 0 0
375 81 0 0
374 81 0 0
373 81 0 0
372 81 0 0
371 81 0 0
370 81 0 0
369 81 0 0
368 81 0 0
238 81 0 1
237 81 0 1
236 81 0 1
235 81 0 1
164 81 0 0
163 81 0 0
162 81 0 0
161 81 0 0
375 80 0 0
374 80 0 0
373 80 0 0
372 80 0 0
371 80 0 0
370 80 0 0
369 80 0 0
368 80 0 0
367 80 0 0
238 80 0 1
237 80 0 1
236 80 0 1
235 80 0 1
164 80 0 0
163 80 0 0
162 80 0 0
161 80 0 0
374 79 0 0
373 79 0 0
372 79 0 0
371 79 0 0
370 79 0 0
369 79 0 0
368 79 0 0
367 79 0 0
366 79 0 0
365 79 0 0
238 79 0 1
237 79 0 1
236 79 0 1
235 79 0 1
164 79 0 0
163 79 0 0
162 79 0 0
161 79 0 0
372 78 0 0
371 78 0 0
370 78 0 0
369 78 0 0
368 78 0 0
367 78 0 0
366 78 0 0
365 78 0 0
364 78 0 0
363 78 0 0
238 78 0 1
237 78 0 1
236 78 0 1
235 78 0 1
164 78 0 0
163 78 0 0
162 78 0 0
161 78 0 0
371 77 0 0
370 77 0 0
369 77 0 0
368 77 0 0
367 77 0 0
366 77 0 0
365 77 0 0
364 77 0 0
363 77 0 0
362 77 0 0
238 77 0 1
237 77 0 1
236 77 0 1
235 77 0 1
164 77 0 0
163 77 0 0
162 77 0 0
161 77 0 0
369 76 0 0
368 76 0 0
367 76 0 0
366 76 0 0
365 76 0 0
364 76 0 0
363 76 0 0
362 76 0 0
361 76 0 0
360 76 0 0
238 76 0 1
237 76 0 1
236 76 0 1
235 76 0 1
164 76 0 0
163 76 0 0
162 76 0 0
161 76 0 0
367 75 0 0
366 75 0 0
365 75 0 0
364 75 0 0
363 75 0 0
362 75 0 0
361 75 0 0
360 75 0 0
359 75 0 0
238 75 0 1
237 75 0 1
236 75 0 1
235 75 0 1
164 75 0 0
163 75 0 0
162 75 0 0
161 75 0 0
366 74 0 0
365 74 0 0
364 74 0 0
363 74 0 0
362 74 0 0
361 74 0 0
360 74 0 0
359 74 0 0
358 74 0 0
357 74 0 0
238 74 0 1
237 74 0 1
236 74 0 1
235 74 0 1
164 74 0 0
163 74 0 0
162 74 0 0
161 74 0 0
364 73 0 0
363 73 0 0
362 73 0 0
361 73 0 0
360 73 0 0
359 73 0 0
358 73 0 0
357 73 0 0
356 73 0 0
238 73 0 1
237 73 0 1
236 73 0 1
235 73 0 1
164 73 0 0
163 73 0 0
162 73 0 0
161 73 0 0
363 72 0 0
362 72 0 0
361 72 0 0
360 72 0 0
359 72 0 0
358 72 0 0
357 72 0 0
356 72 0 0
355 72 0 0
354 72 0 0
238 72 0 1
237 72 0 1
236 72 0 1
235 72 0 1
164 72 0 0
163 72 0 0
162 72 0 0
161 72 0 0
361 71 0 0
360 71 0 0
359 71 0 0
358 71 0 0
357 71 0 0
356 71 0 0
355 71 0 0
354 71 0 0
353 71 0 0
238 71 0 1
237 71 0 1
236 71 0 1
235 71 0 1
164 71 0 0
163 71 0 0
162 71 0 0
161 71 0 0
360 70 0 0
359 70 0 0
358 70 0 0
357 70 0 0
356 70 0 0
355 70 0 0
354 70 0 0
353 70 0 0
352 70 0 0
351 70 0 0
238 70 0 1
237 70 0 1
236 70 0 1
235 70 0 1
164 70 0 0
163 70 0 0
162 70 0 0
161 70 0 0
358 69 0 0
357 69 0 0
356 69 0 0
355 69 0 0
354 69 0 0
353 69 0 0
352 69 0 0
351 69 0 0
350 69 0 0
238 69 0 1
237 69 0 1
236 69 0 1
235 69 0 1
164 69 0 0
163 69 0 0
162 69 0 0
161 69 0 0
357 68 0 0
356 68 0 0
355 68 0 0
354 68 0 0
353 68 0 0
352 68 0 0
351 68 0 0
350 68 0 0
349 68 0 0
348 68 0 0
238 68 0 1
237 68 0 1
236 68 0 1
235 68 0 1
164 68 0 0
163 68 0 0
162 68 0 0
161 68 0 0
355 67 0 0
354 67 0 0
353 67 0 0
352 67 0 0
351 67 0 0
350 67 0 0
349 67 0 0
348 67 0 0
347 67 0 0
346 67 0 0
238 67 0 1
237 67 0 1
236 67 0 1
235 67 0 1
164 67 0 0
163 67 0 0
162 67 0 0
161 67 0 0
354 66 0 0
353 66 0 0
352 66 0 0
351 66 0 0
350 66 0 0
349 66 0 0
348 66 0 0
347 66 0 0
346 66 0 0
345 66 0 0
238 66 0 1
237 66 0 1
236 66 0 1
235 66 0 1
164 66 0 0
163 66 0 0
162 66 0 0
161 66 0 0
352 65 0 0
351 65 0 0
350 65 0 0
349 65 0 0
348 65 0 0
347 65 0 0
346 65 0 0
345 65 0 0
344 65 0 0
343 65 0 0
238 65 0 1
237 65 0 1
236 65 0 1
235 65 0 1
164 65 0 0
163 65 0 0
162 65 0 0
161 65 0 0
351 64 0 0
350 64 0 0
349 64 0 0
348 64 0 0
347 64 0 0
346 64 0 0
345 64 0 0
344 64 0 0
343 64 0 0
342 64 0 0
341 64 0 0
238 64 0 1
237 64 0 1
236 64 0 1
235 64 0 1
164 64 0 0
163 64 0 0
162 64 0 0
161 64 0 0
349 63 0 0
348 63 0 0
347 63 0 0
346 63 0 0
345 63 0 0
344 63 0 0
343 63 0 0
342 63 0 0
341 63 0 0
340 63 0 0
339 63 0 0
238 63 0 1
237 63 0 1
236 63 0 1
235 63 0 1
164 63 0 0
163 63 0 0
162 63 0 0
161 63 0 0
347 62 0 0
346 62 0 0
345 62 0 0
344 62 0 0
343 62 0 0
342 62 0 0
341 62 0 0
340 62 0 0
339 62 0 0
338 62 0 0
238 62 0 1
237 62 0 1
236 62 0 1
235 62 0 1
164 62 0 0
163 62 0 0
162 62 0 0
161 62 0 0
345 61 0 0
344 61 0 0
343 61 0 0
342 61 0 0
341 61 0 0
340 61 0 0
339 61 0 0
338 61 0 0
337 61 0 0
336 61 0 0
238 61 0 1
237 61 0 1
236 61 0 1
235 61 0 1
164 61 0 0
163 61 0 0
162 61 0 0
161 61 0 0
344 60 0 0
343 60 0 0
342 60 0 0
341 60 0 0
340 60 0 0
339 60 0 0
338 60 0 0
337 60 0 0
336 60 0 0
335 60 0 0
238 60 0 1
237 60 0 1
236 60 0 1
235 60 0 1
164 60 0 0
163 60 0 0
162 60 0 0
161 60 0 0
342 59 0 0
341 59 0 0
340 59 0 0
339 59 0 0
338 59 0 0
337 59 0 0
336 59 0 0
335 59 0 0
334 59 0 0
238 59 0 1
237 59 0 1
236 59 0 1
235 59 0 1
164 59 0 0
163 59 0 0
162 59 0 0
161 59 0 0
340 58 0 0
339 58 0 0
338 58 0 0
337 58 0 0
336 58 0 0
335 58 0 0
334 58 0 0
333 58 0 0
238 58 0 1
237 58 0 1
236 58 0 1
235 58 0 1
164 58 0 0
163 58 0 0
162 58 0 0
161 58 0 0
339 57 0 0
338 57 0 0
337 57 0 0
336 57 0 0
335 57 0 0
334 57 0 0
333 57 0 0
332 57 0 0
238 57 0 1
237 57 0 1
236 57 0 1
235 57 0 1
164 57 0 0
163 57 0 0
162 57 0 0
161 57 0 0
338 56 0 0
337 56 0 0
336 56 0 0
335 56 0 0
334 56 0 0
333 56 0 0
332 56 0 0
331 56 0 0
238 56 0 1
237 56 0 1
236 56 0 1
235 56 0 1
164 56 0 0
163 56 0 0
162 56 0 0
161 56 0 0
336 55 0 0
335 55 0 0
334 55 0 0
333 55 0 0
332 55 0 0
331 55 0 0
330 55 0 0
238 55 0 1
237 55 0 1
236 55 0 1
235 55 0 1
164 55 0 0
163 55 0 0
162 55 0 0
161 55 0 0
335 54 0 0
334 54 0 0
333 54 0 0
332 54 0 0
331 54 0 0
330 54 0 0
329 54 0 0
238 54 0 1
237 54 0 1
236 54 0 1
235 54 0 1
164 54 0 0
163 54 0 0
162 54 0 0
161 54 0 0
334 53 0 0
333 53 0 0
332 53 0 0
331 53 0 0
330 53 0 0
329 53 0 0
328 53 0 0
327 53 0 0
238 53 0 1
237 53 0 1
236 53 0 1
235 53 0 1
164 53 0 0
163 53 0 0
162 53 0 0
161 53 0 0
333 52 0 0
332 52 0 0
331 52 0 0
330 52 0 0
329 52 0 0
328 52 0 0
327 52 0 0
326 52 0 0
238 52 0 1
237 52 0 1
236 52 0 1
235 52 0 1
164 52 0 0
163 52 0 0
162 52 0 0
161 52 0 0
332 51 0 0
331 51 0 0
330 51 0 0
329 51 0 0
328 51 0 0
327 51 0 0
326 51 0 0
325 51 0 0
238 51 0 1
237 51 0 1
236 51 0 1
235 51 0 1
164 51 0 0
163 51 0 0
162 51 0 0
161 51 0 0
331 50 0 0
330 50 0 0
329 50 0 0
328 50 0 0
327 50 0 0
326 50 0 0
325 50 0 0
238 50 0 1
237 50 0 1
236 50 0 1
235 50 0 1
164 50 0 0
163 50 0 0
162 50 0 0
161 50 0 0
330 49 0 0
329 49 0 0
328 49 0 0
327 49 0 0
326 49 0 0
325 49 0 0
324 49 0 0
323 49 0 0
322 49 0 0
238 49 0 1
237 49 0 1
236 49 0 1
235 49 0 1
164 49 0 0
163 49 0 0
162 49 0 0
161 49 0 0
329 48 0 0
328 48 0 0
327 48 0 0
326 48 0 0
325 48 0 0
324 48 0 0
323 48 0 0
322 48 0 0
321 48 0 0
238 48 0 1
237 48 0 1
236 48 0 1
235 48 0 1
164 48 0 0
163 48 0 0
162 48 0 0
161 48 0 0
328 47 0 0
327 47 0 0
326 47 0 0
325 47 0 0
324 47 0 0
323 47 0 0
322 47 0 0
321 47 0 0
238 47 0 1
237 47 0 1
236 47 0 1
235 47 0 1
164 47 0 0
163 47 0 0
162 47 0 0
161 47 0 0
327 46 0 0
326 46 0 0
325 46 0 0
324 46 0 0
323 46 0 0
322 46 0 0
321 46 0 0
320 46 0 0
238 46 0 1
237 46 0 1
236 46 0 1
235 46 0 1
164 46 0 0
163 46 0 0
162 46 0 0
161 46 0 0
325 45 0 0
324 45 0 0
323 45 0 0
322 45 0 0
321 45 0 0
320 45 0 0
319 45 0 0
318 45 0 0
317 45 0 0
238 45 0 1
237 45 0 1
236 45 0 1
235 45 0 1
164 45 0 0
163 45 0 0
162 45 0 0
161 45 0 0
324 44 0 0
323 44 0 0
322 44 0 0
321 44 0 0
320 44 0 0
319 44 0 0
318 44 0 0
317 44 0 0
316 44 0 0
315 44 0 0
314 44 0 0
313 44 0 0
312 44 0 0
311 44 0 0
323 43 0 0
322 43 0 0
321 43 0 0
320 43 0 0
319 43 0 0
318 43 0 0
317 43 0 0
316 43 0 0
315 43 0 0
314 43 0 0
313 43 0 0
312 43 0 0
311 43 0 0
310 43 0 0
322 42 0 0
321 42 0 0
320 42 0 0
319 42 0 0
318 42 0 0
317 42 0 0
316 42 0 0
315 42 0 0
314 42 0 0
313 42 0 0
312 42 0 0
311 42 0 0
310 42 0 0
309 42 0 0
321 41 0 0
320 41 0 0
319 41 0 0
318 41 0 0
317 41 0 0
316 41 0 0
315 41 0 0
314 41 0 0
313 41 0 0
312 41 0 0
311 41 0 0
310 41 0 0
309 41 0 0
308 41 0 0
315 40 0 0
314 40 0 0
313 40 0 0
312 40 0 0
311 40 0 0
310 40 0 0
309 40 0 0
308 40 0 0
307 40 0 0
306 40 0 0
312 39 0 0
311 39 0 0
310 39 0 0
309 39 0 0
308 39 0 0
307 39 0 0
306 39 0 0
305 39 0 0
304 39 0 0
311 38 0 0
310 38 0 0
309 38 0 0
308 38 0 0
307 38 0 0
306 38 0 0
305 38 0 0
304 38 0 0
303 38 0 0
310 37 0 0
309 37 0 0
308 37 0 0
307 37 0 0
306 37 0 0
305 37 0 0
304 37 0 0
303 37 0 0
302 37 0 0
301 37 0 0
309 36 0 0
308 36 0 0
307 36 0 0
306 36 0 0
305 36 0 0
304 36 0 0
303 36 0 0
302 36 0 0
301 36 0 0
300 36 0 0
299 36 0 0
307 35 0 0
306 35 0 0
305 35 0 0
304 35 0 0
303 35 0 0
302 35 0 0
301 35 0 0
300 35 0 0
299 35 0 0
298 35 0 0
305 34 0 0
304 34 0 0
303 34 0 0
302 34 0 0
301 34 0 0
300 34 0 0
299 34 0 0
298 34 0 0
297 34 0 0
296 34 0 0
304 33 0 0
303 33 0 0
302 33 0 0
301 33 0 0
300 33 0 0
299 33 0 0
298 33 0 0
297 33 0 0
296 33 0 0
295 33 0 0
294 33 0 0
293 33 0 0
292 33 0 0
291 33 0 0
302 32 0 0
301 32 0 0
300 32 0 0
299 32 0 0
298 32 0 0
297 32 0 0
296 32 0 0
295 32 0 0
294 32 0 0
293 32 0 0
292 32 0 0
291 32 0 0
290 32 0 0
289 32 0 0
288 32 0 0
287 32 0 0
286 32 0 0
285 32 0 0
300 31 0 0
299 31 0 0
298 31 0 0
297 31 0 0
296 31 0 0
295 31 0 0
294 31 0 0
293 31 0 0
292 31 0 0
291 31 0 0
290 31 0 0
289 31 0 0
288 31 0 0
287 31 0 0
286 31 0 0
285 31 0 0
284 31 0 0
299 30 0 0
298 30 0 0
297 30 0 0
296 30 0 0
295 30 0 0
294 30 0 0
293 30 0 0
292 30 0 0
291 30 0 0
290 30 0 0
289 30 0 0
288 30 0 0
287 30 0 0
286 30 0 0
285 30 0 0
284 30 0 0
283 30 0 0
282 30 0 0
294 29 0 0
293 29 0 0
292 29 0 0
291 29 0 0
290 29 0 0
289 29 0 0
288 29 0 0
287 29 0 0
286 29 0 0
285 29 0 0
284 29 0 0
283 29 0 0
282 29 0 0
281 29 0 0
280 29 0 0
279 29 0 0
278 29 0 0
289 28 0 0
288 28 0 0
287 28 0 0
286 28 0 0
285 28 0 0
284 28 0 0
283 28 0 0
282 28 0 0
281 28 0 0
280 28 0 0
279 28 0 0
278 28 0 0
277 28 0 0
286 27 0 0
285 27 0 0
284 27 0 0
283 27 0 0
282 27 0 0
281 27 0 0
280 27 0 0
279 27 0 0
278 27 0 0
277 27 0 0
276 27 0 0
284 26 0 0
283 26 0 0
282 26 0 0
281 26 0 0
280 26 0 0
279 26 0 0
278 26 0 0
277 26 0 0
276 26 0 0
275 26 0 0
274 26 0 0
273 26 0 0
283 25 0 0
282 25 0 0
281 25 0 0
280 25 0 0
279 25 0 0
278 25 0 0
277 25 0 0
276 25 0 0
275 25 0 0
274 25 0 0
273 25 0 0
272 25 0 0
279 24 0 0
278 24 0 0
277 24 0 0
276 24 0 0
275 24 0 0
274 24 0 0
273 24 0 0
272 24 0 0
271 24 0 0
270 24 0 0
269 24 0 0
268 24 0 0
278 23 0 0
277 23 0 0
276 23 0 0
275 23 0 0
274 23 0 0
273 23 0 0
272 23 0 0
271 23 0 0
270 23 0 0
269 23 0 0
268 23 0 0
267 23 0 0
277 22 0 0
276 22 0 0
275 22 0 0
274 22 0 0
273 22 0 0
272 22 0 0
271 22 0 0
270 22 0 0
269 22 0 0
268 22 0 0
267 22 0 0
266 22 0 0
274 21 0 0
273 21 0 0
272 21 0 0
271 21 0 0
270 21 0 0
269 21 0 0
268 21 0 0
267 21 0 0
266 21 0 0
265 21 0 0
264 21 0 0
271 20 0 0
270 20 0 0
269 20 0 0
268 20 0 0
267 20 0 0
266 20 0 0
265 20 0 0
264 20 0 0
263 20 0 0
269 19 0 0
268 19 0 0
267 19 0 0
266 19 0 0
265 19 0 0
264 19 0 0
263 19 0 0
262 19 0 0
261 19 0 0
260 19 0 0
259 19 0 0
268 18 0 0
267 18 0 0
266 18 0 0
265 18 0 0
264 18 0 0
263 18 0 0
262 18 0 0
261 18 0 0
260 18 0 0
259 18 0 0
258 18 0 0
257 18 0 0
266 17 0 0
265 17 0 0
264 17 0 0
263 17 0 0
262 17 0 0
261 17 0 0
260 17 0 0
259 17 0 0
258 17 0 0
257 17 0 0
256 17 0 0
255 17 0 0
254 17 0 0
265 16 0 0
264 16 0 0
263 16 0 0
262 16 0 0
261 16 0 0
260 16 0 0
259 16 0 0
258 16 0 0
257 16 0 0
256 16 0 0
255 16 0 0
254 16 0 0
253 16 0 0
264 15 0 0
263 15 0 0
262 15 0 0
261 15 0 0
260 15 0 0
259 15 0 0
258 15 0 0
257 15 0 0
256 15 0 0
255 15 0 0
254 15 0 0
253 15 0 0
252 15 0 0
251 15 0 0
260 14 0 0
259 14 0 0
258 14 0 0
257 14 0 0
256 14 0 0
255 14 0 0
254 14 0 0
253 14 0 0
252 14 0 0
251 14 0 0
250 14 0 0
249 14 0 0
248 14 0 0
247 14 0 0
258 13 0 0
257 13 0 0
256 13 0 0
255 13 0 0
254 13 0 0
253 13 0 0
252 13 0 0
251 13 0 0
250 13 0 0
249 13 0 0
248 13 0 0
247 13 0 0
246 13 0 0
245 13 0 0
244 13 0 0
243 13 0 0
242 13 0 0
255 12 0 0
254 12 0 0
253 12 0 0
252 12 0 0
251 12 0 0
250 12 0 0
249 12 0 0
248 12 0 0
247 12 0 0
246 12 0 0
245 12 0 0
244 12 0 0
243 12 0 0
242 12 0 0
241 12 0 0
240 12 0 0
239 12 0 0
238 12 0 0
237 12 0 0
236 12 0 0
235 12 0 0
234 12 0 0
233 12 0 0
232 12 0 0
253 11 0 0
252 11 0 0
251 11 0 0
250 11 0 0
249 11 0 0
248 11 0 0
247 11 0 0
246 11 0 0
245 11 0 0
244 11 0 0
243 11 0 0
242 11 0 0
241 11 0 0
240 11 0 0
239 11 0 0
238 11 0 0
237 11 0 0
236 11 0 0
235 11 0 0
234 11 0 0
233 11 0 0
232 11 0 0
231 11 0 0
230 11 0 0
229 11 0 0
228 11 0 0
252 10 0 0
251 10 0 0
250 10 0 0
249 10 0 0
248 10 0 0
247 10 0 0
246 10 0 0
245 10 0 0
244 10 0 0
243 10 0 0
242 10 0 0
241 10 0 0
240 10 0 0
239 10 0 0
238 10 0 0
237 10 0 0
236 10 0 0
235 10 0 0
234 10 0 0
233 10 0 0
232 10 0 0
231 10 0 0
230 10 0 0
229 10 0 0
228 10 0 0
227 10 0 0
226 10 0 0
225 10 0 0
224 10 0 0
223 10 0 0
222 10 0 0
221 10 0 0
220 10 0 0
248 9 0 0
247 9 0 0
246 9 0 0
245 9 0 0
244 9 0 0
243 9 0 0
242 9 0 0
241 9 0 0
240 9 0 0
239 9 0 0
238 9 0 0
237 9 0 0
236 9 0 0
235 9 0 0
234 9 0 0
233 9 0 0
232 9 0 0
231 9 0 0
230 9 0 0
229 9 0 0
228 9 0 0
227 9 0 0
226 9 0 0
225 9 0 0
224 9 0 0
223 9 0 0
222 9 0 0
221 9 0 0
220 9 0 0
219 9 0 0
218 9 0 0
217 9 0 0
236 8 0 0
235 8 0 0
234 8 0 0
233 8 0 0
232 8 0 0
231 8 0 0
230 8 0 0
229 8 0 0
228 8 0 0
227 8 0 0
226 8 0 0
225 8 0 0
224 8 0 0
223 8 0 0
222 8 0 0
221 8 0 0
220 8 0 0
219 8 0 0
218 8 0 0
217 8 0 0
216 8 0 0
215 8 0 0
214 8 0 0
213 8 0 0
212 8 0 0
211 8 0 0
210 8 0 0
209 8 0 0
208 8 0 0
207 8 0 0
206 8 0 0
231 7 0 0
230 7 0 0
229 7 0 0
228 7 0 0
227 7 0 0
226 7 0 0
225 7 0 0
224 7 0 0
223 7 0 0
222 7 0 0
221 7 0 0
220 7 0 0
219 7 0 0
218 7 0 0
217 7 0 0
216 7 0 0
215 7 0 0
214 7 0 0
213 7 0 0
212 7 0 0
211 7 0 0
210 7 0 0
209 7 0 0
208 7 0 0
207 7 0 0
206 7 0 0
205 7 0 0
204 7 0 0
203 7 0 0
202 7 0 0
201 7 0 0
200 7 0 0
199 7 0 0
198 7 0 0
197 7 0 0
196 7 0 0
224 6 0 0
223 6 0 0
222 6 0 0
221 6 0 0
220 6 0 0
219 6 0 0
218 6 0 0
217 6 0 0
216 6 0 0
215 6 0 0
214 6 0 0
213 6 0 0
212 6 0 0
211 6 0 0
210 6 0 0
209 6 0 0
208 6 0 0
207 6 0 0
206 6 0 0
205 6 0 0
204 6 0 0
203 6 0 0
202 6 0 0
201 6 0 0
200 6 0 0
199 6 0 0
198 6 0 0
197 6 0 0
196 6 0 0
195 6 0 0
194 6 0 0
193 6 0 0
192 6 0 0
191 6 0 0
190 6 0 0
189 6 0 0
188 6 0 0
187 6 0 0
186 6 0 0
185 6 0 0
184 6 0 0
183 6 0 0
182 6 0 0
181 6 0 0
180 6 0 0
179 6 0 0
178 6 0 0
177 6 0 0
176 6 0 0
175 6 0 0
174 6 0 0
221 5 0 0
220 5 0 0
219 5 0 0
218 5 0 0
217 5 0 0
216 5 0 0
215 5 0 0
214 5 0 0
213 5 0 0
212 5 0 0
211 5 0 0
210 5 0 0
209 5 0 0
208 5 0 0
207 5 0 0
206 5 0 0
205 5 0 0
204 5 0 0
203 5 0 0
202 5 0 0
201 5 0 0
200 5 0 0
199 5 0 0
198 5 0 0
197 5 0 0
196 5 0 0
195 5 0 0
194 5 0 0
193 5 0 0
192 5 0 0
191 5 0 0
190 5 0 0
189 5 0 0
188 5 0 0
187 5 0 0
186 5 0 0
185 5 0 0
184 5 0 0
183 5 0 0
182 5 0 0
181 5 0 0
180 5 0 0
179 5 0 0
178 5 0 0
177 5 0 0
176 5 0 0
175 5 0 0
174 5 0 0
173 5 0 0
211 4 0 0
210 4 0 0
209 4 0 0
208 4 0 0
207 4 0 0
206 4 0 0
205 4 0 0
204 4 0 0
203 4 0 0
202 4 0 0
201 4 0 0
200 4 0 0
199 4 0 0
198 4 0 0
197 4 0 0
196 4 0 0
195 4 0 0
194 4 0 0
193 4 0 0
192 4 0 0
191 4 0 0
190 4 0 0
189 4 0 0
188 4 0 0
187 4 0 0
186 4 0 0
185 4 0 0
184 4 0 0
183 4 0 0
182 4 0 0
181 4 0 0
180 4 0 0
179 4 0 0
178 4 0 0
177 4 0 0
176 4 0 0
175 4 0 0
174 4 0 0
173 4 0 0
200 3 0 0
199 3 0 0
198 3 0 0
197 3 0 0
196 3 0 0
195 3 0 0
194 3 0 0
193 3 0 0
192 3 0 0
191 3 0 0
190 3 0 0
189 3 0 0
188 3 0 0
187 3 0 0
186 3 0 0
185 3 0 0
184 3 0 0
183 3 0 0
182 3 0 0
181 3 0 0
180 3 0 0
179 3 0 0
178 3 0 0
177 3 0 0
176 3 0 0
175 3 0 0
174 3 0 0
173 3 0 0
177 2 0 0
176 2 0 0
175 2 0 0
174 2 0 0
173 2 0 0
176 1 0 0
175 1 0 0
174 1 0 0
173 1 0 0
