4140 481 321
281 314 0 0
280 314 0 0
279 314 0 0
278 314 0 0
281 313 0 0
280 313 0 0
279 313 0 0
278 313 0 0
281 312 0 0
280 312 0 0
279 312 0 0
278 312 0 0
281 311 0 0
280 311 0 0
279 311 0 0
278 311 0 0
281 310 0 0
280 310 0 0
279 310 0 0
278 310 0 0
281 309 0 0
280 309 0 0
279 309 0 0
278 309 0 0
281 308 0 0
280 308 0 0
279 308 0 0
278 308 0 0
281 307 0 0
280 307 0 0
279 307 0 0
278 307 0 0
281 306 0 0
280 306 0 0
279 306 0 0
278 306 0 0
281 305 0 0
280 305 0 0
279 305 0 0
278 305 0 0
281 304 0 0
280 304 0 0
279 304 0 0
278 304 0 0
281 303 0 0
280 303 0 0
279 303 0 0
278 303 0 0
281 302 0 0
280 302 0 0
279 302 0 0
278 302 0 0
281 301 0 0
280 301 0 0
279 301 0 0
278 301 0 0
281 300 0 0
280 300 0 0
279 300 0 0
278 300 0 0
281 299 0 0
280 299 0 0
279 299 0 0
278 299 0 0
281 298 0 0
280 298 0 0
279 298 0 0
278 298 0 0
249 298 0 1
248 298 0 1
247 298 0 1
246 298 0 1
281 297 0 0
280 297 0 0
279 297 0 0
278 297 0 0
250 297 0 1
249 297 0 1
248 297 0 1
247 297 0 1
246 297 0 1
281 296 0 0
280 296 0 0
279 296 0 0
278 296 0 0
252 296 0 1
251 296 0 1
250 296 0 1
249 296 0 1
248 296 0 1
247 296 0 1
246 296 0 1
281 295 0 0
280 295 0 0
279 295 0 0
278 295 0 0
252 295 0 1
251 295 0 1
250 295 0 1
249 295 0 1
248 295 0 1
247 295 0 1
246 295 0 1
281 294 0 0
280 294 0 0
279 294 0 0
278 294 0 0
252 294 0 1
251 294 0 1
250 294 0 1
249 294 0 1
248 294 0 1
247 294 0 1
246 294 0 1
281 293 0 0
280 293 0 0
279 293 0 0
278 293 0 0
252 293 0 1
251 293 0 1
250 293 0 1
249 293 0 1
248 293 0 1
281 292 0 0
280 292 0 0
279 292 0 0
278 292 0 0
252 292 0 1
251 292 0 1
250 292 0 1
249 292 0 1
281 291 0 0
280 291 0 0
279 291 0 0
278 291 0 0
252 291 0 1
251 291 0 1
250 291 0 1
249 291 0 1
281 290 0 0
280 290 0 0
279 290 0 0
278 290 0 0
252 290 0 1
251 290 0 1
250 290 0 1
249 290 0 1
281 289 0 0
280 289 0 0
279 289 0 0
278 289 0 0
252 289 0 1
251 289 0 1
250 289 0 1
249 289 0 1
281 288 0 0
280 288 0 0
279 288 0 0
278 288 0 0
252 288 0 1
251 288 0 1
250 288 0 1
249 288 0 1
281 287 0 0
280 287 0 0
279 287 0 0
278 287 0 0
252 287 0 1
251 287 0 1
250 287 0 1
249 287 0 1
281 286 0 0
280 286 0 0
279 286 0 0
278 286 0 0
252 286 0 1
251 286 0 1
250 286 0 1
249 286 0 1
281 285 0 0
280 285 0 0
279 285 0 0
278 285 0 0
252 285 0 1
251 285 0 1
250 285 0 1
249 285 0 1
281 284 0 0
280 284 0 0
279 284 0 0
278 284 0 0
252 284 0 1
251 284 0 1
250 284 0 1
249 284 0 1
281 283 0 0
280 283 0 0
279 283 0 0
278 283 0 0
252 283 0 1
251 283 0 1
250 283 0 1
249 283 0 1
282 282 0 0
281 282 0 0
280 282 0 0
279 282 0 0
278 282 0 0
252 282 0 1
251 282 0 1
250 282 0 1
249 282 0 1
282 281 0 0
281 281 0 0
280 281 0 0
279 281 0 0
278 281 0 0
252 281 0 1
251 281 0 1
250 281 0 1
249 281 0 1
282 280 0 0
281 280 0 0
280 280 0 0
279 280 0 0
278 280 0 0
252 280 0 1
251 280 0 1
250 280 0 1
249 280 0 1
248 280 0 1
283 279 0 0
282 279 0 0
281 279 0 0
280 279 0 0
279 279 0 0
278 279 0 0
252 279 0 1
251 279 0 1
250 279 0 1
249 279 0 1
248 279 0 1
283 278 0 0
282 278 0 0
281 278 0 0
280 278 0 0
279 278 0 0
278 278 0 0
252 278 0 1
251 278 0 1
250 278 0 1
249 278 0 1
248 278 0 1
284 277 0 0
283 277 0 0
282 277 0 0
281 277 0 0
280 277 0 0
279 277 0 0
252 277 0 1
251 277 0 1
250 277 0 1
249 277 0 1
248 277 0 1
284 276 0 0
283 276 0 0
282 276 0 0
281 276 0 0
280 276 0 0
279 276 0 0
251 276 0 1
250 276 0 1
249 276 0 1
248 276 0 1
284 275 0 0
283 275 0 0
282 275 0 0
281 275 0 0
280 275 0 0
251 275 0 1
250 275 0 1
249 275 0 1
248 275 0 1
285 274 0 0
284 274 0 0
283 274 0 0
282 274 0 0
281 274 0 0
280 274 0 0
251 274 0 1
250 274 0 1
249 274 0 1
248 274 0 1
285 273 0 0
284 273 0 0
283 273 0 0
282 273 0 0
281 273 0 0
280 273 0 0
251 273 0 1
250 273 0 1
249 273 0 1
248 273 0 1
286 272 0 0
285 272 0 0
284 272 0 0
283 272 0 0
282 272 0 0
281 272 0 0
251 272 0 1
250 272 0 1
249 272 0 1
248 272 0 1
287 271 0 0
286 271 0 0
285 271 0 0
284 271 0 0
283 271 0 0
282 271 0 0
251 271 0 1
250 271 0 1
249 271 0 1
248 271 0 1
287 270 0 0
286 270 0 0
285 270 0 0
284 270 0 0
283 270 0 0
282 270 0 0
251 270 0 1
250 270 0 1
249 270 0 1
248 270 0 1
288 269 0 0
287 269 0 0
286 269 0 0
285 269 0 0
284 269 0 0
283 269 0 0
251 269 0 1
250 269 0 1
249 269 0 1
248 269 0 1
289 268 0 0
288 268 0 0
287 268 0 0
286 268 0 0
285 268 0 0
284 268 0 0
254 268 0 1
253 268 0 1
252 268 0 1
251 268 0 1
250 268 0 1
249 268 0 1
248 268 0 1
247 268 0 1
231 268 0 1
230 268 0 1
229 268 0 1
228 268 0 1
178 268 0 0
177 268 0 0
176 268 0 0
175 268 0 0
289 267 0 0
288 267 0 0
287 267 0 0
286 267 0 0
285 267 0 0
284 267 0 0
255 267 0 1
254 267 0 1
253 267 0 1
252 267 0 1
251 267 0 1
250 267 0 1
249 267 0 1
248 267 0 1
247 267 0 1
231 267 0 1
230 267 0 1
229 267 0 1
228 267 0 1
178 267 0 0
177 267 0 0
176 267 0 0
175 267 0 0
290 266 0 0
289 266 0 0
288 266 0 0
287 266 0 0
286 266 0 0
285 266 0 0
258 266 0 1
257 266 0 1
256 266 0 1
255 266 0 1
254 266 0 1
253 266 0 1
252 266 0 1
251 266 0 1
250 266 0 1
249 266 0 1
248 266 0 1
247 266 0 1
231 266 0 1
230 266 0 1
229 266 0 1
228 266 0 1
227 266 0 1
178 266 0 0
177 266 0 0
176 266 0 0
175 266 0 0
290 265 0 0
289 265 0 0
288 265 0 0
287 265 0 0
286 265 0 0
285 265 0 0
259 265 0 1
258 265 0 1
257 265 0 1
256 265 0 1
255 265 0 1
254 265 0 1
253 265 0 1
252 265 0 1
251 265 0 1
250 265 0 1
249 265 0 1
248 265 0 1
247 265 0 1
231 265 0 1
230 265 0 1
229 265 0 1
228 265 0 1
227 265 0 1
178 265 0 0
177 265 0 0
176 265 0 0
175 265 0 0
174 265 0 0
293 264 0 0
292 264 0 0
291 264 0 0
290 264 0 0
289 264 0 0
288 264 0 0
287 264 0 0
286 264 0 0
260 264 0 1
259 264 0 1
258 264 0 1
257 264 0 1
256 264 0 1
255 264 0 1
254 264 0 1
253 264 0 1
252 264 0 1
251 264 0 1
250 264 0 1
249 264 0 1
248 264 0 1
247 264 0 1
246 264 0 1
231 264 0 1
230 264 0 1
229 264 0 1
228 264 0 1
227 264 0 1
226 264 0 1
178 264 0 0
177 264 0 0
176 264 0 0
175 264 0 0
174 264 0 0
294 263 0 0
293 263 0 0
292 263 0 0
291 263 0 0
290 263 0 0
289 263 0 0
288 263 0 0
287 263 0 0
263 263 0 1
262 263 0 1
261 263 0 1
260 263 0 1
259 263 0 1
258 263 0 1
257 263 0 1
256 263 0 1
255 263 0 1
254 263 0 1
253 263 0 1
250 263 0 1
249 263 0 1
248 263 0 1
247 263 0 1
246 263 0 1
245 263 0 1
231 263 0 1
230 263 0 1
229 263 0 1
228 263 0 1
227 263 0 1
226 263 0 1
178 263 0 0
177 263 0 0
176 263 0 0
175 263 0 0
174 263 0 0
295 262 0 0
294 262 0 0
293 262 0 0
292 262 0 0
291 262 0 0
290 262 0 0
289 262 0 0
288 262 0 0
287 262 0 0
264 262 0 1
263 262 0 1
262 262 0 1
261 262 0 1
260 262 0 1
259 262 0 1
258 262 0 1
257 262 0 1
256 262 0 1
255 262 0 1
250 262 0 1
249 262 0 1
248 262 0 1
247 262 0 1
246 262 0 1
245 262 0 1
230 262 0 1
229 262 0 1
228 262 0 1
227 262 0 1
226 262 0 1
225 262 0 1
178 262 0 0
177 262 0 0
176 262 0 0
175 262 0 0
174 262 0 0
296 261 0 0
295 261 0 0
294 261 0 0
293 261 0 0
292 261 0 0
291 261 0 0
290 261 0 0
289 261 0 0
288 261 0 0
266 261 0 1
265 261 0 1
264 261 0 1
263 261 0 1
262 261 0 1
261 261 0 1
260 261 0 1
259 261 0 1
258 261 0 1
257 261 0 1
256 261 0 1
250 261 0 1
249 261 0 1
248 261 0 1
247 261 0 1
246 261 0 1
245 261 0 1
230 261 0 1
229 261 0 1
228 261 0 1
227 261 0 1
226 261 0 1
225 261 0 1
178 261 0 0
177 261 0 0
176 261 0 0
175 261 0 0
174 261 0 0
173 261 0 0
297 260 0 0
296 260 0 0
295 260 0 0
294 260 0 0
293 260 0 0
292 260 0 0
291 260 0 0
267 260 0 1
266 260 0 1
265 260 0 1
264 260 0 1
263 260 0 1
262 260 0 1
261 260 0 1
260 260 0 1
259 260 0 1
258 260 0 1
257 260 0 1
248 260 0 1
247 260 0 1
246 260 0 1
245 260 0 1
244 260 0 1
229 260 0 1
228 260 0 1
227 260 0 1
226 260 0 1
225 260 0 1
177 260 0 0
176 260 0 0
175 260 0 0
174 260 0 0
173 260 0 0
300 259 0 0
299 259 0 0
298 259 0 0
297 259 0 0
296 259 0 0
295 259 0 0
294 259 0 0
293 259 0 0
292 259 0 0
269 259 0 1
268 259 0 1
267 259 0 1
266 259 0 1
265 259 0 1
264 259 0 1
263 259 0 1
262 259 0 1
261 259 0 1
260 259 0 1
248 259 0 1
247 259 0 1
246 259 0 1
245 259 0 1
244 259 0 1
229 259 0 1
228 259 0 1
227 259 0 1
226 259 0 1
225 259 0 1
224 259 0 1
177 259 0 0
176 259 0 0
175 259 0 0
174 259 0 0
173 259 0 0
303 258 0 0
302 258 0 0
301 258 0 0
300 258 0 0
299 258 0 0
298 258 0 0
297 258 0 0
296 258 0 0
295 258 0 0
294 258 0 0
293 258 0 0
292 258 0 0
271 258 0 1
270 258 0 1
269 258 0 1
268 258 0 1
267 258 0 1
266 258 0 1
265 258 0 1
264 258 0 1
263 258 0 1
262 258 0 1
248 258 0 1
247 258 0 1
246 258 0 1
245 258 0 1
244 258 0 1
243 258 0 1
228 258 0 1
227 258 0 1
226 258 0 1
225 258 0 1
224 258 0 1
177 258 0 0
176 258 0 0
175 258 0 0
174 258 0 0
173 258 0 0
304 257 0 0
303 257 0 0
302 257 0 0
301 257 0 0
300 257 0 0
299 257 0 0
298 257 0 0
297 257 0 0
296 257 0 0
295 257 0 0
294 257 0 0
293 257 0 0
271 257 0 1
270 257 0 1
269 257 0 1
268 257 0 1
267 257 0 1
266 257 0 1
265 257 0 1
264 257 0 1
263 257 0 1
247 257 0 1
246 257 0 1
245 257 0 1
244 257 0 1
243 257 0 1
228 257 0 1
227 257 0 1
226 257 0 1
225 257 0 1
224 257 0 1
223 257 0 1
177 257 0 0
176 257 0 0
175 257 0 0
174 257 0 0
173 257 0 0
305 256 0 0
304 256 0 0
303 256 0 0
302 256 0 0
301 256 0 0
300 256 0 0
299 256 0 0
298 256 0 0
297 256 0 0
296 256 0 0
295 256 0 0
271 256 0 1
270 256 0 1
269 256 0 1
268 256 0 1
267 256 0 1
266 256 0 1
265 256 0 1
247 256 0 1
246 256 0 1
245 256 0 1
244 256 0 1
243 256 0 1
242 256 0 1
228 256 0 1
227 256 0 1
226 256 0 1
225 256 0 1
224 256 0 1
223 256 0 1
177 256 0 0
176 256 0 0
175 256 0 0
174 256 0 0
173 256 0 0
306 255 0 0
305 255 0 0
304 255 0 0
303 255 0 0
302 255 0 0
301 255 0 0
300 255 0 0
299 255 0 0
298 255 0 0
271 255 0 1
270 255 0 1
269 255 0 1
268 255 0 1
267 255 0 1
266 255 0 1
247 255 0 1
246 255 0 1
245 255 0 1
244 255 0 1
243 255 0 1
242 255 0 1
241 255 0 1
227 255 0 1
226 255 0 1
225 255 0 1
224 255 0 1
223 255 0 1
222 255 0 1
177 255 0 0
176 255 0 0
175 255 0 0
174 255 0 0
173 255 0 0
172 255 0 0
307 254 0 0
306 254 0 0
305 254 0 0
304 254 0 0
303 254 0 0
302 254 0 0
301 254 0 0
300 254 0 0
271 254 0 1
270 254 0 1
269 254 0 1
268 254 0 1
246 254 0 1
245 254 0 1
244 254 0 1
243 254 0 1
242 254 0 1
241 254 0 1
240 254 0 1
227 254 0 1
226 254 0 1
225 254 0 1
224 254 0 1
223 254 0 1
222 254 0 1
176 254 0 0
175 254 0 0
174 254 0 0
173 254 0 0
172 254 0 0
307 253 0 0
306 253 0 0
305 253 0 0
304 253 0 0
303 253 0 0
302 253 0 0
246 253 0 1
245 253 0 1
244 253 0 1
243 253 0 1
242 253 0 1
241 253 0 1
240 253 0 1
226 253 0 1
225 253 0 1
224 253 0 1
223 253 0 1
222 253 0 1
221 253 0 1
176 253 0 0
175 253 0 0
174 253 0 0
173 253 0 0
172 253 0 0
309 252 0 0
308 252 0 0
307 252 0 0
306 252 0 0
305 252 0 0
304 252 0 0
303 252 0 0
245 252 0 1
244 252 0 1
243 252 0 1
242 252 0 1
241 252 0 1
240 252 0 1
239 252 0 1
226 252 0 1
225 252 0 1
224 252 0 1
223 252 0 1
222 252 0 1
221 252 0 1
176 252 0 0
175 252 0 0
174 252 0 0
173 252 0 0
172 252 0 0
310 251 0 0
309 251 0 0
308 251 0 0
307 251 0 0
306 251 0 0
305 251 0 0
304 251 0 0
243 251 0 1
242 251 0 1
241 251 0 1
240 251 0 1
239 251 0 1
225 251 0 1
224 251 0 1
223 251 0 1
222 251 0 1
221 251 0 1
176 251 0 0
175 251 0 0
174 251 0 0
173 251 0 0
172 251 0 0
311 250 0 0
310 250 0 0
309 250 0 0
308 250 0 0
307 250 0 0
306 250 0 0
305 250 0 0
304 250 0 0
243 250 0 1
242 250 0 1
241 250 0 1
240 250 0 1
239 250 0 1
238 250 0 1
225 250 0 1
224 250 0 1
223 250 0 1
222 250 0 1
221 250 0 1
220 250 0 1
176 250 0 0
175 250 0 0
174 250 0 0
173 250 0 0
172 250 0 0
171 250 0 0
312 249 0 0
311 249 0 0
310 249 0 0
309 249 0 0
308 249 0 0
307 249 0 0
306 249 0 0
305 249 0 0
243 249 0 1
242 249 0 1
241 249 0 1
240 249 0 1
239 249 0 1
238 249 0 1
237 249 0 1
224 249 0 1
223 249 0 1
222 249 0 1
221 249 0 1
220 249 0 1
175 249 0 0
174 249 0 0
173 249 0 0
172 249 0 0
171 249 0 0
312 248 0 0
311 248 0 0
310 248 0 0
309 248 0 0
308 248 0 0
307 248 0 0
306 248 0 0
242 248 0 1
241 248 0 1
240 248 0 1
239 248 0 1
238 248 0 1
237 248 0 1
224 248 0 1
223 248 0 1
222 248 0 1
221 248 0 1
220 248 0 1
219 248 0 1
175 248 0 0
174 248 0 0
173 248 0 0
172 248 0 0
171 248 0 0
312 247 0 0
311 247 0 0
310 247 0 0
309 247 0 0
308 247 0 0
307 247 0 0
241 247 0 1
240 247 0 1
239 247 0 1
238 247 0 1
237 247 0 1
236 247 0 1
224 247 0 1
223 247 0 1
222 247 0 1
221 247 0 1
220 247 0 1
219 247 0 1
175 247 0 0
174 247 0 0
173 247 0 0
172 247 0 0
171 247 0 0
312 246 0 0
311 246 0 0
310 246 0 0
309 246 0 0
308 246 0 0
241 246 0 1
240 246 0 1
239 246 0 1
238 246 0 1
237 246 0 1
236 246 0 1
223 246 0 1
222 246 0 1
221 246 0 1
220 246 0 1
219 246 0 1
218 246 0 1
175 246 0 0
174 246 0 0
173 246 0 0
172 246 0 0
171 246 0 0
313 245 0 0
312 245 0 0
311 245 0 0
310 245 0 0
309 245 0 0
240 245 0 1
239 245 0 1
238 245 0 1
237 245 0 1
236 245 0 1
235 245 0 1
223 245 0 1
222 245 0 1
221 245 0 1
220 245 0 1
219 245 0 1
218 245 0 1
217 245 0 1
175 245 0 0
174 245 0 0
173 245 0 0
172 245 0 0
171 245 0 0
313 244 0 0
312 244 0 0
311 244 0 0
310 244 0 0
309 244 0 0
240 244 0 1
239 244 0 1
238 244 0 1
237 244 0 1
236 244 0 1
235 244 0 1
222 244 0 1
221 244 0 1
220 244 0 1
219 244 0 1
218 244 0 1
217 244 0 1
175 244 0 0
174 244 0 0
173 244 0 0
172 244 0 0
171 244 0 0
313 243 0 0
312 243 0 0
311 243 0 0
310 243 0 0
309 243 0 0
239 243 0 1
238 243 0 1
237 243 0 1
236 243 0 1
235 243 0 1
234 243 0 1
221 243 0 1
220 243 0 1
219 243 0 1
218 243 0 1
217 243 0 1
216 243 0 1
175 243 0 0
174 243 0 0
173 243 0 0
172 243 0 0
171 243 0 0
313 242 0 0
312 242 0 0
311 242 0 0
310 242 0 0
309 242 0 0
239 242 0 1
238 242 0 1
237 242 0 1
236 242 0 1
235 242 0 1
234 242 0 1
221 242 0 1
220 242 0 1
219 242 0 1
218 242 0 1
217 242 0 1
216 242 0 1
175 242 0 0
174 242 0 0
173 242 0 0
172 242 0 0
171 242 0 0
313 241 0 0
312 241 0 0
311 241 0 0
310 241 0 0
309 241 0 0
238 241 0 1
237 241 0 1
236 241 0 1
235 241 0 1
234 241 0 1
220 241 0 1
219 241 0 1
218 241 0 1
217 241 0 1
216 241 0 1
175 241 0 0
174 241 0 0
173 241 0 0
172 241 0 0
171 241 0 0
313 240 0 0
312 240 0 0
311 240 0 0
310 240 0 0
309 240 0 0
238 240 0 1
237 240 0 1
236 240 0 1
235 240 0 1
234 240 0 1
233 240 0 1
220 240 0 1
219 240 0 1
218 240 0 1
217 240 0 1
216 240 0 1
215 240 0 1
174 240 0 0
173 240 0 0
172 240 0 0
171 240 0 0
313 239 0 0
312 239 0 0
311 239 0 0
310 239 0 0
238 239 0 1
237 239 0 1
236 239 0 1
235 239 0 1
234 239 0 1
233 239 0 1
219 239 0 1
218 239 0 1
217 239 0 1
216 239 0 1
215 239 0 1
174 239 0 0
173 239 0 0
172 239 0 0
171 239 0 0
313 238 0 0
312 238 0 0
311 238 0 0
310 238 0 0
237 238 0 1
236 238 0 1
235 238 0 1
234 238 0 1
233 238 0 1
219 238 0 1
218 238 0 1
217 238 0 1
216 238 0 1
215 238 0 1
214 238 0 1
174 238 0 0
173 238 0 0
172 238 0 0
171 238 0 0
313 237 0 0
312 237 0 0
311 237 0 0
310 237 0 0
237 237 0 1
236 237 0 1
235 237 0 1
234 237 0 1
233 237 0 1
219 237 0 1
218 237 0 1
217 237 0 1
216 237 0 1
215 237 0 1
214 237 0 1
174 237 0 0
173 237 0 0
172 237 0 0
171 237 0 0
313 236 0 0
312 236 0 0
311 236 0 0
310 236 0 0
237 236 0 1
236 236 0 1
235 236 0 1
234 236 0 1
233 236 0 1
218 236 0 1
217 236 0 1
216 236 0 1
215 236 0 1
214 236 0 1
174 236 0 0
173 236 0 0
172 236 0 0
171 236 0 0
313 235 0 0
312 235 0 0
311 235 0 0
310 235 0 0
236 235 0 1
235 235 0 1
234 235 0 1
233 235 0 1
218 235 0 1
217 235 0 1
216 235 0 1
215 235 0 1
214 235 0 1
174 235 0 0
173 235 0 0
172 235 0 0
171 235 0 0
313 234 0 0
312 234 0 0
311 234 0 0
310 234 0 0
236 234 0 1
235 234 0 1
234 234 0 1
233 234 0 1
218 234 0 1
217 234 0 1
216 234 0 1
215 234 0 1
214 234 0 1
213 234 0 1
174 234 0 0
173 234 0 0
172 234 0 0
171 234 0 0
313 233 0 0
312 233 0 0
311 233 0 0
310 233 0 0
236 233 0 1
235 233 0 1
234 233 0 1
233 233 0 1
218 233 0 1
217 233 0 1
216 233 0 1
215 233 0 1
214 233 0 1
213 233 0 1
174 233 0 0
173 233 0 0
172 233 0 0
171 233 0 0
313 232 0 0
312 232 0 0
311 232 0 0
310 232 0 0
236 232 0 1
235 232 0 1
234 232 0 1
233 232 0 1
217 232 0 1
216 232 0 1
215 232 0 1
214 232 0 1
213 232 0 1
212 232 0 1
174 232 0 0
173 232 0 0
172 232 0 0
171 232 0 0
313 231 0 0
312 231 0 0
311 231 0 0
310 231 0 0
309 231 0 0
236 231 0 1
235 231 0 1
234 231 0 1
233 231 0 1
217 231 0 1
216 231 0 1
215 231 0 1
214 231 0 1
213 231 0 1
212 231 0 1
174 231 0 0
173 231 0 0
172 231 0 0
171 231 0 0
313 230 0 0
312 230 0 0
311 230 0 0
310 230 0 0
309 230 0 0
308 230 0 0
236 230 0 1
235 230 0 1
234 230 0 1
233 230 0 1
216 230 0 1
215 230 0 1
214 230 0 1
213 230 0 1
212 230 0 1
174 230 0 0
173 230 0 0
172 230 0 0
171 230 0 0
313 229 0 0
312 229 0 0
311 229 0 0
310 229 0 0
309 229 0 0
308 229 0 0
307 229 0 0
306 229 0 0
305 229 0 0
304 229 0 0
303 229 0 0
236 229 0 1
235 229 0 1
234 229 0 1
233 229 0 1
216 229 0 1
215 229 0 1
214 229 0 1
213 229 0 1
212 229 0 1
174 229 0 0
173 229 0 0
172 229 0 0
171 229 0 0
313 228 0 0
312 228 0 0
311 228 0 0
310 228 0 0
309 228 0 0
308 228 0 0
307 228 0 0
306 228 0 0
305 228 0 0
304 228 0 0
303 228 0 0
302 228 0 0
236 228 0 1
235 228 0 1
234 228 0 1
233 228 0 1
215 228 0 1
214 228 0 1
213 228 0 1
212 228 0 1
211 228 0 1
174 228 0 0
173 228 0 0
172 228 0 0
171 228 0 0
311 227 0 0
310 227 0 0
309 227 0 0
308 227 0 0
307 227 0 0
306 227 0 0
305 227 0 0
304 227 0 0
303 227 0 0
302 227 0 0
301 227 0 0
236 227 0 1
235 227 0 1
234 227 0 1
233 227 0 1
215 227 0 1
214 227 0 1
213 227 0 1
212 227 0 1
211 227 0 1
174 227 0 0
173 227 0 0
172 227 0 0
171 227 0 0
311 226 0 0
310 226 0 0
309 226 0 0
308 226 0 0
307 226 0 0
306 226 0 0
305 226 0 0
304 226 0 0
303 226 0 0
302 226 0 0
301 226 0 0
300 226 0 0
236 226 0 1
235 226 0 1
234 226 0 1
233 226 0 1
215 226 0 1
214 226 0 1
213 226 0 1
212 226 0 1
211 226 0 1
174 226 0 0
173 226 0 0
172 226 0 0
171 226 0 0
305 225 0 0
304 225 0 0
303 225 0 0
302 225 0 0
301 225 0 0
300 225 0 0
299 225 0 0
236 225 0 1
235 225 0 1
234 225 0 1
233 225 0 1
215 225 0 1
214 225 0 1
213 225 0 1
212 225 0 1
211 225 0 1
210 225 0 1
174 225 0 0
173 225 0 0
172 225 0 0
171 225 0 0
304 224 0 0
303 224 0 0
302 224 0 0
301 224 0 0
300 224 0 0
299 224 0 0
298 224 0 0
236 224 0 1
235 224 0 1
234 224 0 1
233 224 0 1
214 224 0 1
213 224 0 1
212 224 0 1
211 224 0 1
210 224 0 1
174 224 0 0
173 224 0 0
172 224 0 0
171 224 0 0
303 223 0 0
302 223 0 0
301 223 0 0
300 223 0 0
299 223 0 0
298 223 0 0
297 223 0 0
236 223 0 1
235 223 0 1
234 223 0 1
233 223 0 1
214 223 0 1
213 223 0 1
212 223 0 1
211 223 0 1
210 223 0 1
209 223 0 1
174 223 0 0
173 223 0 0
172 223 0 0
171 223 0 0
302 222 0 0
301 222 0 0
300 222 0 0
299 222 0 0
298 222 0 0
297 222 0 0
236 222 0 1
235 222 0 1
234 222 0 1
233 222 0 1
214 222 0 1
213 222 0 1
212 222 0 1
211 222 0 1
210 222 0 1
209 222 0 1
174 222 0 0
173 222 0 0
172 222 0 0
171 222 0 0
301 221 0 0
300 221 0 0
299 221 0 0
298 221 0 0
297 221 0 0
296 221 0 0
236 221 0 1
235 221 0 1
234 221 0 1
233 221 0 1
213 221 0 1
212 221 0 1
211 221 0 1
210 221 0 1
209 221 0 1
175 221 0 0
174 221 0 0
173 221 0 0
172 221 0 0
171 221 0 0
301 220 0 0
300 220 0 0
299 220 0 0
298 220 0 0
297 220 0 0
296 220 0 0
236 220 0 1
235 220 0 1
234 220 0 1
233 220 0 1
213 220 0 1
212 220 0 1
211 220 0 1
210 220 0 1
209 220 0 1
175 220 0 0
174 220 0 0
173 220 0 0
172 220 0 0
171 220 0 0
300 219 0 0
299 219 0 0
298 219 0 0
297 219 0 0
296 219 0 0
295 219 0 0
236 219 0 1
235 219 0 1
234 219 0 1
233 219 0 1
213 219 0 1
212 219 0 1
211 219 0 1
210 219 0 1
209 219 0 1
175 219 0 0
174 219 0 0
173 219 0 0
172 219 0 0
171 219 0 0
300 218 0 0
299 218 0 0
298 218 0 0
297 218 0 0
296 218 0 0
295 218 0 0
236 218 0 1
235 218 0 1
234 218 0 1
233 218 0 1
212 218 0 1
211 218 0 1
210 218 0 1
209 218 0 1
175 218 0 0
174 218 0 0
173 218 0 0
172 218 0 0
171 218 0 0
299 217 0 0
298 217 0 0
297 217 0 0
296 217 0 0
295 217 0 0
236 217 0 1
235 217 0 1
234 217 0 1
233 217 0 1
212 217 0 1
211 217 0 1
210 217 0 1
209 217 0 1
176 217 0 0
175 217 0 0
174 217 0 0
173 217 0 0
172 217 0 0
171 217 0 0
299 216 0 0
298 216 0 0
297 216 0 0
296 216 0 0
295 216 0 0
236 216 0 1
235 216 0 1
234 216 0 1
233 216 0 1
212 216 0 1
211 216 0 1
210 216 0 1
209 216 0 1
208 216 0 1
176 216 0 0
175 216 0 0
174 216 0 0
173 216 0 0
172 216 0 0
171 216 0 0
299 215 0 0
298 215 0 0
297 215 0 0
296 215 0 0
295 215 0 0
236 215 0 1
235 215 0 1
234 215 0 1
233 215 0 1
212 215 0 1
211 215 0 1
210 215 0 1
209 215 0 1
208 215 0 1
176 215 0 0
175 215 0 0
174 215 0 0
173 215 0 0
172 215 0 0
299 214 0 0
298 214 0 0
297 214 0 0
296 214 0 0
295 214 0 0
236 214 0 1
235 214 0 1
234 214 0 1
233 214 0 1
212 214 0 1
211 214 0 1
210 214 0 1
209 214 0 1
208 214 0 1
176 214 0 0
175 214 0 0
174 214 0 0
173 214 0 0
172 214 0 0
299 213 0 0
298 213 0 0
297 213 0 0
296 213 0 0
295 213 0 0
236 213 0 1
235 213 0 1
234 213 0 1
233 213 0 1
232 213 0 1
212 213 0 1
211 213 0 1
210 213 0 1
209 213 0 1
208 213 0 1
176 213 0 0
175 213 0 0
174 213 0 0
173 213 0 0
172 213 0 0
298 212 0 0
297 212 0 0
296 212 0 0
295 212 0 0
236 212 0 1
235 212 0 1
234 212 0 1
233 212 0 1
232 212 0 1
212 212 0 1
211 212 0 1
210 212 0 1
209 212 0 1
208 212 0 1
176 212 0 0
175 212 0 0
174 212 0 0
173 212 0 0
172 212 0 0
298 211 0 0
297 211 0 0
296 211 0 0
295 211 0 0
236 211 0 1
235 211 0 1
234 211 0 1
233 211 0 1
232 211 0 1
212 211 0 1
211 211 0 1
210 211 0 1
209 211 0 1
208 211 0 1
207 211 0 1
176 211 0 0
175 211 0 0
174 211 0 0
173 211 0 0
172 211 0 0
298 210 0 0
297 210 0 0
296 210 0 0
295 210 0 0
236 210 0 1
235 210 0 1
234 210 0 1
233 210 0 1
232 210 0 1
212 210 0 1
211 210 0 1
210 210 0 1
209 210 0 1
208 210 0 1
207 210 0 1
176 210 0 0
175 210 0 0
174 210 0 0
173 210 0 0
298 209 0 0
297 209 0 0
296 209 0 0
295 209 0 0
235 209 0 1
234 209 0 1
233 209 0 1
232 209 0 1
231 209 0 1
211 209 0 1
210 209 0 1
209 209 0 1
208 209 0 1
207 209 0 1
176 209 0 0
175 209 0 0
174 209 0 0
173 209 0 0
298 208 0 0
297 208 0 0
296 208 0 0
295 208 0 0
235 208 0 1
234 208 0 1
233 208 0 1
232 208 0 1
231 208 0 1
211 208 0 1
210 208 0 1
209 208 0 1
208 208 0 1
207 208 0 1
176 208 0 0
175 208 0 0
174 208 0 0
173 208 0 0
298 207 0 0
297 207 0 0
296 207 0 0
295 207 0 0
235 207 0 1
234 207 0 1
233 207 0 1
232 207 0 1
231 207 0 1
211 207 0 1
210 207 0 1
209 207 0 1
208 207 0 1
207 207 0 1
206 207 0 1
177 207 0 0
176 207 0 0
175 207 0 0
174 207 0 0
173 207 0 0
298 206 0 0
297 206 0 0
296 206 0 0
295 206 0 0
235 206 0 1
234 206 0 1
233 206 0 1
232 206 0 1
231 206 0 1
210 206 0 1
209 206 0 1
208 206 0 1
207 206 0 1
206 206 0 1
177 206 0 0
176 206 0 0
175 206 0 0
174 206 0 0
173 206 0 0
298 205 0 0
297 205 0 0
296 205 0 0
295 205 0 0
234 205 0 1
233 205 0 1
232 205 0 1
231 205 0 1
210 205 0 1
209 205 0 1
208 205 0 1
207 205 0 1
206 205 0 1
177 205 0 0
176 205 0 0
175 205 0 0
174 205 0 0
173 205 0 0
298 204 0 0
297 204 0 0
296 204 0 0
295 204 0 0
234 204 0 1
233 204 0 1
232 204 0 1
231 204 0 1
210 204 0 1
209 204 0 1
208 204 0 1
207 204 0 1
206 204 0 1
177 204 0 0
176 204 0 0
175 204 0 0
174 204 0 0
173 204 0 0
298 203 0 0
297 203 0 0
296 203 0 0
295 203 0 0
234 203 0 1
233 203 0 1
232 203 0 1
231 203 0 1
210 203 0 1
209 203 0 1
208 203 0 1
207 203 0 1
206 203 0 1
205 203 0 1
177 203 0 0
176 203 0 0
175 203 0 0
174 203 0 0
173 203 0 0
298 202 0 0
297 202 0 0
296 202 0 0
295 202 0 0
234 202 0 1
233 202 0 1
232 202 0 1
231 202 0 1
209 202 0 1
208 202 0 1
207 202 0 1
206 202 0 1
205 202 0 1
177 202 0 0
176 202 0 0
175 202 0 0
174 202 0 0
173 202 0 0
298 201 0 0
297 201 0 0
296 201 0 0
295 201 0 0
234 201 0 1
233 201 0 1
232 201 0 1
231 201 0 1
209 201 0 1
208 201 0 1
207 201 0 1
206 201 0 1
205 201 0 1
178 201 0 0
177 201 0 0
176 201 0 0
175 201 0 0
174 201 0 0
298 200 0 0
297 200 0 0
296 200 0 0
295 200 0 0
234 200 0 1
233 200 0 1
232 200 0 1
231 200 0 1
209 200 0 1
208 200 0 1
207 200 0 1
206 200 0 1
205 200 0 1
178 200 0 0
177 200 0 0
176 200 0 0
175 200 0 0
174 200 0 0
298 199 0 0
297 199 0 0
296 199 0 0
295 199 0 0
234 199 0 1
233 199 0 1
232 199 0 1
231 199 0 1
209 199 0 1
208 199 0 1
207 199 0 1
206 199 0 1
205 199 0 1
178 199 0 0
177 199 0 0
176 199 0 0
175 199 0 0
174 199 0 0
298 198 0 0
297 198 0 0
296 198 0 0
295 198 0 0
234 198 0 1
233 198 0 1
232 198 0 1
231 198 0 1
209 198 0 1
208 198 0 1
207 198 0 1
206 198 0 1
205 198 0 1
178 198 0 0
177 198 0 0
176 198 0 0
175 198 0 0
174 198 0 0
298 197 0 0
297 197 0 0
296 197 0 0
295 197 0 0
234 197 0 1
233 197 0 1
232 197 0 1
231 197 0 1
208 197 0 1
207 197 0 1
206 197 0 1
205 197 0 1
204 197 0 1
178 197 0 0
177 197 0 0
176 197 0 0
175 197 0 0
174 197 0 0
298 196 0 0
297 196 0 0
296 196 0 0
295 196 0 0
234 196 0 1
233 196 0 1
232 196 0 1
231 196 0 1
208 196 0 1
207 196 0 1
206 196 0 1
205 196 0 1
204 196 0 1
178 196 0 0
177 196 0 0
176 196 0 0
175 196 0 0
174 196 0 0
298 195 0 0
297 195 0 0
296 195 0 0
295 195 0 0
234 195 0 1
233 195 0 1
232 195 0 1
231 195 0 1
208 195 0 1
207 195 0 1
206 195 0 1
205 195 0 1
204 195 0 1
178 195 0 0
177 195 0 0
176 195 0 0
175 195 0 0
174 195 0 0
298 194 0 0
297 194 0 0
296 194 0 0
295 194 0 0
234 194 0 1
233 194 0 1
232 194 0 1
231 194 0 1
208 194 0 1
207 194 0 1
206 194 0 1
205 194 0 1
204 194 0 1
178 194 0 0
177 194 0 0
176 194 0 0
175 194 0 0
298 193 0 0
297 193 0 0
296 193 0 0
295 193 0 0
234 193 0 1
233 193 0 1
232 193 0 1
231 193 0 1
208 193 0 1
207 193 0 1
206 193 0 1
205 193 0 1
204 193 0 1
178 193 0 0
177 193 0 0
176 193 0 0
175 193 0 0
298 192 0 0
297 192 0 0
296 192 0 0
295 192 0 0
234 192 0 1
233 192 0 1
232 192 0 1
231 192 0 1
208 192 0 1
207 192 0 1
206 192 0 1
205 192 0 1
204 192 0 1
178 192 0 0
177 192 0 0
176 192 0 0
175 192 0 0
298 191 0 0
297 191 0 0
296 191 0 0
295 191 0 0
234 191 0 1
233 191 0 1
232 191 0 1
231 191 0 1
208 191 0 1
207 191 0 1
206 191 0 1
205 191 0 1
204 191 0 1
203 191 0 1
178 191 0 0
177 191 0 0
176 191 0 0
175 191 0 0
298 190 0 0
297 190 0 0
296 190 0 0
295 190 0 0
234 190 0 1
233 190 0 1
232 190 0 1
231 190 0 1
207 190 0 1
206 190 0 1
205 190 0 1
204 190 0 1
203 190 0 1
178 190 0 0
177 190 0 0
176 190 0 0
175 190 0 0
298 189 0 0
297 189 0 0
296 189 0 0
295 189 0 0
234 189 0 1
233 189 0 1
232 189 0 1
231 189 0 1
207 189 0 1
206 189 0 1
205 189 0 1
204 189 0 1
203 189 0 1
179 189 0 0
178 189 0 0
177 189 0 0
176 189 0 0
175 189 0 0
298 188 0 0
297 188 0 0
296 188 0 0
295 188 0 0
234 188 0 1
233 188 0 1
232 188 0 1
231 188 0 1
207 188 0 1
206 188 0 1
205 188 0 1
204 188 0 1
203 188 0 1
179 188 0 0
178 188 0 0
177 188 0 0
176 188 0 0
175 188 0 0
298 187 0 0
297 187 0 0
296 187 0 0
295 187 0 0
234 187 0 1
233 187 0 1
232 187 0 1
231 187 0 1
207 187 0 1
206 187 0 1
205 187 0 1
204 187 0 1
203 187 0 1
179 187 0 0
178 187 0 0
177 187 0 0
176 187 0 0
175 187 0 0
298 186 0 0
297 186 0 0
296 186 0 0
295 186 0 0
234 186 0 1
233 186 0 1
232 186 0 1
231 186 0 1
207 186 0 1
206 186 0 1
205 186 0 1
204 186 0 1
203 186 0 1
179 186 0 0
178 186 0 0
177 186 0 0
176 186 0 0
175 186 0 0
298 185 0 0
297 185 0 0
296 185 0 0
295 185 0 0
234 185 0 1
233 185 0 1
232 185 0 1
231 185 0 1
207 185 0 1
206 185 0 1
205 185 0 1
204 185 0 1
203 185 0 1
179 185 0 0
178 185 0 0
177 185 0 0
176 185 0 0
175 185 0 0
298 184 0 0
297 184 0 0
296 184 0 0
295 184 0 0
234 184 0 1
233 184 0 1
232 184 0 1
231 184 0 1
206 184 0 1
205 184 0 1
204 184 0 1
203 184 0 1
179 184 0 0
178 184 0 0
177 184 0 0
176 184 0 0
175 184 0 0
298 183 0 0
297 183 0 0
296 183 0 0
295 183 0 0
234 183 0 1
233 183 0 1
232 183 0 1
231 183 0 1
206 183 0 1
205 183 0 1
204 183 0 1
203 183 0 1
202 183 0 1
179 183 0 0
178 183 0 0
177 183 0 0
176 183 0 0
175 183 0 0
298 182 0 0
297 182 0 0
296 182 0 0
295 182 0 0
234 182 0 1
233 182 0 1
232 182 0 1
231 182 0 1
206 182 0 1
205 182 0 1
204 182 0 1
203 182 0 1
202 182 0 1
179 182 0 0
178 182 0 0
177 182 0 0
176 182 0 0
298 181 0 0
297 181 0 0
296 181 0 0
295 181 0 0
234 181 0 1
233 181 0 1
232 181 0 1
231 181 0 1
206 181 0 1
205 181 0 1
204 181 0 1
203 181 0 1
202 181 0 1
179 181 0 0
178 181 0 0
177 181 0 0
176 181 0 0
298 180 0 0
297 180 0 0
296 180 0 0
295 180 0 0
234 180 0 1
233 180 0 1
232 180 0 1
231 180 0 1
206 180 0 1
205 180 0 1
204 180 0 1
203 180 0 1
202 180 0 1
179 180 0 0
178 180 0 0
177 180 0 0
176 180 0 0
298 179 0 0
297 179 0 0
296 179 0 0
295 179 0 0
234 179 0 1
233 179 0 1
232 179 0 1
231 179 0 1
206 179 0 1
205 179 0 1
204 179 0 1
203 179 0 1
202 179 0 1
179 179 0 0
178 179 0 0
177 179 0 0
176 179 0 0
298 178 0 0
297 178 0 0
296 178 0 0
295 178 0 0
234 178 0 1
233 178 0 1
232 178 0 1
231 178 0 1
205 178 0 1
204 178 0 1
203 178 0 1
202 178 0 1
179 178 0 0
178 178 0 0
177 178 0 0
176 178 0 0
298 177 0 0
297 177 0 0
296 177 0 0
295 177 0 0
234 177 0 1
233 177 0 1
232 177 0 1
231 177 0 1
179 177 0 0
178 177 0 0
177 177 0 0
176 177 0 0
298 176 0 0
297 176 0 0
296 176 0 0
295 176 0 0
234 176 0 1
233 176 0 1
232 176 0 1
231 176 0 1
179 176 0 0
178 176 0 0
177 176 0 0
176 176 0 0
298 175 0 0
297 175 0 0
296 175 0 0
295 175 0 0
234 175 0 1
233 175 0 1
232 175 0 1
231 175 0 1
179 175 0 0
178 175 0 0
177 175 0 0
176 175 0 0
298 174 0 0
297 174 0 0
296 174 0 0
295 174 0 0
234 174 0 1
233 174 0 1
232 174 0 1
231 174 0 1
179 174 0 0
178 174 0 0
177 174 0 0
176 174 0 0
298 173 0 0
297 173 0 0
296 173 0 0
295 173 0 0
234 173 0 1
233 173 0 1
232 173 0 1
231 173 0 1
179 173 0 0
178 173 0 0
177 173 0 0
176 173 0 0
298 172 0 0
297 172 0 0
296 172 0 0
295 172 0 0
234 172 0 1
233 172 0 1
232 172 0 1
231 172 0 1
179 172 0 0
178 172 0 0
177 172 0 0
176 172 0 0
298 171 0 0
297 171 0 0
296 171 0 0
295 171 0 0
234 171 0 1
233 171 0 1
232 171 0 1
231 171 0 1
179 171 0 0
178 171 0 0
177 171 0 0
176 171 0 0
298 170 0 0
297 170 0 0
296 170 0 0
295 170 0 0
234 170 0 1
233 170 0 1
232 170 0 1
231 170 0 1
179 170 0 0
178 170 0 0
177 170 0 0
176 170 0 0
298 169 0 0
297 169 0 0
296 169 0 0
295 169 0 0
234 169 0 1
233 169 0 1
232 169 0 1
231 169 0 1
179 169 0 0
178 169 0 0
177 169 0 0
176 169 0 0
298 168 0 0
297 168 0 0
296 168 0 0
295 168 0 0
234 168 0 1
233 168 0 1
232 168 0 1
231 168 0 1
179 168 0 0
178 168 0 0
177 168 0 0
176 168 0 0
298 167 0 0
297 167 0 0
296 167 0 0
295 167 0 0
234 167 0 1
233 167 0 1
232 167 0 1
231 167 0 1
180 167 0 0
179 167 0 0
178 167 0 0
177 167 0 0
176 167 0 0
298 166 0 0
297 166 0 0
296 166 0 0
295 166 0 0
234 166 0 1
233 166 0 1
232 166 0 1
231 166 0 1
180 166 0 0
179 166 0 0
178 166 0 0
177 166 0 0
176 166 0 0
298 165 0 0
297 165 0 0
296 165 0 0
295 165 0 0
234 165 0 1
233 165 0 1
232 165 0 1
231 165 0 1
180 165 0 0
179 165 0 0
178 165 0 0
177 165 0 0
176 165 0 0
298 164 0 0
297 164 0 0
296 164 0 0
295 164 0 0
234 164 0 1
233 164 0 1
232 164 0 1
231 164 0 1
180 164 0 0
179 164 0 0
178 164 0 0
177 164 0 0
176 164 0 0
298 163 0 0
297 163 0 0
296 163 0 0
295 163 0 0
234 163 0 1
233 163 0 1
232 163 0 1
231 163 0 1
180 163 0 0
179 163 0 0
178 163 0 0
177 163 0 0
176 163 0 0
298 162 0 0
297 162 0 0
296 162 0 0
295 162 0 0
234 162 0 1
233 162 0 1
232 162 0 1
231 162 0 1
180 162 0 0
179 162 0 0
178 162 0 0
177 162 0 0
176 162 0 0
298 161 0 0
297 161 0 0
296 161 0 0
295 161 0 0
234 161 0 1
233 161 0 1
232 161 0 1
231 161 0 1
180 161 0 0
179 161 0 0
178 161 0 0
177 161 0 0
176 161 0 0
298 160 0 0
297 160 0 0
296 160 0 0
295 160 0 0
234 160 0 1
233 160 0 1
232 160 0 1
231 160 0 1
180 160 0 0
179 160 0 0
178 160 0 0
177 160 0 0
176 160 0 0
298 159 0 0
297 159 0 0
296 159 0 0
295 159 0 0
234 159 0 1
233 159 0 1
232 159 0 1
231 159 0 1
180 159 0 0
179 159 0 0
178 159 0 0
177 159 0 0
176 159 0 0
298 158 0 0
297 158 0 0
296 158 0 0
295 158 0 0
234 158 0 1
233 158 0 1
232 158 0 1
231 158 0 1
180 158 0 0
179 158 0 0
178 158 0 0
177 158 0 0
176 158 0 0
298 157 0 0
297 157 0 0
296 157 0 0
295 157 0 0
234 157 0 1
233 157 0 1
232 157 0 1
231 157 0 1
181 157 0 0
180 157 0 0
179 157 0 0
178 157 0 0
177 157 0 0
176 157 0 0
298 156 0 0
297 156 0 0
296 156 0 0
295 156 0 0
234 156 0 1
233 156 0 1
232 156 0 1
231 156 0 1
181 156 0 0
180 156 0 0
179 156 0 0
178 156 0 0
177 156 0 0
298 155 0 0
297 155 0 0
296 155 0 0
295 155 0 0
234 155 0 1
233 155 0 1
232 155 0 1
231 155 0 1
181 155 0 0
180 155 0 0
179 155 0 0
178 155 0 0
177 155 0 0
298 154 0 0
297 154 0 0
296 154 0 0
295 154 0 0
234 154 0 1
233 154 0 1
232 154 0 1
231 154 0 1
181 154 0 0
180 154 0 0
179 154 0 0
178 154 0 0
177 154 0 0
298 153 0 0
297 153 0 0
296 153 0 0
295 153 0 0
234 153 0 1
233 153 0 1
232 153 0 1
231 153 0 1
181 153 0 0
180 153 0 0
179 153 0 0
178 153 0 0
177 153 0 0
298 152 0 0
297 152 0 0
296 152 0 0
295 152 0 0
234 152 0 1
233 152 0 1
232 152 0 1
231 152 0 1
181 152 0 0
180 152 0 0
179 152 0 0
178 152 0 0
177 152 0 0
298 151 0 0
297 151 0 0
296 151 0 0
295 151 0 0
234 151 0 1
233 151 0 1
232 151 0 1
231 151 0 1
182 151 0 0
181 151 0 0
180 151 0 0
179 151 0 0
178 151 0 0
177 151 0 0
298 150 0 0
297 150 0 0
296 150 0 0
295 150 0 0
234 150 0 1
233 150 0 1
232 150 0 1
231 150 0 1
182 150 0 0
181 150 0 0
180 150 0 0
179 150 0 0
178 150 0 0
298 149 0 0
297 149 0 0
296 149 0 0
295 149 0 0
234 149 0 1
233 149 0 1
232 149 0 1
231 149 0 1
182 149 0 0
181 149 0 0
180 149 0 0
179 149 0 0
178 149 0 0
298 148 0 0
297 148 0 0
296 148 0 0
295 148 0 0
234 148 0 1
233 148 0 1
232 148 0 1
231 148 0 1
182 148 0 0
181 148 0 0
180 148 0 0
179 148 0 0
178 148 0 0
298 147 0 0
297 147 0 0
296 147 0 0
295 147 0 0
234 147 0 1
233 147 0 1
232 147 0 1
231 147 0 1
182 147 0 0
181 147 0 0
180 147 0 0
179 147 0 0
178 147 0 0
298 146 0 0
297 146 0 0
296 146 0 0
295 146 0 0
234 146 0 1
233 146 0 1
232 146 0 1
231 146 0 1
182 146 0 0
181 146 0 0
180 146 0 0
179 146 0 0
178 146 0 0
298 145 0 0
297 145 0 0
296 145 0 0
295 145 0 0
234 145 0 1
233 145 0 1
232 145 0 1
231 145 0 1
182 145 0 0
181 145 0 0
180 145 0 0
179 145 0 0
178 145 0 0
298 144 0 0
297 144 0 0
296 144 0 0
295 144 0 0
234 144 0 1
233 144 0 1
232 144 0 1
231 144 0 1
182 144 0 0
181 144 0 0
180 144 0 0
179 144 0 0
178 144 0 0
299 143 0 0
298 143 0 0
297 143 0 0
296 143 0 0
295 143 0 0
234 143 0 1
233 143 0 1
232 143 0 1
231 143 0 1
183 143 0 0
182 143 0 0
181 143 0 0
180 143 0 0
179 143 0 0
299 142 0 0
298 142 0 0
297 142 0 0
296 142 0 0
295 142 0 0
234 142 0 1
233 142 0 1
232 142 0 1
231 142 0 1
183 142 0 0
182 142 0 0
181 142 0 0
180 142 0 0
179 142 0 0
299 141 0 0
298 141 0 0
297 141 0 0
296 141 0 0
295 141 0 0
234 141 0 1
233 141 0 1
232 141 0 1
231 141 0 1
183 141 0 0
182 141 0 0
181 141 0 0
180 141 0 0
179 141 0 0
300 140 0 0
299 140 0 0
298 140 0 0
297 140 0 0
296 140 0 0
295 140 0 0
234 140 0 1
233 140 0 1
232 140 0 1
231 140 0 1
183 140 0 0
182 140 0 0
181 140 0 0
180 140 0 0
179 140 0 0
300 139 0 0
299 139 0 0
298 139 0 0
297 139 0 0
296 139 0 0
295 139 0 0
235 139 0 1
234 139 0 1
233 139 0 1
232 139 0 1
231 139 0 1
183 139 0 0
182 139 0 0
181 139 0 0
180 139 0 0
179 139 0 0
300 138 0 0
299 138 0 0
298 138 0 0
297 138 0 0
296 138 0 0
235 138 0 1
234 138 0 1
233 138 0 1
232 138 0 1
231 138 0 1
183 138 0 0
182 138 0 0
181 138 0 0
180 138 0 0
179 138 0 0
300 137 0 0
299 137 0 0
298 137 0 0
297 137 0 0
296 137 0 0
235 137 0 1
234 137 0 1
233 137 0 1
232 137 0 1
231 137 0 1
183 137 0 0
182 137 0 0
181 137 0 0
180 137 0 0
179 137 0 0
301 136 0 0
300 136 0 0
299 136 0 0
298 136 0 0
297 136 0 0
296 136 0 0
235 136 0 1
234 136 0 1
233 136 0 1
232 136 0 1
231 136 0 1
183 136 0 0
182 136 0 0
181 136 0 0
180 136 0 0
179 136 0 0
301 135 0 0
300 135 0 0
299 135 0 0
298 135 0 0
297 135 0 0
235 135 0 1
234 135 0 1
233 135 0 1
232 135 0 1
231 135 0 1
183 135 0 0
182 135 0 0
181 135 0 0
180 135 0 0
179 135 0 0
301 134 0 0
300 134 0 0
299 134 0 0
298 134 0 0
297 134 0 0
236 134 0 1
235 134 0 1
234 134 0 1
233 134 0 1
232 134 0 1
231 134 0 1
183 134 0 0
182 134 0 0
181 134 0 0
180 134 0 0
179 134 0 0
301 133 0 0
300 133 0 0
299 133 0 0
298 133 0 0
297 133 0 0
236 133 0 1
235 133 0 1
234 133 0 1
233 133 0 1
232 133 0 1
183 133 0 0
182 133 0 0
181 133 0 0
180 133 0 0
179 133 0 0
301 132 0 0
300 132 0 0
299 132 0 0
298 132 0 0
297 132 0 0
236 132 0 1
235 132 0 1
234 132 0 1
233 132 0 1
232 132 0 1
183 132 0 0
182 132 0 0
181 132 0 0
180 132 0 0
179 132 0 0
301 131 0 0
300 131 0 0
299 131 0 0
298 131 0 0
297 131 0 0
236 131 0 1
235 131 0 1
234 131 0 1
233 131 0 1
232 131 0 1
184 131 0 0
183 131 0 0
182 131 0 0
181 131 0 0
180 131 0 0
179 131 0 0
301 130 0 0
300 130 0 0
299 130 0 0
298 130 0 0
297 130 0 0
236 130 0 1
235 130 0 1
234 130 0 1
233 130 0 1
232 130 0 1
184 130 0 0
183 130 0 0
182 130 0 0
181 130 0 0
180 130 0 0
301 129 0 0
300 129 0 0
299 129 0 0
298 129 0 0
297 129 0 0
236 129 0 1
235 129 0 1
234 129 0 1
233 129 0 1
232 129 0 1
184 129 0 0
183 129 0 0
182 129 0 0
181 129 0 0
180 129 0 0
301 128 0 0
300 128 0 0
299 128 0 0
298 128 0 0
297 128 0 0
236 128 0 1
235 128 0 1
234 128 0 1
233 128 0 1
232 128 0 1
184 128 0 0
183 128 0 0
182 128 0 0
181 128 0 0
180 128 0 0
301 127 0 0
300 127 0 0
299 127 0 0
298 127 0 0
297 127 0 0
237 127 0 1
236 127 0 1
235 127 0 1
234 127 0 1
233 127 0 1
232 127 0 1
184 127 0 0
183 127 0 0
182 127 0 0
181 127 0 0
180 127 0 0
301 126 0 0
300 126 0 0
299 126 0 0
298 126 0 0
297 126 0 0
237 126 0 1
236 126 0 1
235 126 0 1
234 126 0 1
233 126 0 1
184 126 0 0
183 126 0 0
182 126 0 0
181 126 0 0
180 126 0 0
301 125 0 0
300 125 0 0
299 125 0 0
298 125 0 0
297 125 0 0
237 125 0 1
236 125 0 1
235 125 0 1
234 125 0 1
233 125 0 1
185 125 0 0
184 125 0 0
183 125 0 0
182 125 0 0
181 125 0 0
180 125 0 0
301 124 0 0
300 124 0 0
299 124 0 0
298 124 0 0
297 124 0 0
237 124 0 1
236 124 0 1
235 124 0 1
234 124 0 1
233 124 0 1
185 124 0 0
184 124 0 0
183 124 0 0
182 124 0 0
181 124 0 0
302 123 0 0
301 123 0 0
300 123 0 0
299 123 0 0
298 123 0 0
238 123 0 1
237 123 0 1
236 123 0 1
235 123 0 1
234 123 0 1
233 123 0 1
185 123 0 0
184 123 0 0
183 123 0 0
182 123 0 0
181 123 0 0
302 122 0 0
301 122 0 0
300 122 0 0
299 122 0 0
298 122 0 0
238 122 0 1
237 122 0 1
236 122 0 1
235 122 0 1
234 122 0 1
233 122 0 1
185 122 0 0
184 122 0 0
183 122 0 0
182 122 0 0
181 122 0 0
302 121 0 0
301 121 0 0
300 121 0 0
299 121 0 0
298 121 0 0
238 121 0 1
237 121 0 1
236 121 0 1
235 121 0 1
234 121 0 1
185 121 0 0
184 121 0 0
183 121 0 0
182 121 0 0
181 121 0 0
302 120 0 0
301 120 0 0
300 120 0 0
299 120 0 0
298 120 0 0
238 120 0 1
237 120 0 1
236 120 0 1
235 120 0 1
234 120 0 1
185 120 0 0
184 120 0 0
183 120 0 0
182 120 0 0
181 120 0 0
302 119 0 0
301 119 0 0
300 119 0 0
299 119 0 0
298 119 0 0
238 119 0 1
237 119 0 1
236 119 0 1
235 119 0 1
234 119 0 1
185 119 0 0
184 119 0 0
183 119 0 0
182 119 0 0
302 118 0 0
301 118 0 0
300 118 0 0
299 118 0 0
298 118 0 0
238 118 0 1
237 118 0 1
236 118 0 1
235 118 0 1
234 118 0 1
185 118 0 0
184 118 0 0
183 118 0 0
182 118 0 0
303 117 0 0
302 117 0 0
301 117 0 0
300 117 0 0
299 117 0 0
238 117 0 1
237 117 0 1
236 117 0 1
235 117 0 1
185 117 0 0
184 117 0 0
183 117 0 0
182 117 0 0
303 116 0 0
302 116 0 0
301 116 0 0
300 116 0 0
299 116 0 0
238 116 0 1
237 116 0 1
236 116 0 1
235 116 0 1
185 116 0 0
184 116 0 0
183 116 0 0
182 116 0 0
303 115 0 0
302 115 0 0
301 115 0 0
300 115 0 0
299 115 0 0
238 115 0 1
237 115 0 1
236 115 0 1
235 115 0 1
185 115 0 0
184 115 0 0
183 115 0 0
182 115 0 0
303 114 0 0
302 114 0 0
301 114 0 0
300 114 0 0
299 114 0 0
239 114 0 1
238 114 0 1
237 114 0 1
236 114 0 1
235 114 0 1
185 114 0 0
184 114 0 0
183 114 0 0
182 114 0 0
303 113 0 0
302 113 0 0
301 113 0 0
300 113 0 0
299 113 0 0
239 113 0 1
238 113 0 1
237 113 0 1
236 113 0 1
235 113 0 1
185 113 0 0
184 113 0 0
183 113 0 0
182 113 0 0
303 112 0 0
302 112 0 0
301 112 0 0
300 112 0 0
299 112 0 0
239 112 0 1
238 112 0 1
237 112 0 1
236 112 0 1
235 112 0 1
185 112 0 0
184 112 0 0
183 112 0 0
182 112 0 0
304 111 0 0
303 111 0 0
302 111 0 0
301 111 0 0
300 111 0 0
240 111 0 1
239 111 0 1
238 111 0 1
237 111 0 1
236 111 0 1
235 111 0 1
185 111 0 0
184 111 0 0
183 111 0 0
182 111 0 0
304 110 0 0
303 110 0 0
302 110 0 0
301 110 0 0
300 110 0 0
240 110 0 1
239 110 0 1
238 110 0 1
237 110 0 1
236 110 0 1
235 110 0 1
185 110 0 0
184 110 0 0
183 110 0 0
182 110 0 0
304 109 0 0
303 109 0 0
302 109 0 0
301 109 0 0
300 109 0 0
240 109 0 1
239 109 0 1
238 109 0 1
237 109 0 1
236 109 0 1
185 109 0 0
184 109 0 0
183 109 0 0
182 109 0 0
304 108 0 0
303 108 0 0
302 108 0 0
301 108 0 0
300 108 0 0
241 108 0 1
240 108 0 1
239 108 0 1
238 108 0 1
237 108 0 1
236 108 0 1
185 108 0 0
184 108 0 0
183 108 0 0
182 108 0 0
304 107 0 0
303 107 0 0
302 107 0 0
301 107 0 0
300 107 0 0
241 107 0 1
240 107 0 1
239 107 0 1
238 107 0 1
237 107 0 1
236 107 0 1
186 107 0 0
185 107 0 0
184 107 0 0
183 107 0 0
182 107 0 0
304 106 0 0
303 106 0 0
302 106 0 0
301 106 0 0
300 106 0 0
241 106 0 1
240 106 0 1
239 106 0 1
238 106 0 1
237 106 0 1
186 106 0 0
185 106 0 0
184 106 0 0
183 106 0 0
182 106 0 0
304 105 0 0
303 105 0 0
302 105 0 0
301 105 0 0
300 105 0 0
241 105 0 1
240 105 0 1
239 105 0 1
238 105 0 1
237 105 0 1
186 105 0 0
185 105 0 0
184 105 0 0
183 105 0 0
182 105 0 0
305 104 0 0
304 104 0 0
303 104 0 0
302 104 0 0
301 104 0 0
241 104 0 1
240 104 0 1
239 104 0 1
238 104 0 1
237 104 0 1
186 104 0 0
185 104 0 0
184 104 0 0
183 104 0 0
182 104 0 0
305 103 0 0
304 103 0 0
303 103 0 0
302 103 0 0
301 103 0 0
242 103 0 1
241 103 0 1
240 103 0 1
239 103 0 1
238 103 0 1
237 103 0 1
186 103 0 0
185 103 0 0
184 103 0 0
183 103 0 0
182 103 0 0
305 102 0 0
304 102 0 0
303 102 0 0
302 102 0 0
301 102 0 0
242 102 0 1
241 102 0 1
240 102 0 1
239 102 0 1
238 102 0 1
237 102 0 1
186 102 0 0
185 102 0 0
184 102 0 0
183 102 0 0
182 102 0 0
305 101 0 0
304 101 0 0
303 101 0 0
302 101 0 0
301 101 0 0
242 101 0 1
241 101 0 1
240 101 0 1
239 101 0 1
238 101 0 1
186 101 0 0
185 101 0 0
184 101 0 0
183 101 0 0
305 100 0 0
304 100 0 0
303 100 0 0
302 100 0 0
301 100 0 0
242 100 0 1
241 100 0 1
240 100 0 1
239 100 0 1
238 100 0 1
186 100 0 0
185 100 0 0
184 100 0 0
183 100 0 0
305 99 0 0
304 99 0 0
303 99 0 0
302 99 0 0
301 99 0 0
242 99 0 1
241 99 0 1
240 99 0 1
239 99 0 1
238 99 0 1
186 99 0 0
185 99 0 0
184 99 0 0
183 99 0 0
306 98 0 0
305 98 0 0
304 98 0 0
303 98 0 0
302 98 0 0
301 98 0 0
243 98 0 1
242 98 0 1
241 98 0 1
240 98 0 1
239 98 0 1
238 98 0 1
187 98 0 0
186 98 0 0
185 98 0 0
184 98 0 0
183 98 0 0
306 97 0 0
305 97 0 0
304 97 0 0
303 97 0 0
302 97 0 0
243 97 0 1
242 97 0 1
241 97 0 1
240 97 0 1
239 97 0 1
238 97 0 1
187 97 0 0
186 97 0 0
185 97 0 0
184 97 0 0
183 97 0 0
306 96 0 0
305 96 0 0
304 96 0 0
303 96 0 0
302 96 0 0
243 96 0 1
242 96 0 1
241 96 0 1
240 96 0 1
239 96 0 1
187 96 0 0
186 96 0 0
185 96 0 0
184 96 0 0
183 96 0 0
306 95 0 0
305 95 0 0
304 95 0 0
303 95 0 0
302 95 0 0
243 95 0 1
242 95 0 1
241 95 0 1
240 95 0 1
239 95 0 1
187 95 0 0
186 95 0 0
185 95 0 0
184 95 0 0
183 95 0 0
306 94 0 0
305 94 0 0
304 94 0 0
303 94 0 0
302 94 0 0
243 94 0 1
242 94 0 1
241 94 0 1
240 94 0 1
239 94 0 1
187 94 0 0
186 94 0 0
185 94 0 0
184 94 0 0
183 94 0 0
306 93 0 0
305 93 0 0
304 93 0 0
303 93 0 0
302 93 0 0
244 93 0 1
243 93 0 1
242 93 0 1
241 93 0 1
240 93 0 1
239 93 0 1
187 93 0 0
186 93 0 0
185 93 0 0
184 93 0 0
183 93 0 0
306 92 0 0
305 92 0 0
304 92 0 0
303 92 0 0
244 92 0 1
243 92 0 1
242 92 0 1
241 92 0 1
240 92 0 1
239 92 0 1
187 92 0 0
186 92 0 0
185 92 0 0
184 92 0 0
244 91 0 1
243 91 0 1
242 91 0 1
241 91 0 1
240 91 0 1
187 91 0 0
186 91 0 0
185 91 0 0
184 91 0 0
245 90 0 1
244 90 0 1
243 90 0 1
242 90 0 1
241 90 0 1
240 90 0 1
187 90 0 0
186 90 0 0
185 90 0 0
184 90 0 0
245 89 0 1
244 89 0 1
243 89 0 1
242 89 0 1
241 89 0 1
240 89 0 1
187 89 0 0
186 89 0 0
185 89 0 0
184 89 0 0
245 88 0 1
244 88 0 1
243 88 0 1
242 88 0 1
241 88 0 1
187 88 0 0
186 88 0 0
185 88 0 0
184 88 0 0
245 87 0 1
244 87 0 1
243 87 0 1
242 87 0 1
241 87 0 1
187 87 0 0
186 87 0 0
185 87 0 0
184 87 0 0
246 86 0 1
245 86 0 1
244 86 0 1
243 86 0 1
242 86 0 1
241 86 0 1
187 86 0 0
186 86 0 0
185 86 0 0
184 86 0 0
246 85 0 1
245 85 0 1
244 85 0 1
243 85 0 1
242 85 0 1
187 85 0 0
186 85 0 0
185 85 0 0
184 85 0 0
246 84 0 1
245 84 0 1
244 84 0 1
243 84 0 1
242 84 0 1
187 84 0 0
186 84 0 0
185 84 0 0
184 84 0 0
246 83 0 1
245 83 0 1
244 83 0 1
243 83 0 1
242 83 0 1
187 83 0 0
186 83 0 0
185 83 0 0
184 83 0 0
246 82 0 1
245 82 0 1
244 82 0 1
243 82 0 1
242 82 0 1
187 82 0 0
186 82 0 0
185 82 0 0
184 82 0 0
246 81 0 1
245 81 0 1
244 81 0 1
243 81 0 1
242 81 0 1
187 81 0 0
186 81 0 0
185 81 0 0
184 81 0 0
247 80 0 1
246 80 0 1
245 80 0 1
244 80 0 1
243 80 0 1
242 80 0 1
187 80 0 0
186 80 0 0
185 80 0 0
184 80 0 0
247 79 0 1
246 79 0 1
245 79 0 1
244 79 0 1
243 79 0 1
187 79 0 0
186 79 0 0
185 79 0 0
184 79 0 0
247 78 0 1
246 78 0 1
245 78 0 1
244 78 0 1
243 78 0 1
187 78 0 0
186 78 0 0
185 78 0 0
184 78 0 0
247 77 0 1
246 77 0 1
245 77 0 1
244 77 0 1
243 77 0 1
187 77 0 0
186 77 0 0
185 77 0 0
184 77 0 0
248 76 0 1
247 76 0 1
246 76 0 1
245 76 0 1
244 76 0 1
243 76 0 1
248 75 0 1
247 75 0 1
246 75 0 1
245 75 0 1
244 75 0 1
243 75 0 1
248 74 0 1
247 74 0 1
246 74 0 1
245 74 0 1
244 74 0 1
248 73 0 1
247 73 0 1
246 73 0 1
245 73 0 1
244 73 0 1
249 72 0 1
248 72 0 1
247 72 0 1
246 72 0 1
245 72 0 1
244 72 0 1
325 71 0 0
324 71 0 0
323 71 0 0
322 71 0 0
321 71 0 0
249 71 0 1
248 71 0 1
247 71 0 1
246 71 0 1
245 71 0 1
244 71 0 1
325 70 0 0
324 70 0 0
323 70 0 0
322 70 0 0
321 70 0 0
320 70 0 0
249 70 0 1
248 70 0 1
247 70 0 1
246 70 0 1
245 70 0 1
325 69 0 0
324 69 0 0
323 69 0 0
322 69 0 0
321 69 0 0
320 69 0 0
319 69 0 0
249 69 0 1
248 69 0 1
247 69 0 1
246 69 0 1
245 69 0 1
325 68 0 0
324 68 0 0
323 68 0 0
322 68 0 0
321 68 0 0
320 68 0 0
319 68 0 0
249 68 0 1
248 68 0 1
247 68 0 1
246 68 0 1
245 68 0 1
324 67 0 0
323 67 0 0
322 67 0 0
321 67 0 0
320 67 0 0
319 67 0 0
318 67 0 0
250 67 0 1
249 67 0 1
248 67 0 1
247 67 0 1
246 67 0 1
245 67 0 1
322 66 0 0
321 66 0 0
320 66 0 0
319 66 0 0
318 66 0 0
317 66 0 0
250 66 0 1
249 66 0 1
248 66 0 1
247 66 0 1
246 66 0 1
322 65 0 0
321 65 0 0
320 65 0 0
319 65 0 0
318 65 0 0
317 65 0 0
250 65 0 1
249 65 0 1
248 65 0 1
247 65 0 1
246 65 0 1
321 64 0 0
320 64 0 0
319 64 0 0
318 64 0 0
317 64 0 0
316 64 0 0
250 64 0 1
249 64 0 1
248 64 0 1
247 64 0 1
246 64 0 1
320 63 0 0
319 63 0 0
318 63 0 0
317 63 0 0
316 63 0 0
315 63 0 0
251 63 0 1
250 63 0 1
249 63 0 1
248 63 0 1
247 63 0 1
246 63 0 1
320 62 0 0
319 62 0 0
318 62 0 0
317 62 0 0
316 62 0 0
315 62 0 0
251 62 0 1
250 62 0 1
249 62 0 1
248 62 0 1
247 62 0 1
246 62 0 1
319 61 0 0
318 61 0 0
317 61 0 0
316 61 0 0
315 61 0 0
314 61 0 0
251 61 0 1
250 61 0 1
249 61 0 1
248 61 0 1
247 61 0 1
318 60 0 0
317 60 0 0
316 60 0 0
315 60 0 0
314 60 0 0
313 60 0 0
252 60 0 1
251 60 0 1
250 60 0 1
249 60 0 1
248 60 0 1
247 60 0 1
318 59 0 0
317 59 0 0
316 59 0 0
315 59 0 0
314 59 0 0
313 59 0 0
252 59 0 1
251 59 0 1
250 59 0 1
249 59 0 1
248 59 0 1
247 59 0 1
317 58 0 0
316 58 0 0
315 58 0 0
314 58 0 0
313 58 0 0
312 58 0 0
252 58 0 1
251 58 0 1
250 58 0 1
249 58 0 1
248 58 0 1
317 57 0 0
316 57 0 0
315 57 0 0
314 57 0 0
313 57 0 0
312 57 0 0
311 57 0 0
252 57 0 1
251 57 0 1
250 57 0 1
249 57 0 1
248 57 0 1
316 56 0 0
315 56 0 0
314 56 0 0
313 56 0 0
312 56 0 0
311 56 0 0
252 56 0 1
251 56 0 1
250 56 0 1
249 56 0 1
248 56 0 1
315 55 0 0
314 55 0 0
313 55 0 0
312 55 0 0
311 55 0 0
310 55 0 0
252 55 0 1
251 55 0 1
250 55 0 1
249 55 0 1
315 54 0 0
314 54 0 0
313 54 0 0
312 54 0 0
311 54 0 0
310 54 0 0
252 54 0 1
251 54 0 1
250 54 0 1
249 54 0 1
314 53 0 0
313 53 0 0
312 53 0 0
311 53 0 0
310 53 0 0
309 53 0 0
252 53 0 1
251 53 0 1
250 53 0 1
249 53 0 1
314 52 0 0
313 52 0 0
312 52 0 0
311 52 0 0
310 52 0 0
309 52 0 0
308 52 0 0
252 52 0 1
251 52 0 1
250 52 0 1
249 52 0 1
313 51 0 0
312 51 0 0
311 51 0 0
310 51 0 0
309 51 0 0
308 51 0 0
312 50 0 0
311 50 0 0
310 50 0 0
309 50 0 0
308 50 0 0
307 50 0 0
312 49 0 0
311 49 0 0
310 49 0 0
309 49 0 0
308 49 0 0
307 49 0 0
311 48 0 0
310 48 0 0
309 48 0 0
308 48 0 0
307 48 0 0
306 48 0 0
310 47 0 0
309 47 0 0
308 47 0 0
307 47 0 0
306 47 0 0
305 47 0 0
310 46 0 0
309 46 0 0
308 46 0 0
307 46 0 0
306 46 0 0
305 46 0 0
309 45 0 0
308 45 0 0
307 45 0 0
306 45 0 0
305 45 0 0
304 45 0 0
308 44 0 0
307 44 0 0
306 44 0 0
305 44 0 0
304 44 0 0
303 44 0 0
308 43 0 0
307 43 0 0
306 43 0 0
305 43 0 0
304 43 0 0
303 43 0 0
307 42 0 0
306 42 0 0
305 42 0 0
304 42 0 0
303 42 0 0
302 42 0 0
306 41 0 0
305 41 0 0
304 41 0 0
303 41 0 0
302 41 0 0
301 41 0 0
306 40 0 0
305 40 0 0
304 40 0 0
303 40 0 0
302 40 0 0
301 40 0 0
300 40 0 0
305 39 0 0
304 39 0 0
303 39 0 0
302 39 0 0
301 39 0 0
300 39 0 0
299 39 0 0
304 38 0 0
303 38 0 0
302 38 0 0
301 38 0 0
300 38 0 0
299 38 0 0
298 38 0 0
303 37 0 0
302 37 0 0
301 37 0 0
300 37 0 0
299 37 0 0
298 37 0 0
297 37 0 0
302 36 0 0
301 36 0 0
300 36 0 0
299 36 0 0
298 36 0 0
297 36 0 0
296 36 0 0
301 35 0 0
300 35 0 0
299 35 0 0
298 35 0 0
297 35 0 0
296 35 0 0
295 35 0 0
300 34 0 0
299 34 0 0
298 34 0 0
297 34 0 0
296 34 0 0
295 34 0 0
294 34 0 0
299 33 0 0
298 33 0 0
297 33 0 0
296 33 0 0
295 33 0 0
294 33 0 0
293 33 0 0
298 32 0 0
297 32 0 0
296 32 0 0
295 32 0 0
294 32 0 0
293 32 0 0
292 32 0 0
297 31 0 0
296 31 0 0
295 31 0 0
294 31 0 0
293 31 0 0
292 31 0 0
291 31 0 0
296 30 0 0
295 30 0 0
294 30 0 0
293 30 0 0
292 30 0 0
291 30 0 0
295 29 0 0
294 29 0 0
293 29 0 0
292 29 0 0
291 29 0 0
290 29 0 0
295 28 0 0
294 28 0 0
293 28 0 0
292 28 0 0
291 28 0 0
290 28 0 0
289 28 0 0
294 27 0 0
293 27 0 0
292 27 0 0
291 27 0 0
290 27 0 0
289 27 0 0
293 26 0 0
292 26 0 0
291 26 0 0
290 26 0 0
289 26 0 0
288 26 0 0
293 25 0 0
292 25 0 0
291 25 0 0
290 25 0 0
289 25 0 0
288 25 0 0
287 25 0 0
292 24 0 0
291 24 0 0
290 24 0 0
289 24 0 0
288 24 0 0
287 24 0 0
291 23 0 0
290 23 0 0
289 23 0 0
288 23 0 0
287 23 0 0
286 23 0 0
291 22 0 0
290 22 0 0
289 22 0 0
288 22 0 0
287 22 0 0
286 22 0 0
285 22 0 0
290 21 0 0
289 21 0 0
288 21 0 0
287 21 0 0
286 21 0 0
285 21 0 0
284 21 0 0
289 20 0 0
288 20 0 0
287 20 0 0
286 20 0 0
285 20 0 0
284 20 0 0
288 19 0 0
287 19 0 0
286 19 0 0
285 19 0 0
284 19 0 0
287 18 0 0
286 18 0 0
285 18 0 0
284 18 0 0
287 17 0 0
286 17 0 0
285 17 0 0
284 17 0 0
