6398 481 321
319 308 0 0
318 308 0 0
317 308 0 0
316 308 0 0
319 307 0 0
318 307 0 0
317 307 0 0
316 307 0 0
315 307 0 0
314 307 0 0
313 307 0 0
312 307 0 0
311 307 0 0
310 307 0 0
309 307 0 0
308 307 0 0
319 306 0 0
318 306 0 0
317 306 0 0
316 306 0 0
315 306 0 0
314 306 0 0
313 306 0 0
312 306 0 0
311 306 0 0
310 306 0 0
309 306 0 0
308 306 0 0
307 306 0 0
306 306 0 0
305 306 0 0
304 306 0 0
303 306 0 0
302 306 0 0
301 306 0 0
300 306 0 0
299 306 0 0
319 305 0 0
318 305 0 0
317 305 0 0
316 305 0 0
315 305 0 0
314 305 0 0
313 305 0 0
312 305 0 0
311 305 0 0
310 305 0 0
309 305 0 0
308 305 0 0
307 305 0 0
306 305 0 0
305 305 0 0
304 305 0 0
303 305 0 0
302 305 0 0
301 305 0 0
300 305 0 0
299 305 0 0
298 305 0 0
297 305 0 0
296 305 0 0
295 305 0 0
294 305 0 0
293 305 0 0
319 304 0 0
318 304 0 0
317 304 0 0
316 304 0 0
315 304 0 0
314 304 0 0
313 304 0 0
312 304 0 0
311 304 0 0
310 304 0 0
309 304 0 0
308 304 0 0
307 304 0 0
306 304 0 0
305 304 0 0
304 304 0 0
303 304 0 0
302 304 0 0
301 304 0 0
300 304 0 0
299 304 0 0
298 304 0 0
297 304 0 0
296 304 0 0
295 304 0 0
294 304 0 0
293 304 0 0
292 304 0 0
291 304 0 0
290 304 0 0
289 304 0 0
288 304 0 0
287 304 0 0
313 303 0 0
312 303 0 0
311 303 0 0
310 303 0 0
309 303 0 0
308 303 0 0
307 303 0 0
306 303 0 0
305 303 0 0
304 303 0 0
303 303 0 0
302 303 0 0
301 303 0 0
300 303 0 0
299 303 0 0
298 303 0 0
297 303 0 0
296 303 0 0
295 303 0 0
294 303 0 0
293 303 0 0
292 303 0 0
291 303 0 0
290 303 0 0
289 303 0 0
288 303 0 0
287 303 0 0
286 303 0 0
285 303 0 0
284 303 0 0
283 303 0 0
282 303 0 0
281 303 0 0
280 303 0 0
279 303 0 0
278 303 0 0
277 303 0 0
276 303 0 0
275 303 0 0
274 303 0 0
307 302 0 0
306 302 0 0
305 302 0 0
304 302 0 0
303 302 0 0
302 302 0 0
301 302 0 0
300 302 0 0
299 302 0 0
298 302 0 0
297 302 0 0
296 302 0 0
295 302 0 0
294 302 0 0
293 302 0 0
292 302 0 0
291 302 0 0
290 302 0 0
289 302 0 0
288 302 0 0
287 302 0 0
286 302 0 0
285 302 0 0
284 302 0 0
283 302 0 0
282 302 0 0
281 302 0 0
280 302 0 0
279 302 0 0
278 302 0 0
277 302 0 0
276 302 0 0
275 302 0 0
274 302 0 0
273 302 0 0
272 302 0 0
271 302 0 0
270 302 0 0
269 302 0 0
268 302 0 0
267 302 0 0
266 302 0 0
265 302 0 0
264 302 0 0
263 302 0 0
262 302 0 0
261 302 0 0
260 302 0 0
259 302 0 0
258 302 0 0
257 302 0 0
256 302 0 0
255 302 0 0
254 302 0 0
253 302 0 0
252 302 0 0
251 302 0 0
250 302 0 0
249 302 0 0
248 302 0 0
247 302 0 0
246 302 0 0
245 302 0 0
244 302 0 0
243 302 0 0
242 302 0 0
241 302 0 0
240 302 0 0
239 302 0 0
238 302 0 0
237 302 0 0
236 302 0 0
235 302 0 0
234 302 0 0
233 302 0 0
232 302 0 0
231 302 0 0
230 302 0 0
229 302 0 0
228 302 0 0
227 302 0 0
226 302 0 0
225 302 0 0
224 302 0 0
223 302 0 0
222 302 0 0
221 302 0 0
220 302 0 0
219 302 0 0
298 301 0 0
297 301 0 0
296 301 0 0
295 301 0 0
294 301 0 0
293 301 0 0
292 301 0 0
291 301 0 0
290 301 0 0
289 301 0 0
288 301 0 0
287 301 0 0
286 301 0 0
285 301 0 0
284 301 0 0
283 301 0 0
282 301 0 0
281 301 0 0
280 301 0 0
279 301 0 0
278 301 0 0
277 301 0 0
276 301 0 0
275 301 0 0
274 301 0 0
273 301 0 0
272 301 0 0
271 301 0 0
270 301 0 0
269 301 0 0
268 301 0 0
267 301 0 0
266 301 0 0
265 301 0 0
264 301 0 0
263 301 0 0
262 301 0 0
261 301 0 0
260 301 0 0
259 301 0 0
258 301 0 0
257 301 0 0
256 301 0 0
255 301 0 0
254 301 0 0
253 301 0 0
252 301 0 0
251 301 0 0
250 301 0 0
249 301 0 0
248 301 0 0
247 301 0 0
246 301 0 0
245 301 0 0
244 301 0 0
243 301 0 0
242 301 0 0
241 301 0 0
240 301 0 0
239 301 0 0
238 301 0 0
237 301 0 0
236 301 0 0
235 301 0 0
234 301 0 0
233 301 0 0
232 301 0 0
231 301 0 0
230 301 0 0
229 301 0 0
228 301 0 0
227 301 0 0
226 301 0 0
225 301 0 0
224 301 0 0
223 301 0 0
222 301 0 0
221 301 0 0
220 301 0 0
219 301 0 0
292 300 0 0
291 300 0 0
290 300 0 0
289 300 0 0
288 300 0 0
287 300 0 0
286 300 0 0
285 300 0 0
284 300 0 0
283 300 0 0
282 300 0 0
281 300 0 0
280 300 0 0
279 300 0 0
278 300 0 0
277 300 0 0
276 300 0 0
275 300 0 0
274 300 0 0
273 300 0 0
272 300 0 0
271 300 0 0
270 300 0 0
269 300 0 0
268 300 0 0
267 300 0 0
266 300 0 0
265 300 0 0
264 300 0 0
263 300 0 0
262 300 0 0
261 300 0 0
260 300 0 0
259 300 0 0
258 300 0 0
257 300 0 0
256 300 0 0
255 300 0 0
254 300 0 0
253 300 0 0
252 300 0 0
251 300 0 0
250 300 0 0
249 300 0 0
248 300 0 0
247 300 0 0
246 300 0 0
245 300 0 0
244 300 0 0
243 300 0 0
242 300 0 0
241 300 0 0
240 300 0 0
239 300 0 0
238 300 0 0
237 300 0 0
236 300 0 0
235 300 0 0
234 300 0 0
233 300 0 0
232 300 0 0
231 300 0 0
230 300 0 0
229 300 0 0
228 300 0 0
227 300 0 0
226 300 0 0
225 300 0 0
224 300 0 0
223 300 0 0
222 300 0 0
221 300 0 0
220 300 0 0
219 300 0 0
286 299 0 0
285 299 0 0
284 299 0 0
283 299 0 0
282 299 0 0
281 299 0 0
280 299 0 0
279 299 0 0
278 299 0 0
277 299 0 0
276 299 0 0
275 299 0 0
274 299 0 0
273 299 0 0
272 299 0 0
271 299 0 0
270 299 0 0
269 299 0 0
268 299 0 0
267 299 0 0
266 299 0 0
265 299 0 0
264 299 0 0
263 299 0 0
262 299 0 0
261 299 0 0
260 299 0 0
259 299 0 0
258 299 0 0
257 299 0 0
256 299 0 0
255 299 0 0
254 299 0 0
253 299 0 0
252 299 0 0
251 299 0 0
250 299 0 0
249 299 0 0
248 299 0 0
247 299 0 0
246 299 0 0
245 299 0 0
244 299 0 0
243 299 0 0
242 299 0 0
241 299 0 0
240 299 0 0
239 299 0 0
238 299 0 0
237 299 0 0
236 299 0 0
235 299 0 0
234 299 0 0
233 299 0 0
232 299 0 0
231 299 0 0
230 299 0 0
229 299 0 0
228 299 0 0
227 299 0 0
226 299 0 0
225 299 0 0
224 299 0 0
223 299 0 0
222 299 0 0
221 299 0 0
220 299 0 0
219 299 0 0
116 298 0 1
115 298 0 1
114 298 0 1
113 298 0 1
112 298 0 1
120 297 0 1
119 297 0 1
118 297 0 1
117 297 0 1
116 297 0 1
115 297 0 1
114 297 0 1
113 297 0 1
112 297 0 1
121 296 0 1
120 296 0 1
119 296 0 1
118 296 0 1
117 296 0 1
116 296 0 1
115 296 0 1
114 296 0 1
113 296 0 1
112 296 0 1
123 295 0 1
122 295 0 1
121 295 0 1
120 295 0 1
119 295 0 1
118 295 0 1
117 295 0 1
116 295 0 1
115 295 0 1
114 295 0 1
113 295 0 1
112 295 0 1
124 294 0 1
123 294 0 1
122 294 0 1
121 294 0 1
120 294 0 1
119 294 0 1
118 294 0 1
117 294 0 1
116 294 0 1
115 294 0 1
114 294 0 1
113 294 0 1
125 293 0 1
124 293 0 1
123 293 0 1
122 293 0 1
121 293 0 1
120 293 0 1
119 293 0 1
118 293 0 1
117 293 0 1
116 293 0 1
115 293 0 1
127 292 0 1
126 292 0 1
125 292 0 1
124 292 0 1
123 292 0 1
122 292 0 1
121 292 0 1
120 292 0 1
119 292 0 1
128 291 0 1
127 291 0 1
126 291 0 1
125 291 0 1
124 291 0 1
123 291 0 1
122 291 0 1
121 291 0 1
120 291 0 1
130 290 0 1
129 290 0 1
128 290 0 1
127 290 0 1
126 290 0 1
125 290 0 1
124 290 0 1
123 290 0 1
122 290 0 1
131 289 0 1
130 289 0 1
129 289 0 1
128 289 0 1
127 289 0 1
126 289 0 1
125 289 0 1
124 289 0 1
123 289 0 1
133 288 0 1
132 288 0 1
131 288 0 1
130 288 0 1
129 288 0 1
128 288 0 1
127 288 0 1
126 288 0 1
125 288 0 1
124 288 0 1
135 287 0 1
134 287 0 1
133 287 0 1
132 287 0 1
131 287 0 1
130 287 0 1
129 287 0 1
128 287 0 1
127 287 0 1
126 287 0 1
137 286 0 1
136 286 0 1
135 286 0 1
134 286 0 1
133 286 0 1
132 286 0 1
131 286 0 1
130 286 0 1
129 286 0 1
128 286 0 1
127 286 0 1
138 285 0 1
137 285 0 1
136 285 0 1
135 285 0 1
134 285 0 1
133 285 0 1
132 285 0 1
131 285 0 1
130 285 0 1
129 285 0 1
140 284 0 1
139 284 0 1
138 284 0 1
137 284 0 1
136 284 0 1
135 284 0 1
134 284 0 1
133 284 0 1
132 284 0 1
131 284 0 1
141 283 0 1
140 283 0 1
139 283 0 1
138 283 0 1
137 283 0 1
136 283 0 1
135 283 0 1
134 283 0 1
133 283 0 1
143 282 0 1
142 282 0 1
141 282 0 1
140 282 0 1
139 282 0 1
138 282 0 1
137 282 0 1
136 282 0 1
135 282 0 1
134 282 0 1
144 281 0 1
143 281 0 1
142 281 0 1
141 281 0 1
140 281 0 1
139 281 0 1
138 281 0 1
137 281 0 1
136 281 0 1
145 280 0 1
144 280 0 1
143 280 0 1
142 280 0 1
141 280 0 1
140 280 0 1
139 280 0 1
138 280 0 1
137 280 0 1
147 279 0 1
146 279 0 1
145 279 0 1
144 279 0 1
143 279 0 1
142 279 0 1
141 279 0 1
140 279 0 1
139 279 0 1
148 278 0 1
147 278 0 1
146 278 0 1
145 278 0 1
144 278 0 1
143 278 0 1
142 278 0 1
141 278 0 1
140 278 0 1
478 277 0 0
477 277 0 0
476 277 0 0
475 277 0 0
474 277 0 0
473 277 0 0
472 277 0 0
471 277 0 0
470 277 0 0
469 277 0 0
468 277 0 0
467 277 0 0
466 277 0 0
465 277 0 0
464 277 0 0
149 277 0 1
148 277 0 1
147 277 0 1
146 277 0 1
145 277 0 1
144 277 0 1
143 277 0 1
142 277 0 1
478 276 0 0
477 276 0 0
476 276 0 0
475 276 0 0
474 276 0 0
473 276 0 0
472 276 0 0
471 276 0 0
470 276 0 0
469 276 0 0
468 276 0 0
467 276 0 0
466 276 0 0
465 276 0 0
464 276 0 0
463 276 0 0
462 276 0 0
150 276 0 1
149 276 0 1
148 276 0 1
147 276 0 1
146 276 0 1
145 276 0 1
144 276 0 1
143 276 0 1
478 275 0 0
477 275 0 0
476 275 0 0
475 275 0 0
474 275 0 0
473 275 0 0
472 275 0 0
471 275 0 0
470 275 0 0
469 275 0 0
468 275 0 0
467 275 0 0
466 275 0 0
465 275 0 0
464 275 0 0
463 275 0 0
462 275 0 0
461 275 0 0
460 275 0 0
152 275 0 1
151 275 0 1
150 275 0 1
149 275 0 1
148 275 0 1
147 275 0 1
146 275 0 1
145 275 0 1
144 275 0 1
478 274 0 0
477 274 0 0
476 274 0 0
475 274 0 0
474 274 0 0
473 274 0 0
472 274 0 0
471 274 0 0
470 274 0 0
469 274 0 0
468 274 0 0
467 274 0 0
466 274 0 0
465 274 0 0
464 274 0 0
463 274 0 0
462 274 0 0
461 274 0 0
460 274 0 0
459 274 0 0
153 274 0 1
152 274 0 1
151 274 0 1
150 274 0 1
149 274 0 1
148 274 0 1
147 274 0 1
146 274 0 1
145 274 0 1
467 273 0 0
466 273 0 0
465 273 0 0
464 273 0 0
463 273 0 0
462 273 0 0
461 273 0 0
460 273 0 0
459 273 0 0
458 273 0 0
457 273 0 0
154 273 0 1
153 273 0 1
152 273 0 1
151 273 0 1
150 273 0 1
149 273 0 1
148 273 0 1
147 273 0 1
465 272 0 0
464 272 0 0
463 272 0 0
462 272 0 0
461 272 0 0
460 272 0 0
459 272 0 0
458 272 0 0
457 272 0 0
456 272 0 0
156 272 0 1
155 272 0 1
154 272 0 1
153 272 0 1
152 272 0 1
151 272 0 1
150 272 0 1
149 272 0 1
148 272 0 1
463 271 0 0
462 271 0 0
461 271 0 0
460 271 0 0
459 271 0 0
458 271 0 0
457 271 0 0
456 271 0 0
455 271 0 0
454 271 0 0
157 271 0 1
156 271 0 1
155 271 0 1
154 271 0 1
153 271 0 1
152 271 0 1
151 271 0 1
150 271 0 1
149 271 0 1
461 270 0 0
460 270 0 0
459 270 0 0
458 270 0 0
457 270 0 0
456 270 0 0
455 270 0 0
454 270 0 0
453 270 0 0
158 270 0 1
157 270 0 1
156 270 0 1
155 270 0 1
154 270 0 1
153 270 0 1
152 270 0 1
151 270 0 1
460 269 0 0
459 269 0 0
458 269 0 0
457 269 0 0
456 269 0 0
455 269 0 0
454 269 0 0
453 269 0 0
452 269 0 0
451 269 0 0
159 269 0 1
158 269 0 1
157 269 0 1
156 269 0 1
155 269 0 1
154 269 0 1
153 269 0 1
152 269 0 1
458 268 0 0
457 268 0 0
456 268 0 0
455 268 0 0
454 268 0 0
453 268 0 0
452 268 0 0
451 268 0 0
450 268 0 0
160 268 0 1
159 268 0 1
158 268 0 1
157 268 0 1
156 268 0 1
155 268 0 1
154 268 0 1
153 268 0 1
457 267 0 0
456 267 0 0
455 267 0 0
454 267 0 0
453 267 0 0
452 267 0 0
451 267 0 0
450 267 0 0
449 267 0 0
161 267 0 1
160 267 0 1
159 267 0 1
158 267 0 1
157 267 0 1
156 267 0 1
155 267 0 1
455 266 0 0
454 266 0 0
453 266 0 0
452 266 0 0
451 266 0 0
450 266 0 0
449 266 0 0
448 266 0 0
162 266 0 1
161 266 0 1
160 266 0 1
159 266 0 1
158 266 0 1
157 266 0 1
156 266 0 1
454 265 0 0
453 265 0 0
452 265 0 0
451 265 0 0
450 265 0 0
449 265 0 0
448 265 0 0
447 265 0 0
162 265 0 1
161 265 0 1
160 265 0 1
159 265 0 1
158 265 0 1
157 265 0 1
453 264 0 0
452 264 0 0
451 264 0 0
450 264 0 0
449 264 0 0
448 264 0 0
447 264 0 0
446 264 0 0
163 264 0 1
162 264 0 1
161 264 0 1
160 264 0 1
159 264 0 1
158 264 0 1
451 263 0 0
450 263 0 0
449 263 0 0
448 263 0 0
447 263 0 0
446 263 0 0
445 263 0 0
163 263 0 1
162 263 0 1
161 263 0 1
160 263 0 1
159 263 0 1
158 263 0 1
450 262 0 0
449 262 0 0
448 262 0 0
447 262 0 0
446 262 0 0
445 262 0 0
444 262 0 0
164 262 0 1
163 262 0 1
162 262 0 1
161 262 0 1
160 262 0 1
159 262 0 1
449 261 0 0
448 261 0 0
447 261 0 0
446 261 0 0
445 261 0 0
444 261 0 0
443 261 0 0
164 261 0 1
163 261 0 1
162 261 0 1
161 261 0 1
160 261 0 1
159 261 0 1
448 260 0 0
447 260 0 0
446 260 0 0
445 260 0 0
444 260 0 0
443 260 0 0
442 260 0 0
165 260 0 1
164 260 0 1
163 260 0 1
162 260 0 1
161 260 0 1
160 260 0 1
447 259 0 0
446 259 0 0
445 259 0 0
444 259 0 0
443 259 0 0
442 259 0 0
166 259 0 1
165 259 0 1
164 259 0 1
163 259 0 1
162 259 0 1
161 259 0 1
446 258 0 0
445 258 0 0
444 258 0 0
443 258 0 0
442 258 0 0
441 258 0 0
167 258 0 1
166 258 0 1
165 258 0 1
164 258 0 1
163 258 0 1
162 258 0 1
161 258 0 1
446 257 0 0
445 257 0 0
444 257 0 0
443 257 0 0
442 257 0 0
441 257 0 0
440 257 0 0
439 257 0 0
168 257 0 1
167 257 0 1
166 257 0 1
165 257 0 1
164 257 0 1
163 257 0 1
162 257 0 1
445 256 0 0
444 256 0 0
443 256 0 0
442 256 0 0
441 256 0 0
440 256 0 0
439 256 0 0
438 256 0 0
171 256 0 1
170 256 0 1
169 256 0 1
168 256 0 1
167 256 0 1
166 256 0 1
165 256 0 1
164 256 0 1
163 256 0 1
444 255 0 0
443 255 0 0
442 255 0 0
441 255 0 0
440 255 0 0
439 255 0 0
438 255 0 0
437 255 0 0
172 255 0 1
171 255 0 1
170 255 0 1
169 255 0 1
168 255 0 1
167 255 0 1
166 255 0 1
165 255 0 1
164 255 0 1
443 254 0 0
442 254 0 0
441 254 0 0
440 254 0 0
439 254 0 0
438 254 0 0
437 254 0 0
173 254 0 1
172 254 0 1
171 254 0 1
170 254 0 1
169 254 0 1
168 254 0 1
167 254 0 1
166 254 0 1
165 254 0 1
441 253 0 0
440 253 0 0
439 253 0 0
438 253 0 0
437 253 0 0
436 253 0 0
329 253 0 1
328 253 0 1
327 253 0 1
326 253 0 1
173 253 0 1
172 253 0 1
171 253 0 1
170 253 0 1
169 253 0 1
168 253 0 1
167 253 0 1
166 253 0 1
441 252 0 0
440 252 0 0
439 252 0 0
438 252 0 0
437 252 0 0
436 252 0 0
435 252 0 0
434 252 0 0
433 252 0 0
329 252 0 1
328 252 0 1
327 252 0 1
326 252 0 1
174 252 0 1
173 252 0 1
172 252 0 1
171 252 0 1
170 252 0 1
169 252 0 1
168 252 0 1
167 252 0 1
440 251 0 0
439 251 0 0
438 251 0 0
437 251 0 0
436 251 0 0
435 251 0 0
434 251 0 0
433 251 0 0
432 251 0 0
329 251 0 1
328 251 0 1
327 251 0 1
326 251 0 1
176 251 0 1
175 251 0 1
174 251 0 1
173 251 0 1
172 251 0 1
171 251 0 1
170 251 0 1
169 251 0 1
440 250 0 0
439 250 0 0
438 250 0 0
437 250 0 0
436 250 0 0
435 250 0 0
434 250 0 0
433 250 0 0
432 250 0 0
431 250 0 0
329 250 0 1
328 250 0 1
327 250 0 1
326 250 0 1
177 250 0 1
176 250 0 1
175 250 0 1
174 250 0 1
173 250 0 1
172 250 0 1
171 250 0 1
170 250 0 1
439 249 0 0
438 249 0 0
437 249 0 0
436 249 0 0
435 249 0 0
434 249 0 0
433 249 0 0
432 249 0 0
431 249 0 0
430 249 0 0
429 249 0 0
428 249 0 0
427 249 0 0
426 249 0 0
425 249 0 0
424 249 0 0
330 249 0 1
329 249 0 1
328 249 0 1
327 249 0 1
326 249 0 1
177 249 0 1
176 249 0 1
175 249 0 1
174 249 0 1
173 249 0 1
172 249 0 1
171 249 0 1
436 248 0 0
435 248 0 0
434 248 0 0
433 248 0 0
432 248 0 0
431 248 0 0
430 248 0 0
429 248 0 0
428 248 0 0
427 248 0 0
426 248 0 0
425 248 0 0
424 248 0 0
423 248 0 0
422 248 0 0
421 248 0 0
330 248 0 1
329 248 0 1
328 248 0 1
327 248 0 1
326 248 0 1
177 248 0 1
176 248 0 1
175 248 0 1
174 248 0 1
173 248 0 1
172 248 0 1
435 247 0 0
434 247 0 0
433 247 0 0
432 247 0 0
431 247 0 0
430 247 0 0
429 247 0 0
428 247 0 0
427 247 0 0
426 247 0 0
425 247 0 0
424 247 0 0
423 247 0 0
422 247 0 0
421 247 0 0
420 247 0 0
419 247 0 0
330 247 0 1
329 247 0 1
328 247 0 1
327 247 0 1
326 247 0 1
178 247 0 1
177 247 0 1
176 247 0 1
175 247 0 1
174 247 0 1
173 247 0 1
433 246 0 0
432 246 0 0
431 246 0 0
430 246 0 0
429 246 0 0
428 246 0 0
427 246 0 0
426 246 0 0
425 246 0 0
424 246 0 0
423 246 0 0
422 246 0 0
421 246 0 0
420 246 0 0
419 246 0 0
330 246 0 1
329 246 0 1
328 246 0 1
327 246 0 1
326 246 0 1
179 246 0 1
178 246 0 1
177 246 0 1
176 246 0 1
175 246 0 1
174 246 0 1
426 245 0 0
425 245 0 0
424 245 0 0
423 245 0 0
422 245 0 0
421 245 0 0
420 245 0 0
419 245 0 0
418 245 0 0
330 245 0 1
329 245 0 1
328 245 0 1
327 245 0 1
326 245 0 1
179 245 0 1
178 245 0 1
177 245 0 1
176 245 0 1
175 245 0 1
174 245 0 1
424 244 0 0
423 244 0 0
422 244 0 0
421 244 0 0
420 244 0 0
419 244 0 0
418 244 0 0
331 244 0 1
330 244 0 1
329 244 0 1
328 244 0 1
327 244 0 1
326 244 0 1
180 244 0 1
179 244 0 1
178 244 0 1
177 244 0 1
176 244 0 1
175 244 0 1
422 243 0 0
421 243 0 0
420 243 0 0
419 243 0 0
418 243 0 0
417 243 0 0
416 243 0 0
331 243 0 1
330 243 0 1
329 243 0 1
328 243 0 1
327 243 0 1
181 243 0 1
180 243 0 1
179 243 0 1
178 243 0 1
177 243 0 1
176 243 0 1
422 242 0 0
421 242 0 0
420 242 0 0
419 242 0 0
418 242 0 0
417 242 0 0
416 242 0 0
332 242 0 1
331 242 0 1
330 242 0 1
329 242 0 1
328 242 0 1
327 242 0 1
181 242 0 1
180 242 0 1
179 242 0 1
178 242 0 1
177 242 0 1
176 242 0 1
421 241 0 0
420 241 0 0
419 241 0 0
418 241 0 0
417 241 0 0
416 241 0 0
333 241 0 1
332 241 0 1
331 241 0 1
330 241 0 1
329 241 0 1
328 241 0 1
327 241 0 1
183 241 0 1
182 241 0 1
181 241 0 1
180 241 0 1
179 241 0 1
178 241 0 1
177 241 0 1
420 240 0 0
419 240 0 0
418 240 0 0
417 240 0 0
416 240 0 0
334 240 0 1
333 240 0 1
332 240 0 1
331 240 0 1
330 240 0 1
329 240 0 1
328 240 0 1
183 240 0 1
182 240 0 1
181 240 0 1
180 240 0 1
179 240 0 1
178 240 0 1
177 240 0 1
419 239 0 0
418 239 0 0
417 239 0 0
416 239 0 0
335 239 0 1
334 239 0 1
333 239 0 1
332 239 0 1
331 239 0 1
330 239 0 1
329 239 0 1
184 239 0 1
183 239 0 1
182 239 0 1
181 239 0 1
180 239 0 1
179 239 0 1
178 239 0 1
419 238 0 0
418 238 0 0
417 238 0 0
416 238 0 0
335 238 0 1
334 238 0 1
333 238 0 1
332 238 0 1
331 238 0 1
330 238 0 1
184 238 0 1
183 238 0 1
182 238 0 1
181 238 0 1
180 238 0 1
179 238 0 1
419 237 0 0
418 237 0 0
417 237 0 0
416 237 0 0
336 237 0 1
335 237 0 1
334 237 0 1
333 237 0 1
332 237 0 1
331 237 0 1
184 237 0 1
183 237 0 1
182 237 0 1
181 237 0 1
180 237 0 1
419 236 0 0
418 236 0 0
417 236 0 0
416 236 0 0
337 236 0 1
336 236 0 1
335 236 0 1
334 236 0 1
333 236 0 1
332 236 0 1
331 236 0 1
184 236 0 1
183 236 0 1
182 236 0 1
181 236 0 1
419 235 0 0
418 235 0 0
417 235 0 0
416 235 0 0
337 235 0 1
336 235 0 1
335 235 0 1
334 235 0 1
333 235 0 1
332 235 0 1
185 235 0 1
184 235 0 1
183 235 0 1
182 235 0 1
181 235 0 1
419 234 0 0
418 234 0 0
417 234 0 0
416 234 0 0
338 234 0 1
337 234 0 1
336 234 0 1
335 234 0 1
334 234 0 1
333 234 0 1
186 234 0 1
185 234 0 1
184 234 0 1
183 234 0 1
182 234 0 1
181 234 0 1
419 233 0 0
418 233 0 0
417 233 0 0
416 233 0 0
339 233 0 1
338 233 0 1
337 233 0 1
336 233 0 1
335 233 0 1
334 233 0 1
333 233 0 1
187 233 0 1
186 233 0 1
185 233 0 1
184 233 0 1
183 233 0 1
182 233 0 1
181 233 0 1
419 232 0 0
418 232 0 0
417 232 0 0
416 232 0 0
340 232 0 1
339 232 0 1
338 232 0 1
337 232 0 1
336 232 0 1
335 232 0 1
334 232 0 1
187 232 0 1
186 232 0 1
185 232 0 1
184 232 0 1
183 232 0 1
182 232 0 1
419 231 0 0
418 231 0 0
417 231 0 0
416 231 0 0
341 231 0 1
340 231 0 1
339 231 0 1
338 231 0 1
337 231 0 1
336 231 0 1
335 231 0 1
187 231 0 1
186 231 0 1
185 231 0 1
184 231 0 1
183 231 0 1
419 230 0 0
418 230 0 0
417 230 0 0
416 230 0 0
342 230 0 1
341 230 0 1
340 230 0 1
339 230 0 1
338 230 0 1
337 230 0 1
336 230 0 1
188 230 0 1
187 230 0 1
186 230 0 1
185 230 0 1
184 230 0 1
183 230 0 1
419 229 0 0
418 229 0 0
417 229 0 0
416 229 0 0
343 229 0 1
342 229 0 1
341 229 0 1
340 229 0 1
339 229 0 1
338 229 0 1
337 229 0 1
188 229 0 1
187 229 0 1
186 229 0 1
185 229 0 1
184 229 0 1
183 229 0 1
419 228 0 0
418 228 0 0
417 228 0 0
416 228 0 0
344 228 0 1
343 228 0 1
342 228 0 1
341 228 0 1
340 228 0 1
339 228 0 1
338 228 0 1
189 228 0 1
188 228 0 1
187 228 0 1
186 228 0 1
185 228 0 1
184 228 0 1
419 227 0 0
418 227 0 0
417 227 0 0
416 227 0 0
344 227 0 1
343 227 0 1
342 227 0 1
341 227 0 1
340 227 0 1
339 227 0 1
189 227 0 1
188 227 0 1
187 227 0 1
186 227 0 1
185 227 0 1
184 227 0 1
419 226 0 0
418 226 0 0
417 226 0 0
416 226 0 0
345 226 0 1
344 226 0 1
343 226 0 1
342 226 0 1
341 226 0 1
340 226 0 1
189 226 0 1
188 226 0 1
187 226 0 1
186 226 0 1
185 226 0 1
419 225 0 0
418 225 0 0
417 225 0 0
416 225 0 0
345 225 0 1
344 225 0 1
343 225 0 1
342 225 0 1
341 225 0 1
340 225 0 1
190 225 0 1
189 225 0 1
188 225 0 1
187 225 0 1
186 225 0 1
185 225 0 1
420 224 0 0
419 224 0 0
418 224 0 0
417 224 0 0
416 224 0 0
346 224 0 1
345 224 0 1
344 224 0 1
343 224 0 1
342 224 0 1
341 224 0 1
191 224 0 1
190 224 0 1
189 224 0 1
188 224 0 1
187 224 0 1
186 224 0 1
185 224 0 1
420 223 0 0
419 223 0 0
418 223 0 0
417 223 0 0
416 223 0 0
346 223 0 1
345 223 0 1
344 223 0 1
343 223 0 1
342 223 0 1
341 223 0 1
191 223 0 1
190 223 0 1
189 223 0 1
188 223 0 1
187 223 0 1
186 223 0 1
420 222 0 0
419 222 0 0
418 222 0 0
417 222 0 0
416 222 0 0
347 222 0 1
346 222 0 1
345 222 0 1
344 222 0 1
343 222 0 1
342 222 0 1
192 222 0 1
191 222 0 1
190 222 0 1
189 222 0 1
188 222 0 1
187 222 0 1
421 221 0 0
420 221 0 0
419 221 0 0
418 221 0 0
417 221 0 0
416 221 0 0
347 221 0 1
346 221 0 1
345 221 0 1
344 221 0 1
343 221 0 1
342 221 0 1
193 221 0 1
192 221 0 1
191 221 0 1
190 221 0 1
189 221 0 1
188 221 0 1
187 221 0 1
421 220 0 0
420 220 0 0
419 220 0 0
418 220 0 0
417 220 0 0
416 220 0 0
347 220 0 1
346 220 0 1
345 220 0 1
344 220 0 1
343 220 0 1
193 220 0 1
192 220 0 1
191 220 0 1
190 220 0 1
189 220 0 1
188 220 0 1
421 219 0 0
420 219 0 0
419 219 0 0
418 219 0 0
417 219 0 0
348 219 0 1
347 219 0 1
346 219 0 1
345 219 0 1
344 219 0 1
343 219 0 1
193 219 0 1
192 219 0 1
191 219 0 1
190 219 0 1
189 219 0 1
421 218 0 0
420 218 0 0
419 218 0 0
418 218 0 0
417 218 0 0
348 218 0 1
347 218 0 1
346 218 0 1
345 218 0 1
344 218 0 1
343 218 0 1
194 218 0 1
193 218 0 1
192 218 0 1
191 218 0 1
190 218 0 1
189 218 0 1
422 217 0 0
421 217 0 0
420 217 0 0
419 217 0 0
418 217 0 0
417 217 0 0
348 217 0 1
347 217 0 1
346 217 0 1
345 217 0 1
344 217 0 1
194 217 0 1
193 217 0 1
192 217 0 1
191 217 0 1
190 217 0 1
423 216 0 0
422 216 0 0
421 216 0 0
420 216 0 0
419 216 0 0
418 216 0 0
417 216 0 0
349 216 0 1
348 216 0 1
347 216 0 1
346 216 0 1
345 216 0 1
344 216 0 1
195 216 0 1
194 216 0 1
193 216 0 1
192 216 0 1
191 216 0 1
190 216 0 1
424 215 0 0
423 215 0 0
422 215 0 0
421 215 0 0
420 215 0 0
419 215 0 0
418 215 0 0
350 215 0 1
349 215 0 1
348 215 0 1
347 215 0 1
346 215 0 1
345 215 0 1
344 215 0 1
195 215 0 1
194 215 0 1
193 215 0 1
192 215 0 1
191 215 0 1
190 215 0 1
424 214 0 0
423 214 0 0
422 214 0 0
421 214 0 0
420 214 0 0
419 214 0 0
350 214 0 1
349 214 0 1
348 214 0 1
347 214 0 1
346 214 0 1
345 214 0 1
195 214 0 1
194 214 0 1
193 214 0 1
192 214 0 1
191 214 0 1
424 213 0 0
423 213 0 0
422 213 0 0
421 213 0 0
420 213 0 0
351 213 0 1
350 213 0 1
349 213 0 1
348 213 0 1
347 213 0 1
346 213 0 1
196 213 0 1
195 213 0 1
194 213 0 1
193 213 0 1
192 213 0 1
191 213 0 1
425 212 0 0
424 212 0 0
423 212 0 0
422 212 0 0
421 212 0 0
420 212 0 0
352 212 0 1
351 212 0 1
350 212 0 1
349 212 0 1
348 212 0 1
347 212 0 1
346 212 0 1
196 212 0 1
195 212 0 1
194 212 0 1
193 212 0 1
192 212 0 1
191 212 0 1
144 212 0 0
143 212 0 0
142 212 0 0
141 212 0 0
140 212 0 0
425 211 0 0
424 211 0 0
423 211 0 0
422 211 0 0
421 211 0 0
420 211 0 0
352 211 0 1
351 211 0 1
350 211 0 1
349 211 0 1
348 211 0 1
347 211 0 1
196 211 0 1
195 211 0 1
194 211 0 1
193 211 0 1
192 211 0 1
144 211 0 0
143 211 0 0
142 211 0 0
141 211 0 0
140 211 0 0
427 210 0 0
426 210 0 0
425 210 0 0
424 210 0 0
423 210 0 0
422 210 0 0
421 210 0 0
352 210 0 1
351 210 0 1
350 210 0 1
349 210 0 1
348 210 0 1
197 210 0 1
196 210 0 1
195 210 0 1
194 210 0 1
193 210 0 1
192 210 0 1
144 210 0 0
143 210 0 0
142 210 0 0
141 210 0 0
140 210 0 0
428 209 0 0
427 209 0 0
426 209 0 0
425 209 0 0
424 209 0 0
423 209 0 0
422 209 0 0
421 209 0 0
353 209 0 1
352 209 0 1
351 209 0 1
350 209 0 1
349 209 0 1
348 209 0 1
197 209 0 1
196 209 0 1
195 209 0 1
194 209 0 1
193 209 0 1
192 209 0 1
144 209 0 0
143 209 0 0
142 209 0 0
141 209 0 0
140 209 0 0
139 209 0 0
138 209 0 0
429 208 0 0
428 208 0 0
427 208 0 0
426 208 0 0
425 208 0 0
424 208 0 0
423 208 0 0
422 208 0 0
353 208 0 1
352 208 0 1
351 208 0 1
350 208 0 1
349 208 0 1
197 208 0 1
196 208 0 1
195 208 0 1
194 208 0 1
193 208 0 1
143 208 0 0
142 208 0 0
141 208 0 0
140 208 0 0
139 208 0 0
138 208 0 0
137 208 0 0
429 207 0 0
428 207 0 0
427 207 0 0
426 207 0 0
425 207 0 0
424 207 0 0
423 207 0 0
354 207 0 1
353 207 0 1
352 207 0 1
351 207 0 1
350 207 0 1
349 207 0 1
198 207 0 1
197 207 0 1
196 207 0 1
195 207 0 1
194 207 0 1
193 207 0 1
143 207 0 0
142 207 0 0
141 207 0 0
140 207 0 0
139 207 0 0
138 207 0 0
137 207 0 0
136 207 0 0
430 206 0 0
429 206 0 0
428 206 0 0
427 206 0 0
426 206 0 0
425 206 0 0
424 206 0 0
355 206 0 1
354 206 0 1
353 206 0 1
352 206 0 1
351 206 0 1
350 206 0 1
349 206 0 1
198 206 0 1
197 206 0 1
196 206 0 1
195 206 0 1
194 206 0 1
193 206 0 1
142 206 0 0
141 206 0 0
140 206 0 0
139 206 0 0
138 206 0 0
137 206 0 0
136 206 0 0
430 205 0 0
429 205 0 0
428 205 0 0
427 205 0 0
426 205 0 0
425 205 0 0
355 205 0 1
354 205 0 1
353 205 0 1
352 205 0 1
351 205 0 1
350 205 0 1
199 205 0 1
198 205 0 1
197 205 0 1
196 205 0 1
195 205 0 1
194 205 0 1
140 205 0 0
139 205 0 0
138 205 0 0
137 205 0 0
136 205 0 0
135 205 0 0
430 204 0 0
429 204 0 0
428 204 0 0
427 204 0 0
426 204 0 0
356 204 0 1
355 204 0 1
354 204 0 1
353 204 0 1
352 204 0 1
351 204 0 1
200 204 0 1
199 204 0 1
198 204 0 1
197 204 0 1
196 204 0 1
195 204 0 1
140 204 0 0
139 204 0 0
138 204 0 0
137 204 0 0
136 204 0 0
135 204 0 0
134 204 0 0
431 203 0 0
430 203 0 0
429 203 0 0
428 203 0 0
427 203 0 0
426 203 0 0
358 203 0 1
357 203 0 1
356 203 0 1
355 203 0 1
354 203 0 1
353 203 0 1
352 203 0 1
351 203 0 1
200 203 0 1
199 203 0 1
198 203 0 1
197 203 0 1
196 203 0 1
195 203 0 1
139 203 0 0
138 203 0 0
137 203 0 0
136 203 0 0
135 203 0 0
134 203 0 0
431 202 0 0
430 202 0 0
429 202 0 0
428 202 0 0
427 202 0 0
426 202 0 0
359 202 0 1
358 202 0 1
357 202 0 1
356 202 0 1
355 202 0 1
354 202 0 1
353 202 0 1
352 202 0 1
201 202 0 1
200 202 0 1
199 202 0 1
198 202 0 1
197 202 0 1
196 202 0 1
139 202 0 0
138 202 0 0
137 202 0 0
136 202 0 0
135 202 0 0
134 202 0 0
133 202 0 0
431 201 0 0
430 201 0 0
429 201 0 0
428 201 0 0
427 201 0 0
360 201 0 1
359 201 0 1
358 201 0 1
357 201 0 1
356 201 0 1
355 201 0 1
354 201 0 1
353 201 0 1
202 201 0 1
201 201 0 1
200 201 0 1
199 201 0 1
198 201 0 1
197 201 0 1
138 201 0 0
137 201 0 0
136 201 0 0
135 201 0 0
134 201 0 0
133 201 0 0
432 200 0 0
431 200 0 0
430 200 0 0
429 200 0 0
428 200 0 0
427 200 0 0
361 200 0 1
360 200 0 1
359 200 0 1
358 200 0 1
357 200 0 1
356 200 0 1
355 200 0 1
354 200 0 1
202 200 0 1
201 200 0 1
200 200 0 1
199 200 0 1
198 200 0 1
197 200 0 1
137 200 0 0
136 200 0 0
135 200 0 0
134 200 0 0
133 200 0 0
132 200 0 0
432 199 0 0
431 199 0 0
430 199 0 0
429 199 0 0
428 199 0 0
427 199 0 0
361 199 0 1
360 199 0 1
359 199 0 1
358 199 0 1
357 199 0 1
356 199 0 1
355 199 0 1
202 199 0 1
201 199 0 1
200 199 0 1
199 199 0 1
198 199 0 1
137 199 0 0
136 199 0 0
135 199 0 0
134 199 0 0
133 199 0 0
132 199 0 0
131 199 0 0
432 198 0 0
431 198 0 0
430 198 0 0
429 198 0 0
428 198 0 0
361 198 0 1
360 198 0 1
359 198 0 1
358 198 0 1
357 198 0 1
202 198 0 1
201 198 0 1
200 198 0 1
199 198 0 1
198 198 0 1
136 198 0 0
135 198 0 0
134 198 0 0
133 198 0 0
132 198 0 0
131 198 0 0
130 198 0 0
433 197 0 0
432 197 0 0
431 197 0 0
430 197 0 0
429 197 0 0
428 197 0 0
363 197 0 1
362 197 0 1
361 197 0 1
360 197 0 1
359 197 0 1
358 197 0 1
357 197 0 1
203 197 0 1
202 197 0 1
201 197 0 1
200 197 0 1
199 197 0 1
198 197 0 1
135 197 0 0
134 197 0 0
133 197 0 0
132 197 0 0
131 197 0 0
130 197 0 0
129 197 0 0
433 196 0 0
432 196 0 0
431 196 0 0
430 196 0 0
429 196 0 0
428 196 0 0
364 196 0 1
363 196 0 1
362 196 0 1
361 196 0 1
360 196 0 1
359 196 0 1
358 196 0 1
357 196 0 1
203 196 0 1
202 196 0 1
201 196 0 1
200 196 0 1
199 196 0 1
134 196 0 0
133 196 0 0
132 196 0 0
131 196 0 0
130 196 0 0
129 196 0 0
128 196 0 0
434 195 0 0
433 195 0 0
432 195 0 0
431 195 0 0
430 195 0 0
429 195 0 0
365 195 0 1
364 195 0 1
363 195 0 1
362 195 0 1
361 195 0 1
360 195 0 1
359 195 0 1
358 195 0 1
204 195 0 1
203 195 0 1
202 195 0 1
201 195 0 1
200 195 0 1
199 195 0 1
133 195 0 0
132 195 0 0
131 195 0 0
130 195 0 0
129 195 0 0
128 195 0 0
435 194 0 0
434 194 0 0
433 194 0 0
432 194 0 0
431 194 0 0
430 194 0 0
366 194 0 1
365 194 0 1
364 194 0 1
363 194 0 1
362 194 0 1
361 194 0 1
360 194 0 1
359 194 0 1
204 194 0 1
203 194 0 1
202 194 0 1
201 194 0 1
200 194 0 1
199 194 0 1
132 194 0 0
131 194 0 0
130 194 0 0
129 194 0 0
128 194 0 0
127 194 0 0
436 193 0 0
435 193 0 0
434 193 0 0
433 193 0 0
432 193 0 0
431 193 0 0
430 193 0 0
367 193 0 1
366 193 0 1
365 193 0 1
364 193 0 1
363 193 0 1
362 193 0 1
361 193 0 1
204 193 0 1
203 193 0 1
202 193 0 1
201 193 0 1
200 193 0 1
131 193 0 0
130 193 0 0
129 193 0 0
128 193 0 0
127 193 0 0
436 192 0 0
435 192 0 0
434 192 0 0
433 192 0 0
432 192 0 0
431 192 0 0
368 192 0 1
367 192 0 1
366 192 0 1
365 192 0 1
364 192 0 1
363 192 0 1
362 192 0 1
204 192 0 1
203 192 0 1
202 192 0 1
201 192 0 1
200 192 0 1
131 192 0 0
130 192 0 0
129 192 0 0
128 192 0 0
127 192 0 0
126 192 0 0
437 191 0 0
436 191 0 0
435 191 0 0
434 191 0 0
433 191 0 0
432 191 0 0
369 191 0 1
368 191 0 1
367 191 0 1
366 191 0 1
365 191 0 1
364 191 0 1
363 191 0 1
204 191 0 1
203 191 0 1
202 191 0 1
201 191 0 1
200 191 0 1
131 191 0 0
130 191 0 0
129 191 0 0
128 191 0 0
127 191 0 0
126 191 0 0
438 190 0 0
437 190 0 0
436 190 0 0
435 190 0 0
434 190 0 0
433 190 0 0
432 190 0 0
370 190 0 1
369 190 0 1
368 190 0 1
367 190 0 1
366 190 0 1
365 190 0 1
364 190 0 1
205 190 0 1
204 190 0 1
203 190 0 1
202 190 0 1
201 190 0 1
130 190 0 0
129 190 0 0
128 190 0 0
127 190 0 0
126 190 0 0
125 190 0 0
438 189 0 0
437 189 0 0
436 189 0 0
435 189 0 0
434 189 0 0
433 189 0 0
371 189 0 1
370 189 0 1
369 189 0 1
368 189 0 1
367 189 0 1
366 189 0 1
365 189 0 1
205 189 0 1
204 189 0 1
203 189 0 1
202 189 0 1
201 189 0 1
130 189 0 0
129 189 0 0
128 189 0 0
127 189 0 0
126 189 0 0
125 189 0 0
439 188 0 0
438 188 0 0
437 188 0 0
436 188 0 0
435 188 0 0
434 188 0 0
371 188 0 1
370 188 0 1
369 188 0 1
368 188 0 1
367 188 0 1
366 188 0 1
205 188 0 1
204 188 0 1
203 188 0 1
202 188 0 1
201 188 0 1
129 188 0 0
128 188 0 0
127 188 0 0
126 188 0 0
125 188 0 0
124 188 0 0
439 187 0 0
438 187 0 0
437 187 0 0
436 187 0 0
435 187 0 0
434 187 0 0
372 187 0 1
371 187 0 1
370 187 0 1
369 187 0 1
368 187 0 1
367 187 0 1
205 187 0 1
204 187 0 1
203 187 0 1
202 187 0 1
201 187 0 1
128 187 0 0
127 187 0 0
126 187 0 0
125 187 0 0
124 187 0 0
440 186 0 0
439 186 0 0
438 186 0 0
437 186 0 0
436 186 0 0
435 186 0 0
373 186 0 1
372 186 0 1
371 186 0 1
370 186 0 1
369 186 0 1
368 186 0 1
206 186 0 1
205 186 0 1
204 186 0 1
203 186 0 1
202 186 0 1
201 186 0 1
128 186 0 0
127 186 0 0
126 186 0 0
125 186 0 0
124 186 0 0
440 185 0 0
439 185 0 0
438 185 0 0
437 185 0 0
436 185 0 0
435 185 0 0
374 185 0 1
373 185 0 1
372 185 0 1
371 185 0 1
370 185 0 1
369 185 0 1
368 185 0 1
207 185 0 1
206 185 0 1
205 185 0 1
204 185 0 1
203 185 0 1
202 185 0 1
201 185 0 1
128 185 0 0
127 185 0 0
126 185 0 0
125 185 0 0
124 185 0 0
123 185 0 0
441 184 0 0
440 184 0 0
439 184 0 0
438 184 0 0
437 184 0 0
436 184 0 0
374 184 0 1
373 184 0 1
372 184 0 1
371 184 0 1
370 184 0 1
369 184 0 1
208 184 0 1
207 184 0 1
206 184 0 1
205 184 0 1
204 184 0 1
203 184 0 1
202 184 0 1
128 184 0 0
127 184 0 0
126 184 0 0
125 184 0 0
124 184 0 0
123 184 0 0
442 183 0 0
441 183 0 0
440 183 0 0
439 183 0 0
438 183 0 0
437 183 0 0
375 183 0 1
374 183 0 1
373 183 0 1
372 183 0 1
371 183 0 1
370 183 0 1
208 183 0 1
207 183 0 1
206 183 0 1
205 183 0 1
204 183 0 1
203 183 0 1
127 183 0 0
126 183 0 0
125 183 0 0
124 183 0 0
123 183 0 0
442 182 0 0
441 182 0 0
440 182 0 0
439 182 0 0
438 182 0 0
437 182 0 0
375 182 0 1
374 182 0 1
373 182 0 1
372 182 0 1
371 182 0 1
370 182 0 1
208 182 0 1
207 182 0 1
206 182 0 1
205 182 0 1
204 182 0 1
127 182 0 0
126 182 0 0
125 182 0 0
124 182 0 0
123 182 0 0
443 181 0 0
442 181 0 0
441 181 0 0
440 181 0 0
439 181 0 0
438 181 0 0
376 181 0 1
375 181 0 1
374 181 0 1
373 181 0 1
372 181 0 1
371 181 0 1
208 181 0 1
207 181 0 1
206 181 0 1
205 181 0 1
204 181 0 1
127 181 0 0
126 181 0 0
125 181 0 0
124 181 0 0
123 181 0 0
443 180 0 0
442 180 0 0
441 180 0 0
440 180 0 0
439 180 0 0
438 180 0 0
377 180 0 1
376 180 0 1
375 180 0 1
374 180 0 1
373 180 0 1
372 180 0 1
371 180 0 1
209 180 0 1
208 180 0 1
207 180 0 1
206 180 0 1
205 180 0 1
204 180 0 1
127 180 0 0
126 180 0 0
125 180 0 0
124 180 0 0
123 180 0 0
122 180 0 0
444 179 0 0
443 179 0 0
442 179 0 0
441 179 0 0
440 179 0 0
439 179 0 0
378 179 0 1
377 179 0 1
376 179 0 1
375 179 0 1
374 179 0 1
373 179 0 1
372 179 0 1
210 179 0 1
209 179 0 1
208 179 0 1
207 179 0 1
206 179 0 1
205 179 0 1
204 179 0 1
127 179 0 0
126 179 0 0
125 179 0 0
124 179 0 0
123 179 0 0
122 179 0 0
444 178 0 0
443 178 0 0
442 178 0 0
441 178 0 0
440 178 0 0
439 178 0 0
378 178 0 1
377 178 0 1
376 178 0 1
375 178 0 1
374 178 0 1
373 178 0 1
211 178 0 1
210 178 0 1
209 178 0 1
208 178 0 1
207 178 0 1
206 178 0 1
205 178 0 1
126 178 0 0
125 178 0 0
124 178 0 0
123 178 0 0
122 178 0 0
444 177 0 0
443 177 0 0
442 177 0 0
441 177 0 0
440 177 0 0
378 177 0 1
377 177 0 1
376 177 0 1
375 177 0 1
374 177 0 1
211 177 0 1
210 177 0 1
209 177 0 1
208 177 0 1
207 177 0 1
206 177 0 1
126 177 0 0
125 177 0 0
124 177 0 0
123 177 0 0
122 177 0 0
445 176 0 0
444 176 0 0
443 176 0 0
442 176 0 0
441 176 0 0
440 176 0 0
378 176 0 1
377 176 0 1
376 176 0 1
375 176 0 1
374 176 0 1
212 176 0 1
211 176 0 1
210 176 0 1
209 176 0 1
208 176 0 1
207 176 0 1
126 176 0 0
125 176 0 0
124 176 0 0
123 176 0 0
122 176 0 0
445 175 0 0
444 175 0 0
443 175 0 0
442 175 0 0
441 175 0 0
440 175 0 0
379 175 0 1
378 175 0 1
377 175 0 1
376 175 0 1
375 175 0 1
374 175 0 1
212 175 0 1
211 175 0 1
210 175 0 1
209 175 0 1
208 175 0 1
207 175 0 1
126 175 0 0
125 175 0 0
124 175 0 0
123 175 0 0
122 175 0 0
121 175 0 0
445 174 0 0
444 174 0 0
443 174 0 0
442 174 0 0
441 174 0 0
379 174 0 1
378 174 0 1
377 174 0 1
376 174 0 1
375 174 0 1
374 174 0 1
212 174 0 1
211 174 0 1
210 174 0 1
209 174 0 1
208 174 0 1
126 174 0 0
125 174 0 0
124 174 0 0
123 174 0 0
122 174 0 0
121 174 0 0
446 173 0 0
445 173 0 0
444 173 0 0
443 173 0 0
442 173 0 0
441 173 0 0
379 173 0 1
378 173 0 1
377 173 0 1
376 173 0 1
375 173 0 1
212 173 0 1
211 173 0 1
210 173 0 1
209 173 0 1
208 173 0 1
125 173 0 0
124 173 0 0
123 173 0 0
122 173 0 0
121 173 0 0
446 172 0 0
445 172 0 0
444 172 0 0
443 172 0 0
442 172 0 0
441 172 0 0
379 172 0 1
378 172 0 1
377 172 0 1
376 172 0 1
375 172 0 1
213 172 0 1
212 172 0 1
211 172 0 1
210 172 0 1
209 172 0 1
125 172 0 0
124 172 0 0
123 172 0 0
122 172 0 0
121 172 0 0
446 171 0 0
445 171 0 0
444 171 0 0
443 171 0 0
442 171 0 0
380 171 0 1
379 171 0 1
378 171 0 1
377 171 0 1
376 171 0 1
375 171 0 1
213 171 0 1
212 171 0 1
211 171 0 1
210 171 0 1
209 171 0 1
125 171 0 0
124 171 0 0
123 171 0 0
122 171 0 0
121 171 0 0
120 171 0 0
446 170 0 0
445 170 0 0
444 170 0 0
443 170 0 0
442 170 0 0
380 170 0 1
379 170 0 1
378 170 0 1
377 170 0 1
376 170 0 1
375 170 0 1
214 170 0 1
213 170 0 1
212 170 0 1
211 170 0 1
210 170 0 1
209 170 0 1
125 170 0 0
124 170 0 0
123 170 0 0
122 170 0 0
121 170 0 0
120 170 0 0
446 169 0 0
445 169 0 0
444 169 0 0
443 169 0 0
442 169 0 0
380 169 0 1
379 169 0 1
378 169 0 1
377 169 0 1
376 169 0 1
214 169 0 1
213 169 0 1
212 169 0 1
211 169 0 1
210 169 0 1
209 169 0 1
124 169 0 0
123 169 0 0
122 169 0 0
121 169 0 0
120 169 0 0
446 168 0 0
445 168 0 0
444 168 0 0
443 168 0 0
442 168 0 0
380 168 0 1
379 168 0 1
378 168 0 1
377 168 0 1
376 168 0 1
214 168 0 1
213 168 0 1
212 168 0 1
211 168 0 1
210 168 0 1
124 168 0 0
123 168 0 0
122 168 0 0
121 168 0 0
120 168 0 0
446 167 0 0
445 167 0 0
444 167 0 0
443 167 0 0
442 167 0 0
381 167 0 1
380 167 0 1
379 167 0 1
378 167 0 1
377 167 0 1
376 167 0 1
214 167 0 1
213 167 0 1
212 167 0 1
211 167 0 1
210 167 0 1
124 167 0 0
123 167 0 0
122 167 0 0
121 167 0 0
120 167 0 0
119 167 0 0
446 166 0 0
445 166 0 0
444 166 0 0
443 166 0 0
381 166 0 1
380 166 0 1
379 166 0 1
378 166 0 1
377 166 0 1
376 166 0 1
214 166 0 1
213 166 0 1
212 166 0 1
211 166 0 1
210 166 0 1
124 166 0 0
123 166 0 0
122 166 0 0
121 166 0 0
120 166 0 0
119 166 0 0
446 165 0 0
445 165 0 0
444 165 0 0
443 165 0 0
381 165 0 1
380 165 0 1
379 165 0 1
378 165 0 1
377 165 0 1
215 165 0 1
214 165 0 1
213 165 0 1
212 165 0 1
211 165 0 1
210 165 0 1
123 165 0 0
122 165 0 0
121 165 0 0
120 165 0 0
119 165 0 0
118 165 0 0
446 164 0 0
445 164 0 0
444 164 0 0
443 164 0 0
381 164 0 1
380 164 0 1
379 164 0 1
378 164 0 1
377 164 0 1
215 164 0 1
214 164 0 1
213 164 0 1
212 164 0 1
211 164 0 1
210 164 0 1
122 164 0 0
121 164 0 0
120 164 0 0
119 164 0 0
118 164 0 0
117 164 0 0
446 163 0 0
445 163 0 0
444 163 0 0
443 163 0 0
381 163 0 1
380 163 0 1
379 163 0 1
378 163 0 1
377 163 0 1
215 163 0 1
214 163 0 1
213 163 0 1
212 163 0 1
211 163 0 1
122 163 0 0
121 163 0 0
120 163 0 0
119 163 0 0
118 163 0 0
117 163 0 0
446 162 0 0
445 162 0 0
444 162 0 0
443 162 0 0
381 162 0 1
380 162 0 1
379 162 0 1
378 162 0 1
377 162 0 1
215 162 0 1
214 162 0 1
213 162 0 1
212 162 0 1
211 162 0 1
121 162 0 0
120 162 0 0
119 162 0 0
118 162 0 0
117 162 0 0
446 161 0 0
445 161 0 0
444 161 0 0
443 161 0 0
381 161 0 1
380 161 0 1
379 161 0 1
378 161 0 1
377 161 0 1
216 161 0 1
215 161 0 1
214 161 0 1
213 161 0 1
212 161 0 1
211 161 0 1
121 161 0 0
120 161 0 0
119 161 0 0
118 161 0 0
117 161 0 0
446 160 0 0
445 160 0 0
444 160 0 0
443 160 0 0
381 160 0 1
380 160 0 1
379 160 0 1
378 160 0 1
216 160 0 1
215 160 0 1
214 160 0 1
213 160 0 1
212 160 0 1
211 160 0 1
172 160 0 1
171 160 0 1
170 160 0 1
169 160 0 1
168 160 0 1
167 160 0 1
166 160 0 1
165 160 0 1
164 160 0 1
163 160 0 1
162 160 0 1
161 160 0 1
160 160 0 1
159 160 0 1
121 160 0 0
120 160 0 0
119 160 0 0
118 160 0 0
117 160 0 0
116 160 0 0
446 159 0 0
445 159 0 0
444 159 0 0
443 159 0 0
381 159 0 1
380 159 0 1
379 159 0 1
378 159 0 1
216 159 0 1
215 159 0 1
214 159 0 1
213 159 0 1
212 159 0 1
173 159 0 1
172 159 0 1
171 159 0 1
170 159 0 1
169 159 0 1
168 159 0 1
167 159 0 1
166 159 0 1
165 159 0 1
164 159 0 1
163 159 0 1
162 159 0 1
161 159 0 1
160 159 0 1
159 159 0 1
158 159 0 1
121 159 0 0
120 159 0 0
119 159 0 0
118 159 0 0
117 159 0 0
116 159 0 0
446 158 0 0
445 158 0 0
444 158 0 0
443 158 0 0
381 158 0 1
380 158 0 1
379 158 0 1
378 158 0 1
216 158 0 1
215 158 0 1
214 158 0 1
213 158 0 1
212 158 0 1
174 158 0 1
173 158 0 1
172 158 0 1
171 158 0 1
170 158 0 1
169 158 0 1
168 158 0 1
167 158 0 1
166 158 0 1
165 158 0 1
164 158 0 1
163 158 0 1
162 158 0 1
161 158 0 1
160 158 0 1
159 158 0 1
158 158 0 1
157 158 0 1
120 158 0 0
119 158 0 0
118 158 0 0
117 158 0 0
116 158 0 0
446 157 0 0
445 157 0 0
444 157 0 0
443 157 0 0
381 157 0 1
380 157 0 1
379 157 0 1
378 157 0 1
217 157 0 1
216 157 0 1
215 157 0 1
214 157 0 1
213 157 0 1
212 157 0 1
175 157 0 1
174 157 0 1
173 157 0 1
172 157 0 1
171 157 0 1
170 157 0 1
169 157 0 1
168 157 0 1
167 157 0 1
166 157 0 1
165 157 0 1
164 157 0 1
163 157 0 1
162 157 0 1
161 157 0 1
160 157 0 1
159 157 0 1
158 157 0 1
157 157 0 1
156 157 0 1
120 157 0 0
119 157 0 0
118 157 0 0
117 157 0 0
116 157 0 0
446 156 0 0
445 156 0 0
444 156 0 0
443 156 0 0
381 156 0 1
380 156 0 1
379 156 0 1
378 156 0 1
217 156 0 1
216 156 0 1
215 156 0 1
214 156 0 1
213 156 0 1
212 156 0 1
176 156 0 1
175 156 0 1
174 156 0 1
173 156 0 1
172 156 0 1
171 156 0 1
170 156 0 1
169 156 0 1
168 156 0 1
162 156 0 1
161 156 0 1
160 156 0 1
159 156 0 1
158 156 0 1
157 156 0 1
156 156 0 1
120 156 0 0
119 156 0 0
118 156 0 0
117 156 0 0
116 156 0 0
446 155 0 0
445 155 0 0
444 155 0 0
443 155 0 0
381 155 0 1
380 155 0 1
379 155 0 1
378 155 0 1
218 155 0 1
217 155 0 1
216 155 0 1
215 155 0 1
214 155 0 1
213 155 0 1
178 155 0 1
177 155 0 1
176 155 0 1
175 155 0 1
174 155 0 1
173 155 0 1
172 155 0 1
171 155 0 1
161 155 0 1
160 155 0 1
159 155 0 1
158 155 0 1
157 155 0 1
156 155 0 1
155 155 0 1
119 155 0 0
118 155 0 0
117 155 0 0
116 155 0 0
115 155 0 0
446 154 0 0
445 154 0 0
444 154 0 0
443 154 0 0
381 154 0 1
380 154 0 1
379 154 0 1
378 154 0 1
218 154 0 1
217 154 0 1
216 154 0 1
215 154 0 1
214 154 0 1
213 154 0 1
179 154 0 1
178 154 0 1
177 154 0 1
176 154 0 1
175 154 0 1
174 154 0 1
173 154 0 1
172 154 0 1
160 154 0 1
159 154 0 1
158 154 0 1
157 154 0 1
156 154 0 1
155 154 0 1
119 154 0 0
118 154 0 0
117 154 0 0
116 154 0 0
115 154 0 0
446 153 0 0
445 153 0 0
444 153 0 0
443 153 0 0
381 153 0 1
380 153 0 1
379 153 0 1
378 153 0 1
221 153 0 1
220 153 0 1
219 153 0 1
218 153 0 1
217 153 0 1
216 153 0 1
215 153 0 1
214 153 0 1
181 153 0 1
180 153 0 1
179 153 0 1
178 153 0 1
177 153 0 1
176 153 0 1
175 153 0 1
174 153 0 1
173 153 0 1
159 153 0 1
158 153 0 1
157 153 0 1
156 153 0 1
155 153 0 1
154 153 0 1
119 153 0 0
118 153 0 0
117 153 0 0
116 153 0 0
115 153 0 0
446 152 0 0
445 152 0 0
444 152 0 0
443 152 0 0
381 152 0 1
380 152 0 1
379 152 0 1
378 152 0 1
377 152 0 1
223 152 0 1
222 152 0 1
221 152 0 1
220 152 0 1
219 152 0 1
218 152 0 1
217 152 0 1
216 152 0 1
215 152 0 1
214 152 0 1
183 152 0 1
182 152 0 1
181 152 0 1
180 152 0 1
179 152 0 1
178 152 0 1
177 152 0 1
176 152 0 1
175 152 0 1
174 152 0 1
159 152 0 1
158 152 0 1
157 152 0 1
156 152 0 1
155 152 0 1
154 152 0 1
119 152 0 0
118 152 0 0
117 152 0 0
116 152 0 0
115 152 0 0
446 151 0 0
445 151 0 0
444 151 0 0
443 151 0 0
381 151 0 1
380 151 0 1
379 151 0 1
378 151 0 1
377 151 0 1
376 151 0 1
224 151 0 1
223 151 0 1
222 151 0 1
221 151 0 1
220 151 0 1
219 151 0 1
218 151 0 1
217 151 0 1
216 151 0 1
215 151 0 1
189 151 0 1
188 151 0 1
187 151 0 1
186 151 0 1
185 151 0 1
184 151 0 1
183 151 0 1
182 151 0 1
181 151 0 1
180 151 0 1
179 151 0 1
178 151 0 1
177 151 0 1
176 151 0 1
175 151 0 1
158 151 0 1
157 151 0 1
156 151 0 1
155 151 0 1
154 151 0 1
119 151 0 0
118 151 0 0
117 151 0 0
116 151 0 0
115 151 0 0
446 150 0 0
445 150 0 0
444 150 0 0
443 150 0 0
381 150 0 1
380 150 0 1
379 150 0 1
378 150 0 1
377 150 0 1
376 150 0 1
375 150 0 1
227 150 0 1
226 150 0 1
225 150 0 1
224 150 0 1
223 150 0 1
222 150 0 1
221 150 0 1
220 150 0 1
219 150 0 1
218 150 0 1
217 150 0 1
216 150 0 1
199 150 0 1
198 150 0 1
197 150 0 1
196 150 0 1
195 150 0 1
194 150 0 1
193 150 0 1
192 150 0 1
191 150 0 1
190 150 0 1
189 150 0 1
188 150 0 1
187 150 0 1
186 150 0 1
185 150 0 1
184 150 0 1
183 150 0 1
182 150 0 1
181 150 0 1
180 150 0 1
179 150 0 1
178 150 0 1
177 150 0 1
176 150 0 1
157 150 0 1
156 150 0 1
155 150 0 1
154 150 0 1
153 150 0 1
119 150 0 0
118 150 0 0
117 150 0 0
116 150 0 0
115 150 0 0
446 149 0 0
445 149 0 0
444 149 0 0
443 149 0 0
380 149 0 1
379 149 0 1
378 149 0 1
377 149 0 1
376 149 0 1
375 149 0 1
374 149 0 1
232 149 0 1
231 149 0 1
230 149 0 1
229 149 0 1
228 149 0 1
227 149 0 1
226 149 0 1
225 149 0 1
224 149 0 1
223 149 0 1
222 149 0 1
221 149 0 1
220 149 0 1
219 149 0 1
218 149 0 1
217 149 0 1
216 149 0 1
199 149 0 1
198 149 0 1
197 149 0 1
196 149 0 1
195 149 0 1
194 149 0 1
193 149 0 1
192 149 0 1
191 149 0 1
190 149 0 1
189 149 0 1
188 149 0 1
187 149 0 1
186 149 0 1
185 149 0 1
184 149 0 1
183 149 0 1
182 149 0 1
181 149 0 1
180 149 0 1
179 149 0 1
178 149 0 1
177 149 0 1
157 149 0 1
156 149 0 1
155 149 0 1
154 149 0 1
153 149 0 1
118 149 0 0
117 149 0 0
116 149 0 0
115 149 0 0
446 148 0 0
445 148 0 0
444 148 0 0
443 148 0 0
379 148 0 1
378 148 0 1
377 148 0 1
376 148 0 1
375 148 0 1
374 148 0 1
373 148 0 1
237 148 0 1
236 148 0 1
235 148 0 1
234 148 0 1
233 148 0 1
232 148 0 1
231 148 0 1
230 148 0 1
229 148 0 1
228 148 0 1
227 148 0 1
226 148 0 1
225 148 0 1
224 148 0 1
223 148 0 1
222 148 0 1
221 148 0 1
199 148 0 1
198 148 0 1
197 148 0 1
196 148 0 1
195 148 0 1
194 148 0 1
193 148 0 1
192 148 0 1
191 148 0 1
190 148 0 1
189 148 0 1
188 148 0 1
187 148 0 1
186 148 0 1
185 148 0 1
184 148 0 1
183 148 0 1
182 148 0 1
181 148 0 1
157 148 0 1
156 148 0 1
155 148 0 1
154 148 0 1
153 148 0 1
118 148 0 0
117 148 0 0
116 148 0 0
115 148 0 0
114 148 0 0
446 147 0 0
445 147 0 0
444 147 0 0
443 147 0 0
378 147 0 1
377 147 0 1
376 147 0 1
375 147 0 1
374 147 0 1
373 147 0 1
372 147 0 1
241 147 0 1
240 147 0 1
239 147 0 1
238 147 0 1
237 147 0 1
236 147 0 1
235 147 0 1
234 147 0 1
233 147 0 1
232 147 0 1
231 147 0 1
230 147 0 1
229 147 0 1
228 147 0 1
227 147 0 1
226 147 0 1
225 147 0 1
224 147 0 1
223 147 0 1
222 147 0 1
221 147 0 1
199 147 0 1
198 147 0 1
197 147 0 1
196 147 0 1
195 147 0 1
194 147 0 1
193 147 0 1
192 147 0 1
191 147 0 1
190 147 0 1
189 147 0 1
188 147 0 1
187 147 0 1
186 147 0 1
185 147 0 1
156 147 0 1
155 147 0 1
154 147 0 1
153 147 0 1
118 147 0 0
117 147 0 0
116 147 0 0
115 147 0 0
114 147 0 0
446 146 0 0
445 146 0 0
444 146 0 0
443 146 0 0
377 146 0 1
376 146 0 1
375 146 0 1
374 146 0 1
373 146 0 1
372 146 0 1
258 146 0 1
257 146 0 1
256 146 0 1
255 146 0 1
254 146 0 1
253 146 0 1
252 146 0 1
251 146 0 1
250 146 0 1
249 146 0 1
248 146 0 1
247 146 0 1
246 146 0 1
245 146 0 1
244 146 0 1
243 146 0 1
242 146 0 1
241 146 0 1
240 146 0 1
239 146 0 1
238 146 0 1
237 146 0 1
236 146 0 1
235 146 0 1
234 146 0 1
233 146 0 1
232 146 0 1
231 146 0 1
230 146 0 1
229 146 0 1
228 146 0 1
227 146 0 1
226 146 0 1
225 146 0 1
224 146 0 1
223 146 0 1
156 146 0 1
155 146 0 1
154 146 0 1
153 146 0 1
118 146 0 0
117 146 0 0
116 146 0 0
115 146 0 0
114 146 0 0
446 145 0 0
445 145 0 0
444 145 0 0
443 145 0 0
376 145 0 1
375 145 0 1
374 145 0 1
373 145 0 1
372 145 0 1
371 145 0 1
261 145 0 1
260 145 0 1
259 145 0 1
258 145 0 1
257 145 0 1
256 145 0 1
255 145 0 1
254 145 0 1
253 145 0 1
252 145 0 1
251 145 0 1
250 145 0 1
249 145 0 1
248 145 0 1
247 145 0 1
246 145 0 1
245 145 0 1
244 145 0 1
243 145 0 1
242 145 0 1
241 145 0 1
240 145 0 1
239 145 0 1
238 145 0 1
237 145 0 1
236 145 0 1
235 145 0 1
234 145 0 1
233 145 0 1
232 145 0 1
231 145 0 1
230 145 0 1
229 145 0 1
228 145 0 1
227 145 0 1
156 145 0 1
155 145 0 1
154 145 0 1
153 145 0 1
118 145 0 0
117 145 0 0
116 145 0 0
115 145 0 0
114 145 0 0
446 144 0 0
445 144 0 0
444 144 0 0
443 144 0 0
375 144 0 1
374 144 0 1
373 144 0 1
372 144 0 1
371 144 0 1
370 144 0 1
264 144 0 1
263 144 0 1
262 144 0 1
261 144 0 1
260 144 0 1
259 144 0 1
258 144 0 1
257 144 0 1
256 144 0 1
255 144 0 1
254 144 0 1
253 144 0 1
252 144 0 1
251 144 0 1
250 144 0 1
249 144 0 1
248 144 0 1
247 144 0 1
246 144 0 1
245 144 0 1
244 144 0 1
243 144 0 1
242 144 0 1
241 144 0 1
240 144 0 1
239 144 0 1
238 144 0 1
237 144 0 1
236 144 0 1
235 144 0 1
234 144 0 1
233 144 0 1
232 144 0 1
231 144 0 1
156 144 0 1
155 144 0 1
154 144 0 1
153 144 0 1
118 144 0 0
117 144 0 0
116 144 0 0
115 144 0 0
114 144 0 0
446 143 0 0
445 143 0 0
444 143 0 0
443 143 0 0
375 143 0 1
374 143 0 1
373 143 0 1
372 143 0 1
371 143 0 1
370 143 0 1
369 143 0 1
272 143 0 1
271 143 0 1
270 143 0 1
269 143 0 1
268 143 0 1
267 143 0 1
266 143 0 1
265 143 0 1
264 143 0 1
263 143 0 1
262 143 0 1
261 143 0 1
260 143 0 1
259 143 0 1
258 143 0 1
257 143 0 1
256 143 0 1
255 143 0 1
254 143 0 1
253 143 0 1
252 143 0 1
251 143 0 1
250 143 0 1
249 143 0 1
248 143 0 1
247 143 0 1
246 143 0 1
245 143 0 1
244 143 0 1
243 143 0 1
242 143 0 1
241 143 0 1
240 143 0 1
239 143 0 1
238 143 0 1
237 143 0 1
236 143 0 1
156 143 0 1
155 143 0 1
154 143 0 1
153 143 0 1
117 143 0 0
116 143 0 0
115 143 0 0
114 143 0 0
446 142 0 0
445 142 0 0
444 142 0 0
443 142 0 0
374 142 0 1
373 142 0 1
372 142 0 1
371 142 0 1
370 142 0 1
369 142 0 1
368 142 0 1
367 142 0 1
276 142 0 1
275 142 0 1
274 142 0 1
273 142 0 1
272 142 0 1
271 142 0 1
270 142 0 1
269 142 0 1
268 142 0 1
267 142 0 1
266 142 0 1
265 142 0 1
264 142 0 1
263 142 0 1
262 142 0 1
261 142 0 1
260 142 0 1
259 142 0 1
258 142 0 1
257 142 0 1
256 142 0 1
255 142 0 1
254 142 0 1
253 142 0 1
156 142 0 1
155 142 0 1
154 142 0 1
153 142 0 1
117 142 0 0
116 142 0 0
115 142 0 0
114 142 0 0
446 141 0 0
445 141 0 0
444 141 0 0
443 141 0 0
373 141 0 1
372 141 0 1
371 141 0 1
370 141 0 1
369 141 0 1
368 141 0 1
367 141 0 1
366 141 0 1
280 141 0 1
279 141 0 1
278 141 0 1
277 141 0 1
276 141 0 1
275 141 0 1
274 141 0 1
273 141 0 1
272 141 0 1
271 141 0 1
270 141 0 1
269 141 0 1
268 141 0 1
267 141 0 1
266 141 0 1
265 141 0 1
264 141 0 1
263 141 0 1
262 141 0 1
261 141 0 1
260 141 0 1
259 141 0 1
258 141 0 1
257 141 0 1
156 141 0 1
155 141 0 1
154 141 0 1
153 141 0 1
117 141 0 0
116 141 0 0
115 141 0 0
114 141 0 0
446 140 0 0
445 140 0 0
444 140 0 0
443 140 0 0
372 140 0 1
371 140 0 1
370 140 0 1
369 140 0 1
368 140 0 1
367 140 0 1
366 140 0 1
365 140 0 1
364 140 0 1
281 140 0 1
280 140 0 1
279 140 0 1
278 140 0 1
277 140 0 1
276 140 0 1
275 140 0 1
274 140 0 1
273 140 0 1
272 140 0 1
271 140 0 1
270 140 0 1
269 140 0 1
268 140 0 1
267 140 0 1
266 140 0 1
265 140 0 1
264 140 0 1
263 140 0 1
262 140 0 1
261 140 0 1
260 140 0 1
156 140 0 1
155 140 0 1
154 140 0 1
153 140 0 1
117 140 0 0
116 140 0 0
115 140 0 0
114 140 0 0
371 139 0 1
370 139 0 1
369 139 0 1
368 139 0 1
367 139 0 1
366 139 0 1
365 139 0 1
364 139 0 1
363 139 0 1
362 139 0 1
283 139 0 1
282 139 0 1
281 139 0 1
280 139 0 1
279 139 0 1
278 139 0 1
277 139 0 1
276 139 0 1
275 139 0 1
274 139 0 1
273 139 0 1
272 139 0 1
271 139 0 1
270 139 0 1
269 139 0 1
268 139 0 1
267 139 0 1
156 139 0 1
155 139 0 1
154 139 0 1
153 139 0 1
117 139 0 0
116 139 0 0
115 139 0 0
114 139 0 0
370 138 0 1
369 138 0 1
368 138 0 1
367 138 0 1
366 138 0 1
365 138 0 1
364 138 0 1
363 138 0 1
362 138 0 1
361 138 0 1
360 138 0 1
284 138 0 1
283 138 0 1
282 138 0 1
281 138 0 1
280 138 0 1
279 138 0 1
278 138 0 1
277 138 0 1
276 138 0 1
275 138 0 1
274 138 0 1
273 138 0 1
272 138 0 1
271 138 0 1
156 138 0 1
155 138 0 1
154 138 0 1
153 138 0 1
117 138 0 0
116 138 0 0
115 138 0 0
114 138 0 0
368 137 0 1
367 137 0 1
366 137 0 1
365 137 0 1
364 137 0 1
363 137 0 1
362 137 0 1
361 137 0 1
360 137 0 1
359 137 0 1
358 137 0 1
285 137 0 1
284 137 0 1
283 137 0 1
282 137 0 1
281 137 0 1
280 137 0 1
279 137 0 1
278 137 0 1
277 137 0 1
276 137 0 1
275 137 0 1
156 137 0 1
155 137 0 1
154 137 0 1
153 137 0 1
117 137 0 0
116 137 0 0
115 137 0 0
114 137 0 0
367 136 0 1
366 136 0 1
365 136 0 1
364 136 0 1
363 136 0 1
362 136 0 1
361 136 0 1
360 136 0 1
359 136 0 1
358 136 0 1
357 136 0 1
356 136 0 1
286 136 0 1
285 136 0 1
284 136 0 1
283 136 0 1
282 136 0 1
281 136 0 1
280 136 0 1
279 136 0 1
156 136 0 1
155 136 0 1
154 136 0 1
153 136 0 1
117 136 0 0
116 136 0 0
115 136 0 0
114 136 0 0
365 135 0 1
364 135 0 1
363 135 0 1
362 135 0 1
361 135 0 1
360 135 0 1
359 135 0 1
358 135 0 1
357 135 0 1
356 135 0 1
355 135 0 1
354 135 0 1
353 135 0 1
288 135 0 1
287 135 0 1
286 135 0 1
285 135 0 1
284 135 0 1
283 135 0 1
282 135 0 1
281 135 0 1
280 135 0 1
156 135 0 1
155 135 0 1
154 135 0 1
153 135 0 1
117 135 0 0
116 135 0 0
115 135 0 0
114 135 0 0
363 134 0 1
362 134 0 1
361 134 0 1
360 134 0 1
359 134 0 1
358 134 0 1
357 134 0 1
356 134 0 1
355 134 0 1
354 134 0 1
353 134 0 1
352 134 0 1
351 134 0 1
350 134 0 1
290 134 0 1
289 134 0 1
288 134 0 1
287 134 0 1
286 134 0 1
285 134 0 1
284 134 0 1
283 134 0 1
282 134 0 1
281 134 0 1
156 134 0 1
155 134 0 1
154 134 0 1
153 134 0 1
117 134 0 0
116 134 0 0
115 134 0 0
114 134 0 0
361 133 0 1
360 133 0 1
359 133 0 1
358 133 0 1
357 133 0 1
356 133 0 1
355 133 0 1
354 133 0 1
353 133 0 1
352 133 0 1
351 133 0 1
350 133 0 1
349 133 0 1
348 133 0 1
347 133 0 1
292 133 0 1
291 133 0 1
290 133 0 1
289 133 0 1
288 133 0 1
287 133 0 1
286 133 0 1
285 133 0 1
284 133 0 1
283 133 0 1
282 133 0 1
156 133 0 1
155 133 0 1
154 133 0 1
153 133 0 1
117 133 0 0
116 133 0 0
115 133 0 0
114 133 0 0
359 132 0 1
358 132 0 1
357 132 0 1
356 132 0 1
355 132 0 1
354 132 0 1
353 132 0 1
352 132 0 1
351 132 0 1
350 132 0 1
349 132 0 1
348 132 0 1
347 132 0 1
346 132 0 1
345 132 0 1
344 132 0 1
294 132 0 1
293 132 0 1
292 132 0 1
291 132 0 1
290 132 0 1
289 132 0 1
288 132 0 1
287 132 0 1
286 132 0 1
285 132 0 1
284 132 0 1
156 132 0 1
155 132 0 1
154 132 0 1
153 132 0 1
117 132 0 0
116 132 0 0
115 132 0 0
114 132 0 0
113 132 0 0
356 131 0 1
355 131 0 1
354 131 0 1
353 131 0 1
352 131 0 1
351 131 0 1
350 131 0 1
349 131 0 1
348 131 0 1
347 131 0 1
346 131 0 1
345 131 0 1
344 131 0 1
343 131 0 1
342 131 0 1
341 131 0 1
340 131 0 1
296 131 0 1
295 131 0 1
294 131 0 1
293 131 0 1
292 131 0 1
291 131 0 1
290 131 0 1
289 131 0 1
288 131 0 1
287 131 0 1
286 131 0 1
285 131 0 1
156 131 0 1
155 131 0 1
154 131 0 1
153 131 0 1
117 131 0 0
116 131 0 0
115 131 0 0
114 131 0 0
113 131 0 0
353 130 0 1
352 130 0 1
351 130 0 1
350 130 0 1
349 130 0 1
348 130 0 1
347 130 0 1
346 130 0 1
345 130 0 1
344 130 0 1
343 130 0 1
342 130 0 1
341 130 0 1
340 130 0 1
339 130 0 1
338 130 0 1
337 130 0 1
336 130 0 1
297 130 0 1
296 130 0 1
295 130 0 1
294 130 0 1
293 130 0 1
292 130 0 1
291 130 0 1
290 130 0 1
289 130 0 1
288 130 0 1
287 130 0 1
156 130 0 1
155 130 0 1
154 130 0 1
153 130 0 1
117 130 0 0
116 130 0 0
115 130 0 0
114 130 0 0
113 130 0 0
351 129 0 1
350 129 0 1
349 129 0 1
348 129 0 1
347 129 0 1
346 129 0 1
345 129 0 1
344 129 0 1
343 129 0 1
342 129 0 1
341 129 0 1
340 129 0 1
339 129 0 1
338 129 0 1
337 129 0 1
336 129 0 1
335 129 0 1
334 129 0 1
333 129 0 1
332 129 0 1
300 129 0 1
299 129 0 1
298 129 0 1
297 129 0 1
296 129 0 1
295 129 0 1
294 129 0 1
293 129 0 1
292 129 0 1
291 129 0 1
290 129 0 1
289 129 0 1
156 129 0 1
155 129 0 1
154 129 0 1
153 129 0 1
117 129 0 0
116 129 0 0
115 129 0 0
114 129 0 0
113 129 0 0
347 128 0 1
346 128 0 1
345 128 0 1
344 128 0 1
343 128 0 1
342 128 0 1
341 128 0 1
340 128 0 1
339 128 0 1
338 128 0 1
337 128 0 1
336 128 0 1
335 128 0 1
334 128 0 1
333 128 0 1
332 128 0 1
331 128 0 1
330 128 0 1
329 128 0 1
328 128 0 1
327 128 0 1
326 128 0 1
325 128 0 1
302 128 0 1
301 128 0 1
300 128 0 1
299 128 0 1
298 128 0 1
297 128 0 1
296 128 0 1
295 128 0 1
294 128 0 1
293 128 0 1
292 128 0 1
291 128 0 1
156 128 0 1
155 128 0 1
154 128 0 1
153 128 0 1
117 128 0 0
116 128 0 0
115 128 0 0
114 128 0 0
113 128 0 0
344 127 0 1
343 127 0 1
342 127 0 1
341 127 0 1
340 127 0 1
339 127 0 1
338 127 0 1
337 127 0 1
336 127 0 1
335 127 0 1
334 127 0 1
333 127 0 1
332 127 0 1
331 127 0 1
330 127 0 1
329 127 0 1
328 127 0 1
327 127 0 1
326 127 0 1
325 127 0 1
324 127 0 1
323 127 0 1
322 127 0 1
321 127 0 1
320 127 0 1
319 127 0 1
318 127 0 1
317 127 0 1
304 127 0 1
303 127 0 1
302 127 0 1
301 127 0 1
300 127 0 1
299 127 0 1
298 127 0 1
297 127 0 1
296 127 0 1
295 127 0 1
294 127 0 1
156 127 0 1
155 127 0 1
154 127 0 1
153 127 0 1
117 127 0 0
116 127 0 0
115 127 0 0
114 127 0 0
113 127 0 0
341 126 0 1
340 126 0 1
339 126 0 1
338 126 0 1
337 126 0 1
336 126 0 1
335 126 0 1
334 126 0 1
333 126 0 1
332 126 0 1
331 126 0 1
330 126 0 1
329 126 0 1
328 126 0 1
327 126 0 1
326 126 0 1
325 126 0 1
324 126 0 1
323 126 0 1
322 126 0 1
321 126 0 1
320 126 0 1
319 126 0 1
318 126 0 1
317 126 0 1
316 126 0 1
315 126 0 1
314 126 0 1
313 126 0 1
312 126 0 1
311 126 0 1
310 126 0 1
309 126 0 1
308 126 0 1
307 126 0 1
306 126 0 1
305 126 0 1
304 126 0 1
303 126 0 1
302 126 0 1
301 126 0 1
300 126 0 1
299 126 0 1
298 126 0 1
297 126 0 1
296 126 0 1
295 126 0 1
156 126 0 1
155 126 0 1
154 126 0 1
153 126 0 1
117 126 0 0
116 126 0 0
115 126 0 0
114 126 0 0
113 126 0 0
337 125 0 1
336 125 0 1
335 125 0 1
334 125 0 1
333 125 0 1
332 125 0 1
331 125 0 1
330 125 0 1
329 125 0 1
328 125 0 1
327 125 0 1
326 125 0 1
325 125 0 1
324 125 0 1
323 125 0 1
322 125 0 1
321 125 0 1
320 125 0 1
319 125 0 1
318 125 0 1
317 125 0 1
316 125 0 1
315 125 0 1
314 125 0 1
313 125 0 1
312 125 0 1
311 125 0 1
310 125 0 1
309 125 0 1
308 125 0 1
307 125 0 1
306 125 0 1
305 125 0 1
304 125 0 1
303 125 0 1
302 125 0 1
301 125 0 1
300 125 0 1
299 125 0 1
298 125 0 1
297 125 0 1
296 125 0 1
156 125 0 1
155 125 0 1
154 125 0 1
153 125 0 1
116 125 0 0
115 125 0 0
114 125 0 0
113 125 0 0
332 124 0 1
331 124 0 1
330 124 0 1
329 124 0 1
328 124 0 1
327 124 0 1
326 124 0 1
325 124 0 1
324 124 0 1
323 124 0 1
322 124 0 1
321 124 0 1
320 124 0 1
319 124 0 1
318 124 0 1
317 124 0 1
316 124 0 1
315 124 0 1
314 124 0 1
313 124 0 1
312 124 0 1
311 124 0 1
310 124 0 1
309 124 0 1
308 124 0 1
307 124 0 1
306 124 0 1
305 124 0 1
304 124 0 1
303 124 0 1
302 124 0 1
301 124 0 1
300 124 0 1
299 124 0 1
156 124 0 1
155 124 0 1
154 124 0 1
153 124 0 1
116 124 0 0
115 124 0 0
114 124 0 0
113 124 0 0
324 123 0 1
323 123 0 1
322 123 0 1
321 123 0 1
320 123 0 1
319 123 0 1
318 123 0 1
317 123 0 1
316 123 0 1
315 123 0 1
314 123 0 1
313 123 0 1
312 123 0 1
311 123 0 1
310 123 0 1
309 123 0 1
308 123 0 1
307 123 0 1
306 123 0 1
305 123 0 1
304 123 0 1
303 123 0 1
302 123 0 1
301 123 0 1
156 123 0 1
155 123 0 1
154 123 0 1
153 123 0 1
116 123 0 0
115 123 0 0
114 123 0 0
113 123 0 0
156 122 0 1
155 122 0 1
154 122 0 1
153 122 0 1
116 122 0 0
115 122 0 0
114 122 0 0
113 122 0 0
156 121 0 1
155 121 0 1
154 121 0 1
153 121 0 1
116 121 0 0
115 121 0 0
114 121 0 0
113 121 0 0
157 120 0 1
156 120 0 1
155 120 0 1
154 120 0 1
153 120 0 1
116 120 0 0
115 120 0 0
114 120 0 0
113 120 0 0
157 119 0 1
156 119 0 1
155 119 0 1
154 119 0 1
153 119 0 1
116 119 0 0
115 119 0 0
114 119 0 0
113 119 0 0
157 118 0 1
156 118 0 1
155 118 0 1
154 118 0 1
153 118 0 1
116 118 0 0
115 118 0 0
114 118 0 0
113 118 0 0
157 117 0 1
156 117 0 1
155 117 0 1
154 117 0 1
116 117 0 0
115 117 0 0
114 117 0 0
113 117 0 0
157 116 0 1
156 116 0 1
155 116 0 1
154 116 0 1
116 116 0 0
115 116 0 0
114 116 0 0
113 116 0 0
158 115 0 1
157 115 0 1
156 115 0 1
155 115 0 1
154 115 0 1
116 115 0 0
115 115 0 0
114 115 0 0
113 115 0 0
158 114 0 1
157 114 0 1
156 114 0 1
155 114 0 1
154 114 0 1
116 114 0 0
115 114 0 0
114 114 0 0
113 114 0 0
158 113 0 1
157 113 0 1
156 113 0 1
155 113 0 1
154 113 0 1
116 113 0 0
115 113 0 0
114 113 0 0
113 113 0 0
158 112 0 1
157 112 0 1
156 112 0 1
155 112 0 1
154 112 0 1
116 112 0 0
115 112 0 0
114 112 0 0
113 112 0 0
158 111 0 1
157 111 0 1
156 111 0 1
155 111 0 1
116 111 0 0
115 111 0 0
114 111 0 0
113 111 0 0
158 110 0 1
157 110 0 1
156 110 0 1
155 110 0 1
116 110 0 0
115 110 0 0
114 110 0 0
113 110 0 0
159 109 0 1
158 109 0 1
157 109 0 1
156 109 0 1
155 109 0 1
116 109 0 0
115 109 0 0
114 109 0 0
113 109 0 0
160 108 0 1
159 108 0 1
158 108 0 1
157 108 0 1
156 108 0 1
155 108 0 1
116 108 0 0
115 108 0 0
114 108 0 0
113 108 0 0
160 107 0 1
159 107 0 1
158 107 0 1
157 107 0 1
156 107 0 1
155 107 0 1
116 107 0 0
115 107 0 0
114 107 0 0
113 107 0 0
161 106 0 1
160 106 0 1
159 106 0 1
158 106 0 1
157 106 0 1
156 106 0 1
116 106 0 0
115 106 0 0
114 106 0 0
113 106 0 0
161 105 0 1
160 105 0 1
159 105 0 1
158 105 0 1
157 105 0 1
156 105 0 1
116 105 0 0
115 105 0 0
114 105 0 0
113 105 0 0
163 104 0 1
162 104 0 1
161 104 0 1
160 104 0 1
159 104 0 1
158 104 0 1
157 104 0 1
116 104 0 0
115 104 0 0
114 104 0 0
113 104 0 0
164 103 0 1
163 103 0 1
162 103 0 1
161 103 0 1
160 103 0 1
159 103 0 1
158 103 0 1
157 103 0 1
116 103 0 0
115 103 0 0
114 103 0 0
113 103 0 0
164 102 0 1
163 102 0 1
162 102 0 1
161 102 0 1
160 102 0 1
159 102 0 1
158 102 0 1
116 102 0 0
115 102 0 0
114 102 0 0
113 102 0 0
166 101 0 1
165 101 0 1
164 101 0 1
163 101 0 1
162 101 0 1
161 101 0 1
160 101 0 1
159 101 0 1
116 101 0 0
115 101 0 0
114 101 0 0
113 101 0 0
167 100 0 1
166 100 0 1
165 100 0 1
164 100 0 1
163 100 0 1
162 100 0 1
161 100 0 1
160 100 0 1
116 100 0 0
115 100 0 0
114 100 0 0
113 100 0 0
346 99 0 0
345 99 0 0
344 99 0 0
343 99 0 0
342 99 0 0
341 99 0 0
340 99 0 0
339 99 0 0
338 99 0 0
337 99 0 0
168 99 0 1
167 99 0 1
166 99 0 1
165 99 0 1
164 99 0 1
163 99 0 1
162 99 0 1
161 99 0 1
116 99 0 0
115 99 0 0
114 99 0 0
113 99 0 0
352 98 0 0
351 98 0 0
350 98 0 0
349 98 0 0
348 98 0 0
347 98 0 0
346 98 0 0
345 98 0 0
344 98 0 0
343 98 0 0
342 98 0 0
341 98 0 0
340 98 0 0
339 98 0 0
338 98 0 0
337 98 0 0
168 98 0 1
167 98 0 1
166 98 0 1
165 98 0 1
164 98 0 1
163 98 0 1
162 98 0 1
116 98 0 0
115 98 0 0
114 98 0 0
113 98 0 0
362 97 0 0
361 97 0 0
360 97 0 0
359 97 0 0
358 97 0 0
357 97 0 0
356 97 0 0
355 97 0 0
354 97 0 0
353 97 0 0
352 97 0 0
351 97 0 0
350 97 0 0
349 97 0 0
348 97 0 0
347 97 0 0
346 97 0 0
345 97 0 0
344 97 0 0
343 97 0 0
342 97 0 0
341 97 0 0
340 97 0 0
339 97 0 0
338 97 0 0
337 97 0 0
170 97 0 1
169 97 0 1
168 97 0 1
167 97 0 1
166 97 0 1
165 97 0 1
164 97 0 1
163 97 0 1
116 97 0 0
115 97 0 0
114 97 0 0
113 97 0 0
371 96 0 0
370 96 0 0
369 96 0 0
368 96 0 0
367 96 0 0
366 96 0 0
365 96 0 0
364 96 0 0
363 96 0 0
362 96 0 0
361 96 0 0
360 96 0 0
359 96 0 0
358 96 0 0
357 96 0 0
356 96 0 0
355 96 0 0
354 96 0 0
353 96 0 0
352 96 0 0
351 96 0 0
350 96 0 0
349 96 0 0
348 96 0 0
347 96 0 0
346 96 0 0
345 96 0 0
344 96 0 0
343 96 0 0
342 96 0 0
341 96 0 0
340 96 0 0
339 96 0 0
338 96 0 0
337 96 0 0
175 96 0 1
174 96 0 1
173 96 0 1
172 96 0 1
171 96 0 1
170 96 0 1
169 96 0 1
168 96 0 1
167 96 0 1
166 96 0 1
165 96 0 1
164 96 0 1
116 96 0 0
115 96 0 0
114 96 0 0
113 96 0 0
379 95 0 0
378 95 0 0
377 95 0 0
376 95 0 0
375 95 0 0
374 95 0 0
373 95 0 0
372 95 0 0
371 95 0 0
370 95 0 0
369 95 0 0
368 95 0 0
367 95 0 0
366 95 0 0
365 95 0 0
364 95 0 0
363 95 0 0
362 95 0 0
361 95 0 0
360 95 0 0
359 95 0 0
358 95 0 0
357 95 0 0
356 95 0 0
355 95 0 0
354 95 0 0
353 95 0 0
352 95 0 0
351 95 0 0
350 95 0 0
349 95 0 0
348 95 0 0
347 95 0 0
346 95 0 0
345 95 0 0
344 95 0 0
343 95 0 0
342 95 0 0
341 95 0 0
340 95 0 0
265 95 0 0
264 95 0 0
263 95 0 0
262 95 0 0
261 95 0 0
260 95 0 0
259 95 0 0
258 95 0 0
257 95 0 0
256 95 0 0
255 95 0 0
254 95 0 0
253 95 0 0
252 95 0 0
251 95 0 0
250 95 0 0
249 95 0 0
248 95 0 0
175 95 0 1
174 95 0 1
173 95 0 1
172 95 0 1
171 95 0 1
170 95 0 1
169 95 0 1
168 95 0 1
167 95 0 1
166 95 0 1
165 95 0 1
116 95 0 0
115 95 0 0
114 95 0 0
113 95 0 0
404 94 0 0
403 94 0 0
402 94 0 0
401 94 0 0
400 94 0 0
399 94 0 0
398 94 0 0
397 94 0 0
396 94 0 0
395 94 0 0
394 94 0 0
393 94 0 0
392 94 0 0
391 94 0 0
390 94 0 0
389 94 0 0
388 94 0 0
387 94 0 0
386 94 0 0
385 94 0 0
384 94 0 0
383 94 0 0
382 94 0 0
381 94 0 0
380 94 0 0
379 94 0 0
378 94 0 0
377 94 0 0
376 94 0 0
375 94 0 0
374 94 0 0
373 94 0 0
372 94 0 0
371 94 0 0
370 94 0 0
369 94 0 0
368 94 0 0
367 94 0 0
366 94 0 0
365 94 0 0
364 94 0 0
363 94 0 0
362 94 0 0
361 94 0 0
360 94 0 0
359 94 0 0
358 94 0 0
357 94 0 0
356 94 0 0
355 94 0 0
354 94 0 0
353 94 0 0
352 94 0 0
351 94 0 0
350 94 0 0
349 94 0 0
348 94 0 0
347 94 0 0
346 94 0 0
265 94 0 0
264 94 0 0
263 94 0 0
262 94 0 0
261 94 0 0
260 94 0 0
259 94 0 0
258 94 0 0
257 94 0 0
256 94 0 0
255 94 0 0
254 94 0 0
253 94 0 0
252 94 0 0
251 94 0 0
250 94 0 0
249 94 0 0
248 94 0 0
247 94 0 0
246 94 0 0
245 94 0 0
244 94 0 0
175 94 0 1
174 94 0 1
173 94 0 1
172 94 0 1
171 94 0 1
170 94 0 1
169 94 0 1
168 94 0 1
167 94 0 1
166 94 0 1
116 94 0 0
115 94 0 0
114 94 0 0
113 94 0 0
435 93 0 0
434 93 0 0
433 93 0 0
432 93 0 0
431 93 0 0
430 93 0 0
429 93 0 0
428 93 0 0
427 93 0 0
426 93 0 0
425 93 0 0
424 93 0 0
423 93 0 0
422 93 0 0
421 93 0 0
420 93 0 0
419 93 0 0
418 93 0 0
417 93 0 0
416 93 0 0
415 93 0 0
414 93 0 0
413 93 0 0
412 93 0 0
411 93 0 0
410 93 0 0
409 93 0 0
408 93 0 0
407 93 0 0
406 93 0 0
405 93 0 0
404 93 0 0
403 93 0 0
402 93 0 0
401 93 0 0
400 93 0 0
399 93 0 0
398 93 0 0
397 93 0 0
396 93 0 0
395 93 0 0
394 93 0 0
393 93 0 0
392 93 0 0
391 93 0 0
390 93 0 0
389 93 0 0
388 93 0 0
387 93 0 0
386 93 0 0
385 93 0 0
384 93 0 0
383 93 0 0
382 93 0 0
381 93 0 0
380 93 0 0
379 93 0 0
378 93 0 0
377 93 0 0
376 93 0 0
375 93 0 0
374 93 0 0
373 93 0 0
372 93 0 0
371 93 0 0
370 93 0 0
369 93 0 0
368 93 0 0
367 93 0 0
366 93 0 0
365 93 0 0
364 93 0 0
363 93 0 0
362 93 0 0
361 93 0 0
360 93 0 0
359 93 0 0
358 93 0 0
357 93 0 0
356 93 0 0
355 93 0 0
354 93 0 0
353 93 0 0
265 93 0 0
264 93 0 0
263 93 0 0
262 93 0 0
261 93 0 0
260 93 0 0
259 93 0 0
258 93 0 0
257 93 0 0
256 93 0 0
255 93 0 0
254 93 0 0
253 93 0 0
252 93 0 0
251 93 0 0
250 93 0 0
249 93 0 0
248 93 0 0
247 93 0 0
246 93 0 0
245 93 0 0
244 93 0 0
243 93 0 0
242 93 0 0
175 93 0 1
174 93 0 1
173 93 0 1
172 93 0 1
171 93 0 1
170 93 0 1
169 93 0 1
168 93 0 1
116 93 0 0
115 93 0 0
114 93 0 0
113 93 0 0
440 92 0 0
439 92 0 0
438 92 0 0
437 92 0 0
436 92 0 0
435 92 0 0
434 92 0 0
433 92 0 0
432 92 0 0
431 92 0 0
430 92 0 0
429 92 0 0
428 92 0 0
427 92 0 0
426 92 0 0
425 92 0 0
424 92 0 0
423 92 0 0
422 92 0 0
421 92 0 0
420 92 0 0
419 92 0 0
418 92 0 0
417 92 0 0
416 92 0 0
415 92 0 0
414 92 0 0
413 92 0 0
412 92 0 0
411 92 0 0
410 92 0 0
409 92 0 0
408 92 0 0
407 92 0 0
406 92 0 0
405 92 0 0
404 92 0 0
403 92 0 0
402 92 0 0
401 92 0 0
400 92 0 0
399 92 0 0
398 92 0 0
397 92 0 0
396 92 0 0
395 92 0 0
394 92 0 0
393 92 0 0
392 92 0 0
391 92 0 0
390 92 0 0
389 92 0 0
388 92 0 0
387 92 0 0
386 92 0 0
385 92 0 0
384 92 0 0
383 92 0 0
382 92 0 0
381 92 0 0
380 92 0 0
379 92 0 0
378 92 0 0
377 92 0 0
376 92 0 0
375 92 0 0
374 92 0 0
373 92 0 0
372 92 0 0
371 92 0 0
370 92 0 0
369 92 0 0
368 92 0 0
367 92 0 0
366 92 0 0
365 92 0 0
364 92 0 0
363 92 0 0
265 92 0 0
264 92 0 0
263 92 0 0
262 92 0 0
261 92 0 0
260 92 0 0
259 92 0 0
258 92 0 0
257 92 0 0
256 92 0 0
255 92 0 0
254 92 0 0
253 92 0 0
252 92 0 0
251 92 0 0
250 92 0 0
249 92 0 0
248 92 0 0
247 92 0 0
246 92 0 0
245 92 0 0
244 92 0 0
243 92 0 0
242 92 0 0
241 92 0 0
240 92 0 0
239 92 0 0
117 92 0 0
116 92 0 0
115 92 0 0
114 92 0 0
113 92 0 0
444 91 0 0
443 91 0 0
442 91 0 0
441 91 0 0
440 91 0 0
439 91 0 0
438 91 0 0
437 91 0 0
436 91 0 0
435 91 0 0
434 91 0 0
433 91 0 0
432 91 0 0
431 91 0 0
430 91 0 0
429 91 0 0
428 91 0 0
427 91 0 0
426 91 0 0
425 91 0 0
424 91 0 0
423 91 0 0
422 91 0 0
421 91 0 0
420 91 0 0
419 91 0 0
418 91 0 0
417 91 0 0
416 91 0 0
415 91 0 0
414 91 0 0
413 91 0 0
412 91 0 0
411 91 0 0
410 91 0 0
409 91 0 0
408 91 0 0
407 91 0 0
406 91 0 0
405 91 0 0
404 91 0 0
403 91 0 0
402 91 0 0
401 91 0 0
400 91 0 0
399 91 0 0
398 91 0 0
397 91 0 0
396 91 0 0
395 91 0 0
394 91 0 0
393 91 0 0
392 91 0 0
391 91 0 0
390 91 0 0
389 91 0 0
388 91 0 0
387 91 0 0
386 91 0 0
385 91 0 0
384 91 0 0
383 91 0 0
382 91 0 0
381 91 0 0
380 91 0 0
379 91 0 0
378 91 0 0
377 91 0 0
376 91 0 0
375 91 0 0
374 91 0 0
373 91 0 0
372 91 0 0
371 91 0 0
252 91 0 0
251 91 0 0
250 91 0 0
249 91 0 0
248 91 0 0
247 91 0 0
246 91 0 0
245 91 0 0
244 91 0 0
243 91 0 0
242 91 0 0
241 91 0 0
240 91 0 0
239 91 0 0
238 91 0 0
237 91 0 0
117 91 0 0
116 91 0 0
115 91 0 0
114 91 0 0
113 91 0 0
446 90 0 0
445 90 0 0
444 90 0 0
443 90 0 0
442 90 0 0
441 90 0 0
440 90 0 0
439 90 0 0
438 90 0 0
437 90 0 0
436 90 0 0
435 90 0 0
434 90 0 0
433 90 0 0
432 90 0 0
431 90 0 0
430 90 0 0
429 90 0 0
428 90 0 0
427 90 0 0
426 90 0 0
425 90 0 0
424 90 0 0
423 90 0 0
422 90 0 0
421 90 0 0
420 90 0 0
419 90 0 0
418 90 0 0
417 90 0 0
416 90 0 0
415 90 0 0
414 90 0 0
413 90 0 0
412 90 0 0
411 90 0 0
410 90 0 0
409 90 0 0
408 90 0 0
407 90 0 0
406 90 0 0
405 90 0 0
404 90 0 0
403 90 0 0
402 90 0 0
401 90 0 0
400 90 0 0
399 90 0 0
398 90 0 0
397 90 0 0
396 90 0 0
395 90 0 0
394 90 0 0
393 90 0 0
392 90 0 0
391 90 0 0
390 90 0 0
389 90 0 0
388 90 0 0
387 90 0 0
386 90 0 0
385 90 0 0
384 90 0 0
383 90 0 0
382 90 0 0
381 90 0 0
380 90 0 0
248 90 0 0
247 90 0 0
246 90 0 0
245 90 0 0
244 90 0 0
243 90 0 0
242 90 0 0
241 90 0 0
240 90 0 0
239 90 0 0
238 90 0 0
237 90 0 0
236 90 0 0
235 90 0 0
117 90 0 0
116 90 0 0
115 90 0 0
114 90 0 0
113 90 0 0
447 89 0 0
446 89 0 0
445 89 0 0
444 89 0 0
443 89 0 0
442 89 0 0
441 89 0 0
440 89 0 0
439 89 0 0
438 89 0 0
437 89 0 0
436 89 0 0
435 89 0 0
434 89 0 0
433 89 0 0
432 89 0 0
431 89 0 0
430 89 0 0
429 89 0 0
428 89 0 0
427 89 0 0
426 89 0 0
425 89 0 0
245 89 0 0
244 89 0 0
243 89 0 0
242 89 0 0
241 89 0 0
240 89 0 0
239 89 0 0
238 89 0 0
237 89 0 0
236 89 0 0
235 89 0 0
234 89 0 0
233 89 0 0
232 89 0 0
117 89 0 0
116 89 0 0
115 89 0 0
114 89 0 0
113 89 0 0
447 88 0 0
446 88 0 0
445 88 0 0
444 88 0 0
443 88 0 0
442 88 0 0
441 88 0 0
440 88 0 0
439 88 0 0
438 88 0 0
437 88 0 0
436 88 0 0
435 88 0 0
242 88 0 0
241 88 0 0
240 88 0 0
239 88 0 0
238 88 0 0
237 88 0 0
236 88 0 0
235 88 0 0
234 88 0 0
233 88 0 0
232 88 0 0
231 88 0 0
230 88 0 0
117 88 0 0
116 88 0 0
115 88 0 0
114 88 0 0
113 88 0 0
447 87 0 0
446 87 0 0
445 87 0 0
444 87 0 0
443 87 0 0
442 87 0 0
441 87 0 0
440 87 0 0
439 87 0 0
240 87 0 0
239 87 0 0
238 87 0 0
237 87 0 0
236 87 0 0
235 87 0 0
234 87 0 0
233 87 0 0
232 87 0 0
231 87 0 0
230 87 0 0
229 87 0 0
228 87 0 0
227 87 0 0
117 87 0 0
116 87 0 0
115 87 0 0
114 87 0 0
113 87 0 0
447 86 0 0
446 86 0 0
445 86 0 0
444 86 0 0
443 86 0 0
238 86 0 0
237 86 0 0
236 86 0 0
235 86 0 0
234 86 0 0
233 86 0 0
232 86 0 0
231 86 0 0
230 86 0 0
229 86 0 0
228 86 0 0
227 86 0 0
226 86 0 0
225 86 0 0
224 86 0 0
117 86 0 0
116 86 0 0
115 86 0 0
114 86 0 0
235 85 0 0
234 85 0 0
233 85 0 0
232 85 0 0
231 85 0 0
230 85 0 0
229 85 0 0
228 85 0 0
227 85 0 0
226 85 0 0
225 85 0 0
224 85 0 0
223 85 0 0
222 85 0 0
117 85 0 0
116 85 0 0
115 85 0 0
114 85 0 0
233 84 0 0
232 84 0 0
231 84 0 0
230 84 0 0
229 84 0 0
228 84 0 0
227 84 0 0
226 84 0 0
225 84 0 0
224 84 0 0
223 84 0 0
222 84 0 0
221 84 0 0
220 84 0 0
219 84 0 0
117 84 0 0
116 84 0 0
115 84 0 0
114 84 0 0
230 83 0 0
229 83 0 0
228 83 0 0
227 83 0 0
226 83 0 0
225 83 0 0
224 83 0 0
223 83 0 0
222 83 0 0
221 83 0 0
220 83 0 0
219 83 0 0
218 83 0 0
217 83 0 0
117 83 0 0
116 83 0 0
115 83 0 0
114 83 0 0
228 82 0 0
227 82 0 0
226 82 0 0
225 82 0 0
224 82 0 0
223 82 0 0
222 82 0 0
221 82 0 0
220 82 0 0
219 82 0 0
218 82 0 0
217 82 0 0
216 82 0 0
215 82 0 0
117 82 0 0
116 82 0 0
115 82 0 0
114 82 0 0
225 81 0 0
224 81 0 0
223 81 0 0
222 81 0 0
221 81 0 0
220 81 0 0
219 81 0 0
218 81 0 0
217 81 0 0
216 81 0 0
215 81 0 0
214 81 0 0
213 81 0 0
212 81 0 0
117 81 0 0
116 81 0 0
115 81 0 0
114 81 0 0
222 80 0 0
221 80 0 0
220 80 0 0
219 80 0 0
218 80 0 0
217 80 0 0
216 80 0 0
215 80 0 0
214 80 0 0
213 80 0 0
212 80 0 0
211 80 0 0
210 80 0 0
117 80 0 0
116 80 0 0
115 80 0 0
114 80 0 0
220 79 0 0
219 79 0 0
218 79 0 0
217 79 0 0
216 79 0 0
215 79 0 0
214 79 0 0
213 79 0 0
212 79 0 0
211 79 0 0
210 79 0 0
209 79 0 0
208 79 0 0
117 79 0 0
116 79 0 0
115 79 0 0
114 79 0 0
218 78 0 0
217 78 0 0
216 78 0 0
215 78 0 0
214 78 0 0
213 78 0 0
212 78 0 0
211 78 0 0
210 78 0 0
209 78 0 0
208 78 0 0
207 78 0 0
206 78 0 0
117 78 0 0
116 78 0 0
115 78 0 0
114 78 0 0
215 77 0 0
214 77 0 0
213 77 0 0
212 77 0 0
211 77 0 0
210 77 0 0
209 77 0 0
208 77 0 0
207 77 0 0
206 77 0 0
205 77 0 0
204 77 0 0
117 77 0 0
116 77 0 0
115 77 0 0
114 77 0 0
213 76 0 0
212 76 0 0
211 76 0 0
210 76 0 0
209 76 0 0
208 76 0 0
207 76 0 0
206 76 0 0
205 76 0 0
204 76 0 0
203 76 0 0
202 76 0 0
201 76 0 0
117 76 0 0
116 76 0 0
115 76 0 0
114 76 0 0
211 75 0 0
210 75 0 0
209 75 0 0
208 75 0 0
207 75 0 0
206 75 0 0
205 75 0 0
204 75 0 0
203 75 0 0
202 75 0 0
201 75 0 0
200 75 0 0
199 75 0 0
198 75 0 0
117 75 0 0
116 75 0 0
115 75 0 0
114 75 0 0
209 74 0 0
208 74 0 0
207 74 0 0
206 74 0 0
205 74 0 0
204 74 0 0
203 74 0 0
202 74 0 0
201 74 0 0
200 74 0 0
199 74 0 0
198 74 0 0
197 74 0 0
196 74 0 0
117 74 0 0
116 74 0 0
115 74 0 0
114 74 0 0
207 73 0 0
206 73 0 0
205 73 0 0
204 73 0 0
203 73 0 0
202 73 0 0
201 73 0 0
200 73 0 0
199 73 0 0
198 73 0 0
197 73 0 0
196 73 0 0
195 73 0 0
194 73 0 0
117 73 0 0
116 73 0 0
115 73 0 0
114 73 0 0
205 72 0 0
204 72 0 0
203 72 0 0
202 72 0 0
201 72 0 0
200 72 0 0
199 72 0 0
198 72 0 0
197 72 0 0
196 72 0 0
195 72 0 0
194 72 0 0
193 72 0 0
192 72 0 0
191 72 0 0
190 72 0 0
117 72 0 0
116 72 0 0
115 72 0 0
114 72 0 0
202 71 0 0
201 71 0 0
200 71 0 0
199 71 0 0
198 71 0 0
197 71 0 0
196 71 0 0
195 71 0 0
194 71 0 0
193 71 0 0
192 71 0 0
191 71 0 0
190 71 0 0
189 71 0 0
188 71 0 0
117 71 0 0
116 71 0 0
115 71 0 0
114 71 0 0
199 70 0 0
198 70 0 0
197 70 0 0
196 70 0 0
195 70 0 0
194 70 0 0
193 70 0 0
192 70 0 0
191 70 0 0
190 70 0 0
189 70 0 0
188 70 0 0
187 70 0 0
186 70 0 0
117 70 0 0
116 70 0 0
115 70 0 0
114 70 0 0
197 69 0 0
196 69 0 0
195 69 0 0
194 69 0 0
193 69 0 0
192 69 0 0
191 69 0 0
190 69 0 0
189 69 0 0
188 69 0 0
187 69 0 0
186 69 0 0
185 69 0 0
184 69 0 0
117 69 0 0
116 69 0 0
115 69 0 0
114 69 0 0
195 68 0 0
194 68 0 0
193 68 0 0
192 68 0 0
191 68 0 0
190 68 0 0
189 68 0 0
188 68 0 0
187 68 0 0
186 68 0 0
185 68 0 0
184 68 0 0
183 68 0 0
182 68 0 0
118 68 0 0
117 68 0 0
116 68 0 0
115 68 0 0
114 68 0 0
191 67 0 0
190 67 0 0
189 67 0 0
188 67 0 0
187 67 0 0
186 67 0 0
185 67 0 0
184 67 0 0
183 67 0 0
182 67 0 0
181 67 0 0
180 67 0 0
118 67 0 0
117 67 0 0
116 67 0 0
115 67 0 0
114 67 0 0
189 66 0 0
188 66 0 0
187 66 0 0
186 66 0 0
185 66 0 0
184 66 0 0
183 66 0 0
182 66 0 0
181 66 0 0
180 66 0 0
179 66 0 0
178 66 0 0
118 66 0 0
117 66 0 0
116 66 0 0
115 66 0 0
114 66 0 0
187 65 0 0
186 65 0 0
185 65 0 0
184 65 0 0
183 65 0 0
182 65 0 0
181 65 0 0
180 65 0 0
179 65 0 0
178 65 0 0
177 65 0 0
176 65 0 0
119 65 0 0
118 65 0 0
117 65 0 0
116 65 0 0
115 65 0 0
114 65 0 0
185 64 0 0
184 64 0 0
183 64 0 0
182 64 0 0
181 64 0 0
180 64 0 0
179 64 0 0
178 64 0 0
177 64 0 0
176 64 0 0
175 64 0 0
174 64 0 0
173 64 0 0
119 64 0 0
118 64 0 0
117 64 0 0
116 64 0 0
115 64 0 0
114 64 0 0
183 63 0 0
182 63 0 0
181 63 0 0
180 63 0 0
179 63 0 0
178 63 0 0
177 63 0 0
176 63 0 0
175 63 0 0
174 63 0 0
173 63 0 0
172 63 0 0
171 63 0 0
120 63 0 0
119 63 0 0
118 63 0 0
117 63 0 0
116 63 0 0
115 63 0 0
181 62 0 0
180 62 0 0
179 62 0 0
178 62 0 0
177 62 0 0
176 62 0 0
175 62 0 0
174 62 0 0
173 62 0 0
172 62 0 0
171 62 0 0
170 62 0 0
169 62 0 0
168 62 0 0
167 62 0 0
166 62 0 0
121 62 0 0
120 62 0 0
119 62 0 0
118 62 0 0
117 62 0 0
116 62 0 0
179 61 0 0
178 61 0 0
177 61 0 0
176 61 0 0
175 61 0 0
174 61 0 0
173 61 0 0
172 61 0 0
171 61 0 0
170 61 0 0
169 61 0 0
168 61 0 0
167 61 0 0
166 61 0 0
165 61 0 0
164 61 0 0
163 61 0 0
162 61 0 0
123 61 0 0
122 61 0 0
121 61 0 0
120 61 0 0
119 61 0 0
118 61 0 0
117 61 0 0
116 61 0 0
176 60 0 0
175 60 0 0
174 60 0 0
173 60 0 0
172 60 0 0
171 60 0 0
170 60 0 0
169 60 0 0
168 60 0 0
167 60 0 0
166 60 0 0
165 60 0 0
164 60 0 0
163 60 0 0
162 60 0 0
161 60 0 0
160 60 0 0
159 60 0 0
158 60 0 0
125 60 0 0
124 60 0 0
123 60 0 0
122 60 0 0
121 60 0 0
120 60 0 0
119 60 0 0
118 60 0 0
117 60 0 0
174 59 0 0
173 59 0 0
172 59 0 0
171 59 0 0
170 59 0 0
169 59 0 0
168 59 0 0
167 59 0 0
166 59 0 0
165 59 0 0
164 59 0 0
163 59 0 0
162 59 0 0
161 59 0 0
160 59 0 0
159 59 0 0
158 59 0 0
157 59 0 0
156 59 0 0
155 59 0 0
154 59 0 0
153 59 0 0
152 59 0 0
127 59 0 0
126 59 0 0
125 59 0 0
124 59 0 0
123 59 0 0
122 59 0 0
121 59 0 0
120 59 0 0
119 59 0 0
118 59 0 0
172 58 0 0
171 58 0 0
170 58 0 0
169 58 0 0
168 58 0 0
167 58 0 0
166 58 0 0
165 58 0 0
164 58 0 0
163 58 0 0
162 58 0 0
161 58 0 0
160 58 0 0
159 58 0 0
158 58 0 0
157 58 0 0
156 58 0 0
155 58 0 0
154 58 0 0
153 58 0 0
152 58 0 0
151 58 0 0
150 58 0 0
149 58 0 0
148 58 0 0
147 58 0 0
146 58 0 0
145 58 0 0
144 58 0 0
143 58 0 0
142 58 0 0
141 58 0 0
140 58 0 0
139 58 0 0
138 58 0 0
137 58 0 0
136 58 0 0
135 58 0 0
134 58 0 0
133 58 0 0
132 58 0 0
131 58 0 0
130 58 0 0
129 58 0 0
128 58 0 0
127 58 0 0
126 58 0 0
125 58 0 0
124 58 0 0
123 58 0 0
122 58 0 0
121 58 0 0
120 58 0 0
119 58 0 0
167 57 0 0
166 57 0 0
165 57 0 0
164 57 0 0
163 57 0 0
162 57 0 0
161 57 0 0
160 57 0 0
159 57 0 0
158 57 0 0
157 57 0 0
156 57 0 0
155 57 0 0
154 57 0 0
153 57 0 0
152 57 0 0
151 57 0 0
150 57 0 0
149 57 0 0
148 57 0 0
147 57 0 0
146 57 0 0
145 57 0 0
144 57 0 0
143 57 0 0
142 57 0 0
141 57 0 0
140 57 0 0
139 57 0 0
138 57 0 0
137 57 0 0
136 57 0 0
135 57 0 0
134 57 0 0
133 57 0 0
132 57 0 0
131 57 0 0
130 57 0 0
129 57 0 0
128 57 0 0
127 57 0 0
126 57 0 0
125 57 0 0
124 57 0 0
123 57 0 0
122 57 0 0
121 57 0 0
120 57 0 0
163 56 0 0
162 56 0 0
161 56 0 0
160 56 0 0
159 56 0 0
158 56 0 0
157 56 0 0
156 56 0 0
155 56 0 0
154 56 0 0
153 56 0 0
152 56 0 0
151 56 0 0
150 56 0 0
149 56 0 0
148 56 0 0
147 56 0 0
146 56 0 0
145 56 0 0
144 56 0 0
143 56 0 0
142 56 0 0
141 56 0 0
140 56 0 0
139 56 0 0
138 56 0 0
137 56 0 0
136 56 0 0
135 56 0 0
134 56 0 0
133 56 0 0
132 56 0 0
131 56 0 0
130 56 0 0
129 56 0 0
128 56 0 0
127 56 0 0
126 56 0 0
125 56 0 0
124 56 0 0
123 56 0 0
122 56 0 0
158 55 0 0
157 55 0 0
156 55 0 0
155 55 0 0
154 55 0 0
153 55 0 0
152 55 0 0
151 55 0 0
150 55 0 0
149 55 0 0
148 55 0 0
147 55 0 0
146 55 0 0
145 55 0 0
144 55 0 0
143 55 0 0
142 55 0 0
141 55 0 0
140 55 0 0
139 55 0 0
138 55 0 0
137 55 0 0
136 55 0 0
135 55 0 0
134 55 0 0
133 55 0 0
132 55 0 0
131 55 0 0
130 55 0 0
129 55 0 0
128 55 0 0
127 55 0 0
126 55 0 0
125 55 0 0
124 55 0 0
