6829 462 549
341 447 0 0
340 447 0 0
339 447 0 0
338 447 0 0
337 447 0 0
336 447 0 0
335 447 0 0
334 447 0 0
333 447 0 0
332 447 0 0
331 447 0 0
330 447 0 0
329 447 0 0
328 447 0 0
327 447 0 0
326 447 0 0
325 447 0 0
324 447 0 0
323 447 0 0
322 447 0 0
321 447 0 0
320 447 0 0
319 447 0 0
318 447 0 0
317 447 0 0
316 447 0 0
315 447 0 0
314 447 0 0
313 447 0 0
312 447 0 0
311 447 0 0
310 447 0 0
309 447 0 0
308 447 0 0
341 446 0 0
340 446 0 0
339 446 0 0
338 446 0 0
337 446 0 0
336 446 0 0
335 446 0 0
334 446 0 0
333 446 0 0
332 446 0 0
331 446 0 0
330 446 0 0
329 446 0 0
328 446 0 0
327 446 0 0
326 446 0 0
325 446 0 0
324 446 0 0
323 446 0 0
322 446 0 0
321 446 0 0
320 446 0 0
319 446 0 0
318 446 0 0
317 446 0 0
316 446 0 0
315 446 0 0
314 446 0 0
313 446 0 0
312 446 0 0
311 446 0 0
310 446 0 0
309 446 0 0
308 446 0 0
307 446 0 0
306 446 0 0
305 446 0 0
304 446 0 0
341 445 0 0
340 445 0 0
339 445 0 0
338 445 0 0
337 445 0 0
336 445 0 0
335 445 0 0
334 445 0 0
333 445 0 0
332 445 0 0
331 445 0 0
330 445 0 0
329 445 0 0
328 445 0 0
327 445 0 0
326 445 0 0
325 445 0 0
324 445 0 0
323 445 0 0
322 445 0 0
321 445 0 0
320 445 0 0
319 445 0 0
318 445 0 0
317 445 0 0
316 445 0 0
315 445 0 0
314 445 0 0
313 445 0 0
312 445 0 0
311 445 0 0
310 445 0 0
309 445 0 0
308 445 0 0
307 445 0 0
306 445 0 0
305 445 0 0
304 445 0 0
303 445 0 0
302 445 0 0
301 445 0 0
300 445 0 0
341 444 0 0
340 444 0 0
339 444 0 0
338 444 0 0
337 444 0 0
336 444 0 0
335 444 0 0
334 444 0 0
333 444 0 0
332 444 0 0
331 444 0 0
330 444 0 0
329 444 0 0
328 444 0 0
327 444 0 0
326 444 0 0
325 444 0 0
324 444 0 0
323 444 0 0
322 444 0 0
321 444 0 0
320 444 0 0
319 444 0 0
318 444 0 0
317 444 0 0
316 444 0 0
315 444 0 0
314 444 0 0
313 444 0 0
312 444 0 0
311 444 0 0
310 444 0 0
309 444 0 0
308 444 0 0
307 444 0 0
306 444 0 0
305 444 0 0
304 444 0 0
303 444 0 0
302 444 0 0
301 444 0 0
300 444 0 0
299 444 0 0
298 444 0 0
297 444 0 0
296 444 0 0
313 443 0 0
312 443 0 0
311 443 0 0
310 443 0 0
309 443 0 0
308 443 0 0
307 443 0 0
306 443 0 0
305 443 0 0
304 443 0 0
303 443 0 0
302 443 0 0
301 443 0 0
300 443 0 0
299 443 0 0
298 443 0 0
297 443 0 0
296 443 0 0
295 443 0 0
294 443 0 0
293 443 0 0
292 443 0 0
309 442 0 0
308 442 0 0
307 442 0 0
306 442 0 0
305 442 0 0
304 442 0 0
303 442 0 0
302 442 0 0
301 442 0 0
300 442 0 0
299 442 0 0
298 442 0 0
297 442 0 0
296 442 0 0
295 442 0 0
294 442 0 0
293 442 0 0
292 442 0 0
291 442 0 0
290 442 0 0
289 442 0 0
305 441 0 0
304 441 0 0
303 441 0 0
302 441 0 0
301 441 0 0
300 441 0 0
299 441 0 0
298 441 0 0
297 441 0 0
296 441 0 0
295 441 0 0
294 441 0 0
293 441 0 0
292 441 0 0
291 441 0 0
290 441 0 0
289 441 0 0
288 441 0 0
287 441 0 0
286 441 0 0
301 440 0 0
300 440 0 0
299 440 0 0
298 440 0 0
297 440 0 0
296 440 0 0
295 440 0 0
294 440 0 0
293 440 0 0
292 440 0 0
291 440 0 0
290 440 0 0
289 440 0 0
288 440 0 0
287 440 0 0
286 440 0 0
285 440 0 0
284 440 0 0
283 440 0 0
297 439 0 0
296 439 0 0
295 439 0 0
294 439 0 0
293 439 0 0
292 439 0 0
291 439 0 0
290 439 0 0
289 439 0 0
288 439 0 0
287 439 0 0
286 439 0 0
285 439 0 0
284 439 0 0
283 439 0 0
282 439 0 0
281 439 0 0
280 439 0 0
293 438 0 0
292 438 0 0
291 438 0 0
290 438 0 0
289 438 0 0
288 438 0 0
287 438 0 0
286 438 0 0
285 438 0 0
284 438 0 0
283 438 0 0
282 438 0 0
281 438 0 0
280 438 0 0
279 438 0 0
278 438 0 0
277 438 0 0
290 437 0 0
289 437 0 0
288 437 0 0
287 437 0 0
286 437 0 0
285 437 0 0
284 437 0 0
283 437 0 0
282 437 0 0
281 437 0 0
280 437 0 0
279 437 0 0
278 437 0 0
277 437 0 0
276 437 0 0
275 437 0 0
274 437 0 0
287 436 0 0
286 436 0 0
285 436 0 0
284 436 0 0
283 436 0 0
282 436 0 0
281 436 0 0
280 436 0 0
279 436 0 0
278 436 0 0
277 436 0 0
276 436 0 0
275 436 0 0
274 436 0 0
273 436 0 0
272 436 0 0
271 436 0 0
283 435 0 0
282 435 0 0
281 435 0 0
280 435 0 0
279 435 0 0
278 435 0 0
277 435 0 0
276 435 0 0
275 435 0 0
274 435 0 0
273 435 0 0
272 435 0 0
271 435 0 0
270 435 0 0
269 435 0 0
268 435 0 0
280 434 0 0
279 434 0 0
278 434 0 0
277 434 0 0
276 434 0 0
275 434 0 0
274 434 0 0
273 434 0 0
272 434 0 0
271 434 0 0
270 434 0 0
269 434 0 0
268 434 0 0
267 434 0 0
266 434 0 0
265 434 0 0
277 433 0 0
276 433 0 0
275 433 0 0
274 433 0 0
273 433 0 0
272 433 0 0
271 433 0 0
270 433 0 0
269 433 0 0
268 433 0 0
267 433 0 0
266 433 0 0
265 433 0 0
264 433 0 0
263 433 0 0
262 433 0 0
274 432 0 0
273 432 0 0
272 432 0 0
271 432 0 0
270 432 0 0
269 432 0 0
268 432 0 0
267 432 0 0
266 432 0 0
265 432 0 0
264 432 0 0
263 432 0 0
262 432 0 0
261 432 0 0
260 432 0 0
259 432 0 0
271 431 0 0
270 431 0 0
269 431 0 0
268 431 0 0
267 431 0 0
266 431 0 0
265 431 0 0
264 431 0 0
263 431 0 0
262 431 0 0
261 431 0 0
260 431 0 0
259 431 0 0
258 431 0 0
257 431 0 0
256 431 0 0
268 430 0 0
267 430 0 0
266 430 0 0
265 430 0 0
264 430 0 0
263 430 0 0
262 430 0 0
261 430 0 0
260 430 0 0
259 430 0 0
258 430 0 0
257 430 0 0
256 430 0 0
255 430 0 0
254 430 0 0
253 430 0 0
252 430 0 0
265 429 0 0
264 429 0 0
263 429 0 0
262 429 0 0
261 429 0 0
260 429 0 0
259 429 0 0
258 429 0 0
257 429 0 0
256 429 0 0
255 429 0 0
254 429 0 0
253 429 0 0
252 429 0 0
251 429 0 0
250 429 0 0
249 429 0 0
262 428 0 0
261 428 0 0
260 428 0 0
259 428 0 0
258 428 0 0
257 428 0 0
256 428 0 0
255 428 0 0
254 428 0 0
253 428 0 0
252 428 0 0
251 428 0 0
250 428 0 0
249 428 0 0
248 428 0 0
247 428 0 0
246 428 0 0
259 427 0 0
258 427 0 0
257 427 0 0
256 427 0 0
255 427 0 0
254 427 0 0
253 427 0 0
252 427 0 0
251 427 0 0
250 427 0 0
249 427 0 0
248 427 0 0
247 427 0 0
246 427 0 0
245 427 0 0
244 427 0 0
243 427 0 0
256 426 0 0
255 426 0 0
254 426 0 0
253 426 0 0
252 426 0 0
251 426 0 0
250 426 0 0
249 426 0 0
248 426 0 0
247 426 0 0
246 426 0 0
245 426 0 0
244 426 0 0
243 426 0 0
242 426 0 0
241 426 0 0
240 426 0 0
253 425 0 0
252 425 0 0
251 425 0 0
250 425 0 0
249 425 0 0
248 425 0 0
247 425 0 0
246 425 0 0
245 425 0 0
244 425 0 0
243 425 0 0
242 425 0 0
241 425 0 0
240 425 0 0
239 425 0 0
238 425 0 0
237 425 0 0
236 425 0 0
250 424 0 0
249 424 0 0
248 424 0 0
247 424 0 0
246 424 0 0
245 424 0 0
244 424 0 0
243 424 0 0
242 424 0 0
241 424 0 0
240 424 0 0
239 424 0 0
238 424 0 0
237 424 0 0
236 424 0 0
235 424 0 0
234 424 0 0
233 424 0 0
247 423 0 0
246 423 0 0
245 423 0 0
244 423 0 0
243 423 0 0
242 423 0 0
241 423 0 0
240 423 0 0
239 423 0 0
238 423 0 0
237 423 0 0
236 423 0 0
235 423 0 0
234 423 0 0
233 423 0 0
232 423 0 0
231 423 0 0
230 423 0 0
243 422 0 0
242 422 0 0
241 422 0 0
240 422 0 0
239 422 0 0
238 422 0 0
237 422 0 0
236 422 0 0
235 422 0 0
234 422 0 0
233 422 0 0
232 422 0 0
231 422 0 0
230 422 0 0
229 422 0 0
228 422 0 0
227 422 0 0
226 422 0 0
240 421 0 0
239 421 0 0
238 421 0 0
237 421 0 0
236 421 0 0
235 421 0 0
234 421 0 0
233 421 0 0
232 421 0 0
231 421 0 0
230 421 0 0
229 421 0 0
228 421 0 0
227 421 0 0
226 421 0 0
225 421 0 0
224 421 0 0
223 421 0 0
237 420 0 0
236 420 0 0
235 420 0 0
234 420 0 0
233 420 0 0
232 420 0 0
231 420 0 0
230 420 0 0
229 420 0 0
228 420 0 0
227 420 0 0
226 420 0 0
225 420 0 0
224 420 0 0
223 420 0 0
222 420 0 0
221 420 0 0
220 420 0 0
233 419 0 0
232 419 0 0
231 419 0 0
230 419 0 0
229 419 0 0
228 419 0 0
227 419 0 0
226 419 0 0
225 419 0 0
224 419 0 0
223 419 0 0
222 419 0 0
221 419 0 0
220 419 0 0
219 419 0 0
218 419 0 0
217 419 0 0
216 419 0 0
230 418 0 0
229 418 0 0
228 418 0 0
227 418 0 0
226 418 0 0
225 418 0 0
224 418 0 0
223 418 0 0
222 418 0 0
221 418 0 0
220 418 0 0
219 418 0 0
218 418 0 0
217 418 0 0
216 418 0 0
215 418 0 0
214 418 0 0
213 418 0 0
227 417 0 0
226 417 0 0
225 417 0 0
224 417 0 0
223 417 0 0
222 417 0 0
221 417 0 0
220 417 0 0
219 417 0 0
218 417 0 0
217 417 0 0
216 417 0 0
215 417 0 0
214 417 0 0
213 417 0 0
212 417 0 0
211 417 0 0
210 417 0 0
223 416 0 0
222 416 0 0
221 416 0 0
220 416 0 0
219 416 0 0
218 416 0 0
217 416 0 0
216 416 0 0
215 416 0 0
214 416 0 0
213 416 0 0
212 416 0 0
211 416 0 0
210 416 0 0
209 416 0 0
208 416 0 0
207 416 0 0
206 416 0 0
220 415 0 0
219 415 0 0
218 415 0 0
217 415 0 0
216 415 0 0
215 415 0 0
214 415 0 0
213 415 0 0
212 415 0 0
211 415 0 0
210 415 0 0
209 415 0 0
208 415 0 0
207 415 0 0
206 415 0 0
205 415 0 0
204 415 0 0
203 415 0 0
217 414 0 0
216 414 0 0
215 414 0 0
214 414 0 0
213 414 0 0
212 414 0 0
211 414 0 0
210 414 0 0
209 414 0 0
208 414 0 0
207 414 0 0
206 414 0 0
205 414 0 0
204 414 0 0
203 414 0 0
202 414 0 0
201 414 0 0
200 414 0 0
213 413 0 0
212 413 0 0
211 413 0 0
210 413 0 0
209 413 0 0
208 413 0 0
207 413 0 0
206 413 0 0
205 413 0 0
204 413 0 0
203 413 0 0
202 413 0 0
201 413 0 0
200 413 0 0
199 413 0 0
198 413 0 0
197 413 0 0
196 413 0 0
210 412 0 0
209 412 0 0
208 412 0 0
207 412 0 0
206 412 0 0
205 412 0 0
204 412 0 0
203 412 0 0
202 412 0 0
201 412 0 0
200 412 0 0
199 412 0 0
198 412 0 0
197 412 0 0
196 412 0 0
195 412 0 0
194 412 0 0
193 412 0 0
192 412 0 0
207 411 0 0
206 411 0 0
205 411 0 0
204 411 0 0
203 411 0 0
202 411 0 0
201 411 0 0
200 411 0 0
199 411 0 0
198 411 0 0
197 411 0 0
196 411 0 0
195 411 0 0
194 411 0 0
193 411 0 0
192 411 0 0
191 411 0 0
190 411 0 0
189 411 0 0
188 411 0 0
187 411 0 0
203 410 0 0
202 410 0 0
201 410 0 0
200 410 0 0
199 410 0 0
198 410 0 0
197 410 0 0
196 410 0 0
195 410 0 0
194 410 0 0
193 410 0 0
192 410 0 0
191 410 0 0
190 410 0 0
189 410 0 0
188 410 0 0
187 410 0 0
186 410 0 0
185 410 0 0
184 410 0 0
183 410 0 0
182 410 0 0
200 409 0 0
199 409 0 0
198 409 0 0
197 409 0 0
196 409 0 0
195 409 0 0
194 409 0 0
193 409 0 0
192 409 0 0
191 409 0 0
190 409 0 0
189 409 0 0
188 409 0 0
187 409 0 0
186 409 0 0
185 409 0 0
184 409 0 0
183 409 0 0
182 409 0 0
181 409 0 0
180 409 0 0
179 409 0 0
178 409 0 0
177 409 0 0
197 408 0 0
196 408 0 0
195 408 0 0
194 408 0 0
193 408 0 0
192 408 0 0
191 408 0 0
190 408 0 0
189 408 0 0
188 408 0 0
187 408 0 0
186 408 0 0
185 408 0 0
184 408 0 0
183 408 0 0
182 408 0 0
181 408 0 0
180 408 0 0
179 408 0 0
178 408 0 0
177 408 0 0
176 408 0 0
175 408 0 0
174 408 0 0
173 408 0 0
192 407 0 0
191 407 0 0
190 407 0 0
189 407 0 0
188 407 0 0
187 407 0 0
186 407 0 0
185 407 0 0
184 407 0 0
183 407 0 0
182 407 0 0
181 407 0 0
180 407 0 0
179 407 0 0
178 407 0 0
177 407 0 0
176 407 0 0
175 407 0 0
174 407 0 0
173 407 0 0
172 407 0 0
171 407 0 0
170 407 0 0
169 407 0 0
168 407 0 0
187 406 0 0
186 406 0 0
185 406 0 0
184 406 0 0
183 406 0 0
182 406 0 0
181 406 0 0
180 406 0 0
179 406 0 0
178 406 0 0
177 406 0 0
176 406 0 0
175 406 0 0
174 406 0 0
173 406 0 0
172 406 0 0
171 406 0 0
170 406 0 0
169 406 0 0
168 406 0 0
167 406 0 0
166 406 0 0
165 406 0 0
164 406 0 0
163 406 0 0
182 405 0 0
181 405 0 0
180 405 0 0
179 405 0 0
178 405 0 0
177 405 0 0
176 405 0 0
175 405 0 0
174 405 0 0
173 405 0 0
172 405 0 0
171 405 0 0
170 405 0 0
169 405 0 0
168 405 0 0
167 405 0 0
166 405 0 0
165 405 0 0
164 405 0 0
163 405 0 0
162 405 0 0
161 405 0 0
160 405 0 0
159 405 0 0
158 405 0 0
178 404 0 0
177 404 0 0
176 404 0 0
175 404 0 0
174 404 0 0
173 404 0 0
172 404 0 0
171 404 0 0
170 404 0 0
169 404 0 0
168 404 0 0
167 404 0 0
166 404 0 0
165 404 0 0
164 404 0 0
163 404 0 0
162 404 0 0
161 404 0 0
160 404 0 0
159 404 0 0
158 404 0 0
157 404 0 0
156 404 0 0
155 404 0 0
173 403 0 0
172 403 0 0
171 403 0 0
170 403 0 0
169 403 0 0
168 403 0 0
167 403 0 0
166 403 0 0
165 403 0 0
164 403 0 0
163 403 0 0
162 403 0 0
161 403 0 0
160 403 0 0
159 403 0 0
158 403 0 0
157 403 0 0
156 403 0 0
155 403 0 0
154 403 0 0
153 403 0 0
152 403 0 0
151 403 0 0
168 402 0 0
167 402 0 0
166 402 0 0
165 402 0 0
164 402 0 0
163 402 0 0
162 402 0 0
161 402 0 0
160 402 0 0
159 402 0 0
158 402 0 0
157 402 0 0
156 402 0 0
155 402 0 0
154 402 0 0
153 402 0 0
152 402 0 0
151 402 0 0
150 402 0 0
149 402 0 0
148 402 0 0
147 402 0 0
163 401 0 0
162 401 0 0
161 401 0 0
160 401 0 0
159 401 0 0
158 401 0 0
157 401 0 0
156 401 0 0
155 401 0 0
154 401 0 0
153 401 0 0
152 401 0 0
151 401 0 0
150 401 0 0
149 401 0 0
148 401 0 0
147 401 0 0
146 401 0 0
145 401 0 0
144 401 0 0
143 401 0 0
159 400 0 0
158 400 0 0
157 400 0 0
156 400 0 0
155 400 0 0
154 400 0 0
153 400 0 0
152 400 0 0
151 400 0 0
150 400 0 0
149 400 0 0
148 400 0 0
147 400 0 0
146 400 0 0
145 400 0 0
144 400 0 0
143 400 0 0
142 400 0 0
141 400 0 0
140 400 0 0
139 400 0 0
155 399 0 0
154 399 0 0
153 399 0 0
152 399 0 0
151 399 0 0
150 399 0 0
149 399 0 0
148 399 0 0
147 399 0 0
146 399 0 0
145 399 0 0
144 399 0 0
143 399 0 0
142 399 0 0
141 399 0 0
140 399 0 0
139 399 0 0
138 399 0 0
137 399 0 0
136 399 0 0
135 399 0 0
151 398 0 0
150 398 0 0
149 398 0 0
148 398 0 0
147 398 0 0
146 398 0 0
145 398 0 0
144 398 0 0
143 398 0 0
142 398 0 0
141 398 0 0
140 398 0 0
139 398 0 0
138 398 0 0
137 398 0 0
136 398 0 0
135 398 0 0
134 398 0 0
133 398 0 0
132 398 0 0
131 398 0 0
147 397 0 0
146 397 0 0
145 397 0 0
144 397 0 0
143 397 0 0
142 397 0 0
141 397 0 0
140 397 0 0
139 397 0 0
138 397 0 0
137 397 0 0
136 397 0 0
135 397 0 0
134 397 0 0
133 397 0 0
132 397 0 0
131 397 0 0
130 397 0 0
129 397 0 0
128 397 0 0
143 396 0 0
142 396 0 0
141 396 0 0
140 396 0 0
139 396 0 0
138 396 0 0
137 396 0 0
136 396 0 0
135 396 0 0
134 396 0 0
133 396 0 0
132 396 0 0
131 396 0 0
130 396 0 0
129 396 0 0
128 396 0 0
127 396 0 0
126 396 0 0
125 396 0 0
124 396 0 0
139 395 0 0
138 395 0 0
137 395 0 0
136 395 0 0
135 395 0 0
134 395 0 0
133 395 0 0
132 395 0 0
131 395 0 0
130 395 0 0
129 395 0 0
128 395 0 0
127 395 0 0
126 395 0 0
125 395 0 0
124 395 0 0
123 395 0 0
122 395 0 0
121 395 0 0
120 395 0 0
135 394 0 0
134 394 0 0
133 394 0 0
132 394 0 0
131 394 0 0
130 394 0 0
129 394 0 0
128 394 0 0
127 394 0 0
126 394 0 0
125 394 0 0
124 394 0 0
123 394 0 0
122 394 0 0
121 394 0 0
120 394 0 0
119 394 0 0
118 394 0 0
117 394 0 0
132 393 0 0
131 393 0 0
130 393 0 0
129 393 0 0
128 393 0 0
127 393 0 0
126 393 0 0
125 393 0 0
124 393 0 0
123 393 0 0
122 393 0 0
121 393 0 0
120 393 0 0
119 393 0 0
118 393 0 0
117 393 0 0
116 393 0 0
115 393 0 0
114 393 0 0
113 393 0 0
128 392 0 0
127 392 0 0
126 392 0 0
125 392 0 0
124 392 0 0
123 392 0 0
122 392 0 0
121 392 0 0
120 392 0 0
119 392 0 0
118 392 0 0
117 392 0 0
116 392 0 0
115 392 0 0
114 392 0 0
113 392 0 0
112 392 0 0
111 392 0 0
110 392 0 0
109 392 0 0
124 391 0 0
123 391 0 0
122 391 0 0
121 391 0 0
120 391 0 0
119 391 0 0
118 391 0 0
117 391 0 0
116 391 0 0
115 391 0 0
114 391 0 0
113 391 0 0
112 391 0 0
111 391 0 0
110 391 0 0
109 391 0 0
108 391 0 0
107 391 0 0
106 391 0 0
121 390 0 0
120 390 0 0
119 390 0 0
118 390 0 0
117 390 0 0
116 390 0 0
115 390 0 0
114 390 0 0
113 390 0 0
112 390 0 0
111 390 0 0
110 390 0 0
109 390 0 0
108 390 0 0
107 390 0 0
106 390 0 0
105 390 0 0
104 390 0 0
103 390 0 0
117 389 0 0
116 389 0 0
115 389 0 0
114 389 0 0
113 389 0 0
112 389 0 0
111 389 0 0
110 389 0 0
109 389 0 0
108 389 0 0
107 389 0 0
106 389 0 0
105 389 0 0
104 389 0 0
103 389 0 0
102 389 0 0
101 389 0 0
100 389 0 0
113 388 0 0
112 388 0 0
111 388 0 0
110 388 0 0
109 388 0 0
108 388 0 0
107 388 0 0
106 388 0 0
105 388 0 0
104 388 0 0
103 388 0 0
102 388 0 0
101 388 0 0
100 388 0 0
99 388 0 0
98 388 0 0
97 388 0 0
96 388 0 0
110 387 0 0
109 387 0 0
108 387 0 0
107 387 0 0
106 387 0 0
105 387 0 0
104 387 0 0
103 387 0 0
102 387 0 0
101 387 0 0
100 387 0 0
99 387 0 0
98 387 0 0
97 387 0 0
96 387 0 0
95 387 0 0
94 387 0 0
106 386 0 0
105 386 0 0
104 386 0 0
103 386 0 0
102 386 0 0
101 386 0 0
100 386 0 0
99 386 0 0
98 386 0 0
97 386 0 0
96 386 0 0
95 386 0 0
94 386 0 0
93 386 0 0
92 386 0 0
91 386 0 0
103 385 0 0
102 385 0 0
101 385 0 0
100 385 0 0
99 385 0 0
98 385 0 0
97 385 0 0
96 385 0 0
95 385 0 0
94 385 0 0
93 385 0 0
92 385 0 0
91 385 0 0
90 385 0 0
89 385 0 0
88 385 0 0
100 384 0 0
99 384 0 0
98 384 0 0
97 384 0 0
96 384 0 0
95 384 0 0
94 384 0 0
93 384 0 0
92 384 0 0
91 384 0 0
90 384 0 0
89 384 0 0
88 384 0 0
87 384 0 0
86 384 0 0
85 384 0 0
97 383 0 0
96 383 0 0
95 383 0 0
94 383 0 0
93 383 0 0
92 383 0 0
91 383 0 0
90 383 0 0
89 383 0 0
88 383 0 0
87 383 0 0
86 383 0 0
85 383 0 0
84 383 0 0
83 383 0 0
82 383 0 0
81 383 0 0
94 382 0 0
93 382 0 0
92 382 0 0
91 382 0 0
90 382 0 0
89 382 0 0
88 382 0 0
87 382 0 0
86 382 0 0
85 382 0 0
84 382 0 0
83 382 0 0
82 382 0 0
81 382 0 0
80 382 0 0
79 382 0 0
78 382 0 0
77 382 0 0
91 381 0 0
90 381 0 0
89 381 0 0
88 381 0 0
87 381 0 0
86 381 0 0
85 381 0 0
84 381 0 0
83 381 0 0
82 381 0 0
81 381 0 0
80 381 0 0
79 381 0 0
78 381 0 0
77 381 0 0
76 381 0 0
75 381 0 0
74 381 0 0
89 380 0 0
88 380 0 0
87 380 0 0
86 380 0 0
85 380 0 0
84 380 0 0
83 380 0 0
82 380 0 0
81 380 0 0
80 380 0 0
79 380 0 0
78 380 0 0
77 380 0 0
76 380 0 0
75 380 0 0
74 380 0 0
85 379 0 0
84 379 0 0
83 379 0 0
82 379 0 0
81 379 0 0
80 379 0 0
79 379 0 0
78 379 0 0
77 379 0 0
76 379 0 0
75 379 0 0
74 379 0 0
82 378 0 0
81 378 0 0
80 378 0 0
79 378 0 0
78 378 0 0
77 378 0 0
76 378 0 0
75 378 0 0
74 378 0 0
249 372 0 1
248 372 0 1
247 372 0 1
246 372 0 1
249 371 0 1
248 371 0 1
247 371 0 1
246 371 0 1
249 370 0 1
248 370 0 1
247 370 0 1
246 370 0 1
245 370 0 1
249 369 0 1
248 369 0 1
247 369 0 1
246 369 0 1
245 369 0 1
244 369 0 1
249 368 0 1
248 368 0 1
247 368 0 1
246 368 0 1
245 368 0 1
244 368 0 1
243 368 0 1
248 367 0 1
247 367 0 1
246 367 0 1
245 367 0 1
244 367 0 1
243 367 0 1
242 367 0 1
247 366 0 1
246 366 0 1
245 366 0 1
244 366 0 1
243 366 0 1
242 366 0 1
241 366 0 1
246 365 0 1
245 365 0 1
244 365 0 1
243 365 0 1
242 365 0 1
241 365 0 1
246 364 0 1
245 364 0 1
244 364 0 1
243 364 0 1
242 364 0 1
241 364 0 1
245 363 0 1
244 363 0 1
243 363 0 1
242 363 0 1
241 363 0 1
240 363 0 1
244 362 0 1
243 362 0 1
242 362 0 1
241 362 0 1
240 362 0 1
239 362 0 1
244 361 0 1
243 361 0 1
242 361 0 1
241 361 0 1
240 361 0 1
239 361 0 1
238 361 0 1
243 360 0 1
242 360 0 1
241 360 0 1
240 360 0 1
239 360 0 1
238 360 0 1
237 360 0 1
242 359 0 1
241 359 0 1
240 359 0 1
239 359 0 1
238 359 0 1
237 359 0 1
236 359 0 1
241 358 0 1
240 358 0 1
239 358 0 1
238 358 0 1
237 358 0 1
236 358 0 1
235 358 0 1
240 357 0 1
239 357 0 1
238 357 0 1
237 357 0 1
236 357 0 1
235 357 0 1
234 357 0 1
239 356 0 1
238 356 0 1
237 356 0 1
236 356 0 1
235 356 0 1
234 356 0 1
233 356 0 1
238 355 0 1
237 355 0 1
236 355 0 1
235 355 0 1
234 355 0 1
233 355 0 1
232 355 0 1
237 354 0 1
236 354 0 1
235 354 0 1
234 354 0 1
233 354 0 1
232 354 0 1
231 354 0 1
236 353 0 1
235 353 0 1
234 353 0 1
233 353 0 1
232 353 0 1
231 353 0 1
230 353 0 1
235 352 0 1
234 352 0 1
233 352 0 1
232 352 0 1
231 352 0 1
230 352 0 1
229 352 0 1
234 351 0 1
233 351 0 1
232 351 0 1
231 351 0 1
230 351 0 1
229 351 0 1
228 351 0 1
233 350 0 1
232 350 0 1
231 350 0 1
230 350 0 1
229 350 0 1
228 350 0 1
232 349 0 1
231 349 0 1
230 349 0 1
229 349 0 1
228 349 0 1
227 349 0 1
231 348 0 1
230 348 0 1
229 348 0 1
228 348 0 1
227 348 0 1
226 348 0 1
231 347 0 1
230 347 0 1
229 347 0 1
228 347 0 1
227 347 0 1
226 347 0 1
225 347 0 1
230 346 0 1
229 346 0 1
228 346 0 1
227 346 0 1
226 346 0 1
225 346 0 1
224 346 0 1
229 345 0 1
228 345 0 1
227 345 0 1
226 345 0 1
225 345 0 1
224 345 0 1
223 345 0 1
228 344 0 1
227 344 0 1
226 344 0 1
225 344 0 1
224 344 0 1
223 344 0 1
222 344 0 1
227 343 0 1
226 343 0 1
225 343 0 1
224 343 0 1
223 343 0 1
222 343 0 1
221 343 0 1
226 342 0 1
225 342 0 1
224 342 0 1
223 342 0 1
222 342 0 1
221 342 0 1
225 341 0 1
224 341 0 1
223 341 0 1
222 341 0 1
221 341 0 1
225 340 0 1
224 340 0 1
223 340 0 1
222 340 0 1
221 340 0 1
220 340 0 1
225 339 0 1
224 339 0 1
223 339 0 1
222 339 0 1
221 339 0 1
220 339 0 1
224 338 0 1
223 338 0 1
222 338 0 1
221 338 0 1
220 338 0 1
219 338 0 1
224 337 0 1
223 337 0 1
222 337 0 1
221 337 0 1
220 337 0 1
219 337 0 1
223 336 0 1
222 336 0 1
221 336 0 1
220 336 0 1
219 336 0 1
223 335 0 1
222 335 0 1
221 335 0 1
220 335 0 1
219 335 0 1
223 334 0 1
222 334 0 1
221 334 0 1
220 334 0 1
219 334 0 1
223 333 0 1
222 333 0 1
221 333 0 1
220 333 0 1
219 333 0 1
218 333 0 1
223 332 0 1
222 332 0 1
221 332 0 1
220 332 0 1
219 332 0 1
218 332 0 1
217 332 0 1
222 331 0 1
221 331 0 1
220 331 0 1
219 331 0 1
218 331 0 1
217 331 0 1
216 331 0 1
221 330 0 1
220 330 0 1
219 330 0 1
218 330 0 1
217 330 0 1
216 330 0 1
221 329 0 1
220 329 0 1
219 329 0 1
218 329 0 1
217 329 0 1
216 329 0 1
215 329 0 1
220 328 0 1
219 328 0 1
218 328 0 1
217 328 0 1
216 328 0 1
215 328 0 1
214 328 0 1
219 327 0 1
218 327 0 1
217 327 0 1
216 327 0 1
215 327 0 1
214 327 0 1
218 326 0 1
217 326 0 1
216 326 0 1
215 326 0 1
214 326 0 1
218 325 0 1
217 325 0 1
216 325 0 1
215 325 0 1
214 325 0 1
213 325 0 1
217 324 0 1
216 324 0 1
215 324 0 1
214 324 0 1
213 324 0 1
217 323 0 1
216 323 0 1
215 323 0 1
214 323 0 1
213 323 0 1
212 323 0 1
217 322 0 1
216 322 0 1
215 322 0 1
214 322 0 1
213 322 0 1
212 322 0 1
216 321 0 1
215 321 0 1
214 321 0 1
213 321 0 1
212 321 0 1
216 320 0 1
215 320 0 1
214 320 0 1
213 320 0 1
212 320 0 1
211 320 0 1
215 319 0 1
214 319 0 1
213 319 0 1
212 319 0 1
211 319 0 1
215 318 0 1
214 318 0 1
213 318 0 1
212 318 0 1
211 318 0 1
210 318 0 1
215 317 0 1
214 317 0 1
213 317 0 1
212 317 0 1
211 317 0 1
210 317 0 1
209 317 0 1
214 316 0 1
213 316 0 1
212 316 0 1
211 316 0 1
210 316 0 1
209 316 0 1
208 316 0 1
213 315 0 1
212 315 0 1
211 315 0 1
210 315 0 1
209 315 0 1
208 315 0 1
207 315 0 1
212 314 0 1
211 314 0 1
210 314 0 1
209 314 0 1
208 314 0 1
207 314 0 1
211 313 0 1
210 313 0 1
209 313 0 1
208 313 0 1
207 313 0 1
206 313 0 1
211 312 0 1
210 312 0 1
209 312 0 1
208 312 0 1
207 312 0 1
206 312 0 1
210 311 0 1
209 311 0 1
208 311 0 1
207 311 0 1
206 311 0 1
205 311 0 1
413 310 0 0
412 310 0 0
411 310 0 0
410 310 0 0
210 310 0 1
209 310 0 1
208 310 0 1
207 310 0 1
206 310 0 1
205 310 0 1
204 310 0 1
413 309 0 0
412 309 0 0
411 309 0 0
410 309 0 0
209 309 0 1
208 309 0 1
207 309 0 1
206 309 0 1
205 309 0 1
204 309 0 1
413 308 0 0
412 308 0 0
411 308 0 0
410 308 0 0
208 308 0 1
207 308 0 1
206 308 0 1
205 308 0 1
204 308 0 1
203 308 0 1
413 307 0 0
412 307 0 0
411 307 0 0
410 307 0 0
208 307 0 1
207 307 0 1
206 307 0 1
205 307 0 1
204 307 0 1
203 307 0 1
202 307 0 1
413 306 0 0
412 306 0 0
411 306 0 0
410 306 0 0
207 306 0 1
206 306 0 1
205 306 0 1
204 306 0 1
203 306 0 1
202 306 0 1
201 306 0 1
413 305 0 0
412 305 0 0
411 305 0 0
410 305 0 0
206 305 0 1
205 305 0 1
204 305 0 1
203 305 0 1
202 305 0 1
201 305 0 1
200 305 0 1
413 304 0 0
412 304 0 0
411 304 0 0
410 304 0 0
205 304 0 1
204 304 0 1
203 304 0 1
202 304 0 1
201 304 0 1
200 304 0 1
199 304 0 1
413 303 0 0
412 303 0 0
411 303 0 0
410 303 0 0
205 303 0 1
204 303 0 1
203 303 0 1
202 303 0 1
201 303 0 1
200 303 0 1
199 303 0 1
413 302 0 0
412 302 0 0
411 302 0 0
410 302 0 0
204 302 0 1
203 302 0 1
202 302 0 1
201 302 0 1
200 302 0 1
199 302 0 1
198 302 0 1
413 301 0 0
412 301 0 0
411 301 0 0
410 301 0 0
203 301 0 1
202 301 0 1
201 301 0 1
200 301 0 1
199 301 0 1
198 301 0 1
197 301 0 1
413 300 0 0
412 300 0 0
411 300 0 0
410 300 0 0
202 300 0 1
201 300 0 1
200 300 0 1
199 300 0 1
198 300 0 1
197 300 0 1
196 300 0 1
413 299 0 0
412 299 0 0
411 299 0 0
410 299 0 0
201 299 0 1
200 299 0 1
199 299 0 1
198 299 0 1
197 299 0 1
196 299 0 1
195 299 0 1
413 298 0 0
412 298 0 0
411 298 0 0
410 298 0 0
200 298 0 1
199 298 0 1
198 298 0 1
197 298 0 1
196 298 0 1
195 298 0 1
194 298 0 1
413 297 0 0
412 297 0 0
411 297 0 0
410 297 0 0
200 297 0 1
199 297 0 1
198 297 0 1
197 297 0 1
196 297 0 1
195 297 0 1
194 297 0 1
413 296 0 0
412 296 0 0
411 296 0 0
410 296 0 0
199 296 0 1
198 296 0 1
197 296 0 1
196 296 0 1
195 296 0 1
194 296 0 1
193 296 0 1
413 295 0 0
412 295 0 0
411 295 0 0
410 295 0 0
198 295 0 1
197 295 0 1
196 295 0 1
195 295 0 1
194 295 0 1
193 295 0 1
192 295 0 1
413 294 0 0
412 294 0 0
411 294 0 0
410 294 0 0
197 294 0 1
196 294 0 1
195 294 0 1
194 294 0 1
193 294 0 1
192 294 0 1
413 293 0 0
412 293 0 0
411 293 0 0
410 293 0 0
196 293 0 1
195 293 0 1
194 293 0 1
193 293 0 1
192 293 0 1
191 293 0 1
413 292 0 0
412 292 0 0
411 292 0 0
410 292 0 0
196 292 0 1
195 292 0 1
194 292 0 1
193 292 0 1
192 292 0 1
191 292 0 1
413 291 0 0
412 291 0 0
411 291 0 0
410 291 0 0
195 291 0 1
194 291 0 1
193 291 0 1
192 291 0 1
191 291 0 1
190 291 0 1
413 290 0 0
412 290 0 0
411 290 0 0
410 290 0 0
194 290 0 1
193 290 0 1
192 290 0 1
191 290 0 1
190 290 0 1
189 290 0 1
413 289 0 0
412 289 0 0
411 289 0 0
410 289 0 0
194 289 0 1
193 289 0 1
192 289 0 1
191 289 0 1
190 289 0 1
189 289 0 1
413 288 0 0
412 288 0 0
411 288 0 0
410 288 0 0
193 288 0 1
192 288 0 1
191 288 0 1
190 288 0 1
189 288 0 1
188 288 0 1
413 287 0 0
412 287 0 0
411 287 0 0
410 287 0 0
193 287 0 1
192 287 0 1
191 287 0 1
190 287 0 1
189 287 0 1
188 287 0 1
187 287 0 1
413 286 0 0
412 286 0 0
411 286 0 0
410 286 0 0
192 286 0 1
191 286 0 1
190 286 0 1
189 286 0 1
188 286 0 1
187 286 0 1
186 286 0 1
413 285 0 0
412 285 0 0
411 285 0 0
410 285 0 0
191 285 0 1
190 285 0 1
189 285 0 1
188 285 0 1
187 285 0 1
186 285 0 1
413 284 0 0
412 284 0 0
411 284 0 0
410 284 0 0
191 284 0 1
190 284 0 1
189 284 0 1
188 284 0 1
187 284 0 1
186 284 0 1
185 284 0 1
413 283 0 0
412 283 0 0
411 283 0 0
410 283 0 0
190 283 0 1
189 283 0 1
188 283 0 1
187 283 0 1
186 283 0 1
185 283 0 1
184 283 0 1
413 282 0 0
412 282 0 0
411 282 0 0
410 282 0 0
189 282 0 1
188 282 0 1
187 282 0 1
186 282 0 1
185 282 0 1
184 282 0 1
413 281 0 0
412 281 0 0
411 281 0 0
410 281 0 0
409 281 0 0
188 281 0 1
187 281 0 1
186 281 0 1
185 281 0 1
184 281 0 1
183 281 0 1
413 280 0 0
412 280 0 0
411 280 0 0
410 280 0 0
409 280 0 0
187 280 0 1
186 280 0 1
185 280 0 1
184 280 0 1
183 280 0 1
182 280 0 1
413 279 0 0
412 279 0 0
411 279 0 0
410 279 0 0
409 279 0 0
187 279 0 1
186 279 0 1
185 279 0 1
184 279 0 1
183 279 0 1
182 279 0 1
413 278 0 0
412 278 0 0
411 278 0 0
410 278 0 0
409 278 0 0
186 278 0 1
185 278 0 1
184 278 0 1
183 278 0 1
182 278 0 1
181 278 0 1
413 277 0 0
412 277 0 0
411 277 0 0
410 277 0 0
409 277 0 0
185 277 0 1
184 277 0 1
183 277 0 1
182 277 0 1
181 277 0 1
180 277 0 1
413 276 0 0
412 276 0 0
411 276 0 0
410 276 0 0
409 276 0 0
379 276 0 1
378 276 0 1
377 276 0 1
376 276 0 1
375 276 0 1
374 276 0 1
373 276 0 1
372 276 0 1
371 276 0 1
370 276 0 1
369 276 0 1
368 276 0 1
367 276 0 1
366 276 0 1
365 276 0 1
364 276 0 1
363 276 0 1
362 276 0 1
361 276 0 1
360 276 0 1
359 276 0 1
358 276 0 1
357 276 0 1
356 276 0 1
355 276 0 1
354 276 0 1
353 276 0 1
352 276 0 1
351 276 0 1
350 276 0 1
349 276 0 1
348 276 0 1
347 276 0 1
346 276 0 1
345 276 0 1
344 276 0 1
343 276 0 1
342 276 0 1
341 276 0 1
340 276 0 1
339 276 0 1
338 276 0 1
337 276 0 1
336 276 0 1
335 276 0 1
334 276 0 1
333 276 0 1
185 276 0 1
184 276 0 1
183 276 0 1
182 276 0 1
181 276 0 1
180 276 0 1
179 276 0 1
413 275 0 0
412 275 0 0
411 275 0 0
410 275 0 0
409 275 0 0
379 275 0 1
378 275 0 1
377 275 0 1
376 275 0 1
375 275 0 1
374 275 0 1
373 275 0 1
372 275 0 1
371 275 0 1
370 275 0 1
369 275 0 1
368 275 0 1
367 275 0 1
366 275 0 1
365 275 0 1
364 275 0 1
363 275 0 1
362 275 0 1
361 275 0 1
360 275 0 1
359 275 0 1
358 275 0 1
357 275 0 1
356 275 0 1
355 275 0 1
354 275 0 1
353 275 0 1
352 275 0 1
351 275 0 1
350 275 0 1
349 275 0 1
348 275 0 1
347 275 0 1
346 275 0 1
345 275 0 1
344 275 0 1
343 275 0 1
342 275 0 1
341 275 0 1
340 275 0 1
339 275 0 1
338 275 0 1
337 275 0 1
336 275 0 1
335 275 0 1
334 275 0 1
333 275 0 1
332 275 0 1
331 275 0 1
330 275 0 1
184 275 0 1
183 275 0 1
182 275 0 1
181 275 0 1
180 275 0 1
179 275 0 1
178 275 0 1
413 274 0 0
412 274 0 0
411 274 0 0
410 274 0 0
409 274 0 0
379 274 0 1
378 274 0 1
377 274 0 1
376 274 0 1
375 274 0 1
374 274 0 1
373 274 0 1
372 274 0 1
371 274 0 1
370 274 0 1
369 274 0 1
368 274 0 1
367 274 0 1
366 274 0 1
365 274 0 1
364 274 0 1
363 274 0 1
362 274 0 1
361 274 0 1
360 274 0 1
359 274 0 1
358 274 0 1
357 274 0 1
356 274 0 1
355 274 0 1
354 274 0 1
353 274 0 1
352 274 0 1
351 274 0 1
350 274 0 1
349 274 0 1
348 274 0 1
347 274 0 1
346 274 0 1
345 274 0 1
344 274 0 1
343 274 0 1
342 274 0 1
341 274 0 1
340 274 0 1
339 274 0 1
338 274 0 1
337 274 0 1
336 274 0 1
335 274 0 1
334 274 0 1
333 274 0 1
332 274 0 1
331 274 0 1
330 274 0 1
329 274 0 1
328 274 0 1
327 274 0 1
183 274 0 1
182 274 0 1
181 274 0 1
180 274 0 1
179 274 0 1
178 274 0 1
177 274 0 1
413 273 0 0
412 273 0 0
411 273 0 0
410 273 0 0
409 273 0 0
379 273 0 1
378 273 0 1
377 273 0 1
376 273 0 1
375 273 0 1
374 273 0 1
373 273 0 1
372 273 0 1
371 273 0 1
370 273 0 1
369 273 0 1
368 273 0 1
367 273 0 1
366 273 0 1
365 273 0 1
364 273 0 1
363 273 0 1
362 273 0 1
361 273 0 1
360 273 0 1
359 273 0 1
358 273 0 1
357 273 0 1
356 273 0 1
355 273 0 1
354 273 0 1
353 273 0 1
352 273 0 1
351 273 0 1
350 273 0 1
349 273 0 1
348 273 0 1
347 273 0 1
346 273 0 1
345 273 0 1
344 273 0 1
343 273 0 1
342 273 0 1
341 273 0 1
340 273 0 1
339 273 0 1
338 273 0 1
337 273 0 1
336 273 0 1
335 273 0 1
334 273 0 1
333 273 0 1
332 273 0 1
331 273 0 1
330 273 0 1
329 273 0 1
328 273 0 1
327 273 0 1
326 273 0 1
325 273 0 1
324 273 0 1
182 273 0 1
181 273 0 1
180 273 0 1
179 273 0 1
178 273 0 1
177 273 0 1
413 272 0 0
412 272 0 0
411 272 0 0
410 272 0 0
409 272 0 0
341 272 0 1
340 272 0 1
339 272 0 1
338 272 0 1
337 272 0 1
336 272 0 1
335 272 0 1
334 272 0 1
333 272 0 1
332 272 0 1
331 272 0 1
330 272 0 1
329 272 0 1
328 272 0 1
327 272 0 1
326 272 0 1
325 272 0 1
324 272 0 1
323 272 0 1
322 272 0 1
181 272 0 1
180 272 0 1
179 272 0 1
178 272 0 1
177 272 0 1
413 271 0 0
412 271 0 0
411 271 0 0
410 271 0 0
409 271 0 0
333 271 0 1
332 271 0 1
331 271 0 1
330 271 0 1
329 271 0 1
328 271 0 1
327 271 0 1
326 271 0 1
325 271 0 1
324 271 0 1
323 271 0 1
322 271 0 1
321 271 0 1
320 271 0 1
181 271 0 1
180 271 0 1
179 271 0 1
178 271 0 1
177 271 0 1
176 271 0 1
413 270 0 0
412 270 0 0
411 270 0 0
410 270 0 0
409 270 0 0
408 270 0 0
330 270 0 1
329 270 0 1
328 270 0 1
327 270 0 1
326 270 0 1
325 270 0 1
324 270 0 1
323 270 0 1
322 270 0 1
321 270 0 1
320 270 0 1
319 270 0 1
318 270 0 1
317 270 0 1
180 270 0 1
179 270 0 1
178 270 0 1
177 270 0 1
176 270 0 1
412 269 0 0
411 269 0 0
410 269 0 0
409 269 0 0
408 269 0 0
327 269 0 1
326 269 0 1
325 269 0 1
324 269 0 1
323 269 0 1
322 269 0 1
321 269 0 1
320 269 0 1
319 269 0 1
318 269 0 1
317 269 0 1
316 269 0 1
180 269 0 1
179 269 0 1
178 269 0 1
177 269 0 1
176 269 0 1
175 269 0 1
412 268 0 0
411 268 0 0
410 268 0 0
409 268 0 0
408 268 0 0
325 268 0 1
324 268 0 1
323 268 0 1
322 268 0 1
321 268 0 1
320 268 0 1
319 268 0 1
318 268 0 1
317 268 0 1
316 268 0 1
315 268 0 1
314 268 0 1
180 268 0 1
179 268 0 1
178 268 0 1
177 268 0 1
176 268 0 1
175 268 0 1
412 267 0 0
411 267 0 0
410 267 0 0
409 267 0 0
408 267 0 0
322 267 0 1
321 267 0 1
320 267 0 1
319 267 0 1
318 267 0 1
317 267 0 1
316 267 0 1
315 267 0 1
314 267 0 1
313 267 0 1
179 267 0 1
178 267 0 1
177 267 0 1
176 267 0 1
175 267 0 1
174 267 0 1
412 266 0 0
411 266 0 0
410 266 0 0
409 266 0 0
408 266 0 0
320 266 0 1
319 266 0 1
318 266 0 1
317 266 0 1
316 266 0 1
315 266 0 1
314 266 0 1
313 266 0 1
312 266 0 1
178 266 0 1
177 266 0 1
176 266 0 1
175 266 0 1
174 266 0 1
173 266 0 1
412 265 0 0
411 265 0 0
410 265 0 0
409 265 0 0
408 265 0 0
407 265 0 0
318 265 0 1
317 265 0 1
316 265 0 1
315 265 0 1
314 265 0 1
313 265 0 1
312 265 0 1
311 265 0 1
310 265 0 1
178 265 0 1
177 265 0 1
176 265 0 1
175 265 0 1
174 265 0 1
173 265 0 1
411 264 0 0
410 264 0 0
409 264 0 0
408 264 0 0
407 264 0 0
317 264 0 1
316 264 0 1
315 264 0 1
314 264 0 1
313 264 0 1
312 264 0 1
311 264 0 1
310 264 0 1
309 264 0 1
177 264 0 1
176 264 0 1
175 264 0 1
174 264 0 1
173 264 0 1
172 264 0 1
411 263 0 0
410 263 0 0
409 263 0 0
408 263 0 0
407 263 0 0
316 263 0 1
315 263 0 1
314 263 0 1
313 263 0 1
312 263 0 1
311 263 0 1
310 263 0 1
309 263 0 1
308 263 0 1
307 263 0 1
177 263 0 1
176 263 0 1
175 263 0 1
174 263 0 1
173 263 0 1
172 263 0 1
171 263 0 1
411 262 0 0
410 262 0 0
409 262 0 0
408 262 0 0
407 262 0 0
314 262 0 1
313 262 0 1
312 262 0 1
311 262 0 1
310 262 0 1
309 262 0 1
308 262 0 1
307 262 0 1
306 262 0 1
305 262 0 1
176 262 0 1
175 262 0 1
174 262 0 1
173 262 0 1
172 262 0 1
171 262 0 1
411 261 0 0
410 261 0 0
409 261 0 0
408 261 0 0
407 261 0 0
313 261 0 1
312 261 0 1
311 261 0 1
310 261 0 1
309 261 0 1
308 261 0 1
307 261 0 1
306 261 0 1
305 261 0 1
304 261 0 1
175 261 0 1
174 261 0 1
173 261 0 1
172 261 0 1
171 261 0 1
170 261 0 1
411 260 0 0
410 260 0 0
409 260 0 0
408 260 0 0
407 260 0 0
311 260 0 1
310 260 0 1
309 260 0 1
308 260 0 1
307 260 0 1
306 260 0 1
305 260 0 1
304 260 0 1
303 260 0 1
175 260 0 1
174 260 0 1
173 260 0 1
172 260 0 1
171 260 0 1
170 260 0 1
410 259 0 0
409 259 0 0
408 259 0 0
407 259 0 0
309 259 0 1
308 259 0 1
307 259 0 1
306 259 0 1
305 259 0 1
304 259 0 1
303 259 0 1
302 259 0 1
174 259 0 1
173 259 0 1
172 259 0 1
171 259 0 1
170 259 0 1
410 258 0 0
409 258 0 0
408 258 0 0
407 258 0 0
308 258 0 1
307 258 0 1
306 258 0 1
305 258 0 1
304 258 0 1
303 258 0 1
302 258 0 1
301 258 0 1
174 258 0 1
173 258 0 1
172 258 0 1
171 258 0 1
170 258 0 1
410 257 0 0
409 257 0 0
408 257 0 0
407 257 0 0
306 257 0 1
305 257 0 1
304 257 0 1
303 257 0 1
302 257 0 1
301 257 0 1
300 257 0 1
174 257 0 1
173 257 0 1
172 257 0 1
171 257 0 1
170 257 0 1
169 257 0 1
410 256 0 0
409 256 0 0
408 256 0 0
407 256 0 0
305 256 0 1
304 256 0 1
303 256 0 1
302 256 0 1
301 256 0 1
300 256 0 1
299 256 0 1
173 256 0 1
172 256 0 1
171 256 0 1
170 256 0 1
169 256 0 1
410 255 0 0
409 255 0 0
408 255 0 0
407 255 0 0
406 255 0 0
304 255 0 1
303 255 0 1
302 255 0 1
301 255 0 1
300 255 0 1
299 255 0 1
173 255 0 1
172 255 0 1
171 255 0 1
170 255 0 1
169 255 0 1
410 254 0 0
409 254 0 0
408 254 0 0
407 254 0 0
406 254 0 0
303 254 0 1
302 254 0 1
301 254 0 1
300 254 0 1
299 254 0 1
298 254 0 1
173 254 0 1
172 254 0 1
171 254 0 1
170 254 0 1
169 254 0 1
168 254 0 1
410 253 0 0
409 253 0 0
408 253 0 0
407 253 0 0
406 253 0 0
303 253 0 1
302 253 0 1
301 253 0 1
300 253 0 1
299 253 0 1
298 253 0 1
173 253 0 1
172 253 0 1
171 253 0 1
170 253 0 1
169 253 0 1
168 253 0 1
410 252 0 0
409 252 0 0
408 252 0 0
407 252 0 0
406 252 0 0
302 252 0 1
301 252 0 1
300 252 0 1
299 252 0 1
298 252 0 1
297 252 0 1
172 252 0 1
171 252 0 1
170 252 0 1
169 252 0 1
168 252 0 1
410 251 0 0
409 251 0 0
408 251 0 0
407 251 0 0
406 251 0 0
302 251 0 1
301 251 0 1
300 251 0 1
299 251 0 1
298 251 0 1
297 251 0 1
172 251 0 1
171 251 0 1
170 251 0 1
169 251 0 1
168 251 0 1
167 251 0 1
410 250 0 0
409 250 0 0
408 250 0 0
407 250 0 0
406 250 0 0
301 250 0 1
300 250 0 1
299 250 0 1
298 250 0 1
297 250 0 1
296 250 0 1
172 250 0 1
171 250 0 1
170 250 0 1
169 250 0 1
168 250 0 1
167 250 0 1
410 249 0 0
409 249 0 0
408 249 0 0
407 249 0 0
406 249 0 0
405 249 0 0
301 249 0 1
300 249 0 1
299 249 0 1
298 249 0 1
297 249 0 1
296 249 0 1
171 249 0 1
170 249 0 1
169 249 0 1
168 249 0 1
167 249 0 1
409 248 0 0
408 248 0 0
407 248 0 0
406 248 0 0
405 248 0 0
300 248 0 1
299 248 0 1
298 248 0 1
297 248 0 1
296 248 0 1
295 248 0 1
171 248 0 1
170 248 0 1
169 248 0 1
168 248 0 1
167 248 0 1
166 248 0 1
409 247 0 0
408 247 0 0
407 247 0 0
406 247 0 0
405 247 0 0
300 247 0 1
299 247 0 1
298 247 0 1
297 247 0 1
296 247 0 1
295 247 0 1
294 247 0 1
171 247 0 1
170 247 0 1
169 247 0 1
168 247 0 1
167 247 0 1
166 247 0 1
409 246 0 0
408 246 0 0
407 246 0 0
406 246 0 0
405 246 0 0
299 246 0 1
298 246 0 1
297 246 0 1
296 246 0 1
295 246 0 1
294 246 0 1
170 246 0 1
169 246 0 1
168 246 0 1
167 246 0 1
166 246 0 1
409 245 0 0
408 245 0 0
407 245 0 0
406 245 0 0
405 245 0 0
404 245 0 0
298 245 0 1
297 245 0 1
296 245 0 1
295 245 0 1
294 245 0 1
170 245 0 1
169 245 0 1
168 245 0 1
167 245 0 1
166 245 0 1
165 245 0 1
409 244 0 0
408 244 0 0
407 244 0 0
406 244 0 0
405 244 0 0
404 244 0 0
298 244 0 1
297 244 0 1
296 244 0 1
295 244 0 1
294 244 0 1
293 244 0 1
170 244 0 1
169 244 0 1
168 244 0 1
167 244 0 1
166 244 0 1
165 244 0 1
408 243 0 0
407 243 0 0
406 243 0 0
405 243 0 0
404 243 0 0
297 243 0 1
296 243 0 1
295 243 0 1
294 243 0 1
293 243 0 1
169 243 0 1
168 243 0 1
167 243 0 1
166 243 0 1
165 243 0 1
164 243 0 1
408 242 0 0
407 242 0 0
406 242 0 0
405 242 0 0
404 242 0 0
297 242 0 1
296 242 0 1
295 242 0 1
294 242 0 1
293 242 0 1
169 242 0 1
168 242 0 1
167 242 0 1
166 242 0 1
165 242 0 1
164 242 0 1
408 241 0 0
407 241 0 0
406 241 0 0
405 241 0 0
404 241 0 0
297 241 0 1
296 241 0 1
295 241 0 1
294 241 0 1
293 241 0 1
168 241 0 1
167 241 0 1
166 241 0 1
165 241 0 1
164 241 0 1
163 241 0 1
408 240 0 0
407 240 0 0
406 240 0 0
405 240 0 0
404 240 0 0
403 240 0 0
297 240 0 1
296 240 0 1
295 240 0 1
294 240 0 1
293 240 0 1
168 240 0 1
167 240 0 1
166 240 0 1
165 240 0 1
164 240 0 1
163 240 0 1
407 239 0 0
406 239 0 0
405 239 0 0
404 239 0 0
403 239 0 0
297 239 0 1
296 239 0 1
295 239 0 1
294 239 0 1
293 239 0 1
292 239 0 1
167 239 0 1
166 239 0 1
165 239 0 1
164 239 0 1
163 239 0 1
162 239 0 1
407 238 0 0
406 238 0 0
405 238 0 0
404 238 0 0
403 238 0 0
296 238 0 1
295 238 0 1
294 238 0 1
293 238 0 1
292 238 0 1
167 238 0 1
166 238 0 1
165 238 0 1
164 238 0 1
163 238 0 1
162 238 0 1
407 237 0 0
406 237 0 0
405 237 0 0
404 237 0 0
403 237 0 0
296 237 0 1
295 237 0 1
294 237 0 1
293 237 0 1
292 237 0 1
166 237 0 1
165 237 0 1
164 237 0 1
163 237 0 1
162 237 0 1
407 236 0 0
406 236 0 0
405 236 0 0
404 236 0 0
403 236 0 0
296 236 0 1
295 236 0 1
294 236 0 1
293 236 0 1
292 236 0 1
166 236 0 1
165 236 0 1
164 236 0 1
163 236 0 1
162 236 0 1
407 235 0 0
406 235 0 0
405 235 0 0
404 235 0 0
403 235 0 0
296 235 0 1
295 235 0 1
294 235 0 1
293 235 0 1
292 235 0 1
291 235 0 1
166 235 0 1
165 235 0 1
164 235 0 1
163 235 0 1
162 235 0 1
161 235 0 1
407 234 0 0
406 234 0 0
405 234 0 0
404 234 0 0
403 234 0 0
296 234 0 1
295 234 0 1
294 234 0 1
293 234 0 1
292 234 0 1
291 234 0 1
165 234 0 1
164 234 0 1
163 234 0 1
162 234 0 1
161 234 0 1
407 233 0 0
406 233 0 0
405 233 0 0
404 233 0 0
403 233 0 0
295 233 0 1
294 233 0 1
293 233 0 1
292 233 0 1
291 233 0 1
165 233 0 1
164 233 0 1
163 233 0 1
162 233 0 1
161 233 0 1
406 232 0 0
405 232 0 0
404 232 0 0
403 232 0 0
402 232 0 0
295 232 0 1
294 232 0 1
293 232 0 1
292 232 0 1
291 232 0 1
165 232 0 1
164 232 0 1
163 232 0 1
162 232 0 1
161 232 0 1
160 232 0 1
406 231 0 0
405 231 0 0
404 231 0 0
403 231 0 0
402 231 0 0
295 231 0 1
294 231 0 1
293 231 0 1
292 231 0 1
291 231 0 1
165 231 0 1
164 231 0 1
163 231 0 1
162 231 0 1
161 231 0 1
160 231 0 1
406 230 0 0
405 230 0 0
404 230 0 0
403 230 0 0
402 230 0 0
295 230 0 1
294 230 0 1
293 230 0 1
292 230 0 1
291 230 0 1
164 230 0 1
163 230 0 1
162 230 0 1
161 230 0 1
160 230 0 1
406 229 0 0
405 229 0 0
404 229 0 0
403 229 0 0
402 229 0 0
294 229 0 1
293 229 0 1
292 229 0 1
291 229 0 1
164 229 0 1
163 229 0 1
162 229 0 1
161 229 0 1
160 229 0 1
406 228 0 0
405 228 0 0
404 228 0 0
403 228 0 0
402 228 0 0
294 228 0 1
293 228 0 1
292 228 0 1
291 228 0 1
164 228 0 1
163 228 0 1
162 228 0 1
161 228 0 1
160 228 0 1
159 228 0 1
406 227 0 0
405 227 0 0
404 227 0 0
403 227 0 0
402 227 0 0
294 227 0 1
293 227 0 1
292 227 0 1
291 227 0 1
163 227 0 1
162 227 0 1
161 227 0 1
160 227 0 1
159 227 0 1
406 226 0 0
405 226 0 0
404 226 0 0
403 226 0 0
402 226 0 0
294 226 0 1
293 226 0 1
292 226 0 1
291 226 0 1
163 226 0 1
162 226 0 1
161 226 0 1
160 226 0 1
159 226 0 1
406 225 0 0
405 225 0 0
404 225 0 0
403 225 0 0
402 225 0 0
294 225 0 1
293 225 0 1
292 225 0 1
291 225 0 1
163 225 0 1
162 225 0 1
161 225 0 1
160 225 0 1
159 225 0 1
406 224 0 0
405 224 0 0
404 224 0 0
403 224 0 0
402 224 0 0
294 224 0 1
293 224 0 1
292 224 0 1
291 224 0 1
163 224 0 1
162 224 0 1
161 224 0 1
160 224 0 1
159 224 0 1
405 223 0 0
404 223 0 0
403 223 0 0
402 223 0 0
401 223 0 0
294 223 0 1
293 223 0 1
292 223 0 1
291 223 0 1
162 223 0 1
161 223 0 1
160 223 0 1
159 223 0 1
405 222 0 0
404 222 0 0
403 222 0 0
402 222 0 0
401 222 0 0
294 222 0 1
293 222 0 1
292 222 0 1
291 222 0 1
162 222 0 1
161 222 0 1
160 222 0 1
159 222 0 1
405 221 0 0
404 221 0 0
403 221 0 0
402 221 0 0
401 221 0 0
294 221 0 1
293 221 0 1
292 221 0 1
291 221 0 1
162 221 0 1
161 221 0 1
160 221 0 1
159 221 0 1
405 220 0 0
404 220 0 0
403 220 0 0
402 220 0 0
401 220 0 0
294 220 0 1
293 220 0 1
292 220 0 1
291 220 0 1
162 220 0 1
161 220 0 1
160 220 0 1
159 220 0 1
405 219 0 0
404 219 0 0
403 219 0 0
402 219 0 0
401 219 0 0
294 219 0 1
293 219 0 1
292 219 0 1
291 219 0 1
162 219 0 1
161 219 0 1
160 219 0 1
159 219 0 1
405 218 0 0
404 218 0 0
403 218 0 0
402 218 0 0
401 218 0 0
294 218 0 1
293 218 0 1
292 218 0 1
291 218 0 1
162 218 0 1
161 218 0 1
160 218 0 1
159 218 0 1
405 217 0 0
404 217 0 0
403 217 0 0
402 217 0 0
401 217 0 0
294 217 0 1
293 217 0 1
292 217 0 1
291 217 0 1
162 217 0 1
161 217 0 1
160 217 0 1
159 217 0 1
158 217 0 1
405 216 0 0
404 216 0 0
403 216 0 0
402 216 0 0
401 216 0 0
400 216 0 0
294 216 0 1
293 216 0 1
292 216 0 1
291 216 0 1
162 216 0 1
161 216 0 1
160 216 0 1
159 216 0 1
158 216 0 1
404 215 0 0
403 215 0 0
402 215 0 0
401 215 0 0
400 215 0 0
294 215 0 1
293 215 0 1
292 215 0 1
291 215 0 1
162 215 0 1
161 215 0 1
160 215 0 1
159 215 0 1
158 215 0 1
404 214 0 0
403 214 0 0
402 214 0 0
401 214 0 0
400 214 0 0
294 214 0 1
293 214 0 1
292 214 0 1
291 214 0 1
162 214 0 1
161 214 0 1
160 214 0 1
159 214 0 1
158 214 0 1
404 213 0 0
403 213 0 0
402 213 0 0
401 213 0 0
400 213 0 0
294 213 0 1
293 213 0 1
292 213 0 1
291 213 0 1
162 213 0 1
161 213 0 1
160 213 0 1
159 213 0 1
158 213 0 1
404 212 0 0
403 212 0 0
402 212 0 0
401 212 0 0
400 212 0 0
294 212 0 1
293 212 0 1
292 212 0 1
291 212 0 1
162 212 0 1
161 212 0 1
160 212 0 1
159 212 0 1
158 212 0 1
404 211 0 0
403 211 0 0
402 211 0 0
401 211 0 0
400 211 0 0
399 211 0 0
294 211 0 1
293 211 0 1
292 211 0 1
291 211 0 1
161 211 0 1
160 211 0 1
159 211 0 1
158 211 0 1
157 211 0 1
403 210 0 0
402 210 0 0
401 210 0 0
400 210 0 0
399 210 0 0
294 210 0 1
293 210 0 1
292 210 0 1
291 210 0 1
161 210 0 1
160 210 0 1
159 210 0 1
158 210 0 1
157 210 0 1
403 209 0 0
402 209 0 0
401 209 0 0
400 209 0 0
399 209 0 0
294 209 0 1
293 209 0 1
292 209 0 1
291 209 0 1
161 209 0 1
160 209 0 1
159 209 0 1
158 209 0 1
157 209 0 1
403 208 0 0
402 208 0 0
401 208 0 0
400 208 0 0
399 208 0 0
294 208 0 1
293 208 0 1
292 208 0 1
291 208 0 1
161 208 0 1
160 208 0 1
159 208 0 1
158 208 0 1
157 208 0 1
403 207 0 0
402 207 0 0
401 207 0 0
400 207 0 0
399 207 0 0
398 207 0 0
294 207 0 1
293 207 0 1
292 207 0 1
291 207 0 1
161 207 0 1
160 207 0 1
159 207 0 1
158 207 0 1
157 207 0 1
403 206 0 0
402 206 0 0
401 206 0 0
400 206 0 0
399 206 0 0
398 206 0 0
294 206 0 1
293 206 0 1
292 206 0 1
291 206 0 1
161 206 0 1
160 206 0 1
159 206 0 1
158 206 0 1
157 206 0 1
402 205 0 0
401 205 0 0
400 205 0 0
399 205 0 0
398 205 0 0
294 205 0 1
293 205 0 1
292 205 0 1
291 205 0 1
161 205 0 1
160 205 0 1
159 205 0 1
158 205 0 1
157 205 0 1
402 204 0 0
401 204 0 0
400 204 0 0
399 204 0 0
398 204 0 0
294 204 0 1
293 204 0 1
292 204 0 1
291 204 0 1
161 204 0 1
160 204 0 1
159 204 0 1
158 204 0 1
157 204 0 1
402 203 0 0
401 203 0 0
400 203 0 0
399 203 0 0
398 203 0 0
294 203 0 1
293 203 0 1
292 203 0 1
291 203 0 1
160 203 0 1
159 203 0 1
158 203 0 1
157 203 0 1
402 202 0 0
401 202 0 0
400 202 0 0
399 202 0 0
398 202 0 0
397 202 0 0
294 202 0 1
293 202 0 1
292 202 0 1
291 202 0 1
160 202 0 1
159 202 0 1
158 202 0 1
157 202 0 1
402 201 0 0
401 201 0 0
400 201 0 0
399 201 0 0
398 201 0 0
397 201 0 0
294 201 0 1
293 201 0 1
292 201 0 1
291 201 0 1
160 201 0 1
159 201 0 1
158 201 0 1
157 201 0 1
401 200 0 0
400 200 0 0
399 200 0 0
398 200 0 0
397 200 0 0
294 200 0 1
293 200 0 1
292 200 0 1
291 200 0 1
160 200 0 1
159 200 0 1
158 200 0 1
157 200 0 1
401 199 0 0
400 199 0 0
399 199 0 0
398 199 0 0
397 199 0 0
294 199 0 1
293 199 0 1
292 199 0 1
291 199 0 1
160 199 0 1
159 199 0 1
158 199 0 1
157 199 0 1
401 198 0 0
400 198 0 0
399 198 0 0
398 198 0 0
397 198 0 0
294 198 0 1
293 198 0 1
292 198 0 1
291 198 0 1
160 198 0 1
159 198 0 1
158 198 0 1
157 198 0 1
401 197 0 0
400 197 0 0
399 197 0 0
398 197 0 0
397 197 0 0
294 197 0 1
293 197 0 1
292 197 0 1
291 197 0 1
160 197 0 1
159 197 0 1
158 197 0 1
157 197 0 1
401 196 0 0
400 196 0 0
399 196 0 0
398 196 0 0
397 196 0 0
396 196 0 0
294 196 0 1
293 196 0 1
292 196 0 1
291 196 0 1
160 196 0 1
159 196 0 1
158 196 0 1
157 196 0 1
400 195 0 0
399 195 0 0
398 195 0 0
397 195 0 0
396 195 0 0
294 195 0 1
293 195 0 1
292 195 0 1
291 195 0 1
160 195 0 1
159 195 0 1
158 195 0 1
157 195 0 1
400 194 0 0
399 194 0 0
398 194 0 0
397 194 0 0
396 194 0 0
294 194 0 1
293 194 0 1
292 194 0 1
291 194 0 1
160 194 0 1
159 194 0 1
158 194 0 1
157 194 0 1
400 193 0 0
399 193 0 0
398 193 0 0
397 193 0 0
396 193 0 0
294 193 0 1
293 193 0 1
292 193 0 1
291 193 0 1
160 193 0 1
159 193 0 1
158 193 0 1
157 193 0 1
400 192 0 0
399 192 0 0
398 192 0 0
397 192 0 0
396 192 0 0
294 192 0 1
293 192 0 1
292 192 0 1
291 192 0 1
160 192 0 1
159 192 0 1
158 192 0 1
157 192 0 1
400 191 0 0
399 191 0 0
398 191 0 0
397 191 0 0
396 191 0 0
294 191 0 1
293 191 0 1
292 191 0 1
291 191 0 1
160 191 0 1
159 191 0 1
158 191 0 1
157 191 0 1
400 190 0 0
399 190 0 0
398 190 0 0
397 190 0 0
396 190 0 0
294 190 0 1
293 190 0 1
292 190 0 1
291 190 0 1
160 190 0 1
159 190 0 1
158 190 0 1
157 190 0 1
400 189 0 0
399 189 0 0
398 189 0 0
397 189 0 0
396 189 0 0
294 189 0 1
293 189 0 1
292 189 0 1
291 189 0 1
160 189 0 1
159 189 0 1
158 189 0 1
157 189 0 1
399 188 0 0
398 188 0 0
397 188 0 0
396 188 0 0
395 188 0 0
294 188 0 1
293 188 0 1
292 188 0 1
291 188 0 1
160 188 0 1
159 188 0 1
158 188 0 1
157 188 0 1
399 187 0 0
398 187 0 0
397 187 0 0
396 187 0 0
395 187 0 0
294 187 0 1
293 187 0 1
292 187 0 1
291 187 0 1
160 187 0 1
159 187 0 1
158 187 0 1
157 187 0 1
399 186 0 0
398 186 0 0
397 186 0 0
396 186 0 0
395 186 0 0
294 186 0 1
293 186 0 1
292 186 0 1
291 186 0 1
160 186 0 1
159 186 0 1
158 186 0 1
157 186 0 1
399 185 0 0
398 185 0 0
397 185 0 0
396 185 0 0
395 185 0 0
294 185 0 1
293 185 0 1
292 185 0 1
291 185 0 1
160 185 0 1
159 185 0 1
158 185 0 1
157 185 0 1
399 184 0 0
398 184 0 0
397 184 0 0
396 184 0 0
395 184 0 0
294 184 0 1
293 184 0 1
292 184 0 1
291 184 0 1
160 184 0 1
159 184 0 1
158 184 0 1
157 184 0 1
399 183 0 0
398 183 0 0
397 183 0 0
396 183 0 0
395 183 0 0
294 183 0 1
293 183 0 1
292 183 0 1
291 183 0 1
160 183 0 1
159 183 0 1
158 183 0 1
157 183 0 1
398 182 0 0
397 182 0 0
396 182 0 0
395 182 0 0
294 182 0 1
293 182 0 1
292 182 0 1
291 182 0 1
160 182 0 1
159 182 0 1
158 182 0 1
157 182 0 1
398 181 0 0
397 181 0 0
396 181 0 0
395 181 0 0
294 181 0 1
293 181 0 1
292 181 0 1
291 181 0 1
160 181 0 1
159 181 0 1
158 181 0 1
157 181 0 1
398 180 0 0
397 180 0 0
396 180 0 0
395 180 0 0
294 180 0 1
293 180 0 1
292 180 0 1
291 180 0 1
160 180 0 1
159 180 0 1
158 180 0 1
157 180 0 1
56 180 0 0
55 180 0 0
54 180 0 0
53 180 0 0
398 179 0 0
397 179 0 0
396 179 0 0
395 179 0 0
294 179 0 1
293 179 0 1
292 179 0 1
291 179 0 1
160 179 0 1
159 179 0 1
158 179 0 1
157 179 0 1
56 179 0 0
55 179 0 0
54 179 0 0
53 179 0 0
398 178 0 0
397 178 0 0
396 178 0 0
395 178 0 0
294 178 0 1
293 178 0 1
292 178 0 1
291 178 0 1
160 178 0 1
159 178 0 1
158 178 0 1
157 178 0 1
56 178 0 0
55 178 0 0
54 178 0 0
53 178 0 0
398 177 0 0
397 177 0 0
396 177 0 0
395 177 0 0
294 177 0 1
293 177 0 1
292 177 0 1
291 177 0 1
160 177 0 1
159 177 0 1
158 177 0 1
157 177 0 1
56 177 0 0
55 177 0 0
54 177 0 0
53 177 0 0
398 176 0 0
397 176 0 0
396 176 0 0
395 176 0 0
294 176 0 1
293 176 0 1
292 176 0 1
291 176 0 1
161 176 0 1
160 176 0 1
159 176 0 1
158 176 0 1
157 176 0 1
56 176 0 0
55 176 0 0
54 176 0 0
53 176 0 0
398 175 0 0
397 175 0 0
396 175 0 0
395 175 0 0
394 175 0 0
294 175 0 1
293 175 0 1
292 175 0 1
291 175 0 1
161 175 0 1
160 175 0 1
159 175 0 1
158 175 0 1
157 175 0 1
56 175 0 0
55 175 0 0
54 175 0 0
53 175 0 0
398 174 0 0
397 174 0 0
396 174 0 0
395 174 0 0
394 174 0 0
294 174 0 1
293 174 0 1
292 174 0 1
291 174 0 1
161 174 0 1
160 174 0 1
159 174 0 1
158 174 0 1
157 174 0 1
56 174 0 0
55 174 0 0
54 174 0 0
53 174 0 0
398 173 0 0
397 173 0 0
396 173 0 0
395 173 0 0
394 173 0 0
294 173 0 1
293 173 0 1
292 173 0 1
291 173 0 1
161 173 0 1
160 173 0 1
159 173 0 1
158 173 0 1
157 173 0 1
56 173 0 0
55 173 0 0
54 173 0 0
53 173 0 0
398 172 0 0
397 172 0 0
396 172 0 0
395 172 0 0
394 172 0 0
294 172 0 1
293 172 0 1
292 172 0 1
291 172 0 1
161 172 0 1
160 172 0 1
159 172 0 1
158 172 0 1
157 172 0 1
56 172 0 0
55 172 0 0
54 172 0 0
53 172 0 0
398 171 0 0
397 171 0 0
396 171 0 0
395 171 0 0
394 171 0 0
294 171 0 1
293 171 0 1
292 171 0 1
291 171 0 1
161 171 0 1
160 171 0 1
159 171 0 1
158 171 0 1
157 171 0 1
56 171 0 0
55 171 0 0
54 171 0 0
53 171 0 0
398 170 0 0
397 170 0 0
396 170 0 0
395 170 0 0
394 170 0 0
294 170 0 1
293 170 0 1
292 170 0 1
291 170 0 1
161 170 0 1
160 170 0 1
159 170 0 1
158 170 0 1
157 170 0 1
56 170 0 0
55 170 0 0
54 170 0 0
53 170 0 0
397 169 0 0
396 169 0 0
395 169 0 0
394 169 0 0
294 169 0 1
293 169 0 1
292 169 0 1
291 169 0 1
161 169 0 1
160 169 0 1
159 169 0 1
158 169 0 1
157 169 0 1
57 169 0 0
56 169 0 0
55 169 0 0
54 169 0 0
53 169 0 0
397 168 0 0
396 168 0 0
395 168 0 0
394 168 0 0
294 168 0 1
293 168 0 1
292 168 0 1
291 168 0 1
161 168 0 1
160 168 0 1
159 168 0 1
158 168 0 1
157 168 0 1
57 168 0 0
56 168 0 0
55 168 0 0
54 168 0 0
53 168 0 0
397 167 0 0
396 167 0 0
395 167 0 0
394 167 0 0
393 167 0 0
294 167 0 1
293 167 0 1
292 167 0 1
291 167 0 1
162 167 0 1
161 167 0 1
160 167 0 1
159 167 0 1
158 167 0 1
157 167 0 1
57 167 0 0
56 167 0 0
55 167 0 0
54 167 0 0
53 167 0 0
397 166 0 0
396 166 0 0
395 166 0 0
394 166 0 0
393 166 0 0
294 166 0 1
293 166 0 1
292 166 0 1
291 166 0 1
162 166 0 1
161 166 0 1
160 166 0 1
159 166 0 1
158 166 0 1
58 166 0 0
57 166 0 0
56 166 0 0
55 166 0 0
54 166 0 0
53 166 0 0
397 165 0 0
396 165 0 0
395 165 0 0
394 165 0 0
393 165 0 0
294 165 0 1
293 165 0 1
292 165 0 1
291 165 0 1
162 165 0 1
161 165 0 1
160 165 0 1
159 165 0 1
158 165 0 1
58 165 0 0
57 165 0 0
56 165 0 0
55 165 0 0
54 165 0 0
397 164 0 0
396 164 0 0
395 164 0 0
394 164 0 0
393 164 0 0
294 164 0 1
293 164 0 1
292 164 0 1
291 164 0 1
162 164 0 1
161 164 0 1
160 164 0 1
159 164 0 1
158 164 0 1
59 164 0 0
58 164 0 0
57 164 0 0
56 164 0 0
55 164 0 0
54 164 0 0
397 163 0 0
396 163 0 0
395 163 0 0
394 163 0 0
393 163 0 0
294 163 0 1
293 163 0 1
292 163 0 1
291 163 0 1
162 163 0 1
161 163 0 1
160 163 0 1
159 163 0 1
158 163 0 1
59 163 0 0
58 163 0 0
57 163 0 0
56 163 0 0
55 163 0 0
54 163 0 0
397 162 0 0
396 162 0 0
395 162 0 0
394 162 0 0
393 162 0 0
294 162 0 1
293 162 0 1
292 162 0 1
291 162 0 1
162 162 0 1
161 162 0 1
160 162 0 1
159 162 0 1
158 162 0 1
59 162 0 0
58 162 0 0
57 162 0 0
56 162 0 0
55 162 0 0
397 161 0 0
396 161 0 0
395 161 0 0
394 161 0 0
393 161 0 0
294 161 0 1
293 161 0 1
292 161 0 1
291 161 0 1
290 161 0 1
162 161 0 1
161 161 0 1
160 161 0 1
159 161 0 1
158 161 0 1
59 161 0 0
58 161 0 0
57 161 0 0
56 161 0 0
55 161 0 0
397 160 0 0
396 160 0 0
395 160 0 0
394 160 0 0
393 160 0 0
294 160 0 1
293 160 0 1
292 160 0 1
291 160 0 1
290 160 0 1
162 160 0 1
161 160 0 1
160 160 0 1
159 160 0 1
158 160 0 1
59 160 0 0
58 160 0 0
57 160 0 0
56 160 0 0
55 160 0 0
397 159 0 0
396 159 0 0
395 159 0 0
394 159 0 0
393 159 0 0
294 159 0 1
293 159 0 1
292 159 0 1
291 159 0 1
290 159 0 1
162 159 0 1
161 159 0 1
160 159 0 1
159 159 0 1
158 159 0 1
60 159 0 0
59 159 0 0
58 159 0 0
57 159 0 0
56 159 0 0
55 159 0 0
397 158 0 0
396 158 0 0
395 158 0 0
394 158 0 0
393 158 0 0
294 158 0 1
293 158 0 1
292 158 0 1
291 158 0 1
290 158 0 1
163 158 0 1
162 158 0 1
161 158 0 1
160 158 0 1
159 158 0 1
158 158 0 1
60 158 0 0
59 158 0 0
58 158 0 0
57 158 0 0
56 158 0 0
55 158 0 0
397 157 0 0
396 157 0 0
395 157 0 0
394 157 0 0
393 157 0 0
294 157 0 1
293 157 0 1
292 157 0 1
291 157 0 1
290 157 0 1
163 157 0 1
162 157 0 1
161 157 0 1
160 157 0 1
159 157 0 1
60 157 0 0
59 157 0 0
58 157 0 0
57 157 0 0
56 157 0 0
397 156 0 0
396 156 0 0
395 156 0 0
394 156 0 0
393 156 0 0
294 156 0 1
293 156 0 1
292 156 0 1
291 156 0 1
290 156 0 1
163 156 0 1
162 156 0 1
161 156 0 1
160 156 0 1
159 156 0 1
60 156 0 0
59 156 0 0
58 156 0 0
57 156 0 0
56 156 0 0
396 155 0 0
395 155 0 0
394 155 0 0
393 155 0 0
294 155 0 1
293 155 0 1
292 155 0 1
291 155 0 1
290 155 0 1
164 155 0 1
163 155 0 1
162 155 0 1
161 155 0 1
160 155 0 1
159 155 0 1
60 155 0 0
59 155 0 0
58 155 0 0
57 155 0 0
56 155 0 0
396 154 0 0
395 154 0 0
394 154 0 0
393 154 0 0
294 154 0 1
293 154 0 1
292 154 0 1
291 154 0 1
290 154 0 1
164 154 0 1
163 154 0 1
162 154 0 1
161 154 0 1
160 154 0 1
159 154 0 1
60 154 0 0
59 154 0 0
58 154 0 0
57 154 0 0
396 153 0 0
395 153 0 0
394 153 0 0
393 153 0 0
294 153 0 1
293 153 0 1
292 153 0 1
291 153 0 1
290 153 0 1
164 153 0 1
163 153 0 1
162 153 0 1
161 153 0 1
160 153 0 1
60 153 0 0
59 153 0 0
58 153 0 0
57 153 0 0
396 152 0 0
395 152 0 0
394 152 0 0
393 152 0 0
294 152 0 1
293 152 0 1
292 152 0 1
291 152 0 1
290 152 0 1
165 152 0 1
164 152 0 1
163 152 0 1
162 152 0 1
161 152 0 1
160 152 0 1
60 152 0 0
59 152 0 0
58 152 0 0
57 152 0 0
396 151 0 0
395 151 0 0
394 151 0 0
393 151 0 0
294 151 0 1
293 151 0 1
292 151 0 1
291 151 0 1
290 151 0 1
165 151 0 1
164 151 0 1
163 151 0 1
162 151 0 1
161 151 0 1
160 151 0 1
60 151 0 0
59 151 0 0
58 151 0 0
57 151 0 0
396 150 0 0
395 150 0 0
394 150 0 0
393 150 0 0
294 150 0 1
293 150 0 1
292 150 0 1
291 150 0 1
290 150 0 1
165 150 0 1
164 150 0 1
163 150 0 1
162 150 0 1
161 150 0 1
61 150 0 0
60 150 0 0
59 150 0 0
58 150 0 0
57 150 0 0
396 149 0 0
395 149 0 0
394 149 0 0
393 149 0 0
294 149 0 1
293 149 0 1
292 149 0 1
291 149 0 1
290 149 0 1
166 149 0 1
165 149 0 1
164 149 0 1
163 149 0 1
162 149 0 1
161 149 0 1
61 149 0 0
60 149 0 0
59 149 0 0
58 149 0 0
57 149 0 0
396 148 0 0
395 148 0 0
394 148 0 0
393 148 0 0
294 148 0 1
293 148 0 1
292 148 0 1
291 148 0 1
290 148 0 1
166 148 0 1
165 148 0 1
164 148 0 1
163 148 0 1
162 148 0 1
161 148 0 1
62 148 0 0
61 148 0 0
60 148 0 0
59 148 0 0
58 148 0 0
57 148 0 0
396 147 0 0
395 147 0 0
394 147 0 0
393 147 0 0
293 147 0 1
292 147 0 1
291 147 0 1
290 147 0 1
289 147 0 1
166 147 0 1
165 147 0 1
164 147 0 1
163 147 0 1
162 147 0 1
62 147 0 0
61 147 0 0
60 147 0 0
59 147 0 0
58 147 0 0
396 146 0 0
395 146 0 0
394 146 0 0
393 146 0 0
293 146 0 1
292 146 0 1
291 146 0 1
290 146 0 1
289 146 0 1
167 146 0 1
166 146 0 1
165 146 0 1
164 146 0 1
163 146 0 1
162 146 0 1
62 146 0 0
61 146 0 0
60 146 0 0
59 146 0 0
58 146 0 0
396 145 0 0
395 145 0 0
394 145 0 0
393 145 0 0
293 145 0 1
292 145 0 1
291 145 0 1
290 145 0 1
289 145 0 1
167 145 0 1
166 145 0 1
165 145 0 1
164 145 0 1
163 145 0 1
162 145 0 1
62 145 0 0
61 145 0 0
60 145 0 0
59 145 0 0
58 145 0 0
396 144 0 0
395 144 0 0
394 144 0 0
393 144 0 0
293 144 0 1
292 144 0 1
291 144 0 1
290 144 0 1
289 144 0 1
167 144 0 1
166 144 0 1
165 144 0 1
164 144 0 1
163 144 0 1
62 144 0 0
61 144 0 0
60 144 0 0
59 144 0 0
58 144 0 0
396 143 0 0
395 143 0 0
394 143 0 0
393 143 0 0
293 143 0 1
292 143 0 1
291 143 0 1
290 143 0 1
289 143 0 1
168 143 0 1
167 143 0 1
166 143 0 1
165 143 0 1
164 143 0 1
163 143 0 1
62 143 0 0
61 143 0 0
60 143 0 0
59 143 0 0
58 143 0 0
396 142 0 0
395 142 0 0
394 142 0 0
393 142 0 0
293 142 0 1
292 142 0 1
291 142 0 1
290 142 0 1
289 142 0 1
168 142 0 1
167 142 0 1
166 142 0 1
165 142 0 1
164 142 0 1
163 142 0 1
63 142 0 0
62 142 0 0
61 142 0 0
60 142 0 0
59 142 0 0
58 142 0 0
396 141 0 0
395 141 0 0
394 141 0 0
393 141 0 0
293 141 0 1
292 141 0 1
291 141 0 1
290 141 0 1
289 141 0 1
168 141 0 1
167 141 0 1
166 141 0 1
165 141 0 1
164 141 0 1
63 141 0 0
62 141 0 0
61 141 0 0
60 141 0 0
59 141 0 0
396 140 0 0
395 140 0 0
394 140 0 0
393 140 0 0
293 140 0 1
292 140 0 1
291 140 0 1
290 140 0 1
289 140 0 1
168 140 0 1
167 140 0 1
166 140 0 1
165 140 0 1
164 140 0 1
63 140 0 0
62 140 0 0
61 140 0 0
60 140 0 0
59 140 0 0
396 139 0 0
395 139 0 0
394 139 0 0
393 139 0 0
293 139 0 1
292 139 0 1
291 139 0 1
290 139 0 1
289 139 0 1
169 139 0 1
168 139 0 1
167 139 0 1
166 139 0 1
165 139 0 1
164 139 0 1
63 139 0 0
62 139 0 0
61 139 0 0
60 139 0 0
59 139 0 0
396 138 0 0
395 138 0 0
394 138 0 0
393 138 0 0
293 138 0 1
292 138 0 1
291 138 0 1
290 138 0 1
289 138 0 1
169 138 0 1
168 138 0 1
167 138 0 1
166 138 0 1
165 138 0 1
64 138 0 0
63 138 0 0
62 138 0 0
61 138 0 0
60 138 0 0
59 138 0 0
396 137 0 0
395 137 0 0
394 137 0 0
393 137 0 0
293 137 0 1
292 137 0 1
291 137 0 1
290 137 0 1
289 137 0 1
169 137 0 1
168 137 0 1
167 137 0 1
166 137 0 1
165 137 0 1
64 137 0 0
63 137 0 0
62 137 0 0
61 137 0 0
60 137 0 0
396 136 0 0
395 136 0 0
394 136 0 0
393 136 0 0
292 136 0 1
291 136 0 1
290 136 0 1
289 136 0 1
169 136 0 1
168 136 0 1
167 136 0 1
166 136 0 1
165 136 0 1
64 136 0 0
63 136 0 0
62 136 0 0
61 136 0 0
60 136 0 0
396 135 0 0
395 135 0 0
394 135 0 0
393 135 0 0
292 135 0 1
291 135 0 1
290 135 0 1
289 135 0 1
170 135 0 1
169 135 0 1
168 135 0 1
167 135 0 1
166 135 0 1
165 135 0 1
64 135 0 0
63 135 0 0
62 135 0 0
61 135 0 0
60 135 0 0
396 134 0 0
395 134 0 0
394 134 0 0
393 134 0 0
292 134 0 1
291 134 0 1
290 134 0 1
289 134 0 1
170 134 0 1
169 134 0 1
168 134 0 1
167 134 0 1
166 134 0 1
65 134 0 0
64 134 0 0
63 134 0 0
62 134 0 0
61 134 0 0
60 134 0 0
396 133 0 0
395 133 0 0
394 133 0 0
393 133 0 0
292 133 0 1
291 133 0 1
290 133 0 1
289 133 0 1
170 133 0 1
169 133 0 1
168 133 0 1
167 133 0 1
166 133 0 1
65 133 0 0
64 133 0 0
63 133 0 0
62 133 0 0
61 133 0 0
396 132 0 0
395 132 0 0
394 132 0 0
393 132 0 0
292 132 0 1
291 132 0 1
290 132 0 1
289 132 0 1
171 132 0 1
170 132 0 1
169 132 0 1
168 132 0 1
167 132 0 1
166 132 0 1
65 132 0 0
64 132 0 0
63 132 0 0
62 132 0 0
61 132 0 0
396 131 0 0
395 131 0 0
394 131 0 0
393 131 0 0
292 131 0 1
291 131 0 1
290 131 0 1
289 131 0 1
171 131 0 1
170 131 0 1
169 131 0 1
168 131 0 1
167 131 0 1
166 131 0 1
66 131 0 0
65 131 0 0
64 131 0 0
63 131 0 0
62 131 0 0
61 131 0 0
396 130 0 0
395 130 0 0
394 130 0 0
393 130 0 0
292 130 0 1
291 130 0 1
290 130 0 1
289 130 0 1
171 130 0 1
170 130 0 1
169 130 0 1
168 130 0 1
167 130 0 1
66 130 0 0
65 130 0 0
64 130 0 0
63 130 0 0
62 130 0 0
61 130 0 0
396 129 0 0
395 129 0 0
394 129 0 0
393 129 0 0
292 129 0 1
291 129 0 1
290 129 0 1
289 129 0 1
171 129 0 1
170 129 0 1
169 129 0 1
168 129 0 1
167 129 0 1
66 129 0 0
65 129 0 0
64 129 0 0
63 129 0 0
62 129 0 0
396 128 0 0
395 128 0 0
394 128 0 0
393 128 0 0
292 128 0 1
291 128 0 1
290 128 0 1
289 128 0 1
288 128 0 1
172 128 0 1
171 128 0 1
170 128 0 1
169 128 0 1
168 128 0 1
167 128 0 1
67 128 0 0
66 128 0 0
65 128 0 0
64 128 0 0
63 128 0 0
62 128 0 0
396 127 0 0
395 127 0 0
394 127 0 0
393 127 0 0
292 127 0 1
291 127 0 1
290 127 0 1
289 127 0 1
288 127 0 1
172 127 0 1
171 127 0 1
170 127 0 1
169 127 0 1
168 127 0 1
67 127 0 0
66 127 0 0
65 127 0 0
64 127 0 0
63 127 0 0
396 126 0 0
395 126 0 0
394 126 0 0
393 126 0 0
292 126 0 1
291 126 0 1
290 126 0 1
289 126 0 1
288 126 0 1
172 126 0 1
171 126 0 1
170 126 0 1
169 126 0 1
168 126 0 1
67 126 0 0
66 126 0 0
65 126 0 0
64 126 0 0
63 126 0 0
396 125 0 0
395 125 0 0
394 125 0 0
393 125 0 0
292 125 0 1
291 125 0 1
290 125 0 1
289 125 0 1
288 125 0 1
172 125 0 1
171 125 0 1
170 125 0 1
169 125 0 1
168 125 0 1
68 125 0 0
67 125 0 0
66 125 0 0
65 125 0 0
64 125 0 0
63 125 0 0
396 124 0 0
395 124 0 0
394 124 0 0
393 124 0 0
292 124 0 1
291 124 0 1
290 124 0 1
289 124 0 1
288 124 0 1
173 124 0 1
172 124 0 1
171 124 0 1
170 124 0 1
169 124 0 1
168 124 0 1
68 124 0 0
67 124 0 0
66 124 0 0
65 124 0 0
64 124 0 0
396 123 0 0
395 123 0 0
394 123 0 0
393 123 0 0
292 123 0 1
291 123 0 1
290 123 0 1
289 123 0 1
288 123 0 1
173 123 0 1
172 123 0 1
171 123 0 1
170 123 0 1
169 123 0 1
69 123 0 0
68 123 0 0
67 123 0 0
66 123 0 0
65 123 0 0
64 123 0 0
396 122 0 0
395 122 0 0
394 122 0 0
393 122 0 0
292 122 0 1
291 122 0 1
290 122 0 1
289 122 0 1
288 122 0 1
287 122 0 1
173 122 0 1
172 122 0 1
171 122 0 1
170 122 0 1
169 122 0 1
69 122 0 0
68 122 0 0
67 122 0 0
66 122 0 0
65 122 0 0
64 122 0 0
396 121 0 0
395 121 0 0
394 121 0 0
393 121 0 0
291 121 0 1
290 121 0 1
289 121 0 1
288 121 0 1
287 121 0 1
174 121 0 1
173 121 0 1
172 121 0 1
171 121 0 1
170 121 0 1
169 121 0 1
69 121 0 0
68 121 0 0
67 121 0 0
66 121 0 0
65 121 0 0
396 120 0 0
395 120 0 0
394 120 0 0
393 120 0 0
291 120 0 1
290 120 0 1
289 120 0 1
288 120 0 1
287 120 0 1
286 120 0 1
174 120 0 1
173 120 0 1
172 120 0 1
171 120 0 1
170 120 0 1
169 120 0 1
70 120 0 0
69 120 0 0
68 120 0 0
67 120 0 0
66 120 0 0
65 120 0 0
396 119 0 0
395 119 0 0
394 119 0 0
393 119 0 0
291 119 0 1
290 119 0 1
289 119 0 1
288 119 0 1
287 119 0 1
286 119 0 1
174 119 0 1
173 119 0 1
172 119 0 1
171 119 0 1
170 119 0 1
70 119 0 0
69 119 0 0
68 119 0 0
67 119 0 0
66 119 0 0
65 119 0 0
396 118 0 0
395 118 0 0
394 118 0 0
393 118 0 0
290 118 0 1
289 118 0 1
288 118 0 1
287 118 0 1
286 118 0 1
174 118 0 1
173 118 0 1
172 118 0 1
171 118 0 1
170 118 0 1
70 118 0 0
69 118 0 0
68 118 0 0
67 118 0 0
66 118 0 0
396 117 0 0
395 117 0 0
394 117 0 0
393 117 0 0
290 117 0 1
289 117 0 1
288 117 0 1
287 117 0 1
286 117 0 1
285 117 0 1
174 117 0 1
173 117 0 1
172 117 0 1
171 117 0 1
170 117 0 1
71 117 0 0
70 117 0 0
69 117 0 0
68 117 0 0
67 117 0 0
66 117 0 0
396 116 0 0
395 116 0 0
394 116 0 0
393 116 0 0
289 116 0 1
288 116 0 1
287 116 0 1
286 116 0 1
285 116 0 1
174 116 0 1
173 116 0 1
172 116 0 1
171 116 0 1
170 116 0 1
71 116 0 0
70 116 0 0
69 116 0 0
68 116 0 0
67 116 0 0
66 116 0 0
396 115 0 0
395 115 0 0
394 115 0 0
393 115 0 0
289 115 0 1
288 115 0 1
287 115 0 1
286 115 0 1
285 115 0 1
174 115 0 1
173 115 0 1
172 115 0 1
171 115 0 1
170 115 0 1
71 115 0 0
70 115 0 0
69 115 0 0
68 115 0 0
67 115 0 0
396 114 0 0
395 114 0 0
394 114 0 0
393 114 0 0
289 114 0 1
288 114 0 1
287 114 0 1
286 114 0 1
285 114 0 1
175 114 0 1
174 114 0 1
173 114 0 1
172 114 0 1
171 114 0 1
72 114 0 0
71 114 0 0
70 114 0 0
69 114 0 0
68 114 0 0
67 114 0 0
396 113 0 0
395 113 0 0
394 113 0 0
393 113 0 0
288 113 0 1
287 113 0 1
286 113 0 1
285 113 0 1
175 113 0 1
174 113 0 1
173 113 0 1
172 113 0 1
171 113 0 1
72 113 0 0
71 113 0 0
70 113 0 0
69 113 0 0
68 113 0 0
396 112 0 0
395 112 0 0
394 112 0 0
393 112 0 0
288 112 0 1
287 112 0 1
286 112 0 1
285 112 0 1
175 112 0 1
174 112 0 1
173 112 0 1
172 112 0 1
171 112 0 1
73 112 0 0
72 112 0 0
71 112 0 0
70 112 0 0
69 112 0 0
68 112 0 0
396 111 0 0
395 111 0 0
394 111 0 0
393 111 0 0
288 111 0 1
287 111 0 1
286 111 0 1
285 111 0 1
176 111 0 1
175 111 0 1
174 111 0 1
173 111 0 1
172 111 0 1
171 111 0 1
73 111 0 0
72 111 0 0
71 111 0 0
70 111 0 0
69 111 0 0
68 111 0 0
396 110 0 0
395 110 0 0
394 110 0 0
393 110 0 0
288 110 0 1
287 110 0 1
286 110 0 1
285 110 0 1
176 110 0 1
175 110 0 1
174 110 0 1
173 110 0 1
172 110 0 1
73 110 0 0
72 110 0 0
71 110 0 0
70 110 0 0
69 110 0 0
396 109 0 0
395 109 0 0
394 109 0 0
393 109 0 0
288 109 0 1
287 109 0 1
286 109 0 1
285 109 0 1
177 109 0 1
176 109 0 1
175 109 0 1
174 109 0 1
173 109 0 1
172 109 0 1
74 109 0 0
73 109 0 0
72 109 0 0
71 109 0 0
70 109 0 0
69 109 0 0
396 108 0 0
395 108 0 0
394 108 0 0
393 108 0 0
288 108 0 1
287 108 0 1
286 108 0 1
285 108 0 1
177 108 0 1
176 108 0 1
175 108 0 1
174 108 0 1
173 108 0 1
74 108 0 0
73 108 0 0
72 108 0 0
71 108 0 0
70 108 0 0
396 107 0 0
395 107 0 0
394 107 0 0
393 107 0 0
288 107 0 1
287 107 0 1
286 107 0 1
285 107 0 1
178 107 0 1
177 107 0 1
176 107 0 1
175 107 0 1
174 107 0 1
173 107 0 1
75 107 0 0
74 107 0 0
73 107 0 0
72 107 0 0
71 107 0 0
70 107 0 0
396 106 0 0
395 106 0 0
394 106 0 0
393 106 0 0
288 106 0 1
287 106 0 1
286 106 0 1
285 106 0 1
178 106 0 1
177 106 0 1
176 106 0 1
175 106 0 1
174 106 0 1
173 106 0 1
75 106 0 0
74 106 0 0
73 106 0 0
72 106 0 0
71 106 0 0
70 106 0 0
396 105 0 0
395 105 0 0
394 105 0 0
393 105 0 0
288 105 0 1
287 105 0 1
286 105 0 1
285 105 0 1
178 105 0 1
177 105 0 1
176 105 0 1
175 105 0 1
174 105 0 1
75 105 0 0
74 105 0 0
73 105 0 0
72 105 0 0
71 105 0 0
396 104 0 0
395 104 0 0
394 104 0 0
393 104 0 0
288 104 0 1
287 104 0 1
286 104 0 1
285 104 0 1
178 104 0 1
177 104 0 1
176 104 0 1
175 104 0 1
174 104 0 1
75 104 0 0
74 104 0 0
73 104 0 0
72 104 0 0
71 104 0 0
396 103 0 0
395 103 0 0
394 103 0 0
393 103 0 0
288 103 0 1
287 103 0 1
286 103 0 1
285 103 0 1
178 103 0 1
177 103 0 1
176 103 0 1
175 103 0 1
174 103 0 1
76 103 0 0
75 103 0 0
74 103 0 0
73 103 0 0
72 103 0 0
71 103 0 0
396 102 0 0
395 102 0 0
394 102 0 0
393 102 0 0
288 102 0 1
287 102 0 1
286 102 0 1
285 102 0 1
284 102 0 1
179 102 0 1
178 102 0 1
177 102 0 1
176 102 0 1
175 102 0 1
174 102 0 1
76 102 0 0
75 102 0 0
74 102 0 0
73 102 0 0
72 102 0 0
396 101 0 0
395 101 0 0
394 101 0 0
393 101 0 0
288 101 0 1
287 101 0 1
286 101 0 1
285 101 0 1
284 101 0 1
179 101 0 1
178 101 0 1
177 101 0 1
176 101 0 1
175 101 0 1
76 101 0 0
75 101 0 0
74 101 0 0
73 101 0 0
72 101 0 0
396 100 0 0
395 100 0 0
394 100 0 0
393 100 0 0
288 100 0 1
287 100 0 1
286 100 0 1
285 100 0 1
284 100 0 1
179 100 0 1
178 100 0 1
177 100 0 1
176 100 0 1
175 100 0 1
77 100 0 0
76 100 0 0
75 100 0 0
74 100 0 0
73 100 0 0
72 100 0 0
396 99 0 0
395 99 0 0
394 99 0 0
393 99 0 0
288 99 0 1
287 99 0 1
286 99 0 1
285 99 0 1
284 99 0 1
179 99 0 1
178 99 0 1
177 99 0 1
176 99 0 1
175 99 0 1
77 99 0 0
76 99 0 0
75 99 0 0
74 99 0 0
73 99 0 0
72 99 0 0
287 98 0 1
286 98 0 1
285 98 0 1
284 98 0 1
180 98 0 1
179 98 0 1
178 98 0 1
177 98 0 1
176 98 0 1
175 98 0 1
77 98 0 0
76 98 0 0
75 98 0 0
74 98 0 0
73 98 0 0
287 97 0 1
286 97 0 1
285 97 0 1
284 97 0 1
180 97 0 1
179 97 0 1
178 97 0 1
177 97 0 1
176 97 0 1
78 97 0 0
77 97 0 0
76 97 0 0
75 97 0 0
74 97 0 0
73 97 0 0
287 96 0 1
286 96 0 1
285 96 0 1
284 96 0 1
180 96 0 1
179 96 0 1
178 96 0 1
177 96 0 1
176 96 0 1
79 96 0 0
78 96 0 0
77 96 0 0
76 96 0 0
75 96 0 0
74 96 0 0
73 96 0 0
287 95 0 1
286 95 0 1
285 95 0 1
284 95 0 1
180 95 0 1
179 95 0 1
178 95 0 1
177 95 0 1
176 95 0 1
79 95 0 0
78 95 0 0
77 95 0 0
76 95 0 0
75 95 0 0
74 95 0 0
287 94 0 1
286 94 0 1
285 94 0 1
284 94 0 1
181 94 0 1
180 94 0 1
179 94 0 1
178 94 0 1
177 94 0 1
176 94 0 1
80 94 0 0
79 94 0 0
78 94 0 0
77 94 0 0
76 94 0 0
75 94 0 0
287 93 0 1
286 93 0 1
285 93 0 1
284 93 0 1
181 93 0 1
180 93 0 1
179 93 0 1
178 93 0 1
177 93 0 1
176 93 0 1
80 93 0 0
79 93 0 0
78 93 0 0
77 93 0 0
76 93 0 0
75 93 0 0
287 92 0 1
286 92 0 1
285 92 0 1
284 92 0 1
181 92 0 1
180 92 0 1
179 92 0 1
178 92 0 1
177 92 0 1
81 92 0 0
80 92 0 0
79 92 0 0
78 92 0 0
77 92 0 0
76 92 0 0
287 91 0 1
286 91 0 1
285 91 0 1
284 91 0 1
181 91 0 1
180 91 0 1
179 91 0 1
178 91 0 1
177 91 0 1
81 91 0 0
80 91 0 0
79 91 0 0
78 91 0 0
77 91 0 0
76 91 0 0
287 90 0 1
286 90 0 1
285 90 0 1
284 90 0 1
182 90 0 1
181 90 0 1
180 90 0 1
179 90 0 1
178 90 0 1
177 90 0 1
82 90 0 0
81 90 0 0
80 90 0 0
79 90 0 0
78 90 0 0
77 90 0 0
287 89 0 1
286 89 0 1
285 89 0 1
284 89 0 1
182 89 0 1
181 89 0 1
180 89 0 1
179 89 0 1
178 89 0 1
83 89 0 0
82 89 0 0
81 89 0 0
80 89 0 0
79 89 0 0
78 89 0 0
287 88 0 1
286 88 0 1
285 88 0 1
284 88 0 1
283 88 0 1
182 88 0 1
181 88 0 1
180 88 0 1
179 88 0 1
178 88 0 1
83 88 0 0
82 88 0 0
81 88 0 0
80 88 0 0
79 88 0 0
78 88 0 0
287 87 0 1
286 87 0 1
285 87 0 1
284 87 0 1
283 87 0 1
183 87 0 1
182 87 0 1
181 87 0 1
180 87 0 1
179 87 0 1
178 87 0 1
84 87 0 0
83 87 0 0
82 87 0 0
81 87 0 0
80 87 0 0
79 87 0 0
287 86 0 1
286 86 0 1
285 86 0 1
284 86 0 1
283 86 0 1
183 86 0 1
182 86 0 1
181 86 0 1
180 86 0 1
179 86 0 1
178 86 0 1
85 86 0 0
84 86 0 0
83 86 0 0
82 86 0 0
81 86 0 0
80 86 0 0
287 85 0 1
286 85 0 1
285 85 0 1
284 85 0 1
283 85 0 1
183 85 0 1
182 85 0 1
181 85 0 1
180 85 0 1
179 85 0 1
85 85 0 0
84 85 0 0
83 85 0 0
82 85 0 0
81 85 0 0
80 85 0 0
287 84 0 1
286 84 0 1
285 84 0 1
284 84 0 1
283 84 0 1
183 84 0 1
182 84 0 1
181 84 0 1
180 84 0 1
86 84 0 0
85 84 0 0
84 84 0 0
83 84 0 0
82 84 0 0
81 84 0 0
287 83 0 1
286 83 0 1
285 83 0 1
284 83 0 1
283 83 0 1
87 83 0 0
86 83 0 0
85 83 0 0
84 83 0 0
83 83 0 0
82 83 0 0
287 82 0 1
286 82 0 1
285 82 0 1
284 82 0 1
283 82 0 1
87 82 0 0
86 82 0 0
85 82 0 0
84 82 0 0
83 82 0 0
82 82 0 0
286 81 0 1
285 81 0 1
284 81 0 1
283 81 0 1
282 81 0 1
88 81 0 0
87 81 0 0
86 81 0 0
85 81 0 0
84 81 0 0
83 81 0 0
286 80 0 1
285 80 0 1
284 80 0 1
283 80 0 1
282 80 0 1
88 80 0 0
87 80 0 0
86 80 0 0
85 80 0 0
84 80 0 0
83 80 0 0
286 79 0 1
285 79 0 1
284 79 0 1
283 79 0 1
282 79 0 1
89 79 0 0
88 79 0 0
87 79 0 0
86 79 0 0
85 79 0 0
84 79 0 0
286 78 0 1
285 78 0 1
284 78 0 1
283 78 0 1
282 78 0 1
89 78 0 0
88 78 0 0
87 78 0 0
86 78 0 0
85 78 0 0
285 77 0 1
284 77 0 1
283 77 0 1
282 77 0 1
90 77 0 0
89 77 0 0
88 77 0 0
87 77 0 0
86 77 0 0
85 77 0 0
285 76 0 1
284 76 0 1
283 76 0 1
282 76 0 1
91 76 0 0
90 76 0 0
89 76 0 0
88 76 0 0
87 76 0 0
86 76 0 0
285 75 0 1
284 75 0 1
283 75 0 1
282 75 0 1
91 75 0 0
90 75 0 0
89 75 0 0
88 75 0 0
87 75 0 0
86 75 0 0
285 74 0 1
284 74 0 1
283 74 0 1
282 74 0 1
281 74 0 1
92 74 0 0
91 74 0 0
90 74 0 0
89 74 0 0
88 74 0 0
87 74 0 0
285 73 0 1
284 73 0 1
283 73 0 1
282 73 0 1
281 73 0 1
92 73 0 0
91 73 0 0
90 73 0 0
89 73 0 0
88 73 0 0
87 73 0 0
285 72 0 1
284 72 0 1
283 72 0 1
282 72 0 1
281 72 0 1
93 72 0 0
92 72 0 0
91 72 0 0
90 72 0 0
89 72 0 0
88 72 0 0
285 71 0 1
284 71 0 1
283 71 0 1
282 71 0 1
281 71 0 1
280 71 0 1
94 71 0 0
93 71 0 0
92 71 0 0
91 71 0 0
90 71 0 0
89 71 0 0
285 70 0 1
284 70 0 1
283 70 0 1
282 70 0 1
281 70 0 1
280 70 0 1
94 70 0 0
93 70 0 0
92 70 0 0
91 70 0 0
90 70 0 0
89 70 0 0
284 69 0 1
283 69 0 1
282 69 0 1
281 69 0 1
280 69 0 1
95 69 0 0
94 69 0 0
93 69 0 0
92 69 0 0
91 69 0 0
90 69 0 0
283 68 0 1
282 68 0 1
281 68 0 1
280 68 0 1
96 68 0 0
95 68 0 0
94 68 0 0
93 68 0 0
92 68 0 0
91 68 0 0
97 67 0 0
96 67 0 0
95 67 0 0
94 67 0 0
93 67 0 0
92 67 0 0
91 67 0 0
98 66 0 0
97 66 0 0
96 66 0 0
95 66 0 0
94 66 0 0
93 66 0 0
92 66 0 0
98 65 0 0
97 65 0 0
96 65 0 0
95 65 0 0
94 65 0 0
93 65 0 0
99 64 0 0
98 64 0 0
97 64 0 0
96 64 0 0
95 64 0 0
94 64 0 0
100 63 0 0
99 63 0 0
98 63 0 0
97 63 0 0
96 63 0 0
95 63 0 0
101 62 0 0
100 62 0 0
99 62 0 0
98 62 0 0
97 62 0 0
96 62 0 0
95 62 0 0
102 61 0 0
101 61 0 0
100 61 0 0
99 61 0 0
98 61 0 0
97 61 0 0
96 61 0 0
102 60 0 0
101 60 0 0
100 60 0 0
99 60 0 0
98 60 0 0
97 60 0 0
96 60 0 0
103 59 0 0
102 59 0 0
101 59 0 0
100 59 0 0
99 59 0 0
98 59 0 0
97 59 0 0
104 58 0 0
103 58 0 0
102 58 0 0
101 58 0 0
100 58 0 0
99 58 0 0
98 58 0 0
105 57 0 0
104 57 0 0
103 57 0 0
102 57 0 0
101 57 0 0
100 57 0 0
99 57 0 0
106 56 0 0
105 56 0 0
104 56 0 0
103 56 0 0
102 56 0 0
101 56 0 0
100 56 0 0
106 55 0 0
105 55 0 0
104 55 0 0
103 55 0 0
102 55 0 0
101 55 0 0
106 54 0 0
105 54 0 0
104 54 0 0
103 54 0 0
102 54 0 0
107 53 0 0
106 53 0 0
105 53 0 0
104 53 0 0
103 53 0 0
102 53 0 0
108 52 0 0
107 52 0 0
106 52 0 0
105 52 0 0
104 52 0 0
103 52 0 0
102 52 0 0
109 51 0 0
108 51 0 0
107 51 0 0
106 51 0 0
105 51 0 0
104 51 0 0
103 51 0 0
109 50 0 0
108 50 0 0
107 50 0 0
106 50 0 0
105 50 0 0
104 50 0 0
110 49 0 0
109 49 0 0
108 49 0 0
107 49 0 0
106 49 0 0
105 49 0 0
112 48 0 0
111 48 0 0
110 48 0 0
109 48 0 0
108 48 0 0
107 48 0 0
106 48 0 0
113 47 0 0
112 47 0 0
111 47 0 0
110 47 0 0
109 47 0 0
108 47 0 0
107 47 0 0
106 47 0 0
115 46 0 0
114 46 0 0
113 46 0 0
112 46 0 0
111 46 0 0
110 46 0 0
109 46 0 0
108 46 0 0
107 46 0 0
116 45 0 0
115 45 0 0
114 45 0 0
113 45 0 0
112 45 0 0
111 45 0 0
110 45 0 0
109 45 0 0
108 45 0 0
118 44 0 0
117 44 0 0
116 44 0 0
115 44 0 0
114 44 0 0
113 44 0 0
112 44 0 0
111 44 0 0
110 44 0 0
120 43 0 0
119 43 0 0
118 43 0 0
117 43 0 0
116 43 0 0
115 43 0 0
114 43 0 0
113 43 0 0
112 43 0 0
111 43 0 0
124 42 0 0
123 42 0 0
122 42 0 0
121 42 0 0
120 42 0 0
119 42 0 0
118 42 0 0
117 42 0 0
116 42 0 0
115 42 0 0
114 42 0 0
113 42 0 0
112 42 0 0
127 41 0 0
126 41 0 0
125 41 0 0
124 41 0 0
123 41 0 0
122 41 0 0
121 41 0 0
120 41 0 0
119 41 0 0
118 41 0 0
117 41 0 0
116 41 0 0
115 41 0 0
114 41 0 0
129 40 0 0
128 40 0 0
127 40 0 0
126 40 0 0
125 40 0 0
124 40 0 0
123 40 0 0
122 40 0 0
121 40 0 0
120 40 0 0
119 40 0 0
118 40 0 0
117 40 0 0
116 40 0 0
115 40 0 0
131 39 0 0
130 39 0 0
129 39 0 0
128 39 0 0
127 39 0 0
126 39 0 0
125 39 0 0
124 39 0 0
123 39 0 0
122 39 0 0
121 39 0 0
120 39 0 0
119 39 0 0
118 39 0 0
117 39 0 0
133 38 0 0
132 38 0 0
131 38 0 0
130 38 0 0
129 38 0 0
128 38 0 0
127 38 0 0
126 38 0 0
125 38 0 0
124 38 0 0
123 38 0 0
122 38 0 0
121 38 0 0
120 38 0 0
119 38 0 0
135 37 0 0
134 37 0 0
133 37 0 0
132 37 0 0
131 37 0 0
130 37 0 0
129 37 0 0
128 37 0 0
127 37 0 0
126 37 0 0
125 37 0 0
124 37 0 0
123 37 0 0
137 36 0 0
136 36 0 0
135 36 0 0
134 36 0 0
133 36 0 0
132 36 0 0
131 36 0 0
130 36 0 0
129 36 0 0
128 36 0 0
127 36 0 0
126 36 0 0
140 35 0 0
139 35 0 0
138 35 0 0
137 35 0 0
136 35 0 0
135 35 0 0
134 35 0 0
133 35 0 0
132 35 0 0
131 35 0 0
130 35 0 0
129 35 0 0
128 35 0 0
143 34 0 0
142 34 0 0
141 34 0 0
140 34 0 0
139 34 0 0
138 34 0 0
137 34 0 0
136 34 0 0
135 34 0 0
134 34 0 0
133 34 0 0
132 34 0 0
131 34 0 0
130 34 0 0
146 33 0 0
145 33 0 0
144 33 0 0
143 33 0 0
142 33 0 0
141 33 0 0
140 33 0 0
139 33 0 0
138 33 0 0
137 33 0 0
136 33 0 0
135 33 0 0
134 33 0 0
133 33 0 0
132 33 0 0
148 32 0 0
147 32 0 0
146 32 0 0
145 32 0 0
144 32 0 0
143 32 0 0
142 32 0 0
141 32 0 0
140 32 0 0
139 32 0 0
138 32 0 0
137 32 0 0
136 32 0 0
135 32 0 0
134 32 0 0
149 31 0 0
148 31 0 0
147 31 0 0
146 31 0 0
145 31 0 0
144 31 0 0
143 31 0 0
142 31 0 0
141 31 0 0
140 31 0 0
139 31 0 0
138 31 0 0
137 31 0 0
136 31 0 0
153 30 0 0
152 30 0 0
151 30 0 0
150 30 0 0
149 30 0 0
148 30 0 0
147 30 0 0
146 30 0 0
145 30 0 0
144 30 0 0
143 30 0 0
142 30 0 0
141 30 0 0
140 30 0 0
139 30 0 0
154 29 0 0
153 29 0 0
152 29 0 0
151 29 0 0
150 29 0 0
149 29 0 0
148 29 0 0
147 29 0 0
146 29 0 0
145 29 0 0
144 29 0 0
155 28 0 0
154 28 0 0
153 28 0 0
152 28 0 0
151 28 0 0
150 28 0 0
149 28 0 0
148 28 0 0
147 28 0 0
146 28 0 0
157 27 0 0
156 27 0 0
155 27 0 0
154 27 0 0
153 27 0 0
152 27 0 0
151 27 0 0
150 27 0 0
149 27 0 0
148 27 0 0
147 27 0 0
163 26 0 0
162 26 0 0
161 26 0 0
160 26 0 0
159 26 0 0
158 26 0 0
157 26 0 0
156 26 0 0
155 26 0 0
154 26 0 0
153 26 0 0
152 26 0 0
151 26 0 0
166 25 0 0
165 25 0 0
164 25 0 0
163 25 0 0
162 25 0 0
161 25 0 0
160 25 0 0
159 25 0 0
158 25 0 0
157 25 0 0
156 25 0 0
155 25 0 0
154 25 0 0
153 25 0 0
152 25 0 0
169 24 0 0
168 24 0 0
167 24 0 0
166 24 0 0
165 24 0 0
164 24 0 0
163 24 0 0
162 24 0 0
161 24 0 0
160 24 0 0
159 24 0 0
158 24 0 0
157 24 0 0
156 24 0 0
155 24 0 0
154 24 0 0
153 24 0 0
172 23 0 0
171 23 0 0
170 23 0 0
169 23 0 0
168 23 0 0
167 23 0 0
166 23 0 0
165 23 0 0
164 23 0 0
163 23 0 0
162 23 0 0
161 23 0 0
160 23 0 0
159 23 0 0
158 23 0 0
157 23 0 0
156 23 0 0
155 23 0 0
154 23 0 0
278 22 0 0
277 22 0 0
276 22 0 0
275 22 0 0
175 22 0 0
174 22 0 0
173 22 0 0
172 22 0 0
171 22 0 0
170 22 0 0
169 22 0 0
168 22 0 0
167 22 0 0
166 22 0 0
165 22 0 0
164 22 0 0
163 22 0 0
162 22 0 0
161 22 0 0
160 22 0 0
159 22 0 0
278 21 0 0
277 21 0 0
276 21 0 0
275 21 0 0
274 21 0 0
273 21 0 0
272 21 0 0
271 21 0 0
270 21 0 0
269 21 0 0
268 21 0 0
267 21 0 0
266 21 0 0
265 21 0 0
264 21 0 0
263 21 0 0
262 21 0 0
261 21 0 0
260 21 0 0
259 21 0 0
258 21 0 0
179 21 0 0
178 21 0 0
177 21 0 0
176 21 0 0
175 21 0 0
174 21 0 0
173 21 0 0
172 21 0 0
171 21 0 0
170 21 0 0
169 21 0 0
168 21 0 0
167 21 0 0
166 21 0 0
165 21 0 0
164 21 0 0
163 21 0 0
162 21 0 0
278 20 0 0
277 20 0 0
276 20 0 0
275 20 0 0
274 20 0 0
273 20 0 0
272 20 0 0
271 20 0 0
270 20 0 0
269 20 0 0
268 20 0 0
267 20 0 0
266 20 0 0
265 20 0 0
264 20 0 0
263 20 0 0
262 20 0 0
261 20 0 0
260 20 0 0
259 20 0 0
258 20 0 0
257 20 0 0
256 20 0 0
255 20 0 0
182 20 0 0
181 20 0 0
180 20 0 0
179 20 0 0
178 20 0 0
177 20 0 0
176 20 0 0
175 20 0 0
174 20 0 0
173 20 0 0
172 20 0 0
171 20 0 0
170 20 0 0
169 20 0 0
168 20 0 0
167 20 0 0
166 20 0 0
165 20 0 0
278 19 0 0
277 19 0 0
276 19 0 0
275 19 0 0
274 19 0 0
273 19 0 0
272 19 0 0
271 19 0 0
270 19 0 0
269 19 0 0
268 19 0 0
267 19 0 0
266 19 0 0
265 19 0 0
264 19 0 0
263 19 0 0
262 19 0 0
261 19 0 0
260 19 0 0
259 19 0 0
258 19 0 0
257 19 0 0
256 19 0 0
255 19 0 0
254 19 0 0
253 19 0 0
252 19 0 0
188 19 0 0
187 19 0 0
186 19 0 0
185 19 0 0
184 19 0 0
183 19 0 0
182 19 0 0
181 19 0 0
180 19 0 0
179 19 0 0
178 19 0 0
177 19 0 0
176 19 0 0
175 19 0 0
174 19 0 0
173 19 0 0
172 19 0 0
171 19 0 0
170 19 0 0
169 19 0 0
168 19 0 0
277 18 0 0
276 18 0 0
275 18 0 0
274 18 0 0
273 18 0 0
272 18 0 0
271 18 0 0
270 18 0 0
269 18 0 0
268 18 0 0
267 18 0 0
266 18 0 0
265 18 0 0
264 18 0 0
263 18 0 0
262 18 0 0
261 18 0 0
260 18 0 0
259 18 0 0
258 18 0 0
257 18 0 0
256 18 0 0
255 18 0 0
254 18 0 0
253 18 0 0
252 18 0 0
251 18 0 0
250 18 0 0
249 18 0 0
191 18 0 0
190 18 0 0
189 18 0 0
188 18 0 0
187 18 0 0
186 18 0 0
185 18 0 0
184 18 0 0
183 18 0 0
182 18 0 0
181 18 0 0
180 18 0 0
179 18 0 0
178 18 0 0
177 18 0 0
176 18 0 0
175 18 0 0
174 18 0 0
173 18 0 0
172 18 0 0
171 18 0 0
264 17 0 0
263 17 0 0
262 17 0 0
261 17 0 0
260 17 0 0
259 17 0 0
258 17 0 0
257 17 0 0
256 17 0 0
255 17 0 0
254 17 0 0
253 17 0 0
252 17 0 0
251 17 0 0
250 17 0 0
249 17 0 0
248 17 0 0
247 17 0 0
246 17 0 0
245 17 0 0
244 17 0 0
243 17 0 0
197 17 0 0
196 17 0 0
195 17 0 0
194 17 0 0
193 17 0 0
192 17 0 0
191 17 0 0
190 17 0 0
189 17 0 0
188 17 0 0
187 17 0 0
186 17 0 0
185 17 0 0
184 17 0 0
183 17 0 0
182 17 0 0
181 17 0 0
180 17 0 0
179 17 0 0
178 17 0 0
177 17 0 0
176 17 0 0
175 17 0 0
258 16 0 0
257 16 0 0
256 16 0 0
255 16 0 0
254 16 0 0
253 16 0 0
252 16 0 0
251 16 0 0
250 16 0 0
249 16 0 0
248 16 0 0
247 16 0 0
246 16 0 0
245 16 0 0
244 16 0 0
243 16 0 0
242 16 0 0
241 16 0 0
240 16 0 0
203 16 0 0
202 16 0 0
201 16 0 0
200 16 0 0
199 16 0 0
198 16 0 0
197 16 0 0
196 16 0 0
195 16 0 0
194 16 0 0
193 16 0 0
192 16 0 0
191 16 0 0
190 16 0 0
189 16 0 0
188 16 0 0
187 16 0 0
186 16 0 0
185 16 0 0
184 16 0 0
183 16 0 0
182 16 0 0
181 16 0 0
180 16 0 0
179 16 0 0
178 16 0 0
255 15 0 0
254 15 0 0
253 15 0 0
252 15 0 0
251 15 0 0
250 15 0 0
249 15 0 0
248 15 0 0
247 15 0 0
246 15 0 0
245 15 0 0
244 15 0 0
243 15 0 0
242 15 0 0
241 15 0 0
240 15 0 0
239 15 0 0
238 15 0 0
237 15 0 0
236 15 0 0
235 15 0 0
234 15 0 0
233 15 0 0
232 15 0 0
231 15 0 0
230 15 0 0
208 15 0 0
207 15 0 0
206 15 0 0
205 15 0 0
204 15 0 0
203 15 0 0
202 15 0 0
201 15 0 0
200 15 0 0
199 15 0 0
198 15 0 0
197 15 0 0
196 15 0 0
195 15 0 0
194 15 0 0
193 15 0 0
192 15 0 0
191 15 0 0
190 15 0 0
189 15 0 0
188 15 0 0
187 15 0 0
186 15 0 0
185 15 0 0
184 15 0 0
252 14 0 0
251 14 0 0
250 14 0 0
249 14 0 0
248 14 0 0
247 14 0 0
246 14 0 0
245 14 0 0
244 14 0 0
243 14 0 0
242 14 0 0
241 14 0 0
240 14 0 0
239 14 0 0
238 14 0 0
237 14 0 0
236 14 0 0
235 14 0 0
234 14 0 0
233 14 0 0
232 14 0 0
231 14 0 0
230 14 0 0
229 14 0 0
228 14 0 0
227 14 0 0
226 14 0 0
225 14 0 0
224 14 0 0
223 14 0 0
222 14 0 0
221 14 0 0
220 14 0 0
219 14 0 0
218 14 0 0
217 14 0 0
216 14 0 0
215 14 0 0
214 14 0 0
213 14 0 0
212 14 0 0
211 14 0 0
210 14 0 0
209 14 0 0
208 14 0 0
207 14 0 0
206 14 0 0
205 14 0 0
204 14 0 0
203 14 0 0
202 14 0 0
201 14 0 0
200 14 0 0
199 14 0 0
198 14 0 0
197 14 0 0
196 14 0 0
195 14 0 0
194 14 0 0
193 14 0 0
192 14 0 0
191 14 0 0
190 14 0 0
189 14 0 0
188 14 0 0
187 14 0 0
247 13 0 0
246 13 0 0
245 13 0 0
244 13 0 0
243 13 0 0
242 13 0 0
241 13 0 0
240 13 0 0
239 13 0 0
238 13 0 0
237 13 0 0
236 13 0 0
235 13 0 0
234 13 0 0
233 13 0 0
232 13 0 0
231 13 0 0
230 13 0 0
229 13 0 0
228 13 0 0
227 13 0 0
226 13 0 0
225 13 0 0
224 13 0 0
223 13 0 0
222 13 0 0
221 13 0 0
220 13 0 0
219 13 0 0
218 13 0 0
217 13 0 0
216 13 0 0
215 13 0 0
214 13 0 0
213 13 0 0
212 13 0 0
211 13 0 0
210 13 0 0
209 13 0 0
208 13 0 0
207 13 0 0
206 13 0 0
205 13 0 0
204 13 0 0
203 13 0 0
202 13 0 0
201 13 0 0
200 13 0 0
199 13 0 0
198 13 0 0
197 13 0 0
196 13 0 0
195 13 0 0
194 13 0 0
193 13 0 0
192 13 0 0
191 13 0 0
244 12 0 0
243 12 0 0
242 12 0 0
241 12 0 0
240 12 0 0
239 12 0 0
238 12 0 0
237 12 0 0
236 12 0 0
235 12 0 0
234 12 0 0
233 12 0 0
232 12 0 0
231 12 0 0
230 12 0 0
229 12 0 0
228 12 0 0
227 12 0 0
226 12 0 0
225 12 0 0
224 12 0 0
223 12 0 0
222 12 0 0
221 12 0 0
220 12 0 0
219 12 0 0
218 12 0 0
217 12 0 0
216 12 0 0
215 12 0 0
214 12 0 0
213 12 0 0
212 12 0 0
211 12 0 0
210 12 0 0
209 12 0 0
208 12 0 0
207 12 0 0
206 12 0 0
205 12 0 0
204 12 0 0
203 12 0 0
202 12 0 0
201 12 0 0
200 12 0 0
199 12 0 0
198 12 0 0
235 11 0 0
234 11 0 0
233 11 0 0
232 11 0 0
231 11 0 0
230 11 0 0
229 11 0 0
228 11 0 0
227 11 0 0
226 11 0 0
225 11 0 0
224 11 0 0
223 11 0 0
222 11 0 0
221 11 0 0
220 11 0 0
219 11 0 0
218 11 0 0
217 11 0 0
216 11 0 0
215 11 0 0
214 11 0 0
213 11 0 0
212 11 0 0
211 11 0 0
210 11 0 0
209 11 0 0
208 11 0 0
207 11 0 0
206 11 0 0
205 11 0 0
204 11 0 0
203 11 0 0
