7680 640 480
571 436 0 0
570 436 0 0
569 436 0 0
568 436 0 0
571 435 0 0
570 435 0 0
569 435 0 0
568 435 0 0
571 434 0 0
570 434 0 0
569 434 0 0
568 434 0 0
567 434 0 0
571 433 0 0
570 433 0 0
569 433 0 0
568 433 0 0
567 433 0 0
571 432 0 0
570 432 0 0
569 432 0 0
568 432 0 0
567 432 0 0
566 432 0 0
571 431 0 0
570 431 0 0
569 431 0 0
568 431 0 0
567 431 0 0
566 431 0 0
570 430 0 0
569 430 0 0
568 430 0 0
567 430 0 0
566 430 0 0
570 429 0 0
569 429 0 0
568 429 0 0
567 429 0 0
566 429 0 0
565 429 0 0
198 429 0 0
197 429 0 0
196 429 0 0
195 429 0 0
194 429 0 0
193 429 0 0
192 429 0 0
191 429 0 0
190 429 0 0
189 429 0 0
188 429 0 0
187 429 0 0
186 429 0 0
185 429 0 0
184 429 0 0
183 429 0 0
182 429 0 0
570 428 0 0
569 428 0 0
568 428 0 0
567 428 0 0
566 428 0 0
565 428 0 0
203 428 0 0
202 428 0 0
201 428 0 0
200 428 0 0
199 428 0 0
198 428 0 0
197 428 0 0
196 428 0 0
195 428 0 0
194 428 0 0
193 428 0 0
192 428 0 0
191 428 0 0
190 428 0 0
189 428 0 0
188 428 0 0
187 428 0 0
186 428 0 0
185 428 0 0
184 428 0 0
183 428 0 0
182 428 0 0
181 428 0 0
180 428 0 0
164 428 0 0
163 428 0 0
162 428 0 0
161 428 0 0
160 428 0 0
159 428 0 0
569 427 0 0
568 427 0 0
567 427 0 0
566 427 0 0
565 427 0 0
224 427 0 0
223 427 0 0
222 427 0 0
221 427 0 0
220 427 0 0
219 427 0 0
218 427 0 0
217 427 0 0
216 427 0 0
215 427 0 0
214 427 0 0
213 427 0 0
212 427 0 0
211 427 0 0
210 427 0 0
209 427 0 0
208 427 0 0
207 427 0 0
206 427 0 0
205 427 0 0
204 427 0 0
203 427 0 0
202 427 0 0
201 427 0 0
200 427 0 0
199 427 0 0
198 427 0 0
197 427 0 0
196 427 0 0
195 427 0 0
194 427 0 0
193 427 0 0
192 427 0 0
191 427 0 0
190 427 0 0
189 427 0 0
188 427 0 0
187 427 0 0
186 427 0 0
185 427 0 0
184 427 0 0
183 427 0 0
182 427 0 0
181 427 0 0
180 427 0 0
179 427 0 0
178 427 0 0
165 427 0 0
164 427 0 0
163 427 0 0
162 427 0 0
161 427 0 0
160 427 0 0
159 427 0 0
158 427 0 0
157 427 0 0
569 426 0 0
568 426 0 0
567 426 0 0
566 426 0 0
565 426 0 0
564 426 0 0
227 426 0 0
226 426 0 0
225 426 0 0
224 426 0 0
223 426 0 0
222 426 0 0
221 426 0 0
220 426 0 0
219 426 0 0
218 426 0 0
217 426 0 0
216 426 0 0
215 426 0 0
214 426 0 0
213 426 0 0
212 426 0 0
211 426 0 0
210 426 0 0
209 426 0 0
208 426 0 0
207 426 0 0
206 426 0 0
205 426 0 0
204 426 0 0
203 426 0 0
202 426 0 0
201 426 0 0
200 426 0 0
199 426 0 0
198 426 0 0
197 426 0 0
196 426 0 0
195 426 0 0
194 426 0 0
193 426 0 0
192 426 0 0
191 426 0 0
190 426 0 0
189 426 0 0
188 426 0 0
187 426 0 0
186 426 0 0
185 426 0 0
184 426 0 0
183 426 0 0
182 426 0 0
181 426 0 0
180 426 0 0
179 426 0 0
178 426 0 0
177 426 0 0
165 426 0 0
164 426 0 0
163 426 0 0
162 426 0 0
161 426 0 0
160 426 0 0
159 426 0 0
158 426 0 0
157 426 0 0
156 426 0 0
569 425 0 0
568 425 0 0
567 425 0 0
566 425 0 0
565 425 0 0
564 425 0 0
229 425 0 0
228 425 0 0
227 425 0 0
226 425 0 0
225 425 0 0
224 425 0 0
223 425 0 0
222 425 0 0
221 425 0 0
220 425 0 0
219 425 0 0
218 425 0 0
217 425 0 0
216 425 0 0
215 425 0 0
214 425 0 0
213 425 0 0
212 425 0 0
211 425 0 0
210 425 0 0
209 425 0 0
208 425 0 0
207 425 0 0
206 425 0 0
205 425 0 0
204 425 0 0
203 425 0 0
202 425 0 0
201 425 0 0
200 425 0 0
199 425 0 0
198 425 0 0
197 425 0 0
196 425 0 0
195 425 0 0
194 425 0 0
193 425 0 0
192 425 0 0
191 425 0 0
190 425 0 0
189 425 0 0
188 425 0 0
187 425 0 0
186 425 0 0
185 425 0 0
184 425 0 0
183 425 0 0
182 425 0 0
181 425 0 0
180 425 0 0
179 425 0 0
178 425 0 0
177 425 0 0
176 425 0 0
175 425 0 0
167 425 0 0
166 425 0 0
165 425 0 0
164 425 0 0
163 425 0 0
162 425 0 0
161 425 0 0
160 425 0 0
159 425 0 0
158 425 0 0
157 425 0 0
156 425 0 0
155 425 0 0
568 424 0 0
567 424 0 0
566 424 0 0
565 424 0 0
564 424 0 0
231 424 0 0
230 424 0 0
229 424 0 0
228 424 0 0
227 424 0 0
226 424 0 0
225 424 0 0
224 424 0 0
223 424 0 0
222 424 0 0
221 424 0 0
220 424 0 0
219 424 0 0
218 424 0 0
217 424 0 0
216 424 0 0
215 424 0 0
214 424 0 0
213 424 0 0
212 424 0 0
211 424 0 0
210 424 0 0
209 424 0 0
208 424 0 0
207 424 0 0
206 424 0 0
205 424 0 0
204 424 0 0
203 424 0 0
202 424 0 0
201 424 0 0
200 424 0 0
199 424 0 0
198 424 0 0
182 424 0 0
181 424 0 0
180 424 0 0
179 424 0 0
178 424 0 0
177 424 0 0
176 424 0 0
175 424 0 0
174 424 0 0
173 424 0 0
172 424 0 0
171 424 0 0
170 424 0 0
169 424 0 0
168 424 0 0
167 424 0 0
166 424 0 0
165 424 0 0
164 424 0 0
163 424 0 0
162 424 0 0
161 424 0 0
160 424 0 0
159 424 0 0
158 424 0 0
157 424 0 0
156 424 0 0
155 424 0 0
154 424 0 0
568 423 0 0
567 423 0 0
566 423 0 0
565 423 0 0
564 423 0 0
563 423 0 0
233 423 0 0
232 423 0 0
231 423 0 0
230 423 0 0
229 423 0 0
228 423 0 0
227 423 0 0
226 423 0 0
225 423 0 0
224 423 0 0
223 423 0 0
222 423 0 0
221 423 0 0
220 423 0 0
219 423 0 0
218 423 0 0
181 423 0 0
180 423 0 0
179 423 0 0
178 423 0 0
177 423 0 0
176 423 0 0
175 423 0 0
174 423 0 0
173 423 0 0
172 423 0 0
171 423 0 0
170 423 0 0
169 423 0 0
168 423 0 0
167 423 0 0
166 423 0 0
165 423 0 0
164 423 0 0
163 423 0 0
162 423 0 0
161 423 0 0
159 423 0 0
158 423 0 0
157 423 0 0
156 423 0 0
155 423 0 0
154 423 0 0
153 423 0 0
568 422 0 0
567 422 0 0
566 422 0 0
565 422 0 0
564 422 0 0
563 422 0 0
235 422 0 0
234 422 0 0
233 422 0 0
232 422 0 0
231 422 0 0
230 422 0 0
229 422 0 0
228 422 0 0
227 422 0 0
226 422 0 0
225 422 0 0
224 422 0 0
223 422 0 0
179 422 0 0
178 422 0 0
177 422 0 0
176 422 0 0
175 422 0 0
174 422 0 0
173 422 0 0
172 422 0 0
171 422 0 0
170 422 0 0
169 422 0 0
168 422 0 0
167 422 0 0
166 422 0 0
165 422 0 0
164 422 0 0
163 422 0 0
162 422 0 0
158 422 0 0
157 422 0 0
156 422 0 0
155 422 0 0
154 422 0 0
153 422 0 0
152 422 0 0
567 421 0 0
566 421 0 0
565 421 0 0
564 421 0 0
563 421 0 0
237 421 0 0
236 421 0 0
235 421 0 0
234 421 0 0
233 421 0 0
232 421 0 0
231 421 0 0
230 421 0 0
229 421 0 0
228 421 0 0
227 421 0 0
226 421 0 0
178 421 0 0
177 421 0 0
176 421 0 0
175 421 0 0
174 421 0 0
173 421 0 0
172 421 0 0
171 421 0 0
170 421 0 0
169 421 0 0
168 421 0 0
167 421 0 0
166 421 0 0
165 421 0 0
164 421 0 0
163 421 0 0
157 421 0 0
156 421 0 0
155 421 0 0
154 421 0 0
153 421 0 0
152 421 0 0
151 421 0 0
150 421 0 0
567 420 0 0
566 420 0 0
565 420 0 0
564 420 0 0
563 420 0 0
562 420 0 0
240 420 0 0
239 420 0 0
238 420 0 0
237 420 0 0
236 420 0 0
235 420 0 0
234 420 0 0
233 420 0 0
232 420 0 0
231 420 0 0
230 420 0 0
229 420 0 0
228 420 0 0
156 420 0 0
155 420 0 0
154 420 0 0
153 420 0 0
152 420 0 0
151 420 0 0
150 420 0 0
149 420 0 0
567 419 0 0
566 419 0 0
565 419 0 0
564 419 0 0
563 419 0 0
562 419 0 0
241 419 0 0
240 419 0 0
239 419 0 0
238 419 0 0
237 419 0 0
236 419 0 0
235 419 0 0
234 419 0 0
233 419 0 0
232 419 0 0
231 419 0 0
230 419 0 0
155 419 0 0
154 419 0 0
153 419 0 0
152 419 0 0
151 419 0 0
150 419 0 0
149 419 0 0
148 419 0 0
566 418 0 0
565 418 0 0
564 418 0 0
563 418 0 0
562 418 0 0
242 418 0 0
241 418 0 0
240 418 0 0
239 418 0 0
238 418 0 0
237 418 0 0
236 418 0 0
235 418 0 0
234 418 0 0
233 418 0 0
232 418 0 0
154 418 0 0
153 418 0 0
152 418 0 0
151 418 0 0
150 418 0 0
149 418 0 0
148 418 0 0
147 418 0 0
566 417 0 0
565 417 0 0
564 417 0 0
563 417 0 0
562 417 0 0
561 417 0 0
243 417 0 0
242 417 0 0
241 417 0 0
240 417 0 0
239 417 0 0
238 417 0 0
237 417 0 0
236 417 0 0
235 417 0 0
234 417 0 0
153 417 0 0
152 417 0 0
151 417 0 0
150 417 0 0
149 417 0 0
148 417 0 0
147 417 0 0
146 417 0 0
566 416 0 0
565 416 0 0
564 416 0 0
563 416 0 0
562 416 0 0
561 416 0 0
244 416 0 0
243 416 0 0
242 416 0 0
241 416 0 0
240 416 0 0
239 416 0 0
238 416 0 0
237 416 0 0
151 416 0 0
150 416 0 0
149 416 0 0
148 416 0 0
147 416 0 0
146 416 0 0
565 415 0 0
564 415 0 0
563 415 0 0
562 415 0 0
561 415 0 0
246 415 0 0
245 415 0 0
244 415 0 0
243 415 0 0
242 415 0 0
241 415 0 0
240 415 0 0
239 415 0 0
150 415 0 0
149 415 0 0
148 415 0 0
147 415 0 0
146 415 0 0
145 415 0 0
565 414 0 0
564 414 0 0
563 414 0 0
562 414 0 0
561 414 0 0
560 414 0 0
249 414 0 0
248 414 0 0
247 414 0 0
246 414 0 0
245 414 0 0
244 414 0 0
243 414 0 0
242 414 0 0
241 414 0 0
240 414 0 0
150 414 0 0
149 414 0 0
148 414 0 0
147 414 0 0
146 414 0 0
145 414 0 0
565 413 0 0
564 413 0 0
563 413 0 0
562 413 0 0
561 413 0 0
560 413 0 0
251 413 0 0
250 413 0 0
249 413 0 0
248 413 0 0
247 413 0 0
246 413 0 0
245 413 0 0
244 413 0 0
243 413 0 0
242 413 0 0
241 413 0 0
149 413 0 0
148 413 0 0
147 413 0 0
146 413 0 0
145 413 0 0
144 413 0 0
143 413 0 0
564 412 0 0
563 412 0 0
562 412 0 0
561 412 0 0
560 412 0 0
254 412 0 0
253 412 0 0
252 412 0 0
251 412 0 0
250 412 0 0
249 412 0 0
248 412 0 0
247 412 0 0
246 412 0 0
245 412 0 0
244 412 0 0
243 412 0 0
242 412 0 0
149 412 0 0
148 412 0 0
147 412 0 0
146 412 0 0
145 412 0 0
144 412 0 0
143 412 0 0
142 412 0 0
564 411 0 0
563 411 0 0
562 411 0 0
561 411 0 0
560 411 0 0
256 411 0 0
255 411 0 0
254 411 0 0
253 411 0 0
252 411 0 0
251 411 0 0
250 411 0 0
249 411 0 0
248 411 0 0
247 411 0 0
246 411 0 0
245 411 0 0
244 411 0 0
243 411 0 0
148 411 0 0
147 411 0 0
146 411 0 0
145 411 0 0
144 411 0 0
143 411 0 0
142 411 0 0
141 411 0 0
140 411 0 0
139 411 0 0
138 411 0 0
564 410 0 0
563 410 0 0
562 410 0 0
561 410 0 0
560 410 0 0
559 410 0 0
259 410 0 0
258 410 0 0
257 410 0 0
256 410 0 0
255 410 0 0
254 410 0 0
253 410 0 0
252 410 0 0
251 410 0 0
250 410 0 0
249 410 0 0
248 410 0 0
247 410 0 0
246 410 0 0
147 410 0 0
146 410 0 0
145 410 0 0
144 410 0 0
143 410 0 0
142 410 0 0
141 410 0 0
140 410 0 0
139 410 0 0
138 410 0 0
137 410 0 0
136 410 0 0
135 410 0 0
134 410 0 0
563 409 0 0
562 409 0 0
561 409 0 0
560 409 0 0
559 409 0 0
261 409 0 0
260 409 0 0
259 409 0 0
258 409 0 0
257 409 0 0
256 409 0 0
255 409 0 0
254 409 0 0
253 409 0 0
252 409 0 0
251 409 0 0
250 409 0 0
249 409 0 0
248 409 0 0
146 409 0 0
145 409 0 0
144 409 0 0
143 409 0 0
142 409 0 0
141 409 0 0
140 409 0 0
139 409 0 0
138 409 0 0
137 409 0 0
136 409 0 0
135 409 0 0
134 409 0 0
133 409 0 0
132 409 0 0
131 409 0 0
130 409 0 0
129 409 0 0
563 408 0 0
562 408 0 0
561 408 0 0
560 408 0 0
559 408 0 0
262 408 0 0
261 408 0 0
260 408 0 0
259 408 0 0
258 408 0 0
257 408 0 0
256 408 0 0
255 408 0 0
254 408 0 0
253 408 0 0
252 408 0 0
251 408 0 0
144 408 0 0
143 408 0 0
142 408 0 0
141 408 0 0
140 408 0 0
139 408 0 0
138 408 0 0
137 408 0 0
136 408 0 0
135 408 0 0
134 408 0 0
133 408 0 0
132 408 0 0
131 408 0 0
130 408 0 0
129 408 0 0
128 408 0 0
563 407 0 0
562 407 0 0
561 407 0 0
560 407 0 0
559 407 0 0
264 407 0 0
263 407 0 0
262 407 0 0
261 407 0 0
260 407 0 0
259 407 0 0
258 407 0 0
257 407 0 0
256 407 0 0
255 407 0 0
254 407 0 0
253 407 0 0
143 407 0 0
142 407 0 0
141 407 0 0
140 407 0 0
139 407 0 0
138 407 0 0
137 407 0 0
136 407 0 0
135 407 0 0
134 407 0 0
133 407 0 0
132 407 0 0
131 407 0 0
130 407 0 0
129 407 0 0
128 407 0 0
127 407 0 0
563 406 0 0
562 406 0 0
561 406 0 0
560 406 0 0
559 406 0 0
558 406 0 0
265 406 0 0
264 406 0 0
263 406 0 0
262 406 0 0
261 406 0 0
260 406 0 0
259 406 0 0
258 406 0 0
257 406 0 0
256 406 0 0
139 406 0 0
138 406 0 0
137 406 0 0
136 406 0 0
135 406 0 0
134 406 0 0
133 406 0 0
132 406 0 0
131 406 0 0
130 406 0 0
129 406 0 0
128 406 0 0
127 406 0 0
126 406 0 0
562 405 0 0
561 405 0 0
560 405 0 0
559 405 0 0
558 405 0 0
267 405 0 0
266 405 0 0
265 405 0 0
264 405 0 0
263 405 0 0
262 405 0 0
261 405 0 0
260 405 0 0
259 405 0 0
258 405 0 0
132 405 0 0
131 405 0 0
130 405 0 0
129 405 0 0
128 405 0 0
127 405 0 0
126 405 0 0
125 405 0 0
124 405 0 0
123 405 0 0
122 405 0 0
121 405 0 0
562 404 0 0
561 404 0 0
560 404 0 0
559 404 0 0
558 404 0 0
268 404 0 0
267 404 0 0
266 404 0 0
265 404 0 0
264 404 0 0
263 404 0 0
262 404 0 0
261 404 0 0
260 404 0 0
130 404 0 0
129 404 0 0
128 404 0 0
127 404 0 0
126 404 0 0
125 404 0 0
124 404 0 0
123 404 0 0
122 404 0 0
121 404 0 0
120 404 0 0
562 403 0 0
561 403 0 0
560 403 0 0
559 403 0 0
558 403 0 0
269 403 0 0
268 403 0 0
267 403 0 0
266 403 0 0
265 403 0 0
264 403 0 0
263 403 0 0
262 403 0 0
261 403 0 0
129 403 0 0
128 403 0 0
127 403 0 0
126 403 0 0
125 403 0 0
124 403 0 0
123 403 0 0
122 403 0 0
121 403 0 0
120 403 0 0
119 403 0 0
562 402 0 0
561 402 0 0
560 402 0 0
559 402 0 0
558 402 0 0
557 402 0 0
271 402 0 0
270 402 0 0
269 402 0 0
268 402 0 0
267 402 0 0
266 402 0 0
265 402 0 0
264 402 0 0
263 402 0 0
128 402 0 0
127 402 0 0
126 402 0 0
125 402 0 0
124 402 0 0
123 402 0 0
122 402 0 0
121 402 0 0
120 402 0 0
119 402 0 0
118 402 0 0
561 401 0 0
560 401 0 0
559 401 0 0
558 401 0 0
557 401 0 0
273 401 0 0
272 401 0 0
271 401 0 0
270 401 0 0
269 401 0 0
268 401 0 0
267 401 0 0
266 401 0 0
265 401 0 0
264 401 0 0
127 401 0 0
126 401 0 0
125 401 0 0
124 401 0 0
123 401 0 0
122 401 0 0
121 401 0 0
120 401 0 0
119 401 0 0
118 401 0 0
117 401 0 0
561 400 0 0
560 400 0 0
559 400 0 0
558 400 0 0
557 400 0 0
275 400 0 0
274 400 0 0
273 400 0 0
272 400 0 0
271 400 0 0
270 400 0 0
269 400 0 0
268 400 0 0
267 400 0 0
266 400 0 0
265 400 0 0
122 400 0 0
121 400 0 0
120 400 0 0
119 400 0 0
118 400 0 0
117 400 0 0
116 400 0 0
115 400 0 0
561 399 0 0
560 399 0 0
559 399 0 0
558 399 0 0
557 399 0 0
556 399 0 0
277 399 0 0
276 399 0 0
275 399 0 0
274 399 0 0
273 399 0 0
272 399 0 0
271 399 0 0
270 399 0 0
269 399 0 0
268 399 0 0
267 399 0 0
121 399 0 0
120 399 0 0
119 399 0 0
118 399 0 0
117 399 0 0
116 399 0 0
115 399 0 0
114 399 0 0
561 398 0 0
560 398 0 0
559 398 0 0
558 398 0 0
557 398 0 0
556 398 0 0
278 398 0 0
277 398 0 0
276 398 0 0
275 398 0 0
274 398 0 0
273 398 0 0
272 398 0 0
271 398 0 0
270 398 0 0
269 398 0 0
268 398 0 0
120 398 0 0
119 398 0 0
118 398 0 0
117 398 0 0
116 398 0 0
115 398 0 0
114 398 0 0
113 398 0 0
560 397 0 0
559 397 0 0
558 397 0 0
557 397 0 0
556 397 0 0
280 397 0 0
279 397 0 0
278 397 0 0
277 397 0 0
276 397 0 0
275 397 0 0
274 397 0 0
273 397 0 0
272 397 0 0
271 397 0 0
270 397 0 0
119 397 0 0
118 397 0 0
117 397 0 0
116 397 0 0
115 397 0 0
114 397 0 0
113 397 0 0
112 397 0 0
560 396 0 0
559 396 0 0
558 396 0 0
557 396 0 0
556 396 0 0
282 396 0 0
281 396 0 0
280 396 0 0
279 396 0 0
278 396 0 0
277 396 0 0
276 396 0 0
275 396 0 0
274 396 0 0
273 396 0 0
272 396 0 0
118 396 0 0
117 396 0 0
116 396 0 0
115 396 0 0
114 396 0 0
113 396 0 0
112 396 0 0
560 395 0 0
559 395 0 0
558 395 0 0
557 395 0 0
556 395 0 0
555 395 0 0
284 395 0 0
283 395 0 0
282 395 0 0
281 395 0 0
280 395 0 0
279 395 0 0
278 395 0 0
277 395 0 0
276 395 0 0
275 395 0 0
274 395 0 0
116 395 0 0
115 395 0 0
114 395 0 0
113 395 0 0
112 395 0 0
111 395 0 0
559 394 0 0
558 394 0 0
557 394 0 0
556 394 0 0
555 394 0 0
400 394 0 0
399 394 0 0
398 394 0 0
397 394 0 0
286 394 0 0
285 394 0 0
284 394 0 0
283 394 0 0
282 394 0 0
281 394 0 0
280 394 0 0
279 394 0 0
278 394 0 0
277 394 0 0
276 394 0 0
115 394 0 0
114 394 0 0
113 394 0 0
112 394 0 0
111 394 0 0
110 394 0 0
559 393 0 0
558 393 0 0
557 393 0 0
556 393 0 0
555 393 0 0
400 393 0 0
399 393 0 0
398 393 0 0
397 393 0 0
288 393 0 0
287 393 0 0
286 393 0 0
285 393 0 0
284 393 0 0
283 393 0 0
282 393 0 0
281 393 0 0
280 393 0 0
279 393 0 0
278 393 0 0
115 393 0 0
114 393 0 0
113 393 0 0
112 393 0 0
111 393 0 0
110 393 0 0
109 393 0 0
559 392 0 0
558 392 0 0
557 392 0 0
556 392 0 0
555 392 0 0
400 392 0 0
399 392 0 0
398 392 0 0
397 392 0 0
291 392 0 0
290 392 0 0
289 392 0 0
288 392 0 0
287 392 0 0
286 392 0 0
285 392 0 0
284 392 0 0
283 392 0 0
282 392 0 0
281 392 0 0
280 392 0 0
114 392 0 0
113 392 0 0
112 392 0 0
111 392 0 0
110 392 0 0
109 392 0 0
108 392 0 0
559 391 0 0
558 391 0 0
557 391 0 0
556 391 0 0
555 391 0 0
554 391 0 0
400 391 0 0
399 391 0 0
398 391 0 0
397 391 0 0
293 391 0 0
292 391 0 0
291 391 0 0
290 391 0 0
289 391 0 0
288 391 0 0
287 391 0 0
286 391 0 0
285 391 0 0
284 391 0 0
283 391 0 0
282 391 0 0
281 391 0 0
113 391 0 0
112 391 0 0
111 391 0 0
110 391 0 0
109 391 0 0
108 391 0 0
107 391 0 0
558 390 0 0
557 390 0 0
556 390 0 0
555 390 0 0
554 390 0 0
400 390 0 0
399 390 0 0
398 390 0 0
397 390 0 0
396 390 0 0
295 390 0 0
294 390 0 0
293 390 0 0
292 390 0 0
291 390 0 0
290 390 0 0
289 390 0 0
288 390 0 0
287 390 0 0
286 390 0 0
285 390 0 0
284 390 0 0
283 390 0 0
112 390 0 0
111 390 0 0
110 390 0 0
109 390 0 0
108 390 0 0
107 390 0 0
106 390 0 0
558 389 0 0
557 389 0 0
556 389 0 0
555 389 0 0
554 389 0 0
400 389 0 0
399 389 0 0
398 389 0 0
397 389 0 0
396 389 0 0
395 389 0 0
394 389 0 0
296 389 0 0
295 389 0 0
294 389 0 0
293 389 0 0
292 389 0 0
291 389 0 0
290 389 0 0
289 389 0 0
288 389 0 0
287 389 0 0
286 389 0 0
285 389 0 0
111 389 0 0
110 389 0 0
109 389 0 0
108 389 0 0
107 389 0 0
106 389 0 0
105 389 0 0
558 388 0 0
557 388 0 0
556 388 0 0
555 388 0 0
554 388 0 0
553 388 0 0
400 388 0 0
399 388 0 0
398 388 0 0
397 388 0 0
396 388 0 0
395 388 0 0
394 388 0 0
393 388 0 0
392 388 0 0
391 388 0 0
298 388 0 0
297 388 0 0
296 388 0 0
295 388 0 0
294 388 0 0
293 388 0 0
292 388 0 0
291 388 0 0
290 388 0 0
289 388 0 0
288 388 0 0
110 388 0 0
109 388 0 0
108 388 0 0
107 388 0 0
106 388 0 0
105 388 0 0
104 388 0 0
558 387 0 0
557 387 0 0
556 387 0 0
555 387 0 0
554 387 0 0
553 387 0 0
400 387 0 0
399 387 0 0
398 387 0 0
397 387 0 0
396 387 0 0
395 387 0 0
394 387 0 0
393 387 0 0
392 387 0 0
391 387 0 0
390 387 0 0
389 387 0 0
388 387 0 0
387 387 0 0
300 387 0 0
299 387 0 0
298 387 0 0
297 387 0 0
296 387 0 0
295 387 0 0
294 387 0 0
293 387 0 0
292 387 0 0
291 387 0 0
290 387 0 0
199 387 0 1
198 387 0 1
197 387 0 1
196 387 0 1
195 387 0 1
194 387 0 1
193 387 0 1
192 387 0 1
191 387 0 1
190 387 0 1
189 387 0 1
188 387 0 1
187 387 0 1
186 387 0 1
185 387 0 1
184 387 0 1
183 387 0 1
182 387 0 1
181 387 0 1
180 387 0 1
179 387 0 1
178 387 0 1
177 387 0 1
176 387 0 1
175 387 0 1
174 387 0 1
173 387 0 1
172 387 0 1
171 387 0 1
170 387 0 1
169 387 0 1
168 387 0 1
167 387 0 1
166 387 0 1
165 387 0 1
164 387 0 1
163 387 0 1
162 387 0 1
161 387 0 1
160 387 0 1
159 387 0 1
158 387 0 1
157 387 0 1
156 387 0 1
109 387 0 0
108 387 0 0
107 387 0 0
106 387 0 0
105 387 0 0
104 387 0 0
557 386 0 0
556 386 0 0
555 386 0 0
554 386 0 0
553 386 0 0
399 386 0 0
398 386 0 0
397 386 0 0
396 386 0 0
395 386 0 0
394 386 0 0
393 386 0 0
392 386 0 0
391 386 0 0
390 386 0 0
389 386 0 0
388 386 0 0
387 386 0 0
386 386 0 0
385 386 0 0
384 386 0 0
383 386 0 0
382 386 0 0
381 386 0 0
302 386 0 0
301 386 0 0
300 386 0 0
299 386 0 0
298 386 0 0
297 386 0 0
296 386 0 0
295 386 0 0
294 386 0 0
293 386 0 0
292 386 0 0
204 386 0 1
203 386 0 1
202 386 0 1
201 386 0 1
200 386 0 1
199 386 0 1
198 386 0 1
197 386 0 1
196 386 0 1
195 386 0 1
194 386 0 1
193 386 0 1
192 386 0 1
191 386 0 1
190 386 0 1
189 386 0 1
188 386 0 1
187 386 0 1
186 386 0 1
185 386 0 1
184 386 0 1
183 386 0 1
182 386 0 1
181 386 0 1
180 386 0 1
179 386 0 1
178 386 0 1
177 386 0 1
176 386 0 1
175 386 0 1
174 386 0 1
173 386 0 1
172 386 0 1
171 386 0 1
170 386 0 1
169 386 0 1
168 386 0 1
167 386 0 1
166 386 0 1
165 386 0 1
164 386 0 1
163 386 0 1
162 386 0 1
161 386 0 1
160 386 0 1
159 386 0 1
158 386 0 1
157 386 0 1
156 386 0 1
108 386 0 0
107 386 0 0
106 386 0 0
105 386 0 0
104 386 0 0
557 385 0 0
556 385 0 0
555 385 0 0
554 385 0 0
553 385 0 0
398 385 0 0
397 385 0 0
396 385 0 0
395 385 0 0
394 385 0 0
393 385 0 0
392 385 0 0
391 385 0 0
390 385 0 0
389 385 0 0
388 385 0 0
387 385 0 0
386 385 0 0
385 385 0 0
384 385 0 0
383 385 0 0
382 385 0 0
381 385 0 0
380 385 0 0
379 385 0 0
378 385 0 0
377 385 0 0
376 385 0 0
375 385 0 0
374 385 0 0
304 385 0 0
303 385 0 0
302 385 0 0
301 385 0 0
300 385 0 0
299 385 0 0
298 385 0 0
297 385 0 0
296 385 0 0
295 385 0 0
294 385 0 0
208 385 0 1
207 385 0 1
206 385 0 1
205 385 0 1
204 385 0 1
203 385 0 1
202 385 0 1
201 385 0 1
200 385 0 1
199 385 0 1
198 385 0 1
197 385 0 1
196 385 0 1
195 385 0 1
194 385 0 1
193 385 0 1
192 385 0 1
191 385 0 1
190 385 0 1
189 385 0 1
188 385 0 1
187 385 0 1
186 385 0 1
185 385 0 1
184 385 0 1
183 385 0 1
182 385 0 1
181 385 0 1
180 385 0 1
179 385 0 1
178 385 0 1
177 385 0 1
176 385 0 1
175 385 0 1
174 385 0 1
173 385 0 1
172 385 0 1
171 385 0 1
170 385 0 1
169 385 0 1
168 385 0 1
167 385 0 1
166 385 0 1
165 385 0 1
164 385 0 1
163 385 0 1
162 385 0 1
161 385 0 1
160 385 0 1
159 385 0 1
158 385 0 1
157 385 0 1
156 385 0 1
108 385 0 0
107 385 0 0
106 385 0 0
105 385 0 0
104 385 0 0
557 384 0 0
556 384 0 0
555 384 0 0
554 384 0 0
553 384 0 0
552 384 0 0
395 384 0 0
394 384 0 0
393 384 0 0
392 384 0 0
391 384 0 0
390 384 0 0
389 384 0 0
388 384 0 0
387 384 0 0
386 384 0 0
385 384 0 0
384 384 0 0
383 384 0 0
382 384 0 0
381 384 0 0
380 384 0 0
379 384 0 0
378 384 0 0
377 384 0 0
376 384 0 0
375 384 0 0
374 384 0 0
373 384 0 0
372 384 0 0
306 384 0 0
305 384 0 0
304 384 0 0
303 384 0 0
302 384 0 0
301 384 0 0
300 384 0 0
299 384 0 0
298 384 0 0
297 384 0 0
296 384 0 0
212 384 0 1
211 384 0 1
210 384 0 1
209 384 0 1
208 384 0 1
207 384 0 1
206 384 0 1
205 384 0 1
204 384 0 1
203 384 0 1
202 384 0 1
201 384 0 1
200 384 0 1
199 384 0 1
198 384 0 1
197 384 0 1
196 384 0 1
195 384 0 1
194 384 0 1
193 384 0 1
192 384 0 1
191 384 0 1
190 384 0 1
189 384 0 1
188 384 0 1
187 384 0 1
186 384 0 1
185 384 0 1
184 384 0 1
183 384 0 1
182 384 0 1
181 384 0 1
180 384 0 1
179 384 0 1
178 384 0 1
177 384 0 1
176 384 0 1
175 384 0 1
174 384 0 1
173 384 0 1
172 384 0 1
171 384 0 1
170 384 0 1
169 384 0 1
168 384 0 1
167 384 0 1
166 384 0 1
165 384 0 1
164 384 0 1
163 384 0 1
162 384 0 1
161 384 0 1
160 384 0 1
159 384 0 1
158 384 0 1
157 384 0 1
156 384 0 1
108 384 0 0
107 384 0 0
106 384 0 0
105 384 0 0
104 384 0 0
556 383 0 0
555 383 0 0
554 383 0 0
553 383 0 0
552 383 0 0
392 383 0 0
391 383 0 0
390 383 0 0
389 383 0 0
388 383 0 0
387 383 0 0
386 383 0 0
385 383 0 0
384 383 0 0
383 383 0 0
382 383 0 0
381 383 0 0
380 383 0 0
379 383 0 0
378 383 0 0
377 383 0 0
376 383 0 0
375 383 0 0
374 383 0 0
373 383 0 0
372 383 0 0
371 383 0 0
370 383 0 0
308 383 0 0
307 383 0 0
306 383 0 0
305 383 0 0
304 383 0 0
303 383 0 0
302 383 0 0
301 383 0 0
300 383 0 0
299 383 0 0
298 383 0 0
217 383 0 1
216 383 0 1
215 383 0 1
214 383 0 1
213 383 0 1
212 383 0 1
211 383 0 1
210 383 0 1
209 383 0 1
208 383 0 1
207 383 0 1
206 383 0 1
205 383 0 1
204 383 0 1
203 383 0 1
202 383 0 1
201 383 0 1
200 383 0 1
199 383 0 1
198 383 0 1
197 383 0 1
196 383 0 1
195 383 0 1
194 383 0 1
193 383 0 1
192 383 0 1
191 383 0 1
190 383 0 1
189 383 0 1
188 383 0 1
187 383 0 1
186 383 0 1
185 383 0 1
184 383 0 1
107 383 0 0
106 383 0 0
105 383 0 0
104 383 0 0
556 382 0 0
555 382 0 0
554 382 0 0
553 382 0 0
552 382 0 0
384 382 0 0
383 382 0 0
382 382 0 0
381 382 0 0
380 382 0 0
379 382 0 0
378 382 0 0
377 382 0 0
376 382 0 0
375 382 0 0
374 382 0 0
373 382 0 0
372 382 0 0
371 382 0 0
370 382 0 0
369 382 0 0
368 382 0 0
367 382 0 0
366 382 0 0
311 382 0 0
310 382 0 0
309 382 0 0
308 382 0 0
307 382 0 0
306 382 0 0
305 382 0 0
304 382 0 0
303 382 0 0
302 382 0 0
301 382 0 0
300 382 0 0
299 382 0 0
222 382 0 1
221 382 0 1
220 382 0 1
219 382 0 1
218 382 0 1
217 382 0 1
216 382 0 1
215 382 0 1
214 382 0 1
213 382 0 1
212 382 0 1
211 382 0 1
210 382 0 1
209 382 0 1
208 382 0 1
207 382 0 1
206 382 0 1
205 382 0 1
204 382 0 1
203 382 0 1
202 382 0 1
201 382 0 1
200 382 0 1
199 382 0 1
107 382 0 0
106 382 0 0
105 382 0 0
104 382 0 0
556 381 0 0
555 381 0 0
554 381 0 0
553 381 0 0
552 381 0 0
378 381 0 0
377 381 0 0
376 381 0 0
375 381 0 0
374 381 0 0
373 381 0 0
372 381 0 0
371 381 0 0
370 381 0 0
369 381 0 0
368 381 0 0
367 381 0 0
366 381 0 0
365 381 0 0
364 381 0 0
313 381 0 0
312 381 0 0
311 381 0 0
310 381 0 0
309 381 0 0
308 381 0 0
307 381 0 0
306 381 0 0
305 381 0 0
304 381 0 0
303 381 0 0
302 381 0 0
301 381 0 0
225 381 0 1
224 381 0 1
223 381 0 1
222 381 0 1
221 381 0 1
220 381 0 1
219 381 0 1
218 381 0 1
217 381 0 1
216 381 0 1
215 381 0 1
214 381 0 1
213 381 0 1
212 381 0 1
211 381 0 1
210 381 0 1
209 381 0 1
208 381 0 1
207 381 0 1
206 381 0 1
205 381 0 1
204 381 0 1
203 381 0 1
107 381 0 0
106 381 0 0
105 381 0 0
104 381 0 0
556 380 0 0
555 380 0 0
554 380 0 0
553 380 0 0
552 380 0 0
551 380 0 0
375 380 0 0
374 380 0 0
373 380 0 0
372 380 0 0
371 380 0 0
370 380 0 0
369 380 0 0
368 380 0 0
367 380 0 0
366 380 0 0
365 380 0 0
364 380 0 0
363 380 0 0
362 380 0 0
361 380 0 0
322 380 0 0
321 380 0 0
320 380 0 0
319 380 0 0
318 380 0 0
317 380 0 0
316 380 0 0
315 380 0 0
314 380 0 0
313 380 0 0
312 380 0 0
311 380 0 0
310 380 0 0
309 380 0 0
308 380 0 0
307 380 0 0
306 380 0 0
305 380 0 0
304 380 0 0
303 380 0 0
228 380 0 1
227 380 0 1
226 380 0 1
225 380 0 1
224 380 0 1
223 380 0 1
222 380 0 1
221 380 0 1
220 380 0 1
219 380 0 1
218 380 0 1
217 380 0 1
216 380 0 1
215 380 0 1
214 380 0 1
213 380 0 1
212 380 0 1
211 380 0 1
210 380 0 1
209 380 0 1
208 380 0 1
207 380 0 1
107 380 0 0
106 380 0 0
105 380 0 0
104 380 0 0
555 379 0 0
554 379 0 0
553 379 0 0
552 379 0 0
551 379 0 0
373 379 0 0
372 379 0 0
371 379 0 0
370 379 0 0
369 379 0 0
368 379 0 0
367 379 0 0
366 379 0 0
365 379 0 0
364 379 0 0
363 379 0 0
362 379 0 0
361 379 0 0
360 379 0 0
359 379 0 0
358 379 0 0
357 379 0 0
356 379 0 0
355 379 0 0
354 379 0 0
353 379 0 0
352 379 0 0
351 379 0 0
350 379 0 0
349 379 0 0
348 379 0 0
347 379 0 0
346 379 0 0
345 379 0 0
344 379 0 0
343 379 0 0
342 379 0 0
341 379 0 0
340 379 0 0
339 379 0 0
338 379 0 0
337 379 0 0
336 379 0 0
335 379 0 0
334 379 0 0
333 379 0 0
332 379 0 0
331 379 0 0
330 379 0 0
329 379 0 0
328 379 0 0
327 379 0 0
326 379 0 0
325 379 0 0
324 379 0 0
323 379 0 0
322 379 0 0
321 379 0 0
320 379 0 0
319 379 0 0
318 379 0 0
317 379 0 0
316 379 0 0
315 379 0 0
314 379 0 0
313 379 0 0
312 379 0 0
311 379 0 0
310 379 0 0
309 379 0 0
308 379 0 0
307 379 0 0
306 379 0 0
230 379 0 1
229 379 0 1
228 379 0 1
227 379 0 1
226 379 0 1
225 379 0 1
224 379 0 1
223 379 0 1
222 379 0 1
221 379 0 1
220 379 0 1
219 379 0 1
218 379 0 1
217 379 0 1
216 379 0 1
215 379 0 1
214 379 0 1
213 379 0 1
212 379 0 1
107 379 0 0
106 379 0 0
105 379 0 0
104 379 0 0
555 378 0 0
554 378 0 0
553 378 0 0
552 378 0 0
551 378 0 0
371 378 0 0
370 378 0 0
369 378 0 0
368 378 0 0
367 378 0 0
366 378 0 0
365 378 0 0
364 378 0 0
363 378 0 0
362 378 0 0
361 378 0 0
360 378 0 0
359 378 0 0
358 378 0 0
357 378 0 0
356 378 0 0
355 378 0 0
354 378 0 0
353 378 0 0
352 378 0 0
351 378 0 0
350 378 0 0
349 378 0 0
348 378 0 0
347 378 0 0
346 378 0 0
345 378 0 0
344 378 0 0
343 378 0 0
342 378 0 0
341 378 0 0
340 378 0 0
339 378 0 0
338 378 0 0
337 378 0 0
336 378 0 0
335 378 0 0
334 378 0 0
333 378 0 0
332 378 0 0
331 378 0 0
330 378 0 0
329 378 0 0
328 378 0 0
327 378 0 0
326 378 0 0
325 378 0 0
324 378 0 0
323 378 0 0
322 378 0 0
321 378 0 0
320 378 0 0
319 378 0 0
318 378 0 0
317 378 0 0
316 378 0 0
315 378 0 0
314 378 0 0
313 378 0 0
312 378 0 0
311 378 0 0
310 378 0 0
309 378 0 0
308 378 0 0
233 378 0 1
232 378 0 1
231 378 0 1
230 378 0 1
229 378 0 1
228 378 0 1
227 378 0 1
226 378 0 1
225 378 0 1
224 378 0 1
223 378 0 1
222 378 0 1
221 378 0 1
220 378 0 1
219 378 0 1
218 378 0 1
217 378 0 1
107 378 0 0
106 378 0 0
105 378 0 0
104 378 0 0
555 377 0 0
554 377 0 0
553 377 0 0
552 377 0 0
551 377 0 0
550 377 0 0
367 377 0 0
366 377 0 0
365 377 0 0
364 377 0 0
363 377 0 0
362 377 0 0
361 377 0 0
360 377 0 0
359 377 0 0
358 377 0 0
357 377 0 0
356 377 0 0
355 377 0 0
354 377 0 0
353 377 0 0
352 377 0 0
351 377 0 0
350 377 0 0
349 377 0 0
348 377 0 0
347 377 0 0
346 377 0 0
345 377 0 0
344 377 0 0
343 377 0 0
342 377 0 0
341 377 0 0
340 377 0 0
339 377 0 0
338 377 0 0
337 377 0 0
336 377 0 0
335 377 0 0
334 377 0 0
333 377 0 0
332 377 0 0
331 377 0 0
330 377 0 0
329 377 0 0
328 377 0 0
327 377 0 0
326 377 0 0
325 377 0 0
324 377 0 0
323 377 0 0
322 377 0 0
321 377 0 0
320 377 0 0
319 377 0 0
318 377 0 0
317 377 0 0
316 377 0 0
315 377 0 0
314 377 0 0
313 377 0 0
312 377 0 0
311 377 0 0
310 377 0 0
235 377 0 1
234 377 0 1
233 377 0 1
232 377 0 1
231 377 0 1
230 377 0 1
229 377 0 1
228 377 0 1
227 377 0 1
226 377 0 1
225 377 0 1
224 377 0 1
223 377 0 1
222 377 0 1
107 377 0 0
106 377 0 0
105 377 0 0
104 377 0 0
555 376 0 0
554 376 0 0
553 376 0 0
552 376 0 0
551 376 0 0
550 376 0 0
364 376 0 0
363 376 0 0
362 376 0 0
361 376 0 0
360 376 0 0
359 376 0 0
358 376 0 0
357 376 0 0
356 376 0 0
355 376 0 0
354 376 0 0
353 376 0 0
352 376 0 0
351 376 0 0
350 376 0 0
349 376 0 0
348 376 0 0
347 376 0 0
346 376 0 0
345 376 0 0
344 376 0 0
343 376 0 0
342 376 0 0
341 376 0 0
340 376 0 0
339 376 0 0
338 376 0 0
337 376 0 0
336 376 0 0
335 376 0 0
334 376 0 0
333 376 0 0
332 376 0 0
331 376 0 0
330 376 0 0
329 376 0 0
328 376 0 0
327 376 0 0
326 376 0 0
325 376 0 0
324 376 0 0
323 376 0 0
322 376 0 0
321 376 0 0
320 376 0 0
319 376 0 0
318 376 0 0
317 376 0 0
316 376 0 0
315 376 0 0
314 376 0 0
313 376 0 0
238 376 0 1
237 376 0 1
236 376 0 1
235 376 0 1
234 376 0 1
233 376 0 1
232 376 0 1
231 376 0 1
230 376 0 1
229 376 0 1
228 376 0 1
227 376 0 1
226 376 0 1
225 376 0 1
107 376 0 0
106 376 0 0
105 376 0 0
104 376 0 0
554 375 0 0
553 375 0 0
552 375 0 0
551 375 0 0
550 375 0 0
241 375 0 1
240 375 0 1
239 375 0 1
238 375 0 1
237 375 0 1
236 375 0 1
235 375 0 1
234 375 0 1
233 375 0 1
232 375 0 1
231 375 0 1
230 375 0 1
229 375 0 1
228 375 0 1
227 375 0 1
107 375 0 0
106 375 0 0
105 375 0 0
104 375 0 0
554 374 0 0
553 374 0 0
552 374 0 0
551 374 0 0
550 374 0 0
244 374 0 1
243 374 0 1
242 374 0 1
241 374 0 1
240 374 0 1
239 374 0 1
238 374 0 1
237 374 0 1
236 374 0 1
235 374 0 1
234 374 0 1
233 374 0 1
232 374 0 1
231 374 0 1
230 374 0 1
107 374 0 0
106 374 0 0
105 374 0 0
104 374 0 0
554 373 0 0
553 373 0 0
552 373 0 0
551 373 0 0
550 373 0 0
245 373 0 1
244 373 0 1
243 373 0 1
242 373 0 1
241 373 0 1
240 373 0 1
239 373 0 1
238 373 0 1
237 373 0 1
236 373 0 1
235 373 0 1
234 373 0 1
233 373 0 1
232 373 0 1
107 373 0 0
106 373 0 0
105 373 0 0
104 373 0 0
554 372 0 0
553 372 0 0
552 372 0 0
551 372 0 0
550 372 0 0
549 372 0 0
246 372 0 1
245 372 0 1
244 372 0 1
243 372 0 1
242 372 0 1
241 372 0 1
240 372 0 1
239 372 0 1
238 372 0 1
237 372 0 1
236 372 0 1
235 372 0 1
107 372 0 0
106 372 0 0
105 372 0 0
104 372 0 0
553 371 0 0
552 371 0 0
551 371 0 0
550 371 0 0
549 371 0 0
248 371 0 1
247 371 0 1
246 371 0 1
245 371 0 1
244 371 0 1
243 371 0 1
242 371 0 1
241 371 0 1
240 371 0 1
239 371 0 1
238 371 0 1
107 371 0 0
106 371 0 0
105 371 0 0
104 371 0 0
553 370 0 0
552 370 0 0
551 370 0 0
550 370 0 0
549 370 0 0
249 370 0 1
248 370 0 1
247 370 0 1
246 370 0 1
245 370 0 1
244 370 0 1
243 370 0 1
242 370 0 1
241 370 0 1
107 370 0 0
106 370 0 0
105 370 0 0
104 370 0 0
553 369 0 0
552 369 0 0
551 369 0 0
550 369 0 0
549 369 0 0
250 369 0 1
249 369 0 1
248 369 0 1
247 369 0 1
246 369 0 1
245 369 0 1
244 369 0 1
243 369 0 1
107 369 0 0
106 369 0 0
105 369 0 0
104 369 0 0
553 368 0 0
552 368 0 0
551 368 0 0
550 368 0 0
549 368 0 0
251 368 0 1
250 368 0 1
249 368 0 1
248 368 0 1
247 368 0 1
246 368 0 1
245 368 0 1
244 368 0 1
107 368 0 0
106 368 0 0
105 368 0 0
104 368 0 0
553 367 0 0
552 367 0 0
551 367 0 0
550 367 0 0
549 367 0 0
548 367 0 0
252 367 0 1
251 367 0 1
250 367 0 1
249 367 0 1
248 367 0 1
247 367 0 1
246 367 0 1
245 367 0 1
107 367 0 0
106 367 0 0
105 367 0 0
104 367 0 0
552 366 0 0
551 366 0 0
550 366 0 0
549 366 0 0
548 366 0 0
253 366 0 1
252 366 0 1
251 366 0 1
250 366 0 1
249 366 0 1
248 366 0 1
247 366 0 1
246 366 0 1
107 366 0 0
106 366 0 0
105 366 0 0
104 366 0 0
552 365 0 0
551 365 0 0
550 365 0 0
549 365 0 0
548 365 0 0
255 365 0 1
254 365 0 1
253 365 0 1
252 365 0 1
251 365 0 1
250 365 0 1
249 365 0 1
248 365 0 1
247 365 0 1
107 365 0 0
106 365 0 0
105 365 0 0
104 365 0 0
552 364 0 0
551 364 0 0
550 364 0 0
549 364 0 0
548 364 0 0
256 364 0 1
255 364 0 1
254 364 0 1
253 364 0 1
252 364 0 1
251 364 0 1
250 364 0 1
249 364 0 1
107 364 0 0
106 364 0 0
105 364 0 0
104 364 0 0
552 363 0 0
551 363 0 0
550 363 0 0
549 363 0 0
548 363 0 0
257 363 0 1
256 363 0 1
255 363 0 1
254 363 0 1
253 363 0 1
252 363 0 1
251 363 0 1
250 363 0 1
107 363 0 0
106 363 0 0
105 363 0 0
104 363 0 0
552 362 0 0
551 362 0 0
550 362 0 0
549 362 0 0
548 362 0 0
547 362 0 0
259 362 0 1
258 362 0 1
257 362 0 1
256 362 0 1
255 362 0 1
254 362 0 1
253 362 0 1
252 362 0 1
251 362 0 1
107 362 0 0
106 362 0 0
105 362 0 0
104 362 0 0
551 361 0 0
550 361 0 0
549 361 0 0
548 361 0 0
547 361 0 0
260 361 0 1
259 361 0 1
258 361 0 1
257 361 0 1
256 361 0 1
255 361 0 1
254 361 0 1
253 361 0 1
252 361 0 1
107 361 0 0
106 361 0 0
105 361 0 0
104 361 0 0
551 360 0 0
550 360 0 0
549 360 0 0
548 360 0 0
547 360 0 0
261 360 0 1
260 360 0 1
259 360 0 1
258 360 0 1
257 360 0 1
256 360 0 1
255 360 0 1
254 360 0 1
107 360 0 0
106 360 0 0
105 360 0 0
104 360 0 0
551 359 0 0
550 359 0 0
549 359 0 0
548 359 0 0
547 359 0 0
262 359 0 1
261 359 0 1
260 359 0 1
259 359 0 1
258 359 0 1
257 359 0 1
256 359 0 1
255 359 0 1
107 359 0 0
106 359 0 0
105 359 0 0
104 359 0 0
551 358 0 0
550 358 0 0
549 358 0 0
548 358 0 0
547 358 0 0
546 358 0 0
263 358 0 1
262 358 0 1
261 358 0 1
260 358 0 1
259 358 0 1
258 358 0 1
257 358 0 1
256 358 0 1
107 358 0 0
106 358 0 0
105 358 0 0
104 358 0 0
551 357 0 0
550 357 0 0
549 357 0 0
548 357 0 0
547 357 0 0
546 357 0 0
264 357 0 1
263 357 0 1
262 357 0 1
261 357 0 1
260 357 0 1
259 357 0 1
258 357 0 1
107 357 0 0
106 357 0 0
105 357 0 0
104 357 0 0
550 356 0 0
549 356 0 0
548 356 0 0
547 356 0 0
546 356 0 0
265 356 0 1
264 356 0 1
263 356 0 1
262 356 0 1
261 356 0 1
260 356 0 1
259 356 0 1
107 356 0 0
106 356 0 0
105 356 0 0
104 356 0 0
550 355 0 0
549 355 0 0
548 355 0 0
547 355 0 0
546 355 0 0
266 355 0 1
265 355 0 1
264 355 0 1
263 355 0 1
262 355 0 1
261 355 0 1
260 355 0 1
107 355 0 0
106 355 0 0
105 355 0 0
104 355 0 0
550 354 0 0
549 354 0 0
548 354 0 0
547 354 0 0
546 354 0 0
266 354 0 1
265 354 0 1
264 354 0 1
263 354 0 1
262 354 0 1
261 354 0 1
260 354 0 1
107 354 0 0
106 354 0 0
105 354 0 0
104 354 0 0
550 353 0 0
549 353 0 0
548 353 0 0
547 353 0 0
546 353 0 0
545 353 0 0
267 353 0 1
266 353 0 1
265 353 0 1
264 353 0 1
263 353 0 1
262 353 0 1
261 353 0 1
107 353 0 0
106 353 0 0
105 353 0 0
104 353 0 0
550 352 0 0
549 352 0 0
548 352 0 0
547 352 0 0
546 352 0 0
545 352 0 0
268 352 0 1
267 352 0 1
266 352 0 1
265 352 0 1
264 352 0 1
263 352 0 1
262 352 0 1
107 352 0 0
106 352 0 0
105 352 0 0
104 352 0 0
549 351 0 0
548 351 0 0
547 351 0 0
546 351 0 0
545 351 0 0
269 351 0 1
268 351 0 1
267 351 0 1
266 351 0 1
265 351 0 1
264 351 0 1
263 351 0 1
107 351 0 0
106 351 0 0
105 351 0 0
104 351 0 0
549 350 0 0
548 350 0 0
547 350 0 0
546 350 0 0
545 350 0 0
269 350 0 1
268 350 0 1
267 350 0 1
266 350 0 1
265 350 0 1
264 350 0 1
108 350 0 0
107 350 0 0
106 350 0 0
105 350 0 0
104 350 0 0
549 349 0 0
548 349 0 0
547 349 0 0
546 349 0 0
545 349 0 0
270 349 0 1
269 349 0 1
268 349 0 1
267 349 0 1
266 349 0 1
265 349 0 1
108 349 0 0
107 349 0 0
106 349 0 0
105 349 0 0
104 349 0 0
549 348 0 0
548 348 0 0
547 348 0 0
546 348 0 0
545 348 0 0
270 348 0 1
269 348 0 1
268 348 0 1
267 348 0 1
266 348 0 1
265 348 0 1
108 348 0 0
107 348 0 0
106 348 0 0
105 348 0 0
104 348 0 0
549 347 0 0
548 347 0 0
547 347 0 0
546 347 0 0
545 347 0 0
544 347 0 0
271 347 0 1
270 347 0 1
269 347 0 1
268 347 0 1
267 347 0 1
266 347 0 1
108 347 0 0
107 347 0 0
106 347 0 0
105 347 0 0
104 347 0 0
548 346 0 0
547 346 0 0
546 346 0 0
545 346 0 0
544 346 0 0
271 346 0 1
270 346 0 1
269 346 0 1
268 346 0 1
267 346 0 1
266 346 0 1
109 346 0 0
108 346 0 0
107 346 0 0
106 346 0 0
105 346 0 0
104 346 0 0
548 345 0 0
547 345 0 0
546 345 0 0
545 345 0 0
544 345 0 0
272 345 0 1
271 345 0 1
270 345 0 1
269 345 0 1
268 345 0 1
267 345 0 1
109 345 0 0
108 345 0 0
107 345 0 0
106 345 0 0
105 345 0 0
104 345 0 0
548 344 0 0
547 344 0 0
546 344 0 0
545 344 0 0
544 344 0 0
273 344 0 1
272 344 0 1
271 344 0 1
270 344 0 1
269 344 0 1
268 344 0 1
267 344 0 1
110 344 0 0
109 344 0 0
108 344 0 0
107 344 0 0
106 344 0 0
105 344 0 0
548 343 0 0
547 343 0 0
546 343 0 0
545 343 0 0
544 343 0 0
273 343 0 1
272 343 0 1
271 343 0 1
270 343 0 1
269 343 0 1
268 343 0 1
111 343 0 0
110 343 0 0
109 343 0 0
108 343 0 0
107 343 0 0
106 343 0 0
548 342 0 0
547 342 0 0
546 342 0 0
545 342 0 0
544 342 0 0
543 342 0 0
274 342 0 1
273 342 0 1
272 342 0 1
271 342 0 1
270 342 0 1
269 342 0 1
112 342 0 0
111 342 0 0
110 342 0 0
109 342 0 0
108 342 0 0
107 342 0 0
106 342 0 0
547 341 0 0
546 341 0 0
545 341 0 0
544 341 0 0
543 341 0 0
275 341 0 1
274 341 0 1
273 341 0 1
272 341 0 1
271 341 0 1
270 341 0 1
269 341 0 1
113 341 0 0
112 341 0 0
111 341 0 0
110 341 0 0
109 341 0 0
108 341 0 0
107 341 0 0
547 340 0 0
546 340 0 0
545 340 0 0
544 340 0 0
543 340 0 0
275 340 0 1
274 340 0 1
273 340 0 1
272 340 0 1
271 340 0 1
270 340 0 1
114 340 0 0
113 340 0 0
112 340 0 0
111 340 0 0
110 340 0 0
109 340 0 0
108 340 0 0
547 339 0 0
546 339 0 0
545 339 0 0
544 339 0 0
543 339 0 0
276 339 0 1
275 339 0 1
274 339 0 1
273 339 0 1
272 339 0 1
271 339 0 1
115 339 0 0
114 339 0 0
113 339 0 0
112 339 0 0
111 339 0 0
110 339 0 0
109 339 0 0
547 338 0 0
546 338 0 0
545 338 0 0
544 338 0 0
543 338 0 0
276 338 0 1
275 338 0 1
274 338 0 1
273 338 0 1
272 338 0 1
271 338 0 1
116 338 0 0
115 338 0 0
114 338 0 0
113 338 0 0
112 338 0 0
111 338 0 0
110 338 0 0
547 337 0 0
546 337 0 0
545 337 0 0
544 337 0 0
543 337 0 0
542 337 0 0
277 337 0 1
276 337 0 1
275 337 0 1
274 337 0 1
273 337 0 1
272 337 0 1
117 337 0 0
116 337 0 0
115 337 0 0
114 337 0 0
113 337 0 0
112 337 0 0
111 337 0 0
546 336 0 0
545 336 0 0
544 336 0 0
543 336 0 0
542 336 0 0
277 336 0 1
276 336 0 1
275 336 0 1
274 336 0 1
273 336 0 1
272 336 0 1
119 336 0 0
118 336 0 0
117 336 0 0
116 336 0 0
115 336 0 0
114 336 0 0
113 336 0 0
112 336 0 0
546 335 0 0
545 335 0 0
544 335 0 0
543 335 0 0
542 335 0 0
278 335 0 1
277 335 0 1
276 335 0 1
275 335 0 1
274 335 0 1
273 335 0 1
121 335 0 0
120 335 0 0
119 335 0 0
118 335 0 0
117 335 0 0
116 335 0 0
115 335 0 0
114 335 0 0
113 335 0 0
546 334 0 0
545 334 0 0
544 334 0 0
543 334 0 0
542 334 0 0
278 334 0 1
277 334 0 1
276 334 0 1
275 334 0 1
274 334 0 1
273 334 0 1
124 334 0 0
123 334 0 0
122 334 0 0
121 334 0 0
120 334 0 0
119 334 0 0
118 334 0 0
117 334 0 0
116 334 0 0
115 334 0 0
114 334 0 0
546 333 0 0
545 333 0 0
544 333 0 0
543 333 0 0
542 333 0 0
541 333 0 0
279 333 0 1
278 333 0 1
277 333 0 1
276 333 0 1
275 333 0 1
274 333 0 1
126 333 0 0
125 333 0 0
124 333 0 0
123 333 0 0
122 333 0 0
121 333 0 0
120 333 0 0
119 333 0 0
118 333 0 0
117 333 0 0
116 333 0 0
115 333 0 0
546 332 0 0
545 332 0 0
544 332 0 0
543 332 0 0
542 332 0 0
541 332 0 0
279 332 0 1
278 332 0 1
277 332 0 1
276 332 0 1
275 332 0 1
274 332 0 1
128 332 0 0
127 332 0 0
126 332 0 0
125 332 0 0
124 332 0 0
123 332 0 0
122 332 0 0
121 332 0 0
120 332 0 0
119 332 0 0
118 332 0 0
117 332 0 0
116 332 0 0
545 331 0 0
544 331 0 0
543 331 0 0
542 331 0 0
541 331 0 0
280 331 0 1
279 331 0 1
278 331 0 1
277 331 0 1
276 331 0 1
275 331 0 1
130 331 0 0
129 331 0 0
128 331 0 0
127 331 0 0
126 331 0 0
125 331 0 0
124 331 0 0
123 331 0 0
122 331 0 0
121 331 0 0
120 331 0 0
119 331 0 0
545 330 0 0
544 330 0 0
543 330 0 0
542 330 0 0
541 330 0 0
280 330 0 1
279 330 0 1
278 330 0 1
277 330 0 1
276 330 0 1
275 330 0 1
132 330 0 0
131 330 0 0
130 330 0 0
129 330 0 0
128 330 0 0
127 330 0 0
126 330 0 0
125 330 0 0
124 330 0 0
123 330 0 0
122 330 0 0
121 330 0 0
545 329 0 0
544 329 0 0
543 329 0 0
542 329 0 0
541 329 0 0
281 329 0 1
280 329 0 1
279 329 0 1
278 329 0 1
277 329 0 1
276 329 0 1
135 329 0 0
134 329 0 0
133 329 0 0
132 329 0 0
131 329 0 0
130 329 0 0
129 329 0 0
128 329 0 0
127 329 0 0
126 329 0 0
125 329 0 0
124 329 0 0
123 329 0 0
545 328 0 0
544 328 0 0
543 328 0 0
542 328 0 0
541 328 0 0
540 328 0 0
281 328 0 1
280 328 0 1
279 328 0 1
278 328 0 1
277 328 0 1
276 328 0 1
139 328 0 0
138 328 0 0
137 328 0 0
136 328 0 0
135 328 0 0
134 328 0 0
133 328 0 0
132 328 0 0
131 328 0 0
130 328 0 0
129 328 0 0
128 328 0 0
127 328 0 0
126 328 0 0
125 328 0 0
544 327 0 0
543 327 0 0
542 327 0 0
541 327 0 0
540 327 0 0
282 327 0 1
281 327 0 1
280 327 0 1
279 327 0 1
278 327 0 1
277 327 0 1
143 327 0 0
142 327 0 0
141 327 0 0
140 327 0 0
139 327 0 0
138 327 0 0
137 327 0 0
136 327 0 0
135 327 0 0
134 327 0 0
133 327 0 0
132 327 0 0
131 327 0 0
130 327 0 0
129 327 0 0
128 327 0 0
127 327 0 0
544 326 0 0
543 326 0 0
542 326 0 0
541 326 0 0
540 326 0 0
282 326 0 1
281 326 0 1
280 326 0 1
279 326 0 1
278 326 0 1
277 326 0 1
151 326 0 0
150 326 0 0
149 326 0 0
148 326 0 0
147 326 0 0
146 326 0 0
145 326 0 0
144 326 0 0
143 326 0 0
142 326 0 0
141 326 0 0
140 326 0 0
139 326 0 0
138 326 0 0
137 326 0 0
136 326 0 0
135 326 0 0
134 326 0 0
133 326 0 0
132 326 0 0
131 326 0 0
130 326 0 0
129 326 0 0
544 325 0 0
543 325 0 0
542 325 0 0
541 325 0 0
540 325 0 0
282 325 0 1
281 325 0 1
280 325 0 1
279 325 0 1
278 325 0 1
160 325 0 0
159 325 0 0
158 325 0 0
157 325 0 0
156 325 0 0
155 325 0 0
154 325 0 0
153 325 0 0
152 325 0 0
151 325 0 0
150 325 0 0
149 325 0 0
148 325 0 0
147 325 0 0
146 325 0 0
145 325 0 0
144 325 0 0
143 325 0 0
142 325 0 0
141 325 0 0
140 325 0 0
139 325 0 0
138 325 0 0
137 325 0 0
136 325 0 0
135 325 0 0
134 325 0 0
133 325 0 0
132 325 0 0
131 325 0 0
544 324 0 0
543 324 0 0
542 324 0 0
541 324 0 0
540 324 0 0
539 324 0 0
283 324 0 1
282 324 0 1
281 324 0 1
280 324 0 1
279 324 0 1
278 324 0 1
160 324 0 0
159 324 0 0
158 324 0 0
157 324 0 0
156 324 0 0
155 324 0 0
154 324 0 0
153 324 0 0
152 324 0 0
151 324 0 0
150 324 0 0
149 324 0 0
148 324 0 0
147 324 0 0
146 324 0 0
145 324 0 0
144 324 0 0
143 324 0 0
142 324 0 0
141 324 0 0
140 324 0 0
139 324 0 0
138 324 0 0
137 324 0 0
136 324 0 0
135 324 0 0
543 323 0 0
542 323 0 0
541 323 0 0
540 323 0 0
539 323 0 0
283 323 0 1
282 323 0 1
281 323 0 1
280 323 0 1
279 323 0 1
160 323 0 0
159 323 0 0
158 323 0 0
157 323 0 0
156 323 0 0
155 323 0 0
154 323 0 0
153 323 0 0
152 323 0 0
151 323 0 0
150 323 0 0
149 323 0 0
148 323 0 0
147 323 0 0
146 323 0 0
145 323 0 0
144 323 0 0
143 323 0 0
142 323 0 0
141 323 0 0
140 323 0 0
139 323 0 0
543 322 0 0
542 322 0 0
541 322 0 0
540 322 0 0
539 322 0 0
284 322 0 1
283 322 0 1
282 322 0 1
281 322 0 1
280 322 0 1
279 322 0 1
160 322 0 0
159 322 0 0
158 322 0 0
157 322 0 0
156 322 0 0
155 322 0 0
154 322 0 0
153 322 0 0
152 322 0 0
151 322 0 0
150 322 0 0
149 322 0 0
148 322 0 0
147 322 0 0
146 322 0 0
145 322 0 0
144 322 0 0
143 322 0 0
543 321 0 0
542 321 0 0
541 321 0 0
540 321 0 0
539 321 0 0
284 321 0 1
283 321 0 1
282 321 0 1
281 321 0 1
280 321 0 1
279 321 0 1
543 320 0 0
542 320 0 0
541 320 0 0
540 320 0 0
539 320 0 0
284 320 0 1
283 320 0 1
282 320 0 1
281 320 0 1
280 320 0 1
543 319 0 0
542 319 0 0
541 319 0 0
540 319 0 0
539 319 0 0
538 319 0 0
285 319 0 1
284 319 0 1
283 319 0 1
282 319 0 1
281 319 0 1
280 319 0 1
542 318 0 0
541 318 0 0
540 318 0 0
539 318 0 0
538 318 0 0
285 318 0 1
284 318 0 1
283 318 0 1
282 318 0 1
281 318 0 1
542 317 0 0
541 317 0 0
540 317 0 0
539 317 0 0
538 317 0 0
286 317 0 1
285 317 0 1
284 317 0 1
283 317 0 1
282 317 0 1
281 317 0 1
542 316 0 0
541 316 0 0
540 316 0 0
539 316 0 0
538 316 0 0
286 316 0 1
285 316 0 1
284 316 0 1
283 316 0 1
282 316 0 1
281 316 0 1
542 315 0 0
541 315 0 0
540 315 0 0
539 315 0 0
538 315 0 0
537 315 0 0
286 315 0 1
285 315 0 1
284 315 0 1
283 315 0 1
282 315 0 1
541 314 0 0
540 314 0 0
539 314 0 0
538 314 0 0
537 314 0 0
287 314 0 1
286 314 0 1
285 314 0 1
284 314 0 1
283 314 0 1
282 314 0 1
541 313 0 0
540 313 0 0
539 313 0 0
538 313 0 0
537 313 0 0
287 313 0 1
286 313 0 1
285 313 0 1
284 313 0 1
283 313 0 1
541 312 0 0
540 312 0 0
539 312 0 0
538 312 0 0
537 312 0 0
288 312 0 1
287 312 0 1
286 312 0 1
285 312 0 1
284 312 0 1
283 312 0 1
541 311 0 0
540 311 0 0
539 311 0 0
538 311 0 0
537 311 0 0
288 311 0 1
287 311 0 1
286 311 0 1
285 311 0 1
284 311 0 1
283 311 0 1
541 310 0 0
540 310 0 0
539 310 0 0
538 310 0 0
537 310 0 0
288 310 0 1
287 310 0 1
286 310 0 1
285 310 0 1
284 310 0 1
540 309 0 0
539 309 0 0
538 309 0 0
537 309 0 0
289 309 0 1
288 309 0 1
287 309 0 1
286 309 0 1
285 309 0 1
284 309 0 1
540 308 0 0
539 308 0 0
538 308 0 0
537 308 0 0
289 308 0 1
288 308 0 1
287 308 0 1
286 308 0 1
285 308 0 1
540 307 0 0
539 307 0 0
538 307 0 0
537 307 0 0
290 307 0 1
289 307 0 1
288 307 0 1
287 307 0 1
286 307 0 1
285 307 0 1
540 306 0 0
539 306 0 0
538 306 0 0
537 306 0 0
290 306 0 1
289 306 0 1
288 306 0 1
287 306 0 1
286 306 0 1
285 306 0 1
540 305 0 0
539 305 0 0
538 305 0 0
537 305 0 0
290 305 0 1
289 305 0 1
288 305 0 1
287 305 0 1
286 305 0 1
540 304 0 0
539 304 0 0
538 304 0 0
537 304 0 0
291 304 0 1
290 304 0 1
289 304 0 1
288 304 0 1
287 304 0 1
286 304 0 1
540 303 0 0
539 303 0 0
538 303 0 0
537 303 0 0
291 303 0 1
290 303 0 1
289 303 0 1
288 303 0 1
287 303 0 1
540 302 0 0
539 302 0 0
538 302 0 0
537 302 0 0
291 302 0 1
290 302 0 1
289 302 0 1
288 302 0 1
287 302 0 1
540 301 0 0
539 301 0 0
538 301 0 0
537 301 0 0
292 301 0 1
291 301 0 1
290 301 0 1
289 301 0 1
288 301 0 1
287 301 0 1
540 300 0 0
539 300 0 0
538 300 0 0
537 300 0 0
292 300 0 1
291 300 0 1
290 300 0 1
289 300 0 1
288 300 0 1
540 299 0 0
539 299 0 0
538 299 0 0
537 299 0 0
293 299 0 1
292 299 0 1
291 299 0 1
290 299 0 1
289 299 0 1
288 299 0 1
540 298 0 0
539 298 0 0
538 298 0 0
537 298 0 0
293 298 0 1
292 298 0 1
291 298 0 1
290 298 0 1
289 298 0 1
288 298 0 1
540 297 0 0
539 297 0 0
538 297 0 0
537 297 0 0
293 297 0 1
292 297 0 1
291 297 0 1
290 297 0 1
289 297 0 1
540 296 0 0
539 296 0 0
538 296 0 0
537 296 0 0
293 296 0 1
292 296 0 1
291 296 0 1
290 296 0 1
289 296 0 1
540 295 0 0
539 295 0 0
538 295 0 0
537 295 0 0
294 295 0 1
293 295 0 1
292 295 0 1
291 295 0 1
290 295 0 1
289 295 0 1
540 294 0 0
539 294 0 0
538 294 0 0
537 294 0 0
294 294 0 1
293 294 0 1
292 294 0 1
291 294 0 1
290 294 0 1
289 294 0 1
540 293 0 0
539 293 0 0
538 293 0 0
537 293 0 0
294 293 0 1
293 293 0 1
292 293 0 1
291 293 0 1
290 293 0 1
540 292 0 0
539 292 0 0
538 292 0 0
537 292 0 0
294 292 0 1
293 292 0 1
292 292 0 1
291 292 0 1
290 292 0 1
540 291 0 0
539 291 0 0
538 291 0 0
537 291 0 0
294 291 0 1
293 291 0 1
292 291 0 1
291 291 0 1
290 291 0 1
540 290 0 0
539 290 0 0
538 290 0 0
537 290 0 0
294 290 0 1
293 290 0 1
292 290 0 1
291 290 0 1
290 290 0 1
540 289 0 0
539 289 0 0
538 289 0 0
537 289 0 0
294 289 0 1
293 289 0 1
292 289 0 1
291 289 0 1
540 288 0 0
539 288 0 0
538 288 0 0
537 288 0 0
294 288 0 1
293 288 0 1
292 288 0 1
291 288 0 1
540 287 0 0
539 287 0 0
538 287 0 0
537 287 0 0
294 287 0 1
293 287 0 1
292 287 0 1
291 287 0 1
540 286 0 0
539 286 0 0
538 286 0 0
537 286 0 0
294 286 0 1
293 286 0 1
292 286 0 1
291 286 0 1
540 285 0 0
539 285 0 0
538 285 0 0
537 285 0 0
294 285 0 1
293 285 0 1
292 285 0 1
291 285 0 1
540 284 0 0
539 284 0 0
538 284 0 0
537 284 0 0
294 284 0 1
293 284 0 1
292 284 0 1
291 284 0 1
540 283 0 0
539 283 0 0
538 283 0 0
537 283 0 0
294 283 0 1
293 283 0 1
292 283 0 1
291 283 0 1
540 282 0 0
539 282 0 0
538 282 0 0
537 282 0 0
294 282 0 1
293 282 0 1
292 282 0 1
291 282 0 1
540 281 0 0
539 281 0 0
538 281 0 0
537 281 0 0
294 281 0 1
293 281 0 1
292 281 0 1
291 281 0 1
540 280 0 0
539 280 0 0
538 280 0 0
537 280 0 0
294 280 0 1
293 280 0 1
292 280 0 1
291 280 0 1
540 279 0 0
539 279 0 0
538 279 0 0
537 279 0 0
294 279 0 1
293 279 0 1
292 279 0 1
291 279 0 1
540 278 0 0
539 278 0 0
538 278 0 0
537 278 0 0
294 278 0 1
293 278 0 1
292 278 0 1
291 278 0 1
540 277 0 0
539 277 0 0
538 277 0 0
537 277 0 0
294 277 0 1
293 277 0 1
292 277 0 1
291 277 0 1
540 276 0 0
539 276 0 0
538 276 0 0
537 276 0 0
294 276 0 1
293 276 0 1
292 276 0 1
291 276 0 1
540 275 0 0
539 275 0 0
538 275 0 0
537 275 0 0
294 275 0 1
293 275 0 1
292 275 0 1
291 275 0 1
290 275 0 1
540 274 0 0
539 274 0 0
538 274 0 0
537 274 0 0
294 274 0 1
293 274 0 1
292 274 0 1
291 274 0 1
290 274 0 1
540 273 0 0
539 273 0 0
538 273 0 0
537 273 0 0
294 273 0 1
293 273 0 1
292 273 0 1
291 273 0 1
290 273 0 1
540 272 0 0
539 272 0 0
538 272 0 0
537 272 0 0
294 272 0 1
293 272 0 1
292 272 0 1
291 272 0 1
290 272 0 1
540 271 0 0
539 271 0 0
538 271 0 0
537 271 0 0
294 271 0 1
293 271 0 1
292 271 0 1
291 271 0 1
290 271 0 1
540 270 0 0
539 270 0 0
538 270 0 0
537 270 0 0
294 270 0 1
293 270 0 1
292 270 0 1
291 270 0 1
290 270 0 1
289 270 0 1
540 269 0 0
539 269 0 0
538 269 0 0
537 269 0 0
293 269 0 1
292 269 0 1
291 269 0 1
290 269 0 1
289 269 0 1
540 268 0 0
539 268 0 0
538 268 0 0
537 268 0 0
293 268 0 1
292 268 0 1
291 268 0 1
290 268 0 1
289 268 0 1
540 267 0 0
539 267 0 0
538 267 0 0
537 267 0 0
293 267 0 1
292 267 0 1
291 267 0 1
290 267 0 1
289 267 0 1
288 267 0 1
540 266 0 0
539 266 0 0
538 266 0 0
537 266 0 0
293 266 0 1
292 266 0 1
291 266 0 1
290 266 0 1
289 266 0 1
288 266 0 1
540 265 0 0
539 265 0 0
538 265 0 0
537 265 0 0
292 265 0 1
291 265 0 1
290 265 0 1
289 265 0 1
288 265 0 1
287 265 0 1
540 264 0 0
539 264 0 0
538 264 0 0
537 264 0 0
292 264 0 1
291 264 0 1
290 264 0 1
289 264 0 1
288 264 0 1
287 264 0 1
540 263 0 0
539 263 0 0
538 263 0 0
537 263 0 0
291 263 0 1
290 263 0 1
289 263 0 1
288 263 0 1
287 263 0 1
286 263 0 1
540 262 0 0
539 262 0 0
538 262 0 0
537 262 0 0
291 262 0 1
290 262 0 1
289 262 0 1
288 262 0 1
287 262 0 1
286 262 0 1
540 261 0 0
539 261 0 0
538 261 0 0
537 261 0 0
290 261 0 1
289 261 0 1
288 261 0 1
287 261 0 1
286 261 0 1
540 260 0 0
539 260 0 0
538 260 0 0
537 260 0 0
290 260 0 1
289 260 0 1
288 260 0 1
287 260 0 1
286 260 0 1
540 259 0 0
539 259 0 0
538 259 0 0
537 259 0 0
290 259 0 1
289 259 0 1
288 259 0 1
287 259 0 1
286 259 0 1
285 259 0 1
540 258 0 0
539 258 0 0
538 258 0 0
537 258 0 0
289 258 0 1
288 258 0 1
287 258 0 1
286 258 0 1
285 258 0 1
540 257 0 0
539 257 0 0
538 257 0 0
537 257 0 0
289 257 0 1
288 257 0 1
287 257 0 1
286 257 0 1
285 257 0 1
540 256 0 0
539 256 0 0
538 256 0 0
537 256 0 0
289 256 0 1
288 256 0 1
287 256 0 1
286 256 0 1
285 256 0 1
284 256 0 1
540 255 0 0
539 255 0 0
538 255 0 0
537 255 0 0
289 255 0 1
288 255 0 1
287 255 0 1
286 255 0 1
285 255 0 1
284 255 0 1
540 254 0 0
539 254 0 0
538 254 0 0
537 254 0 0
288 254 0 1
287 254 0 1
286 254 0 1
285 254 0 1
284 254 0 1
540 253 0 0
539 253 0 0
538 253 0 0
537 253 0 0
288 253 0 1
287 253 0 1
286 253 0 1
285 253 0 1
284 253 0 1
540 252 0 0
539 252 0 0
538 252 0 0
537 252 0 0
288 252 0 1
287 252 0 1
286 252 0 1
285 252 0 1
284 252 0 1
283 252 0 1
540 251 0 0
539 251 0 0
538 251 0 0
537 251 0 0
287 251 0 1
286 251 0 1
285 251 0 1
284 251 0 1
283 251 0 1
540 250 0 0
539 250 0 0
538 250 0 0
537 250 0 0
287 250 0 1
286 250 0 1
285 250 0 1
284 250 0 1
283 250 0 1
540 249 0 0
539 249 0 0
538 249 0 0
537 249 0 0
287 249 0 1
286 249 0 1
285 249 0 1
284 249 0 1
283 249 0 1
282 249 0 1
540 248 0 0
539 248 0 0
538 248 0 0
537 248 0 0
287 248 0 1
286 248 0 1
285 248 0 1
284 248 0 1
283 248 0 1
282 248 0 1
540 247 0 0
539 247 0 0
538 247 0 0
537 247 0 0
286 247 0 1
285 247 0 1
284 247 0 1
283 247 0 1
282 247 0 1
540 246 0 0
539 246 0 0
538 246 0 0
537 246 0 0
286 246 0 1
285 246 0 1
284 246 0 1
283 246 0 1
282 246 0 1
281 246 0 1
540 245 0 0
539 245 0 0
538 245 0 0
537 245 0 0
286 245 0 1
285 245 0 1
284 245 0 1
283 245 0 1
282 245 0 1
281 245 0 1
540 244 0 0
539 244 0 0
538 244 0 0
537 244 0 0
285 244 0 1
284 244 0 1
283 244 0 1
282 244 0 1
281 244 0 1
540 243 0 0
539 243 0 0
538 243 0 0
537 243 0 0
285 243 0 1
284 243 0 1
283 243 0 1
282 243 0 1
281 243 0 1
280 243 0 1
540 242 0 0
539 242 0 0
538 242 0 0
537 242 0 0
285 242 0 1
284 242 0 1
283 242 0 1
282 242 0 1
281 242 0 1
280 242 0 1
540 241 0 0
539 241 0 0
538 241 0 0
537 241 0 0
284 241 0 1
283 241 0 1
282 241 0 1
281 241 0 1
280 241 0 1
540 240 0 0
539 240 0 0
538 240 0 0
537 240 0 0
284 240 0 1
283 240 0 1
282 240 0 1
281 240 0 1
280 240 0 1
279 240 0 1
540 239 0 0
539 239 0 0
538 239 0 0
537 239 0 0
284 239 0 1
283 239 0 1
282 239 0 1
281 239 0 1
280 239 0 1
279 239 0 1
540 238 0 0
539 238 0 0
538 238 0 0
537 238 0 0
283 238 0 1
282 238 0 1
281 238 0 1
280 238 0 1
279 238 0 1
540 237 0 0
539 237 0 0
538 237 0 0
537 237 0 0
283 237 0 1
282 237 0 1
281 237 0 1
280 237 0 1
279 237 0 1
278 237 0 1
540 236 0 0
539 236 0 0
538 236 0 0
537 236 0 0
283 236 0 1
282 236 0 1
281 236 0 1
280 236 0 1
279 236 0 1
278 236 0 1
540 235 0 0
539 235 0 0
538 235 0 0
537 235 0 0
282 235 0 1
281 235 0 1
280 235 0 1
279 235 0 1
278 235 0 1
277 235 0 1
540 234 0 0
539 234 0 0
538 234 0 0
537 234 0 0
281 234 0 1
280 234 0 1
279 234 0 1
278 234 0 1
277 234 0 1
540 233 0 0
539 233 0 0
538 233 0 0
537 233 0 0
281 233 0 1
280 233 0 1
279 233 0 1
278 233 0 1
277 233 0 1
276 233 0 1
275 233 0 1
540 232 0 0
539 232 0 0
538 232 0 0
537 232 0 0
280 232 0 1
279 232 0 1
278 232 0 1
277 232 0 1
276 232 0 1
275 232 0 1
540 231 0 0
539 231 0 0
538 231 0 0
537 231 0 0
280 231 0 1
279 231 0 1
278 231 0 1
277 231 0 1
276 231 0 1
275 231 0 1
540 230 0 0
539 230 0 0
538 230 0 0
537 230 0 0
279 230 0 1
278 230 0 1
277 230 0 1
276 230 0 1
275 230 0 1
540 229 0 0
539 229 0 0
538 229 0 0
537 229 0 0
540 228 0 0
539 228 0 0
538 228 0 0
537 228 0 0
540 227 0 0
539 227 0 0
538 227 0 0
537 227 0 0
540 226 0 0
539 226 0 0
538 226 0 0
537 226 0 0
540 225 0 0
539 225 0 0
538 225 0 0
537 225 0 0
540 224 0 0
539 224 0 0
538 224 0 0
537 224 0 0
309 177 0 1
308 177 0 1
307 177 0 1
306 177 0 1
305 177 0 1
304 177 0 1
303 177 0 1
302 177 0 1
301 177 0 1
300 177 0 1
299 177 0 1
298 177 0 1
297 177 0 1
296 177 0 1
295 177 0 1
294 177 0 1
293 177 0 1
292 177 0 1
317 176 0 1
316 176 0 1
315 176 0 1
314 176 0 1
313 176 0 1
312 176 0 1
311 176 0 1
310 176 0 1
309 176 0 1
308 176 0 1
307 176 0 1
306 176 0 1
305 176 0 1
304 176 0 1
303 176 0 1
302 176 0 1
301 176 0 1
300 176 0 1
299 176 0 1
298 176 0 1
297 176 0 1
296 176 0 1
295 176 0 1
294 176 0 1
293 176 0 1
292 176 0 1
291 176 0 1
290 176 0 1
289 176 0 1
288 176 0 1
287 176 0 1
323 175 0 1
322 175 0 1
321 175 0 1
320 175 0 1
319 175 0 1
318 175 0 1
317 175 0 1
316 175 0 1
315 175 0 1
314 175 0 1
313 175 0 1
312 175 0 1
311 175 0 1
310 175 0 1
309 175 0 1
308 175 0 1
307 175 0 1
306 175 0 1
305 175 0 1
304 175 0 1
303 175 0 1
302 175 0 1
301 175 0 1
300 175 0 1
299 175 0 1
298 175 0 1
297 175 0 1
296 175 0 1
295 175 0 1
294 175 0 1
293 175 0 1
292 175 0 1
291 175 0 1
290 175 0 1
289 175 0 1
288 175 0 1
287 175 0 1
286 175 0 1
327 174 0 1
326 174 0 1
325 174 0 1
324 174 0 1
323 174 0 1
322 174 0 1
321 174 0 1
320 174 0 1
319 174 0 1
318 174 0 1
317 174 0 1
316 174 0 1
315 174 0 1
314 174 0 1
313 174 0 1
312 174 0 1
311 174 0 1
310 174 0 1
309 174 0 1
308 174 0 1
307 174 0 1
306 174 0 1
305 174 0 1
304 174 0 1
303 174 0 1
302 174 0 1
301 174 0 1
300 174 0 1
299 174 0 1
298 174 0 1
297 174 0 1
296 174 0 1
295 174 0 1
294 174 0 1
293 174 0 1
292 174 0 1
291 174 0 1
290 174 0 1
289 174 0 1
288 174 0 1
287 174 0 1
286 174 0 1
285 174 0 1
284 174 0 1
332 173 0 1
331 173 0 1
330 173 0 1
329 173 0 1
328 173 0 1
327 173 0 1
326 173 0 1
325 173 0 1
324 173 0 1
323 173 0 1
322 173 0 1
321 173 0 1
320 173 0 1
319 173 0 1
318 173 0 1
317 173 0 1
316 173 0 1
315 173 0 1
314 173 0 1
313 173 0 1
312 173 0 1
311 173 0 1
310 173 0 1
309 173 0 1
308 173 0 1
307 173 0 1
306 173 0 1
305 173 0 1
304 173 0 1
297 173 0 1
296 173 0 1
295 173 0 1
294 173 0 1
293 173 0 1
292 173 0 1
291 173 0 1
290 173 0 1
289 173 0 1
288 173 0 1
287 173 0 1
286 173 0 1
285 173 0 1
284 173 0 1
283 173 0 1
335 172 0 1
334 172 0 1
333 172 0 1
332 172 0 1
331 172 0 1
330 172 0 1
329 172 0 1
328 172 0 1
327 172 0 1
326 172 0 1
325 172 0 1
324 172 0 1
323 172 0 1
322 172 0 1
321 172 0 1
320 172 0 1
319 172 0 1
318 172 0 1
317 172 0 1
316 172 0 1
315 172 0 1
314 172 0 1
313 172 0 1
312 172 0 1
311 172 0 1
310 172 0 1
292 172 0 1
291 172 0 1
290 172 0 1
289 172 0 1
288 172 0 1
287 172 0 1
286 172 0 1
285 172 0 1
284 172 0 1
283 172 0 1
282 172 0 1
281 172 0 1
338 171 0 1
337 171 0 1
336 171 0 1
335 171 0 1
334 171 0 1
333 171 0 1
332 171 0 1
331 171 0 1
330 171 0 1
329 171 0 1
328 171 0 1
327 171 0 1
326 171 0 1
325 171 0 1
324 171 0 1
323 171 0 1
322 171 0 1
321 171 0 1
320 171 0 1
319 171 0 1
318 171 0 1
317 171 0 1
288 171 0 1
287 171 0 1
286 171 0 1
285 171 0 1
284 171 0 1
283 171 0 1
282 171 0 1
281 171 0 1
280 171 0 1
341 170 0 1
340 170 0 1
339 170 0 1
338 170 0 1
337 170 0 1
336 170 0 1
335 170 0 1
334 170 0 1
333 170 0 1
332 170 0 1
331 170 0 1
330 170 0 1
329 170 0 1
328 170 0 1
327 170 0 1
326 170 0 1
325 170 0 1
324 170 0 1
323 170 0 1
322 170 0 1
286 170 0 1
285 170 0 1
284 170 0 1
283 170 0 1
282 170 0 1
281 170 0 1
280 170 0 1
279 170 0 1
278 170 0 1
345 169 0 1
344 169 0 1
343 169 0 1
342 169 0 1
341 169 0 1
340 169 0 1
339 169 0 1
338 169 0 1
337 169 0 1
336 169 0 1
335 169 0 1
334 169 0 1
333 169 0 1
332 169 0 1
331 169 0 1
330 169 0 1
329 169 0 1
328 169 0 1
327 169 0 1
285 169 0 1
284 169 0 1
283 169 0 1
282 169 0 1
281 169 0 1
280 169 0 1
279 169 0 1
278 169 0 1
277 169 0 1
348 168 0 1
347 168 0 1
346 168 0 1
345 168 0 1
344 168 0 1
343 168 0 1
342 168 0 1
341 168 0 1
340 168 0 1
339 168 0 1
338 168 0 1
337 168 0 1
336 168 0 1
335 168 0 1
334 168 0 1
333 168 0 1
332 168 0 1
331 168 0 1
283 168 0 1
282 168 0 1
281 168 0 1
280 168 0 1
279 168 0 1
278 168 0 1
277 168 0 1
276 168 0 1
351 167 0 1
350 167 0 1
349 167 0 1
348 167 0 1
347 167 0 1
346 167 0 1
345 167 0 1
344 167 0 1
343 167 0 1
342 167 0 1
341 167 0 1
340 167 0 1
339 167 0 1
338 167 0 1
337 167 0 1
336 167 0 1
335 167 0 1
282 167 0 1
281 167 0 1
280 167 0 1
279 167 0 1
278 167 0 1
277 167 0 1
276 167 0 1
275 167 0 1
274 167 0 1
354 166 0 1
353 166 0 1
352 166 0 1
351 166 0 1
350 166 0 1
349 166 0 1
348 166 0 1
347 166 0 1
346 166 0 1
345 166 0 1
344 166 0 1
343 166 0 1
342 166 0 1
341 166 0 1
340 166 0 1
339 166 0 1
338 166 0 1
280 166 0 1
279 166 0 1
278 166 0 1
277 166 0 1
276 166 0 1
275 166 0 1
274 166 0 1
273 166 0 1
357 165 0 1
356 165 0 1
355 165 0 1
354 165 0 1
353 165 0 1
352 165 0 1
351 165 0 1
350 165 0 1
349 165 0 1
348 165 0 1
347 165 0 1
346 165 0 1
345 165 0 1
344 165 0 1
343 165 0 1
342 165 0 1
341 165 0 1
279 165 0 1
278 165 0 1
277 165 0 1
276 165 0 1
275 165 0 1
274 165 0 1
273 165 0 1
272 165 0 1
361 164 0 1
360 164 0 1
359 164 0 1
358 164 0 1
357 164 0 1
356 164 0 1
355 164 0 1
354 164 0 1
353 164 0 1
352 164 0 1
351 164 0 1
350 164 0 1
349 164 0 1
348 164 0 1
347 164 0 1
346 164 0 1
345 164 0 1
344 164 0 1
278 164 0 1
277 164 0 1
276 164 0 1
275 164 0 1
274 164 0 1
273 164 0 1
272 164 0 1
271 164 0 1
366 163 0 1
365 163 0 1
364 163 0 1
363 163 0 1
362 163 0 1
361 163 0 1
360 163 0 1
359 163 0 1
358 163 0 1
357 163 0 1
356 163 0 1
355 163 0 1
354 163 0 1
353 163 0 1
352 163 0 1
351 163 0 1
350 163 0 1
349 163 0 1
348 163 0 1
347 163 0 1
277 163 0 1
276 163 0 1
275 163 0 1
274 163 0 1
273 163 0 1
272 163 0 1
271 163 0 1
270 163 0 1
370 162 0 1
369 162 0 1
368 162 0 1
367 162 0 1
366 162 0 1
365 162 0 1
364 162 0 1
363 162 0 1
362 162 0 1
361 162 0 1
360 162 0 1
359 162 0 1
358 162 0 1
357 162 0 1
356 162 0 1
355 162 0 1
354 162 0 1
353 162 0 1
352 162 0 1
351 162 0 1
350 162 0 1
276 162 0 1
275 162 0 1
274 162 0 1
273 162 0 1
272 162 0 1
271 162 0 1
270 162 0 1
269 162 0 1
375 161 0 1
374 161 0 1
373 161 0 1
372 161 0 1
371 161 0 1
370 161 0 1
369 161 0 1
368 161 0 1
367 161 0 1
366 161 0 1
365 161 0 1
364 161 0 1
363 161 0 1
362 161 0 1
361 161 0 1
360 161 0 1
359 161 0 1
358 161 0 1
357 161 0 1
356 161 0 1
355 161 0 1
354 161 0 1
353 161 0 1
275 161 0 1
274 161 0 1
273 161 0 1
272 161 0 1
271 161 0 1
270 161 0 1
269 161 0 1
268 161 0 1
377 160 0 1
376 160 0 1
375 160 0 1
374 160 0 1
373 160 0 1
372 160 0 1
371 160 0 1
370 160 0 1
369 160 0 1
368 160 0 1
367 160 0 1
366 160 0 1
365 160 0 1
364 160 0 1
363 160 0 1
362 160 0 1
361 160 0 1
360 160 0 1
359 160 0 1
358 160 0 1
357 160 0 1
356 160 0 1
274 160 0 1
273 160 0 1
272 160 0 1
271 160 0 1
270 160 0 1
269 160 0 1
268 160 0 1
267 160 0 1
380 159 0 1
379 159 0 1
378 159 0 1
377 159 0 1
376 159 0 1
375 159 0 1
374 159 0 1
373 159 0 1
372 159 0 1
371 159 0 1
370 159 0 1
369 159 0 1
368 159 0 1
367 159 0 1
366 159 0 1
365 159 0 1
364 159 0 1
363 159 0 1
362 159 0 1
361 159 0 1
272 159 0 1
271 159 0 1
270 159 0 1
269 159 0 1
268 159 0 1
267 159 0 1
266 159 0 1
382 158 0 1
381 158 0 1
380 158 0 1
379 158 0 1
378 158 0 1
377 158 0 1
376 158 0 1
375 158 0 1
374 158 0 1
373 158 0 1
372 158 0 1
371 158 0 1
370 158 0 1
369 158 0 1
368 158 0 1
367 158 0 1
366 158 0 1
365 158 0 1
271 158 0 1
270 158 0 1
269 158 0 1
268 158 0 1
267 158 0 1
266 158 0 1
265 158 0 1
385 157 0 1
384 157 0 1
383 157 0 1
382 157 0 1
381 157 0 1
380 157 0 1
379 157 0 1
378 157 0 1
377 157 0 1
376 157 0 1
375 157 0 1
374 157 0 1
373 157 0 1
372 157 0 1
371 157 0 1
370 157 0 1
270 157 0 1
269 157 0 1
268 157 0 1
267 157 0 1
266 157 0 1
265 157 0 1
264 157 0 1
387 156 0 1
386 156 0 1
385 156 0 1
384 156 0 1
383 156 0 1
382 156 0 1
381 156 0 1
380 156 0 1
379 156 0 1
378 156 0 1
377 156 0 1
376 156 0 1
375 156 0 1
374 156 0 1
269 156 0 1
268 156 0 1
267 156 0 1
266 156 0 1
265 156 0 1
264 156 0 1
263 156 0 1
390 155 0 1
389 155 0 1
388 155 0 1
387 155 0 1
386 155 0 1
385 155 0 1
384 155 0 1
383 155 0 1
382 155 0 1
381 155 0 1
380 155 0 1
379 155 0 1
378 155 0 1
377 155 0 1
268 155 0 1
267 155 0 1
266 155 0 1
265 155 0 1
264 155 0 1
263 155 0 1
262 155 0 1
393 154 0 1
392 154 0 1
391 154 0 1
390 154 0 1
389 154 0 1
388 154 0 1
387 154 0 1
386 154 0 1
385 154 0 1
384 154 0 1
383 154 0 1
382 154 0 1
381 154 0 1
380 154 0 1
379 154 0 1
267 154 0 1
266 154 0 1
265 154 0 1
264 154 0 1
263 154 0 1
262 154 0 1
261 154 0 1
396 153 0 1
395 153 0 1
394 153 0 1
393 153 0 1
392 153 0 1
391 153 0 1
390 153 0 1
389 153 0 1
388 153 0 1
387 153 0 1
386 153 0 1
385 153 0 1
384 153 0 1
383 153 0 1
382 153 0 1
266 153 0 1
265 153 0 1
264 153 0 1
263 153 0 1
262 153 0 1
261 153 0 1
260 153 0 1
399 152 0 1
398 152 0 1
397 152 0 1
396 152 0 1
395 152 0 1
394 152 0 1
393 152 0 1
392 152 0 1
391 152 0 1
390 152 0 1
389 152 0 1
388 152 0 1
387 152 0 1
386 152 0 1
385 152 0 1
384 152 0 1
265 152 0 1
264 152 0 1
263 152 0 1
262 152 0 1
261 152 0 1
260 152 0 1
259 152 0 1
402 151 0 1
401 151 0 1
400 151 0 1
399 151 0 1
398 151 0 1
397 151 0 1
396 151 0 1
395 151 0 1
394 151 0 1
393 151 0 1
392 151 0 1
391 151 0 1
390 151 0 1
389 151 0 1
388 151 0 1
387 151 0 1
264 151 0 1
263 151 0 1
262 151 0 1
261 151 0 1
260 151 0 1
259 151 0 1
258 151 0 1
404 150 0 1
403 150 0 1
402 150 0 1
401 150 0 1
400 150 0 1
399 150 0 1
398 150 0 1
397 150 0 1
396 150 0 1
395 150 0 1
394 150 0 1
393 150 0 1
392 150 0 1
391 150 0 1
390 150 0 1
389 150 0 1
263 150 0 1
262 150 0 1
261 150 0 1
260 150 0 1
259 150 0 1
258 150 0 1
407 149 0 1
406 149 0 1
405 149 0 1
404 149 0 1
403 149 0 1
402 149 0 1
401 149 0 1
400 149 0 1
399 149 0 1
398 149 0 1
397 149 0 1
396 149 0 1
395 149 0 1
394 149 0 1
393 149 0 1
392 149 0 1
262 149 0 1
261 149 0 1
260 149 0 1
259 149 0 1
258 149 0 1
257 149 0 1
410 148 0 1
409 148 0 1
408 148 0 1
407 148 0 1
406 148 0 1
405 148 0 1
404 148 0 1
403 148 0 1
402 148 0 1
401 148 0 1
400 148 0 1
399 148 0 1
398 148 0 1
397 148 0 1
396 148 0 1
395 148 0 1
262 148 0 1
261 148 0 1
260 148 0 1
259 148 0 1
258 148 0 1
257 148 0 1
256 148 0 1
412 147 0 1
411 147 0 1
410 147 0 1
409 147 0 1
408 147 0 1
407 147 0 1
406 147 0 1
405 147 0 1
404 147 0 1
403 147 0 1
402 147 0 1
401 147 0 1
400 147 0 1
399 147 0 1
398 147 0 1
261 147 0 1
260 147 0 1
259 147 0 1
258 147 0 1
257 147 0 1
256 147 0 1
255 147 0 1
415 146 0 1
414 146 0 1
413 146 0 1
412 146 0 1
411 146 0 1
410 146 0 1
409 146 0 1
408 146 0 1
407 146 0 1
406 146 0 1
405 146 0 1
404 146 0 1
403 146 0 1
402 146 0 1
401 146 0 1
260 146 0 1
259 146 0 1
258 146 0 1
257 146 0 1
256 146 0 1
255 146 0 1
417 145 0 1
416 145 0 1
415 145 0 1
414 145 0 1
413 145 0 1
412 145 0 1
411 145 0 1
410 145 0 1
409 145 0 1
408 145 0 1
407 145 0 1
406 145 0 1
405 145 0 1
404 145 0 1
259 145 0 1
258 145 0 1
257 145 0 1
256 145 0 1
255 145 0 1
254 145 0 1
419 144 0 1
418 144 0 1
417 144 0 1
416 144 0 1
415 144 0 1
414 144 0 1
413 144 0 1
412 144 0 1
411 144 0 1
410 144 0 1
409 144 0 1
408 144 0 1
407 144 0 1
406 144 0 1
259 144 0 1
258 144 0 1
257 144 0 1
256 144 0 1
255 144 0 1
254 144 0 1
253 144 0 1
421 143 0 1
420 143 0 1
419 143 0 1
418 143 0 1
417 143 0 1
416 143 0 1
415 143 0 1
414 143 0 1
413 143 0 1
412 143 0 1
411 143 0 1
410 143 0 1
409 143 0 1
258 143 0 1
257 143 0 1
256 143 0 1
255 143 0 1
254 143 0 1
253 143 0 1
423 142 0 1
422 142 0 1
421 142 0 1
420 142 0 1
419 142 0 1
418 142 0 1
417 142 0 1
416 142 0 1
415 142 0 1
414 142 0 1
413 142 0 1
412 142 0 1
257 142 0 1
256 142 0 1
255 142 0 1
254 142 0 1
253 142 0 1
252 142 0 1
425 141 0 1
424 141 0 1
423 141 0 1
422 141 0 1
421 141 0 1
420 141 0 1
419 141 0 1
418 141 0 1
417 141 0 1
416 141 0 1
415 141 0 1
414 141 0 1
257 141 0 1
256 141 0 1
255 141 0 1
254 141 0 1
253 141 0 1
252 141 0 1
427 140 0 1
426 140 0 1
425 140 0 1
424 140 0 1
423 140 0 1
422 140 0 1
421 140 0 1
420 140 0 1
419 140 0 1
418 140 0 1
417 140 0 1
416 140 0 1
256 140 0 1
255 140 0 1
254 140 0 1
253 140 0 1
252 140 0 1
251 140 0 1
428 139 0 1
427 139 0 1
426 139 0 1
425 139 0 1
424 139 0 1
423 139 0 1
422 139 0 1
421 139 0 1
420 139 0 1
419 139 0 1
418 139 0 1
255 139 0 1
254 139 0 1
253 139 0 1
252 139 0 1
251 139 0 1
430 138 0 1
429 138 0 1
428 138 0 1
427 138 0 1
426 138 0 1
425 138 0 1
424 138 0 1
423 138 0 1
422 138 0 1
421 138 0 1
420 138 0 1
255 138 0 1
254 138 0 1
253 138 0 1
252 138 0 1
251 138 0 1
250 138 0 1
431 137 0 1
430 137 0 1
429 137 0 1
428 137 0 1
427 137 0 1
426 137 0 1
425 137 0 1
424 137 0 1
423 137 0 1
422 137 0 1
254 137 0 1
253 137 0 1
252 137 0 1
251 137 0 1
250 137 0 1
249 137 0 1
433 136 0 1
432 136 0 1
431 136 0 1
430 136 0 1
429 136 0 1
428 136 0 1
427 136 0 1
426 136 0 1
425 136 0 1
424 136 0 1
254 136 0 1
253 136 0 1
252 136 0 1
251 136 0 1
250 136 0 1
249 136 0 1
434 135 0 1
433 135 0 1
432 135 0 1
431 135 0 1
430 135 0 1
429 135 0 1
428 135 0 1
427 135 0 1
426 135 0 1
253 135 0 1
252 135 0 1
251 135 0 1
250 135 0 1
249 135 0 1
248 135 0 1
436 134 0 1
435 134 0 1
434 134 0 1
433 134 0 1
432 134 0 1
431 134 0 1
430 134 0 1
429 134 0 1
428 134 0 1
427 134 0 1
253 134 0 1
252 134 0 1
251 134 0 1
250 134 0 1
249 134 0 1
248 134 0 1
437 133 0 1
436 133 0 1
435 133 0 1
434 133 0 1
433 133 0 1
432 133 0 1
431 133 0 1
430 133 0 1
429 133 0 1
252 133 0 1
251 133 0 1
250 133 0 1
249 133 0 1
248 133 0 1
438 132 0 1
437 132 0 1
436 132 0 1
435 132 0 1
434 132 0 1
433 132 0 1
432 132 0 1
431 132 0 1
430 132 0 1
252 132 0 1
251 132 0 1
250 132 0 1
249 132 0 1
248 132 0 1
247 132 0 1
440 131 0 1
439 131 0 1
438 131 0 1
437 131 0 1
436 131 0 1
435 131 0 1
434 131 0 1
433 131 0 1
432 131 0 1
251 131 0 1
250 131 0 1
249 131 0 1
248 131 0 1
247 131 0 1
441 130 0 1
440 130 0 1
439 130 0 1
438 130 0 1
437 130 0 1
436 130 0 1
435 130 0 1
434 130 0 1
433 130 0 1
251 130 0 1
250 130 0 1
249 130 0 1
248 130 0 1
247 130 0 1
246 130 0 1
443 129 0 1
442 129 0 1
441 129 0 1
440 129 0 1
439 129 0 1
438 129 0 1
437 129 0 1
436 129 0 1
435 129 0 1
250 129 0 1
249 129 0 1
248 129 0 1
247 129 0 1
246 129 0 1
444 128 0 1
443 128 0 1
442 128 0 1
441 128 0 1
440 128 0 1
439 128 0 1
438 128 0 1
437 128 0 1
436 128 0 1
250 128 0 1
249 128 0 1
248 128 0 1
247 128 0 1
246 128 0 1
245 128 0 1
446 127 0 1
445 127 0 1
444 127 0 1
443 127 0 1
442 127 0 1
441 127 0 1
440 127 0 1
439 127 0 1
438 127 0 1
250 127 0 1
249 127 0 1
248 127 0 1
247 127 0 1
246 127 0 1
245 127 0 1
447 126 0 1
446 126 0 1
445 126 0 1
444 126 0 1
443 126 0 1
442 126 0 1
441 126 0 1
440 126 0 1
439 126 0 1
249 126 0 1
248 126 0 1
247 126 0 1
246 126 0 1
245 126 0 1
244 126 0 1
449 125 0 1
448 125 0 1
447 125 0 1
446 125 0 1
445 125 0 1
444 125 0 1
443 125 0 1
442 125 0 1
441 125 0 1
249 125 0 1
248 125 0 1
247 125 0 1
246 125 0 1
245 125 0 1
244 125 0 1
450 124 0 1
449 124 0 1
448 124 0 1
447 124 0 1
446 124 0 1
445 124 0 1
444 124 0 1
443 124 0 1
442 124 0 1
248 124 0 1
247 124 0 1
246 124 0 1
245 124 0 1
244 124 0 1
243 124 0 1
452 123 0 1
451 123 0 1
450 123 0 1
449 123 0 1
448 123 0 1
447 123 0 1
446 123 0 1
445 123 0 1
444 123 0 1
248 123 0 1
247 123 0 1
246 123 0 1
245 123 0 1
244 123 0 1
243 123 0 1
453 122 0 1
452 122 0 1
451 122 0 1
450 122 0 1
449 122 0 1
448 122 0 1
447 122 0 1
446 122 0 1
445 122 0 1
247 122 0 1
246 122 0 1
245 122 0 1
244 122 0 1
243 122 0 1
242 122 0 1
454 121 0 1
453 121 0 1
452 121 0 1
451 121 0 1
450 121 0 1
449 121 0 1
448 121 0 1
447 121 0 1
247 121 0 1
246 121 0 1
245 121 0 1
244 121 0 1
243 121 0 1
242 121 0 1
456 120 0 1
455 120 0 1
454 120 0 1
453 120 0 1
452 120 0 1
451 120 0 1
450 120 0 1
449 120 0 1
448 120 0 1
246 120 0 1
245 120 0 1
244 120 0 1
243 120 0 1
242 120 0 1
457 119 0 1
456 119 0 1
455 119 0 1
454 119 0 1
453 119 0 1
452 119 0 1
451 119 0 1
450 119 0 1
449 119 0 1
246 119 0 1
245 119 0 1
244 119 0 1
243 119 0 1
242 119 0 1
241 119 0 1
458 118 0 1
457 118 0 1
456 118 0 1
455 118 0 1
454 118 0 1
453 118 0 1
452 118 0 1
451 118 0 1
450 118 0 1
246 118 0 1
245 118 0 1
244 118 0 1
243 118 0 1
242 118 0 1
241 118 0 1
459 117 0 1
458 117 0 1
457 117 0 1
456 117 0 1
455 117 0 1
454 117 0 1
453 117 0 1
452 117 0 1
245 117 0 1
244 117 0 1
243 117 0 1
242 117 0 1
241 117 0 1
460 116 0 1
459 116 0 1
458 116 0 1
457 116 0 1
456 116 0 1
455 116 0 1
454 116 0 1
453 116 0 1
245 116 0 1
244 116 0 1
243 116 0 1
242 116 0 1
241 116 0 1
240 116 0 1
462 115 0 1
461 115 0 1
460 115 0 1
459 115 0 1
458 115 0 1
457 115 0 1
456 115 0 1
455 115 0 1
454 115 0 1
245 115 0 1
244 115 0 1
243 115 0 1
242 115 0 1
241 115 0 1
240 115 0 1
463 114 0 1
462 114 0 1
461 114 0 1
460 114 0 1
459 114 0 1
458 114 0 1
457 114 0 1
456 114 0 1
244 114 0 1
243 114 0 1
242 114 0 1
241 114 0 1
240 114 0 1
239 114 0 1
464 113 0 1
463 113 0 1
462 113 0 1
461 113 0 1
460 113 0 1
459 113 0 1
458 113 0 1
457 113 0 1
244 113 0 1
243 113 0 1
242 113 0 1
241 113 0 1
240 113 0 1
239 113 0 1
465 112 0 1
464 112 0 1
463 112 0 1
462 112 0 1
461 112 0 1
460 112 0 1
459 112 0 1
458 112 0 1
243 112 0 1
242 112 0 1
241 112 0 1
240 112 0 1
239 112 0 1
238 112 0 1
466 111 0 1
465 111 0 1
464 111 0 1
463 111 0 1
462 111 0 1
461 111 0 1
460 111 0 1
459 111 0 1
243 111 0 1
242 111 0 1
241 111 0 1
240 111 0 1
239 111 0 1
238 111 0 1
237 111 0 1
467 110 0 1
466 110 0 1
465 110 0 1
464 110 0 1
463 110 0 1
462 110 0 1
461 110 0 1
460 110 0 1
242 110 0 1
241 110 0 1
240 110 0 1
239 110 0 1
238 110 0 1
237 110 0 1
468 109 0 1
467 109 0 1
466 109 0 1
465 109 0 1
464 109 0 1
463 109 0 1
462 109 0 1
461 109 0 1
241 109 0 1
240 109 0 1
239 109 0 1
238 109 0 1
237 109 0 1
236 109 0 1
469 108 0 1
468 108 0 1
467 108 0 1
466 108 0 1
465 108 0 1
464 108 0 1
463 108 0 1
462 108 0 1
241 108 0 1
240 108 0 1
239 108 0 1
238 108 0 1
237 108 0 1
236 108 0 1
235 108 0 1
471 107 0 1
470 107 0 1
469 107 0 1
468 107 0 1
467 107 0 1
466 107 0 1
465 107 0 1
464 107 0 1
463 107 0 1
240 107 0 1
239 107 0 1
238 107 0 1
237 107 0 1
236 107 0 1
235 107 0 1
234 107 0 1
472 106 0 1
471 106 0 1
470 106 0 1
469 106 0 1
468 106 0 1
467 106 0 1
466 106 0 1
465 106 0 1
239 106 0 1
238 106 0 1
237 106 0 1
236 106 0 1
235 106 0 1
234 106 0 1
233 106 0 1
474 105 0 1
473 105 0 1
472 105 0 1
471 105 0 1
470 105 0 1
469 105 0 1
468 105 0 1
467 105 0 1
466 105 0 1
238 105 0 1
237 105 0 1
236 105 0 1
235 105 0 1
234 105 0 1
233 105 0 1
232 105 0 1
475 104 0 1
474 104 0 1
473 104 0 1
472 104 0 1
471 104 0 1
470 104 0 1
469 104 0 1
468 104 0 1
467 104 0 1
237 104 0 1
236 104 0 1
235 104 0 1
234 104 0 1
233 104 0 1
232 104 0 1
231 104 0 1
477 103 0 1
476 103 0 1
475 103 0 1
474 103 0 1
473 103 0 1
472 103 0 1
471 103 0 1
470 103 0 1
469 103 0 1
236 103 0 1
235 103 0 1
234 103 0 1
233 103 0 1
232 103 0 1
231 103 0 1
479 102 0 1
478 102 0 1
477 102 0 1
476 102 0 1
475 102 0 1
474 102 0 1
473 102 0 1
472 102 0 1
471 102 0 1
470 102 0 1
235 102 0 1
234 102 0 1
233 102 0 1
232 102 0 1
231 102 0 1
230 102 0 1
481 101 0 1
480 101 0 1
479 101 0 1
478 101 0 1
477 101 0 1
476 101 0 1
475 101 0 1
474 101 0 1
473 101 0 1
472 101 0 1
235 101 0 1
234 101 0 1
233 101 0 1
232 101 0 1
231 101 0 1
230 101 0 1
484 100 0 1
483 100 0 1
482 100 0 1
481 100 0 1
480 100 0 1
479 100 0 1
478 100 0 1
477 100 0 1
476 100 0 1
475 100 0 1
474 100 0 1
473 100 0 1
234 100 0 1
233 100 0 1
232 100 0 1
231 100 0 1
230 100 0 1
229 100 0 1
486 99 0 1
485 99 0 1
484 99 0 1
483 99 0 1
482 99 0 1
481 99 0 1
480 99 0 1
479 99 0 1
478 99 0 1
477 99 0 1
476 99 0 1
475 99 0 1
234 99 0 1
233 99 0 1
232 99 0 1
231 99 0 1
230 99 0 1
229 99 0 1
488 98 0 1
487 98 0 1
486 98 0 1
485 98 0 1
484 98 0 1
483 98 0 1
482 98 0 1
481 98 0 1
480 98 0 1
479 98 0 1
478 98 0 1
477 98 0 1
476 98 0 1
233 98 0 1
232 98 0 1
231 98 0 1
230 98 0 1
229 98 0 1
228 98 0 1
490 97 0 1
489 97 0 1
488 97 0 1
487 97 0 1
486 97 0 1
485 97 0 1
484 97 0 1
483 97 0 1
482 97 0 1
481 97 0 1
480 97 0 1
479 97 0 1
478 97 0 1
232 97 0 1
231 97 0 1
230 97 0 1
229 97 0 1
228 97 0 1
227 97 0 1
492 96 0 1
491 96 0 1
490 96 0 1
489 96 0 1
488 96 0 1
487 96 0 1
486 96 0 1
485 96 0 1
484 96 0 1
483 96 0 1
482 96 0 1
481 96 0 1
232 96 0 1
231 96 0 1
230 96 0 1
229 96 0 1
228 96 0 1
227 96 0 1
494 95 0 1
493 95 0 1
492 95 0 1
491 95 0 1
490 95 0 1
489 95 0 1
488 95 0 1
487 95 0 1
486 95 0 1
485 95 0 1
484 95 0 1
483 95 0 1
231 95 0 1
230 95 0 1
229 95 0 1
228 95 0 1
227 95 0 1
226 95 0 1
496 94 0 1
495 94 0 1
494 94 0 1
493 94 0 1
492 94 0 1
491 94 0 1
490 94 0 1
489 94 0 1
488 94 0 1
487 94 0 1
486 94 0 1
485 94 0 1
230 94 0 1
229 94 0 1
228 94 0 1
227 94 0 1
226 94 0 1
225 94 0 1
501 93 0 1
500 93 0 1
499 93 0 1
498 93 0 1
497 93 0 1
496 93 0 1
495 93 0 1
494 93 0 1
493 93 0 1
492 93 0 1
491 93 0 1
490 93 0 1
489 93 0 1
488 93 0 1
487 93 0 1
230 93 0 1
229 93 0 1
228 93 0 1
227 93 0 1
226 93 0 1
225 93 0 1
501 92 0 1
500 92 0 1
499 92 0 1
498 92 0 1
497 92 0 1
496 92 0 1
495 92 0 1
494 92 0 1
493 92 0 1
492 92 0 1
491 92 0 1
490 92 0 1
489 92 0 1
229 92 0 1
228 92 0 1
227 92 0 1
226 92 0 1
225 92 0 1
224 92 0 1
501 91 0 1
500 91 0 1
499 91 0 1
498 91 0 1
497 91 0 1
496 91 0 1
495 91 0 1
494 91 0 1
493 91 0 1
492 91 0 1
491 91 0 1
228 91 0 1
227 91 0 1
226 91 0 1
225 91 0 1
224 91 0 1
223 91 0 1
501 90 0 1
500 90 0 1
499 90 0 1
498 90 0 1
497 90 0 1
496 90 0 1
495 90 0 1
494 90 0 1
493 90 0 1
228 90 0 1
227 90 0 1
226 90 0 1
225 90 0 1
224 90 0 1
223 90 0 1
222 90 0 1
227 89 0 1
226 89 0 1
225 89 0 1
224 89 0 1
223 89 0 1
222 89 0 1
221 89 0 1
226 88 0 1
225 88 0 1
224 88 0 1
223 88 0 1
222 88 0 1
221 88 0 1
226 87 0 1
225 87 0 1
224 87 0 1
223 87 0 1
222 87 0 1
221 87 0 1
220 87 0 1
225 86 0 1
224 86 0 1
223 86 0 1
222 86 0 1
221 86 0 1
220 86 0 1
219 86 0 1
218 86 0 1
224 85 0 1
223 85 0 1
222 85 0 1
221 85 0 1
220 85 0 1
219 85 0 1
218 85 0 1
217 85 0 1
223 84 0 1
222 84 0 1
221 84 0 1
220 84 0 1
219 84 0 1
218 84 0 1
217 84 0 1
216 84 0 1
222 83 0 1
221 83 0 1
220 83 0 1
219 83 0 1
218 83 0 1
217 83 0 1
216 83 0 1
215 83 0 1
221 82 0 1
220 82 0 1
219 82 0 1
218 82 0 1
217 82 0 1
216 82 0 1
215 82 0 1
214 82 0 1
220 81 0 1
219 81 0 1
218 81 0 1
217 81 0 1
216 81 0 1
215 81 0 1
214 81 0 1
213 81 0 1
218 80 0 1
217 80 0 1
216 80 0 1
215 80 0 1
214 80 0 1
213 80 0 1
212 80 0 1
211 80 0 1
217 79 0 1
216 79 0 1
215 79 0 1
214 79 0 1
213 79 0 1
212 79 0 1
211 79 0 1
210 79 0 1
209 79 0 1
216 78 0 1
215 78 0 1
214 78 0 1
213 78 0 1
212 78 0 1
211 78 0 1
210 78 0 1
209 78 0 1
208 78 0 1
215 77 0 1
214 77 0 1
213 77 0 1
212 77 0 1
211 77 0 1
210 77 0 1
209 77 0 1
208 77 0 1
207 77 0 1
214 76 0 1
213 76 0 1
212 76 0 1
211 76 0 1
210 76 0 1
209 76 0 1
208 76 0 1
207 76 0 1
206 76 0 1
205 76 0 1
212 75 0 1
211 75 0 1
210 75 0 1
209 75 0 1
208 75 0 1
207 75 0 1
206 75 0 1
205 75 0 1
204 75 0 1
203 75 0 1
210 74 0 1
209 74 0 1
208 74 0 1
207 74 0 1
206 74 0 1
205 74 0 1
204 74 0 1
203 74 0 1
202 74 0 1
201 74 0 1
209 73 0 1
208 73 0 1
207 73 0 1
206 73 0 1
205 73 0 1
204 73 0 1
203 73 0 1
202 73 0 1
201 73 0 1
200 73 0 1
199 73 0 1
208 72 0 1
207 72 0 1
206 72 0 1
205 72 0 1
204 72 0 1
203 72 0 1
202 72 0 1
201 72 0 1
200 72 0 1
199 72 0 1
198 72 0 1
197 72 0 1
206 71 0 1
205 71 0 1
204 71 0 1
203 71 0 1
202 71 0 1
201 71 0 1
200 71 0 1
199 71 0 1
198 71 0 1
197 71 0 1
196 71 0 1
204 70 0 1
203 70 0 1
202 70 0 1
201 70 0 1
200 70 0 1
199 70 0 1
198 70 0 1
197 70 0 1
196 70 0 1
195 70 0 1
202 69 0 1
201 69 0 1
200 69 0 1
199 69 0 1
198 69 0 1
197 69 0 1
196 69 0 1
195 69 0 1
194 69 0 1
193 69 0 1
200 68 0 1
199 68 0 1
198 68 0 1
197 68 0 1
196 68 0 1
195 68 0 1
194 68 0 1
193 68 0 1
192 68 0 1
191 68 0 1
198 67 0 1
197 67 0 1
196 67 0 1
195 67 0 1
194 67 0 1
193 67 0 1
192 67 0 1
191 67 0 1
190 67 0 1
189 67 0 1
345 66 0 0
344 66 0 0
343 66 0 0
342 66 0 0
197 66 0 1
196 66 0 1
195 66 0 1
194 66 0 1
193 66 0 1
192 66 0 1
191 66 0 1
190 66 0 1
189 66 0 1
188 66 0 1
187 66 0 1
345 65 0 0
344 65 0 0
343 65 0 0
342 65 0 0
196 65 0 1
195 65 0 1
194 65 0 1
193 65 0 1
192 65 0 1
191 65 0 1
190 65 0 1
189 65 0 1
188 65 0 1
187 65 0 1
186 65 0 1
345 64 0 0
344 64 0 0
343 64 0 0
342 64 0 0
194 64 0 1
193 64 0 1
192 64 0 1
191 64 0 1
190 64 0 1
189 64 0 1
188 64 0 1
187 64 0 1
186 64 0 1
185 64 0 1
184 64 0 1
345 63 0 0
344 63 0 0
343 63 0 0
342 63 0 0
341 63 0 0
340 63 0 0
339 63 0 0
338 63 0 0
337 63 0 0
336 63 0 0
335 63 0 0
334 63 0 0
192 63 0 1
191 63 0 1
190 63 0 1
189 63 0 1
188 63 0 1
187 63 0 1
186 63 0 1
185 63 0 1
184 63 0 1
183 63 0 1
345 62 0 0
344 62 0 0
343 62 0 0
342 62 0 0
341 62 0 0
340 62 0 0
339 62 0 0
338 62 0 0
337 62 0 0
336 62 0 0
335 62 0 0
334 62 0 0
333 62 0 0
332 62 0 0
331 62 0 0
330 62 0 0
329 62 0 0
190 62 0 1
189 62 0 1
188 62 0 1
187 62 0 1
186 62 0 1
185 62 0 1
184 62 0 1
183 62 0 1
182 62 0 1
345 61 0 0
344 61 0 0
343 61 0 0
342 61 0 0
341 61 0 0
340 61 0 0
339 61 0 0
338 61 0 0
337 61 0 0
336 61 0 0
335 61 0 0
334 61 0 0
333 61 0 0
332 61 0 0
331 61 0 0
330 61 0 0
329 61 0 0
328 61 0 0
327 61 0 0
326 61 0 0
188 61 0 1
187 61 0 1
186 61 0 1
185 61 0 1
184 61 0 1
183 61 0 1
182 61 0 1
181 61 0 1
345 60 0 0
344 60 0 0
343 60 0 0
342 60 0 0
341 60 0 0
340 60 0 0
339 60 0 0
338 60 0 0
337 60 0 0
336 60 0 0
335 60 0 0
334 60 0 0
333 60 0 0
332 60 0 0
331 60 0 0
330 60 0 0
329 60 0 0
328 60 0 0
327 60 0 0
326 60 0 0
325 60 0 0
324 60 0 0
323 60 0 0
322 60 0 0
321 60 0 0
320 60 0 0
319 60 0 0
186 60 0 1
185 60 0 1
184 60 0 1
183 60 0 1
182 60 0 1
181 60 0 1
180 60 0 1
179 60 0 1
178 60 0 1
340 59 0 0
339 59 0 0
338 59 0 0
337 59 0 0
336 59 0 0
335 59 0 0
334 59 0 0
333 59 0 0
332 59 0 0
331 59 0 0
330 59 0 0
329 59 0 0
328 59 0 0
327 59 0 0
326 59 0 0
325 59 0 0
324 59 0 0
323 59 0 0
322 59 0 0
321 59 0 0
320 59 0 0
319 59 0 0
318 59 0 0
317 59 0 0
316 59 0 0
315 59 0 0
314 59 0 0
185 59 0 1
184 59 0 1
183 59 0 1
182 59 0 1
181 59 0 1
180 59 0 1
179 59 0 1
178 59 0 1
334 58 0 0
333 58 0 0
332 58 0 0
331 58 0 0
330 58 0 0
329 58 0 0
328 58 0 0
327 58 0 0
326 58 0 0
325 58 0 0
324 58 0 0
323 58 0 0
322 58 0 0
321 58 0 0
320 58 0 0
319 58 0 0
318 58 0 0
317 58 0 0
316 58 0 0
315 58 0 0
314 58 0 0
313 58 0 0
312 58 0 0
311 58 0 0
310 58 0 0
184 58 0 1
183 58 0 1
182 58 0 1
181 58 0 1
180 58 0 1
179 58 0 1
178 58 0 1
329 57 0 0
328 57 0 0
327 57 0 0
326 57 0 0
325 57 0 0
324 57 0 0
323 57 0 0
322 57 0 0
321 57 0 0
320 57 0 0
319 57 0 0
318 57 0 0
317 57 0 0
316 57 0 0
315 57 0 0
314 57 0 0
313 57 0 0
312 57 0 0
311 57 0 0
310 57 0 0
309 57 0 0
308 57 0 0
307 57 0 0
306 57 0 0
305 57 0 0
183 57 0 1
182 57 0 1
181 57 0 1
180 57 0 1
179 57 0 1
178 57 0 1
325 56 0 0
324 56 0 0
323 56 0 0
322 56 0 0
321 56 0 0
320 56 0 0
319 56 0 0
318 56 0 0
317 56 0 0
316 56 0 0
315 56 0 0
314 56 0 0
313 56 0 0
312 56 0 0
311 56 0 0
310 56 0 0
309 56 0 0
308 56 0 0
307 56 0 0
306 56 0 0
305 56 0 0
304 56 0 0
303 56 0 0
320 55 0 0
319 55 0 0
318 55 0 0
317 55 0 0
316 55 0 0
315 55 0 0
314 55 0 0
313 55 0 0
312 55 0 0
311 55 0 0
310 55 0 0
309 55 0 0
308 55 0 0
307 55 0 0
306 55 0 0
305 55 0 0
304 55 0 0
303 55 0 0
302 55 0 0
315 54 0 0
314 54 0 0
313 54 0 0
312 54 0 0
311 54 0 0
310 54 0 0
309 54 0 0
308 54 0 0
307 54 0 0
306 54 0 0
305 54 0 0
304 54 0 0
303 54 0 0
302 54 0 0
301 54 0 0
300 54 0 0
311 53 0 0
310 53 0 0
309 53 0 0
308 53 0 0
307 53 0 0
306 53 0 0
305 53 0 0
304 53 0 0
303 53 0 0
302 53 0 0
301 53 0 0
300 53 0 0
299 53 0 0
298 53 0 0
297 53 0 0
296 53 0 0
295 53 0 0
306 52 0 0
305 52 0 0
304 52 0 0
303 52 0 0
302 52 0 0
301 52 0 0
300 52 0 0
299 52 0 0
298 52 0 0
297 52 0 0
296 52 0 0
295 52 0 0
294 52 0 0
293 52 0 0
292 52 0 0
291 52 0 0
304 51 0 0
303 51 0 0
302 51 0 0
301 51 0 0
300 51 0 0
299 51 0 0
298 51 0 0
297 51 0 0
296 51 0 0
295 51 0 0
294 51 0 0
293 51 0 0
292 51 0 0
291 51 0 0
290 51 0 0
289 51 0 0
288 51 0 0
303 50 0 0
302 50 0 0
301 50 0 0
300 50 0 0
299 50 0 0
298 50 0 0
297 50 0 0
296 50 0 0
295 50 0 0
294 50 0 0
293 50 0 0
292 50 0 0
291 50 0 0
290 50 0 0
289 50 0 0
288 50 0 0
287 50 0 0
286 50 0 0
285 50 0 0
300 49 0 0
299 49 0 0
298 49 0 0
297 49 0 0
296 49 0 0
295 49 0 0
294 49 0 0
293 49 0 0
292 49 0 0
291 49 0 0
290 49 0 0
289 49 0 0
288 49 0 0
287 49 0 0
286 49 0 0
285 49 0 0
284 49 0 0
283 49 0 0
282 49 0 0
295 48 0 0
294 48 0 0
293 48 0 0
292 48 0 0
291 48 0 0
290 48 0 0
289 48 0 0
288 48 0 0
287 48 0 0
286 48 0 0
285 48 0 0
284 48 0 0
283 48 0 0
282 48 0 0
281 48 0 0
280 48 0 0
279 48 0 0
292 47 0 0
291 47 0 0
290 47 0 0
289 47 0 0
288 47 0 0
287 47 0 0
286 47 0 0
285 47 0 0
284 47 0 0
283 47 0 0
282 47 0 0
281 47 0 0
280 47 0 0
279 47 0 0
278 47 0 0
289 46 0 0
288 46 0 0
287 46 0 0
286 46 0 0
285 46 0 0
284 46 0 0
283 46 0 0
282 46 0 0
281 46 0 0
280 46 0 0
279 46 0 0
278 46 0 0
277 46 0 0
276 46 0 0
286 45 0 0
285 45 0 0
284 45 0 0
283 45 0 0
282 45 0 0
281 45 0 0
280 45 0 0
279 45 0 0
278 45 0 0
277 45 0 0
276 45 0 0
275 45 0 0
283 44 0 0
282 44 0 0
281 44 0 0
280 44 0 0
279 44 0 0
278 44 0 0
277 44 0 0
276 44 0 0
275 44 0 0
274 44 0 0
280 43 0 0
279 43 0 0
278 43 0 0
277 43 0 0
276 43 0 0
275 43 0 0
274 43 0 0
273 43 0 0
279 42 0 0
278 42 0 0
277 42 0 0
276 42 0 0
275 42 0 0
274 42 0 0
273 42 0 0
272 42 0 0
271 42 0 0
278 41 0 0
277 41 0 0
276 41 0 0
275 41 0 0
274 41 0 0
273 41 0 0
272 41 0 0
271 41 0 0
270 41 0 0
276 40 0 0
275 40 0 0
274 40 0 0
273 40 0 0
272 40 0 0
271 40 0 0
270 40 0 0
269 40 0 0
268 40 0 0
275 39 0 0
274 39 0 0
273 39 0 0
272 39 0 0
271 39 0 0
270 39 0 0
269 39 0 0
268 39 0 0
267 39 0 0
266 39 0 0
273 38 0 0
272 38 0 0
271 38 0 0
270 38 0 0
269 38 0 0
268 38 0 0
267 38 0 0
266 38 0 0
265 38 0 0
272 37 0 0
271 37 0 0
270 37 0 0
269 37 0 0
268 37 0 0
267 37 0 0
266 37 0 0
265 37 0 0
264 37 0 0
263 37 0 0
270 36 0 0
269 36 0 0
268 36 0 0
267 36 0 0
266 36 0 0
265 36 0 0
264 36 0 0
263 36 0 0
262 36 0 0
269 35 0 0
268 35 0 0
267 35 0 0
266 35 0 0
265 35 0 0
264 35 0 0
263 35 0 0
262 35 0 0
261 35 0 0
260 35 0 0
267 34 0 0
266 34 0 0
265 34 0 0
264 34 0 0
263 34 0 0
262 34 0 0
261 34 0 0
260 34 0 0
259 34 0 0
258 34 0 0
266 33 0 0
265 33 0 0
264 33 0 0
263 33 0 0
262 33 0 0
261 33 0 0
260 33 0 0
259 33 0 0
258 33 0 0
257 33 0 0
256 33 0 0
264 32 0 0
263 32 0 0
262 32 0 0
261 32 0 0
260 32 0 0
259 32 0 0
258 32 0 0
257 32 0 0
256 32 0 0
255 32 0 0
263 31 0 0
262 31 0 0
261 31 0 0
260 31 0 0
259 31 0 0
258 31 0 0
257 31 0 0
256 31 0 0
255 31 0 0
254 31 0 0
253 31 0 0
261 30 0 0
260 30 0 0
259 30 0 0
258 30 0 0
257 30 0 0
256 30 0 0
255 30 0 0
254 30 0 0
253 30 0 0
252 30 0 0
251 30 0 0
124 30 0 0
123 30 0 0
122 30 0 0
121 30 0 0
259 29 0 0
258 29 0 0
257 29 0 0
256 29 0 0
255 29 0 0
254 29 0 0
253 29 0 0
252 29 0 0
251 29 0 0
250 29 0 0
249 29 0 0
124 29 0 0
123 29 0 0
122 29 0 0
121 29 0 0
257 28 0 0
256 28 0 0
255 28 0 0
254 28 0 0
253 28 0 0
252 28 0 0
251 28 0 0
250 28 0 0
249 28 0 0
248 28 0 0
247 28 0 0
124 28 0 0
123 28 0 0
122 28 0 0
121 28 0 0
255 27 0 0
254 27 0 0
253 27 0 0
252 27 0 0
251 27 0 0
250 27 0 0
249 27 0 0
248 27 0 0
247 27 0 0
246 27 0 0
124 27 0 0
123 27 0 0
122 27 0 0
121 27 0 0
254 26 0 0
253 26 0 0
252 26 0 0
251 26 0 0
250 26 0 0
249 26 0 0
248 26 0 0
247 26 0 0
246 26 0 0
245 26 0 0
244 26 0 0
124 26 0 0
123 26 0 0
122 26 0 0
121 26 0 0
252 25 0 0
251 25 0 0
250 25 0 0
249 25 0 0
248 25 0 0
247 25 0 0
246 25 0 0
245 25 0 0
244 25 0 0
243 25 0 0
242 25 0 0
125 25 0 0
124 25 0 0
123 25 0 0
122 25 0 0
121 25 0 0
250 24 0 0
249 24 0 0
248 24 0 0
247 24 0 0
246 24 0 0
245 24 0 0
244 24 0 0
243 24 0 0
242 24 0 0
241 24 0 0
240 24 0 0
126 24 0 0
125 24 0 0
124 24 0 0
123 24 0 0
122 24 0 0
121 24 0 0
248 23 0 0
247 23 0 0
246 23 0 0
245 23 0 0
244 23 0 0
243 23 0 0
242 23 0 0
241 23 0 0
240 23 0 0
239 23 0 0
238 23 0 0
127 23 0 0
126 23 0 0
125 23 0 0
124 23 0 0
123 23 0 0
122 23 0 0
121 23 0 0
246 22 0 0
245 22 0 0
244 22 0 0
243 22 0 0
242 22 0 0
241 22 0 0
240 22 0 0
239 22 0 0
238 22 0 0
237 22 0 0
236 22 0 0
128 22 0 0
127 22 0 0
126 22 0 0
125 22 0 0
124 22 0 0
123 22 0 0
122 22 0 0
245 21 0 0
244 21 0 0
243 21 0 0
242 21 0 0
241 21 0 0
240 21 0 0
239 21 0 0
238 21 0 0
237 21 0 0
236 21 0 0
235 21 0 0
130 21 0 0
129 21 0 0
128 21 0 0
127 21 0 0
126 21 0 0
125 21 0 0
124 21 0 0
123 21 0 0
243 20 0 0
242 20 0 0
241 20 0 0
240 20 0 0
239 20 0 0
238 20 0 0
237 20 0 0
236 20 0 0
235 20 0 0
234 20 0 0
233 20 0 0
132 20 0 0
131 20 0 0
130 20 0 0
129 20 0 0
128 20 0 0
127 20 0 0
126 20 0 0
125 20 0 0
124 20 0 0
241 19 0 0
240 19 0 0
239 19 0 0
238 19 0 0
237 19 0 0
236 19 0 0
235 19 0 0
234 19 0 0
233 19 0 0
232 19 0 0
231 19 0 0
133 19 0 0
132 19 0 0
131 19 0 0
130 19 0 0
129 19 0 0
128 19 0 0
127 19 0 0
126 19 0 0
125 19 0 0
239 18 0 0
238 18 0 0
237 18 0 0
236 18 0 0
235 18 0 0
234 18 0 0
233 18 0 0
232 18 0 0
231 18 0 0
230 18 0 0
229 18 0 0
135 18 0 0
134 18 0 0
133 18 0 0
132 18 0 0
131 18 0 0
130 18 0 0
129 18 0 0
128 18 0 0
127 18 0 0
126 18 0 0
237 17 0 0
236 17 0 0
235 17 0 0
234 17 0 0
233 17 0 0
232 17 0 0
231 17 0 0
230 17 0 0
229 17 0 0
228 17 0 0
227 17 0 0
137 17 0 0
136 17 0 0
135 17 0 0
134 17 0 0
133 17 0 0
132 17 0 0
131 17 0 0
130 17 0 0
129 17 0 0
128 17 0 0
235 16 0 0
234 16 0 0
233 16 0 0
232 16 0 0
231 16 0 0
230 16 0 0
229 16 0 0
228 16 0 0
227 16 0 0
226 16 0 0
225 16 0 0
224 16 0 0
140 16 0 0
139 16 0 0
138 16 0 0
137 16 0 0
136 16 0 0
135 16 0 0
134 16 0 0
133 16 0 0
132 16 0 0
131 16 0 0
130 16 0 0
129 16 0 0
234 15 0 0
233 15 0 0
232 15 0 0
231 15 0 0
230 15 0 0
229 15 0 0
228 15 0 0
227 15 0 0
226 15 0 0
225 15 0 0
224 15 0 0
223 15 0 0
222 15 0 0
143 15 0 0
142 15 0 0
141 15 0 0
140 15 0 0
139 15 0 0
138 15 0 0
137 15 0 0
136 15 0 0
135 15 0 0
134 15 0 0
133 15 0 0
132 15 0 0
131 15 0 0
232 14 0 0
231 14 0 0
230 14 0 0
229 14 0 0
228 14 0 0
227 14 0 0
226 14 0 0
225 14 0 0
224 14 0 0
223 14 0 0
222 14 0 0
221 14 0 0
220 14 0 0
147 14 0 0
146 14 0 0
145 14 0 0
144 14 0 0
143 14 0 0
142 14 0 0
141 14 0 0
140 14 0 0
139 14 0 0
138 14 0 0
137 14 0 0
136 14 0 0
135 14 0 0
134 14 0 0
133 14 0 0
230 13 0 0
229 13 0 0
228 13 0 0
227 13 0 0
226 13 0 0
225 13 0 0
224 13 0 0
223 13 0 0
222 13 0 0
221 13 0 0
220 13 0 0
219 13 0 0
218 13 0 0
217 13 0 0
150 13 0 0
149 13 0 0
148 13 0 0
147 13 0 0
146 13 0 0
145 13 0 0
144 13 0 0
143 13 0 0
142 13 0 0
141 13 0 0
140 13 0 0
139 13 0 0
138 13 0 0
137 13 0 0
136 13 0 0
135 13 0 0
134 13 0 0
227 12 0 0
226 12 0 0
225 12 0 0
224 12 0 0
223 12 0 0
222 12 0 0
221 12 0 0
220 12 0 0
219 12 0 0
218 12 0 0
217 12 0 0
216 12 0 0
215 12 0 0
153 12 0 0
152 12 0 0
151 12 0 0
150 12 0 0
149 12 0 0
148 12 0 0
147 12 0 0
146 12 0 0
145 12 0 0
144 12 0 0
143 12 0 0
142 12 0 0
141 12 0 0
140 12 0 0
139 12 0 0
138 12 0 0
137 12 0 0
136 12 0 0
225 11 0 0
224 11 0 0
223 11 0 0
222 11 0 0
221 11 0 0
220 11 0 0
219 11 0 0
218 11 0 0
217 11 0 0
216 11 0 0
215 11 0 0
214 11 0 0
213 11 0 0
212 11 0 0
156 11 0 0
155 11 0 0
154 11 0 0
153 11 0 0
152 11 0 0
151 11 0 0
150 11 0 0
149 11 0 0
148 11 0 0
147 11 0 0
146 11 0 0
145 11 0 0
144 11 0 0
143 11 0 0
142 11 0 0
141 11 0 0
140 11 0 0
223 10 0 0
222 10 0 0
221 10 0 0
220 10 0 0
219 10 0 0
218 10 0 0
217 10 0 0
216 10 0 0
215 10 0 0
214 10 0 0
213 10 0 0
212 10 0 0
211 10 0 0
210 10 0 0
209 10 0 0
208 10 0 0
207 10 0 0
206 10 0 0
205 10 0 0
204 10 0 0
203 10 0 0
165 10 0 0
164 10 0 0
163 10 0 0
162 10 0 0
161 10 0 0
160 10 0 0
159 10 0 0
158 10 0 0
157 10 0 0
156 10 0 0
155 10 0 0
154 10 0 0
153 10 0 0
152 10 0 0
151 10 0 0
150 10 0 0
149 10 0 0
148 10 0 0
147 10 0 0
146 10 0 0
145 10 0 0
144 10 0 0
143 10 0 0
220 9 0 0
219 9 0 0
218 9 0 0
217 9 0 0
216 9 0 0
215 9 0 0
214 9 0 0
213 9 0 0
212 9 0 0
211 9 0 0
210 9 0 0
209 9 0 0
208 9 0 0
207 9 0 0
206 9 0 0
205 9 0 0
204 9 0 0
203 9 0 0
202 9 0 0
201 9 0 0
200 9 0 0
199 9 0 0
198 9 0 0
197 9 0 0
174 9 0 0
173 9 0 0
172 9 0 0
171 9 0 0
170 9 0 0
169 9 0 0
168 9 0 0
167 9 0 0
166 9 0 0
165 9 0 0
164 9 0 0
163 9 0 0
162 9 0 0
161 9 0 0
160 9 0 0
159 9 0 0
158 9 0 0
157 9 0 0
156 9 0 0
155 9 0 0
154 9 0 0
153 9 0 0
152 9 0 0
151 9 0 0
150 9 0 0
149 9 0 0
148 9 0 0
147 9 0 0
146 9 0 0
218 8 0 0
217 8 0 0
216 8 0 0
215 8 0 0
214 8 0 0
213 8 0 0
212 8 0 0
211 8 0 0
210 8 0 0
209 8 0 0
208 8 0 0
207 8 0 0
206 8 0 0
205 8 0 0
204 8 0 0
203 8 0 0
202 8 0 0
201 8 0 0
200 8 0 0
199 8 0 0
198 8 0 0
197 8 0 0
196 8 0 0
195 8 0 0
194 8 0 0
193 8 0 0
192 8 0 0
191 8 0 0
190 8 0 0
189 8 0 0
188 8 0 0
187 8 0 0
186 8 0 0
185 8 0 0
184 8 0 0
183 8 0 0
182 8 0 0
181 8 0 0
180 8 0 0
179 8 0 0
178 8 0 0
177 8 0 0
176 8 0 0
175 8 0 0
174 8 0 0
173 8 0 0
172 8 0 0
171 8 0 0
170 8 0 0
169 8 0 0
168 8 0 0
167 8 0 0
166 8 0 0
165 8 0 0
164 8 0 0
163 8 0 0
162 8 0 0
161 8 0 0
160 8 0 0
159 8 0 0
158 8 0 0
157 8 0 0
156 8 0 0
155 8 0 0
154 8 0 0
153 8 0 0
152 8 0 0
151 8 0 0
150 8 0 0
149 8 0 0
215 7 0 0
214 7 0 0
213 7 0 0
212 7 0 0
211 7 0 0
210 7 0 0
209 7 0 0
208 7 0 0
207 7 0 0
206 7 0 0
205 7 0 0
204 7 0 0
203 7 0 0
202 7 0 0
201 7 0 0
200 7 0 0
199 7 0 0
198 7 0 0
197 7 0 0
196 7 0 0
195 7 0 0
194 7 0 0
193 7 0 0
192 7 0 0
191 7 0 0
190 7 0 0
189 7 0 0
188 7 0 0
187 7 0 0
186 7 0 0
185 7 0 0
184 7 0 0
183 7 0 0
182 7 0 0
181 7 0 0
180 7 0 0
179 7 0 0
178 7 0 0
177 7 0 0
176 7 0 0
175 7 0 0
174 7 0 0
173 7 0 0
172 7 0 0
171 7 0 0
170 7 0 0
169 7 0 0
168 7 0 0
167 7 0 0
166 7 0 0
165 7 0 0
164 7 0 0
163 7 0 0
162 7 0 0
161 7 0 0
160 7 0 0
159 7 0 0
158 7 0 0
157 7 0 0
156 7 0 0
155 7 0 0
154 7 0 0
153 7 0 0
152 7 0 0
212 6 0 0
211 6 0 0
210 6 0 0
209 6 0 0
208 6 0 0
207 6 0 0
206 6 0 0
205 6 0 0
204 6 0 0
203 6 0 0
202 6 0 0
201 6 0 0
200 6 0 0
199 6 0 0
198 6 0 0
197 6 0 0
196 6 0 0
195 6 0 0
194 6 0 0
193 6 0 0
192 6 0 0
191 6 0 0
190 6 0 0
189 6 0 0
188 6 0 0
187 6 0 0
186 6 0 0
185 6 0 0
184 6 0 0
183 6 0 0
182 6 0 0
181 6 0 0
180 6 0 0
179 6 0 0
178 6 0 0
177 6 0 0
176 6 0 0
175 6 0 0
174 6 0 0
173 6 0 0
172 6 0 0
171 6 0 0
170 6 0 0
169 6 0 0
168 6 0 0
167 6 0 0
166 6 0 0
165 6 0 0
164 6 0 0
163 6 0 0
162 6 0 0
161 6 0 0
160 6 0 0
159 6 0 0
158 6 0 0
157 6 0 0
156 6 0 0
202 5 0 0
201 5 0 0
200 5 0 0
199 5 0 0
198 5 0 0
197 5 0 0
196 5 0 0
195 5 0 0
194 5 0 0
193 5 0 0
192 5 0 0
191 5 0 0
190 5 0 0
189 5 0 0
188 5 0 0
187 5 0 0
186 5 0 0
185 5 0 0
184 5 0 0
183 5 0 0
182 5 0 0
181 5 0 0
180 5 0 0
179 5 0 0
178 5 0 0
177 5 0 0
176 5 0 0
175 5 0 0
174 5 0 0
173 5 0 0
172 5 0 0
171 5 0 0
170 5 0 0
169 5 0 0
168 5 0 0
167 5 0 0
166 5 0 0
