6370 481 321
292 296 0 0
291 296 0 0
290 296 0 0
289 296 0 0
288 296 0 0
287 296 0 0
286 296 0 0
285 296 0 0
284 296 0 0
283 296 0 0
282 296 0 0
281 296 0 0
280 296 0 0
279 296 0 0
278 296 0 0
277 296 0 0
276 296 0 0
275 296 0 0
274 296 0 0
273 296 0 0
272 296 0 0
271 296 0 0
270 296 0 0
269 296 0 0
268 296 0 0
267 296 0 0
266 296 0 0
265 296 0 0
293 295 0 0
292 295 0 0
291 295 0 0
290 295 0 0
289 295 0 0
288 295 0 0
287 295 0 0
286 295 0 0
285 295 0 0
284 295 0 0
283 295 0 0
282 295 0 0
281 295 0 0
280 295 0 0
279 295 0 0
278 295 0 0
277 295 0 0
276 295 0 0
275 295 0 0
274 295 0 0
273 295 0 0
272 295 0 0
271 295 0 0
270 295 0 0
269 295 0 0
268 295 0 0
267 295 0 0
266 295 0 0
265 295 0 0
264 295 0 0
263 295 0 0
262 295 0 0
261 295 0 0
295 294 0 0
294 294 0 0
293 294 0 0
292 294 0 0
291 294 0 0
290 294 0 0
289 294 0 0
288 294 0 0
287 294 0 0
286 294 0 0
285 294 0 0
284 294 0 0
283 294 0 0
282 294 0 0
281 294 0 0
280 294 0 0
279 294 0 0
278 294 0 0
277 294 0 0
276 294 0 0
275 294 0 0
274 294 0 0
273 294 0 0
272 294 0 0
271 294 0 0
270 294 0 0
269 294 0 0
268 294 0 0
267 294 0 0
266 294 0 0
265 294 0 0
264 294 0 0
263 294 0 0
262 294 0 0
261 294 0 0
260 294 0 0
259 294 0 0
258 294 0 0
257 294 0 0
256 294 0 0
255 294 0 0
296 293 0 0
295 293 0 0
294 293 0 0
293 293 0 0
292 293 0 0
291 293 0 0
290 293 0 0
289 293 0 0
288 293 0 0
287 293 0 0
286 293 0 0
285 293 0 0
284 293 0 0
283 293 0 0
282 293 0 0
281 293 0 0
280 293 0 0
279 293 0 0
278 293 0 0
277 293 0 0
276 293 0 0
275 293 0 0
274 293 0 0
273 293 0 0
272 293 0 0
271 293 0 0
270 293 0 0
269 293 0 0
268 293 0 0
267 293 0 0
266 293 0 0
265 293 0 0
264 293 0 0
263 293 0 0
262 293 0 0
261 293 0 0
260 293 0 0
259 293 0 0
258 293 0 0
257 293 0 0
256 293 0 0
255 293 0 0
254 293 0 0
253 293 0 0
252 293 0 0
251 293 0 0
298 292 0 0
297 292 0 0
296 292 0 0
295 292 0 0
294 292 0 0
293 292 0 0
292 292 0 0
291 292 0 0
290 292 0 0
289 292 0 0
269 292 0 0
268 292 0 0
267 292 0 0
266 292 0 0
265 292 0 0
264 292 0 0
263 292 0 0
262 292 0 0
261 292 0 0
260 292 0 0
259 292 0 0
258 292 0 0
257 292 0 0
256 292 0 0
255 292 0 0
254 292 0 0
253 292 0 0
252 292 0 0
251 292 0 0
250 292 0 0
249 292 0 0
248 292 0 0
299 291 0 0
298 291 0 0
297 291 0 0
296 291 0 0
295 291 0 0
294 291 0 0
293 291 0 0
292 291 0 0
291 291 0 0
265 291 0 0
264 291 0 0
263 291 0 0
262 291 0 0
261 291 0 0
260 291 0 0
259 291 0 0
258 291 0 0
257 291 0 0
256 291 0 0
255 291 0 0
254 291 0 0
253 291 0 0
252 291 0 0
251 291 0 0
250 291 0 0
249 291 0 0
248 291 0 0
247 291 0 0
246 291 0 0
245 291 0 0
300 290 0 0
299 290 0 0
298 290 0 0
297 290 0 0
296 290 0 0
295 290 0 0
294 290 0 0
293 290 0 0
292 290 0 0
261 290 0 0
260 290 0 0
259 290 0 0
258 290 0 0
257 290 0 0
256 290 0 0
255 290 0 0
254 290 0 0
253 290 0 0
252 290 0 0
251 290 0 0
250 290 0 0
249 290 0 0
248 290 0 0
247 290 0 0
246 290 0 0
245 290 0 0
244 290 0 0
243 290 0 0
242 290 0 0
302 289 0 0
301 289 0 0
300 289 0 0
299 289 0 0
298 289 0 0
297 289 0 0
296 289 0 0
295 289 0 0
294 289 0 0
255 289 0 0
254 289 0 0
253 289 0 0
252 289 0 0
251 289 0 0
250 289 0 0
249 289 0 0
248 289 0 0
247 289 0 0
246 289 0 0
245 289 0 0
244 289 0 0
243 289 0 0
242 289 0 0
241 289 0 0
240 289 0 0
303 288 0 0
302 288 0 0
301 288 0 0
300 288 0 0
299 288 0 0
298 288 0 0
297 288 0 0
296 288 0 0
295 288 0 0
252 288 0 0
251 288 0 0
250 288 0 0
249 288 0 0
248 288 0 0
247 288 0 0
246 288 0 0
245 288 0 0
244 288 0 0
243 288 0 0
242 288 0 0
241 288 0 0
240 288 0 0
239 288 0 0
238 288 0 0
305 287 0 0
304 287 0 0
303 287 0 0
302 287 0 0
301 287 0 0
300 287 0 0
299 287 0 0
298 287 0 0
297 287 0 0
249 287 0 0
248 287 0 0
247 287 0 0
246 287 0 0
245 287 0 0
244 287 0 0
243 287 0 0
242 287 0 0
241 287 0 0
240 287 0 0
239 287 0 0
238 287 0 0
237 287 0 0
236 287 0 0
235 287 0 0
306 286 0 0
305 286 0 0
304 286 0 0
303 286 0 0
302 286 0 0
301 286 0 0
300 286 0 0
299 286 0 0
298 286 0 0
246 286 0 0
245 286 0 0
244 286 0 0
243 286 0 0
242 286 0 0
241 286 0 0
240 286 0 0
239 286 0 0
238 286 0 0
237 286 0 0
236 286 0 0
235 286 0 0
234 286 0 0
233 286 0 0
308 285 0 0
307 285 0 0
306 285 0 0
305 285 0 0
304 285 0 0
303 285 0 0
302 285 0 0
301 285 0 0
300 285 0 0
243 285 0 0
242 285 0 0
241 285 0 0
240 285 0 0
239 285 0 0
238 285 0 0
237 285 0 0
236 285 0 0
235 285 0 0
234 285 0 0
233 285 0 0
232 285 0 0
309 284 0 0
308 284 0 0
307 284 0 0
306 284 0 0
305 284 0 0
304 284 0 0
303 284 0 0
302 284 0 0
301 284 0 0
240 284 0 0
239 284 0 0
238 284 0 0
237 284 0 0
236 284 0 0
235 284 0 0
234 284 0 0
233 284 0 0
232 284 0 0
231 284 0 0
230 284 0 0
310 283 0 0
309 283 0 0
308 283 0 0
307 283 0 0
306 283 0 0
305 283 0 0
304 283 0 0
303 283 0 0
238 283 0 0
237 283 0 0
236 283 0 0
235 283 0 0
234 283 0 0
233 283 0 0
232 283 0 0
231 283 0 0
230 283 0 0
229 283 0 0
228 283 0 0
311 282 0 0
310 282 0 0
309 282 0 0
308 282 0 0
307 282 0 0
306 282 0 0
305 282 0 0
304 282 0 0
236 282 0 0
235 282 0 0
234 282 0 0
233 282 0 0
232 282 0 0
231 282 0 0
230 282 0 0
229 282 0 0
228 282 0 0
227 282 0 0
313 281 0 0
312 281 0 0
311 281 0 0
310 281 0 0
309 281 0 0
308 281 0 0
307 281 0 0
306 281 0 0
305 281 0 0
234 281 0 0
233 281 0 0
232 281 0 0
231 281 0 0
230 281 0 0
229 281 0 0
228 281 0 0
227 281 0 0
226 281 0 0
225 281 0 0
314 280 0 0
313 280 0 0
312 280 0 0
311 280 0 0
310 280 0 0
309 280 0 0
308 280 0 0
307 280 0 0
306 280 0 0
232 280 0 0
231 280 0 0
230 280 0 0
229 280 0 0
228 280 0 0
227 280 0 0
226 280 0 0
225 280 0 0
224 280 0 0
315 279 0 0
314 279 0 0
313 279 0 0
312 279 0 0
311 279 0 0
310 279 0 0
309 279 0 0
308 279 0 0
231 279 0 0
230 279 0 0
229 279 0 0
228 279 0 0
227 279 0 0
226 279 0 0
225 279 0 0
224 279 0 0
223 279 0 0
222 279 0 0
317 278 0 0
316 278 0 0
315 278 0 0
314 278 0 0
313 278 0 0
312 278 0 0
311 278 0 0
310 278 0 0
309 278 0 0
229 278 0 0
228 278 0 0
227 278 0 0
226 278 0 0
225 278 0 0
224 278 0 0
223 278 0 0
222 278 0 0
221 278 0 0
318 277 0 0
317 277 0 0
316 277 0 0
315 277 0 0
314 277 0 0
313 277 0 0
312 277 0 0
311 277 0 0
310 277 0 0
228 277 0 0
227 277 0 0
226 277 0 0
225 277 0 0
224 277 0 0
223 277 0 0
222 277 0 0
221 277 0 0
220 277 0 0
219 277 0 0
320 276 0 0
319 276 0 0
318 276 0 0
317 276 0 0
316 276 0 0
315 276 0 0
314 276 0 0
313 276 0 0
312 276 0 0
311 276 0 0
226 276 0 0
225 276 0 0
224 276 0 0
223 276 0 0
222 276 0 0
221 276 0 0
220 276 0 0
219 276 0 0
218 276 0 0
321 275 0 0
320 275 0 0
319 275 0 0
318 275 0 0
317 275 0 0
316 275 0 0
315 275 0 0
314 275 0 0
313 275 0 0
225 275 0 0
224 275 0 0
223 275 0 0
222 275 0 0
221 275 0 0
220 275 0 0
219 275 0 0
218 275 0 0
217 275 0 0
216 275 0 0
323 274 0 0
322 274 0 0
321 274 0 0
320 274 0 0
319 274 0 0
318 274 0 0
317 274 0 0
316 274 0 0
315 274 0 0
314 274 0 0
268 274 0 1
267 274 0 1
266 274 0 1
265 274 0 1
223 274 0 0
222 274 0 0
221 274 0 0
220 274 0 0
219 274 0 0
218 274 0 0
217 274 0 0
216 274 0 0
215 274 0 0
214 274 0 0
324 273 0 0
323 273 0 0
322 273 0 0
321 273 0 0
320 273 0 0
319 273 0 0
318 273 0 0
317 273 0 0
316 273 0 0
268 273 0 1
267 273 0 1
266 273 0 1
265 273 0 1
264 273 0 1
222 273 0 0
221 273 0 0
220 273 0 0
219 273 0 0
218 273 0 0
217 273 0 0
216 273 0 0
215 273 0 0
214 273 0 0
213 273 0 0
212 273 0 0
326 272 0 0
325 272 0 0
324 272 0 0
323 272 0 0
322 272 0 0
321 272 0 0
320 272 0 0
319 272 0 0
318 272 0 0
317 272 0 0
268 272 0 1
267 272 0 1
266 272 0 1
265 272 0 1
264 272 0 1
263 272 0 1
262 272 0 1
220 272 0 0
219 272 0 0
218 272 0 0
217 272 0 0
216 272 0 0
215 272 0 0
214 272 0 0
213 272 0 0
212 272 0 0
211 272 0 0
210 272 0 0
328 271 0 0
327 271 0 0
326 271 0 0
325 271 0 0
324 271 0 0
323 271 0 0
322 271 0 0
321 271 0 0
320 271 0 0
319 271 0 0
268 271 0 1
267 271 0 1
266 271 0 1
265 271 0 1
264 271 0 1
263 271 0 1
262 271 0 1
261 271 0 1
219 271 0 0
218 271 0 0
217 271 0 0
216 271 0 0
215 271 0 0
214 271 0 0
213 271 0 0
212 271 0 0
211 271 0 0
210 271 0 0
209 271 0 0
208 271 0 0
332 270 0 0
331 270 0 0
330 270 0 0
329 270 0 0
328 270 0 0
327 270 0 0
326 270 0 0
325 270 0 0
324 270 0 0
323 270 0 0
322 270 0 0
321 270 0 0
320 270 0 0
267 270 0 1
266 270 0 1
265 270 0 1
264 270 0 1
263 270 0 1
262 270 0 1
261 270 0 1
260 270 0 1
217 270 0 0
216 270 0 0
215 270 0 0
214 270 0 0
213 270 0 0
212 270 0 0
211 270 0 0
210 270 0 0
209 270 0 0
208 270 0 0
207 270 0 0
335 269 0 0
334 269 0 0
333 269 0 0
332 269 0 0
331 269 0 0
330 269 0 0
329 269 0 0
328 269 0 0
327 269 0 0
326 269 0 0
325 269 0 0
324 269 0 0
323 269 0 0
322 269 0 0
266 269 0 1
265 269 0 1
264 269 0 1
263 269 0 1
262 269 0 1
261 269 0 1
260 269 0 1
215 269 0 0
214 269 0 0
213 269 0 0
212 269 0 0
211 269 0 0
210 269 0 0
209 269 0 0
208 269 0 0
207 269 0 0
206 269 0 0
336 268 0 0
335 268 0 0
334 268 0 0
333 268 0 0
332 268 0 0
331 268 0 0
330 268 0 0
329 268 0 0
328 268 0 0
327 268 0 0
326 268 0 0
325 268 0 0
324 268 0 0
323 268 0 0
265 268 0 1
264 268 0 1
263 268 0 1
262 268 0 1
261 268 0 1
260 268 0 1
259 268 0 1
213 268 0 0
212 268 0 0
211 268 0 0
210 268 0 0
209 268 0 0
208 268 0 0
207 268 0 0
206 268 0 0
205 268 0 0
204 268 0 0
340 267 0 0
339 267 0 0
338 267 0 0
337 267 0 0
336 267 0 0
335 267 0 0
334 267 0 0
333 267 0 0
332 267 0 0
331 267 0 0
330 267 0 0
329 267 0 0
328 267 0 0
327 267 0 0
326 267 0 0
325 267 0 0
264 267 0 1
263 267 0 1
262 267 0 1
261 267 0 1
260 267 0 1
259 267 0 1
211 267 0 0
210 267 0 0
209 267 0 0
208 267 0 0
207 267 0 0
206 267 0 0
205 267 0 0
204 267 0 0
203 267 0 0
202 267 0 0
201 267 0 0
346 266 0 0
345 266 0 0
344 266 0 0
343 266 0 0
342 266 0 0
341 266 0 0
340 266 0 0
339 266 0 0
338 266 0 0
337 266 0 0
336 266 0 0
335 266 0 0
334 266 0 0
333 266 0 0
332 266 0 0
331 266 0 0
330 266 0 0
329 266 0 0
328 266 0 0
327 266 0 0
263 266 0 1
262 266 0 1
261 266 0 1
260 266 0 1
259 266 0 1
258 266 0 1
257 266 0 1
209 266 0 0
208 266 0 0
207 266 0 0
206 266 0 0
205 266 0 0
204 266 0 0
203 266 0 0
202 266 0 0
201 266 0 0
200 266 0 0
352 265 0 0
351 265 0 0
350 265 0 0
349 265 0 0
348 265 0 0
347 265 0 0
346 265 0 0
345 265 0 0
344 265 0 0
343 265 0 0
342 265 0 0
341 265 0 0
340 265 0 0
339 265 0 0
338 265 0 0
337 265 0 0
336 265 0 0
335 265 0 0
334 265 0 0
333 265 0 0
332 265 0 0
331 265 0 0
263 265 0 1
262 265 0 1
261 265 0 1
260 265 0 1
259 265 0 1
258 265 0 1
257 265 0 1
256 265 0 1
208 265 0 0
207 265 0 0
206 265 0 0
205 265 0 0
204 265 0 0
203 265 0 0
202 265 0 0
201 265 0 0
200 265 0 0
199 265 0 0
198 265 0 0
398 264 0 0
397 264 0 0
396 264 0 0
395 264 0 0
366 264 0 0
365 264 0 0
364 264 0 0
363 264 0 0
362 264 0 0
361 264 0 0
360 264 0 0
359 264 0 0
358 264 0 0
357 264 0 0
356 264 0 0
355 264 0 0
354 264 0 0
353 264 0 0
352 264 0 0
351 264 0 0
350 264 0 0
349 264 0 0
348 264 0 0
347 264 0 0
346 264 0 0
345 264 0 0
344 264 0 0
343 264 0 0
342 264 0 0
341 264 0 0
340 264 0 0
339 264 0 0
338 264 0 0
337 264 0 0
336 264 0 0
335 264 0 0
334 264 0 0
262 264 0 1
261 264 0 1
260 264 0 1
259 264 0 1
258 264 0 1
257 264 0 1
256 264 0 1
207 264 0 0
206 264 0 0
205 264 0 0
204 264 0 0
203 264 0 0
202 264 0 0
201 264 0 0
200 264 0 0
199 264 0 0
198 264 0 0
197 264 0 0
398 263 0 0
397 263 0 0
396 263 0 0
395 263 0 0
394 263 0 0
393 263 0 0
392 263 0 0
391 263 0 0
390 263 0 0
389 263 0 0
388 263 0 0
387 263 0 0
386 263 0 0
385 263 0 0
384 263 0 0
383 263 0 0
382 263 0 0
381 263 0 0
380 263 0 0
379 263 0 0
378 263 0 0
377 263 0 0
376 263 0 0
375 263 0 0
374 263 0 0
373 263 0 0
372 263 0 0
371 263 0 0
370 263 0 0
369 263 0 0
368 263 0 0
367 263 0 0
366 263 0 0
365 263 0 0
364 263 0 0
363 263 0 0
362 263 0 0
361 263 0 0
360 263 0 0
359 263 0 0
358 263 0 0
357 263 0 0
356 263 0 0
355 263 0 0
354 263 0 0
353 263 0 0
352 263 0 0
351 263 0 0
350 263 0 0
349 263 0 0
348 263 0 0
347 263 0 0
346 263 0 0
345 263 0 0
344 263 0 0
343 263 0 0
342 263 0 0
341 263 0 0
340 263 0 0
339 263 0 0
338 263 0 0
337 263 0 0
261 263 0 1
260 263 0 1
259 263 0 1
258 263 0 1
257 263 0 1
256 263 0 1
255 263 0 1
254 263 0 1
204 263 0 0
203 263 0 0
202 263 0 0
201 263 0 0
200 263 0 0
199 263 0 0
198 263 0 0
197 263 0 0
196 263 0 0
398 262 0 0
397 262 0 0
396 262 0 0
395 262 0 0
394 262 0 0
393 262 0 0
392 262 0 0
391 262 0 0
390 262 0 0
389 262 0 0
388 262 0 0
387 262 0 0
386 262 0 0
385 262 0 0
384 262 0 0
383 262 0 0
382 262 0 0
381 262 0 0
380 262 0 0
379 262 0 0
378 262 0 0
377 262 0 0
376 262 0 0
375 262 0 0
374 262 0 0
373 262 0 0
372 262 0 0
371 262 0 0
370 262 0 0
369 262 0 0
368 262 0 0
367 262 0 0
366 262 0 0
365 262 0 0
364 262 0 0
363 262 0 0
362 262 0 0
361 262 0 0
360 262 0 0
359 262 0 0
358 262 0 0
357 262 0 0
356 262 0 0
355 262 0 0
354 262 0 0
353 262 0 0
352 262 0 0
351 262 0 0
350 262 0 0
349 262 0 0
348 262 0 0
347 262 0 0
346 262 0 0
345 262 0 0
344 262 0 0
343 262 0 0
342 262 0 0
341 262 0 0
340 262 0 0
259 262 0 1
258 262 0 1
257 262 0 1
256 262 0 1
255 262 0 1
254 262 0 1
253 262 0 1
202 262 0 0
201 262 0 0
200 262 0 0
199 262 0 0
198 262 0 0
197 262 0 0
196 262 0 0
195 262 0 0
194 262 0 0
398 261 0 0
397 261 0 0
396 261 0 0
395 261 0 0
394 261 0 0
393 261 0 0
392 261 0 0
391 261 0 0
390 261 0 0
389 261 0 0
388 261 0 0
387 261 0 0
386 261 0 0
385 261 0 0
384 261 0 0
383 261 0 0
382 261 0 0
381 261 0 0
380 261 0 0
379 261 0 0
378 261 0 0
377 261 0 0
376 261 0 0
375 261 0 0
374 261 0 0
373 261 0 0
372 261 0 0
371 261 0 0
370 261 0 0
369 261 0 0
368 261 0 0
367 261 0 0
366 261 0 0
365 261 0 0
364 261 0 0
363 261 0 0
362 261 0 0
361 261 0 0
360 261 0 0
359 261 0 0
358 261 0 0
357 261 0 0
356 261 0 0
355 261 0 0
354 261 0 0
353 261 0 0
352 261 0 0
351 261 0 0
350 261 0 0
349 261 0 0
348 261 0 0
347 261 0 0
259 261 0 1
258 261 0 1
257 261 0 1
256 261 0 1
255 261 0 1
254 261 0 1
253 261 0 1
252 261 0 1
201 261 0 0
200 261 0 0
199 261 0 0
198 261 0 0
197 261 0 0
196 261 0 0
195 261 0 0
194 261 0 0
193 261 0 0
192 261 0 0
191 261 0 0
397 260 0 0
396 260 0 0
395 260 0 0
394 260 0 0
393 260 0 0
392 260 0 0
391 260 0 0
390 260 0 0
389 260 0 0
388 260 0 0
387 260 0 0
386 260 0 0
385 260 0 0
384 260 0 0
383 260 0 0
382 260 0 0
381 260 0 0
380 260 0 0
379 260 0 0
378 260 0 0
377 260 0 0
376 260 0 0
375 260 0 0
374 260 0 0
373 260 0 0
372 260 0 0
371 260 0 0
370 260 0 0
369 260 0 0
368 260 0 0
367 260 0 0
366 260 0 0
365 260 0 0
364 260 0 0
363 260 0 0
258 260 0 1
257 260 0 1
256 260 0 1
255 260 0 1
254 260 0 1
253 260 0 1
252 260 0 1
200 260 0 0
199 260 0 0
198 260 0 0
197 260 0 0
196 260 0 0
195 260 0 0
194 260 0 0
193 260 0 0
192 260 0 0
191 260 0 0
190 260 0 0
189 260 0 0
188 260 0 0
256 259 0 1
255 259 0 1
254 259 0 1
253 259 0 1
252 259 0 1
251 259 0 1
198 259 0 0
197 259 0 0
196 259 0 0
195 259 0 0
194 259 0 0
193 259 0 0
192 259 0 0
191 259 0 0
190 259 0 0
189 259 0 0
188 259 0 0
187 259 0 0
256 258 0 1
255 258 0 1
254 258 0 1
253 258 0 1
252 258 0 1
251 258 0 1
250 258 0 1
197 258 0 0
196 258 0 0
195 258 0 0
194 258 0 0
193 258 0 0
192 258 0 0
191 258 0 0
190 258 0 0
189 258 0 0
188 258 0 0
187 258 0 0
186 258 0 0
185 258 0 0
255 257 0 1
254 257 0 1
253 257 0 1
252 257 0 1
251 257 0 1
250 257 0 1
249 257 0 1
194 257 0 0
193 257 0 0
192 257 0 0
191 257 0 0
190 257 0 0
189 257 0 0
188 257 0 0
187 257 0 0
186 257 0 0
185 257 0 0
184 257 0 0
254 256 0 1
253 256 0 1
252 256 0 1
251 256 0 1
250 256 0 1
249 256 0 1
191 256 0 0
190 256 0 0
189 256 0 0
188 256 0 0
187 256 0 0
186 256 0 0
185 256 0 0
184 256 0 0
183 256 0 0
182 256 0 0
253 255 0 1
252 255 0 1
251 255 0 1
250 255 0 1
249 255 0 1
248 255 0 1
189 255 0 0
188 255 0 0
187 255 0 0
186 255 0 0
185 255 0 0
184 255 0 0
183 255 0 0
182 255 0 0
181 255 0 0
252 254 0 1
251 254 0 1
250 254 0 1
249 254 0 1
248 254 0 1
247 254 0 1
187 254 0 0
186 254 0 0
185 254 0 0
184 254 0 0
183 254 0 0
182 254 0 0
181 254 0 0
180 254 0 0
252 253 0 1
251 253 0 1
250 253 0 1
249 253 0 1
248 253 0 1
247 253 0 1
186 253 0 0
185 253 0 0
184 253 0 0
183 253 0 0
182 253 0 0
181 253 0 0
180 253 0 0
179 253 0 0
251 252 0 1
250 252 0 1
249 252 0 1
248 252 0 1
247 252 0 1
246 252 0 1
184 252 0 0
183 252 0 0
182 252 0 0
181 252 0 0
180 252 0 0
179 252 0 0
178 252 0 0
251 251 0 1
250 251 0 1
249 251 0 1
248 251 0 1
247 251 0 1
246 251 0 1
183 251 0 0
182 251 0 0
181 251 0 0
180 251 0 0
179 251 0 0
178 251 0 0
177 251 0 0
250 250 0 1
249 250 0 1
248 250 0 1
247 250 0 1
246 250 0 1
245 250 0 1
182 250 0 0
181 250 0 0
180 250 0 0
179 250 0 0
178 250 0 0
177 250 0 0
176 250 0 0
250 249 0 1
249 249 0 1
248 249 0 1
247 249 0 1
246 249 0 1
245 249 0 1
181 249 0 0
180 249 0 0
179 249 0 0
178 249 0 0
177 249 0 0
176 249 0 0
175 249 0 0
249 248 0 1
248 248 0 1
247 248 0 1
246 248 0 1
245 248 0 1
244 248 0 1
180 248 0 0
179 248 0 0
178 248 0 0
177 248 0 0
176 248 0 0
175 248 0 0
174 248 0 0
249 247 0 1
248 247 0 1
247 247 0 1
246 247 0 1
245 247 0 1
244 247 0 1
179 247 0 0
178 247 0 0
177 247 0 0
176 247 0 0
175 247 0 0
174 247 0 0
173 247 0 0
248 246 0 1
247 246 0 1
246 246 0 1
245 246 0 1
244 246 0 1
243 246 0 1
242 246 0 1
178 246 0 0
177 246 0 0
176 246 0 0
175 246 0 0
174 246 0 0
173 246 0 0
172 246 0 0
248 245 0 1
247 245 0 1
246 245 0 1
245 245 0 1
244 245 0 1
243 245 0 1
242 245 0 1
241 245 0 1
177 245 0 0
176 245 0 0
175 245 0 0
174 245 0 0
173 245 0 0
172 245 0 0
171 245 0 0
247 244 0 1
246 244 0 1
245 244 0 1
244 244 0 1
243 244 0 1
242 244 0 1
241 244 0 1
240 244 0 1
176 244 0 0
175 244 0 0
174 244 0 0
173 244 0 0
172 244 0 0
171 244 0 0
170 244 0 0
246 243 0 1
245 243 0 1
244 243 0 1
243 243 0 1
242 243 0 1
241 243 0 1
240 243 0 1
239 243 0 1
175 243 0 0
174 243 0 0
173 243 0 0
172 243 0 0
171 243 0 0
170 243 0 0
169 243 0 0
244 242 0 1
243 242 0 1
242 242 0 1
241 242 0 1
240 242 0 1
239 242 0 1
174 242 0 0
173 242 0 0
172 242 0 0
171 242 0 0
170 242 0 0
169 242 0 0
168 242 0 0
243 241 0 1
242 241 0 1
241 241 0 1
240 241 0 1
239 241 0 1
173 241 0 0
172 241 0 0
171 241 0 0
170 241 0 0
169 241 0 0
168 241 0 0
167 241 0 0
243 240 0 1
242 240 0 1
241 240 0 1
240 240 0 1
239 240 0 1
238 240 0 1
172 240 0 0
171 240 0 0
170 240 0 0
169 240 0 0
168 240 0 0
167 240 0 0
243 239 0 1
242 239 0 1
241 239 0 1
240 239 0 1
239 239 0 1
238 239 0 1
237 239 0 1
171 239 0 0
170 239 0 0
169 239 0 0
168 239 0 0
167 239 0 0
166 239 0 0
242 238 0 1
241 238 0 1
240 238 0 1
239 238 0 1
238 238 0 1
237 238 0 1
236 238 0 1
171 238 0 0
170 238 0 0
169 238 0 0
168 238 0 0
167 238 0 0
166 238 0 0
165 238 0 0
241 237 0 1
240 237 0 1
239 237 0 1
238 237 0 1
237 237 0 1
236 237 0 1
235 237 0 1
234 237 0 1
170 237 0 0
169 237 0 0
168 237 0 0
167 237 0 0
166 237 0 0
165 237 0 0
240 236 0 1
239 236 0 1
238 236 0 1
237 236 0 1
236 236 0 1
235 236 0 1
234 236 0 1
233 236 0 1
232 236 0 1
231 236 0 1
169 236 0 0
168 236 0 0
167 236 0 0
166 236 0 0
165 236 0 0
340 235 0 1
339 235 0 1
338 235 0 1
337 235 0 1
336 235 0 1
335 235 0 1
334 235 0 1
239 235 0 1
238 235 0 1
237 235 0 1
236 235 0 1
235 235 0 1
234 235 0 1
233 235 0 1
232 235 0 1
231 235 0 1
230 235 0 1
168 235 0 0
167 235 0 0
166 235 0 0
165 235 0 0
340 234 0 1
339 234 0 1
338 234 0 1
337 234 0 1
336 234 0 1
335 234 0 1
334 234 0 1
333 234 0 1
332 234 0 1
238 234 0 1
237 234 0 1
236 234 0 1
235 234 0 1
234 234 0 1
233 234 0 1
232 234 0 1
231 234 0 1
230 234 0 1
229 234 0 1
168 234 0 0
167 234 0 0
166 234 0 0
165 234 0 0
340 233 0 1
339 233 0 1
338 233 0 1
337 233 0 1
336 233 0 1
335 233 0 1
334 233 0 1
333 233 0 1
332 233 0 1
331 233 0 1
330 233 0 1
236 233 0 1
235 233 0 1
234 233 0 1
233 233 0 1
232 233 0 1
231 233 0 1
230 233 0 1
229 233 0 1
340 232 0 1
339 232 0 1
338 232 0 1
337 232 0 1
336 232 0 1
335 232 0 1
334 232 0 1
333 232 0 1
332 232 0 1
331 232 0 1
330 232 0 1
329 232 0 1
235 232 0 1
234 232 0 1
233 232 0 1
232 232 0 1
231 232 0 1
230 232 0 1
229 232 0 1
228 232 0 1
337 231 0 1
336 231 0 1
335 231 0 1
334 231 0 1
333 231 0 1
332 231 0 1
331 231 0 1
330 231 0 1
329 231 0 1
328 231 0 1
327 231 0 1
232 231 0 1
231 231 0 1
230 231 0 1
229 231 0 1
228 231 0 1
227 231 0 1
226 231 0 1
335 230 0 1
334 230 0 1
333 230 0 1
332 230 0 1
331 230 0 1
330 230 0 1
329 230 0 1
328 230 0 1
327 230 0 1
326 230 0 1
325 230 0 1
324 230 0 1
232 230 0 1
231 230 0 1
230 230 0 1
229 230 0 1
228 230 0 1
227 230 0 1
226 230 0 1
225 230 0 1
333 229 0 1
332 229 0 1
331 229 0 1
330 229 0 1
329 229 0 1
328 229 0 1
327 229 0 1
326 229 0 1
325 229 0 1
324 229 0 1
323 229 0 1
322 229 0 1
321 229 0 1
320 229 0 1
231 229 0 1
230 229 0 1
229 229 0 1
228 229 0 1
227 229 0 1
226 229 0 1
225 229 0 1
224 229 0 1
223 229 0 1
331 228 0 1
330 228 0 1
329 228 0 1
328 228 0 1
327 228 0 1
326 228 0 1
325 228 0 1
324 228 0 1
323 228 0 1
322 228 0 1
321 228 0 1
320 228 0 1
319 228 0 1
230 228 0 1
229 228 0 1
228 228 0 1
227 228 0 1
226 228 0 1
225 228 0 1
224 228 0 1
223 228 0 1
222 228 0 1
330 227 0 1
329 227 0 1
328 227 0 1
327 227 0 1
326 227 0 1
325 227 0 1
324 227 0 1
323 227 0 1
322 227 0 1
321 227 0 1
320 227 0 1
319 227 0 1
318 227 0 1
317 227 0 1
228 227 0 1
227 227 0 1
226 227 0 1
225 227 0 1
224 227 0 1
223 227 0 1
222 227 0 1
221 227 0 1
328 226 0 1
327 226 0 1
326 226 0 1
325 226 0 1
324 226 0 1
323 226 0 1
322 226 0 1
321 226 0 1
320 226 0 1
319 226 0 1
318 226 0 1
317 226 0 1
316 226 0 1
227 226 0 1
226 226 0 1
225 226 0 1
224 226 0 1
223 226 0 1
222 226 0 1
221 226 0 1
220 226 0 1
219 226 0 1
324 225 0 1
323 225 0 1
322 225 0 1
321 225 0 1
320 225 0 1
319 225 0 1
318 225 0 1
317 225 0 1
316 225 0 1
315 225 0 1
314 225 0 1
225 225 0 1
224 225 0 1
223 225 0 1
222 225 0 1
221 225 0 1
220 225 0 1
219 225 0 1
218 225 0 1
321 224 0 1
320 224 0 1
319 224 0 1
318 224 0 1
317 224 0 1
316 224 0 1
315 224 0 1
314 224 0 1
313 224 0 1
224 224 0 1
223 224 0 1
222 224 0 1
221 224 0 1
220 224 0 1
219 224 0 1
218 224 0 1
217 224 0 1
216 224 0 1
320 223 0 1
319 223 0 1
318 223 0 1
317 223 0 1
316 223 0 1
315 223 0 1
314 223 0 1
313 223 0 1
312 223 0 1
311 223 0 1
223 223 0 1
222 223 0 1
221 223 0 1
220 223 0 1
219 223 0 1
218 223 0 1
217 223 0 1
216 223 0 1
215 223 0 1
318 222 0 1
317 222 0 1
316 222 0 1
315 222 0 1
314 222 0 1
313 222 0 1
312 222 0 1
311 222 0 1
310 222 0 1
309 222 0 1
308 222 0 1
221 222 0 1
220 222 0 1
219 222 0 1
218 222 0 1
217 222 0 1
216 222 0 1
215 222 0 1
214 222 0 1
317 221 0 1
316 221 0 1
315 221 0 1
314 221 0 1
313 221 0 1
312 221 0 1
311 221 0 1
310 221 0 1
309 221 0 1
308 221 0 1
307 221 0 1
220 221 0 1
219 221 0 1
218 221 0 1
217 221 0 1
216 221 0 1
215 221 0 1
214 221 0 1
213 221 0 1
315 220 0 1
314 220 0 1
313 220 0 1
312 220 0 1
311 220 0 1
310 220 0 1
309 220 0 1
308 220 0 1
307 220 0 1
306 220 0 1
305 220 0 1
218 220 0 1
217 220 0 1
216 220 0 1
215 220 0 1
214 220 0 1
213 220 0 1
212 220 0 1
211 220 0 1
314 219 0 1
313 219 0 1
312 219 0 1
311 219 0 1
310 219 0 1
309 219 0 1
308 219 0 1
307 219 0 1
306 219 0 1
305 219 0 1
304 219 0 1
217 219 0 1
216 219 0 1
215 219 0 1
214 219 0 1
213 219 0 1
212 219 0 1
211 219 0 1
210 219 0 1
311 218 0 1
310 218 0 1
309 218 0 1
308 218 0 1
307 218 0 1
306 218 0 1
305 218 0 1
304 218 0 1
303 218 0 1
216 218 0 1
215 218 0 1
214 218 0 1
213 218 0 1
212 218 0 1
211 218 0 1
210 218 0 1
209 218 0 1
309 217 0 1
308 217 0 1
307 217 0 1
306 217 0 1
305 217 0 1
304 217 0 1
303 217 0 1
302 217 0 1
215 217 0 1
214 217 0 1
213 217 0 1
212 217 0 1
211 217 0 1
210 217 0 1
209 217 0 1
308 216 0 1
307 216 0 1
306 216 0 1
305 216 0 1
304 216 0 1
303 216 0 1
302 216 0 1
301 216 0 1
213 216 0 1
212 216 0 1
211 216 0 1
210 216 0 1
209 216 0 1
208 216 0 1
307 215 0 1
306 215 0 1
305 215 0 1
304 215 0 1
303 215 0 1
302 215 0 1
301 215 0 1
300 215 0 1
299 215 0 1
212 215 0 1
211 215 0 1
210 215 0 1
209 215 0 1
208 215 0 1
207 215 0 1
100 215 0 0
99 215 0 0
98 215 0 0
97 215 0 0
306 214 0 1
305 214 0 1
304 214 0 1
303 214 0 1
302 214 0 1
301 214 0 1
300 214 0 1
299 214 0 1
298 214 0 1
212 214 0 1
211 214 0 1
210 214 0 1
209 214 0 1
208 214 0 1
207 214 0 1
206 214 0 1
100 214 0 0
99 214 0 0
98 214 0 0
97 214 0 0
304 213 0 1
303 213 0 1
302 213 0 1
301 213 0 1
300 213 0 1
299 213 0 1
298 213 0 1
297 213 0 1
296 213 0 1
211 213 0 1
210 213 0 1
209 213 0 1
208 213 0 1
207 213 0 1
206 213 0 1
205 213 0 1
101 213 0 0
100 213 0 0
99 213 0 0
98 213 0 0
97 213 0 0
303 212 0 1
302 212 0 1
301 212 0 1
300 212 0 1
299 212 0 1
298 212 0 1
297 212 0 1
296 212 0 1
295 212 0 1
294 212 0 1
211 212 0 1
210 212 0 1
209 212 0 1
208 212 0 1
207 212 0 1
206 212 0 1
205 212 0 1
204 212 0 1
102 212 0 0
101 212 0 0
100 212 0 0
99 212 0 0
98 212 0 0
97 212 0 0
302 211 0 1
301 211 0 1
300 211 0 1
299 211 0 1
298 211 0 1
297 211 0 1
296 211 0 1
295 211 0 1
294 211 0 1
293 211 0 1
210 211 0 1
209 211 0 1
208 211 0 1
207 211 0 1
206 211 0 1
205 211 0 1
204 211 0 1
203 211 0 1
202 211 0 1
103 211 0 0
102 211 0 0
101 211 0 0
100 211 0 0
99 211 0 0
98 211 0 0
97 211 0 0
300 210 0 1
299 210 0 1
298 210 0 1
297 210 0 1
296 210 0 1
295 210 0 1
294 210 0 1
293 210 0 1
292 210 0 1
209 210 0 1
208 210 0 1
207 210 0 1
206 210 0 1
205 210 0 1
204 210 0 1
203 210 0 1
202 210 0 1
201 210 0 1
104 210 0 0
103 210 0 0
102 210 0 0
101 210 0 0
100 210 0 0
99 210 0 0
98 210 0 0
299 209 0 1
298 209 0 1
297 209 0 1
296 209 0 1
295 209 0 1
294 209 0 1
293 209 0 1
292 209 0 1
291 209 0 1
207 209 0 1
206 209 0 1
205 209 0 1
204 209 0 1
203 209 0 1
202 209 0 1
201 209 0 1
200 209 0 1
104 209 0 0
103 209 0 0
102 209 0 0
101 209 0 0
100 209 0 0
99 209 0 0
297 208 0 1
296 208 0 1
295 208 0 1
294 208 0 1
293 208 0 1
292 208 0 1
291 208 0 1
290 208 0 1
206 208 0 1
205 208 0 1
204 208 0 1
203 208 0 1
202 208 0 1
201 208 0 1
200 208 0 1
105 208 0 0
104 208 0 0
103 208 0 0
102 208 0 0
101 208 0 0
100 208 0 0
295 207 0 1
294 207 0 1
293 207 0 1
292 207 0 1
291 207 0 1
290 207 0 1
289 207 0 1
288 207 0 1
205 207 0 1
204 207 0 1
203 207 0 1
202 207 0 1
201 207 0 1
200 207 0 1
199 207 0 1
106 207 0 0
105 207 0 0
104 207 0 0
103 207 0 0
102 207 0 0
101 207 0 0
100 207 0 0
294 206 0 1
293 206 0 1
292 206 0 1
291 206 0 1
290 206 0 1
289 206 0 1
288 206 0 1
287 206 0 1
286 206 0 1
203 206 0 1
202 206 0 1
201 206 0 1
200 206 0 1
199 206 0 1
198 206 0 1
197 206 0 1
196 206 0 1
106 206 0 0
105 206 0 0
104 206 0 0
103 206 0 0
102 206 0 0
101 206 0 0
293 205 0 1
292 205 0 1
291 205 0 1
290 205 0 1
289 205 0 1
288 205 0 1
287 205 0 1
286 205 0 1
285 205 0 1
284 205 0 1
283 205 0 1
203 205 0 1
202 205 0 1
201 205 0 1
200 205 0 1
199 205 0 1
198 205 0 1
197 205 0 1
196 205 0 1
195 205 0 1
107 205 0 0
106 205 0 0
105 205 0 0
104 205 0 0
103 205 0 0
102 205 0 0
292 204 0 1
291 204 0 1
290 204 0 1
289 204 0 1
288 204 0 1
287 204 0 1
286 204 0 1
285 204 0 1
284 204 0 1
283 204 0 1
282 204 0 1
281 204 0 1
280 204 0 1
202 204 0 1
201 204 0 1
200 204 0 1
199 204 0 1
198 204 0 1
197 204 0 1
196 204 0 1
195 204 0 1
194 204 0 1
108 204 0 0
107 204 0 0
106 204 0 0
105 204 0 0
104 204 0 0
103 204 0 0
102 204 0 0
291 203 0 1
290 203 0 1
289 203 0 1
288 203 0 1
287 203 0 1
286 203 0 1
285 203 0 1
284 203 0 1
283 203 0 1
282 203 0 1
281 203 0 1
280 203 0 1
279 203 0 1
278 203 0 1
277 203 0 1
201 203 0 1
200 203 0 1
199 203 0 1
198 203 0 1
197 203 0 1
196 203 0 1
195 203 0 1
194 203 0 1
193 203 0 1
192 203 0 1
108 203 0 0
107 203 0 0
106 203 0 0
105 203 0 0
104 203 0 0
103 203 0 0
288 202 0 1
287 202 0 1
286 202 0 1
285 202 0 1
284 202 0 1
283 202 0 1
282 202 0 1
281 202 0 1
280 202 0 1
279 202 0 1
278 202 0 1
277 202 0 1
276 202 0 1
275 202 0 1
274 202 0 1
273 202 0 1
272 202 0 1
199 202 0 1
198 202 0 1
197 202 0 1
196 202 0 1
195 202 0 1
194 202 0 1
193 202 0 1
192 202 0 1
191 202 0 1
109 202 0 0
108 202 0 0
107 202 0 0
106 202 0 0
105 202 0 0
104 202 0 0
286 201 0 1
285 201 0 1
284 201 0 1
283 201 0 1
282 201 0 1
281 201 0 1
280 201 0 1
279 201 0 1
278 201 0 1
277 201 0 1
276 201 0 1
275 201 0 1
274 201 0 1
273 201 0 1
272 201 0 1
271 201 0 1
270 201 0 1
198 201 0 1
197 201 0 1
196 201 0 1
195 201 0 1
194 201 0 1
193 201 0 1
192 201 0 1
191 201 0 1
190 201 0 1
189 201 0 1
109 201 0 0
108 201 0 0
107 201 0 0
106 201 0 0
105 201 0 0
104 201 0 0
373 200 0 1
372 200 0 1
371 200 0 1
370 200 0 1
369 200 0 1
368 200 0 1
367 200 0 1
284 200 0 1
283 200 0 1
282 200 0 1
281 200 0 1
280 200 0 1
279 200 0 1
278 200 0 1
277 200 0 1
276 200 0 1
275 200 0 1
274 200 0 1
273 200 0 1
272 200 0 1
271 200 0 1
270 200 0 1
269 200 0 1
268 200 0 1
197 200 0 1
196 200 0 1
195 200 0 1
194 200 0 1
193 200 0 1
192 200 0 1
191 200 0 1
190 200 0 1
189 200 0 1
188 200 0 1
187 200 0 1
154 200 0 1
153 200 0 1
152 200 0 1
151 200 0 1
150 200 0 1
149 200 0 1
148 200 0 1
110 200 0 0
109 200 0 0
108 200 0 0
107 200 0 0
106 200 0 0
105 200 0 0
373 199 0 1
372 199 0 1
371 199 0 1
370 199 0 1
369 199 0 1
368 199 0 1
367 199 0 1
366 199 0 1
365 199 0 1
364 199 0 1
363 199 0 1
281 199 0 1
280 199 0 1
279 199 0 1
278 199 0 1
277 199 0 1
276 199 0 1
275 199 0 1
274 199 0 1
273 199 0 1
272 199 0 1
271 199 0 1
270 199 0 1
269 199 0 1
268 199 0 1
267 199 0 1
266 199 0 1
195 199 0 1
194 199 0 1
193 199 0 1
192 199 0 1
191 199 0 1
190 199 0 1
189 199 0 1
188 199 0 1
187 199 0 1
186 199 0 1
156 199 0 1
155 199 0 1
154 199 0 1
153 199 0 1
152 199 0 1
151 199 0 1
150 199 0 1
149 199 0 1
148 199 0 1
110 199 0 0
109 199 0 0
108 199 0 0
107 199 0 0
106 199 0 0
105 199 0 0
373 198 0 1
372 198 0 1
371 198 0 1
370 198 0 1
369 198 0 1
368 198 0 1
367 198 0 1
366 198 0 1
365 198 0 1
364 198 0 1
363 198 0 1
362 198 0 1
361 198 0 1
275 198 0 1
274 198 0 1
273 198 0 1
272 198 0 1
271 198 0 1
270 198 0 1
269 198 0 1
268 198 0 1
267 198 0 1
266 198 0 1
265 198 0 1
264 198 0 1
263 198 0 1
262 198 0 1
261 198 0 1
194 198 0 1
193 198 0 1
192 198 0 1
191 198 0 1
190 198 0 1
189 198 0 1
188 198 0 1
187 198 0 1
186 198 0 1
157 198 0 1
156 198 0 1
155 198 0 1
154 198 0 1
153 198 0 1
152 198 0 1
151 198 0 1
150 198 0 1
149 198 0 1
148 198 0 1
111 198 0 0
110 198 0 0
109 198 0 0
108 198 0 0
107 198 0 0
106 198 0 0
373 197 0 1
372 197 0 1
371 197 0 1
370 197 0 1
369 197 0 1
368 197 0 1
367 197 0 1
366 197 0 1
365 197 0 1
364 197 0 1
363 197 0 1
362 197 0 1
361 197 0 1
360 197 0 1
359 197 0 1
358 197 0 1
273 197 0 1
272 197 0 1
271 197 0 1
270 197 0 1
269 197 0 1
268 197 0 1
267 197 0 1
266 197 0 1
265 197 0 1
264 197 0 1
263 197 0 1
262 197 0 1
261 197 0 1
260 197 0 1
259 197 0 1
258 197 0 1
257 197 0 1
256 197 0 1
192 197 0 1
191 197 0 1
190 197 0 1
189 197 0 1
188 197 0 1
187 197 0 1
186 197 0 1
185 197 0 1
157 197 0 1
156 197 0 1
155 197 0 1
154 197 0 1
153 197 0 1
152 197 0 1
151 197 0 1
150 197 0 1
149 197 0 1
148 197 0 1
111 197 0 0
110 197 0 0
109 197 0 0
108 197 0 0
107 197 0 0
106 197 0 0
372 196 0 1
371 196 0 1
370 196 0 1
369 196 0 1
368 196 0 1
367 196 0 1
366 196 0 1
365 196 0 1
364 196 0 1
363 196 0 1
362 196 0 1
361 196 0 1
360 196 0 1
359 196 0 1
358 196 0 1
357 196 0 1
356 196 0 1
355 196 0 1
271 196 0 1
270 196 0 1
269 196 0 1
268 196 0 1
267 196 0 1
266 196 0 1
265 196 0 1
264 196 0 1
263 196 0 1
262 196 0 1
261 196 0 1
260 196 0 1
259 196 0 1
258 196 0 1
257 196 0 1
256 196 0 1
255 196 0 1
254 196 0 1
253 196 0 1
252 196 0 1
251 196 0 1
250 196 0 1
249 196 0 1
248 196 0 1
247 196 0 1
246 196 0 1
245 196 0 1
244 196 0 1
243 196 0 1
242 196 0 1
190 196 0 1
189 196 0 1
188 196 0 1
187 196 0 1
186 196 0 1
185 196 0 1
157 196 0 1
156 196 0 1
155 196 0 1
154 196 0 1
153 196 0 1
152 196 0 1
112 196 0 0
111 196 0 0
110 196 0 0
109 196 0 0
108 196 0 0
107 196 0 0
368 195 0 1
367 195 0 1
366 195 0 1
365 195 0 1
364 195 0 1
363 195 0 1
362 195 0 1
361 195 0 1
360 195 0 1
359 195 0 1
358 195 0 1
357 195 0 1
356 195 0 1
355 195 0 1
354 195 0 1
353 195 0 1
269 195 0 1
268 195 0 1
267 195 0 1
266 195 0 1
265 195 0 1
264 195 0 1
263 195 0 1
262 195 0 1
261 195 0 1
260 195 0 1
259 195 0 1
258 195 0 1
257 195 0 1
256 195 0 1
255 195 0 1
254 195 0 1
253 195 0 1
252 195 0 1
251 195 0 1
250 195 0 1
249 195 0 1
248 195 0 1
247 195 0 1
246 195 0 1
245 195 0 1
244 195 0 1
243 195 0 1
242 195 0 1
241 195 0 1
240 195 0 1
239 195 0 1
189 195 0 1
188 195 0 1
187 195 0 1
186 195 0 1
185 195 0 1
184 195 0 1
158 195 0 1
157 195 0 1
156 195 0 1
155 195 0 1
154 195 0 1
153 195 0 1
113 195 0 0
112 195 0 0
111 195 0 0
110 195 0 0
109 195 0 0
108 195 0 0
107 195 0 0
364 194 0 1
363 194 0 1
362 194 0 1
361 194 0 1
360 194 0 1
359 194 0 1
358 194 0 1
357 194 0 1
356 194 0 1
355 194 0 1
354 194 0 1
353 194 0 1
352 194 0 1
351 194 0 1
350 194 0 1
267 194 0 1
266 194 0 1
265 194 0 1
264 194 0 1
263 194 0 1
262 194 0 1
261 194 0 1
260 194 0 1
259 194 0 1
258 194 0 1
257 194 0 1
256 194 0 1
255 194 0 1
254 194 0 1
253 194 0 1
252 194 0 1
251 194 0 1
250 194 0 1
249 194 0 1
248 194 0 1
247 194 0 1
246 194 0 1
245 194 0 1
244 194 0 1
243 194 0 1
242 194 0 1
241 194 0 1
240 194 0 1
239 194 0 1
238 194 0 1
237 194 0 1
236 194 0 1
235 194 0 1
234 194 0 1
233 194 0 1
232 194 0 1
231 194 0 1
230 194 0 1
229 194 0 1
228 194 0 1
227 194 0 1
226 194 0 1
225 194 0 1
224 194 0 1
188 194 0 1
187 194 0 1
186 194 0 1
185 194 0 1
184 194 0 1
183 194 0 1
160 194 0 1
159 194 0 1
158 194 0 1
157 194 0 1
156 194 0 1
155 194 0 1
154 194 0 1
113 194 0 0
112 194 0 0
111 194 0 0
110 194 0 0
109 194 0 0
108 194 0 0
361 193 0 1
360 193 0 1
359 193 0 1
358 193 0 1
357 193 0 1
356 193 0 1
355 193 0 1
354 193 0 1
353 193 0 1
352 193 0 1
351 193 0 1
350 193 0 1
349 193 0 1
348 193 0 1
347 193 0 1
261 193 0 1
260 193 0 1
259 193 0 1
258 193 0 1
257 193 0 1
256 193 0 1
255 193 0 1
254 193 0 1
253 193 0 1
252 193 0 1
251 193 0 1
250 193 0 1
249 193 0 1
248 193 0 1
247 193 0 1
246 193 0 1
245 193 0 1
244 193 0 1
243 193 0 1
242 193 0 1
241 193 0 1
240 193 0 1
239 193 0 1
238 193 0 1
237 193 0 1
236 193 0 1
235 193 0 1
234 193 0 1
233 193 0 1
232 193 0 1
231 193 0 1
230 193 0 1
229 193 0 1
228 193 0 1
227 193 0 1
226 193 0 1
225 193 0 1
224 193 0 1
223 193 0 1
222 193 0 1
221 193 0 1
220 193 0 1
219 193 0 1
218 193 0 1
217 193 0 1
216 193 0 1
215 193 0 1
214 193 0 1
188 193 0 1
187 193 0 1
186 193 0 1
185 193 0 1
184 193 0 1
183 193 0 1
182 193 0 1
161 193 0 1
160 193 0 1
159 193 0 1
158 193 0 1
157 193 0 1
156 193 0 1
155 193 0 1
154 193 0 1
114 193 0 0
113 193 0 0
112 193 0 0
111 193 0 0
110 193 0 0
109 193 0 0
358 192 0 1
357 192 0 1
356 192 0 1
355 192 0 1
354 192 0 1
353 192 0 1
352 192 0 1
351 192 0 1
350 192 0 1
349 192 0 1
348 192 0 1
347 192 0 1
346 192 0 1
345 192 0 1
344 192 0 1
247 192 0 1
246 192 0 1
245 192 0 1
244 192 0 1
243 192 0 1
242 192 0 1
241 192 0 1
240 192 0 1
239 192 0 1
238 192 0 1
237 192 0 1
236 192 0 1
235 192 0 1
234 192 0 1
233 192 0 1
232 192 0 1
231 192 0 1
230 192 0 1
229 192 0 1
228 192 0 1
227 192 0 1
226 192 0 1
225 192 0 1
224 192 0 1
223 192 0 1
222 192 0 1
221 192 0 1
220 192 0 1
219 192 0 1
218 192 0 1
217 192 0 1
216 192 0 1
215 192 0 1
214 192 0 1
213 192 0 1
212 192 0 1
211 192 0 1
210 192 0 1
187 192 0 1
186 192 0 1
185 192 0 1
184 192 0 1
183 192 0 1
182 192 0 1
181 192 0 1
163 192 0 1
162 192 0 1
161 192 0 1
160 192 0 1
159 192 0 1
158 192 0 1
157 192 0 1
156 192 0 1
155 192 0 1
114 192 0 0
113 192 0 0
112 192 0 0
111 192 0 0
110 192 0 0
109 192 0 0
356 191 0 1
355 191 0 1
354 191 0 1
353 191 0 1
352 191 0 1
351 191 0 1
350 191 0 1
349 191 0 1
348 191 0 1
347 191 0 1
346 191 0 1
345 191 0 1
344 191 0 1
343 191 0 1
342 191 0 1
341 191 0 1
243 191 0 1
242 191 0 1
241 191 0 1
240 191 0 1
239 191 0 1
238 191 0 1
237 191 0 1
236 191 0 1
235 191 0 1
234 191 0 1
233 191 0 1
232 191 0 1
231 191 0 1
230 191 0 1
229 191 0 1
228 191 0 1
227 191 0 1
226 191 0 1
225 191 0 1
224 191 0 1
223 191 0 1
222 191 0 1
221 191 0 1
220 191 0 1
219 191 0 1
218 191 0 1
217 191 0 1
216 191 0 1
215 191 0 1
214 191 0 1
213 191 0 1
212 191 0 1
211 191 0 1
210 191 0 1
209 191 0 1
208 191 0 1
186 191 0 1
185 191 0 1
184 191 0 1
183 191 0 1
182 191 0 1
181 191 0 1
164 191 0 1
163 191 0 1
162 191 0 1
161 191 0 1
160 191 0 1
159 191 0 1
158 191 0 1
157 191 0 1
156 191 0 1
115 191 0 0
114 191 0 0
113 191 0 0
112 191 0 0
111 191 0 0
110 191 0 0
353 190 0 1
352 190 0 1
351 190 0 1
350 190 0 1
349 190 0 1
348 190 0 1
347 190 0 1
346 190 0 1
345 190 0 1
344 190 0 1
343 190 0 1
342 190 0 1
341 190 0 1
340 190 0 1
339 190 0 1
338 190 0 1
337 190 0 1
336 190 0 1
228 190 0 1
227 190 0 1
226 190 0 1
225 190 0 1
224 190 0 1
223 190 0 1
222 190 0 1
221 190 0 1
220 190 0 1
219 190 0 1
218 190 0 1
217 190 0 1
216 190 0 1
215 190 0 1
214 190 0 1
213 190 0 1
212 190 0 1
211 190 0 1
210 190 0 1
209 190 0 1
208 190 0 1
185 190 0 1
184 190 0 1
183 190 0 1
182 190 0 1
181 190 0 1
180 190 0 1
166 190 0 1
165 190 0 1
164 190 0 1
163 190 0 1
162 190 0 1
161 190 0 1
160 190 0 1
159 190 0 1
158 190 0 1
157 190 0 1
116 190 0 0
115 190 0 0
114 190 0 0
113 190 0 0
112 190 0 0
111 190 0 0
110 190 0 0
351 189 0 1
350 189 0 1
349 189 0 1
348 189 0 1
347 189 0 1
346 189 0 1
345 189 0 1
344 189 0 1
343 189 0 1
342 189 0 1
341 189 0 1
340 189 0 1
339 189 0 1
338 189 0 1
337 189 0 1
336 189 0 1
335 189 0 1
218 189 0 1
217 189 0 1
216 189 0 1
215 189 0 1
214 189 0 1
213 189 0 1
212 189 0 1
211 189 0 1
210 189 0 1
209 189 0 1
208 189 0 1
185 189 0 1
184 189 0 1
183 189 0 1
182 189 0 1
181 189 0 1
180 189 0 1
179 189 0 1
178 189 0 1
177 189 0 1
176 189 0 1
175 189 0 1
174 189 0 1
173 189 0 1
172 189 0 1
171 189 0 1
170 189 0 1
169 189 0 1
168 189 0 1
167 189 0 1
166 189 0 1
165 189 0 1
164 189 0 1
163 189 0 1
162 189 0 1
161 189 0 1
160 189 0 1
159 189 0 1
116 189 0 0
115 189 0 0
114 189 0 0
113 189 0 0
112 189 0 0
111 189 0 0
348 188 0 1
347 188 0 1
346 188 0 1
345 188 0 1
344 188 0 1
343 188 0 1
342 188 0 1
341 188 0 1
340 188 0 1
339 188 0 1
338 188 0 1
337 188 0 1
336 188 0 1
335 188 0 1
334 188 0 1
333 188 0 1
213 188 0 1
212 188 0 1
211 188 0 1
210 188 0 1
209 188 0 1
208 188 0 1
185 188 0 1
184 188 0 1
183 188 0 1
182 188 0 1
181 188 0 1
180 188 0 1
179 188 0 1
178 188 0 1
177 188 0 1
176 188 0 1
175 188 0 1
174 188 0 1
173 188 0 1
172 188 0 1
171 188 0 1
170 188 0 1
169 188 0 1
168 188 0 1
167 188 0 1
166 188 0 1
165 188 0 1
164 188 0 1
163 188 0 1
162 188 0 1
161 188 0 1
160 188 0 1
117 188 0 0
116 188 0 0
115 188 0 0
114 188 0 0
113 188 0 0
112 188 0 0
345 187 0 1
344 187 0 1
343 187 0 1
342 187 0 1
341 187 0 1
340 187 0 1
339 187 0 1
338 187 0 1
337 187 0 1
336 187 0 1
335 187 0 1
334 187 0 1
333 187 0 1
332 187 0 1
331 187 0 1
184 187 0 1
183 187 0 1
182 187 0 1
181 187 0 1
180 187 0 1
179 187 0 1
178 187 0 1
177 187 0 1
176 187 0 1
175 187 0 1
174 187 0 1
173 187 0 1
172 187 0 1
171 187 0 1
170 187 0 1
169 187 0 1
168 187 0 1
167 187 0 1
166 187 0 1
165 187 0 1
164 187 0 1
163 187 0 1
162 187 0 1
117 187 0 0
116 187 0 0
115 187 0 0
114 187 0 0
113 187 0 0
112 187 0 0
342 186 0 1
341 186 0 1
340 186 0 1
339 186 0 1
338 186 0 1
337 186 0 1
336 186 0 1
335 186 0 1
334 186 0 1
333 186 0 1
332 186 0 1
331 186 0 1
330 186 0 1
329 186 0 1
183 186 0 1
182 186 0 1
181 186 0 1
180 186 0 1
179 186 0 1
178 186 0 1
177 186 0 1
176 186 0 1
175 186 0 1
174 186 0 1
173 186 0 1
172 186 0 1
171 186 0 1
170 186 0 1
169 186 0 1
168 186 0 1
167 186 0 1
166 186 0 1
165 186 0 1
164 186 0 1
118 186 0 0
117 186 0 0
116 186 0 0
115 186 0 0
114 186 0 0
113 186 0 0
337 185 0 1
336 185 0 1
335 185 0 1
334 185 0 1
333 185 0 1
332 185 0 1
331 185 0 1
330 185 0 1
329 185 0 1
328 185 0 1
327 185 0 1
172 185 0 1
171 185 0 1
170 185 0 1
169 185 0 1
168 185 0 1
119 185 0 0
118 185 0 0
117 185 0 0
116 185 0 0
115 185 0 0
114 185 0 0
335 184 0 1
334 184 0 1
333 184 0 1
332 184 0 1
331 184 0 1
330 184 0 1
329 184 0 1
328 184 0 1
327 184 0 1
326 184 0 1
325 184 0 1
172 184 0 1
171 184 0 1
170 184 0 1
169 184 0 1
168 184 0 1
121 184 0 0
120 184 0 0
119 184 0 0
118 184 0 0
117 184 0 0
116 184 0 0
115 184 0 0
114 184 0 0
334 183 0 1
333 183 0 1
332 183 0 1
331 183 0 1
330 183 0 1
329 183 0 1
328 183 0 1
327 183 0 1
326 183 0 1
325 183 0 1
324 183 0 1
323 183 0 1
322 183 0 1
172 183 0 1
171 183 0 1
170 183 0 1
169 183 0 1
168 183 0 1
122 183 0 0
121 183 0 0
120 183 0 0
119 183 0 0
118 183 0 0
117 183 0 0
116 183 0 0
115 183 0 0
332 182 0 1
331 182 0 1
330 182 0 1
329 182 0 1
328 182 0 1
327 182 0 1
326 182 0 1
325 182 0 1
324 182 0 1
323 182 0 1
322 182 0 1
321 182 0 1
320 182 0 1
319 182 0 1
173 182 0 1
172 182 0 1
171 182 0 1
170 182 0 1
169 182 0 1
168 182 0 1
123 182 0 0
122 182 0 0
121 182 0 0
120 182 0 0
119 182 0 0
118 182 0 0
117 182 0 0
116 182 0 0
330 181 0 1
329 181 0 1
328 181 0 1
327 181 0 1
326 181 0 1
325 181 0 1
324 181 0 1
323 181 0 1
322 181 0 1
321 181 0 1
320 181 0 1
319 181 0 1
318 181 0 1
317 181 0 1
174 181 0 1
173 181 0 1
172 181 0 1
171 181 0 1
170 181 0 1
169 181 0 1
168 181 0 1
124 181 0 0
123 181 0 0
122 181 0 0
121 181 0 0
120 181 0 0
119 181 0 0
118 181 0 0
117 181 0 0
328 180 0 1
327 180 0 1
326 180 0 1
325 180 0 1
324 180 0 1
323 180 0 1
322 180 0 1
321 180 0 1
320 180 0 1
319 180 0 1
318 180 0 1
317 180 0 1
316 180 0 1
315 180 0 1
174 180 0 1
173 180 0 1
172 180 0 1
171 180 0 1
170 180 0 1
169 180 0 1
125 180 0 0
124 180 0 0
123 180 0 0
122 180 0 0
121 180 0 0
120 180 0 0
119 180 0 0
118 180 0 0
325 179 0 1
324 179 0 1
323 179 0 1
322 179 0 1
321 179 0 1
320 179 0 1
319 179 0 1
318 179 0 1
317 179 0 1
316 179 0 1
315 179 0 1
314 179 0 1
313 179 0 1
312 179 0 1
175 179 0 1
174 179 0 1
173 179 0 1
172 179 0 1
171 179 0 1
170 179 0 1
126 179 0 0
125 179 0 0
124 179 0 0
123 179 0 0
122 179 0 0
121 179 0 0
120 179 0 0
119 179 0 0
398 178 0 0
397 178 0 0
396 178 0 0
395 178 0 0
322 178 0 1
321 178 0 1
320 178 0 1
319 178 0 1
318 178 0 1
317 178 0 1
316 178 0 1
315 178 0 1
314 178 0 1
313 178 0 1
312 178 0 1
311 178 0 1
310 178 0 1
176 178 0 1
175 178 0 1
174 178 0 1
173 178 0 1
172 178 0 1
171 178 0 1
126 178 0 0
125 178 0 0
124 178 0 0
123 178 0 0
122 178 0 0
121 178 0 0
120 178 0 0
398 177 0 0
397 177 0 0
396 177 0 0
395 177 0 0
394 177 0 0
320 177 0 1
319 177 0 1
318 177 0 1
317 177 0 1
316 177 0 1
315 177 0 1
314 177 0 1
313 177 0 1
312 177 0 1
311 177 0 1
310 177 0 1
309 177 0 1
308 177 0 1
176 177 0 1
175 177 0 1
174 177 0 1
173 177 0 1
172 177 0 1
171 177 0 1
127 177 0 0
126 177 0 0
125 177 0 0
124 177 0 0
123 177 0 0
122 177 0 0
121 177 0 0
398 176 0 0
397 176 0 0
396 176 0 0
395 176 0 0
394 176 0 0
393 176 0 0
317 176 0 1
316 176 0 1
315 176 0 1
314 176 0 1
313 176 0 1
312 176 0 1
311 176 0 1
310 176 0 1
309 176 0 1
308 176 0 1
307 176 0 1
306 176 0 1
305 176 0 1
177 176 0 1
176 176 0 1
175 176 0 1
174 176 0 1
173 176 0 1
172 176 0 1
128 176 0 0
127 176 0 0
126 176 0 0
125 176 0 0
124 176 0 0
123 176 0 0
122 176 0 0
398 175 0 0
397 175 0 0
396 175 0 0
395 175 0 0
394 175 0 0
393 175 0 0
392 175 0 0
391 175 0 0
315 175 0 1
314 175 0 1
313 175 0 1
312 175 0 1
311 175 0 1
310 175 0 1
309 175 0 1
308 175 0 1
307 175 0 1
306 175 0 1
305 175 0 1
304 175 0 1
303 175 0 1
178 175 0 1
177 175 0 1
176 175 0 1
175 175 0 1
174 175 0 1
173 175 0 1
129 175 0 0
128 175 0 0
127 175 0 0
126 175 0 0
125 175 0 0
124 175 0 0
123 175 0 0
122 175 0 0
397 174 0 0
396 174 0 0
395 174 0 0
394 174 0 0
393 174 0 0
392 174 0 0
391 174 0 0
390 174 0 0
313 174 0 1
312 174 0 1
311 174 0 1
310 174 0 1
309 174 0 1
308 174 0 1
307 174 0 1
306 174 0 1
305 174 0 1
304 174 0 1
303 174 0 1
302 174 0 1
301 174 0 1
179 174 0 1
178 174 0 1
177 174 0 1
176 174 0 1
175 174 0 1
174 174 0 1
173 174 0 1
130 174 0 0
129 174 0 0
128 174 0 0
127 174 0 0
126 174 0 0
125 174 0 0
124 174 0 0
123 174 0 0
396 173 0 0
395 173 0 0
394 173 0 0
393 173 0 0
392 173 0 0
391 173 0 0
390 173 0 0
389 173 0 0
388 173 0 0
310 173 0 1
309 173 0 1
308 173 0 1
307 173 0 1
306 173 0 1
305 173 0 1
304 173 0 1
303 173 0 1
302 173 0 1
301 173 0 1
300 173 0 1
299 173 0 1
179 173 0 1
178 173 0 1
177 173 0 1
176 173 0 1
175 173 0 1
174 173 0 1
131 173 0 0
130 173 0 0
129 173 0 0
128 173 0 0
127 173 0 0
126 173 0 0
125 173 0 0
124 173 0 0
395 172 0 0
394 172 0 0
393 172 0 0
392 172 0 0
391 172 0 0
390 172 0 0
389 172 0 0
388 172 0 0
387 172 0 0
386 172 0 0
385 172 0 0
308 172 0 1
307 172 0 1
306 172 0 1
305 172 0 1
304 172 0 1
303 172 0 1
302 172 0 1
301 172 0 1
300 172 0 1
299 172 0 1
298 172 0 1
297 172 0 1
180 172 0 1
179 172 0 1
178 172 0 1
177 172 0 1
176 172 0 1
175 172 0 1
132 172 0 0
131 172 0 0
130 172 0 0
129 172 0 0
128 172 0 0
127 172 0 0
126 172 0 0
394 171 0 0
393 171 0 0
392 171 0 0
391 171 0 0
390 171 0 0
389 171 0 0
388 171 0 0
387 171 0 0
386 171 0 0
385 171 0 0
384 171 0 0
383 171 0 0
306 171 0 1
305 171 0 1
304 171 0 1
303 171 0 1
302 171 0 1
301 171 0 1
300 171 0 1
299 171 0 1
298 171 0 1
297 171 0 1
296 171 0 1
295 171 0 1
181 171 0 1
180 171 0 1
179 171 0 1
178 171 0 1
177 171 0 1
176 171 0 1
175 171 0 1
132 171 0 0
131 171 0 0
130 171 0 0
129 171 0 0
128 171 0 0
127 171 0 0
392 170 0 0
391 170 0 0
390 170 0 0
389 170 0 0
388 170 0 0
387 170 0 0
386 170 0 0
385 170 0 0
384 170 0 0
383 170 0 0
382 170 0 0
381 170 0 0
304 170 0 1
303 170 0 1
302 170 0 1
301 170 0 1
300 170 0 1
299 170 0 1
298 170 0 1
297 170 0 1
296 170 0 1
295 170 0 1
294 170 0 1
293 170 0 1
181 170 0 1
180 170 0 1
179 170 0 1
178 170 0 1
177 170 0 1
176 170 0 1
133 170 0 0
132 170 0 0
131 170 0 0
130 170 0 0
129 170 0 0
128 170 0 0
391 169 0 0
390 169 0 0
389 169 0 0
388 169 0 0
387 169 0 0
386 169 0 0
385 169 0 0
384 169 0 0
383 169 0 0
382 169 0 0
381 169 0 0
380 169 0 0
302 169 0 1
301 169 0 1
300 169 0 1
299 169 0 1
298 169 0 1
297 169 0 1
296 169 0 1
295 169 0 1
294 169 0 1
293 169 0 1
292 169 0 1
291 169 0 1
182 169 0 1
181 169 0 1
180 169 0 1
179 169 0 1
178 169 0 1
177 169 0 1
134 169 0 0
133 169 0 0
132 169 0 0
131 169 0 0
130 169 0 0
129 169 0 0
389 168 0 0
388 168 0 0
387 168 0 0
386 168 0 0
385 168 0 0
384 168 0 0
383 168 0 0
382 168 0 0
381 168 0 0
380 168 0 0
379 168 0 0
378 168 0 0
300 168 0 1
299 168 0 1
298 168 0 1
297 168 0 1
296 168 0 1
295 168 0 1
294 168 0 1
293 168 0 1
292 168 0 1
291 168 0 1
290 168 0 1
289 168 0 1
183 168 0 1
182 168 0 1
181 168 0 1
180 168 0 1
179 168 0 1
178 168 0 1
135 168 0 0
134 168 0 0
133 168 0 0
132 168 0 0
131 168 0 0
130 168 0 0
129 168 0 0
385 167 0 0
384 167 0 0
383 167 0 0
382 167 0 0
381 167 0 0
380 167 0 0
379 167 0 0
378 167 0 0
377 167 0 0
376 167 0 0
375 167 0 0
298 167 0 1
297 167 0 1
296 167 0 1
295 167 0 1
294 167 0 1
293 167 0 1
292 167 0 1
291 167 0 1
290 167 0 1
289 167 0 1
288 167 0 1
183 167 0 1
182 167 0 1
181 167 0 1
180 167 0 1
179 167 0 1
178 167 0 1
136 167 0 0
135 167 0 0
134 167 0 0
133 167 0 0
132 167 0 0
131 167 0 0
130 167 0 0
383 166 0 0
382 166 0 0
381 166 0 0
380 166 0 0
379 166 0 0
378 166 0 0
377 166 0 0
376 166 0 0
375 166 0 0
374 166 0 0
373 166 0 0
372 166 0 0
371 166 0 0
370 166 0 0
296 166 0 1
295 166 0 1
294 166 0 1
293 166 0 1
292 166 0 1
291 166 0 1
290 166 0 1
289 166 0 1
288 166 0 1
287 166 0 1
286 166 0 1
184 166 0 1
183 166 0 1
182 166 0 1
181 166 0 1
180 166 0 1
179 166 0 1
137 166 0 0
136 166 0 0
135 166 0 0
134 166 0 0
133 166 0 0
132 166 0 0
131 166 0 0
382 165 0 0
381 165 0 0
380 165 0 0
379 165 0 0
378 165 0 0
377 165 0 0
376 165 0 0
375 165 0 0
374 165 0 0
373 165 0 0
372 165 0 0
371 165 0 0
370 165 0 0
369 165 0 0
368 165 0 0
294 165 0 1
293 165 0 1
292 165 0 1
291 165 0 1
290 165 0 1
289 165 0 1
288 165 0 1
287 165 0 1
286 165 0 1
285 165 0 1
185 165 0 1
184 165 0 1
183 165 0 1
182 165 0 1
181 165 0 1
180 165 0 1
137 165 0 0
136 165 0 0
135 165 0 0
134 165 0 0
133 165 0 0
132 165 0 0
380 164 0 0
379 164 0 0
378 164 0 0
377 164 0 0
376 164 0 0
375 164 0 0
374 164 0 0
373 164 0 0
372 164 0 0
371 164 0 0
370 164 0 0
369 164 0 0
368 164 0 0
367 164 0 0
366 164 0 0
365 164 0 0
292 164 0 1
291 164 0 1
290 164 0 1
289 164 0 1
288 164 0 1
287 164 0 1
286 164 0 1
285 164 0 1
284 164 0 1
186 164 0 1
185 164 0 1
184 164 0 1
183 164 0 1
182 164 0 1
181 164 0 1
180 164 0 1
138 164 0 0
137 164 0 0
136 164 0 0
135 164 0 0
134 164 0 0
133 164 0 0
379 163 0 0
378 163 0 0
377 163 0 0
376 163 0 0
375 163 0 0
374 163 0 0
373 163 0 0
372 163 0 0
371 163 0 0
370 163 0 0
369 163 0 0
368 163 0 0
367 163 0 0
366 163 0 0
365 163 0 0
364 163 0 0
290 163 0 1
289 163 0 1
288 163 0 1
287 163 0 1
286 163 0 1
285 163 0 1
284 163 0 1
283 163 0 1
282 163 0 1
186 163 0 1
185 163 0 1
184 163 0 1
183 163 0 1
182 163 0 1
181 163 0 1
139 163 0 0
138 163 0 0
137 163 0 0
136 163 0 0
135 163 0 0
134 163 0 0
376 162 0 0
375 162 0 0
374 162 0 0
373 162 0 0
372 162 0 0
371 162 0 0
370 162 0 0
369 162 0 0
368 162 0 0
367 162 0 0
366 162 0 0
365 162 0 0
364 162 0 0
363 162 0 0
289 162 0 1
288 162 0 1
287 162 0 1
286 162 0 1
285 162 0 1
284 162 0 1
283 162 0 1
282 162 0 1
281 162 0 1
280 162 0 1
279 162 0 1
187 162 0 1
186 162 0 1
185 162 0 1
184 162 0 1
183 162 0 1
182 162 0 1
139 162 0 0
138 162 0 0
137 162 0 0
136 162 0 0
135 162 0 0
134 162 0 0
371 161 0 0
370 161 0 0
369 161 0 0
368 161 0 0
367 161 0 0
366 161 0 0
365 161 0 0
364 161 0 0
363 161 0 0
362 161 0 0
288 161 0 1
287 161 0 1
286 161 0 1
285 161 0 1
284 161 0 1
283 161 0 1
282 161 0 1
281 161 0 1
280 161 0 1
279 161 0 1
278 161 0 1
277 161 0 1
276 161 0 1
188 161 0 1
187 161 0 1
186 161 0 1
185 161 0 1
184 161 0 1
183 161 0 1
182 161 0 1
140 161 0 0
139 161 0 0
138 161 0 0
137 161 0 0
136 161 0 0
135 161 0 0
368 160 0 0
367 160 0 0
366 160 0 0
365 160 0 0
364 160 0 0
363 160 0 0
362 160 0 0
361 160 0 0
286 160 0 1
285 160 0 1
284 160 0 1
283 160 0 1
282 160 0 1
281 160 0 1
280 160 0 1
279 160 0 1
278 160 0 1
277 160 0 1
276 160 0 1
275 160 0 1
274 160 0 1
273 160 0 1
189 160 0 1
188 160 0 1
187 160 0 1
186 160 0 1
185 160 0 1
184 160 0 1
183 160 0 1
140 160 0 0
139 160 0 0
138 160 0 0
137 160 0 0
136 160 0 0
135 160 0 0
366 159 0 0
365 159 0 0
364 159 0 0
363 159 0 0
362 159 0 0
361 159 0 0
360 159 0 0
285 159 0 1
284 159 0 1
283 159 0 1
282 159 0 1
281 159 0 1
280 159 0 1
279 159 0 1
278 159 0 1
277 159 0 1
276 159 0 1
275 159 0 1
274 159 0 1
273 159 0 1
272 159 0 1
271 159 0 1
270 159 0 1
189 159 0 1
188 159 0 1
187 159 0 1
186 159 0 1
185 159 0 1
184 159 0 1
141 159 0 0
140 159 0 0
139 159 0 0
138 159 0 0
137 159 0 0
136 159 0 0
365 158 0 0
364 158 0 0
363 158 0 0
362 158 0 0
361 158 0 0
360 158 0 0
359 158 0 0
282 158 0 1
281 158 0 1
280 158 0 1
279 158 0 1
278 158 0 1
277 158 0 1
276 158 0 1
275 158 0 1
274 158 0 1
273 158 0 1
272 158 0 1
271 158 0 1
270 158 0 1
269 158 0 1
268 158 0 1
267 158 0 1
266 158 0 1
190 158 0 1
189 158 0 1
188 158 0 1
187 158 0 1
186 158 0 1
185 158 0 1
142 158 0 0
141 158 0 0
140 158 0 0
139 158 0 0
138 158 0 0
137 158 0 0
136 158 0 0
364 157 0 0
363 157 0 0
362 157 0 0
361 157 0 0
360 157 0 0
359 157 0 0
358 157 0 0
279 157 0 1
278 157 0 1
277 157 0 1
276 157 0 1
275 157 0 1
274 157 0 1
273 157 0 1
272 157 0 1
271 157 0 1
270 157 0 1
269 157 0 1
268 157 0 1
267 157 0 1
266 157 0 1
265 157 0 1
264 157 0 1
263 157 0 1
262 157 0 1
261 157 0 1
191 157 0 1
190 157 0 1
189 157 0 1
188 157 0 1
187 157 0 1
186 157 0 1
185 157 0 1
142 157 0 0
141 157 0 0
140 157 0 0
139 157 0 0
138 157 0 0
137 157 0 0
363 156 0 0
362 156 0 0
361 156 0 0
360 156 0 0
359 156 0 0
358 156 0 0
357 156 0 0
277 156 0 1
276 156 0 1
275 156 0 1
274 156 0 1
273 156 0 1
272 156 0 1
271 156 0 1
270 156 0 1
269 156 0 1
268 156 0 1
267 156 0 1
266 156 0 1
265 156 0 1
264 156 0 1
263 156 0 1
262 156 0 1
261 156 0 1
260 156 0 1
259 156 0 1
191 156 0 1
190 156 0 1
189 156 0 1
188 156 0 1
187 156 0 1
186 156 0 1
143 156 0 0
142 156 0 0
141 156 0 0
140 156 0 0
139 156 0 0
138 156 0 0
362 155 0 0
361 155 0 0
360 155 0 0
359 155 0 0
358 155 0 0
357 155 0 0
356 155 0 0
274 155 0 1
273 155 0 1
272 155 0 1
271 155 0 1
270 155 0 1
269 155 0 1
268 155 0 1
267 155 0 1
266 155 0 1
265 155 0 1
264 155 0 1
263 155 0 1
262 155 0 1
261 155 0 1
260 155 0 1
259 155 0 1
258 155 0 1
257 155 0 1
256 155 0 1
192 155 0 1
191 155 0 1
190 155 0 1
189 155 0 1
188 155 0 1
187 155 0 1
144 155 0 0
143 155 0 0
142 155 0 0
141 155 0 0
140 155 0 0
139 155 0 0
138 155 0 0
361 154 0 0
360 154 0 0
359 154 0 0
358 154 0 0
357 154 0 0
356 154 0 0
355 154 0 0
354 154 0 0
271 154 0 1
270 154 0 1
269 154 0 1
268 154 0 1
267 154 0 1
266 154 0 1
265 154 0 1
264 154 0 1
263 154 0 1
262 154 0 1
261 154 0 1
260 154 0 1
259 154 0 1
258 154 0 1
257 154 0 1
256 154 0 1
255 154 0 1
254 154 0 1
253 154 0 1
192 154 0 1
191 154 0 1
190 154 0 1
189 154 0 1
188 154 0 1
187 154 0 1
144 154 0 0
143 154 0 0
142 154 0 0
141 154 0 0
140 154 0 0
139 154 0 0
360 153 0 0
359 153 0 0
358 153 0 0
357 153 0 0
356 153 0 0
355 153 0 0
354 153 0 0
353 153 0 0
352 153 0 0
351 153 0 0
350 153 0 0
349 153 0 0
348 153 0 0
347 153 0 0
346 153 0 0
345 153 0 0
344 153 0 0
343 153 0 0
266 153 0 1
265 153 0 1
264 153 0 1
263 153 0 1
262 153 0 1
261 153 0 1
260 153 0 1
259 153 0 1
258 153 0 1
257 153 0 1
256 153 0 1
255 153 0 1
254 153 0 1
253 153 0 1
252 153 0 1
251 153 0 1
250 153 0 1
193 153 0 1
192 153 0 1
191 153 0 1
190 153 0 1
189 153 0 1
188 153 0 1
144 153 0 0
143 153 0 0
142 153 0 0
141 153 0 0
140 153 0 0
359 152 0 0
358 152 0 0
357 152 0 0
356 152 0 0
355 152 0 0
354 152 0 0
353 152 0 0
352 152 0 0
351 152 0 0
350 152 0 0
349 152 0 0
348 152 0 0
347 152 0 0
346 152 0 0
345 152 0 0
344 152 0 0
343 152 0 0
342 152 0 0
262 152 0 1
261 152 0 1
260 152 0 1
259 152 0 1
258 152 0 1
257 152 0 1
256 152 0 1
255 152 0 1
254 152 0 1
253 152 0 1
252 152 0 1
251 152 0 1
250 152 0 1
249 152 0 1
248 152 0 1
247 152 0 1
246 152 0 1
193 152 0 1
192 152 0 1
191 152 0 1
190 152 0 1
189 152 0 1
188 152 0 1
145 152 0 0
144 152 0 0
143 152 0 0
142 152 0 0
141 152 0 0
140 152 0 0
358 151 0 0
357 151 0 0
356 151 0 0
355 151 0 0
354 151 0 0
353 151 0 0
352 151 0 0
351 151 0 0
350 151 0 0
349 151 0 0
348 151 0 0
347 151 0 0
346 151 0 0
345 151 0 0
344 151 0 0
343 151 0 0
342 151 0 0
259 151 0 1
258 151 0 1
257 151 0 1
256 151 0 1
255 151 0 1
254 151 0 1
253 151 0 1
252 151 0 1
251 151 0 1
250 151 0 1
249 151 0 1
248 151 0 1
247 151 0 1
246 151 0 1
245 151 0 1
244 151 0 1
243 151 0 1
242 151 0 1
193 151 0 1
192 151 0 1
191 151 0 1
190 151 0 1
189 151 0 1
146 151 0 0
145 151 0 0
144 151 0 0
143 151 0 0
142 151 0 0
141 151 0 0
140 151 0 0
356 150 0 0
355 150 0 0
354 150 0 0
353 150 0 0
352 150 0 0
351 150 0 0
350 150 0 0
349 150 0 0
348 150 0 0
347 150 0 0
346 150 0 0
345 150 0 0
344 150 0 0
343 150 0 0
342 150 0 0
341 150 0 0
256 150 0 1
255 150 0 1
254 150 0 1
253 150 0 1
252 150 0 1
251 150 0 1
250 150 0 1
249 150 0 1
248 150 0 1
247 150 0 1
246 150 0 1
245 150 0 1
244 150 0 1
243 150 0 1
242 150 0 1
241 150 0 1
240 150 0 1
239 150 0 1
238 150 0 1
237 150 0 1
236 150 0 1
235 150 0 1
234 150 0 1
194 150 0 1
193 150 0 1
192 150 0 1
191 150 0 1
190 150 0 1
189 150 0 1
148 150 0 0
147 150 0 0
146 150 0 0
145 150 0 0
144 150 0 0
143 150 0 0
142 150 0 0
141 150 0 0
346 149 0 0
345 149 0 0
344 149 0 0
343 149 0 0
342 149 0 0
341 149 0 0
254 149 0 1
253 149 0 1
252 149 0 1
251 149 0 1
250 149 0 1
249 149 0 1
248 149 0 1
247 149 0 1
246 149 0 1
245 149 0 1
244 149 0 1
243 149 0 1
242 149 0 1
241 149 0 1
240 149 0 1
239 149 0 1
238 149 0 1
237 149 0 1
236 149 0 1
235 149 0 1
234 149 0 1
233 149 0 1
232 149 0 1
231 149 0 1
230 149 0 1
194 149 0 1
193 149 0 1
192 149 0 1
191 149 0 1
190 149 0 1
149 149 0 0
148 149 0 0
147 149 0 0
146 149 0 0
145 149 0 0
144 149 0 0
143 149 0 0
142 149 0 0
345 148 0 0
344 148 0 0
343 148 0 0
342 148 0 0
341 148 0 0
340 148 0 0
250 148 0 1
249 148 0 1
248 148 0 1
247 148 0 1
246 148 0 1
245 148 0 1
244 148 0 1
243 148 0 1
242 148 0 1
241 148 0 1
240 148 0 1
239 148 0 1
238 148 0 1
237 148 0 1
236 148 0 1
235 148 0 1
234 148 0 1
233 148 0 1
232 148 0 1
231 148 0 1
230 148 0 1
229 148 0 1
228 148 0 1
227 148 0 1
195 148 0 1
194 148 0 1
193 148 0 1
192 148 0 1
191 148 0 1
190 148 0 1
150 148 0 0
149 148 0 0
148 148 0 0
147 148 0 0
146 148 0 0
145 148 0 0
144 148 0 0
143 148 0 0
345 147 0 0
344 147 0 0
343 147 0 0
342 147 0 0
341 147 0 0
340 147 0 0
246 147 0 1
245 147 0 1
244 147 0 1
243 147 0 1
242 147 0 1
241 147 0 1
240 147 0 1
239 147 0 1
238 147 0 1
237 147 0 1
236 147 0 1
235 147 0 1
234 147 0 1
233 147 0 1
232 147 0 1
231 147 0 1
230 147 0 1
229 147 0 1
228 147 0 1
227 147 0 1
226 147 0 1
225 147 0 1
224 147 0 1
223 147 0 1
196 147 0 1
195 147 0 1
194 147 0 1
193 147 0 1
192 147 0 1
191 147 0 1
190 147 0 1
151 147 0 0
150 147 0 0
149 147 0 0
148 147 0 0
147 147 0 0
146 147 0 0
145 147 0 0
144 147 0 0
344 146 0 0
343 146 0 0
342 146 0 0
341 146 0 0
340 146 0 0
339 146 0 0
242 146 0 1
241 146 0 1
240 146 0 1
239 146 0 1
238 146 0 1
237 146 0 1
236 146 0 1
235 146 0 1
234 146 0 1
233 146 0 1
232 146 0 1
231 146 0 1
230 146 0 1
229 146 0 1
228 146 0 1
227 146 0 1
226 146 0 1
225 146 0 1
224 146 0 1
223 146 0 1
222 146 0 1
197 146 0 1
196 146 0 1
195 146 0 1
194 146 0 1
193 146 0 1
192 146 0 1
191 146 0 1
151 146 0 0
150 146 0 0
149 146 0 0
148 146 0 0
147 146 0 0
146 146 0 0
145 146 0 0
344 145 0 0
343 145 0 0
342 145 0 0
341 145 0 0
340 145 0 0
339 145 0 0
234 145 0 1
233 145 0 1
232 145 0 1
231 145 0 1
230 145 0 1
229 145 0 1
228 145 0 1
227 145 0 1
226 145 0 1
225 145 0 1
224 145 0 1
223 145 0 1
222 145 0 1
198 145 0 1
197 145 0 1
196 145 0 1
195 145 0 1
194 145 0 1
193 145 0 1
192 145 0 1
152 145 0 0
151 145 0 0
150 145 0 0
149 145 0 0
148 145 0 0
147 145 0 0
343 144 0 0
342 144 0 0
341 144 0 0
340 144 0 0
339 144 0 0
338 144 0 0
231 144 0 1
230 144 0 1
229 144 0 1
228 144 0 1
227 144 0 1
226 144 0 1
225 144 0 1
224 144 0 1
223 144 0 1
222 144 0 1
199 144 0 1
198 144 0 1
197 144 0 1
196 144 0 1
195 144 0 1
194 144 0 1
193 144 0 1
152 144 0 0
151 144 0 0
150 144 0 0
149 144 0 0
148 144 0 0
147 144 0 0
343 143 0 0
342 143 0 0
341 143 0 0
340 143 0 0
339 143 0 0
338 143 0 0
226 143 0 1
225 143 0 1
224 143 0 1
223 143 0 1
222 143 0 1
200 143 0 1
199 143 0 1
198 143 0 1
197 143 0 1
196 143 0 1
195 143 0 1
194 143 0 1
153 143 0 0
152 143 0 0
151 143 0 0
150 143 0 0
149 143 0 0
148 143 0 0
342 142 0 0
341 142 0 0
340 142 0 0
339 142 0 0
338 142 0 0
337 142 0 0
225 142 0 1
224 142 0 1
223 142 0 1
222 142 0 1
201 142 0 1
200 142 0 1
199 142 0 1
198 142 0 1
197 142 0 1
196 142 0 1
195 142 0 1
153 142 0 0
152 142 0 0
151 142 0 0
150 142 0 0
149 142 0 0
148 142 0 0
342 141 0 0
341 141 0 0
340 141 0 0
339 141 0 0
338 141 0 0
337 141 0 0
336 141 0 0
202 141 0 1
201 141 0 1
200 141 0 1
199 141 0 1
198 141 0 1
197 141 0 1
196 141 0 1
154 141 0 0
153 141 0 0
152 141 0 0
151 141 0 0
150 141 0 0
149 141 0 0
341 140 0 0
340 140 0 0
339 140 0 0
338 140 0 0
337 140 0 0
336 140 0 0
203 140 0 1
202 140 0 1
201 140 0 1
200 140 0 1
199 140 0 1
198 140 0 1
197 140 0 1
154 140 0 0
153 140 0 0
152 140 0 0
151 140 0 0
150 140 0 0
340 139 0 0
339 139 0 0
338 139 0 0
337 139 0 0
336 139 0 0
335 139 0 0
204 139 0 1
203 139 0 1
202 139 0 1
201 139 0 1
200 139 0 1
199 139 0 1
198 139 0 1
155 139 0 0
154 139 0 0
153 139 0 0
152 139 0 0
151 139 0 0
150 139 0 0
339 138 0 0
338 138 0 0
337 138 0 0
336 138 0 0
335 138 0 0
334 138 0 0
205 138 0 1
204 138 0 1
203 138 0 1
202 138 0 1
201 138 0 1
200 138 0 1
199 138 0 1
156 138 0 0
155 138 0 0
154 138 0 0
153 138 0 0
152 138 0 0
151 138 0 0
339 137 0 0
338 137 0 0
337 137 0 0
336 137 0 0
335 137 0 0
334 137 0 0
206 137 0 1
205 137 0 1
204 137 0 1
203 137 0 1
202 137 0 1
201 137 0 1
200 137 0 1
156 137 0 0
155 137 0 0
154 137 0 0
153 137 0 0
152 137 0 0
151 137 0 0
338 136 0 0
337 136 0 0
336 136 0 0
335 136 0 0
334 136 0 0
333 136 0 0
207 136 0 1
206 136 0 1
205 136 0 1
204 136 0 1
203 136 0 1
202 136 0 1
201 136 0 1
157 136 0 0
156 136 0 0
155 136 0 0
154 136 0 0
153 136 0 0
152 136 0 0
337 135 0 0
336 135 0 0
335 135 0 0
334 135 0 0
333 135 0 0
332 135 0 0
331 135 0 0
208 135 0 1
207 135 0 1
206 135 0 1
205 135 0 1
204 135 0 1
203 135 0 1
202 135 0 1
159 135 0 0
158 135 0 0
157 135 0 0
156 135 0 0
155 135 0 0
154 135 0 0
153 135 0 0
152 135 0 0
337 134 0 0
336 134 0 0
335 134 0 0
334 134 0 0
333 134 0 0
332 134 0 0
331 134 0 0
330 134 0 0
209 134 0 1
208 134 0 1
207 134 0 1
206 134 0 1
205 134 0 1
204 134 0 1
203 134 0 1
160 134 0 0
159 134 0 0
158 134 0 0
157 134 0 0
156 134 0 0
155 134 0 0
154 134 0 0
153 134 0 0
337 133 0 0
336 133 0 0
335 133 0 0
334 133 0 0
333 133 0 0
332 133 0 0
331 133 0 0
330 133 0 0
329 133 0 0
209 133 0 1
208 133 0 1
207 133 0 1
206 133 0 1
205 133 0 1
204 133 0 1
161 133 0 0
160 133 0 0
159 133 0 0
158 133 0 0
157 133 0 0
156 133 0 0
155 133 0 0
154 133 0 0
336 132 0 0
335 132 0 0
334 132 0 0
333 132 0 0
332 132 0 0
331 132 0 0
330 132 0 0
329 132 0 0
328 132 0 0
327 132 0 0
210 132 0 1
209 132 0 1
208 132 0 1
207 132 0 1
206 132 0 1
205 132 0 1
162 132 0 0
161 132 0 0
160 132 0 0
159 132 0 0
158 132 0 0
157 132 0 0
156 132 0 0
155 132 0 0
334 131 0 0
333 131 0 0
332 131 0 0
331 131 0 0
330 131 0 0
329 131 0 0
328 131 0 0
327 131 0 0
326 131 0 0
325 131 0 0
324 131 0 0
211 131 0 1
210 131 0 1
209 131 0 1
208 131 0 1
207 131 0 1
206 131 0 1
205 131 0 1
163 131 0 0
162 131 0 0
161 131 0 0
160 131 0 0
159 131 0 0
158 131 0 0
157 131 0 0
156 131 0 0
332 130 0 0
331 130 0 0
330 130 0 0
329 130 0 0
328 130 0 0
327 130 0 0
326 130 0 0
325 130 0 0
324 130 0 0
323 130 0 0
322 130 0 0
212 130 0 1
211 130 0 1
210 130 0 1
209 130 0 1
208 130 0 1
207 130 0 1
206 130 0 1
164 130 0 0
163 130 0 0
162 130 0 0
161 130 0 0
160 130 0 0
159 130 0 0
158 130 0 0
331 129 0 0
330 129 0 0
329 129 0 0
328 129 0 0
327 129 0 0
326 129 0 0
325 129 0 0
324 129 0 0
323 129 0 0
322 129 0 0
321 129 0 0
320 129 0 0
213 129 0 1
212 129 0 1
211 129 0 1
210 129 0 1
209 129 0 1
208 129 0 1
207 129 0 1
206 129 0 1
165 129 0 0
164 129 0 0
163 129 0 0
162 129 0 0
161 129 0 0
160 129 0 0
159 129 0 0
330 128 0 0
329 128 0 0
328 128 0 0
327 128 0 0
326 128 0 0
325 128 0 0
324 128 0 0
323 128 0 0
322 128 0 0
321 128 0 0
320 128 0 0
319 128 0 0
214 128 0 1
213 128 0 1
212 128 0 1
211 128 0 1
210 128 0 1
209 128 0 1
208 128 0 1
207 128 0 1
166 128 0 0
165 128 0 0
164 128 0 0
163 128 0 0
162 128 0 0
161 128 0 0
160 128 0 0
328 127 0 0
327 127 0 0
326 127 0 0
325 127 0 0
324 127 0 0
323 127 0 0
322 127 0 0
321 127 0 0
320 127 0 0
319 127 0 0
318 127 0 0
317 127 0 0
215 127 0 1
214 127 0 1
213 127 0 1
212 127 0 1
211 127 0 1
210 127 0 1
209 127 0 1
208 127 0 1
166 127 0 0
165 127 0 0
164 127 0 0
163 127 0 0
162 127 0 0
161 127 0 0
325 126 0 0
324 126 0 0
323 126 0 0
322 126 0 0
321 126 0 0
320 126 0 0
319 126 0 0
318 126 0 0
317 126 0 0
316 126 0 0
315 126 0 0
216 126 0 1
215 126 0 1
214 126 0 1
213 126 0 1
212 126 0 1
211 126 0 1
210 126 0 1
209 126 0 1
167 126 0 0
166 126 0 0
165 126 0 0
164 126 0 0
163 126 0 0
162 126 0 0
323 125 0 0
322 125 0 0
321 125 0 0
320 125 0 0
319 125 0 0
318 125 0 0
317 125 0 0
316 125 0 0
315 125 0 0
314 125 0 0
313 125 0 0
216 125 0 1
215 125 0 1
214 125 0 1
213 125 0 1
212 125 0 1
211 125 0 1
210 125 0 1
167 125 0 0
166 125 0 0
165 125 0 0
164 125 0 0
163 125 0 0
162 125 0 0
321 124 0 0
320 124 0 0
319 124 0 0
318 124 0 0
317 124 0 0
316 124 0 0
315 124 0 0
314 124 0 0
313 124 0 0
312 124 0 0
218 124 0 1
217 124 0 1
216 124 0 1
215 124 0 1
214 124 0 1
213 124 0 1
212 124 0 1
211 124 0 1
168 124 0 0
167 124 0 0
166 124 0 0
165 124 0 0
164 124 0 0
163 124 0 0
319 123 0 0
318 123 0 0
317 123 0 0
316 123 0 0
315 123 0 0
314 123 0 0
313 123 0 0
312 123 0 0
311 123 0 0
219 123 0 1
218 123 0 1
217 123 0 1
216 123 0 1
215 123 0 1
214 123 0 1
213 123 0 1
212 123 0 1
168 123 0 0
167 123 0 0
166 123 0 0
165 123 0 0
164 123 0 0
163 123 0 0
318 122 0 0
317 122 0 0
316 122 0 0
315 122 0 0
314 122 0 0
313 122 0 0
312 122 0 0
311 122 0 0
220 122 0 1
219 122 0 1
218 122 0 1
217 122 0 1
216 122 0 1
215 122 0 1
214 122 0 1
213 122 0 1
169 122 0 0
168 122 0 0
167 122 0 0
166 122 0 0
165 122 0 0
164 122 0 0
316 121 0 0
315 121 0 0
314 121 0 0
313 121 0 0
312 121 0 0
311 121 0 0
310 121 0 0
283 121 0 1
282 121 0 1
281 121 0 1
280 121 0 1
279 121 0 1
220 121 0 1
219 121 0 1
218 121 0 1
217 121 0 1
216 121 0 1
215 121 0 1
214 121 0 1
169 121 0 0
168 121 0 0
167 121 0 0
166 121 0 0
165 121 0 0
164 121 0 0
314 120 0 0
313 120 0 0
312 120 0 0
311 120 0 0
310 120 0 0
309 120 0 0
283 120 0 1
282 120 0 1
281 120 0 1
280 120 0 1
279 120 0 1
278 120 0 1
221 120 0 1
220 120 0 1
219 120 0 1
218 120 0 1
217 120 0 1
216 120 0 1
170 120 0 0
169 120 0 0
168 120 0 0
167 120 0 0
166 120 0 0
165 120 0 0
314 119 0 0
313 119 0 0
312 119 0 0
311 119 0 0
310 119 0 0
309 119 0 0
283 119 0 1
282 119 0 1
281 119 0 1
280 119 0 1
279 119 0 1
278 119 0 1
277 119 0 1
276 119 0 1
222 119 0 1
221 119 0 1
220 119 0 1
219 119 0 1
218 119 0 1
217 119 0 1
171 119 0 0
170 119 0 0
169 119 0 0
168 119 0 0
167 119 0 0
166 119 0 0
313 118 0 0
312 118 0 0
311 118 0 0
310 118 0 0
309 118 0 0
308 118 0 0
283 118 0 1
282 118 0 1
281 118 0 1
280 118 0 1
279 118 0 1
278 118 0 1
277 118 0 1
276 118 0 1
275 118 0 1
223 118 0 1
222 118 0 1
221 118 0 1
220 118 0 1
219 118 0 1
218 118 0 1
217 118 0 1
171 118 0 0
170 118 0 0
169 118 0 0
168 118 0 0
167 118 0 0
166 118 0 0
312 117 0 0
311 117 0 0
310 117 0 0
309 117 0 0
308 117 0 0
307 117 0 0
281 117 0 1
280 117 0 1
279 117 0 1
278 117 0 1
277 117 0 1
276 117 0 1
275 117 0 1
274 117 0 1
273 117 0 1
224 117 0 1
223 117 0 1
222 117 0 1
221 117 0 1
220 117 0 1
219 117 0 1
218 117 0 1
172 117 0 0
171 117 0 0
170 117 0 0
169 117 0 0
168 117 0 0
167 117 0 0
312 116 0 0
311 116 0 0
310 116 0 0
309 116 0 0
308 116 0 0
307 116 0 0
306 116 0 0
280 116 0 1
279 116 0 1
278 116 0 1
277 116 0 1
276 116 0 1
275 116 0 1
274 116 0 1
273 116 0 1
272 116 0 1
225 116 0 1
224 116 0 1
223 116 0 1
222 116 0 1
221 116 0 1
220 116 0 1
219 116 0 1
173 116 0 0
172 116 0 0
171 116 0 0
170 116 0 0
169 116 0 0
168 116 0 0
311 115 0 0
310 115 0 0
309 115 0 0
308 115 0 0
307 115 0 0
306 115 0 0
305 115 0 0
279 115 0 1
278 115 0 1
277 115 0 1
276 115 0 1
275 115 0 1
274 115 0 1
273 115 0 1
272 115 0 1
271 115 0 1
225 115 0 1
224 115 0 1
223 115 0 1
222 115 0 1
221 115 0 1
220 115 0 1
174 115 0 0
173 115 0 0
172 115 0 0
171 115 0 0
170 115 0 0
169 115 0 0
168 115 0 0
310 114 0 0
309 114 0 0
308 114 0 0
307 114 0 0
306 114 0 0
305 114 0 0
304 114 0 0
277 114 0 1
276 114 0 1
275 114 0 1
274 114 0 1
273 114 0 1
272 114 0 1
271 114 0 1
226 114 0 1
225 114 0 1
224 114 0 1
223 114 0 1
222 114 0 1
221 114 0 1
175 114 0 0
174 114 0 0
173 114 0 0
172 114 0 0
171 114 0 0
170 114 0 0
169 114 0 0
309 113 0 0
308 113 0 0
307 113 0 0
306 113 0 0
305 113 0 0
304 113 0 0
303 113 0 0
276 113 0 1
275 113 0 1
274 113 0 1
273 113 0 1
272 113 0 1
271 113 0 1
270 113 0 1
228 113 0 1
227 113 0 1
226 113 0 1
225 113 0 1
224 113 0 1
223 113 0 1
222 113 0 1
176 113 0 0
175 113 0 0
174 113 0 0
173 113 0 0
172 113 0 0
171 113 0 0
170 113 0 0
308 112 0 0
307 112 0 0
306 112 0 0
305 112 0 0
304 112 0 0
303 112 0 0
302 112 0 0
275 112 0 1
274 112 0 1
273 112 0 1
272 112 0 1
271 112 0 1
270 112 0 1
229 112 0 1
228 112 0 1
227 112 0 1
226 112 0 1
225 112 0 1
224 112 0 1
223 112 0 1
222 112 0 1
177 112 0 0
176 112 0 0
175 112 0 0
174 112 0 0
173 112 0 0
172 112 0 0
171 112 0 0
307 111 0 0
306 111 0 0
305 111 0 0
304 111 0 0
303 111 0 0
302 111 0 0
301 111 0 0
274 111 0 1
273 111 0 1
272 111 0 1
271 111 0 1
270 111 0 1
269 111 0 1
268 111 0 1
267 111 0 1
230 111 0 1
229 111 0 1
228 111 0 1
227 111 0 1
226 111 0 1
225 111 0 1
224 111 0 1
223 111 0 1
178 111 0 0
177 111 0 0
176 111 0 0
175 111 0 0
174 111 0 0
173 111 0 0
172 111 0 0
306 110 0 0
305 110 0 0
304 110 0 0
303 110 0 0
302 110 0 0
301 110 0 0
300 110 0 0
273 110 0 1
272 110 0 1
271 110 0 1
270 110 0 1
269 110 0 1
268 110 0 1
267 110 0 1
266 110 0 1
233 110 0 1
232 110 0 1
231 110 0 1
230 110 0 1
229 110 0 1
228 110 0 1
227 110 0 1
226 110 0 1
225 110 0 1
224 110 0 1
179 110 0 0
178 110 0 0
177 110 0 0
176 110 0 0
175 110 0 0
174 110 0 0
173 110 0 0
305 109 0 0
304 109 0 0
303 109 0 0
302 109 0 0
301 109 0 0
300 109 0 0
273 109 0 1
272 109 0 1
271 109 0 1
270 109 0 1
269 109 0 1
268 109 0 1
267 109 0 1
266 109 0 1
265 109 0 1
236 109 0 1
235 109 0 1
234 109 0 1
233 109 0 1
232 109 0 1
231 109 0 1
230 109 0 1
229 109 0 1
228 109 0 1
227 109 0 1
226 109 0 1
179 109 0 0
178 109 0 0
177 109 0 0
176 109 0 0
175 109 0 0
174 109 0 0
304 108 0 0
303 108 0 0
302 108 0 0
301 108 0 0
300 108 0 0
299 108 0 0
272 108 0 1
271 108 0 1
270 108 0 1
269 108 0 1
268 108 0 1
267 108 0 1
266 108 0 1
265 108 0 1
264 108 0 1
237 108 0 1
236 108 0 1
235 108 0 1
234 108 0 1
233 108 0 1
232 108 0 1
231 108 0 1
230 108 0 1
229 108 0 1
228 108 0 1
227 108 0 1
180 108 0 0
179 108 0 0
178 108 0 0
177 108 0 0
176 108 0 0
175 108 0 0
174 108 0 0
304 107 0 0
303 107 0 0
302 107 0 0
301 107 0 0
300 107 0 0
299 107 0 0
298 107 0 0
271 107 0 1
270 107 0 1
269 107 0 1
268 107 0 1
267 107 0 1
266 107 0 1
265 107 0 1
264 107 0 1
263 107 0 1
238 107 0 1
237 107 0 1
236 107 0 1
235 107 0 1
234 107 0 1
233 107 0 1
232 107 0 1
231 107 0 1
230 107 0 1
229 107 0 1
228 107 0 1
181 107 0 0
180 107 0 0
179 107 0 0
178 107 0 0
177 107 0 0
176 107 0 0
175 107 0 0
303 106 0 0
302 106 0 0
301 106 0 0
300 106 0 0
299 106 0 0
298 106 0 0
268 106 0 1
267 106 0 1
266 106 0 1
265 106 0 1
264 106 0 1
263 106 0 1
240 106 0 1
239 106 0 1
238 106 0 1
237 106 0 1
236 106 0 1
235 106 0 1
234 106 0 1
233 106 0 1
232 106 0 1
231 106 0 1
230 106 0 1
229 106 0 1
182 106 0 0
181 106 0 0
180 106 0 0
179 106 0 0
178 106 0 0
177 106 0 0
176 106 0 0
302 105 0 0
301 105 0 0
300 105 0 0
299 105 0 0
298 105 0 0
297 105 0 0
267 105 0 1
266 105 0 1
265 105 0 1
264 105 0 1
263 105 0 1
242 105 0 1
241 105 0 1
240 105 0 1
239 105 0 1
238 105 0 1
237 105 0 1
236 105 0 1
235 105 0 1
234 105 0 1
233 105 0 1
232 105 0 1
183 105 0 0
182 105 0 0
181 105 0 0
180 105 0 0
179 105 0 0
178 105 0 0
177 105 0 0
302 104 0 0
301 104 0 0
300 104 0 0
299 104 0 0
298 104 0 0
297 104 0 0
296 104 0 0
266 104 0 1
265 104 0 1
264 104 0 1
263 104 0 1
244 104 0 1
243 104 0 1
242 104 0 1
241 104 0 1
240 104 0 1
239 104 0 1
238 104 0 1
237 104 0 1
236 104 0 1
235 104 0 1
184 104 0 0
183 104 0 0
182 104 0 0
181 104 0 0
180 104 0 0
179 104 0 0
178 104 0 0
301 103 0 0
300 103 0 0
299 103 0 0
298 103 0 0
297 103 0 0
296 103 0 0
295 103 0 0
266 103 0 1
265 103 0 1
264 103 0 1
263 103 0 1
262 103 0 1
261 103 0 1
260 103 0 1
247 103 0 1
246 103 0 1
245 103 0 1
244 103 0 1
243 103 0 1
242 103 0 1
241 103 0 1
240 103 0 1
239 103 0 1
238 103 0 1
237 103 0 1
236 103 0 1
185 103 0 0
184 103 0 0
183 103 0 0
182 103 0 0
181 103 0 0
180 103 0 0
179 103 0 0
300 102 0 0
299 102 0 0
298 102 0 0
297 102 0 0
296 102 0 0
295 102 0 0
294 102 0 0
266 102 0 1
265 102 0 1
264 102 0 1
263 102 0 1
262 102 0 1
261 102 0 1
260 102 0 1
259 102 0 1
258 102 0 1
253 102 0 1
252 102 0 1
251 102 0 1
250 102 0 1
249 102 0 1
248 102 0 1
247 102 0 1
246 102 0 1
245 102 0 1
244 102 0 1
243 102 0 1
242 102 0 1
241 102 0 1
240 102 0 1
239 102 0 1
238 102 0 1
237 102 0 1
186 102 0 0
185 102 0 0
184 102 0 0
183 102 0 0
182 102 0 0
181 102 0 0
180 102 0 0
299 101 0 0
298 101 0 0
297 101 0 0
296 101 0 0
295 101 0 0
294 101 0 0
293 101 0 0
266 101 0 1
265 101 0 1
264 101 0 1
263 101 0 1
262 101 0 1
261 101 0 1
260 101 0 1
259 101 0 1
258 101 0 1
257 101 0 1
256 101 0 1
255 101 0 1
254 101 0 1
253 101 0 1
252 101 0 1
251 101 0 1
250 101 0 1
249 101 0 1
248 101 0 1
247 101 0 1
246 101 0 1
245 101 0 1
244 101 0 1
243 101 0 1
242 101 0 1
241 101 0 1
240 101 0 1
239 101 0 1
186 101 0 0
185 101 0 0
184 101 0 0
183 101 0 0
182 101 0 0
181 101 0 0
298 100 0 0
297 100 0 0
296 100 0 0
295 100 0 0
294 100 0 0
293 100 0 0
266 100 0 1
265 100 0 1
264 100 0 1
263 100 0 1
262 100 0 1
261 100 0 1
260 100 0 1
259 100 0 1
258 100 0 1
257 100 0 1
256 100 0 1
255 100 0 1
254 100 0 1
253 100 0 1
252 100 0 1
251 100 0 1
250 100 0 1
249 100 0 1
248 100 0 1
247 100 0 1
246 100 0 1
245 100 0 1
244 100 0 1
243 100 0 1
242 100 0 1
187 100 0 0
186 100 0 0
185 100 0 0
184 100 0 0
183 100 0 0
182 100 0 0
298 99 0 0
297 99 0 0
296 99 0 0
295 99 0 0
294 99 0 0
293 99 0 0
292 99 0 0
263 99 0 1
262 99 0 1
261 99 0 1
260 99 0 1
259 99 0 1
258 99 0 1
257 99 0 1
256 99 0 1
255 99 0 1
254 99 0 1
253 99 0 1
252 99 0 1
251 99 0 1
250 99 0 1
249 99 0 1
248 99 0 1
247 99 0 1
246 99 0 1
245 99 0 1
188 99 0 0
187 99 0 0
186 99 0 0
185 99 0 0
184 99 0 0
183 99 0 0
297 98 0 0
296 98 0 0
295 98 0 0
294 98 0 0
293 98 0 0
292 98 0 0
291 98 0 0
261 98 0 1
260 98 0 1
259 98 0 1
258 98 0 1
257 98 0 1
256 98 0 1
255 98 0 1
254 98 0 1
253 98 0 1
252 98 0 1
251 98 0 1
250 98 0 1
249 98 0 1
248 98 0 1
188 98 0 0
187 98 0 0
186 98 0 0
185 98 0 0
184 98 0 0
183 98 0 0
296 97 0 0
295 97 0 0
294 97 0 0
293 97 0 0
292 97 0 0
291 97 0 0
290 97 0 0
258 97 0 1
257 97 0 1
256 97 0 1
255 97 0 1
254 97 0 1
253 97 0 1
252 97 0 1
189 97 0 0
188 97 0 0
187 97 0 0
186 97 0 0
185 97 0 0
184 97 0 0
295 96 0 0
294 96 0 0
293 96 0 0
292 96 0 0
291 96 0 0
290 96 0 0
289 96 0 0
190 96 0 0
189 96 0 0
188 96 0 0
187 96 0 0
186 96 0 0
185 96 0 0
294 95 0 0
293 95 0 0
292 95 0 0
291 95 0 0
290 95 0 0
289 95 0 0
288 95 0 0
191 95 0 0
190 95 0 0
189 95 0 0
188 95 0 0
187 95 0 0
186 95 0 0
185 95 0 0
293 94 0 0
292 94 0 0
291 94 0 0
290 94 0 0
289 94 0 0
288 94 0 0
287 94 0 0
192 94 0 0
191 94 0 0
190 94 0 0
189 94 0 0
188 94 0 0
187 94 0 0
186 94 0 0
292 93 0 0
291 93 0 0
290 93 0 0
289 93 0 0
288 93 0 0
287 93 0 0
286 93 0 0
193 93 0 0
192 93 0 0
191 93 0 0
190 93 0 0
189 93 0 0
188 93 0 0
187 93 0 0
291 92 0 0
290 92 0 0
289 92 0 0
288 92 0 0
287 92 0 0
286 92 0 0
285 92 0 0
195 92 0 0
194 92 0 0
193 92 0 0
192 92 0 0
191 92 0 0
190 92 0 0
189 92 0 0
188 92 0 0
290 91 0 0
289 91 0 0
288 91 0 0
287 91 0 0
286 91 0 0
285 91 0 0
284 91 0 0
196 91 0 0
195 91 0 0
194 91 0 0
193 91 0 0
192 91 0 0
191 91 0 0
190 91 0 0
189 91 0 0
289 90 0 0
288 90 0 0
287 90 0 0
286 90 0 0
285 90 0 0
284 90 0 0
283 90 0 0
197 90 0 0
196 90 0 0
195 90 0 0
194 90 0 0
193 90 0 0
192 90 0 0
191 90 0 0
190 90 0 0
288 89 0 0
287 89 0 0
286 89 0 0
285 89 0 0
284 89 0 0
283 89 0 0
282 89 0 0
198 89 0 0
197 89 0 0
196 89 0 0
195 89 0 0
194 89 0 0
193 89 0 0
192 89 0 0
191 89 0 0
287 88 0 0
286 88 0 0
285 88 0 0
284 88 0 0
283 88 0 0
282 88 0 0
281 88 0 0
199 88 0 0
198 88 0 0
197 88 0 0
196 88 0 0
195 88 0 0
194 88 0 0
193 88 0 0
192 88 0 0
286 87 0 0
285 87 0 0
284 87 0 0
283 87 0 0
282 87 0 0
281 87 0 0
280 87 0 0
199 87 0 0
198 87 0 0
197 87 0 0
196 87 0 0
195 87 0 0
194 87 0 0
193 87 0 0
285 86 0 0
284 86 0 0
283 86 0 0
282 86 0 0
281 86 0 0
280 86 0 0
279 86 0 0
200 86 0 0
199 86 0 0
198 86 0 0
197 86 0 0
196 86 0 0
195 86 0 0
284 85 0 0
283 85 0 0
282 85 0 0
281 85 0 0
280 85 0 0
279 85 0 0
278 85 0 0
201 85 0 0
200 85 0 0
199 85 0 0
198 85 0 0
197 85 0 0
196 85 0 0
283 84 0 0
282 84 0 0
281 84 0 0
280 84 0 0
279 84 0 0
278 84 0 0
277 84 0 0
201 84 0 0
200 84 0 0
199 84 0 0
198 84 0 0
197 84 0 0
196 84 0 0
282 83 0 0
281 83 0 0
280 83 0 0
279 83 0 0
278 83 0 0
277 83 0 0
276 83 0 0
202 83 0 0
201 83 0 0
200 83 0 0
199 83 0 0
198 83 0 0
197 83 0 0
281 82 0 0
280 82 0 0
279 82 0 0
278 82 0 0
277 82 0 0
276 82 0 0
275 82 0 0
203 82 0 0
202 82 0 0
201 82 0 0
200 82 0 0
199 82 0 0
198 82 0 0
280 81 0 0
279 81 0 0
278 81 0 0
277 81 0 0
276 81 0 0
275 81 0 0
204 81 0 0
203 81 0 0
202 81 0 0
201 81 0 0
200 81 0 0
199 81 0 0
198 81 0 0
279 80 0 0
278 80 0 0
277 80 0 0
276 80 0 0
275 80 0 0
274 80 0 0
205 80 0 0
204 80 0 0
203 80 0 0
202 80 0 0
201 80 0 0
200 80 0 0
199 80 0 0
279 79 0 0
278 79 0 0
277 79 0 0
276 79 0 0
275 79 0 0
274 79 0 0
273 79 0 0
206 79 0 0
205 79 0 0
204 79 0 0
203 79 0 0
202 79 0 0
201 79 0 0
200 79 0 0
278 78 0 0
277 78 0 0
276 78 0 0
275 78 0 0
274 78 0 0
273 78 0 0
207 78 0 0
206 78 0 0
205 78 0 0
204 78 0 0
203 78 0 0
202 78 0 0
201 78 0 0
277 77 0 0
276 77 0 0
275 77 0 0
274 77 0 0
273 77 0 0
272 77 0 0
208 77 0 0
207 77 0 0
206 77 0 0
205 77 0 0
204 77 0 0
203 77 0 0
202 77 0 0
277 76 0 0
276 76 0 0
275 76 0 0
274 76 0 0
273 76 0 0
272 76 0 0
209 76 0 0
208 76 0 0
207 76 0 0
206 76 0 0
205 76 0 0
204 76 0 0
203 76 0 0
276 75 0 0
275 75 0 0
274 75 0 0
273 75 0 0
272 75 0 0
210 75 0 0
209 75 0 0
208 75 0 0
207 75 0 0
206 75 0 0
205 75 0 0
204 75 0 0
275 74 0 0
274 74 0 0
273 74 0 0
272 74 0 0
271 74 0 0
211 74 0 0
210 74 0 0
209 74 0 0
208 74 0 0
207 74 0 0
206 74 0 0
205 74 0 0
275 73 0 0
274 73 0 0
273 73 0 0
272 73 0 0
271 73 0 0
212 73 0 0
211 73 0 0
210 73 0 0
209 73 0 0
208 73 0 0
207 73 0 0
206 73 0 0
275 72 0 0
274 72 0 0
273 72 0 0
272 72 0 0
271 72 0 0
212 72 0 0
211 72 0 0
210 72 0 0
209 72 0 0
208 72 0 0
207 72 0 0
275 71 0 0
274 71 0 0
273 71 0 0
272 71 0 0
271 71 0 0
212 71 0 0
211 71 0 0
210 71 0 0
209 71 0 0
208 71 0 0
275 70 0 0
274 70 0 0
273 70 0 0
272 70 0 0
271 70 0 0
212 70 0 0
211 70 0 0
210 70 0 0
209 70 0 0
275 69 0 0
274 69 0 0
273 69 0 0
272 69 0 0
271 69 0 0
274 68 0 0
273 68 0 0
272 68 0 0
271 68 0 0
274 67 0 0
273 67 0 0
272 67 0 0
271 67 0 0
274 66 0 0
273 66 0 0
272 66 0 0
271 66 0 0
274 65 0 0
273 65 0 0
272 65 0 0
271 65 0 0
274 64 0 0
273 64 0 0
272 64 0 0
271 64 0 0
274 63 0 0
273 63 0 0
272 63 0 0
271 63 0 0
274 62 0 0
273 62 0 0
272 62 0 0
271 62 0 0
274 61 0 0
273 61 0 0
272 61 0 0
271 61 0 0
