7110 450 600
192 529 0 1
191 529 0 1
190 529 0 1
189 529 0 1
192 528 0 1
191 528 0 1
190 528 0 1
189 528 0 1
188 528 0 1
192 527 0 1
191 527 0 1
190 527 0 1
189 527 0 1
188 527 0 1
187 527 0 1
192 526 0 1
191 526 0 1
190 526 0 1
189 526 0 1
188 526 0 1
187 526 0 1
186 526 0 1
191 525 0 1
190 525 0 1
189 525 0 1
188 525 0 1
187 525 0 1
186 525 0 1
185 525 0 1
190 524 0 1
189 524 0 1
188 524 0 1
187 524 0 1
186 524 0 1
185 524 0 1
184 524 0 1
183 524 0 1
189 523 0 1
188 523 0 1
187 523 0 1
186 523 0 1
185 523 0 1
184 523 0 1
183 523 0 1
182 523 0 1
188 522 0 1
187 522 0 1
186 522 0 1
185 522 0 1
184 522 0 1
183 522 0 1
182 522 0 1
181 522 0 1
187 521 0 1
186 521 0 1
185 521 0 1
184 521 0 1
183 521 0 1
182 521 0 1
181 521 0 1
180 521 0 1
186 520 0 1
185 520 0 1
184 520 0 1
183 520 0 1
182 520 0 1
181 520 0 1
180 520 0 1
179 520 0 1
184 519 0 1
183 519 0 1
182 519 0 1
181 519 0 1
180 519 0 1
179 519 0 1
178 519 0 1
177 519 0 1
183 518 0 1
182 518 0 1
181 518 0 1
180 518 0 1
179 518 0 1
178 518 0 1
177 518 0 1
182 517 0 1
181 517 0 1
180 517 0 1
179 517 0 1
178 517 0 1
177 517 0 1
181 516 0 1
180 516 0 1
179 516 0 1
178 516 0 1
177 516 0 1
180 515 0 1
179 515 0 1
178 515 0 1
177 515 0 1
176 515 0 1
180 514 0 1
179 514 0 1
178 514 0 1
177 514 0 1
176 514 0 1
175 514 0 1
290 513 0 0
289 513 0 0
288 513 0 0
287 513 0 0
180 513 0 1
179 513 0 1
178 513 0 1
177 513 0 1
176 513 0 1
175 513 0 1
174 513 0 1
290 512 0 0
289 512 0 0
288 512 0 0
287 512 0 0
179 512 0 1
178 512 0 1
177 512 0 1
176 512 0 1
175 512 0 1
174 512 0 1
173 512 0 1
290 511 0 0
289 511 0 0
288 511 0 0
287 511 0 0
178 511 0 1
177 511 0 1
176 511 0 1
175 511 0 1
174 511 0 1
173 511 0 1
172 511 0 1
290 510 0 0
289 510 0 0
288 510 0 0
287 510 0 0
177 510 0 1
176 510 0 1
175 510 0 1
174 510 0 1
173 510 0 1
172 510 0 1
290 509 0 0
289 509 0 0
288 509 0 0
287 509 0 0
177 509 0 1
176 509 0 1
175 509 0 1
174 509 0 1
173 509 0 1
172 509 0 1
290 508 0 0
289 508 0 0
288 508 0 0
287 508 0 0
176 508 0 1
175 508 0 1
174 508 0 1
173 508 0 1
172 508 0 1
290 507 0 0
289 507 0 0
288 507 0 0
287 507 0 0
176 507 0 1
175 507 0 1
174 507 0 1
173 507 0 1
290 506 0 0
289 506 0 0
288 506 0 0
287 506 0 0
176 506 0 1
175 506 0 1
174 506 0 1
173 506 0 1
290 505 0 0
289 505 0 0
288 505 0 0
287 505 0 0
176 505 0 1
175 505 0 1
174 505 0 1
173 505 0 1
290 504 0 0
289 504 0 0
288 504 0 0
287 504 0 0
176 504 0 1
175 504 0 1
174 504 0 1
173 504 0 1
290 503 0 0
289 503 0 0
288 503 0 0
287 503 0 0
176 503 0 1
175 503 0 1
174 503 0 1
173 503 0 1
290 502 0 0
289 502 0 0
288 502 0 0
287 502 0 0
176 502 0 1
175 502 0 1
174 502 0 1
173 502 0 1
139 502 0 0
138 502 0 0
137 502 0 0
136 502 0 0
290 501 0 0
289 501 0 0
288 501 0 0
287 501 0 0
176 501 0 1
175 501 0 1
174 501 0 1
173 501 0 1
139 501 0 0
138 501 0 0
137 501 0 0
136 501 0 0
290 500 0 0
289 500 0 0
288 500 0 0
287 500 0 0
176 500 0 1
175 500 0 1
174 500 0 1
173 500 0 1
139 500 0 0
138 500 0 0
137 500 0 0
136 500 0 0
290 499 0 0
289 499 0 0
288 499 0 0
287 499 0 0
176 499 0 1
175 499 0 1
174 499 0 1
173 499 0 1
139 499 0 0
138 499 0 0
137 499 0 0
136 499 0 0
290 498 0 0
289 498 0 0
288 498 0 0
287 498 0 0
176 498 0 1
175 498 0 1
174 498 0 1
173 498 0 1
139 498 0 0
138 498 0 0
137 498 0 0
136 498 0 0
290 497 0 0
289 497 0 0
288 497 0 0
287 497 0 0
176 497 0 1
175 497 0 1
174 497 0 1
173 497 0 1
139 497 0 0
138 497 0 0
137 497 0 0
136 497 0 0
290 496 0 0
289 496 0 0
288 496 0 0
287 496 0 0
176 496 0 1
175 496 0 1
174 496 0 1
173 496 0 1
139 496 0 0
138 496 0 0
137 496 0 0
136 496 0 0
290 495 0 0
289 495 0 0
288 495 0 0
287 495 0 0
176 495 0 1
175 495 0 1
174 495 0 1
173 495 0 1
139 495 0 0
138 495 0 0
137 495 0 0
136 495 0 0
290 494 0 0
289 494 0 0
288 494 0 0
287 494 0 0
176 494 0 1
175 494 0 1
174 494 0 1
173 494 0 1
139 494 0 0
138 494 0 0
137 494 0 0
136 494 0 0
290 493 0 0
289 493 0 0
288 493 0 0
287 493 0 0
176 493 0 1
175 493 0 1
174 493 0 1
173 493 0 1
139 493 0 0
138 493 0 0
137 493 0 0
136 493 0 0
290 492 0 0
289 492 0 0
288 492 0 0
287 492 0 0
176 492 0 1
175 492 0 1
174 492 0 1
173 492 0 1
139 492 0 0
138 492 0 0
137 492 0 0
136 492 0 0
290 491 0 0
289 491 0 0
288 491 0 0
287 491 0 0
176 491 0 1
175 491 0 1
174 491 0 1
173 491 0 1
139 491 0 0
138 491 0 0
137 491 0 0
136 491 0 0
290 490 0 0
289 490 0 0
288 490 0 0
287 490 0 0
176 490 0 1
175 490 0 1
174 490 0 1
173 490 0 1
139 490 0 0
138 490 0 0
137 490 0 0
136 490 0 0
290 489 0 0
289 489 0 0
288 489 0 0
287 489 0 0
176 489 0 1
175 489 0 1
174 489 0 1
173 489 0 1
139 489 0 0
138 489 0 0
137 489 0 0
136 489 0 0
290 488 0 0
289 488 0 0
288 488 0 0
287 488 0 0
176 488 0 1
175 488 0 1
174 488 0 1
173 488 0 1
139 488 0 0
138 488 0 0
137 488 0 0
136 488 0 0
290 487 0 0
289 487 0 0
288 487 0 0
287 487 0 0
176 487 0 1
175 487 0 1
174 487 0 1
173 487 0 1
139 487 0 0
138 487 0 0
137 487 0 0
136 487 0 0
290 486 0 0
289 486 0 0
288 486 0 0
287 486 0 0
176 486 0 1
175 486 0 1
174 486 0 1
173 486 0 1
139 486 0 0
138 486 0 0
137 486 0 0
136 486 0 0
290 485 0 0
289 485 0 0
288 485 0 0
287 485 0 0
176 485 0 1
175 485 0 1
174 485 0 1
173 485 0 1
139 485 0 0
138 485 0 0
137 485 0 0
136 485 0 0
290 484 0 0
289 484 0 0
288 484 0 0
287 484 0 0
176 484 0 1
175 484 0 1
174 484 0 1
173 484 0 1
139 484 0 0
138 484 0 0
137 484 0 0
136 484 0 0
290 483 0 0
289 483 0 0
288 483 0 0
287 483 0 0
176 483 0 1
175 483 0 1
174 483 0 1
173 483 0 1
139 483 0 0
138 483 0 0
137 483 0 0
136 483 0 0
290 482 0 0
289 482 0 0
288 482 0 0
287 482 0 0
176 482 0 1
175 482 0 1
174 482 0 1
173 482 0 1
139 482 0 0
138 482 0 0
137 482 0 0
136 482 0 0
290 481 0 0
289 481 0 0
288 481 0 0
287 481 0 0
176 481 0 1
175 481 0 1
174 481 0 1
173 481 0 1
139 481 0 0
138 481 0 0
137 481 0 0
136 481 0 0
291 480 0 0
290 480 0 0
289 480 0 0
288 480 0 0
287 480 0 0
176 480 0 1
175 480 0 1
174 480 0 1
173 480 0 1
139 480 0 0
138 480 0 0
137 480 0 0
136 480 0 0
291 479 0 0
290 479 0 0
289 479 0 0
288 479 0 0
287 479 0 0
176 479 0 1
175 479 0 1
174 479 0 1
173 479 0 1
172 479 0 1
139 479 0 0
138 479 0 0
137 479 0 0
136 479 0 0
292 478 0 0
291 478 0 0
290 478 0 0
289 478 0 0
288 478 0 0
287 478 0 0
176 478 0 1
175 478 0 1
174 478 0 1
173 478 0 1
172 478 0 1
139 478 0 0
138 478 0 0
137 478 0 0
136 478 0 0
292 477 0 0
291 477 0 0
290 477 0 0
289 477 0 0
288 477 0 0
287 477 0 0
176 477 0 1
175 477 0 1
174 477 0 1
173 477 0 1
172 477 0 1
139 477 0 0
138 477 0 0
137 477 0 0
136 477 0 0
292 476 0 0
291 476 0 0
290 476 0 0
289 476 0 0
288 476 0 0
175 476 0 1
174 476 0 1
173 476 0 1
172 476 0 1
139 476 0 0
138 476 0 0
137 476 0 0
136 476 0 0
292 475 0 0
291 475 0 0
290 475 0 0
289 475 0 0
288 475 0 0
175 475 0 1
174 475 0 1
173 475 0 1
172 475 0 1
139 475 0 0
138 475 0 0
137 475 0 0
136 475 0 0
292 474 0 0
291 474 0 0
290 474 0 0
289 474 0 0
288 474 0 0
175 474 0 1
174 474 0 1
173 474 0 1
172 474 0 1
139 474 0 0
138 474 0 0
137 474 0 0
136 474 0 0
293 473 0 0
292 473 0 0
291 473 0 0
290 473 0 0
289 473 0 0
288 473 0 0
175 473 0 1
174 473 0 1
173 473 0 1
172 473 0 1
139 473 0 0
138 473 0 0
137 473 0 0
136 473 0 0
293 472 0 0
292 472 0 0
291 472 0 0
290 472 0 0
289 472 0 0
288 472 0 0
175 472 0 1
174 472 0 1
173 472 0 1
172 472 0 1
171 472 0 1
139 472 0 0
138 472 0 0
137 472 0 0
136 472 0 0
293 471 0 0
292 471 0 0
291 471 0 0
290 471 0 0
289 471 0 0
175 471 0 1
174 471 0 1
173 471 0 1
172 471 0 1
171 471 0 1
139 471 0 0
138 471 0 0
137 471 0 0
136 471 0 0
294 470 0 0
293 470 0 0
292 470 0 0
291 470 0 0
290 470 0 0
289 470 0 0
175 470 0 1
174 470 0 1
173 470 0 1
172 470 0 1
171 470 0 1
139 470 0 0
138 470 0 0
137 470 0 0
136 470 0 0
294 469 0 0
293 469 0 0
292 469 0 0
291 469 0 0
290 469 0 0
289 469 0 0
175 469 0 1
174 469 0 1
173 469 0 1
172 469 0 1
171 469 0 1
139 469 0 0
138 469 0 0
137 469 0 0
136 469 0 0
294 468 0 0
293 468 0 0
292 468 0 0
291 468 0 0
290 468 0 0
175 468 0 1
174 468 0 1
173 468 0 1
172 468 0 1
171 468 0 1
139 468 0 0
138 468 0 0
137 468 0 0
136 468 0 0
135 468 0 0
294 467 0 0
293 467 0 0
292 467 0 0
291 467 0 0
290 467 0 0
175 467 0 1
174 467 0 1
173 467 0 1
172 467 0 1
171 467 0 1
139 467 0 0
138 467 0 0
137 467 0 0
136 467 0 0
135 467 0 0
294 466 0 0
293 466 0 0
292 466 0 0
291 466 0 0
290 466 0 0
174 466 0 1
173 466 0 1
172 466 0 1
171 466 0 1
139 466 0 0
138 466 0 0
137 466 0 0
136 466 0 0
135 466 0 0
294 465 0 0
293 465 0 0
292 465 0 0
291 465 0 0
174 465 0 1
173 465 0 1
172 465 0 1
171 465 0 1
139 465 0 0
138 465 0 0
137 465 0 0
136 465 0 0
135 465 0 0
294 464 0 0
293 464 0 0
292 464 0 0
291 464 0 0
174 464 0 1
173 464 0 1
172 464 0 1
171 464 0 1
139 464 0 0
138 464 0 0
137 464 0 0
136 464 0 0
135 464 0 0
134 464 0 0
295 463 0 0
294 463 0 0
293 463 0 0
292 463 0 0
291 463 0 0
174 463 0 1
173 463 0 1
172 463 0 1
171 463 0 1
138 463 0 0
137 463 0 0
136 463 0 0
135 463 0 0
134 463 0 0
295 462 0 0
294 462 0 0
293 462 0 0
292 462 0 0
291 462 0 0
174 462 0 1
173 462 0 1
172 462 0 1
171 462 0 1
138 462 0 0
137 462 0 0
136 462 0 0
135 462 0 0
134 462 0 0
295 461 0 0
294 461 0 0
293 461 0 0
292 461 0 0
291 461 0 0
174 461 0 1
173 461 0 1
172 461 0 1
171 461 0 1
138 461 0 0
137 461 0 0
136 461 0 0
135 461 0 0
134 461 0 0
133 461 0 0
296 460 0 0
295 460 0 0
294 460 0 0
293 460 0 0
292 460 0 0
291 460 0 0
174 460 0 1
173 460 0 1
172 460 0 1
171 460 0 1
137 460 0 0
136 460 0 0
135 460 0 0
134 460 0 0
133 460 0 0
296 459 0 0
295 459 0 0
294 459 0 0
293 459 0 0
292 459 0 0
291 459 0 0
174 459 0 1
173 459 0 1
172 459 0 1
171 459 0 1
137 459 0 0
136 459 0 0
135 459 0 0
134 459 0 0
133 459 0 0
296 458 0 0
295 458 0 0
294 458 0 0
293 458 0 0
292 458 0 0
174 458 0 1
173 458 0 1
172 458 0 1
171 458 0 1
137 458 0 0
136 458 0 0
135 458 0 0
134 458 0 0
133 458 0 0
296 457 0 0
295 457 0 0
294 457 0 0
293 457 0 0
292 457 0 0
174 457 0 1
173 457 0 1
172 457 0 1
171 457 0 1
137 457 0 0
136 457 0 0
135 457 0 0
134 457 0 0
133 457 0 0
132 457 0 0
296 456 0 0
295 456 0 0
294 456 0 0
293 456 0 0
292 456 0 0
174 456 0 1
173 456 0 1
172 456 0 1
171 456 0 1
136 456 0 0
135 456 0 0
134 456 0 0
133 456 0 0
132 456 0 0
296 455 0 0
295 455 0 0
294 455 0 0
293 455 0 0
292 455 0 0
174 455 0 1
173 455 0 1
172 455 0 1
171 455 0 1
136 455 0 0
135 455 0 0
134 455 0 0
133 455 0 0
132 455 0 0
296 454 0 0
295 454 0 0
294 454 0 0
293 454 0 0
174 454 0 1
173 454 0 1
172 454 0 1
171 454 0 1
136 454 0 0
135 454 0 0
134 454 0 0
133 454 0 0
132 454 0 0
296 453 0 0
295 453 0 0
294 453 0 0
293 453 0 0
174 453 0 1
173 453 0 1
172 453 0 1
171 453 0 1
136 453 0 0
135 453 0 0
134 453 0 0
133 453 0 0
132 453 0 0
296 452 0 0
295 452 0 0
294 452 0 0
293 452 0 0
174 452 0 1
173 452 0 1
172 452 0 1
171 452 0 1
136 452 0 0
135 452 0 0
134 452 0 0
133 452 0 0
132 452 0 0
296 451 0 0
295 451 0 0
294 451 0 0
293 451 0 0
174 451 0 1
173 451 0 1
172 451 0 1
171 451 0 1
170 451 0 1
136 451 0 0
135 451 0 0
134 451 0 0
133 451 0 0
132 451 0 0
297 450 0 0
296 450 0 0
295 450 0 0
294 450 0 0
293 450 0 0
174 450 0 1
173 450 0 1
172 450 0 1
171 450 0 1
170 450 0 1
136 450 0 0
135 450 0 0
134 450 0 0
133 450 0 0
132 450 0 0
297 449 0 0
296 449 0 0
295 449 0 0
294 449 0 0
293 449 0 0
174 449 0 1
173 449 0 1
172 449 0 1
171 449 0 1
170 449 0 1
136 449 0 0
135 449 0 0
134 449 0 0
133 449 0 0
132 449 0 0
131 449 0 0
298 448 0 0
297 448 0 0
296 448 0 0
295 448 0 0
294 448 0 0
293 448 0 0
174 448 0 1
173 448 0 1
172 448 0 1
171 448 0 1
170 448 0 1
135 448 0 0
134 448 0 0
133 448 0 0
132 448 0 0
131 448 0 0
298 447 0 0
297 447 0 0
296 447 0 0
295 447 0 0
294 447 0 0
293 447 0 0
174 447 0 1
173 447 0 1
172 447 0 1
171 447 0 1
170 447 0 1
135 447 0 0
134 447 0 0
133 447 0 0
132 447 0 0
131 447 0 0
298 446 0 0
297 446 0 0
296 446 0 0
295 446 0 0
294 446 0 0
173 446 0 1
172 446 0 1
171 446 0 1
170 446 0 1
135 446 0 0
134 446 0 0
133 446 0 0
132 446 0 0
131 446 0 0
298 445 0 0
297 445 0 0
296 445 0 0
295 445 0 0
173 445 0 1
172 445 0 1
171 445 0 1
170 445 0 1
135 445 0 0
134 445 0 0
133 445 0 0
132 445 0 0
131 445 0 0
130 445 0 0
298 444 0 0
297 444 0 0
296 444 0 0
295 444 0 0
173 444 0 1
172 444 0 1
171 444 0 1
170 444 0 1
134 444 0 0
133 444 0 0
132 444 0 0
131 444 0 0
130 444 0 0
298 443 0 0
297 443 0 0
296 443 0 0
295 443 0 0
173 443 0 1
172 443 0 1
171 443 0 1
170 443 0 1
134 443 0 0
133 443 0 0
132 443 0 0
131 443 0 0
130 443 0 0
298 442 0 0
297 442 0 0
296 442 0 0
295 442 0 0
173 442 0 1
172 442 0 1
171 442 0 1
170 442 0 1
134 442 0 0
133 442 0 0
132 442 0 0
131 442 0 0
130 442 0 0
129 442 0 0
299 441 0 0
298 441 0 0
297 441 0 0
296 441 0 0
295 441 0 0
173 441 0 1
172 441 0 1
171 441 0 1
170 441 0 1
134 441 0 0
133 441 0 0
132 441 0 0
131 441 0 0
130 441 0 0
129 441 0 0
299 440 0 0
298 440 0 0
297 440 0 0
296 440 0 0
295 440 0 0
173 440 0 1
172 440 0 1
171 440 0 1
170 440 0 1
133 440 0 0
132 440 0 0
131 440 0 0
130 440 0 0
129 440 0 0
299 439 0 0
298 439 0 0
297 439 0 0
296 439 0 0
295 439 0 0
173 439 0 1
172 439 0 1
171 439 0 1
170 439 0 1
133 439 0 0
132 439 0 0
131 439 0 0
130 439 0 0
129 439 0 0
128 439 0 0
299 438 0 0
298 438 0 0
297 438 0 0
296 438 0 0
295 438 0 0
173 438 0 1
172 438 0 1
171 438 0 1
170 438 0 1
132 438 0 0
131 438 0 0
130 438 0 0
129 438 0 0
128 438 0 0
300 437 0 0
299 437 0 0
298 437 0 0
297 437 0 0
296 437 0 0
295 437 0 0
173 437 0 1
172 437 0 1
171 437 0 1
170 437 0 1
132 437 0 0
131 437 0 0
130 437 0 0
129 437 0 0
128 437 0 0
127 437 0 0
300 436 0 0
299 436 0 0
298 436 0 0
297 436 0 0
296 436 0 0
295 436 0 0
173 436 0 1
172 436 0 1
171 436 0 1
170 436 0 1
132 436 0 0
131 436 0 0
130 436 0 0
129 436 0 0
128 436 0 0
127 436 0 0
300 435 0 0
299 435 0 0
298 435 0 0
297 435 0 0
296 435 0 0
173 435 0 1
172 435 0 1
171 435 0 1
170 435 0 1
131 435 0 0
130 435 0 0
129 435 0 0
128 435 0 0
127 435 0 0
300 434 0 0
299 434 0 0
298 434 0 0
297 434 0 0
296 434 0 0
173 434 0 1
172 434 0 1
171 434 0 1
170 434 0 1
131 434 0 0
130 434 0 0
129 434 0 0
128 434 0 0
127 434 0 0
300 433 0 0
299 433 0 0
298 433 0 0
297 433 0 0
296 433 0 0
174 433 0 1
173 433 0 1
172 433 0 1
171 433 0 1
170 433 0 1
131 433 0 0
130 433 0 0
129 433 0 0
128 433 0 0
127 433 0 0
126 433 0 0
301 432 0 0
300 432 0 0
299 432 0 0
298 432 0 0
297 432 0 0
296 432 0 0
174 432 0 1
173 432 0 1
172 432 0 1
171 432 0 1
170 432 0 1
131 432 0 0
130 432 0 0
129 432 0 0
128 432 0 0
127 432 0 0
126 432 0 0
301 431 0 0
300 431 0 0
299 431 0 0
298 431 0 0
297 431 0 0
296 431 0 0
174 431 0 1
173 431 0 1
172 431 0 1
171 431 0 1
170 431 0 1
130 431 0 0
129 431 0 0
128 431 0 0
127 431 0 0
126 431 0 0
301 430 0 0
300 430 0 0
299 430 0 0
298 430 0 0
297 430 0 0
174 430 0 1
173 430 0 1
172 430 0 1
171 430 0 1
170 430 0 1
130 430 0 0
129 430 0 0
128 430 0 0
127 430 0 0
126 430 0 0
125 430 0 0
302 429 0 0
301 429 0 0
300 429 0 0
299 429 0 0
298 429 0 0
297 429 0 0
174 429 0 1
173 429 0 1
172 429 0 1
171 429 0 1
170 429 0 1
129 429 0 0
128 429 0 0
127 429 0 0
126 429 0 0
125 429 0 0
302 428 0 0
301 428 0 0
300 428 0 0
299 428 0 0
298 428 0 0
174 428 0 1
173 428 0 1
172 428 0 1
171 428 0 1
170 428 0 1
129 428 0 0
128 428 0 0
127 428 0 0
126 428 0 0
125 428 0 0
302 427 0 0
301 427 0 0
300 427 0 0
299 427 0 0
298 427 0 0
174 427 0 1
173 427 0 1
172 427 0 1
171 427 0 1
129 427 0 0
128 427 0 0
127 427 0 0
126 427 0 0
125 427 0 0
302 426 0 0
301 426 0 0
300 426 0 0
299 426 0 0
298 426 0 0
174 426 0 1
173 426 0 1
172 426 0 1
171 426 0 1
128 426 0 0
127 426 0 0
126 426 0 0
125 426 0 0
302 425 0 0
301 425 0 0
300 425 0 0
299 425 0 0
174 425 0 1
173 425 0 1
172 425 0 1
171 425 0 1
128 425 0 0
127 425 0 0
126 425 0 0
125 425 0 0
302 424 0 0
301 424 0 0
300 424 0 0
299 424 0 0
174 424 0 1
173 424 0 1
172 424 0 1
171 424 0 1
128 424 0 0
127 424 0 0
126 424 0 0
125 424 0 0
303 423 0 0
302 423 0 0
301 423 0 0
300 423 0 0
299 423 0 0
225 423 0 1
224 423 0 1
223 423 0 1
222 423 0 1
174 423 0 1
173 423 0 1
172 423 0 1
171 423 0 1
128 423 0 0
127 423 0 0
126 423 0 0
125 423 0 0
303 422 0 0
302 422 0 0
301 422 0 0
300 422 0 0
299 422 0 0
225 422 0 1
224 422 0 1
223 422 0 1
222 422 0 1
175 422 0 1
174 422 0 1
173 422 0 1
172 422 0 1
171 422 0 1
128 422 0 0
127 422 0 0
126 422 0 0
125 422 0 0
303 421 0 0
302 421 0 0
301 421 0 0
300 421 0 0
299 421 0 0
225 421 0 1
224 421 0 1
223 421 0 1
222 421 0 1
175 421 0 1
174 421 0 1
173 421 0 1
172 421 0 1
171 421 0 1
128 421 0 0
127 421 0 0
126 421 0 0
125 421 0 0
124 421 0 0
303 420 0 0
302 420 0 0
301 420 0 0
300 420 0 0
299 420 0 0
226 420 0 1
225 420 0 1
224 420 0 1
223 420 0 1
222 420 0 1
175 420 0 1
174 420 0 1
173 420 0 1
172 420 0 1
171 420 0 1
128 420 0 0
127 420 0 0
126 420 0 0
125 420 0 0
124 420 0 0
303 419 0 0
302 419 0 0
301 419 0 0
300 419 0 0
299 419 0 0
226 419 0 1
225 419 0 1
224 419 0 1
223 419 0 1
222 419 0 1
175 419 0 1
174 419 0 1
173 419 0 1
172 419 0 1
171 419 0 1
128 419 0 0
127 419 0 0
126 419 0 0
125 419 0 0
124 419 0 0
303 418 0 0
302 418 0 0
301 418 0 0
300 418 0 0
299 418 0 0
226 418 0 1
225 418 0 1
224 418 0 1
223 418 0 1
222 418 0 1
175 418 0 1
174 418 0 1
173 418 0 1
172 418 0 1
171 418 0 1
128 418 0 0
127 418 0 0
126 418 0 0
125 418 0 0
124 418 0 0
303 417 0 0
302 417 0 0
301 417 0 0
300 417 0 0
226 417 0 1
225 417 0 1
224 417 0 1
223 417 0 1
222 417 0 1
176 417 0 1
175 417 0 1
174 417 0 1
173 417 0 1
172 417 0 1
171 417 0 1
128 417 0 0
127 417 0 0
126 417 0 0
125 417 0 0
124 417 0 0
303 416 0 0
302 416 0 0
301 416 0 0
300 416 0 0
226 416 0 1
225 416 0 1
224 416 0 1
223 416 0 1
222 416 0 1
176 416 0 1
175 416 0 1
174 416 0 1
173 416 0 1
172 416 0 1
128 416 0 0
127 416 0 0
126 416 0 0
125 416 0 0
124 416 0 0
303 415 0 0
302 415 0 0
301 415 0 0
300 415 0 0
226 415 0 1
225 415 0 1
224 415 0 1
223 415 0 1
176 415 0 1
175 415 0 1
174 415 0 1
173 415 0 1
172 415 0 1
128 415 0 0
127 415 0 0
126 415 0 0
125 415 0 0
124 415 0 0
303 414 0 0
302 414 0 0
301 414 0 0
300 414 0 0
227 414 0 1
226 414 0 1
225 414 0 1
224 414 0 1
223 414 0 1
176 414 0 1
175 414 0 1
174 414 0 1
173 414 0 1
172 414 0 1
127 414 0 0
126 414 0 0
125 414 0 0
124 414 0 0
123 414 0 0
303 413 0 0
302 413 0 0
301 413 0 0
300 413 0 0
227 413 0 1
226 413 0 1
225 413 0 1
224 413 0 1
223 413 0 1
177 413 0 1
176 413 0 1
175 413 0 1
174 413 0 1
173 413 0 1
172 413 0 1
127 413 0 0
126 413 0 0
125 413 0 0
124 413 0 0
123 413 0 0
303 412 0 0
302 412 0 0
301 412 0 0
300 412 0 0
227 412 0 1
226 412 0 1
225 412 0 1
224 412 0 1
223 412 0 1
178 412 0 1
177 412 0 1
176 412 0 1
175 412 0 1
174 412 0 1
173 412 0 1
172 412 0 1
127 412 0 0
126 412 0 0
125 412 0 0
124 412 0 0
123 412 0 0
303 411 0 0
302 411 0 0
301 411 0 0
300 411 0 0
227 411 0 1
226 411 0 1
225 411 0 1
224 411 0 1
223 411 0 1
179 411 0 1
178 411 0 1
177 411 0 1
176 411 0 1
175 411 0 1
174 411 0 1
173 411 0 1
127 411 0 0
126 411 0 0
125 411 0 0
124 411 0 0
123 411 0 0
303 410 0 0
302 410 0 0
301 410 0 0
300 410 0 0
227 410 0 1
226 410 0 1
225 410 0 1
224 410 0 1
223 410 0 1
179 410 0 1
178 410 0 1
177 410 0 1
176 410 0 1
175 410 0 1
174 410 0 1
127 410 0 0
126 410 0 0
125 410 0 0
124 410 0 0
123 410 0 0
303 409 0 0
302 409 0 0
301 409 0 0
300 409 0 0
227 409 0 1
226 409 0 1
225 409 0 1
224 409 0 1
179 409 0 1
178 409 0 1
177 409 0 1
176 409 0 1
175 409 0 1
127 409 0 0
126 409 0 0
125 409 0 0
124 409 0 0
123 409 0 0
303 408 0 0
302 408 0 0
301 408 0 0
300 408 0 0
227 408 0 1
226 408 0 1
225 408 0 1
224 408 0 1
180 408 0 1
179 408 0 1
178 408 0 1
177 408 0 1
176 408 0 1
175 408 0 1
126 408 0 0
125 408 0 0
124 408 0 0
123 408 0 0
303 407 0 0
302 407 0 0
301 407 0 0
300 407 0 0
227 407 0 1
226 407 0 1
225 407 0 1
224 407 0 1
180 407 0 1
179 407 0 1
178 407 0 1
177 407 0 1
176 407 0 1
175 407 0 1
126 407 0 0
125 407 0 0
124 407 0 0
123 407 0 0
303 406 0 0
302 406 0 0
301 406 0 0
300 406 0 0
227 406 0 1
226 406 0 1
225 406 0 1
224 406 0 1
181 406 0 1
180 406 0 1
179 406 0 1
178 406 0 1
177 406 0 1
176 406 0 1
126 406 0 0
125 406 0 0
124 406 0 0
123 406 0 0
303 405 0 0
302 405 0 0
301 405 0 0
300 405 0 0
299 405 0 0
227 405 0 1
226 405 0 1
225 405 0 1
224 405 0 1
182 405 0 1
181 405 0 1
180 405 0 1
179 405 0 1
178 405 0 1
177 405 0 1
126 405 0 0
125 405 0 0
124 405 0 0
123 405 0 0
303 404 0 0
302 404 0 0
301 404 0 0
300 404 0 0
299 404 0 0
298 404 0 0
228 404 0 1
227 404 0 1
226 404 0 1
225 404 0 1
224 404 0 1
182 404 0 1
181 404 0 1
180 404 0 1
179 404 0 1
178 404 0 1
177 404 0 1
126 404 0 0
125 404 0 0
124 404 0 0
123 404 0 0
303 403 0 0
302 403 0 0
301 403 0 0
300 403 0 0
299 403 0 0
298 403 0 0
297 403 0 0
228 403 0 1
227 403 0 1
226 403 0 1
225 403 0 1
224 403 0 1
184 403 0 1
183 403 0 1
182 403 0 1
181 403 0 1
180 403 0 1
179 403 0 1
178 403 0 1
126 403 0 0
125 403 0 0
124 403 0 0
123 403 0 0
302 402 0 0
301 402 0 0
300 402 0 0
299 402 0 0
298 402 0 0
297 402 0 0
296 402 0 0
228 402 0 1
227 402 0 1
226 402 0 1
225 402 0 1
224 402 0 1
186 402 0 1
185 402 0 1
184 402 0 1
183 402 0 1
182 402 0 1
181 402 0 1
180 402 0 1
179 402 0 1
126 402 0 0
125 402 0 0
124 402 0 0
123 402 0 0
301 401 0 0
300 401 0 0
299 401 0 0
298 401 0 0
297 401 0 0
296 401 0 0
228 401 0 1
227 401 0 1
226 401 0 1
225 401 0 1
224 401 0 1
189 401 0 1
188 401 0 1
187 401 0 1
186 401 0 1
185 401 0 1
184 401 0 1
183 401 0 1
182 401 0 1
181 401 0 1
180 401 0 1
179 401 0 1
126 401 0 0
125 401 0 0
124 401 0 0
123 401 0 0
300 400 0 0
299 400 0 0
298 400 0 0
297 400 0 0
296 400 0 0
295 400 0 0
228 400 0 1
227 400 0 1
226 400 0 1
225 400 0 1
224 400 0 1
193 400 0 1
192 400 0 1
191 400 0 1
190 400 0 1
189 400 0 1
188 400 0 1
187 400 0 1
186 400 0 1
185 400 0 1
184 400 0 1
183 400 0 1
182 400 0 1
181 400 0 1
180 400 0 1
126 400 0 0
125 400 0 0
124 400 0 0
123 400 0 0
300 399 0 0
299 399 0 0
298 399 0 0
297 399 0 0
296 399 0 0
295 399 0 0
228 399 0 1
227 399 0 1
226 399 0 1
225 399 0 1
198 399 0 1
197 399 0 1
196 399 0 1
195 399 0 1
194 399 0 1
193 399 0 1
192 399 0 1
191 399 0 1
190 399 0 1
189 399 0 1
188 399 0 1
187 399 0 1
186 399 0 1
185 399 0 1
184 399 0 1
183 399 0 1
182 399 0 1
181 399 0 1
126 399 0 0
125 399 0 0
124 399 0 0
123 399 0 0
299 398 0 0
298 398 0 0
297 398 0 0
296 398 0 0
295 398 0 0
294 398 0 0
228 398 0 1
227 398 0 1
226 398 0 1
225 398 0 1
210 398 0 1
209 398 0 1
208 398 0 1
207 398 0 1
206 398 0 1
205 398 0 1
204 398 0 1
203 398 0 1
202 398 0 1
201 398 0 1
200 398 0 1
199 398 0 1
198 398 0 1
197 398 0 1
196 398 0 1
195 398 0 1
194 398 0 1
193 398 0 1
192 398 0 1
191 398 0 1
190 398 0 1
189 398 0 1
188 398 0 1
187 398 0 1
186 398 0 1
185 398 0 1
184 398 0 1
183 398 0 1
126 398 0 0
125 398 0 0
124 398 0 0
123 398 0 0
299 397 0 0
298 397 0 0
297 397 0 0
296 397 0 0
295 397 0 0
294 397 0 0
228 397 0 1
227 397 0 1
226 397 0 1
225 397 0 1
210 397 0 1
209 397 0 1
208 397 0 1
207 397 0 1
206 397 0 1
205 397 0 1
204 397 0 1
203 397 0 1
202 397 0 1
201 397 0 1
200 397 0 1
199 397 0 1
198 397 0 1
197 397 0 1
196 397 0 1
195 397 0 1
194 397 0 1
193 397 0 1
192 397 0 1
191 397 0 1
190 397 0 1
189 397 0 1
188 397 0 1
187 397 0 1
186 397 0 1
185 397 0 1
126 397 0 0
125 397 0 0
124 397 0 0
123 397 0 0
298 396 0 0
297 396 0 0
296 396 0 0
295 396 0 0
294 396 0 0
293 396 0 0
228 396 0 1
227 396 0 1
226 396 0 1
225 396 0 1
210 396 0 1
209 396 0 1
208 396 0 1
207 396 0 1
206 396 0 1
205 396 0 1
204 396 0 1
203 396 0 1
202 396 0 1
201 396 0 1
200 396 0 1
199 396 0 1
198 396 0 1
197 396 0 1
196 396 0 1
195 396 0 1
194 396 0 1
193 396 0 1
192 396 0 1
191 396 0 1
190 396 0 1
189 396 0 1
188 396 0 1
126 396 0 0
125 396 0 0
124 396 0 0
123 396 0 0
298 395 0 0
297 395 0 0
296 395 0 0
295 395 0 0
294 395 0 0
293 395 0 0
228 395 0 1
227 395 0 1
226 395 0 1
225 395 0 1
210 395 0 1
209 395 0 1
208 395 0 1
207 395 0 1
206 395 0 1
205 395 0 1
204 395 0 1
203 395 0 1
202 395 0 1
201 395 0 1
200 395 0 1
199 395 0 1
198 395 0 1
197 395 0 1
196 395 0 1
195 395 0 1
194 395 0 1
126 395 0 0
125 395 0 0
124 395 0 0
123 395 0 0
297 394 0 0
296 394 0 0
295 394 0 0
294 394 0 0
293 394 0 0
228 394 0 1
227 394 0 1
226 394 0 1
225 394 0 1
126 394 0 0
125 394 0 0
124 394 0 0
123 394 0 0
297 393 0 0
296 393 0 0
295 393 0 0
294 393 0 0
293 393 0 0
228 393 0 1
227 393 0 1
226 393 0 1
225 393 0 1
126 393 0 0
125 393 0 0
124 393 0 0
123 393 0 0
297 392 0 0
296 392 0 0
295 392 0 0
294 392 0 0
293 392 0 0
292 392 0 0
228 392 0 1
227 392 0 1
226 392 0 1
225 392 0 1
127 392 0 0
126 392 0 0
125 392 0 0
124 392 0 0
123 392 0 0
296 391 0 0
295 391 0 0
294 391 0 0
293 391 0 0
292 391 0 0
228 391 0 1
227 391 0 1
226 391 0 1
225 391 0 1
127 391 0 0
126 391 0 0
125 391 0 0
124 391 0 0
123 391 0 0
296 390 0 0
295 390 0 0
294 390 0 0
293 390 0 0
292 390 0 0
228 390 0 1
227 390 0 1
226 390 0 1
225 390 0 1
128 390 0 0
127 390 0 0
126 390 0 0
125 390 0 0
124 390 0 0
123 390 0 0
296 389 0 0
295 389 0 0
294 389 0 0
293 389 0 0
292 389 0 0
291 389 0 0
228 389 0 1
227 389 0 1
226 389 0 1
225 389 0 1
128 389 0 0
127 389 0 0
126 389 0 0
125 389 0 0
124 389 0 0
123 389 0 0
296 388 0 0
295 388 0 0
294 388 0 0
293 388 0 0
292 388 0 0
291 388 0 0
228 388 0 1
227 388 0 1
226 388 0 1
225 388 0 1
129 388 0 0
128 388 0 0
127 388 0 0
126 388 0 0
125 388 0 0
124 388 0 0
295 387 0 0
294 387 0 0
293 387 0 0
292 387 0 0
291 387 0 0
290 387 0 0
228 387 0 1
227 387 0 1
226 387 0 1
225 387 0 1
129 387 0 0
128 387 0 0
127 387 0 0
126 387 0 0
125 387 0 0
124 387 0 0
295 386 0 0
294 386 0 0
293 386 0 0
292 386 0 0
291 386 0 0
290 386 0 0
228 386 0 1
227 386 0 1
226 386 0 1
225 386 0 1
129 386 0 0
128 386 0 0
127 386 0 0
126 386 0 0
125 386 0 0
294 385 0 0
293 385 0 0
292 385 0 0
291 385 0 0
290 385 0 0
289 385 0 0
228 385 0 1
227 385 0 1
226 385 0 1
225 385 0 1
130 385 0 0
129 385 0 0
128 385 0 0
127 385 0 0
126 385 0 0
125 385 0 0
294 384 0 0
293 384 0 0
292 384 0 0
291 384 0 0
290 384 0 0
289 384 0 0
228 384 0 1
227 384 0 1
226 384 0 1
225 384 0 1
130 384 0 0
129 384 0 0
128 384 0 0
127 384 0 0
126 384 0 0
293 383 0 0
292 383 0 0
291 383 0 0
290 383 0 0
289 383 0 0
288 383 0 0
228 383 0 1
227 383 0 1
226 383 0 1
225 383 0 1
131 383 0 0
130 383 0 0
129 383 0 0
128 383 0 0
127 383 0 0
126 383 0 0
293 382 0 0
292 382 0 0
291 382 0 0
290 382 0 0
289 382 0 0
288 382 0 0
228 382 0 1
227 382 0 1
226 382 0 1
225 382 0 1
131 382 0 0
130 382 0 0
129 382 0 0
128 382 0 0
127 382 0 0
126 382 0 0
292 381 0 0
291 381 0 0
290 381 0 0
289 381 0 0
288 381 0 0
287 381 0 0
228 381 0 1
227 381 0 1
226 381 0 1
225 381 0 1
132 381 0 0
131 381 0 0
130 381 0 0
129 381 0 0
128 381 0 0
127 381 0 0
292 380 0 0
291 380 0 0
290 380 0 0
289 380 0 0
288 380 0 0
287 380 0 0
286 380 0 0
228 380 0 1
227 380 0 1
226 380 0 1
225 380 0 1
132 380 0 0
131 380 0 0
130 380 0 0
129 380 0 0
128 380 0 0
127 380 0 0
291 379 0 0
290 379 0 0
289 379 0 0
288 379 0 0
287 379 0 0
286 379 0 0
228 379 0 1
227 379 0 1
226 379 0 1
225 379 0 1
133 379 0 0
132 379 0 0
131 379 0 0
130 379 0 0
129 379 0 0
128 379 0 0
290 378 0 0
289 378 0 0
288 378 0 0
287 378 0 0
286 378 0 0
285 378 0 0
228 378 0 1
227 378 0 1
226 378 0 1
225 378 0 1
134 378 0 0
133 378 0 0
132 378 0 0
131 378 0 0
130 378 0 0
129 378 0 0
128 378 0 0
290 377 0 0
289 377 0 0
288 377 0 0
287 377 0 0
286 377 0 0
285 377 0 0
228 377 0 1
227 377 0 1
226 377 0 1
225 377 0 1
134 377 0 0
133 377 0 0
132 377 0 0
131 377 0 0
130 377 0 0
129 377 0 0
289 376 0 0
288 376 0 0
287 376 0 0
286 376 0 0
285 376 0 0
284 376 0 0
228 376 0 1
227 376 0 1
226 376 0 1
225 376 0 1
135 376 0 0
134 376 0 0
133 376 0 0
132 376 0 0
131 376 0 0
130 376 0 0
289 375 0 0
288 375 0 0
287 375 0 0
286 375 0 0
285 375 0 0
284 375 0 0
228 375 0 1
227 375 0 1
226 375 0 1
225 375 0 1
136 375 0 0
135 375 0 0
134 375 0 0
133 375 0 0
132 375 0 0
131 375 0 0
130 375 0 0
288 374 0 0
287 374 0 0
286 374 0 0
285 374 0 0
284 374 0 0
283 374 0 0
228 374 0 1
227 374 0 1
226 374 0 1
225 374 0 1
137 374 0 0
136 374 0 0
135 374 0 0
134 374 0 0
133 374 0 0
132 374 0 0
131 374 0 0
288 373 0 0
287 373 0 0
286 373 0 0
285 373 0 0
284 373 0 0
283 373 0 0
228 373 0 1
227 373 0 1
226 373 0 1
225 373 0 1
137 373 0 0
136 373 0 0
135 373 0 0
134 373 0 0
133 373 0 0
132 373 0 0
287 372 0 0
286 372 0 0
285 372 0 0
284 372 0 0
283 372 0 0
282 372 0 0
228 372 0 1
227 372 0 1
226 372 0 1
225 372 0 1
138 372 0 0
137 372 0 0
136 372 0 0
135 372 0 0
134 372 0 0
133 372 0 0
287 371 0 0
286 371 0 0
285 371 0 0
284 371 0 0
283 371 0 0
282 371 0 0
228 371 0 1
227 371 0 1
226 371 0 1
225 371 0 1
139 371 0 0
138 371 0 0
137 371 0 0
136 371 0 0
135 371 0 0
134 371 0 0
133 371 0 0
286 370 0 0
285 370 0 0
284 370 0 0
283 370 0 0
282 370 0 0
281 370 0 0
228 370 0 1
227 370 0 1
226 370 0 1
225 370 0 1
139 370 0 0
138 370 0 0
137 370 0 0
136 370 0 0
135 370 0 0
134 370 0 0
286 369 0 0
285 369 0 0
284 369 0 0
283 369 0 0
282 369 0 0
281 369 0 0
280 369 0 0
228 369 0 1
227 369 0 1
226 369 0 1
225 369 0 1
140 369 0 0
139 369 0 0
138 369 0 0
137 369 0 0
136 369 0 0
135 369 0 0
285 368 0 0
284 368 0 0
283 368 0 0
282 368 0 0
281 368 0 0
280 368 0 0
228 368 0 1
227 368 0 1
226 368 0 1
225 368 0 1
141 368 0 0
140 368 0 0
139 368 0 0
138 368 0 0
137 368 0 0
136 368 0 0
135 368 0 0
284 367 0 0
283 367 0 0
282 367 0 0
281 367 0 0
280 367 0 0
279 367 0 0
228 367 0 1
227 367 0 1
226 367 0 1
225 367 0 1
141 367 0 0
140 367 0 0
139 367 0 0
138 367 0 0
137 367 0 0
136 367 0 0
284 366 0 0
283 366 0 0
282 366 0 0
281 366 0 0
280 366 0 0
279 366 0 0
278 366 0 0
228 366 0 1
227 366 0 1
226 366 0 1
225 366 0 1
142 366 0 0
141 366 0 0
140 366 0 0
139 366 0 0
138 366 0 0
137 366 0 0
283 365 0 0
282 365 0 0
281 365 0 0
280 365 0 0
279 365 0 0
278 365 0 0
277 365 0 0
228 365 0 1
227 365 0 1
226 365 0 1
225 365 0 1
143 365 0 0
142 365 0 0
141 365 0 0
140 365 0 0
139 365 0 0
138 365 0 0
137 365 0 0
282 364 0 0
281 364 0 0
280 364 0 0
279 364 0 0
278 364 0 0
277 364 0 0
276 364 0 0
228 364 0 1
227 364 0 1
226 364 0 1
225 364 0 1
143 364 0 0
142 364 0 0
141 364 0 0
140 364 0 0
139 364 0 0
138 364 0 0
281 363 0 0
280 363 0 0
279 363 0 0
278 363 0 0
277 363 0 0
276 363 0 0
275 363 0 0
228 363 0 1
227 363 0 1
226 363 0 1
225 363 0 1
144 363 0 0
143 363 0 0
142 363 0 0
141 363 0 0
140 363 0 0
139 363 0 0
280 362 0 0
279 362 0 0
278 362 0 0
277 362 0 0
276 362 0 0
275 362 0 0
274 362 0 0
228 362 0 1
227 362 0 1
226 362 0 1
225 362 0 1
145 362 0 0
144 362 0 0
143 362 0 0
142 362 0 0
141 362 0 0
140 362 0 0
139 362 0 0
279 361 0 0
278 361 0 0
277 361 0 0
276 361 0 0
275 361 0 0
274 361 0 0
273 361 0 0
228 361 0 1
227 361 0 1
226 361 0 1
225 361 0 1
145 361 0 0
144 361 0 0
143 361 0 0
142 361 0 0
141 361 0 0
140 361 0 0
278 360 0 0
277 360 0 0
276 360 0 0
275 360 0 0
274 360 0 0
273 360 0 0
228 360 0 1
227 360 0 1
226 360 0 1
225 360 0 1
145 360 0 0
144 360 0 0
143 360 0 0
142 360 0 0
141 360 0 0
277 359 0 0
276 359 0 0
275 359 0 0
274 359 0 0
273 359 0 0
272 359 0 0
228 359 0 1
227 359 0 1
226 359 0 1
225 359 0 1
146 359 0 0
145 359 0 0
144 359 0 0
143 359 0 0
142 359 0 0
141 359 0 0
277 358 0 0
276 358 0 0
275 358 0 0
274 358 0 0
273 358 0 0
272 358 0 0
271 358 0 0
146 358 0 0
145 358 0 0
144 358 0 0
143 358 0 0
142 358 0 0
276 357 0 0
275 357 0 0
274 357 0 0
273 357 0 0
272 357 0 0
271 357 0 0
270 357 0 0
147 357 0 0
146 357 0 0
145 357 0 0
144 357 0 0
143 357 0 0
142 357 0 0
275 356 0 0
274 356 0 0
273 356 0 0
272 356 0 0
271 356 0 0
270 356 0 0
148 356 0 0
147 356 0 0
146 356 0 0
145 356 0 0
144 356 0 0
143 356 0 0
142 356 0 0
274 355 0 0
273 355 0 0
272 355 0 0
271 355 0 0
270 355 0 0
269 355 0 0
149 355 0 0
148 355 0 0
147 355 0 0
146 355 0 0
145 355 0 0
144 355 0 0
143 355 0 0
274 354 0 0
273 354 0 0
272 354 0 0
271 354 0 0
270 354 0 0
269 354 0 0
268 354 0 0
150 354 0 0
149 354 0 0
148 354 0 0
147 354 0 0
146 354 0 0
145 354 0 0
144 354 0 0
273 353 0 0
272 353 0 0
271 353 0 0
270 353 0 0
269 353 0 0
268 353 0 0
151 353 0 0
150 353 0 0
149 353 0 0
148 353 0 0
147 353 0 0
146 353 0 0
145 353 0 0
272 352 0 0
271 352 0 0
270 352 0 0
269 352 0 0
268 352 0 0
267 352 0 0
152 352 0 0
151 352 0 0
150 352 0 0
149 352 0 0
148 352 0 0
147 352 0 0
146 352 0 0
272 351 0 0
271 351 0 0
270 351 0 0
269 351 0 0
268 351 0 0
267 351 0 0
266 351 0 0
153 351 0 0
152 351 0 0
151 351 0 0
150 351 0 0
149 351 0 0
148 351 0 0
147 351 0 0
271 350 0 0
270 350 0 0
269 350 0 0
268 350 0 0
267 350 0 0
266 350 0 0
154 350 0 0
153 350 0 0
152 350 0 0
151 350 0 0
150 350 0 0
149 350 0 0
148 350 0 0
270 349 0 0
269 349 0 0
268 349 0 0
267 349 0 0
266 349 0 0
265 349 0 0
155 349 0 0
154 349 0 0
153 349 0 0
152 349 0 0
151 349 0 0
150 349 0 0
149 349 0 0
270 348 0 0
269 348 0 0
268 348 0 0
267 348 0 0
266 348 0 0
265 348 0 0
155 348 0 0
154 348 0 0
153 348 0 0
152 348 0 0
151 348 0 0
150 348 0 0
269 347 0 0
268 347 0 0
267 347 0 0
266 347 0 0
265 347 0 0
264 347 0 0
156 347 0 0
155 347 0 0
154 347 0 0
153 347 0 0
152 347 0 0
151 347 0 0
269 346 0 0
268 346 0 0
267 346 0 0
266 346 0 0
265 346 0 0
264 346 0 0
263 346 0 0
156 346 0 0
155 346 0 0
154 346 0 0
153 346 0 0
152 346 0 0
151 346 0 0
268 345 0 0
267 345 0 0
266 345 0 0
265 345 0 0
264 345 0 0
263 345 0 0
157 345 0 0
156 345 0 0
155 345 0 0
154 345 0 0
153 345 0 0
152 345 0 0
267 344 0 0
266 344 0 0
265 344 0 0
264 344 0 0
263 344 0 0
262 344 0 0
157 344 0 0
156 344 0 0
155 344 0 0
154 344 0 0
153 344 0 0
152 344 0 0
267 343 0 0
266 343 0 0
265 343 0 0
264 343 0 0
263 343 0 0
262 343 0 0
261 343 0 0
157 343 0 0
156 343 0 0
155 343 0 0
154 343 0 0
153 343 0 0
266 342 0 0
265 342 0 0
264 342 0 0
263 342 0 0
262 342 0 0
261 342 0 0
158 342 0 0
157 342 0 0
156 342 0 0
155 342 0 0
154 342 0 0
153 342 0 0
265 341 0 0
264 341 0 0
263 341 0 0
262 341 0 0
261 341 0 0
158 341 0 0
157 341 0 0
156 341 0 0
155 341 0 0
154 341 0 0
153 341 0 0
265 340 0 0
264 340 0 0
263 340 0 0
262 340 0 0
261 340 0 0
158 340 0 0
157 340 0 0
156 340 0 0
155 340 0 0
154 340 0 0
264 339 0 0
263 339 0 0
262 339 0 0
261 339 0 0
260 339 0 0
159 339 0 0
158 339 0 0
157 339 0 0
156 339 0 0
155 339 0 0
154 339 0 0
264 338 0 0
263 338 0 0
262 338 0 0
261 338 0 0
260 338 0 0
159 338 0 0
158 338 0 0
157 338 0 0
156 338 0 0
155 338 0 0
154 338 0 0
264 337 0 0
263 337 0 0
262 337 0 0
261 337 0 0
260 337 0 0
259 337 0 0
159 337 0 0
158 337 0 0
157 337 0 0
156 337 0 0
155 337 0 0
264 336 0 0
263 336 0 0
262 336 0 0
261 336 0 0
260 336 0 0
259 336 0 0
160 336 0 0
159 336 0 0
158 336 0 0
157 336 0 0
156 336 0 0
155 336 0 0
263 335 0 0
262 335 0 0
261 335 0 0
260 335 0 0
259 335 0 0
258 335 0 0
160 335 0 0
159 335 0 0
158 335 0 0
157 335 0 0
156 335 0 0
155 335 0 0
263 334 0 0
262 334 0 0
261 334 0 0
260 334 0 0
259 334 0 0
258 334 0 0
160 334 0 0
159 334 0 0
158 334 0 0
157 334 0 0
156 334 0 0
262 333 0 0
261 333 0 0
260 333 0 0
259 333 0 0
258 333 0 0
161 333 0 0
160 333 0 0
159 333 0 0
158 333 0 0
157 333 0 0
156 333 0 0
262 332 0 0
261 332 0 0
260 332 0 0
259 332 0 0
258 332 0 0
161 332 0 0
160 332 0 0
159 332 0 0
158 332 0 0
157 332 0 0
156 332 0 0
262 331 0 0
261 331 0 0
260 331 0 0
259 331 0 0
258 331 0 0
257 331 0 0
161 331 0 0
160 331 0 0
159 331 0 0
158 331 0 0
157 331 0 0
262 330 0 0
261 330 0 0
260 330 0 0
259 330 0 0
258 330 0 0
257 330 0 0
162 330 0 0
161 330 0 0
160 330 0 0
159 330 0 0
158 330 0 0
157 330 0 0
261 329 0 0
260 329 0 0
259 329 0 0
258 329 0 0
257 329 0 0
162 329 0 0
161 329 0 0
160 329 0 0
159 329 0 0
158 329 0 0
157 329 0 0
261 328 0 0
260 328 0 0
259 328 0 0
258 328 0 0
257 328 0 0
162 328 0 0
161 328 0 0
160 328 0 0
159 328 0 0
158 328 0 0
261 327 0 0
260 327 0 0
259 327 0 0
258 327 0 0
257 327 0 0
162 327 0 0
161 327 0 0
160 327 0 0
159 327 0 0
158 327 0 0
261 326 0 0
260 326 0 0
259 326 0 0
258 326 0 0
257 326 0 0
256 326 0 0
163 326 0 0
162 326 0 0
161 326 0 0
160 326 0 0
159 326 0 0
158 326 0 0
261 325 0 0
260 325 0 0
259 325 0 0
258 325 0 0
257 325 0 0
256 325 0 0
163 325 0 0
162 325 0 0
161 325 0 0
160 325 0 0
159 325 0 0
260 324 0 0
259 324 0 0
258 324 0 0
257 324 0 0
256 324 0 0
163 324 0 0
162 324 0 0
161 324 0 0
160 324 0 0
159 324 0 0
260 323 0 0
259 323 0 0
258 323 0 0
257 323 0 0
256 323 0 0
163 323 0 0
162 323 0 0
161 323 0 0
160 323 0 0
159 323 0 0
260 322 0 0
259 322 0 0
258 322 0 0
257 322 0 0
256 322 0 0
163 322 0 0
162 322 0 0
161 322 0 0
160 322 0 0
159 322 0 0
260 321 0 0
259 321 0 0
258 321 0 0
257 321 0 0
256 321 0 0
164 321 0 0
163 321 0 0
162 321 0 0
161 321 0 0
160 321 0 0
159 321 0 0
259 320 0 0
258 320 0 0
257 320 0 0
256 320 0 0
164 320 0 0
163 320 0 0
162 320 0 0
161 320 0 0
160 320 0 0
259 319 0 0
258 319 0 0
257 319 0 0
256 319 0 0
164 319 0 0
163 319 0 0
162 319 0 0
161 319 0 0
160 319 0 0
259 318 0 0
258 318 0 0
257 318 0 0
256 318 0 0
164 318 0 0
163 318 0 0
162 318 0 0
161 318 0 0
160 318 0 0
259 317 0 0
258 317 0 0
257 317 0 0
256 317 0 0
165 317 0 0
164 317 0 0
163 317 0 0
162 317 0 0
161 317 0 0
160 317 0 0
259 316 0 0
258 316 0 0
257 316 0 0
256 316 0 0
255 316 0 0
165 316 0 0
164 316 0 0
163 316 0 0
162 316 0 0
161 316 0 0
160 316 0 0
259 315 0 0
258 315 0 0
257 315 0 0
256 315 0 0
255 315 0 0
165 315 0 0
164 315 0 0
163 315 0 0
162 315 0 0
161 315 0 0
259 314 0 0
258 314 0 0
257 314 0 0
256 314 0 0
255 314 0 0
165 314 0 0
164 314 0 0
163 314 0 0
162 314 0 0
161 314 0 0
259 313 0 0
258 313 0 0
257 313 0 0
256 313 0 0
255 313 0 0
165 313 0 0
164 313 0 0
163 313 0 0
162 313 0 0
161 313 0 0
258 312 0 0
257 312 0 0
256 312 0 0
255 312 0 0
165 312 0 0
164 312 0 0
163 312 0 0
162 312 0 0
161 312 0 0
258 311 0 0
257 311 0 0
256 311 0 0
255 311 0 0
165 311 0 0
164 311 0 0
163 311 0 0
162 311 0 0
161 311 0 0
258 310 0 0
257 310 0 0
256 310 0 0
255 310 0 0
165 310 0 0
164 310 0 0
163 310 0 0
162 310 0 0
258 309 0 0
257 309 0 0
256 309 0 0
255 309 0 0
165 309 0 0
164 309 0 0
163 309 0 0
162 309 0 0
258 308 0 0
257 308 0 0
256 308 0 0
255 308 0 0
165 308 0 0
164 308 0 0
163 308 0 0
162 308 0 0
258 307 0 0
257 307 0 0
256 307 0 0
255 307 0 0
165 307 0 0
164 307 0 0
163 307 0 0
162 307 0 0
258 306 0 0
257 306 0 0
256 306 0 0
255 306 0 0
165 306 0 0
164 306 0 0
163 306 0 0
162 306 0 0
258 305 0 0
257 305 0 0
256 305 0 0
255 305 0 0
254 305 0 0
165 305 0 0
164 305 0 0
163 305 0 0
162 305 0 0
258 304 0 0
257 304 0 0
256 304 0 0
255 304 0 0
254 304 0 0
165 304 0 0
164 304 0 0
163 304 0 0
162 304 0 0
258 303 0 0
257 303 0 0
256 303 0 0
255 303 0 0
254 303 0 0
165 303 0 0
164 303 0 0
163 303 0 0
162 303 0 0
258 302 0 0
257 302 0 0
256 302 0 0
255 302 0 0
254 302 0 0
165 302 0 0
164 302 0 0
163 302 0 0
162 302 0 0
257 301 0 0
256 301 0 0
255 301 0 0
254 301 0 0
165 301 0 0
164 301 0 0
163 301 0 0
162 301 0 0
165 300 0 0
164 300 0 0
163 300 0 0
162 300 0 0
165 299 0 0
164 299 0 0
163 299 0 0
162 299 0 0
165 298 0 0
164 298 0 0
163 298 0 0
162 298 0 0
165 297 0 0
164 297 0 0
163 297 0 0
162 297 0 0
165 296 0 0
164 296 0 0
163 296 0 0
162 296 0 0
165 295 0 0
164 295 0 0
163 295 0 0
162 295 0 0
165 294 0 0
164 294 0 0
163 294 0 0
162 294 0 0
165 293 0 0
164 293 0 0
163 293 0 0
162 293 0 0
165 292 0 0
164 292 0 0
163 292 0 0
162 292 0 0
165 291 0 0
164 291 0 0
163 291 0 0
162 291 0 0
165 290 0 0
164 290 0 0
163 290 0 0
162 290 0 0
165 289 0 0
164 289 0 0
163 289 0 0
162 289 0 0
165 288 0 0
164 288 0 0
163 288 0 0
162 288 0 0
165 287 0 0
164 287 0 0
163 287 0 0
162 287 0 0
165 286 0 0
164 286 0 0
163 286 0 0
162 286 0 0
165 285 0 0
164 285 0 0
163 285 0 0
162 285 0 0
165 284 0 0
164 284 0 0
163 284 0 0
162 284 0 0
165 283 0 0
164 283 0 0
163 283 0 0
162 283 0 0
161 283 0 0
160 283 0 0
159 283 0 0
165 282 0 0
164 282 0 0
163 282 0 0
162 282 0 0
161 282 0 0
160 282 0 0
159 282 0 0
165 281 0 0
164 281 0 0
163 281 0 0
162 281 0 0
161 281 0 0
160 281 0 0
159 281 0 0
165 280 0 0
164 280 0 0
163 280 0 0
162 280 0 0
161 280 0 0
160 280 0 0
159 280 0 0
165 279 0 0
164 279 0 0
163 279 0 0
162 279 0 0
161 279 0 0
160 279 0 0
159 279 0 0
165 278 0 0
164 278 0 0
163 278 0 0
162 278 0 0
161 278 0 0
160 278 0 0
165 277 0 0
164 277 0 0
163 277 0 0
162 277 0 0
161 277 0 0
160 277 0 0
165 276 0 0
164 276 0 0
163 276 0 0
162 276 0 0
161 276 0 0
231 267 0 1
230 267 0 1
229 267 0 1
228 267 0 1
231 266 0 1
230 266 0 1
229 266 0 1
228 266 0 1
231 265 0 1
230 265 0 1
229 265 0 1
228 265 0 1
231 264 0 1
230 264 0 1
229 264 0 1
228 264 0 1
231 263 0 1
230 263 0 1
229 263 0 1
228 263 0 1
231 262 0 1
230 262 0 1
229 262 0 1
228 262 0 1
231 261 0 1
230 261 0 1
229 261 0 1
228 261 0 1
231 260 0 1
230 260 0 1
229 260 0 1
228 260 0 1
231 259 0 1
230 259 0 1
229 259 0 1
228 259 0 1
231 258 0 1
230 258 0 1
229 258 0 1
228 258 0 1
231 257 0 1
230 257 0 1
229 257 0 1
228 257 0 1
231 256 0 1
230 256 0 1
229 256 0 1
228 256 0 1
231 255 0 1
230 255 0 1
229 255 0 1
228 255 0 1
231 254 0 1
230 254 0 1
229 254 0 1
228 254 0 1
231 253 0 1
230 253 0 1
229 253 0 1
228 253 0 1
231 252 0 1
230 252 0 1
229 252 0 1
228 252 0 1
231 251 0 1
230 251 0 1
229 251 0 1
228 251 0 1
231 250 0 1
230 250 0 1
229 250 0 1
228 250 0 1
231 249 0 1
230 249 0 1
229 249 0 1
228 249 0 1
231 248 0 1
230 248 0 1
229 248 0 1
228 248 0 1
231 247 0 1
230 247 0 1
229 247 0 1
228 247 0 1
231 246 0 1
230 246 0 1
229 246 0 1
228 246 0 1
231 245 0 1
230 245 0 1
229 245 0 1
228 245 0 1
231 244 0 1
230 244 0 1
229 244 0 1
228 244 0 1
231 243 0 1
230 243 0 1
229 243 0 1
228 243 0 1
231 242 0 1
230 242 0 1
229 242 0 1
228 242 0 1
231 241 0 1
230 241 0 1
229 241 0 1
228 241 0 1
231 240 0 1
230 240 0 1
229 240 0 1
228 240 0 1
231 239 0 1
230 239 0 1
229 239 0 1
228 239 0 1
231 238 0 1
230 238 0 1
229 238 0 1
228 238 0 1
231 237 0 1
230 237 0 1
229 237 0 1
228 237 0 1
231 236 0 1
230 236 0 1
229 236 0 1
228 236 0 1
231 235 0 1
230 235 0 1
229 235 0 1
228 235 0 1
231 234 0 1
230 234 0 1
229 234 0 1
228 234 0 1
231 233 0 1
230 233 0 1
229 233 0 1
228 233 0 1
231 232 0 1
230 232 0 1
229 232 0 1
228 232 0 1
231 231 0 1
230 231 0 1
229 231 0 1
228 231 0 1
232 230 0 1
231 230 0 1
230 230 0 1
229 230 0 1
228 230 0 1
232 229 0 1
231 229 0 1
230 229 0 1
229 229 0 1
228 229 0 1
232 228 0 1
231 228 0 1
230 228 0 1
229 228 0 1
228 228 0 1
232 227 0 1
231 227 0 1
230 227 0 1
229 227 0 1
228 227 0 1
232 226 0 1
231 226 0 1
230 226 0 1
229 226 0 1
228 226 0 1
232 225 0 1
231 225 0 1
230 225 0 1
229 225 0 1
228 225 0 1
232 224 0 1
231 224 0 1
230 224 0 1
229 224 0 1
228 224 0 1
232 223 0 1
231 223 0 1
230 223 0 1
229 223 0 1
228 223 0 1
233 222 0 1
232 222 0 1
231 222 0 1
230 222 0 1
229 222 0 1
233 221 0 1
232 221 0 1
231 221 0 1
230 221 0 1
229 221 0 1
233 220 0 1
232 220 0 1
231 220 0 1
230 220 0 1
229 220 0 1
233 219 0 1
232 219 0 1
231 219 0 1
230 219 0 1
229 219 0 1
233 218 0 1
232 218 0 1
231 218 0 1
230 218 0 1
229 218 0 1
233 217 0 1
232 217 0 1
231 217 0 1
230 217 0 1
229 217 0 1
233 216 0 1
232 216 0 1
231 216 0 1
230 216 0 1
229 216 0 1
233 215 0 1
232 215 0 1
231 215 0 1
230 215 0 1
233 214 0 1
232 214 0 1
231 214 0 1
230 214 0 1
233 213 0 1
232 213 0 1
231 213 0 1
230 213 0 1
233 212 0 1
232 212 0 1
231 212 0 1
230 212 0 1
233 211 0 1
232 211 0 1
231 211 0 1
230 211 0 1
233 210 0 1
232 210 0 1
231 210 0 1
230 210 0 1
233 209 0 1
232 209 0 1
231 209 0 1
230 209 0 1
233 208 0 1
232 208 0 1
231 208 0 1
230 208 0 1
233 207 0 1
232 207 0 1
231 207 0 1
230 207 0 1
233 206 0 1
232 206 0 1
231 206 0 1
230 206 0 1
234 205 0 1
233 205 0 1
232 205 0 1
231 205 0 1
230 205 0 1
234 204 0 1
233 204 0 1
232 204 0 1
231 204 0 1
230 204 0 1
234 203 0 1
233 203 0 1
232 203 0 1
231 203 0 1
230 203 0 1
56 203 0 0
55 203 0 0
54 203 0 0
53 203 0 0
52 203 0 0
234 202 0 1
233 202 0 1
232 202 0 1
231 202 0 1
230 202 0 1
57 202 0 0
56 202 0 0
55 202 0 0
54 202 0 0
53 202 0 0
52 202 0 0
234 201 0 1
233 201 0 1
232 201 0 1
231 201 0 1
230 201 0 1
57 201 0 0
56 201 0 0
55 201 0 0
54 201 0 0
53 201 0 0
52 201 0 0
234 200 0 1
233 200 0 1
232 200 0 1
231 200 0 1
230 200 0 1
59 200 0 0
58 200 0 0
57 200 0 0
56 200 0 0
55 200 0 0
54 200 0 0
53 200 0 0
52 200 0 0
234 199 0 1
233 199 0 1
232 199 0 1
231 199 0 1
230 199 0 1
60 199 0 0
59 199 0 0
58 199 0 0
57 199 0 0
56 199 0 0
55 199 0 0
54 199 0 0
53 199 0 0
234 198 0 1
233 198 0 1
232 198 0 1
231 198 0 1
230 198 0 1
61 198 0 0
60 198 0 0
59 198 0 0
58 198 0 0
57 198 0 0
56 198 0 0
55 198 0 0
54 198 0 0
234 197 0 1
233 197 0 1
232 197 0 1
231 197 0 1
230 197 0 1
62 197 0 0
61 197 0 0
60 197 0 0
59 197 0 0
58 197 0 0
57 197 0 0
56 197 0 0
55 197 0 0
234 196 0 1
233 196 0 1
232 196 0 1
231 196 0 1
230 196 0 1
62 196 0 0
61 196 0 0
60 196 0 0
59 196 0 0
58 196 0 0
57 196 0 0
234 195 0 1
233 195 0 1
232 195 0 1
231 195 0 1
230 195 0 1
63 195 0 0
62 195 0 0
61 195 0 0
60 195 0 0
59 195 0 0
58 195 0 0
234 194 0 1
233 194 0 1
232 194 0 1
231 194 0 1
230 194 0 1
64 194 0 0
63 194 0 0
62 194 0 0
61 194 0 0
60 194 0 0
59 194 0 0
58 194 0 0
235 193 0 1
234 193 0 1
233 193 0 1
232 193 0 1
231 193 0 1
64 193 0 0
63 193 0 0
62 193 0 0
61 193 0 0
60 193 0 0
59 193 0 0
235 192 0 1
234 192 0 1
233 192 0 1
232 192 0 1
231 192 0 1
65 192 0 0
64 192 0 0
63 192 0 0
62 192 0 0
61 192 0 0
60 192 0 0
235 191 0 1
234 191 0 1
233 191 0 1
232 191 0 1
231 191 0 1
65 191 0 0
64 191 0 0
63 191 0 0
62 191 0 0
61 191 0 0
60 191 0 0
235 190 0 1
234 190 0 1
233 190 0 1
232 190 0 1
231 190 0 1
66 190 0 0
65 190 0 0
64 190 0 0
63 190 0 0
62 190 0 0
61 190 0 0
235 189 0 1
234 189 0 1
233 189 0 1
232 189 0 1
231 189 0 1
66 189 0 0
65 189 0 0
64 189 0 0
63 189 0 0
62 189 0 0
61 189 0 0
235 188 0 1
234 188 0 1
233 188 0 1
232 188 0 1
231 188 0 1
67 188 0 0
66 188 0 0
65 188 0 0
64 188 0 0
63 188 0 0
62 188 0 0
235 187 0 1
234 187 0 1
233 187 0 1
232 187 0 1
231 187 0 1
68 187 0 0
67 187 0 0
66 187 0 0
65 187 0 0
64 187 0 0
63 187 0 0
62 187 0 0
235 186 0 1
234 186 0 1
233 186 0 1
232 186 0 1
231 186 0 1
69 186 0 0
68 186 0 0
67 186 0 0
66 186 0 0
65 186 0 0
64 186 0 0
63 186 0 0
235 185 0 1
234 185 0 1
233 185 0 1
232 185 0 1
231 185 0 1
69 185 0 0
68 185 0 0
67 185 0 0
66 185 0 0
65 185 0 0
64 185 0 0
235 184 0 1
234 184 0 1
233 184 0 1
232 184 0 1
231 184 0 1
70 184 0 0
69 184 0 0
68 184 0 0
67 184 0 0
66 184 0 0
65 184 0 0
235 183 0 1
234 183 0 1
233 183 0 1
232 183 0 1
231 183 0 1
70 183 0 0
69 183 0 0
68 183 0 0
67 183 0 0
66 183 0 0
65 183 0 0
235 182 0 1
234 182 0 1
233 182 0 1
232 182 0 1
231 182 0 1
71 182 0 0
70 182 0 0
69 182 0 0
68 182 0 0
67 182 0 0
66 182 0 0
236 181 0 1
235 181 0 1
234 181 0 1
233 181 0 1
232 181 0 1
231 181 0 1
71 181 0 0
70 181 0 0
69 181 0 0
68 181 0 0
67 181 0 0
66 181 0 0
236 180 0 1
235 180 0 1
234 180 0 1
233 180 0 1
232 180 0 1
72 180 0 0
71 180 0 0
70 180 0 0
69 180 0 0
68 180 0 0
67 180 0 0
236 179 0 1
235 179 0 1
234 179 0 1
233 179 0 1
232 179 0 1
72 179 0 0
71 179 0 0
70 179 0 0
69 179 0 0
68 179 0 0
67 179 0 0
236 178 0 1
235 178 0 1
234 178 0 1
233 178 0 1
232 178 0 1
73 178 0 0
72 178 0 0
71 178 0 0
70 178 0 0
69 178 0 0
68 178 0 0
236 177 0 1
235 177 0 1
234 177 0 1
233 177 0 1
232 177 0 1
74 177 0 0
73 177 0 0
72 177 0 0
71 177 0 0
70 177 0 0
69 177 0 0
236 176 0 1
235 176 0 1
234 176 0 1
233 176 0 1
232 176 0 1
74 176 0 0
73 176 0 0
72 176 0 0
71 176 0 0
70 176 0 0
69 176 0 0
237 175 0 1
236 175 0 1
235 175 0 1
234 175 0 1
233 175 0 1
232 175 0 1
75 175 0 0
74 175 0 0
73 175 0 0
72 175 0 0
71 175 0 0
70 175 0 0
237 174 0 1
236 174 0 1
235 174 0 1
234 174 0 1
233 174 0 1
76 174 0 0
75 174 0 0
74 174 0 0
73 174 0 0
72 174 0 0
71 174 0 0
237 173 0 1
236 173 0 1
235 173 0 1
234 173 0 1
233 173 0 1
76 173 0 0
75 173 0 0
74 173 0 0
73 173 0 0
72 173 0 0
71 173 0 0
237 172 0 1
236 172 0 1
235 172 0 1
234 172 0 1
233 172 0 1
77 172 0 0
76 172 0 0
75 172 0 0
74 172 0 0
73 172 0 0
72 172 0 0
237 171 0 1
236 171 0 1
235 171 0 1
234 171 0 1
233 171 0 1
78 171 0 0
77 171 0 0
76 171 0 0
75 171 0 0
74 171 0 0
73 171 0 0
238 170 0 1
237 170 0 1
236 170 0 1
235 170 0 1
234 170 0 1
233 170 0 1
78 170 0 0
77 170 0 0
76 170 0 0
75 170 0 0
74 170 0 0
73 170 0 0
238 169 0 1
237 169 0 1
236 169 0 1
235 169 0 1
234 169 0 1
79 169 0 0
78 169 0 0
77 169 0 0
76 169 0 0
75 169 0 0
74 169 0 0
238 168 0 1
237 168 0 1
236 168 0 1
235 168 0 1
234 168 0 1
181 168 0 1
180 168 0 1
179 168 0 1
178 168 0 1
80 168 0 0
79 168 0 0
78 168 0 0
77 168 0 0
76 168 0 0
75 168 0 0
238 167 0 1
237 167 0 1
236 167 0 1
235 167 0 1
234 167 0 1
181 167 0 1
180 167 0 1
179 167 0 1
178 167 0 1
80 167 0 0
79 167 0 0
78 167 0 0
77 167 0 0
76 167 0 0
75 167 0 0
238 166 0 1
237 166 0 1
236 166 0 1
235 166 0 1
234 166 0 1
181 166 0 1
180 166 0 1
179 166 0 1
178 166 0 1
81 166 0 0
80 166 0 0
79 166 0 0
78 166 0 0
77 166 0 0
76 166 0 0
238 165 0 1
237 165 0 1
236 165 0 1
235 165 0 1
234 165 0 1
181 165 0 1
180 165 0 1
179 165 0 1
178 165 0 1
82 165 0 0
81 165 0 0
80 165 0 0
79 165 0 0
78 165 0 0
77 165 0 0
76 165 0 0
238 164 0 1
237 164 0 1
236 164 0 1
235 164 0 1
234 164 0 1
181 164 0 1
180 164 0 1
179 164 0 1
178 164 0 1
82 164 0 0
81 164 0 0
80 164 0 0
79 164 0 0
78 164 0 0
77 164 0 0
238 163 0 1
237 163 0 1
236 163 0 1
235 163 0 1
234 163 0 1
181 163 0 1
180 163 0 1
179 163 0 1
178 163 0 1
83 163 0 0
82 163 0 0
81 163 0 0
80 163 0 0
79 163 0 0
78 163 0 0
238 162 0 1
237 162 0 1
236 162 0 1
235 162 0 1
181 162 0 1
180 162 0 1
179 162 0 1
178 162 0 1
84 162 0 0
83 162 0 0
82 162 0 0
81 162 0 0
80 162 0 0
79 162 0 0
78 162 0 0
238 161 0 1
237 161 0 1
236 161 0 1
235 161 0 1
181 161 0 1
180 161 0 1
179 161 0 1
178 161 0 1
84 161 0 0
83 161 0 0
82 161 0 0
81 161 0 0
80 161 0 0
79 161 0 0
238 160 0 1
237 160 0 1
236 160 0 1
235 160 0 1
181 160 0 1
180 160 0 1
179 160 0 1
178 160 0 1
85 160 0 0
84 160 0 0
83 160 0 0
82 160 0 0
81 160 0 0
80 160 0 0
238 159 0 1
237 159 0 1
236 159 0 1
235 159 0 1
181 159 0 1
180 159 0 1
179 159 0 1
178 159 0 1
85 159 0 0
84 159 0 0
83 159 0 0
82 159 0 0
81 159 0 0
80 159 0 0
238 158 0 1
237 158 0 1
236 158 0 1
235 158 0 1
181 158 0 1
180 158 0 1
179 158 0 1
178 158 0 1
85 158 0 0
84 158 0 0
83 158 0 0
82 158 0 0
81 158 0 0
238 157 0 1
237 157 0 1
236 157 0 1
235 157 0 1
181 157 0 1
180 157 0 1
179 157 0 1
178 157 0 1
85 157 0 0
84 157 0 0
83 157 0 0
82 157 0 0
81 157 0 0
238 156 0 1
237 156 0 1
236 156 0 1
235 156 0 1
181 156 0 1
180 156 0 1
179 156 0 1
178 156 0 1
86 156 0 0
85 156 0 0
84 156 0 0
83 156 0 0
82 156 0 0
81 156 0 0
239 155 0 1
238 155 0 1
237 155 0 1
236 155 0 1
235 155 0 1
181 155 0 1
180 155 0 1
179 155 0 1
178 155 0 1
86 155 0 0
85 155 0 0
84 155 0 0
83 155 0 0
82 155 0 0
239 154 0 1
238 154 0 1
237 154 0 1
236 154 0 1
235 154 0 1
181 154 0 1
180 154 0 1
179 154 0 1
178 154 0 1
86 154 0 0
85 154 0 0
84 154 0 0
83 154 0 0
82 154 0 0
239 153 0 1
238 153 0 1
237 153 0 1
236 153 0 1
235 153 0 1
181 153 0 1
180 153 0 1
179 153 0 1
178 153 0 1
87 153 0 0
86 153 0 0
85 153 0 0
84 153 0 0
83 153 0 0
82 153 0 0
239 152 0 1
238 152 0 1
237 152 0 1
236 152 0 1
235 152 0 1
181 152 0 1
180 152 0 1
179 152 0 1
178 152 0 1
87 152 0 0
86 152 0 0
85 152 0 0
84 152 0 0
83 152 0 0
82 152 0 0
239 151 0 1
238 151 0 1
237 151 0 1
236 151 0 1
235 151 0 1
181 151 0 1
180 151 0 1
179 151 0 1
178 151 0 1
88 151 0 0
87 151 0 0
86 151 0 0
85 151 0 0
84 151 0 0
83 151 0 0
239 150 0 1
238 150 0 1
237 150 0 1
236 150 0 1
235 150 0 1
181 150 0 1
180 150 0 1
179 150 0 1
178 150 0 1
88 150 0 0
87 150 0 0
86 150 0 0
85 150 0 0
84 150 0 0
83 150 0 0
240 149 0 1
239 149 0 1
238 149 0 1
237 149 0 1
236 149 0 1
235 149 0 1
181 149 0 1
180 149 0 1
179 149 0 1
178 149 0 1
89 149 0 0
88 149 0 0
87 149 0 0
86 149 0 0
85 149 0 0
84 149 0 0
240 148 0 1
239 148 0 1
238 148 0 1
237 148 0 1
236 148 0 1
181 148 0 1
180 148 0 1
179 148 0 1
178 148 0 1
90 148 0 0
89 148 0 0
88 148 0 0
87 148 0 0
86 148 0 0
85 148 0 0
240 147 0 1
239 147 0 1
238 147 0 1
237 147 0 1
236 147 0 1
181 147 0 1
180 147 0 1
179 147 0 1
178 147 0 1
90 147 0 0
89 147 0 0
88 147 0 0
87 147 0 0
86 147 0 0
85 147 0 0
240 146 0 1
239 146 0 1
238 146 0 1
237 146 0 1
236 146 0 1
181 146 0 1
180 146 0 1
179 146 0 1
178 146 0 1
91 146 0 0
90 146 0 0
89 146 0 0
88 146 0 0
87 146 0 0
86 146 0 0
240 145 0 1
239 145 0 1
238 145 0 1
237 145 0 1
236 145 0 1
181 145 0 1
180 145 0 1
179 145 0 1
178 145 0 1
91 145 0 0
90 145 0 0
89 145 0 0
88 145 0 0
87 145 0 0
86 145 0 0
240 144 0 1
239 144 0 1
238 144 0 1
237 144 0 1
236 144 0 1
181 144 0 1
180 144 0 1
179 144 0 1
178 144 0 1
92 144 0 0
91 144 0 0
90 144 0 0
89 144 0 0
88 144 0 0
87 144 0 0
240 143 0 1
239 143 0 1
238 143 0 1
237 143 0 1
236 143 0 1
181 143 0 1
180 143 0 1
179 143 0 1
178 143 0 1
92 143 0 0
91 143 0 0
90 143 0 0
89 143 0 0
88 143 0 0
87 143 0 0
240 142 0 1
239 142 0 1
238 142 0 1
237 142 0 1
181 142 0 1
180 142 0 1
179 142 0 1
178 142 0 1
93 142 0 0
92 142 0 0
91 142 0 0
90 142 0 0
89 142 0 0
88 142 0 0
181 141 0 1
180 141 0 1
179 141 0 1
178 141 0 1
93 141 0 0
92 141 0 0
91 141 0 0
90 141 0 0
89 141 0 0
88 141 0 0
181 140 0 1
180 140 0 1
179 140 0 1
178 140 0 1
94 140 0 0
93 140 0 0
92 140 0 0
91 140 0 0
90 140 0 0
89 140 0 0
181 139 0 1
180 139 0 1
179 139 0 1
178 139 0 1
94 139 0 0
93 139 0 0
92 139 0 0
91 139 0 0
90 139 0 0
89 139 0 0
181 138 0 1
180 138 0 1
179 138 0 1
178 138 0 1
95 138 0 0
94 138 0 0
93 138 0 0
92 138 0 0
91 138 0 0
90 138 0 0
181 137 0 1
180 137 0 1
179 137 0 1
178 137 0 1
95 137 0 0
94 137 0 0
93 137 0 0
92 137 0 0
91 137 0 0
90 137 0 0
181 136 0 1
180 136 0 1
179 136 0 1
178 136 0 1
96 136 0 0
95 136 0 0
94 136 0 0
93 136 0 0
92 136 0 0
91 136 0 0
181 135 0 1
180 135 0 1
179 135 0 1
178 135 0 1
96 135 0 0
95 135 0 0
94 135 0 0
93 135 0 0
92 135 0 0
91 135 0 0
181 134 0 1
180 134 0 1
179 134 0 1
178 134 0 1
97 134 0 0
96 134 0 0
95 134 0 0
94 134 0 0
93 134 0 0
92 134 0 0
181 133 0 1
180 133 0 1
179 133 0 1
178 133 0 1
97 133 0 0
96 133 0 0
95 133 0 0
94 133 0 0
93 133 0 0
92 133 0 0
181 132 0 1
180 132 0 1
179 132 0 1
178 132 0 1
98 132 0 0
97 132 0 0
96 132 0 0
95 132 0 0
94 132 0 0
93 132 0 0
181 131 0 1
180 131 0 1
179 131 0 1
178 131 0 1
98 131 0 0
97 131 0 0
96 131 0 0
95 131 0 0
94 131 0 0
93 131 0 0
181 130 0 1
180 130 0 1
179 130 0 1
178 130 0 1
98 130 0 0
97 130 0 0
96 130 0 0
95 130 0 0
94 130 0 0
181 129 0 1
180 129 0 1
179 129 0 1
178 129 0 1
99 129 0 0
98 129 0 0
97 129 0 0
96 129 0 0
95 129 0 0
94 129 0 0
181 128 0 1
180 128 0 1
179 128 0 1
178 128 0 1
99 128 0 0
98 128 0 0
97 128 0 0
96 128 0 0
95 128 0 0
94 128 0 0
181 127 0 1
180 127 0 1
179 127 0 1
178 127 0 1
99 127 0 0
98 127 0 0
97 127 0 0
96 127 0 0
95 127 0 0
181 126 0 1
180 126 0 1
179 126 0 1
178 126 0 1
100 126 0 0
99 126 0 0
98 126 0 0
97 126 0 0
96 126 0 0
95 126 0 0
181 125 0 1
180 125 0 1
179 125 0 1
178 125 0 1
100 125 0 0
99 125 0 0
98 125 0 0
97 125 0 0
96 125 0 0
95 125 0 0
182 124 0 1
181 124 0 1
180 124 0 1
179 124 0 1
178 124 0 1
100 124 0 0
99 124 0 0
98 124 0 0
97 124 0 0
96 124 0 0
182 123 0 1
181 123 0 1
180 123 0 1
179 123 0 1
178 123 0 1
101 123 0 0
100 123 0 0
99 123 0 0
98 123 0 0
97 123 0 0
96 123 0 0
182 122 0 1
181 122 0 1
180 122 0 1
179 122 0 1
178 122 0 1
101 122 0 0
100 122 0 0
99 122 0 0
98 122 0 0
97 122 0 0
96 122 0 0
182 121 0 1
181 121 0 1
180 121 0 1
179 121 0 1
178 121 0 1
101 121 0 0
100 121 0 0
99 121 0 0
98 121 0 0
97 121 0 0
183 120 0 1
182 120 0 1
181 120 0 1
180 120 0 1
179 120 0 1
178 120 0 1
102 120 0 0
101 120 0 0
100 120 0 0
99 120 0 0
98 120 0 0
97 120 0 0
183 119 0 1
182 119 0 1
181 119 0 1
180 119 0 1
179 119 0 1
102 119 0 0
101 119 0 0
100 119 0 0
99 119 0 0
98 119 0 0
183 118 0 1
182 118 0 1
181 118 0 1
180 118 0 1
179 118 0 1
102 118 0 0
101 118 0 0
100 118 0 0
99 118 0 0
98 118 0 0
183 117 0 1
182 117 0 1
181 117 0 1
180 117 0 1
179 117 0 1
103 117 0 0
102 117 0 0
101 117 0 0
100 117 0 0
99 117 0 0
98 117 0 0
184 116 0 1
183 116 0 1
182 116 0 1
181 116 0 1
180 116 0 1
179 116 0 1
103 116 0 0
102 116 0 0
101 116 0 0
100 116 0 0
99 116 0 0
184 115 0 1
183 115 0 1
182 115 0 1
181 115 0 1
180 115 0 1
104 115 0 0
103 115 0 0
102 115 0 0
101 115 0 0
100 115 0 0
99 115 0 0
184 114 0 1
183 114 0 1
182 114 0 1
181 114 0 1
180 114 0 1
105 114 0 0
104 114 0 0
103 114 0 0
102 114 0 0
101 114 0 0
100 114 0 0
99 114 0 0
358 113 0 0
357 113 0 0
356 113 0 0
355 113 0 0
309 113 0 1
308 113 0 1
307 113 0 1
306 113 0 1
184 113 0 1
183 113 0 1
182 113 0 1
181 113 0 1
180 113 0 1
105 113 0 0
104 113 0 0
103 113 0 0
102 113 0 0
101 113 0 0
100 113 0 0
358 112 0 0
357 112 0 0
356 112 0 0
355 112 0 0
309 112 0 1
308 112 0 1
307 112 0 1
306 112 0 1
305 112 0 1
184 112 0 1
183 112 0 1
182 112 0 1
181 112 0 1
180 112 0 1
106 112 0 0
105 112 0 0
104 112 0 0
103 112 0 0
102 112 0 0
101 112 0 0
358 111 0 0
357 111 0 0
356 111 0 0
355 111 0 0
309 111 0 1
308 111 0 1
307 111 0 1
306 111 0 1
305 111 0 1
304 111 0 1
184 111 0 1
183 111 0 1
182 111 0 1
181 111 0 1
180 111 0 1
107 111 0 0
106 111 0 0
105 111 0 0
104 111 0 0
103 111 0 0
102 111 0 0
101 111 0 0
358 110 0 0
357 110 0 0
356 110 0 0
355 110 0 0
309 110 0 1
308 110 0 1
307 110 0 1
306 110 0 1
305 110 0 1
304 110 0 1
184 110 0 1
183 110 0 1
182 110 0 1
181 110 0 1
180 110 0 1
107 110 0 0
106 110 0 0
105 110 0 0
104 110 0 0
103 110 0 0
102 110 0 0
358 109 0 0
357 109 0 0
356 109 0 0
355 109 0 0
309 109 0 1
308 109 0 1
307 109 0 1
306 109 0 1
305 109 0 1
304 109 0 1
185 109 0 1
184 109 0 1
183 109 0 1
182 109 0 1
181 109 0 1
180 109 0 1
108 109 0 0
107 109 0 0
106 109 0 0
105 109 0 0
104 109 0 0
103 109 0 0
358 108 0 0
357 108 0 0
356 108 0 0
355 108 0 0
309 108 0 1
308 108 0 1
307 108 0 1
306 108 0 1
305 108 0 1
304 108 0 1
303 108 0 1
185 108 0 1
184 108 0 1
183 108 0 1
182 108 0 1
181 108 0 1
109 108 0 0
108 108 0 0
107 108 0 0
106 108 0 0
105 108 0 0
104 108 0 0
103 108 0 0
358 107 0 0
357 107 0 0
356 107 0 0
355 107 0 0
309 107 0 1
308 107 0 1
307 107 0 1
306 107 0 1
305 107 0 1
304 107 0 1
303 107 0 1
302 107 0 1
185 107 0 1
184 107 0 1
183 107 0 1
182 107 0 1
181 107 0 1
109 107 0 0
108 107 0 0
107 107 0 0
106 107 0 0
105 107 0 0
104 107 0 0
358 106 0 0
357 106 0 0
356 106 0 0
355 106 0 0
307 106 0 1
306 106 0 1
305 106 0 1
304 106 0 1
303 106 0 1
302 106 0 1
301 106 0 1
186 106 0 1
185 106 0 1
184 106 0 1
183 106 0 1
182 106 0 1
181 106 0 1
110 106 0 0
109 106 0 0
108 106 0 0
107 106 0 0
106 106 0 0
105 106 0 0
358 105 0 0
357 105 0 0
356 105 0 0
355 105 0 0
306 105 0 1
305 105 0 1
304 105 0 1
303 105 0 1
302 105 0 1
301 105 0 1
300 105 0 1
186 105 0 1
185 105 0 1
184 105 0 1
183 105 0 1
182 105 0 1
110 105 0 0
109 105 0 0
108 105 0 0
107 105 0 0
106 105 0 0
105 105 0 0
358 104 0 0
357 104 0 0
356 104 0 0
355 104 0 0
305 104 0 1
304 104 0 1
303 104 0 1
302 104 0 1
301 104 0 1
300 104 0 1
299 104 0 1
298 104 0 1
187 104 0 1
186 104 0 1
185 104 0 1
184 104 0 1
183 104 0 1
182 104 0 1
111 104 0 0
110 104 0 0
109 104 0 0
108 104 0 0
107 104 0 0
106 104 0 0
358 103 0 0
357 103 0 0
356 103 0 0
355 103 0 0
304 103 0 1
303 103 0 1
302 103 0 1
301 103 0 1
300 103 0 1
299 103 0 1
298 103 0 1
297 103 0 1
296 103 0 1
295 103 0 1
187 103 0 1
186 103 0 1
185 103 0 1
184 103 0 1
183 103 0 1
182 103 0 1
112 103 0 0
111 103 0 0
110 103 0 0
109 103 0 0
108 103 0 0
107 103 0 0
358 102 0 0
357 102 0 0
356 102 0 0
355 102 0 0
303 102 0 1
302 102 0 1
301 102 0 1
300 102 0 1
299 102 0 1
298 102 0 1
297 102 0 1
296 102 0 1
295 102 0 1
294 102 0 1
188 102 0 1
187 102 0 1
186 102 0 1
185 102 0 1
184 102 0 1
183 102 0 1
112 102 0 0
111 102 0 0
110 102 0 0
109 102 0 0
108 102 0 0
107 102 0 0
358 101 0 0
357 101 0 0
356 101 0 0
355 101 0 0
302 101 0 1
301 101 0 1
300 101 0 1
299 101 0 1
298 101 0 1
297 101 0 1
296 101 0 1
295 101 0 1
294 101 0 1
293 101 0 1
188 101 0 1
187 101 0 1
186 101 0 1
185 101 0 1
184 101 0 1
183 101 0 1
113 101 0 0
112 101 0 0
111 101 0 0
110 101 0 0
109 101 0 0
108 101 0 0
358 100 0 0
357 100 0 0
356 100 0 0
355 100 0 0
300 100 0 1
299 100 0 1
298 100 0 1
297 100 0 1
296 100 0 1
295 100 0 1
294 100 0 1
293 100 0 1
292 100 0 1
189 100 0 1
188 100 0 1
187 100 0 1
186 100 0 1
185 100 0 1
184 100 0 1
114 100 0 0
113 100 0 0
112 100 0 0
111 100 0 0
110 100 0 0
109 100 0 0
108 100 0 0
358 99 0 0
357 99 0 0
356 99 0 0
355 99 0 0
299 99 0 1
298 99 0 1
297 99 0 1
296 99 0 1
295 99 0 1
294 99 0 1
293 99 0 1
292 99 0 1
291 99 0 1
189 99 0 1
188 99 0 1
187 99 0 1
186 99 0 1
185 99 0 1
184 99 0 1
114 99 0 0
113 99 0 0
112 99 0 0
111 99 0 0
110 99 0 0
109 99 0 0
358 98 0 0
357 98 0 0
356 98 0 0
355 98 0 0
296 98 0 1
295 98 0 1
294 98 0 1
293 98 0 1
292 98 0 1
291 98 0 1
290 98 0 1
289 98 0 1
190 98 0 1
189 98 0 1
188 98 0 1
187 98 0 1
186 98 0 1
185 98 0 1
115 98 0 0
114 98 0 0
113 98 0 0
112 98 0 0
111 98 0 0
110 98 0 0
358 97 0 0
357 97 0 0
356 97 0 0
355 97 0 0
295 97 0 1
294 97 0 1
293 97 0 1
292 97 0 1
291 97 0 1
290 97 0 1
289 97 0 1
288 97 0 1
190 97 0 1
189 97 0 1
188 97 0 1
187 97 0 1
186 97 0 1
185 97 0 1
116 97 0 0
115 97 0 0
114 97 0 0
113 97 0 0
112 97 0 0
111 97 0 0
110 97 0 0
358 96 0 0
357 96 0 0
356 96 0 0
355 96 0 0
294 96 0 1
293 96 0 1
292 96 0 1
291 96 0 1
290 96 0 1
289 96 0 1
288 96 0 1
287 96 0 1
191 96 0 1
190 96 0 1
189 96 0 1
188 96 0 1
187 96 0 1
186 96 0 1
116 96 0 0
115 96 0 0
114 96 0 0
113 96 0 0
112 96 0 0
111 96 0 0
358 95 0 0
357 95 0 0
356 95 0 0
355 95 0 0
293 95 0 1
292 95 0 1
291 95 0 1
290 95 0 1
289 95 0 1
288 95 0 1
287 95 0 1
286 95 0 1
285 95 0 1
192 95 0 1
191 95 0 1
190 95 0 1
189 95 0 1
188 95 0 1
187 95 0 1
186 95 0 1
117 95 0 0
116 95 0 0
115 95 0 0
114 95 0 0
113 95 0 0
112 95 0 0
358 94 0 0
357 94 0 0
356 94 0 0
355 94 0 0
291 94 0 1
290 94 0 1
289 94 0 1
288 94 0 1
287 94 0 1
286 94 0 1
285 94 0 1
284 94 0 1
193 94 0 1
192 94 0 1
191 94 0 1
190 94 0 1
189 94 0 1
188 94 0 1
187 94 0 1
118 94 0 0
117 94 0 0
116 94 0 0
115 94 0 0
114 94 0 0
113 94 0 0
112 94 0 0
358 93 0 0
357 93 0 0
356 93 0 0
355 93 0 0
354 93 0 0
290 93 0 1
289 93 0 1
288 93 0 1
287 93 0 1
286 93 0 1
285 93 0 1
284 93 0 1
283 93 0 1
282 93 0 1
194 93 0 1
193 93 0 1
192 93 0 1
191 93 0 1
190 93 0 1
189 93 0 1
188 93 0 1
119 93 0 0
118 93 0 0
117 93 0 0
116 93 0 0
115 93 0 0
114 93 0 0
113 93 0 0
358 92 0 0
357 92 0 0
356 92 0 0
355 92 0 0
354 92 0 0
289 92 0 1
288 92 0 1
287 92 0 1
286 92 0 1
285 92 0 1
284 92 0 1
283 92 0 1
282 92 0 1
281 92 0 1
280 92 0 1
195 92 0 1
194 92 0 1
193 92 0 1
192 92 0 1
191 92 0 1
190 92 0 1
189 92 0 1
120 92 0 0
119 92 0 0
118 92 0 0
117 92 0 0
116 92 0 0
115 92 0 0
114 92 0 0
358 91 0 0
357 91 0 0
356 91 0 0
355 91 0 0
354 91 0 0
287 91 0 1
286 91 0 1
285 91 0 1
284 91 0 1
283 91 0 1
282 91 0 1
281 91 0 1
280 91 0 1
279 91 0 1
278 91 0 1
195 91 0 1
194 91 0 1
193 91 0 1
192 91 0 1
191 91 0 1
190 91 0 1
121 91 0 0
120 91 0 0
119 91 0 0
118 91 0 0
117 91 0 0
116 91 0 0
115 91 0 0
358 90 0 0
357 90 0 0
356 90 0 0
355 90 0 0
354 90 0 0
286 90 0 1
285 90 0 1
284 90 0 1
283 90 0 1
282 90 0 1
281 90 0 1
280 90 0 1
279 90 0 1
278 90 0 1
277 90 0 1
276 90 0 1
196 90 0 1
195 90 0 1
194 90 0 1
193 90 0 1
192 90 0 1
191 90 0 1
123 90 0 0
122 90 0 0
121 90 0 0
120 90 0 0
119 90 0 0
118 90 0 0
117 90 0 0
116 90 0 0
358 89 0 0
357 89 0 0
356 89 0 0
355 89 0 0
354 89 0 0
284 89 0 1
283 89 0 1
282 89 0 1
281 89 0 1
280 89 0 1
279 89 0 1
278 89 0 1
277 89 0 1
276 89 0 1
275 89 0 1
274 89 0 1
197 89 0 1
196 89 0 1
195 89 0 1
194 89 0 1
193 89 0 1
192 89 0 1
124 89 0 0
123 89 0 0
122 89 0 0
121 89 0 0
120 89 0 0
119 89 0 0
118 89 0 0
117 89 0 0
358 88 0 0
357 88 0 0
356 88 0 0
355 88 0 0
354 88 0 0
283 88 0 1
282 88 0 1
281 88 0 1
280 88 0 1
279 88 0 1
278 88 0 1
277 88 0 1
276 88 0 1
275 88 0 1
274 88 0 1
273 88 0 1
272 88 0 1
198 88 0 1
197 88 0 1
196 88 0 1
195 88 0 1
194 88 0 1
193 88 0 1
192 88 0 1
125 88 0 0
124 88 0 0
123 88 0 0
122 88 0 0
121 88 0 0
120 88 0 0
119 88 0 0
118 88 0 0
357 87 0 0
356 87 0 0
355 87 0 0
354 87 0 0
281 87 0 1
280 87 0 1
279 87 0 1
278 87 0 1
277 87 0 1
276 87 0 1
275 87 0 1
274 87 0 1
273 87 0 1
272 87 0 1
271 87 0 1
270 87 0 1
269 87 0 1
199 87 0 1
198 87 0 1
197 87 0 1
196 87 0 1
195 87 0 1
194 87 0 1
193 87 0 1
126 87 0 0
125 87 0 0
124 87 0 0
123 87 0 0
122 87 0 0
121 87 0 0
120 87 0 0
119 87 0 0
357 86 0 0
356 86 0 0
355 86 0 0
354 86 0 0
279 86 0 1
278 86 0 1
277 86 0 1
276 86 0 1
275 86 0 1
274 86 0 1
273 86 0 1
272 86 0 1
271 86 0 1
270 86 0 1
269 86 0 1
268 86 0 1
267 86 0 1
266 86 0 1
265 86 0 1
201 86 0 1
200 86 0 1
199 86 0 1
198 86 0 1
197 86 0 1
196 86 0 1
195 86 0 1
194 86 0 1
127 86 0 0
126 86 0 0
125 86 0 0
124 86 0 0
123 86 0 0
122 86 0 0
121 86 0 0
120 86 0 0
357 85 0 0
356 85 0 0
355 85 0 0
354 85 0 0
353 85 0 0
277 85 0 1
276 85 0 1
275 85 0 1
274 85 0 1
273 85 0 1
272 85 0 1
271 85 0 1
270 85 0 1
269 85 0 1
268 85 0 1
267 85 0 1
266 85 0 1
265 85 0 1
264 85 0 1
263 85 0 1
202 85 0 1
201 85 0 1
200 85 0 1
199 85 0 1
198 85 0 1
197 85 0 1
196 85 0 1
195 85 0 1
128 85 0 0
127 85 0 0
126 85 0 0
125 85 0 0
124 85 0 0
123 85 0 0
122 85 0 0
121 85 0 0
357 84 0 0
356 84 0 0
355 84 0 0
354 84 0 0
353 84 0 0
275 84 0 1
274 84 0 1
273 84 0 1
272 84 0 1
271 84 0 1
270 84 0 1
269 84 0 1
268 84 0 1
267 84 0 1
266 84 0 1
265 84 0 1
264 84 0 1
263 84 0 1
262 84 0 1
261 84 0 1
260 84 0 1
203 84 0 1
202 84 0 1
201 84 0 1
200 84 0 1
199 84 0 1
198 84 0 1
197 84 0 1
196 84 0 1
129 84 0 0
128 84 0 0
127 84 0 0
126 84 0 0
125 84 0 0
124 84 0 0
123 84 0 0
122 84 0 0
357 83 0 0
356 83 0 0
355 83 0 0
354 83 0 0
353 83 0 0
272 83 0 1
271 83 0 1
270 83 0 1
269 83 0 1
268 83 0 1
267 83 0 1
266 83 0 1
265 83 0 1
264 83 0 1
263 83 0 1
262 83 0 1
261 83 0 1
260 83 0 1
259 83 0 1
205 83 0 1
204 83 0 1
203 83 0 1
202 83 0 1
201 83 0 1
200 83 0 1
199 83 0 1
198 83 0 1
197 83 0 1
130 83 0 0
129 83 0 0
128 83 0 0
127 83 0 0
126 83 0 0
125 83 0 0
124 83 0 0
357 82 0 0
356 82 0 0
355 82 0 0
354 82 0 0
353 82 0 0
270 82 0 1
269 82 0 1
268 82 0 1
267 82 0 1
266 82 0 1
265 82 0 1
264 82 0 1
263 82 0 1
262 82 0 1
261 82 0 1
260 82 0 1
259 82 0 1
258 82 0 1
257 82 0 1
209 82 0 1
208 82 0 1
207 82 0 1
206 82 0 1
205 82 0 1
204 82 0 1
203 82 0 1
202 82 0 1
201 82 0 1
200 82 0 1
199 82 0 1
198 82 0 1
130 82 0 0
129 82 0 0
128 82 0 0
127 82 0 0
126 82 0 0
125 82 0 0
357 81 0 0
356 81 0 0
355 81 0 0
354 81 0 0
353 81 0 0
266 81 0 1
265 81 0 1
264 81 0 1
263 81 0 1
262 81 0 1
261 81 0 1
260 81 0 1
259 81 0 1
258 81 0 1
257 81 0 1
256 81 0 1
211 81 0 1
210 81 0 1
209 81 0 1
208 81 0 1
207 81 0 1
206 81 0 1
205 81 0 1
204 81 0 1
203 81 0 1
202 81 0 1
201 81 0 1
200 81 0 1
132 81 0 0
131 81 0 0
130 81 0 0
129 81 0 0
128 81 0 0
127 81 0 0
126 81 0 0
125 81 0 0
357 80 0 0
356 80 0 0
355 80 0 0
354 80 0 0
353 80 0 0
352 80 0 0
263 80 0 1
262 80 0 1
261 80 0 1
260 80 0 1
259 80 0 1
258 80 0 1
257 80 0 1
256 80 0 1
255 80 0 1
254 80 0 1
213 80 0 1
212 80 0 1
211 80 0 1
210 80 0 1
209 80 0 1
208 80 0 1
207 80 0 1
206 80 0 1
205 80 0 1
204 80 0 1
203 80 0 1
202 80 0 1
201 80 0 1
133 80 0 0
132 80 0 0
131 80 0 0
130 80 0 0
129 80 0 0
128 80 0 0
127 80 0 0
126 80 0 0
357 79 0 0
356 79 0 0
355 79 0 0
354 79 0 0
353 79 0 0
352 79 0 0
351 79 0 0
261 79 0 1
260 79 0 1
259 79 0 1
258 79 0 1
257 79 0 1
256 79 0 1
255 79 0 1
254 79 0 1
253 79 0 1
252 79 0 1
217 79 0 1
216 79 0 1
215 79 0 1
214 79 0 1
213 79 0 1
212 79 0 1
211 79 0 1
210 79 0 1
209 79 0 1
208 79 0 1
207 79 0 1
206 79 0 1
205 79 0 1
204 79 0 1
203 79 0 1
202 79 0 1
135 79 0 0
134 79 0 0
133 79 0 0
132 79 0 0
131 79 0 0
130 79 0 0
129 79 0 0
128 79 0 0
127 79 0 0
356 78 0 0
355 78 0 0
354 78 0 0
353 78 0 0
352 78 0 0
351 78 0 0
350 78 0 0
259 78 0 1
258 78 0 1
257 78 0 1
256 78 0 1
255 78 0 1
254 78 0 1
253 78 0 1
252 78 0 1
251 78 0 1
221 78 0 1
220 78 0 1
219 78 0 1
218 78 0 1
217 78 0 1
216 78 0 1
215 78 0 1
214 78 0 1
213 78 0 1
212 78 0 1
211 78 0 1
210 78 0 1
209 78 0 1
208 78 0 1
207 78 0 1
206 78 0 1
205 78 0 1
204 78 0 1
137 78 0 0
136 78 0 0
135 78 0 0
134 78 0 0
133 78 0 0
132 78 0 0
131 78 0 0
130 78 0 0
129 78 0 0
128 78 0 0
355 77 0 0
354 77 0 0
353 77 0 0
352 77 0 0
351 77 0 0
350 77 0 0
349 77 0 0
348 77 0 0
347 77 0 0
258 77 0 1
257 77 0 1
256 77 0 1
255 77 0 1
254 77 0 1
253 77 0 1
252 77 0 1
251 77 0 1
250 77 0 1
249 77 0 1
226 77 0 1
225 77 0 1
224 77 0 1
223 77 0 1
222 77 0 1
221 77 0 1
220 77 0 1
219 77 0 1
218 77 0 1
217 77 0 1
216 77 0 1
215 77 0 1
214 77 0 1
213 77 0 1
212 77 0 1
211 77 0 1
210 77 0 1
209 77 0 1
138 77 0 0
137 77 0 0
136 77 0 0
135 77 0 0
134 77 0 0
133 77 0 0
132 77 0 0
131 77 0 0
130 77 0 0
129 77 0 0
354 76 0 0
353 76 0 0
352 76 0 0
351 76 0 0
350 76 0 0
349 76 0 0
348 76 0 0
347 76 0 0
346 76 0 0
256 76 0 1
255 76 0 1
254 76 0 1
253 76 0 1
252 76 0 1
251 76 0 1
250 76 0 1
249 76 0 1
248 76 0 1
247 76 0 1
246 76 0 1
245 76 0 1
244 76 0 1
243 76 0 1
242 76 0 1
241 76 0 1
240 76 0 1
239 76 0 1
238 76 0 1
237 76 0 1
236 76 0 1
235 76 0 1
234 76 0 1
233 76 0 1
232 76 0 1
231 76 0 1
230 76 0 1
229 76 0 1
228 76 0 1
227 76 0 1
226 76 0 1
225 76 0 1
224 76 0 1
223 76 0 1
222 76 0 1
221 76 0 1
220 76 0 1
219 76 0 1
218 76 0 1
217 76 0 1
216 76 0 1
215 76 0 1
214 76 0 1
213 76 0 1
212 76 0 1
211 76 0 1
140 76 0 0
139 76 0 0
138 76 0 0
137 76 0 0
136 76 0 0
135 76 0 0
134 76 0 0
133 76 0 0
132 76 0 0
131 76 0 0
354 75 0 0
353 75 0 0
352 75 0 0
351 75 0 0
350 75 0 0
349 75 0 0
348 75 0 0
347 75 0 0
346 75 0 0
345 75 0 0
344 75 0 0
255 75 0 1
254 75 0 1
253 75 0 1
252 75 0 1
251 75 0 1
250 75 0 1
249 75 0 1
248 75 0 1
247 75 0 1
246 75 0 1
245 75 0 1
244 75 0 1
243 75 0 1
242 75 0 1
241 75 0 1
240 75 0 1
239 75 0 1
238 75 0 1
237 75 0 1
236 75 0 1
235 75 0 1
234 75 0 1
233 75 0 1
232 75 0 1
231 75 0 1
230 75 0 1
229 75 0 1
228 75 0 1
227 75 0 1
226 75 0 1
225 75 0 1
224 75 0 1
223 75 0 1
222 75 0 1
221 75 0 1
220 75 0 1
219 75 0 1
218 75 0 1
217 75 0 1
216 75 0 1
215 75 0 1
214 75 0 1
213 75 0 1
212 75 0 1
141 75 0 0
140 75 0 0
139 75 0 0
138 75 0 0
137 75 0 0
136 75 0 0
135 75 0 0
134 75 0 0
133 75 0 0
354 74 0 0
353 74 0 0
352 74 0 0
351 74 0 0
350 74 0 0
349 74 0 0
348 74 0 0
347 74 0 0
346 74 0 0
345 74 0 0
344 74 0 0
343 74 0 0
253 74 0 1
252 74 0 1
251 74 0 1
250 74 0 1
249 74 0 1
248 74 0 1
247 74 0 1
246 74 0 1
245 74 0 1
244 74 0 1
243 74 0 1
242 74 0 1
241 74 0 1
240 74 0 1
239 74 0 1
238 74 0 1
237 74 0 1
236 74 0 1
235 74 0 1
234 74 0 1
233 74 0 1
232 74 0 1
231 74 0 1
230 74 0 1
229 74 0 1
228 74 0 1
227 74 0 1
226 74 0 1
225 74 0 1
224 74 0 1
223 74 0 1
222 74 0 1
221 74 0 1
220 74 0 1
219 74 0 1
218 74 0 1
217 74 0 1
216 74 0 1
143 74 0 0
142 74 0 0
141 74 0 0
140 74 0 0
139 74 0 0
138 74 0 0
137 74 0 0
136 74 0 0
135 74 0 0
134 74 0 0
352 73 0 0
351 73 0 0
350 73 0 0
349 73 0 0
348 73 0 0
347 73 0 0
346 73 0 0
345 73 0 0
344 73 0 0
343 73 0 0
342 73 0 0
252 73 0 1
251 73 0 1
250 73 0 1
249 73 0 1
248 73 0 1
247 73 0 1
246 73 0 1
245 73 0 1
244 73 0 1
243 73 0 1
242 73 0 1
241 73 0 1
240 73 0 1
239 73 0 1
238 73 0 1
237 73 0 1
236 73 0 1
235 73 0 1
234 73 0 1
233 73 0 1
232 73 0 1
231 73 0 1
230 73 0 1
229 73 0 1
228 73 0 1
227 73 0 1
226 73 0 1
225 73 0 1
224 73 0 1
223 73 0 1
222 73 0 1
221 73 0 1
220 73 0 1
144 73 0 0
143 73 0 0
142 73 0 0
141 73 0 0
140 73 0 0
139 73 0 0
138 73 0 0
137 73 0 0
136 73 0 0
351 72 0 0
350 72 0 0
349 72 0 0
348 72 0 0
347 72 0 0
346 72 0 0
345 72 0 0
344 72 0 0
343 72 0 0
342 72 0 0
341 72 0 0
340 72 0 0
145 72 0 0
144 72 0 0
143 72 0 0
142 72 0 0
141 72 0 0
140 72 0 0
139 72 0 0
138 72 0 0
351 71 0 0
350 71 0 0
349 71 0 0
348 71 0 0
347 71 0 0
346 71 0 0
345 71 0 0
344 71 0 0
343 71 0 0
342 71 0 0
341 71 0 0
340 71 0 0
339 71 0 0
146 71 0 0
145 71 0 0
144 71 0 0
143 71 0 0
142 71 0 0
141 71 0 0
140 71 0 0
139 71 0 0
350 70 0 0
349 70 0 0
348 70 0 0
347 70 0 0
346 70 0 0
345 70 0 0
344 70 0 0
343 70 0 0
342 70 0 0
341 70 0 0
340 70 0 0
339 70 0 0
338 70 0 0
147 70 0 0
146 70 0 0
145 70 0 0
144 70 0 0
143 70 0 0
142 70 0 0
141 70 0 0
344 69 0 0
343 69 0 0
342 69 0 0
341 69 0 0
340 69 0 0
339 69 0 0
338 69 0 0
337 69 0 0
336 69 0 0
149 69 0 0
148 69 0 0
147 69 0 0
146 69 0 0
145 69 0 0
144 69 0 0
143 69 0 0
142 69 0 0
343 68 0 0
342 68 0 0
341 68 0 0
340 68 0 0
339 68 0 0
338 68 0 0
337 68 0 0
336 68 0 0
335 68 0 0
334 68 0 0
150 68 0 0
149 68 0 0
148 68 0 0
147 68 0 0
146 68 0 0
145 68 0 0
144 68 0 0
143 68 0 0
342 67 0 0
341 67 0 0
340 67 0 0
339 67 0 0
338 67 0 0
337 67 0 0
336 67 0 0
335 67 0 0
334 67 0 0
333 67 0 0
152 67 0 0
151 67 0 0
150 67 0 0
149 67 0 0
148 67 0 0
147 67 0 0
146 67 0 0
145 67 0 0
144 67 0 0
340 66 0 0
339 66 0 0
338 66 0 0
337 66 0 0
336 66 0 0
335 66 0 0
334 66 0 0
333 66 0 0
332 66 0 0
331 66 0 0
153 66 0 0
152 66 0 0
151 66 0 0
150 66 0 0
149 66 0 0
148 66 0 0
147 66 0 0
146 66 0 0
145 66 0 0
339 65 0 0
338 65 0 0
337 65 0 0
336 65 0 0
335 65 0 0
334 65 0 0
333 65 0 0
332 65 0 0
331 65 0 0
330 65 0 0
329 65 0 0
154 65 0 0
153 65 0 0
152 65 0 0
151 65 0 0
150 65 0 0
149 65 0 0
148 65 0 0
147 65 0 0
146 65 0 0
337 64 0 0
336 64 0 0
335 64 0 0
334 64 0 0
333 64 0 0
332 64 0 0
331 64 0 0
330 64 0 0
329 64 0 0
328 64 0 0
327 64 0 0
156 64 0 0
155 64 0 0
154 64 0 0
153 64 0 0
152 64 0 0
151 64 0 0
150 64 0 0
149 64 0 0
148 64 0 0
335 63 0 0
334 63 0 0
333 63 0 0
332 63 0 0
331 63 0 0
330 63 0 0
329 63 0 0
328 63 0 0
327 63 0 0
326 63 0 0
325 63 0 0
157 63 0 0
156 63 0 0
155 63 0 0
154 63 0 0
153 63 0 0
152 63 0 0
151 63 0 0
150 63 0 0
149 63 0 0
333 62 0 0
332 62 0 0
331 62 0 0
330 62 0 0
329 62 0 0
328 62 0 0
327 62 0 0
326 62 0 0
325 62 0 0
324 62 0 0
323 62 0 0
322 62 0 0
159 62 0 0
158 62 0 0
157 62 0 0
156 62 0 0
155 62 0 0
154 62 0 0
153 62 0 0
152 62 0 0
151 62 0 0
332 61 0 0
331 61 0 0
330 61 0 0
329 61 0 0
328 61 0 0
327 61 0 0
326 61 0 0
325 61 0 0
324 61 0 0
323 61 0 0
322 61 0 0
321 61 0 0
320 61 0 0
160 61 0 0
159 61 0 0
158 61 0 0
157 61 0 0
156 61 0 0
155 61 0 0
154 61 0 0
153 61 0 0
152 61 0 0
330 60 0 0
329 60 0 0
328 60 0 0
327 60 0 0
326 60 0 0
325 60 0 0
324 60 0 0
323 60 0 0
322 60 0 0
321 60 0 0
320 60 0 0
319 60 0 0
318 60 0 0
317 60 0 0
162 60 0 0
161 60 0 0
160 60 0 0
159 60 0 0
158 60 0 0
157 60 0 0
156 60 0 0
155 60 0 0
154 60 0 0
328 59 0 0
327 59 0 0
326 59 0 0
325 59 0 0
324 59 0 0
323 59 0 0
322 59 0 0
321 59 0 0
320 59 0 0
319 59 0 0
318 59 0 0
317 59 0 0
316 59 0 0
315 59 0 0
314 59 0 0
163 59 0 0
162 59 0 0
161 59 0 0
160 59 0 0
159 59 0 0
158 59 0 0
157 59 0 0
156 59 0 0
155 59 0 0
325 58 0 0
324 58 0 0
323 58 0 0
322 58 0 0
321 58 0 0
320 58 0 0
319 58 0 0
318 58 0 0
317 58 0 0
316 58 0 0
315 58 0 0
314 58 0 0
313 58 0 0
312 58 0 0
311 58 0 0
310 58 0 0
165 58 0 0
164 58 0 0
163 58 0 0
162 58 0 0
161 58 0 0
160 58 0 0
159 58 0 0
158 58 0 0
157 58 0 0
323 57 0 0
322 57 0 0
321 57 0 0
320 57 0 0
319 57 0 0
318 57 0 0
317 57 0 0
316 57 0 0
315 57 0 0
314 57 0 0
313 57 0 0
312 57 0 0
311 57 0 0
310 57 0 0
309 57 0 0
308 57 0 0
166 57 0 0
165 57 0 0
164 57 0 0
163 57 0 0
162 57 0 0
161 57 0 0
160 57 0 0
159 57 0 0
158 57 0 0
320 56 0 0
319 56 0 0
318 56 0 0
317 56 0 0
316 56 0 0
315 56 0 0
314 56 0 0
313 56 0 0
312 56 0 0
311 56 0 0
310 56 0 0
309 56 0 0
308 56 0 0
307 56 0 0
168 56 0 0
167 56 0 0
166 56 0 0
165 56 0 0
164 56 0 0
163 56 0 0
162 56 0 0
161 56 0 0
160 56 0 0
318 55 0 0
317 55 0 0
316 55 0 0
315 55 0 0
314 55 0 0
313 55 0 0
312 55 0 0
311 55 0 0
310 55 0 0
309 55 0 0
308 55 0 0
307 55 0 0
306 55 0 0
305 55 0 0
169 55 0 0
168 55 0 0
167 55 0 0
166 55 0 0
165 55 0 0
164 55 0 0
163 55 0 0
162 55 0 0
161 55 0 0
314 54 0 0
313 54 0 0
312 54 0 0
311 54 0 0
310 54 0 0
309 54 0 0
308 54 0 0
307 54 0 0
306 54 0 0
305 54 0 0
304 54 0 0
303 54 0 0
171 54 0 0
170 54 0 0
169 54 0 0
168 54 0 0
167 54 0 0
166 54 0 0
165 54 0 0
164 54 0 0
163 54 0 0
311 53 0 0
310 53 0 0
309 53 0 0
308 53 0 0
307 53 0 0
306 53 0 0
305 53 0 0
304 53 0 0
303 53 0 0
302 53 0 0
172 53 0 0
171 53 0 0
170 53 0 0
169 53 0 0
168 53 0 0
167 53 0 0
166 53 0 0
165 53 0 0
164 53 0 0
309 52 0 0
308 52 0 0
307 52 0 0
306 52 0 0
305 52 0 0
304 52 0 0
303 52 0 0
302 52 0 0
301 52 0 0
300 52 0 0
174 52 0 0
173 52 0 0
172 52 0 0
171 52 0 0
170 52 0 0
169 52 0 0
168 52 0 0
167 52 0 0
166 52 0 0
308 51 0 0
307 51 0 0
306 51 0 0
305 51 0 0
304 51 0 0
303 51 0 0
302 51 0 0
301 51 0 0
300 51 0 0
299 51 0 0
298 51 0 0
176 51 0 0
175 51 0 0
174 51 0 0
173 51 0 0
172 51 0 0
171 51 0 0
170 51 0 0
169 51 0 0
168 51 0 0
167 51 0 0
306 50 0 0
305 50 0 0
304 50 0 0
303 50 0 0
302 50 0 0
301 50 0 0
300 50 0 0
299 50 0 0
298 50 0 0
297 50 0 0
296 50 0 0
177 50 0 0
176 50 0 0
175 50 0 0
174 50 0 0
173 50 0 0
172 50 0 0
171 50 0 0
170 50 0 0
169 50 0 0
304 49 0 0
303 49 0 0
302 49 0 0
301 49 0 0
300 49 0 0
299 49 0 0
298 49 0 0
297 49 0 0
296 49 0 0
295 49 0 0
294 49 0 0
293 49 0 0
292 49 0 0
291 49 0 0
290 49 0 0
179 49 0 0
178 49 0 0
177 49 0 0
176 49 0 0
175 49 0 0
174 49 0 0
173 49 0 0
172 49 0 0
171 49 0 0
170 49 0 0
303 48 0 0
302 48 0 0
301 48 0 0
300 48 0 0
299 48 0 0
298 48 0 0
297 48 0 0
296 48 0 0
295 48 0 0
294 48 0 0
293 48 0 0
292 48 0 0
291 48 0 0
290 48 0 0
289 48 0 0
288 48 0 0
180 48 0 0
179 48 0 0
178 48 0 0
177 48 0 0
176 48 0 0
175 48 0 0
174 48 0 0
173 48 0 0
172 48 0 0
301 47 0 0
300 47 0 0
299 47 0 0
298 47 0 0
297 47 0 0
296 47 0 0
295 47 0 0
294 47 0 0
293 47 0 0
292 47 0 0
291 47 0 0
290 47 0 0
289 47 0 0
288 47 0 0
287 47 0 0
286 47 0 0
285 47 0 0
182 47 0 0
181 47 0 0
180 47 0 0
179 47 0 0
178 47 0 0
177 47 0 0
176 47 0 0
175 47 0 0
174 47 0 0
173 47 0 0
299 46 0 0
298 46 0 0
297 46 0 0
296 46 0 0
295 46 0 0
294 46 0 0
293 46 0 0
292 46 0 0
291 46 0 0
290 46 0 0
289 46 0 0
288 46 0 0
287 46 0 0
286 46 0 0
285 46 0 0
284 46 0 0
283 46 0 0
184 46 0 0
183 46 0 0
182 46 0 0
181 46 0 0
180 46 0 0
179 46 0 0
178 46 0 0
177 46 0 0
176 46 0 0
175 46 0 0
293 45 0 0
292 45 0 0
291 45 0 0
290 45 0 0
289 45 0 0
288 45 0 0
287 45 0 0
286 45 0 0
285 45 0 0
284 45 0 0
283 45 0 0
282 45 0 0
185 45 0 0
184 45 0 0
183 45 0 0
182 45 0 0
181 45 0 0
180 45 0 0
179 45 0 0
178 45 0 0
177 45 0 0
176 45 0 0
291 44 0 0
290 44 0 0
289 44 0 0
288 44 0 0
287 44 0 0
286 44 0 0
285 44 0 0
284 44 0 0
283 44 0 0
282 44 0 0
281 44 0 0
280 44 0 0
187 44 0 0
186 44 0 0
185 44 0 0
184 44 0 0
183 44 0 0
182 44 0 0
181 44 0 0
180 44 0 0
179 44 0 0
178 44 0 0
289 43 0 0
288 43 0 0
287 43 0 0
286 43 0 0
285 43 0 0
284 43 0 0
283 43 0 0
282 43 0 0
281 43 0 0
280 43 0 0
279 43 0 0
278 43 0 0
277 43 0 0
189 43 0 0
188 43 0 0
187 43 0 0
186 43 0 0
185 43 0 0
184 43 0 0
183 43 0 0
182 43 0 0
181 43 0 0
180 43 0 0
286 42 0 0
285 42 0 0
284 42 0 0
283 42 0 0
282 42 0 0
281 42 0 0
280 42 0 0
279 42 0 0
278 42 0 0
277 42 0 0
276 42 0 0
275 42 0 0
274 42 0 0
190 42 0 0
189 42 0 0
188 42 0 0
187 42 0 0
186 42 0 0
185 42 0 0
184 42 0 0
183 42 0 0
182 42 0 0
181 42 0 0
284 41 0 0
283 41 0 0
282 41 0 0
281 41 0 0
280 41 0 0
279 41 0 0
278 41 0 0
277 41 0 0
276 41 0 0
275 41 0 0
274 41 0 0
273 41 0 0
272 41 0 0
271 41 0 0
192 41 0 0
191 41 0 0
190 41 0 0
189 41 0 0
188 41 0 0
187 41 0 0
186 41 0 0
185 41 0 0
184 41 0 0
183 41 0 0
282 40 0 0
281 40 0 0
280 40 0 0
279 40 0 0
278 40 0 0
277 40 0 0
276 40 0 0
275 40 0 0
274 40 0 0
273 40 0 0
272 40 0 0
271 40 0 0
270 40 0 0
269 40 0 0
268 40 0 0
267 40 0 0
194 40 0 0
193 40 0 0
192 40 0 0
191 40 0 0
190 40 0 0
189 40 0 0
188 40 0 0
187 40 0 0
186 40 0 0
185 40 0 0
184 40 0 0
281 39 0 0
280 39 0 0
279 39 0 0
278 39 0 0
277 39 0 0
276 39 0 0
275 39 0 0
274 39 0 0
273 39 0 0
272 39 0 0
271 39 0 0
270 39 0 0
269 39 0 0
268 39 0 0
267 39 0 0
266 39 0 0
265 39 0 0
264 39 0 0
196 39 0 0
195 39 0 0
194 39 0 0
193 39 0 0
192 39 0 0
191 39 0 0
190 39 0 0
189 39 0 0
188 39 0 0
187 39 0 0
186 39 0 0
278 38 0 0
277 38 0 0
276 38 0 0
275 38 0 0
274 38 0 0
273 38 0 0
272 38 0 0
271 38 0 0
270 38 0 0
269 38 0 0
268 38 0 0
267 38 0 0
266 38 0 0
265 38 0 0
264 38 0 0
263 38 0 0
262 38 0 0
197 38 0 0
196 38 0 0
195 38 0 0
194 38 0 0
193 38 0 0
192 38 0 0
191 38 0 0
190 38 0 0
189 38 0 0
188 38 0 0
275 37 0 0
274 37 0 0
273 37 0 0
272 37 0 0
271 37 0 0
270 37 0 0
269 37 0 0
268 37 0 0
267 37 0 0
266 37 0 0
265 37 0 0
264 37 0 0
263 37 0 0
262 37 0 0
261 37 0 0
260 37 0 0
198 37 0 0
197 37 0 0
196 37 0 0
195 37 0 0
194 37 0 0
193 37 0 0
192 37 0 0
191 37 0 0
190 37 0 0
272 36 0 0
271 36 0 0
270 36 0 0
269 36 0 0
268 36 0 0
267 36 0 0
266 36 0 0
265 36 0 0
264 36 0 0
263 36 0 0
262 36 0 0
261 36 0 0
260 36 0 0
259 36 0 0
258 36 0 0
199 36 0 0
198 36 0 0
197 36 0 0
196 36 0 0
195 36 0 0
194 36 0 0
193 36 0 0
192 36 0 0
266 35 0 0
265 35 0 0
264 35 0 0
263 35 0 0
262 35 0 0
261 35 0 0
260 35 0 0
259 35 0 0
258 35 0 0
257 35 0 0
256 35 0 0
255 35 0 0
200 35 0 0
199 35 0 0
198 35 0 0
197 35 0 0
196 35 0 0
195 35 0 0
194 35 0 0
193 35 0 0
264 34 0 0
263 34 0 0
262 34 0 0
261 34 0 0
260 34 0 0
259 34 0 0
258 34 0 0
257 34 0 0
256 34 0 0
255 34 0 0
254 34 0 0
253 34 0 0
252 34 0 0
201 34 0 0
200 34 0 0
199 34 0 0
198 34 0 0
197 34 0 0
196 34 0 0
195 34 0 0
263 33 0 0
262 33 0 0
261 33 0 0
260 33 0 0
259 33 0 0
258 33 0 0
257 33 0 0
256 33 0 0
255 33 0 0
254 33 0 0
253 33 0 0
252 33 0 0
251 33 0 0
250 33 0 0
202 33 0 0
201 33 0 0
200 33 0 0
199 33 0 0
198 33 0 0
197 33 0 0
196 33 0 0
261 32 0 0
260 32 0 0
259 32 0 0
258 32 0 0
257 32 0 0
256 32 0 0
255 32 0 0
254 32 0 0
253 32 0 0
252 32 0 0
251 32 0 0
250 32 0 0
249 32 0 0
248 32 0 0
204 32 0 0
203 32 0 0
202 32 0 0
201 32 0 0
200 32 0 0
199 32 0 0
198 32 0 0
197 32 0 0
259 31 0 0
258 31 0 0
257 31 0 0
256 31 0 0
255 31 0 0
254 31 0 0
253 31 0 0
252 31 0 0
251 31 0 0
250 31 0 0
249 31 0 0
248 31 0 0
247 31 0 0
246 31 0 0
245 31 0 0
206 31 0 0
205 31 0 0
204 31 0 0
203 31 0 0
202 31 0 0
201 31 0 0
200 31 0 0
199 31 0 0
198 31 0 0
256 30 0 0
255 30 0 0
254 30 0 0
253 30 0 0
252 30 0 0
251 30 0 0
250 30 0 0
249 30 0 0
248 30 0 0
247 30 0 0
246 30 0 0
245 30 0 0
244 30 0 0
243 30 0 0
242 30 0 0
241 30 0 0
240 30 0 0
209 30 0 0
208 30 0 0
207 30 0 0
206 30 0 0
205 30 0 0
204 30 0 0
203 30 0 0
202 30 0 0
201 30 0 0
200 30 0 0
199 30 0 0
253 29 0 0
252 29 0 0
251 29 0 0
250 29 0 0
249 29 0 0
248 29 0 0
247 29 0 0
246 29 0 0
245 29 0 0
244 29 0 0
243 29 0 0
242 29 0 0
241 29 0 0
240 29 0 0
239 29 0 0
238 29 0 0
237 29 0 0
216 29 0 0
215 29 0 0
214 29 0 0
213 29 0 0
212 29 0 0
211 29 0 0
210 29 0 0
209 29 0 0
208 29 0 0
207 29 0 0
206 29 0 0
205 29 0 0
204 29 0 0
203 29 0 0
202 29 0 0
201 29 0 0
200 29 0 0
250 28 0 0
249 28 0 0
248 28 0 0
247 28 0 0
246 28 0 0
245 28 0 0
244 28 0 0
243 28 0 0
242 28 0 0
241 28 0 0
240 28 0 0
239 28 0 0
238 28 0 0
237 28 0 0
236 28 0 0
235 28 0 0
234 28 0 0
233 28 0 0
232 28 0 0
231 28 0 0
230 28 0 0
229 28 0 0
228 28 0 0
227 28 0 0
226 28 0 0
225 28 0 0
224 28 0 0
223 28 0 0
222 28 0 0
221 28 0 0
220 28 0 0
219 28 0 0
218 28 0 0
217 28 0 0
216 28 0 0
215 28 0 0
214 28 0 0
213 28 0 0
212 28 0 0
211 28 0 0
210 28 0 0
209 28 0 0
208 28 0 0
207 28 0 0
206 28 0 0
205 28 0 0
204 28 0 0
203 28 0 0
202 28 0 0
201 28 0 0
248 27 0 0
247 27 0 0
246 27 0 0
245 27 0 0
244 27 0 0
243 27 0 0
242 27 0 0
241 27 0 0
240 27 0 0
239 27 0 0
238 27 0 0
237 27 0 0
236 27 0 0
235 27 0 0
234 27 0 0
233 27 0 0
232 27 0 0
231 27 0 0
230 27 0 0
229 27 0 0
228 27 0 0
227 27 0 0
226 27 0 0
225 27 0 0
224 27 0 0
223 27 0 0
222 27 0 0
221 27 0 0
220 27 0 0
219 27 0 0
218 27 0 0
217 27 0 0
216 27 0 0
215 27 0 0
214 27 0 0
213 27 0 0
212 27 0 0
211 27 0 0
210 27 0 0
209 27 0 0
208 27 0 0
207 27 0 0
206 27 0 0
205 27 0 0
204 27 0 0
203 27 0 0
245 26 0 0
244 26 0 0
243 26 0 0
242 26 0 0
241 26 0 0
240 26 0 0
239 26 0 0
238 26 0 0
237 26 0 0
236 26 0 0
235 26 0 0
234 26 0 0
233 26 0 0
232 26 0 0
231 26 0 0
230 26 0 0
229 26 0 0
228 26 0 0
227 26 0 0
226 26 0 0
225 26 0 0
224 26 0 0
223 26 0 0
222 26 0 0
221 26 0 0
220 26 0 0
219 26 0 0
218 26 0 0
217 26 0 0
216 26 0 0
215 26 0 0
214 26 0 0
213 26 0 0
212 26 0 0
211 26 0 0
210 26 0 0
209 26 0 0
208 26 0 0
207 26 0 0
206 26 0 0
205 26 0 0
240 25 0 0
239 25 0 0
238 25 0 0
237 25 0 0
236 25 0 0
235 25 0 0
234 25 0 0
233 25 0 0
232 25 0 0
231 25 0 0
230 25 0 0
229 25 0 0
228 25 0 0
227 25 0 0
226 25 0 0
225 25 0 0
224 25 0 0
223 25 0 0
222 25 0 0
221 25 0 0
220 25 0 0
219 25 0 0
218 25 0 0
217 25 0 0
216 25 0 0
215 25 0 0
214 25 0 0
213 25 0 0
212 25 0 0
