5328 481 321
316 294 0 0
315 294 0 0
314 294 0 0
313 294 0 0
316 293 0 0
315 293 0 0
314 293 0 0
313 293 0 0
312 293 0 0
316 292 0 0
315 292 0 0
314 292 0 0
313 292 0 0
312 292 0 0
311 292 0 0
316 291 0 0
315 291 0 0
314 291 0 0
313 291 0 0
312 291 0 0
311 291 0 0
310 291 0 0
315 290 0 0
314 290 0 0
313 290 0 0
312 290 0 0
311 290 0 0
310 290 0 0
314 289 0 0
313 289 0 0
312 289 0 0
311 289 0 0
310 289 0 0
309 289 0 0
314 288 0 0
313 288 0 0
312 288 0 0
311 288 0 0
310 288 0 0
309 288 0 0
308 288 0 0
313 287 0 0
312 287 0 0
311 287 0 0
310 287 0 0
309 287 0 0
308 287 0 0
312 286 0 0
311 286 0 0
310 286 0 0
309 286 0 0
308 286 0 0
307 286 0 0
312 285 0 0
311 285 0 0
310 285 0 0
309 285 0 0
308 285 0 0
307 285 0 0
306 285 0 0
311 284 0 0
310 284 0 0
309 284 0 0
308 284 0 0
307 284 0 0
306 284 0 0
310 283 0 0
309 283 0 0
308 283 0 0
307 283 0 0
306 283 0 0
305 283 0 0
310 282 0 0
309 282 0 0
308 282 0 0
307 282 0 0
306 282 0 0
305 282 0 0
304 282 0 0
309 281 0 0
308 281 0 0
307 281 0 0
306 281 0 0
305 281 0 0
304 281 0 0
303 281 0 0
308 280 0 0
307 280 0 0
306 280 0 0
305 280 0 0
304 280 0 0
303 280 0 0
308 279 0 0
307 279 0 0
306 279 0 0
305 279 0 0
304 279 0 0
303 279 0 0
302 279 0 0
307 278 0 0
306 278 0 0
305 278 0 0
304 278 0 0
303 278 0 0
302 278 0 0
301 278 0 0
306 277 0 0
305 277 0 0
304 277 0 0
303 277 0 0
302 277 0 0
301 277 0 0
300 277 0 0
305 276 0 0
304 276 0 0
303 276 0 0
302 276 0 0
301 276 0 0
300 276 0 0
299 276 0 0
304 275 0 0
303 275 0 0
302 275 0 0
301 275 0 0
300 275 0 0
299 275 0 0
304 274 0 0
303 274 0 0
302 274 0 0
301 274 0 0
300 274 0 0
299 274 0 0
298 274 0 0
303 273 0 0
302 273 0 0
301 273 0 0
300 273 0 0
299 273 0 0
298 273 0 0
297 273 0 0
302 272 0 0
301 272 0 0
300 272 0 0
299 272 0 0
298 272 0 0
297 272 0 0
296 272 0 0
301 271 0 0
300 271 0 0
299 271 0 0
298 271 0 0
297 271 0 0
296 271 0 0
295 271 0 0
300 270 0 0
299 270 0 0
298 270 0 0
297 270 0 0
296 270 0 0
295 270 0 0
300 269 0 0
299 269 0 0
298 269 0 0
297 269 0 0
296 269 0 0
295 269 0 0
294 269 0 0
299 268 0 0
298 268 0 0
297 268 0 0
296 268 0 0
295 268 0 0
294 268 0 0
293 268 0 0
298 267 0 0
297 267 0 0
296 267 0 0
295 267 0 0
294 267 0 0
293 267 0 0
292 267 0 0
297 266 0 0
296 266 0 0
295 266 0 0
294 266 0 0
293 266 0 0
292 266 0 0
291 266 0 0
296 265 0 0
295 265 0 0
294 265 0 0
293 265 0 0
292 265 0 0
291 265 0 0
296 264 0 0
295 264 0 0
294 264 0 0
293 264 0 0
292 264 0 0
291 264 0 0
290 264 0 0
295 263 0 0
294 263 0 0
293 263 0 0
292 263 0 0
291 263 0 0
290 263 0 0
289 263 0 0
294 262 0 0
293 262 0 0
292 262 0 0
291 262 0 0
290 262 0 0
289 262 0 0
293 261 0 0
292 261 0 0
291 261 0 0
290 261 0 0
289 261 0 0
288 261 0 0
293 260 0 0
292 260 0 0
291 260 0 0
290 260 0 0
289 260 0 0
288 260 0 0
287 260 0 0
292 259 0 0
291 259 0 0
290 259 0 0
289 259 0 0
288 259 0 0
287 259 0 0
291 258 0 0
290 258 0 0
289 258 0 0
288 258 0 0
287 258 0 0
286 258 0 0
291 257 0 0
290 257 0 0
289 257 0 0
288 257 0 0
287 257 0 0
286 257 0 0
285 257 0 0
290 256 0 0
289 256 0 0
288 256 0 0
287 256 0 0
286 256 0 0
285 256 0 0
284 256 0 0
289 255 0 0
288 255 0 0
287 255 0 0
286 255 0 0
285 255 0 0
284 255 0 0
283 255 0 0
288 254 0 0
287 254 0 0
286 254 0 0
285 254 0 0
284 254 0 0
283 254 0 0
282 254 0 0
287 253 0 0
286 253 0 0
285 253 0 0
284 253 0 0
283 253 0 0
282 253 0 0
281 253 0 0
286 252 0 0
285 252 0 0
284 252 0 0
283 252 0 0
282 252 0 0
281 252 0 0
280 252 0 0
285 251 0 0
284 251 0 0
283 251 0 0
282 251 0 0
281 251 0 0
280 251 0 0
284 250 0 0
283 250 0 0
282 250 0 0
281 250 0 0
280 250 0 0
279 250 0 0
284 249 0 0
283 249 0 0
282 249 0 0
281 249 0 0
280 249 0 0
279 249 0 0
283 248 0 0
282 248 0 0
281 248 0 0
280 248 0 0
279 248 0 0
283 247 0 0
282 247 0 0
281 247 0 0
280 247 0 0
279 247 0 0
278 247 0 0
283 246 0 0
282 246 0 0
281 246 0 0
280 246 0 0
279 246 0 0
278 246 0 0
282 245 0 0
281 245 0 0
280 245 0 0
279 245 0 0
278 245 0 0
282 244 0 0
281 244 0 0
280 244 0 0
279 244 0 0
278 244 0 0
277 244 0 0
281 243 0 0
280 243 0 0
279 243 0 0
278 243 0 0
277 243 0 0
281 242 0 0
280 242 0 0
279 242 0 0
278 242 0 0
277 242 0 0
276 242 0 0
281 241 0 0
280 241 0 0
279 241 0 0
278 241 0 0
277 241 0 0
276 241 0 0
275 241 0 0
280 240 0 0
279 240 0 0
278 240 0 0
277 240 0 0
276 240 0 0
275 240 0 0
279 239 0 0
278 239 0 0
277 239 0 0
276 239 0 0
275 239 0 0
274 239 0 0
279 238 0 0
278 238 0 0
277 238 0 0
276 238 0 0
275 238 0 0
274 238 0 0
273 238 0 0
278 237 0 0
277 237 0 0
276 237 0 0
275 237 0 0
274 237 0 0
273 237 0 0
272 237 0 0
277 236 0 0
276 236 0 0
275 236 0 0
274 236 0 0
273 236 0 0
272 236 0 0
276 235 0 0
275 235 0 0
274 235 0 0
273 235 0 0
272 235 0 0
276 234 0 0
275 234 0 0
274 234 0 0
273 234 0 0
272 234 0 0
271 234 0 0
276 233 0 0
275 233 0 0
274 233 0 0
273 233 0 0
272 233 0 0
271 233 0 0
270 233 0 0
275 232 0 0
274 232 0 0
273 232 0 0
272 232 0 0
271 232 0 0
270 232 0 0
274 231 0 0
273 231 0 0
272 231 0 0
271 231 0 0
270 231 0 0
269 231 0 0
274 230 0 0
273 230 0 0
272 230 0 0
271 230 0 0
270 230 0 0
269 230 0 0
273 229 0 0
272 229 0 0
271 229 0 0
270 229 0 0
269 229 0 0
268 229 0 0
273 228 0 0
272 228 0 0
271 228 0 0
270 228 0 0
269 228 0 0
268 228 0 0
267 228 0 0
266 228 0 0
272 227 0 0
271 227 0 0
270 227 0 0
269 227 0 0
268 227 0 0
267 227 0 0
266 227 0 0
265 227 0 0
271 226 0 0
270 226 0 0
269 226 0 0
268 226 0 0
267 226 0 0
266 226 0 0
265 226 0 0
264 226 0 0
270 225 0 0
269 225 0 0
268 225 0 0
267 225 0 0
266 225 0 0
265 225 0 0
264 225 0 0
263 225 0 0
269 224 0 0
268 224 0 0
267 224 0 0
266 224 0 0
265 224 0 0
264 224 0 0
263 224 0 0
262 224 0 0
261 224 0 0
267 223 0 0
266 223 0 0
265 223 0 0
264 223 0 0
263 223 0 0
262 223 0 0
261 223 0 0
260 223 0 0
259 223 0 0
266 222 0 0
265 222 0 0
264 222 0 0
263 222 0 0
262 222 0 0
261 222 0 0
260 222 0 0
259 222 0 0
258 222 0 0
257 222 0 0
256 222 0 0
265 221 0 0
264 221 0 0
263 221 0 0
262 221 0 0
261 221 0 0
260 221 0 0
259 221 0 0
258 221 0 0
257 221 0 0
256 221 0 0
255 221 0 0
254 221 0 0
263 220 0 0
262 220 0 0
261 220 0 0
260 220 0 0
259 220 0 0
258 220 0 0
257 220 0 0
256 220 0 0
255 220 0 0
254 220 0 0
253 220 0 0
252 220 0 0
251 220 0 0
262 219 0 0
261 219 0 0
260 219 0 0
259 219 0 0
258 219 0 0
257 219 0 0
256 219 0 0
255 219 0 0
254 219 0 0
253 219 0 0
252 219 0 0
251 219 0 0
250 219 0 0
249 219 0 0
259 218 0 0
258 218 0 0
257 218 0 0
256 218 0 0
255 218 0 0
254 218 0 0
253 218 0 0
252 218 0 0
251 218 0 0
250 218 0 0
249 218 0 0
248 218 0 0
247 218 0 0
246 218 0 0
257 217 0 0
256 217 0 0
255 217 0 0
254 217 0 0
253 217 0 0
252 217 0 0
251 217 0 0
250 217 0 0
249 217 0 0
248 217 0 0
247 217 0 0
246 217 0 0
245 217 0 0
244 217 0 0
254 216 0 0
253 216 0 0
252 216 0 0
251 216 0 0
250 216 0 0
249 216 0 0
248 216 0 0
247 216 0 0
246 216 0 0
245 216 0 0
244 216 0 0
243 216 0 0
252 215 0 0
251 215 0 0
250 215 0 0
249 215 0 0
248 215 0 0
247 215 0 0
246 215 0 0
245 215 0 0
244 215 0 0
243 215 0 0
242 215 0 0
241 215 0 0
249 214 0 0
248 214 0 0
247 214 0 0
246 214 0 0
245 214 0 0
244 214 0 0
243 214 0 0
242 214 0 0
241 214 0 0
240 214 0 0
239 214 0 0
247 213 0 0
246 213 0 0
245 213 0 0
244 213 0 0
243 213 0 0
242 213 0 0
241 213 0 0
240 213 0 0
239 213 0 0
238 213 0 0
237 213 0 0
236 213 0 0
245 212 0 0
244 212 0 0
243 212 0 0
242 212 0 0
241 212 0 0
240 212 0 0
239 212 0 0
238 212 0 0
237 212 0 0
236 212 0 0
235 212 0 0
234 212 0 0
244 211 0 0
243 211 0 0
242 211 0 0
241 211 0 0
240 211 0 0
239 211 0 0
238 211 0 0
237 211 0 0
236 211 0 0
235 211 0 0
234 211 0 0
233 211 0 0
232 211 0 0
231 211 0 0
242 210 0 0
241 210 0 0
240 210 0 0
239 210 0 0
238 210 0 0
237 210 0 0
236 210 0 0
235 210 0 0
234 210 0 0
233 210 0 0
232 210 0 0
231 210 0 0
230 210 0 0
229 210 0 0
239 209 0 0
238 209 0 0
237 209 0 0
236 209 0 0
235 209 0 0
234 209 0 0
233 209 0 0
232 209 0 0
231 209 0 0
230 209 0 0
229 209 0 0
228 209 0 0
227 209 0 0
226 209 0 0
237 208 0 0
236 208 0 0
235 208 0 0
234 208 0 0
233 208 0 0
232 208 0 0
231 208 0 0
230 208 0 0
229 208 0 0
228 208 0 0
227 208 0 0
226 208 0 0
225 208 0 0
234 207 0 0
233 207 0 0
232 207 0 0
231 207 0 0
230 207 0 0
229 207 0 0
228 207 0 0
227 207 0 0
226 207 0 0
225 207 0 0
224 207 0 0
223 207 0 0
232 206 0 0
231 206 0 0
230 206 0 0
229 206 0 0
228 206 0 0
227 206 0 0
226 206 0 0
225 206 0 0
224 206 0 0
223 206 0 0
222 206 0 0
229 205 0 0
228 205 0 0
227 205 0 0
226 205 0 0
225 205 0 0
224 205 0 0
223 205 0 0
222 205 0 0
221 205 0 0
220 205 0 0
227 204 0 0
226 204 0 0
225 204 0 0
224 204 0 0
223 204 0 0
222 204 0 0
221 204 0 0
220 204 0 0
219 204 0 0
218 204 0 0
217 204 0 0
226 203 0 0
225 203 0 0
224 203 0 0
223 203 0 0
222 203 0 0
221 203 0 0
220 203 0 0
219 203 0 0
218 203 0 0
217 203 0 0
216 203 0 0
466 202 0 0
465 202 0 0
464 202 0 0
463 202 0 0
224 202 0 0
223 202 0 0
222 202 0 0
221 202 0 0
220 202 0 0
219 202 0 0
218 202 0 0
217 202 0 0
216 202 0 0
215 202 0 0
214 202 0 0
466 201 0 0
465 201 0 0
464 201 0 0
463 201 0 0
462 201 0 0
223 201 0 0
222 201 0 0
221 201 0 0
220 201 0 0
219 201 0 0
218 201 0 0
217 201 0 0
216 201 0 0
215 201 0 0
214 201 0 0
213 201 0 0
212 201 0 0
211 201 0 0
466 200 0 0
465 200 0 0
464 200 0 0
463 200 0 0
462 200 0 0
461 200 0 0
460 200 0 0
221 200 0 0
220 200 0 0
219 200 0 0
218 200 0 0
217 200 0 0
216 200 0 0
215 200 0 0
214 200 0 0
213 200 0 0
212 200 0 0
211 200 0 0
210 200 0 0
466 199 0 0
465 199 0 0
464 199 0 0
463 199 0 0
462 199 0 0
461 199 0 0
460 199 0 0
459 199 0 0
218 199 0 0
217 199 0 0
216 199 0 0
215 199 0 0
214 199 0 0
213 199 0 0
212 199 0 0
211 199 0 0
210 199 0 0
209 199 0 0
208 199 0 0
465 198 0 0
464 198 0 0
463 198 0 0
462 198 0 0
461 198 0 0
460 198 0 0
459 198 0 0
458 198 0 0
216 198 0 0
215 198 0 0
214 198 0 0
213 198 0 0
212 198 0 0
211 198 0 0
210 198 0 0
209 198 0 0
208 198 0 0
207 198 0 0
206 198 0 0
464 197 0 0
463 197 0 0
462 197 0 0
461 197 0 0
460 197 0 0
459 197 0 0
458 197 0 0
457 197 0 0
215 197 0 0
214 197 0 0
213 197 0 0
212 197 0 0
211 197 0 0
210 197 0 0
209 197 0 0
208 197 0 0
207 197 0 0
206 197 0 0
205 197 0 0
204 197 0 0
463 196 0 0
462 196 0 0
461 196 0 0
460 196 0 0
459 196 0 0
458 196 0 0
457 196 0 0
212 196 0 0
211 196 0 0
210 196 0 0
209 196 0 0
208 196 0 0
207 196 0 0
206 196 0 0
205 196 0 0
204 196 0 0
203 196 0 0
202 196 0 0
201 196 0 0
200 196 0 0
461 195 0 0
460 195 0 0
459 195 0 0
458 195 0 0
457 195 0 0
456 195 0 0
210 195 0 0
209 195 0 0
208 195 0 0
207 195 0 0
206 195 0 0
205 195 0 0
204 195 0 0
203 195 0 0
202 195 0 0
201 195 0 0
200 195 0 0
199 195 0 0
198 195 0 0
460 194 0 0
459 194 0 0
458 194 0 0
457 194 0 0
456 194 0 0
455 194 0 0
281 194 0 1
280 194 0 1
279 194 0 1
278 194 0 1
209 194 0 0
208 194 0 0
207 194 0 0
206 194 0 0
205 194 0 0
204 194 0 0
203 194 0 0
202 194 0 0
201 194 0 0
200 194 0 0
199 194 0 0
198 194 0 0
197 194 0 0
196 194 0 0
460 193 0 0
459 193 0 0
458 193 0 0
457 193 0 0
456 193 0 0
455 193 0 0
281 193 0 1
280 193 0 1
279 193 0 1
278 193 0 1
207 193 0 0
206 193 0 0
205 193 0 0
204 193 0 0
203 193 0 0
202 193 0 0
201 193 0 0
200 193 0 0
199 193 0 0
198 193 0 0
197 193 0 0
196 193 0 0
195 193 0 0
194 193 0 0
193 193 0 0
192 193 0 0
191 193 0 0
459 192 0 0
458 192 0 0
457 192 0 0
456 192 0 0
455 192 0 0
454 192 0 0
281 192 0 1
280 192 0 1
279 192 0 1
278 192 0 1
205 192 0 0
204 192 0 0
203 192 0 0
202 192 0 0
201 192 0 0
200 192 0 0
199 192 0 0
198 192 0 0
197 192 0 0
196 192 0 0
195 192 0 0
194 192 0 0
193 192 0 0
192 192 0 0
191 192 0 0
190 192 0 0
189 192 0 0
458 191 0 0
457 191 0 0
456 191 0 0
455 191 0 0
454 191 0 0
453 191 0 0
281 191 0 1
280 191 0 1
279 191 0 1
278 191 0 1
201 191 0 0
200 191 0 0
199 191 0 0
198 191 0 0
197 191 0 0
196 191 0 0
195 191 0 0
194 191 0 0
193 191 0 0
192 191 0 0
191 191 0 0
190 191 0 0
189 191 0 0
188 191 0 0
187 191 0 0
186 191 0 0
185 191 0 0
184 191 0 0
458 190 0 0
457 190 0 0
456 190 0 0
455 190 0 0
454 190 0 0
453 190 0 0
281 190 0 1
280 190 0 1
279 190 0 1
278 190 0 1
199 190 0 0
198 190 0 0
197 190 0 0
196 190 0 0
195 190 0 0
194 190 0 0
193 190 0 0
192 190 0 0
191 190 0 0
190 190 0 0
189 190 0 0
188 190 0 0
187 190 0 0
186 190 0 0
185 190 0 0
184 190 0 0
183 190 0 0
182 190 0 0
457 189 0 0
456 189 0 0
455 189 0 0
454 189 0 0
453 189 0 0
452 189 0 0
281 189 0 1
280 189 0 1
279 189 0 1
278 189 0 1
193 189 0 0
192 189 0 0
191 189 0 0
190 189 0 0
189 189 0 0
188 189 0 0
187 189 0 0
186 189 0 0
185 189 0 0
184 189 0 0
183 189 0 0
182 189 0 0
181 189 0 0
180 189 0 0
456 188 0 0
455 188 0 0
454 188 0 0
453 188 0 0
452 188 0 0
451 188 0 0
281 188 0 1
280 188 0 1
279 188 0 1
278 188 0 1
191 188 0 0
190 188 0 0
189 188 0 0
188 188 0 0
187 188 0 0
186 188 0 0
185 188 0 0
184 188 0 0
183 188 0 0
182 188 0 0
181 188 0 0
180 188 0 0
179 188 0 0
178 188 0 0
456 187 0 0
455 187 0 0
454 187 0 0
453 187 0 0
452 187 0 0
451 187 0 0
450 187 0 0
281 187 0 1
280 187 0 1
279 187 0 1
278 187 0 1
277 187 0 1
190 187 0 0
189 187 0 0
188 187 0 0
187 187 0 0
186 187 0 0
185 187 0 0
184 187 0 0
183 187 0 0
182 187 0 0
181 187 0 0
180 187 0 0
179 187 0 0
178 187 0 0
177 187 0 0
176 187 0 0
175 187 0 0
174 187 0 0
173 187 0 0
172 187 0 0
455 186 0 0
454 186 0 0
453 186 0 0
452 186 0 0
451 186 0 0
450 186 0 0
281 186 0 1
280 186 0 1
279 186 0 1
278 186 0 1
277 186 0 1
185 186 0 0
184 186 0 0
183 186 0 0
182 186 0 0
181 186 0 0
180 186 0 0
179 186 0 0
178 186 0 0
177 186 0 0
176 186 0 0
175 186 0 0
174 186 0 0
173 186 0 0
172 186 0 0
171 186 0 0
170 186 0 0
169 186 0 0
168 186 0 0
454 185 0 0
453 185 0 0
452 185 0 0
451 185 0 0
450 185 0 0
449 185 0 0
281 185 0 1
280 185 0 1
279 185 0 1
278 185 0 1
277 185 0 1
276 185 0 1
183 185 0 0
182 185 0 0
181 185 0 0
180 185 0 0
179 185 0 0
178 185 0 0
177 185 0 0
176 185 0 0
175 185 0 0
174 185 0 0
173 185 0 0
172 185 0 0
171 185 0 0
170 185 0 0
169 185 0 0
168 185 0 0
454 184 0 0
453 184 0 0
452 184 0 0
451 184 0 0
450 184 0 0
449 184 0 0
448 184 0 0
281 184 0 1
280 184 0 1
279 184 0 1
278 184 0 1
277 184 0 1
276 184 0 1
181 184 0 0
180 184 0 0
179 184 0 0
178 184 0 0
177 184 0 0
176 184 0 0
175 184 0 0
174 184 0 0
173 184 0 0
172 184 0 0
171 184 0 0
170 184 0 0
169 184 0 0
168 184 0 0
453 183 0 0
452 183 0 0
451 183 0 0
450 183 0 0
449 183 0 0
448 183 0 0
447 183 0 0
280 183 0 1
279 183 0 1
278 183 0 1
277 183 0 1
276 183 0 1
174 183 0 0
173 183 0 0
172 183 0 0
171 183 0 0
170 183 0 0
169 183 0 0
168 183 0 0
452 182 0 0
451 182 0 0
450 182 0 0
449 182 0 0
448 182 0 0
447 182 0 0
280 182 0 1
279 182 0 1
278 182 0 1
277 182 0 1
276 182 0 1
451 181 0 0
450 181 0 0
449 181 0 0
448 181 0 0
447 181 0 0
446 181 0 0
279 181 0 1
278 181 0 1
277 181 0 1
276 181 0 1
275 181 0 1
274 181 0 1
451 180 0 0
450 180 0 0
449 180 0 0
448 180 0 0
447 180 0 0
446 180 0 0
445 180 0 0
279 180 0 1
278 180 0 1
277 180 0 1
276 180 0 1
275 180 0 1
274 180 0 1
273 180 0 1
450 179 0 0
449 179 0 0
448 179 0 0
447 179 0 0
446 179 0 0
445 179 0 0
444 179 0 0
279 179 0 1
278 179 0 1
277 179 0 1
276 179 0 1
275 179 0 1
274 179 0 1
273 179 0 1
449 178 0 0
448 178 0 0
447 178 0 0
446 178 0 0
445 178 0 0
444 178 0 0
443 178 0 0
278 178 0 1
277 178 0 1
276 178 0 1
275 178 0 1
274 178 0 1
273 178 0 1
272 178 0 1
448 177 0 0
447 177 0 0
446 177 0 0
445 177 0 0
444 177 0 0
443 177 0 0
442 177 0 0
277 177 0 1
276 177 0 1
275 177 0 1
274 177 0 1
273 177 0 1
272 177 0 1
447 176 0 0
446 176 0 0
445 176 0 0
444 176 0 0
443 176 0 0
442 176 0 0
441 176 0 0
276 176 0 1
275 176 0 1
274 176 0 1
273 176 0 1
272 176 0 1
271 176 0 1
447 175 0 0
446 175 0 0
445 175 0 0
444 175 0 0
443 175 0 0
442 175 0 0
441 175 0 0
440 175 0 0
276 175 0 1
275 175 0 1
274 175 0 1
273 175 0 1
272 175 0 1
271 175 0 1
270 175 0 1
446 174 0 0
445 174 0 0
444 174 0 0
443 174 0 0
442 174 0 0
441 174 0 0
440 174 0 0
275 174 0 1
274 174 0 1
273 174 0 1
272 174 0 1
271 174 0 1
270 174 0 1
445 173 0 0
444 173 0 0
443 173 0 0
442 173 0 0
441 173 0 0
440 173 0 0
439 173 0 0
275 173 0 1
274 173 0 1
273 173 0 1
272 173 0 1
271 173 0 1
270 173 0 1
269 173 0 1
444 172 0 0
443 172 0 0
442 172 0 0
441 172 0 0
440 172 0 0
439 172 0 0
438 172 0 0
274 172 0 1
273 172 0 1
272 172 0 1
271 172 0 1
270 172 0 1
269 172 0 1
443 171 0 0
442 171 0 0
441 171 0 0
440 171 0 0
439 171 0 0
438 171 0 0
437 171 0 0
273 171 0 1
272 171 0 1
271 171 0 1
270 171 0 1
269 171 0 1
268 171 0 1
442 170 0 0
441 170 0 0
440 170 0 0
439 170 0 0
438 170 0 0
437 170 0 0
436 170 0 0
272 170 0 1
271 170 0 1
270 170 0 1
269 170 0 1
268 170 0 1
441 169 0 0
440 169 0 0
439 169 0 0
438 169 0 0
437 169 0 0
436 169 0 0
435 169 0 0
272 169 0 1
271 169 0 1
270 169 0 1
269 169 0 1
268 169 0 1
267 169 0 1
440 168 0 0
439 168 0 0
438 168 0 0
437 168 0 0
436 168 0 0
435 168 0 0
434 168 0 0
272 168 0 1
271 168 0 1
270 168 0 1
269 168 0 1
268 168 0 1
267 168 0 1
266 168 0 1
439 167 0 0
438 167 0 0
437 167 0 0
436 167 0 0
435 167 0 0
434 167 0 0
433 167 0 0
271 167 0 1
270 167 0 1
269 167 0 1
268 167 0 1
267 167 0 1
266 167 0 1
265 167 0 1
438 166 0 0
437 166 0 0
436 166 0 0
435 166 0 0
434 166 0 0
433 166 0 0
432 166 0 0
270 166 0 1
269 166 0 1
268 166 0 1
267 166 0 1
266 166 0 1
265 166 0 1
264 166 0 1
438 165 0 0
437 165 0 0
436 165 0 0
435 165 0 0
434 165 0 0
433 165 0 0
432 165 0 0
431 165 0 0
269 165 0 1
268 165 0 1
267 165 0 1
266 165 0 1
265 165 0 1
264 165 0 1
263 165 0 1
437 164 0 0
436 164 0 0
435 164 0 0
434 164 0 0
433 164 0 0
432 164 0 0
431 164 0 0
268 164 0 1
267 164 0 1
266 164 0 1
265 164 0 1
264 164 0 1
263 164 0 1
262 164 0 1
436 163 0 0
435 163 0 0
434 163 0 0
433 163 0 0
432 163 0 0
431 163 0 0
430 163 0 0
267 163 0 1
266 163 0 1
265 163 0 1
264 163 0 1
263 163 0 1
262 163 0 1
261 163 0 1
435 162 0 0
434 162 0 0
433 162 0 0
432 162 0 0
431 162 0 0
430 162 0 0
429 162 0 0
266 162 0 1
265 162 0 1
264 162 0 1
263 162 0 1
262 162 0 1
261 162 0 1
434 161 0 0
433 161 0 0
432 161 0 0
431 161 0 0
430 161 0 0
429 161 0 0
428 161 0 0
265 161 0 1
264 161 0 1
263 161 0 1
262 161 0 1
261 161 0 1
260 161 0 1
433 160 0 0
432 160 0 0
431 160 0 0
430 160 0 0
429 160 0 0
428 160 0 0
427 160 0 0
264 160 0 1
263 160 0 1
262 160 0 1
261 160 0 1
260 160 0 1
432 159 0 0
431 159 0 0
430 159 0 0
429 159 0 0
428 159 0 0
427 159 0 0
426 159 0 0
264 159 0 1
263 159 0 1
262 159 0 1
261 159 0 1
260 159 0 1
431 158 0 0
430 158 0 0
429 158 0 0
428 158 0 0
427 158 0 0
426 158 0 0
425 158 0 0
264 158 0 1
263 158 0 1
262 158 0 1
261 158 0 1
260 158 0 1
259 158 0 1
430 157 0 0
429 157 0 0
428 157 0 0
427 157 0 0
426 157 0 0
425 157 0 0
424 157 0 0
263 157 0 1
262 157 0 1
261 157 0 1
260 157 0 1
259 157 0 1
430 156 0 0
429 156 0 0
428 156 0 0
427 156 0 0
426 156 0 0
425 156 0 0
424 156 0 0
263 156 0 1
262 156 0 1
261 156 0 1
260 156 0 1
259 156 0 1
258 156 0 1
429 155 0 0
428 155 0 0
427 155 0 0
426 155 0 0
425 155 0 0
424 155 0 0
423 155 0 0
263 155 0 1
262 155 0 1
261 155 0 1
260 155 0 1
259 155 0 1
258 155 0 1
428 154 0 0
427 154 0 0
426 154 0 0
425 154 0 0
424 154 0 0
423 154 0 0
422 154 0 0
262 154 0 1
261 154 0 1
260 154 0 1
259 154 0 1
258 154 0 1
427 153 0 0
426 153 0 0
425 153 0 0
424 153 0 0
423 153 0 0
422 153 0 0
421 153 0 0
262 153 0 1
261 153 0 1
260 153 0 1
259 153 0 1
258 153 0 1
426 152 0 0
425 152 0 0
424 152 0 0
423 152 0 0
422 152 0 0
421 152 0 0
420 152 0 0
262 152 0 1
261 152 0 1
260 152 0 1
259 152 0 1
258 152 0 1
425 151 0 0
424 151 0 0
423 151 0 0
422 151 0 0
421 151 0 0
420 151 0 0
419 151 0 0
261 151 0 1
260 151 0 1
259 151 0 1
258 151 0 1
425 150 0 0
424 150 0 0
423 150 0 0
422 150 0 0
421 150 0 0
420 150 0 0
419 150 0 0
261 150 0 1
260 150 0 1
259 150 0 1
258 150 0 1
424 149 0 0
423 149 0 0
422 149 0 0
421 149 0 0
420 149 0 0
419 149 0 0
418 149 0 0
261 149 0 1
260 149 0 1
259 149 0 1
258 149 0 1
423 148 0 0
422 148 0 0
421 148 0 0
420 148 0 0
419 148 0 0
418 148 0 0
417 148 0 0
261 148 0 1
260 148 0 1
259 148 0 1
258 148 0 1
422 147 0 0
421 147 0 0
420 147 0 0
419 147 0 0
418 147 0 0
417 147 0 0
416 147 0 0
261 147 0 1
260 147 0 1
259 147 0 1
258 147 0 1
421 146 0 0
420 146 0 0
419 146 0 0
418 146 0 0
417 146 0 0
416 146 0 0
415 146 0 0
261 146 0 1
260 146 0 1
259 146 0 1
258 146 0 1
420 145 0 0
419 145 0 0
418 145 0 0
417 145 0 0
416 145 0 0
415 145 0 0
414 145 0 0
261 145 0 1
260 145 0 1
259 145 0 1
258 145 0 1
420 144 0 0
419 144 0 0
418 144 0 0
417 144 0 0
416 144 0 0
415 144 0 0
414 144 0 0
261 144 0 1
260 144 0 1
259 144 0 1
258 144 0 1
419 143 0 0
418 143 0 0
417 143 0 0
416 143 0 0
415 143 0 0
414 143 0 0
413 143 0 0
261 143 0 1
260 143 0 1
259 143 0 1
258 143 0 1
418 142 0 0
417 142 0 0
416 142 0 0
415 142 0 0
414 142 0 0
413 142 0 0
412 142 0 0
261 142 0 1
260 142 0 1
259 142 0 1
258 142 0 1
30 142 0 1
29 142 0 1
28 142 0 1
27 142 0 1
417 141 0 0
416 141 0 0
415 141 0 0
414 141 0 0
413 141 0 0
412 141 0 0
411 141 0 0
261 141 0 1
260 141 0 1
259 141 0 1
258 141 0 1
31 141 0 1
30 141 0 1
29 141 0 1
28 141 0 1
27 141 0 1
416 140 0 0
415 140 0 0
414 140 0 0
413 140 0 0
412 140 0 0
411 140 0 0
410 140 0 0
261 140 0 1
260 140 0 1
259 140 0 1
258 140 0 1
32 140 0 1
31 140 0 1
30 140 0 1
29 140 0 1
28 140 0 1
27 140 0 1
415 139 0 0
414 139 0 0
413 139 0 0
412 139 0 0
411 139 0 0
410 139 0 0
409 139 0 0
261 139 0 1
260 139 0 1
259 139 0 1
258 139 0 1
257 139 0 1
33 139 0 1
32 139 0 1
31 139 0 1
30 139 0 1
29 139 0 1
28 139 0 1
27 139 0 1
414 138 0 0
413 138 0 0
412 138 0 0
411 138 0 0
410 138 0 0
409 138 0 0
408 138 0 0
261 138 0 1
260 138 0 1
259 138 0 1
258 138 0 1
257 138 0 1
43 138 0 1
42 138 0 1
41 138 0 1
40 138 0 1
39 138 0 1
38 138 0 1
37 138 0 1
36 138 0 1
35 138 0 1
34 138 0 1
33 138 0 1
32 138 0 1
31 138 0 1
30 138 0 1
29 138 0 1
28 138 0 1
27 138 0 1
413 137 0 0
412 137 0 0
411 137 0 0
410 137 0 0
409 137 0 0
408 137 0 0
407 137 0 0
261 137 0 1
260 137 0 1
259 137 0 1
258 137 0 1
257 137 0 1
203 137 0 1
202 137 0 1
201 137 0 1
200 137 0 1
199 137 0 1
198 137 0 1
197 137 0 1
196 137 0 1
195 137 0 1
194 137 0 1
193 137 0 1
192 137 0 1
191 137 0 1
190 137 0 1
189 137 0 1
188 137 0 1
187 137 0 1
186 137 0 1
185 137 0 1
184 137 0 1
183 137 0 1
182 137 0 1
181 137 0 1
180 137 0 1
179 137 0 1
178 137 0 1
177 137 0 1
176 137 0 1
175 137 0 1
174 137 0 1
173 137 0 1
172 137 0 1
171 137 0 1
170 137 0 1
169 137 0 1
168 137 0 1
167 137 0 1
166 137 0 1
165 137 0 1
164 137 0 1
163 137 0 1
162 137 0 1
161 137 0 1
160 137 0 1
159 137 0 1
158 137 0 1
157 137 0 1
156 137 0 1
155 137 0 1
154 137 0 1
153 137 0 1
152 137 0 1
151 137 0 1
150 137 0 1
149 137 0 1
148 137 0 1
147 137 0 1
146 137 0 1
145 137 0 1
144 137 0 1
143 137 0 1
142 137 0 1
141 137 0 1
140 137 0 1
139 137 0 1
138 137 0 1
137 137 0 1
136 137 0 1
135 137 0 1
134 137 0 1
133 137 0 1
132 137 0 1
131 137 0 1
130 137 0 1
129 137 0 1
128 137 0 1
127 137 0 1
126 137 0 1
49 137 0 1
48 137 0 1
47 137 0 1
46 137 0 1
45 137 0 1
44 137 0 1
43 137 0 1
42 137 0 1
41 137 0 1
40 137 0 1
39 137 0 1
38 137 0 1
37 137 0 1
36 137 0 1
35 137 0 1
34 137 0 1
33 137 0 1
32 137 0 1
31 137 0 1
30 137 0 1
29 137 0 1
412 136 0 0
411 136 0 0
410 136 0 0
409 136 0 0
408 136 0 0
407 136 0 0
406 136 0 0
261 136 0 1
260 136 0 1
259 136 0 1
258 136 0 1
257 136 0 1
216 136 0 1
215 136 0 1
214 136 0 1
213 136 0 1
212 136 0 1
211 136 0 1
210 136 0 1
209 136 0 1
208 136 0 1
207 136 0 1
206 136 0 1
205 136 0 1
204 136 0 1
203 136 0 1
202 136 0 1
201 136 0 1
200 136 0 1
199 136 0 1
198 136 0 1
197 136 0 1
196 136 0 1
195 136 0 1
194 136 0 1
193 136 0 1
192 136 0 1
191 136 0 1
190 136 0 1
189 136 0 1
188 136 0 1
187 136 0 1
186 136 0 1
185 136 0 1
184 136 0 1
183 136 0 1
182 136 0 1
181 136 0 1
180 136 0 1
179 136 0 1
178 136 0 1
177 136 0 1
176 136 0 1
175 136 0 1
174 136 0 1
173 136 0 1
172 136 0 1
171 136 0 1
170 136 0 1
169 136 0 1
168 136 0 1
167 136 0 1
166 136 0 1
165 136 0 1
164 136 0 1
163 136 0 1
162 136 0 1
161 136 0 1
160 136 0 1
159 136 0 1
158 136 0 1
157 136 0 1
156 136 0 1
155 136 0 1
154 136 0 1
153 136 0 1
152 136 0 1
151 136 0 1
150 136 0 1
149 136 0 1
148 136 0 1
147 136 0 1
146 136 0 1
145 136 0 1
144 136 0 1
143 136 0 1
142 136 0 1
141 136 0 1
140 136 0 1
139 136 0 1
138 136 0 1
137 136 0 1
136 136 0 1
135 136 0 1
134 136 0 1
133 136 0 1
132 136 0 1
131 136 0 1
130 136 0 1
129 136 0 1
128 136 0 1
127 136 0 1
126 136 0 1
125 136 0 1
124 136 0 1
123 136 0 1
52 136 0 1
51 136 0 1
50 136 0 1
49 136 0 1
48 136 0 1
47 136 0 1
46 136 0 1
45 136 0 1
44 136 0 1
43 136 0 1
42 136 0 1
41 136 0 1
40 136 0 1
39 136 0 1
38 136 0 1
37 136 0 1
36 136 0 1
35 136 0 1
34 136 0 1
33 136 0 1
32 136 0 1
31 136 0 1
30 136 0 1
29 136 0 1
411 135 0 0
410 135 0 0
409 135 0 0
408 135 0 0
407 135 0 0
406 135 0 0
405 135 0 0
261 135 0 1
260 135 0 1
259 135 0 1
258 135 0 1
257 135 0 1
233 135 0 1
232 135 0 1
231 135 0 1
230 135 0 1
229 135 0 1
228 135 0 1
227 135 0 1
226 135 0 1
225 135 0 1
224 135 0 1
223 135 0 1
222 135 0 1
221 135 0 1
220 135 0 1
219 135 0 1
218 135 0 1
217 135 0 1
216 135 0 1
215 135 0 1
214 135 0 1
213 135 0 1
212 135 0 1
211 135 0 1
210 135 0 1
209 135 0 1
208 135 0 1
207 135 0 1
206 135 0 1
205 135 0 1
204 135 0 1
203 135 0 1
202 135 0 1
201 135 0 1
200 135 0 1
199 135 0 1
198 135 0 1
197 135 0 1
196 135 0 1
195 135 0 1
194 135 0 1
193 135 0 1
192 135 0 1
191 135 0 1
190 135 0 1
189 135 0 1
188 135 0 1
187 135 0 1
186 135 0 1
185 135 0 1
184 135 0 1
183 135 0 1
182 135 0 1
181 135 0 1
180 135 0 1
179 135 0 1
178 135 0 1
177 135 0 1
176 135 0 1
175 135 0 1
174 135 0 1
173 135 0 1
172 135 0 1
171 135 0 1
170 135 0 1
169 135 0 1
168 135 0 1
167 135 0 1
166 135 0 1
165 135 0 1
164 135 0 1
163 135 0 1
162 135 0 1
161 135 0 1
160 135 0 1
159 135 0 1
158 135 0 1
157 135 0 1
156 135 0 1
155 135 0 1
154 135 0 1
153 135 0 1
152 135 0 1
151 135 0 1
150 135 0 1
149 135 0 1
148 135 0 1
147 135 0 1
146 135 0 1
145 135 0 1
144 135 0 1
143 135 0 1
142 135 0 1
141 135 0 1
140 135 0 1
139 135 0 1
138 135 0 1
137 135 0 1
136 135 0 1
135 135 0 1
134 135 0 1
133 135 0 1
132 135 0 1
131 135 0 1
130 135 0 1
129 135 0 1
128 135 0 1
127 135 0 1
126 135 0 1
125 135 0 1
124 135 0 1
123 135 0 1
122 135 0 1
121 135 0 1
120 135 0 1
55 135 0 1
54 135 0 1
53 135 0 1
52 135 0 1
51 135 0 1
50 135 0 1
49 135 0 1
48 135 0 1
47 135 0 1
46 135 0 1
45 135 0 1
44 135 0 1
43 135 0 1
42 135 0 1
41 135 0 1
40 135 0 1
39 135 0 1
38 135 0 1
37 135 0 1
36 135 0 1
35 135 0 1
34 135 0 1
33 135 0 1
32 135 0 1
31 135 0 1
411 134 0 0
410 134 0 0
409 134 0 0
408 134 0 0
407 134 0 0
406 134 0 0
405 134 0 0
404 134 0 0
261 134 0 1
260 134 0 1
259 134 0 1
258 134 0 1
257 134 0 1
242 134 0 1
241 134 0 1
240 134 0 1
239 134 0 1
238 134 0 1
237 134 0 1
236 134 0 1
235 134 0 1
234 134 0 1
233 134 0 1
232 134 0 1
231 134 0 1
230 134 0 1
229 134 0 1
228 134 0 1
227 134 0 1
226 134 0 1
225 134 0 1
224 134 0 1
223 134 0 1
222 134 0 1
221 134 0 1
220 134 0 1
219 134 0 1
218 134 0 1
217 134 0 1
216 134 0 1
215 134 0 1
214 134 0 1
213 134 0 1
212 134 0 1
211 134 0 1
210 134 0 1
209 134 0 1
208 134 0 1
207 134 0 1
206 134 0 1
205 134 0 1
204 134 0 1
203 134 0 1
202 134 0 1
201 134 0 1
200 134 0 1
199 134 0 1
198 134 0 1
197 134 0 1
196 134 0 1
195 134 0 1
194 134 0 1
193 134 0 1
192 134 0 1
191 134 0 1
190 134 0 1
189 134 0 1
188 134 0 1
187 134 0 1
186 134 0 1
185 134 0 1
184 134 0 1
183 134 0 1
182 134 0 1
181 134 0 1
180 134 0 1
179 134 0 1
178 134 0 1
177 134 0 1
176 134 0 1
175 134 0 1
174 134 0 1
173 134 0 1
172 134 0 1
171 134 0 1
170 134 0 1
169 134 0 1
168 134 0 1
167 134 0 1
166 134 0 1
165 134 0 1
164 134 0 1
163 134 0 1
162 134 0 1
161 134 0 1
160 134 0 1
159 134 0 1
158 134 0 1
157 134 0 1
156 134 0 1
155 134 0 1
154 134 0 1
153 134 0 1
152 134 0 1
151 134 0 1
150 134 0 1
149 134 0 1
148 134 0 1
147 134 0 1
146 134 0 1
145 134 0 1
144 134 0 1
143 134 0 1
142 134 0 1
141 134 0 1
140 134 0 1
139 134 0 1
138 134 0 1
137 134 0 1
136 134 0 1
135 134 0 1
134 134 0 1
133 134 0 1
132 134 0 1
131 134 0 1
130 134 0 1
129 134 0 1
128 134 0 1
127 134 0 1
126 134 0 1
125 134 0 1
124 134 0 1
123 134 0 1
122 134 0 1
121 134 0 1
120 134 0 1
119 134 0 1
118 134 0 1
117 134 0 1
57 134 0 1
56 134 0 1
55 134 0 1
54 134 0 1
53 134 0 1
52 134 0 1
51 134 0 1
50 134 0 1
49 134 0 1
48 134 0 1
47 134 0 1
46 134 0 1
45 134 0 1
44 134 0 1
43 134 0 1
42 134 0 1
41 134 0 1
40 134 0 1
410 133 0 0
409 133 0 0
408 133 0 0
407 133 0 0
406 133 0 0
405 133 0 0
404 133 0 0
403 133 0 0
260 133 0 1
259 133 0 1
258 133 0 1
257 133 0 1
248 133 0 1
247 133 0 1
246 133 0 1
245 133 0 1
244 133 0 1
243 133 0 1
242 133 0 1
241 133 0 1
240 133 0 1
239 133 0 1
238 133 0 1
237 133 0 1
236 133 0 1
235 133 0 1
234 133 0 1
233 133 0 1
232 133 0 1
231 133 0 1
230 133 0 1
229 133 0 1
228 133 0 1
227 133 0 1
226 133 0 1
225 133 0 1
224 133 0 1
223 133 0 1
222 133 0 1
221 133 0 1
220 133 0 1
219 133 0 1
218 133 0 1
217 133 0 1
216 133 0 1
215 133 0 1
214 133 0 1
213 133 0 1
212 133 0 1
211 133 0 1
210 133 0 1
209 133 0 1
208 133 0 1
207 133 0 1
206 133 0 1
205 133 0 1
204 133 0 1
203 133 0 1
202 133 0 1
201 133 0 1
200 133 0 1
199 133 0 1
198 133 0 1
197 133 0 1
131 133 0 1
130 133 0 1
129 133 0 1
128 133 0 1
127 133 0 1
126 133 0 1
125 133 0 1
124 133 0 1
123 133 0 1
122 133 0 1
121 133 0 1
120 133 0 1
119 133 0 1
118 133 0 1
117 133 0 1
116 133 0 1
115 133 0 1
114 133 0 1
60 133 0 1
59 133 0 1
58 133 0 1
57 133 0 1
56 133 0 1
55 133 0 1
54 133 0 1
53 133 0 1
52 133 0 1
51 133 0 1
50 133 0 1
49 133 0 1
48 133 0 1
47 133 0 1
46 133 0 1
409 132 0 0
408 132 0 0
407 132 0 0
406 132 0 0
405 132 0 0
404 132 0 0
403 132 0 0
402 132 0 0
260 132 0 1
259 132 0 1
258 132 0 1
257 132 0 1
251 132 0 1
250 132 0 1
249 132 0 1
248 132 0 1
247 132 0 1
246 132 0 1
245 132 0 1
244 132 0 1
243 132 0 1
242 132 0 1
241 132 0 1
240 132 0 1
239 132 0 1
238 132 0 1
237 132 0 1
236 132 0 1
235 132 0 1
234 132 0 1
233 132 0 1
232 132 0 1
231 132 0 1
230 132 0 1
229 132 0 1
228 132 0 1
227 132 0 1
226 132 0 1
225 132 0 1
224 132 0 1
223 132 0 1
222 132 0 1
221 132 0 1
220 132 0 1
219 132 0 1
218 132 0 1
217 132 0 1
216 132 0 1
215 132 0 1
214 132 0 1
213 132 0 1
212 132 0 1
211 132 0 1
210 132 0 1
209 132 0 1
127 132 0 1
126 132 0 1
125 132 0 1
124 132 0 1
123 132 0 1
122 132 0 1
121 132 0 1
120 132 0 1
119 132 0 1
118 132 0 1
117 132 0 1
116 132 0 1
115 132 0 1
114 132 0 1
113 132 0 1
63 132 0 1
62 132 0 1
61 132 0 1
60 132 0 1
59 132 0 1
58 132 0 1
57 132 0 1
56 132 0 1
55 132 0 1
54 132 0 1
53 132 0 1
52 132 0 1
51 132 0 1
50 132 0 1
408 131 0 0
407 131 0 0
406 131 0 0
405 131 0 0
404 131 0 0
403 131 0 0
402 131 0 0
401 131 0 0
321 131 0 1
320 131 0 1
319 131 0 1
318 131 0 1
260 131 0 1
259 131 0 1
258 131 0 1
257 131 0 1
254 131 0 1
253 131 0 1
252 131 0 1
251 131 0 1
250 131 0 1
249 131 0 1
248 131 0 1
247 131 0 1
246 131 0 1
245 131 0 1
244 131 0 1
243 131 0 1
242 131 0 1
241 131 0 1
240 131 0 1
239 131 0 1
238 131 0 1
237 131 0 1
236 131 0 1
235 131 0 1
234 131 0 1
233 131 0 1
232 131 0 1
231 131 0 1
230 131 0 1
229 131 0 1
228 131 0 1
227 131 0 1
226 131 0 1
225 131 0 1
124 131 0 1
123 131 0 1
122 131 0 1
121 131 0 1
120 131 0 1
119 131 0 1
118 131 0 1
117 131 0 1
116 131 0 1
115 131 0 1
114 131 0 1
113 131 0 1
112 131 0 1
66 131 0 1
65 131 0 1
64 131 0 1
63 131 0 1
62 131 0 1
61 131 0 1
60 131 0 1
59 131 0 1
58 131 0 1
57 131 0 1
56 131 0 1
55 131 0 1
54 131 0 1
53 131 0 1
52 131 0 1
407 130 0 0
406 130 0 0
405 130 0 0
404 130 0 0
403 130 0 0
402 130 0 0
401 130 0 0
400 130 0 0
321 130 0 1
320 130 0 1
319 130 0 1
318 130 0 1
260 130 0 1
259 130 0 1
258 130 0 1
257 130 0 1
256 130 0 1
255 130 0 1
254 130 0 1
253 130 0 1
252 130 0 1
251 130 0 1
250 130 0 1
249 130 0 1
248 130 0 1
247 130 0 1
246 130 0 1
245 130 0 1
244 130 0 1
243 130 0 1
242 130 0 1
241 130 0 1
240 130 0 1
239 130 0 1
238 130 0 1
237 130 0 1
236 130 0 1
235 130 0 1
234 130 0 1
121 130 0 1
120 130 0 1
119 130 0 1
118 130 0 1
117 130 0 1
116 130 0 1
115 130 0 1
114 130 0 1
113 130 0 1
112 130 0 1
111 130 0 1
110 130 0 1
109 130 0 1
68 130 0 1
67 130 0 1
66 130 0 1
65 130 0 1
64 130 0 1
63 130 0 1
62 130 0 1
61 130 0 1
60 130 0 1
59 130 0 1
58 130 0 1
57 130 0 1
56 130 0 1
55 130 0 1
406 129 0 0
405 129 0 0
404 129 0 0
403 129 0 0
402 129 0 0
401 129 0 0
400 129 0 0
399 129 0 0
321 129 0 1
320 129 0 1
319 129 0 1
318 129 0 1
260 129 0 1
259 129 0 1
258 129 0 1
257 129 0 1
256 129 0 1
255 129 0 1
254 129 0 1
253 129 0 1
252 129 0 1
251 129 0 1
250 129 0 1
249 129 0 1
248 129 0 1
247 129 0 1
246 129 0 1
245 129 0 1
244 129 0 1
243 129 0 1
118 129 0 1
117 129 0 1
116 129 0 1
115 129 0 1
114 129 0 1
113 129 0 1
112 129 0 1
111 129 0 1
110 129 0 1
109 129 0 1
108 129 0 1
107 129 0 1
72 129 0 1
71 129 0 1
70 129 0 1
69 129 0 1
68 129 0 1
67 129 0 1
66 129 0 1
65 129 0 1
64 129 0 1
63 129 0 1
62 129 0 1
61 129 0 1
60 129 0 1
59 129 0 1
58 129 0 1
57 129 0 1
405 128 0 0
404 128 0 0
403 128 0 0
402 128 0 0
401 128 0 0
400 128 0 0
399 128 0 0
398 128 0 0
321 128 0 1
320 128 0 1
319 128 0 1
318 128 0 1
265 128 0 1
264 128 0 1
263 128 0 1
262 128 0 1
261 128 0 1
260 128 0 1
259 128 0 1
258 128 0 1
257 128 0 1
256 128 0 1
255 128 0 1
254 128 0 1
253 128 0 1
252 128 0 1
251 128 0 1
250 128 0 1
249 128 0 1
248 128 0 1
115 128 0 1
114 128 0 1
113 128 0 1
112 128 0 1
111 128 0 1
110 128 0 1
109 128 0 1
108 128 0 1
107 128 0 1
106 128 0 1
105 128 0 1
104 128 0 1
103 128 0 1
102 128 0 1
101 128 0 1
92 128 0 1
91 128 0 1
90 128 0 1
89 128 0 1
88 128 0 1
87 128 0 1
86 128 0 1
85 128 0 1
84 128 0 1
83 128 0 1
82 128 0 1
81 128 0 1
80 128 0 1
79 128 0 1
78 128 0 1
77 128 0 1
76 128 0 1
75 128 0 1
74 128 0 1
73 128 0 1
72 128 0 1
71 128 0 1
70 128 0 1
69 128 0 1
68 128 0 1
67 128 0 1
66 128 0 1
65 128 0 1
64 128 0 1
63 128 0 1
62 128 0 1
61 128 0 1
60 128 0 1
59 128 0 1
404 127 0 0
403 127 0 0
402 127 0 0
401 127 0 0
400 127 0 0
399 127 0 0
398 127 0 0
321 127 0 1
320 127 0 1
319 127 0 1
318 127 0 1
266 127 0 1
265 127 0 1
264 127 0 1
263 127 0 1
262 127 0 1
261 127 0 1
260 127 0 1
259 127 0 1
258 127 0 1
257 127 0 1
256 127 0 1
255 127 0 1
254 127 0 1
253 127 0 1
252 127 0 1
251 127 0 1
114 127 0 1
113 127 0 1
112 127 0 1
111 127 0 1
110 127 0 1
109 127 0 1
108 127 0 1
107 127 0 1
106 127 0 1
105 127 0 1
104 127 0 1
103 127 0 1
102 127 0 1
101 127 0 1
100 127 0 1
99 127 0 1
98 127 0 1
97 127 0 1
96 127 0 1
95 127 0 1
94 127 0 1
93 127 0 1
92 127 0 1
91 127 0 1
90 127 0 1
89 127 0 1
88 127 0 1
87 127 0 1
86 127 0 1
85 127 0 1
84 127 0 1
83 127 0 1
82 127 0 1
81 127 0 1
80 127 0 1
79 127 0 1
78 127 0 1
77 127 0 1
76 127 0 1
75 127 0 1
74 127 0 1
73 127 0 1
72 127 0 1
71 127 0 1
70 127 0 1
69 127 0 1
68 127 0 1
67 127 0 1
66 127 0 1
65 127 0 1
64 127 0 1
63 127 0 1
62 127 0 1
403 126 0 0
402 126 0 0
401 126 0 0
400 126 0 0
399 126 0 0
398 126 0 0
397 126 0 0
321 126 0 1
320 126 0 1
319 126 0 1
318 126 0 1
268 126 0 1
267 126 0 1
266 126 0 1
265 126 0 1
264 126 0 1
263 126 0 1
262 126 0 1
261 126 0 1
260 126 0 1
259 126 0 1
258 126 0 1
257 126 0 1
256 126 0 1
255 126 0 1
254 126 0 1
253 126 0 1
113 126 0 1
112 126 0 1
111 126 0 1
110 126 0 1
109 126 0 1
108 126 0 1
107 126 0 1
106 126 0 1
105 126 0 1
104 126 0 1
103 126 0 1
102 126 0 1
101 126 0 1
100 126 0 1
99 126 0 1
98 126 0 1
97 126 0 1
96 126 0 1
95 126 0 1
94 126 0 1
93 126 0 1
92 126 0 1
91 126 0 1
90 126 0 1
89 126 0 1
88 126 0 1
87 126 0 1
86 126 0 1
85 126 0 1
84 126 0 1
83 126 0 1
82 126 0 1
81 126 0 1
80 126 0 1
79 126 0 1
78 126 0 1
77 126 0 1
76 126 0 1
75 126 0 1
74 126 0 1
73 126 0 1
72 126 0 1
71 126 0 1
70 126 0 1
69 126 0 1
68 126 0 1
67 126 0 1
66 126 0 1
65 126 0 1
402 125 0 0
401 125 0 0
400 125 0 0
399 125 0 0
398 125 0 0
397 125 0 0
396 125 0 0
321 125 0 1
320 125 0 1
319 125 0 1
318 125 0 1
270 125 0 1
269 125 0 1
268 125 0 1
267 125 0 1
266 125 0 1
265 125 0 1
264 125 0 1
263 125 0 1
262 125 0 1
261 125 0 1
260 125 0 1
259 125 0 1
258 125 0 1
257 125 0 1
256 125 0 1
109 125 0 1
108 125 0 1
107 125 0 1
106 125 0 1
105 125 0 1
104 125 0 1
103 125 0 1
102 125 0 1
101 125 0 1
100 125 0 1
99 125 0 1
98 125 0 1
97 125 0 1
96 125 0 1
95 125 0 1
94 125 0 1
93 125 0 1
92 125 0 1
91 125 0 1
90 125 0 1
89 125 0 1
88 125 0 1
87 125 0 1
86 125 0 1
85 125 0 1
84 125 0 1
83 125 0 1
82 125 0 1
81 125 0 1
80 125 0 1
79 125 0 1
78 125 0 1
77 125 0 1
76 125 0 1
75 125 0 1
74 125 0 1
73 125 0 1
72 125 0 1
71 125 0 1
70 125 0 1
69 125 0 1
401 124 0 0
400 124 0 0
399 124 0 0
398 124 0 0
397 124 0 0
396 124 0 0
395 124 0 0
321 124 0 1
320 124 0 1
319 124 0 1
318 124 0 1
272 124 0 1
271 124 0 1
270 124 0 1
269 124 0 1
268 124 0 1
267 124 0 1
266 124 0 1
265 124 0 1
264 124 0 1
263 124 0 1
262 124 0 1
104 124 0 1
103 124 0 1
102 124 0 1
101 124 0 1
100 124 0 1
99 124 0 1
98 124 0 1
97 124 0 1
96 124 0 1
95 124 0 1
94 124 0 1
93 124 0 1
92 124 0 1
91 124 0 1
90 124 0 1
89 124 0 1
88 124 0 1
400 123 0 0
399 123 0 0
398 123 0 0
397 123 0 0
396 123 0 0
395 123 0 0
394 123 0 0
321 123 0 1
320 123 0 1
319 123 0 1
318 123 0 1
274 123 0 1
273 123 0 1
272 123 0 1
271 123 0 1
270 123 0 1
269 123 0 1
268 123 0 1
267 123 0 1
266 123 0 1
265 123 0 1
264 123 0 1
399 122 0 0
398 122 0 0
397 122 0 0
396 122 0 0
395 122 0 0
394 122 0 0
393 122 0 0
321 122 0 1
320 122 0 1
319 122 0 1
318 122 0 1
276 122 0 1
275 122 0 1
274 122 0 1
273 122 0 1
272 122 0 1
271 122 0 1
270 122 0 1
269 122 0 1
268 122 0 1
267 122 0 1
266 122 0 1
265 122 0 1
22 122 0 0
21 122 0 0
20 122 0 0
19 122 0 0
18 122 0 0
17 122 0 0
16 122 0 0
15 122 0 0
398 121 0 0
397 121 0 0
396 121 0 0
395 121 0 0
394 121 0 0
393 121 0 0
392 121 0 0
321 121 0 1
320 121 0 1
319 121 0 1
318 121 0 1
278 121 0 1
277 121 0 1
276 121 0 1
275 121 0 1
274 121 0 1
273 121 0 1
272 121 0 1
271 121 0 1
270 121 0 1
269 121 0 1
268 121 0 1
267 121 0 1
24 121 0 0
23 121 0 0
22 121 0 0
21 121 0 0
20 121 0 0
19 121 0 0
18 121 0 0
17 121 0 0
16 121 0 0
15 121 0 0
397 120 0 0
396 120 0 0
395 120 0 0
394 120 0 0
393 120 0 0
392 120 0 0
391 120 0 0
321 120 0 1
320 120 0 1
319 120 0 1
318 120 0 1
279 120 0 1
278 120 0 1
277 120 0 1
276 120 0 1
275 120 0 1
274 120 0 1
273 120 0 1
272 120 0 1
271 120 0 1
270 120 0 1
269 120 0 1
27 120 0 0
26 120 0 0
25 120 0 0
24 120 0 0
23 120 0 0
22 120 0 0
21 120 0 0
20 120 0 0
19 120 0 0
18 120 0 0
17 120 0 0
16 120 0 0
15 120 0 0
396 119 0 0
395 119 0 0
394 119 0 0
393 119 0 0
392 119 0 0
391 119 0 0
390 119 0 0
321 119 0 1
320 119 0 1
319 119 0 1
318 119 0 1
317 119 0 1
280 119 0 1
279 119 0 1
278 119 0 1
277 119 0 1
276 119 0 1
275 119 0 1
274 119 0 1
273 119 0 1
272 119 0 1
271 119 0 1
29 119 0 0
28 119 0 0
27 119 0 0
26 119 0 0
25 119 0 0
24 119 0 0
23 119 0 0
22 119 0 0
21 119 0 0
20 119 0 0
19 119 0 0
18 119 0 0
17 119 0 0
16 119 0 0
15 119 0 0
395 118 0 0
394 118 0 0
393 118 0 0
392 118 0 0
391 118 0 0
390 118 0 0
389 118 0 0
321 118 0 1
320 118 0 1
319 118 0 1
318 118 0 1
317 118 0 1
281 118 0 1
280 118 0 1
279 118 0 1
278 118 0 1
277 118 0 1
276 118 0 1
275 118 0 1
274 118 0 1
273 118 0 1
31 118 0 0
30 118 0 0
29 118 0 0
28 118 0 0
27 118 0 0
26 118 0 0
25 118 0 0
24 118 0 0
23 118 0 0
22 118 0 0
21 118 0 0
20 118 0 0
394 117 0 0
393 117 0 0
392 117 0 0
391 117 0 0
390 117 0 0
389 117 0 0
388 117 0 0
387 117 0 0
321 117 0 1
320 117 0 1
319 117 0 1
318 117 0 1
317 117 0 1
282 117 0 1
281 117 0 1
280 117 0 1
279 117 0 1
278 117 0 1
277 117 0 1
276 117 0 1
275 117 0 1
34 117 0 0
33 117 0 0
32 117 0 0
31 117 0 0
30 117 0 0
29 117 0 0
28 117 0 0
27 117 0 0
26 117 0 0
25 117 0 0
24 117 0 0
23 117 0 0
22 117 0 0
393 116 0 0
392 116 0 0
391 116 0 0
390 116 0 0
389 116 0 0
388 116 0 0
387 116 0 0
386 116 0 0
321 116 0 1
320 116 0 1
319 116 0 1
318 116 0 1
317 116 0 1
283 116 0 1
282 116 0 1
281 116 0 1
280 116 0 1
279 116 0 1
278 116 0 1
277 116 0 1
36 116 0 0
35 116 0 0
34 116 0 0
33 116 0 0
32 116 0 0
31 116 0 0
30 116 0 0
29 116 0 0
28 116 0 0
27 116 0 0
26 116 0 0
25 116 0 0
24 116 0 0
23 116 0 0
392 115 0 0
391 115 0 0
390 115 0 0
389 115 0 0
388 115 0 0
387 115 0 0
386 115 0 0
385 115 0 0
320 115 0 1
319 115 0 1
318 115 0 1
317 115 0 1
284 115 0 1
283 115 0 1
282 115 0 1
281 115 0 1
280 115 0 1
279 115 0 1
278 115 0 1
37 115 0 0
36 115 0 0
35 115 0 0
34 115 0 0
33 115 0 0
32 115 0 0
31 115 0 0
30 115 0 0
29 115 0 0
28 115 0 0
27 115 0 0
26 115 0 0
391 114 0 0
390 114 0 0
389 114 0 0
388 114 0 0
387 114 0 0
386 114 0 0
385 114 0 0
384 114 0 0
320 114 0 1
319 114 0 1
318 114 0 1
317 114 0 1
316 114 0 1
285 114 0 1
284 114 0 1
283 114 0 1
282 114 0 1
281 114 0 1
280 114 0 1
279 114 0 1
39 114 0 0
38 114 0 0
37 114 0 0
36 114 0 0
35 114 0 0
34 114 0 0
33 114 0 0
32 114 0 0
31 114 0 0
30 114 0 0
29 114 0 0
28 114 0 0
390 113 0 0
389 113 0 0
388 113 0 0
387 113 0 0
386 113 0 0
385 113 0 0
384 113 0 0
383 113 0 0
320 113 0 1
319 113 0 1
318 113 0 1
317 113 0 1
316 113 0 1
285 113 0 1
284 113 0 1
283 113 0 1
282 113 0 1
281 113 0 1
280 113 0 1
40 113 0 0
39 113 0 0
38 113 0 0
37 113 0 0
36 113 0 0
35 113 0 0
34 113 0 0
33 113 0 0
32 113 0 0
31 113 0 0
389 112 0 0
388 112 0 0
387 112 0 0
386 112 0 0
385 112 0 0
384 112 0 0
383 112 0 0
382 112 0 0
320 112 0 1
319 112 0 1
318 112 0 1
317 112 0 1
316 112 0 1
286 112 0 1
285 112 0 1
284 112 0 1
283 112 0 1
282 112 0 1
281 112 0 1
42 112 0 0
41 112 0 0
40 112 0 0
39 112 0 0
38 112 0 0
37 112 0 0
36 112 0 0
35 112 0 0
34 112 0 0
33 112 0 0
388 111 0 0
387 111 0 0
386 111 0 0
385 111 0 0
384 111 0 0
383 111 0 0
382 111 0 0
381 111 0 0
320 111 0 1
319 111 0 1
318 111 0 1
317 111 0 1
316 111 0 1
287 111 0 1
286 111 0 1
285 111 0 1
284 111 0 1
283 111 0 1
282 111 0 1
43 111 0 0
42 111 0 0
41 111 0 0
40 111 0 0
39 111 0 0
38 111 0 0
37 111 0 0
36 111 0 0
35 111 0 0
387 110 0 0
386 110 0 0
385 110 0 0
384 110 0 0
383 110 0 0
382 110 0 0
381 110 0 0
380 110 0 0
319 110 0 1
318 110 0 1
317 110 0 1
316 110 0 1
315 110 0 1
288 110 0 1
287 110 0 1
286 110 0 1
285 110 0 1
284 110 0 1
283 110 0 1
282 110 0 1
45 110 0 0
44 110 0 0
43 110 0 0
42 110 0 0
41 110 0 0
40 110 0 0
39 110 0 0
38 110 0 0
37 110 0 0
386 109 0 0
385 109 0 0
384 109 0 0
383 109 0 0
382 109 0 0
381 109 0 0
380 109 0 0
379 109 0 0
319 109 0 1
318 109 0 1
317 109 0 1
316 109 0 1
315 109 0 1
289 109 0 1
288 109 0 1
287 109 0 1
286 109 0 1
285 109 0 1
284 109 0 1
283 109 0 1
48 109 0 0
47 109 0 0
46 109 0 0
45 109 0 0
44 109 0 0
43 109 0 0
42 109 0 0
41 109 0 0
40 109 0 0
39 109 0 0
38 109 0 0
385 108 0 0
384 108 0 0
383 108 0 0
382 108 0 0
381 108 0 0
380 108 0 0
379 108 0 0
378 108 0 0
319 108 0 1
318 108 0 1
317 108 0 1
316 108 0 1
315 108 0 1
290 108 0 1
289 108 0 1
288 108 0 1
287 108 0 1
286 108 0 1
285 108 0 1
284 108 0 1
283 108 0 1
52 108 0 0
51 108 0 0
50 108 0 0
49 108 0 0
48 108 0 0
47 108 0 0
46 108 0 0
45 108 0 0
44 108 0 0
43 108 0 0
42 108 0 0
41 108 0 0
40 108 0 0
384 107 0 0
383 107 0 0
382 107 0 0
381 107 0 0
380 107 0 0
379 107 0 0
378 107 0 0
377 107 0 0
319 107 0 1
318 107 0 1
317 107 0 1
316 107 0 1
315 107 0 1
314 107 0 1
290 107 0 1
289 107 0 1
288 107 0 1
287 107 0 1
286 107 0 1
285 107 0 1
284 107 0 1
54 107 0 0
53 107 0 0
52 107 0 0
51 107 0 0
50 107 0 0
49 107 0 0
48 107 0 0
47 107 0 0
46 107 0 0
45 107 0 0
44 107 0 0
43 107 0 0
42 107 0 0
41 107 0 0
383 106 0 0
382 106 0 0
381 106 0 0
380 106 0 0
379 106 0 0
378 106 0 0
377 106 0 0
376 106 0 0
318 106 0 1
317 106 0 1
316 106 0 1
315 106 0 1
314 106 0 1
291 106 0 1
290 106 0 1
289 106 0 1
288 106 0 1
287 106 0 1
286 106 0 1
285 106 0 1
57 106 0 0
56 106 0 0
55 106 0 0
54 106 0 0
53 106 0 0
52 106 0 0
51 106 0 0
50 106 0 0
49 106 0 0
48 106 0 0
47 106 0 0
46 106 0 0
45 106 0 0
44 106 0 0
43 106 0 0
381 105 0 0
380 105 0 0
379 105 0 0
378 105 0 0
377 105 0 0
376 105 0 0
375 105 0 0
318 105 0 1
317 105 0 1
316 105 0 1
315 105 0 1
314 105 0 1
292 105 0 1
291 105 0 1
290 105 0 1
289 105 0 1
288 105 0 1
287 105 0 1
60 105 0 0
59 105 0 0
58 105 0 0
57 105 0 0
56 105 0 0
55 105 0 0
54 105 0 0
53 105 0 0
52 105 0 0
51 105 0 0
50 105 0 0
49 105 0 0
48 105 0 0
47 105 0 0
46 105 0 0
45 105 0 0
44 105 0 0
380 104 0 0
379 104 0 0
378 104 0 0
377 104 0 0
376 104 0 0
375 104 0 0
374 104 0 0
318 104 0 1
317 104 0 1
316 104 0 1
315 104 0 1
314 104 0 1
313 104 0 1
292 104 0 1
291 104 0 1
290 104 0 1
289 104 0 1
288 104 0 1
287 104 0 1
63 104 0 0
62 104 0 0
61 104 0 0
60 104 0 0
59 104 0 0
58 104 0 0
57 104 0 0
56 104 0 0
55 104 0 0
54 104 0 0
53 104 0 0
52 104 0 0
51 104 0 0
50 104 0 0
49 104 0 0
48 104 0 0
379 103 0 0
378 103 0 0
377 103 0 0
376 103 0 0
375 103 0 0
374 103 0 0
373 103 0 0
317 103 0 1
316 103 0 1
315 103 0 1
314 103 0 1
313 103 0 1
293 103 0 1
292 103 0 1
291 103 0 1
290 103 0 1
289 103 0 1
288 103 0 1
65 103 0 0
64 103 0 0
63 103 0 0
62 103 0 0
61 103 0 0
60 103 0 0
59 103 0 0
58 103 0 0
57 103 0 0
56 103 0 0
55 103 0 0
54 103 0 0
53 103 0 0
52 103 0 0
51 103 0 0
378 102 0 0
377 102 0 0
376 102 0 0
375 102 0 0
374 102 0 0
373 102 0 0
372 102 0 0
317 102 0 1
316 102 0 1
315 102 0 1
314 102 0 1
313 102 0 1
293 102 0 1
292 102 0 1
291 102 0 1
290 102 0 1
289 102 0 1
288 102 0 1
241 102 0 0
240 102 0 0
239 102 0 0
238 102 0 0
237 102 0 0
236 102 0 0
235 102 0 0
234 102 0 0
233 102 0 0
232 102 0 0
231 102 0 0
230 102 0 0
229 102 0 0
228 102 0 0
227 102 0 0
226 102 0 0
225 102 0 0
224 102 0 0
223 102 0 0
222 102 0 0
221 102 0 0
220 102 0 0
219 102 0 0
218 102 0 0
217 102 0 0
216 102 0 0
215 102 0 0
214 102 0 0
213 102 0 0
212 102 0 0
211 102 0 0
210 102 0 0
209 102 0 0
208 102 0 0
207 102 0 0
206 102 0 0
205 102 0 0
204 102 0 0
203 102 0 0
68 102 0 0
67 102 0 0
66 102 0 0
65 102 0 0
64 102 0 0
63 102 0 0
62 102 0 0
61 102 0 0
60 102 0 0
59 102 0 0
58 102 0 0
57 102 0 0
56 102 0 0
55 102 0 0
54 102 0 0
377 101 0 0
376 101 0 0
375 101 0 0
374 101 0 0
373 101 0 0
372 101 0 0
317 101 0 1
316 101 0 1
315 101 0 1
314 101 0 1
313 101 0 1
294 101 0 1
293 101 0 1
292 101 0 1
291 101 0 1
290 101 0 1
289 101 0 1
247 101 0 0
246 101 0 0
245 101 0 0
244 101 0 0
243 101 0 0
242 101 0 0
241 101 0 0
240 101 0 0
239 101 0 0
238 101 0 0
237 101 0 0
236 101 0 0
235 101 0 0
234 101 0 0
233 101 0 0
232 101 0 0
231 101 0 0
230 101 0 0
229 101 0 0
228 101 0 0
227 101 0 0
226 101 0 0
225 101 0 0
224 101 0 0
223 101 0 0
222 101 0 0
221 101 0 0
220 101 0 0
219 101 0 0
218 101 0 0
217 101 0 0
216 101 0 0
215 101 0 0
214 101 0 0
213 101 0 0
212 101 0 0
211 101 0 0
210 101 0 0
209 101 0 0
208 101 0 0
207 101 0 0
206 101 0 0
205 101 0 0
204 101 0 0
203 101 0 0
202 101 0 0
201 101 0 0
200 101 0 0
199 101 0 0
198 101 0 0
197 101 0 0
196 101 0 0
71 101 0 0
70 101 0 0
69 101 0 0
68 101 0 0
67 101 0 0
66 101 0 0
65 101 0 0
64 101 0 0
63 101 0 0
62 101 0 0
61 101 0 0
60 101 0 0
59 101 0 0
58 101 0 0
57 101 0 0
56 101 0 0
376 100 0 0
375 100 0 0
374 100 0 0
373 100 0 0
372 100 0 0
371 100 0 0
316 100 0 1
315 100 0 1
314 100 0 1
313 100 0 1
295 100 0 1
294 100 0 1
293 100 0 1
292 100 0 1
291 100 0 1
290 100 0 1
250 100 0 0
249 100 0 0
248 100 0 0
247 100 0 0
246 100 0 0
245 100 0 0
244 100 0 0
243 100 0 0
242 100 0 0
241 100 0 0
240 100 0 0
239 100 0 0
238 100 0 0
237 100 0 0
236 100 0 0
235 100 0 0
234 100 0 0
233 100 0 0
232 100 0 0
231 100 0 0
230 100 0 0
229 100 0 0
228 100 0 0
227 100 0 0
226 100 0 0
225 100 0 0
224 100 0 0
223 100 0 0
222 100 0 0
221 100 0 0
220 100 0 0
219 100 0 0
218 100 0 0
217 100 0 0
216 100 0 0
215 100 0 0
214 100 0 0
213 100 0 0
212 100 0 0
211 100 0 0
210 100 0 0
209 100 0 0
208 100 0 0
207 100 0 0
206 100 0 0
205 100 0 0
204 100 0 0
203 100 0 0
202 100 0 0
201 100 0 0
200 100 0 0
199 100 0 0
198 100 0 0
197 100 0 0
196 100 0 0
195 100 0 0
194 100 0 0
193 100 0 0
192 100 0 0
191 100 0 0
190 100 0 0
74 100 0 0
73 100 0 0
72 100 0 0
71 100 0 0
70 100 0 0
69 100 0 0
68 100 0 0
67 100 0 0
66 100 0 0
65 100 0 0
64 100 0 0
63 100 0 0
62 100 0 0
61 100 0 0
60 100 0 0
59 100 0 0
376 99 0 0
375 99 0 0
374 99 0 0
373 99 0 0
372 99 0 0
371 99 0 0
370 99 0 0
316 99 0 1
315 99 0 1
314 99 0 1
313 99 0 1
295 99 0 1
294 99 0 1
293 99 0 1
292 99 0 1
291 99 0 1
290 99 0 1
251 99 0 0
250 99 0 0
249 99 0 0
248 99 0 0
247 99 0 0
246 99 0 0
245 99 0 0
244 99 0 0
243 99 0 0
242 99 0 0
241 99 0 0
240 99 0 0
239 99 0 0
238 99 0 0
237 99 0 0
236 99 0 0
235 99 0 0
234 99 0 0
233 99 0 0
232 99 0 0
231 99 0 0
230 99 0 0
229 99 0 0
228 99 0 0
227 99 0 0
226 99 0 0
225 99 0 0
224 99 0 0
223 99 0 0
222 99 0 0
221 99 0 0
220 99 0 0
219 99 0 0
218 99 0 0
217 99 0 0
216 99 0 0
215 99 0 0
214 99 0 0
213 99 0 0
212 99 0 0
211 99 0 0
210 99 0 0
209 99 0 0
208 99 0 0
207 99 0 0
206 99 0 0
205 99 0 0
204 99 0 0
203 99 0 0
202 99 0 0
201 99 0 0
200 99 0 0
199 99 0 0
198 99 0 0
197 99 0 0
196 99 0 0
195 99 0 0
194 99 0 0
193 99 0 0
192 99 0 0
191 99 0 0
190 99 0 0
189 99 0 0
188 99 0 0
187 99 0 0
79 99 0 0
78 99 0 0
77 99 0 0
76 99 0 0
75 99 0 0
74 99 0 0
73 99 0 0
72 99 0 0
71 99 0 0
70 99 0 0
69 99 0 0
68 99 0 0
67 99 0 0
66 99 0 0
65 99 0 0
64 99 0 0
63 99 0 0
62 99 0 0
375 98 0 0
374 98 0 0
373 98 0 0
372 98 0 0
371 98 0 0
370 98 0 0
369 98 0 0
316 98 0 1
315 98 0 1
314 98 0 1
313 98 0 1
296 98 0 1
295 98 0 1
294 98 0 1
293 98 0 1
292 98 0 1
291 98 0 1
252 98 0 0
251 98 0 0
250 98 0 0
249 98 0 0
248 98 0 0
247 98 0 0
246 98 0 0
245 98 0 0
244 98 0 0
243 98 0 0
242 98 0 0
241 98 0 0
240 98 0 0
239 98 0 0
238 98 0 0
237 98 0 0
208 98 0 0
207 98 0 0
206 98 0 0
205 98 0 0
204 98 0 0
203 98 0 0
202 98 0 0
201 98 0 0
200 98 0 0
199 98 0 0
198 98 0 0
197 98 0 0
196 98 0 0
195 98 0 0
194 98 0 0
193 98 0 0
192 98 0 0
191 98 0 0
190 98 0 0
189 98 0 0
188 98 0 0
187 98 0 0
186 98 0 0
185 98 0 0
184 98 0 0
84 98 0 0
83 98 0 0
82 98 0 0
81 98 0 0
80 98 0 0
79 98 0 0
78 98 0 0
77 98 0 0
76 98 0 0
75 98 0 0
74 98 0 0
73 98 0 0
72 98 0 0
71 98 0 0
70 98 0 0
69 98 0 0
68 98 0 0
67 98 0 0
66 98 0 0
65 98 0 0
374 97 0 0
373 97 0 0
372 97 0 0
371 97 0 0
370 97 0 0
369 97 0 0
368 97 0 0
316 97 0 1
315 97 0 1
314 97 0 1
313 97 0 1
296 97 0 1
295 97 0 1
294 97 0 1
293 97 0 1
292 97 0 1
291 97 0 1
252 97 0 0
251 97 0 0
250 97 0 0
249 97 0 0
248 97 0 0
247 97 0 0
246 97 0 0
245 97 0 0
244 97 0 0
243 97 0 0
200 97 0 0
199 97 0 0
198 97 0 0
197 97 0 0
196 97 0 0
195 97 0 0
194 97 0 0
193 97 0 0
192 97 0 0
191 97 0 0
190 97 0 0
189 97 0 0
188 97 0 0
187 97 0 0
186 97 0 0
185 97 0 0
184 97 0 0
183 97 0 0
182 97 0 0
181 97 0 0
180 97 0 0
179 97 0 0
87 97 0 0
86 97 0 0
85 97 0 0
84 97 0 0
83 97 0 0
82 97 0 0
81 97 0 0
80 97 0 0
79 97 0 0
78 97 0 0
77 97 0 0
76 97 0 0
75 97 0 0
74 97 0 0
73 97 0 0
72 97 0 0
71 97 0 0
70 97 0 0
69 97 0 0
68 97 0 0
67 97 0 0
373 96 0 0
372 96 0 0
371 96 0 0
370 96 0 0
369 96 0 0
368 96 0 0
316 96 0 1
315 96 0 1
314 96 0 1
313 96 0 1
297 96 0 1
296 96 0 1
295 96 0 1
294 96 0 1
293 96 0 1
292 96 0 1
253 96 0 0
252 96 0 0
251 96 0 0
250 96 0 0
249 96 0 0
248 96 0 0
193 96 0 0
192 96 0 0
191 96 0 0
190 96 0 0
189 96 0 0
188 96 0 0
187 96 0 0
186 96 0 0
185 96 0 0
184 96 0 0
183 96 0 0
182 96 0 0
181 96 0 0
180 96 0 0
179 96 0 0
178 96 0 0
177 96 0 0
176 96 0 0
91 96 0 0
90 96 0 0
89 96 0 0
88 96 0 0
87 96 0 0
86 96 0 0
85 96 0 0
84 96 0 0
83 96 0 0
82 96 0 0
81 96 0 0
80 96 0 0
79 96 0 0
78 96 0 0
77 96 0 0
76 96 0 0
75 96 0 0
74 96 0 0
73 96 0 0
72 96 0 0
71 96 0 0
70 96 0 0
373 95 0 0
372 95 0 0
371 95 0 0
370 95 0 0
369 95 0 0
368 95 0 0
367 95 0 0
316 95 0 1
315 95 0 1
314 95 0 1
313 95 0 1
297 95 0 1
296 95 0 1
295 95 0 1
294 95 0 1
293 95 0 1
292 95 0 1
255 95 0 0
254 95 0 0
253 95 0 0
252 95 0 0
251 95 0 0
250 95 0 0
249 95 0 0
248 95 0 0
190 95 0 0
189 95 0 0
188 95 0 0
187 95 0 0
186 95 0 0
185 95 0 0
184 95 0 0
183 95 0 0
182 95 0 0
181 95 0 0
180 95 0 0
179 95 0 0
178 95 0 0
177 95 0 0
176 95 0 0
175 95 0 0
174 95 0 0
96 95 0 0
95 95 0 0
94 95 0 0
93 95 0 0
92 95 0 0
91 95 0 0
90 95 0 0
89 95 0 0
88 95 0 0
87 95 0 0
86 95 0 0
85 95 0 0
84 95 0 0
83 95 0 0
82 95 0 0
81 95 0 0
80 95 0 0
79 95 0 0
78 95 0 0
77 95 0 0
76 95 0 0
75 95 0 0
74 95 0 0
73 95 0 0
372 94 0 0
371 94 0 0
370 94 0 0
369 94 0 0
368 94 0 0
367 94 0 0
366 94 0 0
316 94 0 1
315 94 0 1
314 94 0 1
313 94 0 1
312 94 0 1
298 94 0 1
297 94 0 1
296 94 0 1
295 94 0 1
294 94 0 1
293 94 0 1
256 94 0 0
255 94 0 0
254 94 0 0
253 94 0 0
252 94 0 0
251 94 0 0
250 94 0 0
249 94 0 0
188 94 0 0
187 94 0 0
186 94 0 0
185 94 0 0
184 94 0 0
183 94 0 0
182 94 0 0
181 94 0 0
180 94 0 0
179 94 0 0
178 94 0 0
177 94 0 0
176 94 0 0
175 94 0 0
174 94 0 0
173 94 0 0
172 94 0 0
171 94 0 0
170 94 0 0
169 94 0 0
168 94 0 0
106 94 0 0
105 94 0 0
104 94 0 0
103 94 0 0
102 94 0 0
101 94 0 0
100 94 0 0
99 94 0 0
98 94 0 0
97 94 0 0
96 94 0 0
95 94 0 0
94 94 0 0
93 94 0 0
92 94 0 0
91 94 0 0
90 94 0 0
89 94 0 0
88 94 0 0
87 94 0 0
86 94 0 0
85 94 0 0
84 94 0 0
83 94 0 0
82 94 0 0
81 94 0 0
80 94 0 0
79 94 0 0
78 94 0 0
371 93 0 0
370 93 0 0
369 93 0 0
368 93 0 0
367 93 0 0
366 93 0 0
365 93 0 0
316 93 0 1
315 93 0 1
314 93 0 1
313 93 0 1
312 93 0 1
299 93 0 1
298 93 0 1
297 93 0 1
296 93 0 1
295 93 0 1
294 93 0 1
257 93 0 0
256 93 0 0
255 93 0 0
254 93 0 0
253 93 0 0
252 93 0 0
251 93 0 0
250 93 0 0
182 93 0 0
181 93 0 0
180 93 0 0
179 93 0 0
178 93 0 0
177 93 0 0
176 93 0 0
175 93 0 0
174 93 0 0
173 93 0 0
172 93 0 0
171 93 0 0
170 93 0 0
169 93 0 0
168 93 0 0
167 93 0 0
166 93 0 0
165 93 0 0
164 93 0 0
163 93 0 0
162 93 0 0
116 93 0 0
115 93 0 0
114 93 0 0
113 93 0 0
112 93 0 0
111 93 0 0
110 93 0 0
109 93 0 0
108 93 0 0
107 93 0 0
106 93 0 0
105 93 0 0
104 93 0 0
103 93 0 0
102 93 0 0
101 93 0 0
100 93 0 0
99 93 0 0
98 93 0 0
97 93 0 0
96 93 0 0
95 93 0 0
94 93 0 0
93 93 0 0
92 93 0 0
91 93 0 0
90 93 0 0
89 93 0 0
88 93 0 0
87 93 0 0
86 93 0 0
85 93 0 0
84 93 0 0
83 93 0 0
370 92 0 0
369 92 0 0
368 92 0 0
367 92 0 0
366 92 0 0
365 92 0 0
316 92 0 1
315 92 0 1
314 92 0 1
313 92 0 1
312 92 0 1
311 92 0 1
299 92 0 1
298 92 0 1
297 92 0 1
296 92 0 1
295 92 0 1
294 92 0 1
258 92 0 0
257 92 0 0
256 92 0 0
255 92 0 0
254 92 0 0
253 92 0 0
252 92 0 0
251 92 0 0
180 92 0 0
179 92 0 0
178 92 0 0
177 92 0 0
176 92 0 0
175 92 0 0
174 92 0 0
173 92 0 0
172 92 0 0
171 92 0 0
170 92 0 0
169 92 0 0
168 92 0 0
167 92 0 0
166 92 0 0
165 92 0 0
164 92 0 0
163 92 0 0
162 92 0 0
161 92 0 0
160 92 0 0
128 92 0 0
127 92 0 0
126 92 0 0
125 92 0 0
124 92 0 0
123 92 0 0
122 92 0 0
121 92 0 0
120 92 0 0
119 92 0 0
118 92 0 0
117 92 0 0
116 92 0 0
115 92 0 0
114 92 0 0
113 92 0 0
112 92 0 0
111 92 0 0
110 92 0 0
109 92 0 0
108 92 0 0
107 92 0 0
106 92 0 0
105 92 0 0
104 92 0 0
103 92 0 0
102 92 0 0
101 92 0 0
100 92 0 0
99 92 0 0
98 92 0 0
97 92 0 0
96 92 0 0
95 92 0 0
94 92 0 0
93 92 0 0
92 92 0 0
91 92 0 0
90 92 0 0
89 92 0 0
88 92 0 0
87 92 0 0
369 91 0 0
368 91 0 0
367 91 0 0
366 91 0 0
365 91 0 0
364 91 0 0
315 91 0 1
314 91 0 1
313 91 0 1
312 91 0 1
311 91 0 1
300 91 0 1
299 91 0 1
298 91 0 1
297 91 0 1
296 91 0 1
295 91 0 1
259 91 0 0
258 91 0 0
257 91 0 0
256 91 0 0
255 91 0 0
254 91 0 0
253 91 0 0
252 91 0 0
177 91 0 0
176 91 0 0
175 91 0 0
174 91 0 0
173 91 0 0
172 91 0 0
171 91 0 0
170 91 0 0
169 91 0 0
168 91 0 0
167 91 0 0
166 91 0 0
165 91 0 0
164 91 0 0
163 91 0 0
162 91 0 0
161 91 0 0
160 91 0 0
159 91 0 0
158 91 0 0
157 91 0 0
156 91 0 0
155 91 0 0
154 91 0 0
153 91 0 0
152 91 0 0
151 91 0 0
150 91 0 0
149 91 0 0
148 91 0 0
147 91 0 0
146 91 0 0
145 91 0 0
144 91 0 0
143 91 0 0
142 91 0 0
141 91 0 0
140 91 0 0
139 91 0 0
138 91 0 0
137 91 0 0
136 91 0 0
135 91 0 0
134 91 0 0
133 91 0 0
132 91 0 0
131 91 0 0
130 91 0 0
129 91 0 0
128 91 0 0
127 91 0 0
126 91 0 0
125 91 0 0
124 91 0 0
123 91 0 0
122 91 0 0
121 91 0 0
120 91 0 0
119 91 0 0
118 91 0 0
117 91 0 0
116 91 0 0
115 91 0 0
114 91 0 0
113 91 0 0
112 91 0 0
111 91 0 0
110 91 0 0
109 91 0 0
108 91 0 0
107 91 0 0
106 91 0 0
105 91 0 0
104 91 0 0
103 91 0 0
102 91 0 0
101 91 0 0
100 91 0 0
99 91 0 0
98 91 0 0
97 91 0 0
96 91 0 0
95 91 0 0
94 91 0 0
93 91 0 0
92 91 0 0
91 91 0 0
369 90 0 0
368 90 0 0
367 90 0 0
366 90 0 0
365 90 0 0
364 90 0 0
363 90 0 0
315 90 0 1
314 90 0 1
313 90 0 1
312 90 0 1
311 90 0 1
310 90 0 1
300 90 0 1
299 90 0 1
298 90 0 1
297 90 0 1
296 90 0 1
295 90 0 1
260 90 0 0
259 90 0 0
258 90 0 0
257 90 0 0
256 90 0 0
255 90 0 0
254 90 0 0
171 90 0 0
170 90 0 0
169 90 0 0
168 90 0 0
167 90 0 0
166 90 0 0
165 90 0 0
164 90 0 0
163 90 0 0
162 90 0 0
161 90 0 0
160 90 0 0
159 90 0 0
158 90 0 0
157 90 0 0
156 90 0 0
155 90 0 0
154 90 0 0
153 90 0 0
152 90 0 0
151 90 0 0
150 90 0 0
149 90 0 0
148 90 0 0
147 90 0 0
146 90 0 0
145 90 0 0
144 90 0 0
143 90 0 0
142 90 0 0
141 90 0 0
140 90 0 0
139 90 0 0
138 90 0 0
137 90 0 0
136 90 0 0
135 90 0 0
134 90 0 0
133 90 0 0
132 90 0 0
131 90 0 0
130 90 0 0
129 90 0 0
128 90 0 0
127 90 0 0
126 90 0 0
125 90 0 0
124 90 0 0
123 90 0 0
122 90 0 0
121 90 0 0
120 90 0 0
119 90 0 0
118 90 0 0
117 90 0 0
116 90 0 0
115 90 0 0
114 90 0 0
113 90 0 0
112 90 0 0
111 90 0 0
110 90 0 0
109 90 0 0
108 90 0 0
107 90 0 0
106 90 0 0
105 90 0 0
104 90 0 0
103 90 0 0
102 90 0 0
101 90 0 0
100 90 0 0
99 90 0 0
98 90 0 0
97 90 0 0
368 89 0 0
367 89 0 0
366 89 0 0
365 89 0 0
364 89 0 0
363 89 0 0
362 89 0 0
314 89 0 1
313 89 0 1
312 89 0 1
311 89 0 1
310 89 0 1
309 89 0 1
301 89 0 1
300 89 0 1
299 89 0 1
298 89 0 1
297 89 0 1
296 89 0 1
262 89 0 0
261 89 0 0
260 89 0 0
259 89 0 0
258 89 0 0
257 89 0 0
256 89 0 0
255 89 0 0
166 89 0 0
165 89 0 0
164 89 0 0
163 89 0 0
162 89 0 0
161 89 0 0
160 89 0 0
159 89 0 0
158 89 0 0
157 89 0 0
156 89 0 0
155 89 0 0
154 89 0 0
153 89 0 0
152 89 0 0
151 89 0 0
150 89 0 0
149 89 0 0
148 89 0 0
147 89 0 0
146 89 0 0
145 89 0 0
144 89 0 0
143 89 0 0
142 89 0 0
141 89 0 0
140 89 0 0
139 89 0 0
138 89 0 0
137 89 0 0
136 89 0 0
135 89 0 0
134 89 0 0
133 89 0 0
132 89 0 0
131 89 0 0
130 89 0 0
129 89 0 0
128 89 0 0
127 89 0 0
126 89 0 0
125 89 0 0
124 89 0 0
123 89 0 0
122 89 0 0
121 89 0 0
120 89 0 0
119 89 0 0
118 89 0 0
117 89 0 0
116 89 0 0
115 89 0 0
114 89 0 0
113 89 0 0
112 89 0 0
111 89 0 0
110 89 0 0
109 89 0 0
108 89 0 0
107 89 0 0
367 88 0 0
366 88 0 0
365 88 0 0
364 88 0 0
363 88 0 0
362 88 0 0
361 88 0 0
314 88 0 1
313 88 0 1
312 88 0 1
311 88 0 1
310 88 0 1
309 88 0 1
301 88 0 1
300 88 0 1
299 88 0 1
298 88 0 1
297 88 0 1
296 88 0 1
263 88 0 0
262 88 0 0
261 88 0 0
260 88 0 0
259 88 0 0
258 88 0 0
257 88 0 0
256 88 0 0
255 88 0 0
163 88 0 0
162 88 0 0
161 88 0 0
160 88 0 0
159 88 0 0
158 88 0 0
157 88 0 0
156 88 0 0
155 88 0 0
154 88 0 0
153 88 0 0
152 88 0 0
151 88 0 0
150 88 0 0
149 88 0 0
148 88 0 0
147 88 0 0
146 88 0 0
145 88 0 0
144 88 0 0
143 88 0 0
142 88 0 0
141 88 0 0
140 88 0 0
139 88 0 0
138 88 0 0
137 88 0 0
136 88 0 0
135 88 0 0
134 88 0 0
133 88 0 0
132 88 0 0
131 88 0 0
130 88 0 0
129 88 0 0
128 88 0 0
127 88 0 0
126 88 0 0
125 88 0 0
124 88 0 0
123 88 0 0
122 88 0 0
121 88 0 0
120 88 0 0
119 88 0 0
118 88 0 0
117 88 0 0
366 87 0 0
365 87 0 0
364 87 0 0
363 87 0 0
362 87 0 0
361 87 0 0
360 87 0 0
313 87 0 1
312 87 0 1
311 87 0 1
310 87 0 1
309 87 0 1
308 87 0 1
301 87 0 1
300 87 0 1
299 87 0 1
298 87 0 1
297 87 0 1
263 87 0 0
262 87 0 0
261 87 0 0
260 87 0 0
259 87 0 0
258 87 0 0
257 87 0 0
256 87 0 0
366 86 0 0
365 86 0 0
364 86 0 0
363 86 0 0
362 86 0 0
361 86 0 0
360 86 0 0
313 86 0 1
312 86 0 1
311 86 0 1
310 86 0 1
309 86 0 1
308 86 0 1
307 86 0 1
302 86 0 1
301 86 0 1
300 86 0 1
299 86 0 1
298 86 0 1
297 86 0 1
263 86 0 0
262 86 0 0
261 86 0 0
260 86 0 0
259 86 0 0
258 86 0 0
365 85 0 0
364 85 0 0
363 85 0 0
362 85 0 0
361 85 0 0
360 85 0 0
359 85 0 0
312 85 0 1
311 85 0 1
310 85 0 1
309 85 0 1
308 85 0 1
307 85 0 1
302 85 0 1
301 85 0 1
300 85 0 1
299 85 0 1
298 85 0 1
297 85 0 1
263 85 0 0
262 85 0 0
261 85 0 0
260 85 0 0
259 85 0 0
364 84 0 0
363 84 0 0
362 84 0 0
361 84 0 0
360 84 0 0
359 84 0 0
358 84 0 0
311 84 0 1
310 84 0 1
309 84 0 1
308 84 0 1
307 84 0 1
306 84 0 1
303 84 0 1
302 84 0 1
301 84 0 1
300 84 0 1
299 84 0 1
298 84 0 1
363 83 0 0
362 83 0 0
361 83 0 0
360 83 0 0
359 83 0 0
358 83 0 0
357 83 0 0
311 83 0 1
310 83 0 1
309 83 0 1
308 83 0 1
307 83 0 1
306 83 0 1
303 83 0 1
302 83 0 1
301 83 0 1
300 83 0 1
299 83 0 1
298 83 0 1
362 82 0 0
361 82 0 0
360 82 0 0
359 82 0 0
358 82 0 0
357 82 0 0
356 82 0 0
310 82 0 1
309 82 0 1
308 82 0 1
307 82 0 1
306 82 0 1
305 82 0 1
304 82 0 1
303 82 0 1
302 82 0 1
301 82 0 1
300 82 0 1
299 82 0 1
361 81 0 0
360 81 0 0
359 81 0 0
358 81 0 0
357 81 0 0
356 81 0 0
355 81 0 0
310 81 0 1
309 81 0 1
308 81 0 1
307 81 0 1
306 81 0 1
305 81 0 1
304 81 0 1
303 81 0 1
302 81 0 1
301 81 0 1
300 81 0 1
299 81 0 1
361 80 0 0
360 80 0 0
359 80 0 0
358 80 0 0
357 80 0 0
356 80 0 0
355 80 0 0
309 80 0 1
308 80 0 1
307 80 0 1
306 80 0 1
305 80 0 1
304 80 0 1
303 80 0 1
302 80 0 1
301 80 0 1
300 80 0 1
360 79 0 0
359 79 0 0
358 79 0 0
357 79 0 0
356 79 0 0
355 79 0 0
354 79 0 0
308 79 0 1
307 79 0 1
306 79 0 1
305 79 0 1
304 79 0 1
303 79 0 1
302 79 0 1
301 79 0 1
300 79 0 1
359 78 0 0
358 78 0 0
357 78 0 0
356 78 0 0
355 78 0 0
354 78 0 0
353 78 0 0
308 78 0 1
307 78 0 1
306 78 0 1
305 78 0 1
304 78 0 1
303 78 0 1
302 78 0 1
301 78 0 1
300 78 0 1
358 77 0 0
357 77 0 0
356 77 0 0
355 77 0 0
354 77 0 0
353 77 0 0
352 77 0 0
307 77 0 1
306 77 0 1
305 77 0 1
304 77 0 1
303 77 0 1
302 77 0 1
301 77 0 1
357 76 0 0
356 76 0 0
355 76 0 0
354 76 0 0
353 76 0 0
352 76 0 0
351 76 0 0
307 76 0 1
306 76 0 1
305 76 0 1
304 76 0 1
303 76 0 1
302 76 0 1
356 75 0 0
355 75 0 0
354 75 0 0
353 75 0 0
352 75 0 0
351 75 0 0
306 75 0 1
305 75 0 1
304 75 0 1
303 75 0 1
302 75 0 1
356 74 0 0
355 74 0 0
354 74 0 0
353 74 0 0
352 74 0 0
351 74 0 0
350 74 0 0
306 74 0 1
305 74 0 1
304 74 0 1
303 74 0 1
302 74 0 1
355 73 0 0
354 73 0 0
353 73 0 0
352 73 0 0
351 73 0 0
350 73 0 0
349 73 0 0
306 73 0 1
305 73 0 1
304 73 0 1
303 73 0 1
302 73 0 1
354 72 0 0
353 72 0 0
352 72 0 0
351 72 0 0
350 72 0 0
349 72 0 0
306 72 0 1
305 72 0 1
304 72 0 1
303 72 0 1
302 72 0 1
353 71 0 0
352 71 0 0
351 71 0 0
350 71 0 0
349 71 0 0
348 71 0 0
306 71 0 1
305 71 0 1
304 71 0 1
303 71 0 1
302 71 0 1
353 70 0 0
352 70 0 0
351 70 0 0
350 70 0 0
349 70 0 0
348 70 0 0
347 70 0 0
306 70 0 1
305 70 0 1
304 70 0 1
303 70 0 1
302 70 0 1
352 69 0 0
351 69 0 0
350 69 0 0
349 69 0 0
348 69 0 0
347 69 0 0
351 68 0 0
350 68 0 0
349 68 0 0
348 68 0 0
347 68 0 0
346 68 0 0
351 67 0 0
350 67 0 0
349 67 0 0
348 67 0 0
347 67 0 0
346 67 0 0
345 67 0 0
350 66 0 0
349 66 0 0
348 66 0 0
347 66 0 0
346 66 0 0
345 66 0 0
344 66 0 0
349 65 0 0
348 65 0 0
347 65 0 0
346 65 0 0
345 65 0 0
344 65 0 0
349 64 0 0
348 64 0 0
347 64 0 0
346 64 0 0
345 64 0 0
344 64 0 0
343 64 0 0
342 64 0 0
348 63 0 0
347 63 0 0
346 63 0 0
345 63 0 0
344 63 0 0
343 63 0 0
342 63 0 0
347 62 0 0
346 62 0 0
345 62 0 0
344 62 0 0
343 62 0 0
342 62 0 0
346 61 0 0
345 61 0 0
344 61 0 0
343 61 0 0
342 61 0 0
