5006 513 371
280 370 0 0
279 370 0 0
278 370 0 0
277 370 0 0
276 370 0 0
245 370 0 1
244 370 0 1
243 370 0 1
242 370 0 1
114 370 0 0
113 370 0 0
112 370 0 0
111 370 0 0
280 369 0 0
279 369 0 0
278 369 0 0
277 369 0 0
276 369 0 0
245 369 0 1
244 369 0 1
243 369 0 1
242 369 0 1
114 369 0 0
113 369 0 0
112 369 0 0
111 369 0 0
280 368 0 0
279 368 0 0
278 368 0 0
277 368 0 0
276 368 0 0
245 368 0 1
244 368 0 1
243 368 0 1
242 368 0 1
114 368 0 0
113 368 0 0
112 368 0 0
111 368 0 0
280 367 0 0
279 367 0 0
278 367 0 0
277 367 0 0
276 367 0 0
275 367 0 0
245 367 0 1
244 367 0 1
243 367 0 1
242 367 0 1
114 367 0 0
113 367 0 0
112 367 0 0
111 367 0 0
280 366 0 0
279 366 0 0
278 366 0 0
277 366 0 0
276 366 0 0
275 366 0 0
245 366 0 1
244 366 0 1
243 366 0 1
242 366 0 1
114 366 0 0
113 366 0 0
112 366 0 0
111 366 0 0
279 365 0 0
278 365 0 0
277 365 0 0
276 365 0 0
275 365 0 0
245 365 0 1
244 365 0 1
243 365 0 1
242 365 0 1
114 365 0 0
113 365 0 0
112 365 0 0
111 365 0 0
279 364 0 0
278 364 0 0
277 364 0 0
276 364 0 0
275 364 0 0
245 364 0 1
244 364 0 1
243 364 0 1
242 364 0 1
114 364 0 0
113 364 0 0
112 364 0 0
111 364 0 0
110 364 0 0
279 363 0 0
278 363 0 0
277 363 0 0
276 363 0 0
275 363 0 0
274 363 0 0
245 363 0 1
244 363 0 1
243 363 0 1
242 363 0 1
114 363 0 0
113 363 0 0
112 363 0 0
111 363 0 0
110 363 0 0
278 362 0 0
277 362 0 0
276 362 0 0
275 362 0 0
274 362 0 0
245 362 0 1
244 362 0 1
243 362 0 1
242 362 0 1
114 362 0 0
113 362 0 0
112 362 0 0
111 362 0 0
110 362 0 0
278 361 0 0
277 361 0 0
276 361 0 0
275 361 0 0
274 361 0 0
245 361 0 1
244 361 0 1
243 361 0 1
242 361 0 1
241 361 0 1
114 361 0 0
113 361 0 0
112 361 0 0
111 361 0 0
110 361 0 0
278 360 0 0
277 360 0 0
276 360 0 0
275 360 0 0
274 360 0 0
273 360 0 0
245 360 0 1
244 360 0 1
243 360 0 1
242 360 0 1
241 360 0 1
114 360 0 0
113 360 0 0
112 360 0 0
111 360 0 0
110 360 0 0
109 360 0 0
277 359 0 0
276 359 0 0
275 359 0 0
274 359 0 0
273 359 0 0
245 359 0 1
244 359 0 1
243 359 0 1
242 359 0 1
241 359 0 1
114 359 0 0
113 359 0 0
112 359 0 0
111 359 0 0
110 359 0 0
109 359 0 0
277 358 0 0
276 358 0 0
275 358 0 0
274 358 0 0
273 358 0 0
245 358 0 1
244 358 0 1
243 358 0 1
242 358 0 1
241 358 0 1
113 358 0 0
112 358 0 0
111 358 0 0
110 358 0 0
109 358 0 0
277 357 0 0
276 357 0 0
275 357 0 0
274 357 0 0
273 357 0 0
272 357 0 0
245 357 0 1
244 357 0 1
243 357 0 1
242 357 0 1
241 357 0 1
113 357 0 0
112 357 0 0
111 357 0 0
110 357 0 0
109 357 0 0
276 356 0 0
275 356 0 0
274 356 0 0
273 356 0 0
272 356 0 0
245 356 0 1
244 356 0 1
243 356 0 1
242 356 0 1
241 356 0 1
240 356 0 1
113 356 0 0
112 356 0 0
111 356 0 0
110 356 0 0
109 356 0 0
276 355 0 0
275 355 0 0
274 355 0 0
273 355 0 0
272 355 0 0
244 355 0 1
243 355 0 1
242 355 0 1
241 355 0 1
240 355 0 1
113 355 0 0
112 355 0 0
111 355 0 0
110 355 0 0
109 355 0 0
276 354 0 0
275 354 0 0
274 354 0 0
273 354 0 0
272 354 0 0
271 354 0 0
244 354 0 1
243 354 0 1
242 354 0 1
241 354 0 1
240 354 0 1
113 354 0 0
112 354 0 0
111 354 0 0
110 354 0 0
109 354 0 0
108 354 0 0
275 353 0 0
274 353 0 0
273 353 0 0
272 353 0 0
271 353 0 0
244 353 0 1
243 353 0 1
242 353 0 1
241 353 0 1
240 353 0 1
112 353 0 0
111 353 0 0
110 353 0 0
109 353 0 0
108 353 0 0
275 352 0 0
274 352 0 0
273 352 0 0
272 352 0 0
271 352 0 0
244 352 0 1
243 352 0 1
242 352 0 1
241 352 0 1
240 352 0 1
112 352 0 0
111 352 0 0
110 352 0 0
109 352 0 0
108 352 0 0
275 351 0 0
274 351 0 0
273 351 0 0
272 351 0 0
271 351 0 0
270 351 0 0
244 351 0 1
243 351 0 1
242 351 0 1
241 351 0 1
240 351 0 1
112 351 0 0
111 351 0 0
110 351 0 0
109 351 0 0
108 351 0 0
274 350 0 0
273 350 0 0
272 350 0 0
271 350 0 0
270 350 0 0
244 350 0 1
243 350 0 1
242 350 0 1
241 350 0 1
240 350 0 1
239 350 0 1
112 350 0 0
111 350 0 0
110 350 0 0
109 350 0 0
108 350 0 0
274 349 0 0
273 349 0 0
272 349 0 0
271 349 0 0
270 349 0 0
243 349 0 1
242 349 0 1
241 349 0 1
240 349 0 1
239 349 0 1
112 349 0 0
111 349 0 0
110 349 0 0
109 349 0 0
108 349 0 0
274 348 0 0
273 348 0 0
272 348 0 0
271 348 0 0
270 348 0 0
269 348 0 0
243 348 0 1
242 348 0 1
241 348 0 1
240 348 0 1
239 348 0 1
112 348 0 0
111 348 0 0
110 348 0 0
109 348 0 0
108 348 0 0
273 347 0 0
272 347 0 0
271 347 0 0
270 347 0 0
269 347 0 0
243 347 0 1
242 347 0 1
241 347 0 1
240 347 0 1
239 347 0 1
112 347 0 0
111 347 0 0
110 347 0 0
109 347 0 0
108 347 0 0
273 346 0 0
272 346 0 0
271 346 0 0
270 346 0 0
269 346 0 0
243 346 0 1
242 346 0 1
241 346 0 1
240 346 0 1
239 346 0 1
112 346 0 0
111 346 0 0
110 346 0 0
109 346 0 0
108 346 0 0
273 345 0 0
272 345 0 0
271 345 0 0
270 345 0 0
269 345 0 0
268 345 0 0
243 345 0 1
242 345 0 1
241 345 0 1
240 345 0 1
239 345 0 1
238 345 0 1
111 345 0 0
110 345 0 0
109 345 0 0
108 345 0 0
107 345 0 0
272 344 0 0
271 344 0 0
270 344 0 0
269 344 0 0
268 344 0 0
242 344 0 1
241 344 0 1
240 344 0 1
239 344 0 1
238 344 0 1
111 344 0 0
110 344 0 0
109 344 0 0
108 344 0 0
107 344 0 0
272 343 0 0
271 343 0 0
270 343 0 0
269 343 0 0
268 343 0 0
242 343 0 1
241 343 0 1
240 343 0 1
239 343 0 1
238 343 0 1
111 343 0 0
110 343 0 0
109 343 0 0
108 343 0 0
107 343 0 0
272 342 0 0
271 342 0 0
270 342 0 0
269 342 0 0
268 342 0 0
267 342 0 0
242 342 0 1
241 342 0 1
240 342 0 1
239 342 0 1
238 342 0 1
111 342 0 0
110 342 0 0
109 342 0 0
108 342 0 0
107 342 0 0
272 341 0 0
271 341 0 0
270 341 0 0
269 341 0 0
268 341 0 0
267 341 0 0
242 341 0 1
241 341 0 1
240 341 0 1
239 341 0 1
238 341 0 1
237 341 0 1
111 341 0 0
110 341 0 0
109 341 0 0
108 341 0 0
107 341 0 0
271 340 0 0
270 340 0 0
269 340 0 0
268 340 0 0
267 340 0 0
242 340 0 1
241 340 0 1
240 340 0 1
239 340 0 1
238 340 0 1
237 340 0 1
111 340 0 0
110 340 0 0
109 340 0 0
108 340 0 0
107 340 0 0
271 339 0 0
270 339 0 0
269 339 0 0
268 339 0 0
267 339 0 0
241 339 0 1
240 339 0 1
239 339 0 1
238 339 0 1
237 339 0 1
111 339 0 0
110 339 0 0
109 339 0 0
108 339 0 0
107 339 0 0
271 338 0 0
270 338 0 0
269 338 0 0
268 338 0 0
267 338 0 0
266 338 0 0
241 338 0 1
240 338 0 1
239 338 0 1
238 338 0 1
237 338 0 1
111 338 0 0
110 338 0 0
109 338 0 0
108 338 0 0
107 338 0 0
106 338 0 0
270 337 0 0
269 337 0 0
268 337 0 0
267 337 0 0
266 337 0 0
241 337 0 1
240 337 0 1
239 337 0 1
238 337 0 1
237 337 0 1
236 337 0 1
110 337 0 0
109 337 0 0
108 337 0 0
107 337 0 0
106 337 0 0
270 336 0 0
269 336 0 0
268 336 0 0
267 336 0 0
266 336 0 0
241 336 0 1
240 336 0 1
239 336 0 1
238 336 0 1
237 336 0 1
236 336 0 1
110 336 0 0
109 336 0 0
108 336 0 0
107 336 0 0
106 336 0 0
270 335 0 0
269 335 0 0
268 335 0 0
267 335 0 0
266 335 0 0
240 335 0 1
239 335 0 1
238 335 0 1
237 335 0 1
236 335 0 1
110 335 0 0
109 335 0 0
108 335 0 0
107 335 0 0
106 335 0 0
270 334 0 0
269 334 0 0
268 334 0 0
267 334 0 0
266 334 0 0
240 334 0 1
239 334 0 1
238 334 0 1
237 334 0 1
236 334 0 1
235 334 0 1
110 334 0 0
109 334 0 0
108 334 0 0
107 334 0 0
106 334 0 0
270 333 0 0
269 333 0 0
268 333 0 0
267 333 0 0
266 333 0 0
265 333 0 0
239 333 0 1
238 333 0 1
237 333 0 1
236 333 0 1
235 333 0 1
110 333 0 0
109 333 0 0
108 333 0 0
107 333 0 0
106 333 0 0
269 332 0 0
268 332 0 0
267 332 0 0
266 332 0 0
265 332 0 0
239 332 0 1
238 332 0 1
237 332 0 1
236 332 0 1
235 332 0 1
234 332 0 1
110 332 0 0
109 332 0 0
108 332 0 0
107 332 0 0
106 332 0 0
269 331 0 0
268 331 0 0
267 331 0 0
266 331 0 0
265 331 0 0
238 331 0 1
237 331 0 1
236 331 0 1
235 331 0 1
234 331 0 1
110 331 0 0
109 331 0 0
108 331 0 0
107 331 0 0
106 331 0 0
269 330 0 0
268 330 0 0
267 330 0 0
266 330 0 0
265 330 0 0
238 330 0 1
237 330 0 1
236 330 0 1
235 330 0 1
234 330 0 1
233 330 0 1
109 330 0 0
108 330 0 0
107 330 0 0
106 330 0 0
105 330 0 0
269 329 0 0
268 329 0 0
267 329 0 0
266 329 0 0
265 329 0 0
238 329 0 1
237 329 0 1
236 329 0 1
235 329 0 1
234 329 0 1
233 329 0 1
109 329 0 0
108 329 0 0
107 329 0 0
106 329 0 0
105 329 0 0
269 328 0 0
268 328 0 0
267 328 0 0
266 328 0 0
265 328 0 0
264 328 0 0
237 328 0 1
236 328 0 1
235 328 0 1
234 328 0 1
233 328 0 1
232 328 0 1
109 328 0 0
108 328 0 0
107 328 0 0
106 328 0 0
105 328 0 0
268 327 0 0
267 327 0 0
266 327 0 0
265 327 0 0
264 327 0 0
237 327 0 1
236 327 0 1
235 327 0 1
234 327 0 1
233 327 0 1
232 327 0 1
109 327 0 0
108 327 0 0
107 327 0 0
106 327 0 0
105 327 0 0
268 326 0 0
267 326 0 0
266 326 0 0
265 326 0 0
264 326 0 0
236 326 0 1
235 326 0 1
234 326 0 1
233 326 0 1
232 326 0 1
231 326 0 1
109 326 0 0
108 326 0 0
107 326 0 0
106 326 0 0
105 326 0 0
268 325 0 0
267 325 0 0
266 325 0 0
265 325 0 0
264 325 0 0
236 325 0 1
235 325 0 1
234 325 0 1
233 325 0 1
232 325 0 1
231 325 0 1
109 325 0 0
108 325 0 0
107 325 0 0
106 325 0 0
105 325 0 0
268 324 0 0
267 324 0 0
266 324 0 0
265 324 0 0
264 324 0 0
235 324 0 1
234 324 0 1
233 324 0 1
232 324 0 1
231 324 0 1
230 324 0 1
109 324 0 0
108 324 0 0
107 324 0 0
106 324 0 0
105 324 0 0
268 323 0 0
267 323 0 0
266 323 0 0
265 323 0 0
264 323 0 0
263 323 0 0
235 323 0 1
234 323 0 1
233 323 0 1
232 323 0 1
231 323 0 1
230 323 0 1
109 323 0 0
108 323 0 0
107 323 0 0
106 323 0 0
105 323 0 0
104 323 0 0
267 322 0 0
266 322 0 0
265 322 0 0
264 322 0 0
263 322 0 0
234 322 0 1
233 322 0 1
232 322 0 1
231 322 0 1
230 322 0 1
229 322 0 1
108 322 0 0
107 322 0 0
106 322 0 0
105 322 0 0
104 322 0 0
267 321 0 0
266 321 0 0
265 321 0 0
264 321 0 0
263 321 0 0
234 321 0 1
233 321 0 1
232 321 0 1
231 321 0 1
230 321 0 1
229 321 0 1
108 321 0 0
107 321 0 0
106 321 0 0
105 321 0 0
104 321 0 0
267 320 0 0
266 320 0 0
265 320 0 0
264 320 0 0
263 320 0 0
233 320 0 1
232 320 0 1
231 320 0 1
230 320 0 1
229 320 0 1
228 320 0 1
108 320 0 0
107 320 0 0
106 320 0 0
105 320 0 0
104 320 0 0
267 319 0 0
266 319 0 0
265 319 0 0
264 319 0 0
263 319 0 0
233 319 0 1
232 319 0 1
231 319 0 1
230 319 0 1
229 319 0 1
228 319 0 1
108 319 0 0
107 319 0 0
106 319 0 0
105 319 0 0
104 319 0 0
267 318 0 0
266 318 0 0
265 318 0 0
264 318 0 0
263 318 0 0
232 318 0 1
231 318 0 1
230 318 0 1
229 318 0 1
228 318 0 1
227 318 0 1
108 318 0 0
107 318 0 0
106 318 0 0
105 318 0 0
104 318 0 0
266 317 0 0
265 317 0 0
264 317 0 0
263 317 0 0
262 317 0 0
232 317 0 1
231 317 0 1
230 317 0 1
229 317 0 1
228 317 0 1
227 317 0 1
108 317 0 0
107 317 0 0
106 317 0 0
105 317 0 0
104 317 0 0
266 316 0 0
265 316 0 0
264 316 0 0
263 316 0 0
262 316 0 0
231 316 0 1
230 316 0 1
229 316 0 1
228 316 0 1
227 316 0 1
226 316 0 1
108 316 0 0
107 316 0 0
106 316 0 0
105 316 0 0
104 316 0 0
266 315 0 0
265 315 0 0
264 315 0 0
263 315 0 0
262 315 0 0
231 315 0 1
230 315 0 1
229 315 0 1
228 315 0 1
227 315 0 1
226 315 0 1
108 315 0 0
107 315 0 0
106 315 0 0
105 315 0 0
104 315 0 0
103 315 0 0
266 314 0 0
265 314 0 0
264 314 0 0
263 314 0 0
262 314 0 0
230 314 0 1
229 314 0 1
228 314 0 1
227 314 0 1
226 314 0 1
225 314 0 1
107 314 0 0
106 314 0 0
105 314 0 0
104 314 0 0
103 314 0 0
266 313 0 0
265 313 0 0
264 313 0 0
263 313 0 0
262 313 0 0
230 313 0 1
229 313 0 1
228 313 0 1
227 313 0 1
226 313 0 1
225 313 0 1
107 313 0 0
106 313 0 0
105 313 0 0
104 313 0 0
103 313 0 0
266 312 0 0
265 312 0 0
264 312 0 0
263 312 0 0
262 312 0 0
261 312 0 0
229 312 0 1
228 312 0 1
227 312 0 1
226 312 0 1
225 312 0 1
107 312 0 0
106 312 0 0
105 312 0 0
104 312 0 0
103 312 0 0
265 311 0 0
264 311 0 0
263 311 0 0
262 311 0 0
261 311 0 0
229 311 0 1
228 311 0 1
227 311 0 1
226 311 0 1
225 311 0 1
224 311 0 1
107 311 0 0
106 311 0 0
105 311 0 0
104 311 0 0
103 311 0 0
265 310 0 0
264 310 0 0
263 310 0 0
262 310 0 0
261 310 0 0
228 310 0 1
227 310 0 1
226 310 0 1
225 310 0 1
224 310 0 1
107 310 0 0
106 310 0 0
105 310 0 0
104 310 0 0
103 310 0 0
265 309 0 0
264 309 0 0
263 309 0 0
262 309 0 0
261 309 0 0
228 309 0 1
227 309 0 1
226 309 0 1
225 309 0 1
224 309 0 1
223 309 0 1
107 309 0 0
106 309 0 0
105 309 0 0
104 309 0 0
103 309 0 0
265 308 0 0
264 308 0 0
263 308 0 0
262 308 0 0
261 308 0 0
228 308 0 1
227 308 0 1
226 308 0 1
225 308 0 1
224 308 0 1
223 308 0 1
107 308 0 0
106 308 0 0
105 308 0 0
104 308 0 0
103 308 0 0
265 307 0 0
264 307 0 0
263 307 0 0
262 307 0 0
261 307 0 0
260 307 0 0
227 307 0 1
226 307 0 1
225 307 0 1
224 307 0 1
223 307 0 1
222 307 0 1
107 307 0 0
106 307 0 0
105 307 0 0
104 307 0 0
103 307 0 0
102 307 0 0
264 306 0 0
263 306 0 0
262 306 0 0
261 306 0 0
260 306 0 0
227 306 0 1
226 306 0 1
225 306 0 1
224 306 0 1
223 306 0 1
222 306 0 1
106 306 0 0
105 306 0 0
104 306 0 0
103 306 0 0
102 306 0 0
264 305 0 0
263 305 0 0
262 305 0 0
261 305 0 0
260 305 0 0
226 305 0 1
225 305 0 1
224 305 0 1
223 305 0 1
222 305 0 1
221 305 0 1
106 305 0 0
105 305 0 0
104 305 0 0
103 305 0 0
102 305 0 0
264 304 0 0
263 304 0 0
262 304 0 0
261 304 0 0
260 304 0 0
226 304 0 1
225 304 0 1
224 304 0 1
223 304 0 1
222 304 0 1
221 304 0 1
106 304 0 0
105 304 0 0
104 304 0 0
103 304 0 0
102 304 0 0
264 303 0 0
263 303 0 0
262 303 0 0
261 303 0 0
260 303 0 0
225 303 0 1
224 303 0 1
223 303 0 1
222 303 0 1
221 303 0 1
106 303 0 0
105 303 0 0
104 303 0 0
103 303 0 0
102 303 0 0
264 302 0 0
263 302 0 0
262 302 0 0
261 302 0 0
260 302 0 0
259 302 0 0
225 302 0 1
224 302 0 1
223 302 0 1
222 302 0 1
221 302 0 1
220 302 0 1
106 302 0 0
105 302 0 0
104 302 0 0
103 302 0 0
102 302 0 0
263 301 0 0
262 301 0 0
261 301 0 0
260 301 0 0
259 301 0 0
224 301 0 1
223 301 0 1
222 301 0 1
221 301 0 1
220 301 0 1
106 301 0 0
105 301 0 0
104 301 0 0
103 301 0 0
102 301 0 0
263 300 0 0
262 300 0 0
261 300 0 0
260 300 0 0
259 300 0 0
224 300 0 1
223 300 0 1
222 300 0 1
221 300 0 1
220 300 0 1
219 300 0 1
106 300 0 0
105 300 0 0
104 300 0 0
103 300 0 0
102 300 0 0
263 299 0 0
262 299 0 0
261 299 0 0
260 299 0 0
259 299 0 0
223 299 0 1
222 299 0 1
221 299 0 1
220 299 0 1
219 299 0 1
105 299 0 0
104 299 0 0
103 299 0 0
102 299 0 0
101 299 0 0
263 298 0 0
262 298 0 0
261 298 0 0
260 298 0 0
259 298 0 0
223 298 0 1
222 298 0 1
221 298 0 1
220 298 0 1
219 298 0 1
218 298 0 1
105 298 0 0
104 298 0 0
103 298 0 0
102 298 0 0
101 298 0 0
263 297 0 0
262 297 0 0
261 297 0 0
260 297 0 0
259 297 0 0
223 297 0 1
222 297 0 1
221 297 0 1
220 297 0 1
219 297 0 1
218 297 0 1
105 297 0 0
104 297 0 0
103 297 0 0
102 297 0 0
101 297 0 0
262 296 0 0
261 296 0 0
260 296 0 0
259 296 0 0
222 296 0 1
221 296 0 1
220 296 0 1
219 296 0 1
218 296 0 1
217 296 0 1
105 296 0 0
104 296 0 0
103 296 0 0
102 296 0 0
101 296 0 0
262 295 0 0
261 295 0 0
260 295 0 0
259 295 0 0
222 295 0 1
221 295 0 1
220 295 0 1
219 295 0 1
218 295 0 1
217 295 0 1
105 295 0 0
104 295 0 0
103 295 0 0
102 295 0 0
101 295 0 0
262 294 0 0
261 294 0 0
260 294 0 0
259 294 0 0
221 294 0 1
220 294 0 1
219 294 0 1
218 294 0 1
217 294 0 1
216 294 0 1
105 294 0 0
104 294 0 0
103 294 0 0
102 294 0 0
101 294 0 0
262 293 0 0
261 293 0 0
260 293 0 0
259 293 0 0
221 293 0 1
220 293 0 1
219 293 0 1
218 293 0 1
217 293 0 1
216 293 0 1
105 293 0 0
104 293 0 0
103 293 0 0
102 293 0 0
101 293 0 0
262 292 0 0
261 292 0 0
260 292 0 0
259 292 0 0
220 292 0 1
219 292 0 1
218 292 0 1
217 292 0 1
216 292 0 1
104 292 0 0
103 292 0 0
102 292 0 0
101 292 0 0
100 292 0 0
262 291 0 0
261 291 0 0
260 291 0 0
259 291 0 0
220 291 0 1
219 291 0 1
218 291 0 1
217 291 0 1
216 291 0 1
215 291 0 1
104 291 0 0
103 291 0 0
102 291 0 0
101 291 0 0
100 291 0 0
262 290 0 0
261 290 0 0
260 290 0 0
259 290 0 0
219 290 0 1
218 290 0 1
217 290 0 1
216 290 0 1
215 290 0 1
104 290 0 0
103 290 0 0
102 290 0 0
101 290 0 0
100 290 0 0
262 289 0 0
261 289 0 0
260 289 0 0
259 289 0 0
219 289 0 1
218 289 0 1
217 289 0 1
216 289 0 1
215 289 0 1
214 289 0 1
104 289 0 0
103 289 0 0
102 289 0 0
101 289 0 0
100 289 0 0
262 288 0 0
261 288 0 0
260 288 0 0
259 288 0 0
219 288 0 1
218 288 0 1
217 288 0 1
216 288 0 1
215 288 0 1
214 288 0 1
104 288 0 0
103 288 0 0
102 288 0 0
101 288 0 0
100 288 0 0
262 287 0 0
261 287 0 0
260 287 0 0
259 287 0 0
218 287 0 1
217 287 0 1
216 287 0 1
215 287 0 1
214 287 0 1
213 287 0 1
104 287 0 0
103 287 0 0
102 287 0 0
101 287 0 0
100 287 0 0
262 286 0 0
261 286 0 0
260 286 0 0
259 286 0 0
218 286 0 1
217 286 0 1
216 286 0 1
215 286 0 1
214 286 0 1
213 286 0 1
104 286 0 0
103 286 0 0
102 286 0 0
101 286 0 0
100 286 0 0
262 285 0 0
261 285 0 0
260 285 0 0
259 285 0 0
217 285 0 1
216 285 0 1
215 285 0 1
214 285 0 1
213 285 0 1
212 285 0 1
103 285 0 0
102 285 0 0
101 285 0 0
100 285 0 0
99 285 0 0
262 284 0 0
261 284 0 0
260 284 0 0
259 284 0 0
217 284 0 1
216 284 0 1
215 284 0 1
214 284 0 1
213 284 0 1
212 284 0 1
103 284 0 0
102 284 0 0
101 284 0 0
100 284 0 0
99 284 0 0
262 283 0 0
261 283 0 0
260 283 0 0
259 283 0 0
216 283 0 1
215 283 0 1
214 283 0 1
213 283 0 1
212 283 0 1
211 283 0 1
103 283 0 0
102 283 0 0
101 283 0 0
100 283 0 0
99 283 0 0
262 282 0 0
261 282 0 0
260 282 0 0
259 282 0 0
215 282 0 1
214 282 0 1
213 282 0 1
212 282 0 1
211 282 0 1
103 282 0 0
102 282 0 0
101 282 0 0
100 282 0 0
99 282 0 0
262 281 0 0
261 281 0 0
260 281 0 0
259 281 0 0
215 281 0 1
214 281 0 1
213 281 0 1
212 281 0 1
211 281 0 1
210 281 0 1
103 281 0 0
102 281 0 0
101 281 0 0
100 281 0 0
99 281 0 0
262 280 0 0
261 280 0 0
260 280 0 0
259 280 0 0
214 280 0 1
213 280 0 1
212 280 0 1
211 280 0 1
210 280 0 1
209 280 0 1
103 280 0 0
102 280 0 0
101 280 0 0
100 280 0 0
99 280 0 0
262 279 0 0
261 279 0 0
260 279 0 0
259 279 0 0
214 279 0 1
213 279 0 1
212 279 0 1
211 279 0 1
210 279 0 1
209 279 0 1
103 279 0 0
102 279 0 0
101 279 0 0
100 279 0 0
99 279 0 0
262 278 0 0
261 278 0 0
260 278 0 0
259 278 0 0
213 278 0 1
212 278 0 1
211 278 0 1
210 278 0 1
209 278 0 1
208 278 0 1
102 278 0 0
101 278 0 0
100 278 0 0
99 278 0 0
98 278 0 0
262 277 0 0
261 277 0 0
260 277 0 0
259 277 0 0
213 277 0 1
212 277 0 1
211 277 0 1
210 277 0 1
209 277 0 1
208 277 0 1
102 277 0 0
101 277 0 0
100 277 0 0
99 277 0 0
98 277 0 0
262 276 0 0
261 276 0 0
260 276 0 0
259 276 0 0
212 276 0 1
211 276 0 1
210 276 0 1
209 276 0 1
208 276 0 1
102 276 0 0
101 276 0 0
100 276 0 0
99 276 0 0
98 276 0 0
262 275 0 0
261 275 0 0
260 275 0 0
259 275 0 0
212 275 0 1
211 275 0 1
210 275 0 1
209 275 0 1
208 275 0 1
102 275 0 0
101 275 0 0
100 275 0 0
99 275 0 0
98 275 0 0
262 274 0 0
261 274 0 0
260 274 0 0
259 274 0 0
212 274 0 1
211 274 0 1
210 274 0 1
209 274 0 1
208 274 0 1
102 274 0 0
101 274 0 0
100 274 0 0
99 274 0 0
98 274 0 0
262 273 0 0
261 273 0 0
260 273 0 0
259 273 0 0
212 273 0 1
211 273 0 1
210 273 0 1
209 273 0 1
208 273 0 1
207 273 0 1
102 273 0 0
101 273 0 0
100 273 0 0
99 273 0 0
98 273 0 0
262 272 0 0
261 272 0 0
260 272 0 0
259 272 0 0
211 272 0 1
210 272 0 1
209 272 0 1
208 272 0 1
207 272 0 1
102 272 0 0
101 272 0 0
100 272 0 0
99 272 0 0
98 272 0 0
262 271 0 0
261 271 0 0
260 271 0 0
259 271 0 0
211 271 0 1
210 271 0 1
209 271 0 1
208 271 0 1
207 271 0 1
101 271 0 0
100 271 0 0
99 271 0 0
98 271 0 0
97 271 0 0
262 270 0 0
261 270 0 0
260 270 0 0
259 270 0 0
211 270 0 1
210 270 0 1
209 270 0 1
208 270 0 1
207 270 0 1
101 270 0 0
100 270 0 0
99 270 0 0
98 270 0 0
97 270 0 0
262 269 0 0
261 269 0 0
260 269 0 0
259 269 0 0
211 269 0 1
210 269 0 1
209 269 0 1
208 269 0 1
207 269 0 1
206 269 0 1
101 269 0 0
100 269 0 0
99 269 0 0
98 269 0 0
97 269 0 0
262 268 0 0
261 268 0 0
260 268 0 0
259 268 0 0
211 268 0 1
210 268 0 1
209 268 0 1
208 268 0 1
207 268 0 1
206 268 0 1
101 268 0 0
100 268 0 0
99 268 0 0
98 268 0 0
97 268 0 0
262 267 0 0
261 267 0 0
260 267 0 0
259 267 0 0
210 267 0 1
209 267 0 1
208 267 0 1
207 267 0 1
206 267 0 1
101 267 0 0
100 267 0 0
99 267 0 0
98 267 0 0
97 267 0 0
262 266 0 0
261 266 0 0
260 266 0 0
259 266 0 0
210 266 0 1
209 266 0 1
208 266 0 1
207 266 0 1
206 266 0 1
101 266 0 0
100 266 0 0
99 266 0 0
98 266 0 0
97 266 0 0
262 265 0 0
261 265 0 0
260 265 0 0
259 265 0 0
210 265 0 1
209 265 0 1
208 265 0 1
207 265 0 1
206 265 0 1
205 265 0 1
101 265 0 0
100 265 0 0
99 265 0 0
98 265 0 0
97 265 0 0
262 264 0 0
261 264 0 0
260 264 0 0
259 264 0 0
209 264 0 1
208 264 0 1
207 264 0 1
206 264 0 1
205 264 0 1
100 264 0 0
99 264 0 0
98 264 0 0
97 264 0 0
96 264 0 0
262 263 0 0
261 263 0 0
260 263 0 0
259 263 0 0
209 263 0 1
208 263 0 1
207 263 0 1
206 263 0 1
205 263 0 1
100 263 0 0
99 263 0 0
98 263 0 0
97 263 0 0
96 263 0 0
262 262 0 0
261 262 0 0
260 262 0 0
259 262 0 0
209 262 0 1
208 262 0 1
207 262 0 1
206 262 0 1
205 262 0 1
204 262 0 1
100 262 0 0
99 262 0 0
98 262 0 0
97 262 0 0
96 262 0 0
262 261 0 0
261 261 0 0
260 261 0 0
259 261 0 0
208 261 0 1
207 261 0 1
206 261 0 1
205 261 0 1
204 261 0 1
100 261 0 0
99 261 0 0
98 261 0 0
97 261 0 0
96 261 0 0
262 260 0 0
261 260 0 0
260 260 0 0
259 260 0 0
208 260 0 1
207 260 0 1
206 260 0 1
205 260 0 1
204 260 0 1
100 260 0 0
99 260 0 0
98 260 0 0
97 260 0 0
96 260 0 0
262 259 0 0
261 259 0 0
260 259 0 0
259 259 0 0
208 259 0 1
207 259 0 1
206 259 0 1
205 259 0 1
204 259 0 1
203 259 0 1
100 259 0 0
99 259 0 0
98 259 0 0
97 259 0 0
96 259 0 0
262 258 0 0
261 258 0 0
260 258 0 0
259 258 0 0
208 258 0 1
207 258 0 1
206 258 0 1
205 258 0 1
204 258 0 1
203 258 0 1
100 258 0 0
99 258 0 0
98 258 0 0
97 258 0 0
96 258 0 0
262 257 0 0
261 257 0 0
260 257 0 0
259 257 0 0
207 257 0 1
206 257 0 1
205 257 0 1
204 257 0 1
203 257 0 1
100 257 0 0
99 257 0 0
98 257 0 0
97 257 0 0
96 257 0 0
262 256 0 0
261 256 0 0
260 256 0 0
259 256 0 0
207 256 0 1
206 256 0 1
205 256 0 1
204 256 0 1
203 256 0 1
100 256 0 0
99 256 0 0
98 256 0 0
97 256 0 0
96 256 0 0
95 256 0 0
262 255 0 0
261 255 0 0
260 255 0 0
259 255 0 0
207 255 0 1
206 255 0 1
205 255 0 1
204 255 0 1
203 255 0 1
202 255 0 1
99 255 0 0
98 255 0 0
97 255 0 0
96 255 0 0
95 255 0 0
262 254 0 0
261 254 0 0
260 254 0 0
259 254 0 0
207 254 0 1
206 254 0 1
205 254 0 1
204 254 0 1
203 254 0 1
202 254 0 1
99 254 0 0
98 254 0 0
97 254 0 0
96 254 0 0
95 254 0 0
262 253 0 0
261 253 0 0
260 253 0 0
259 253 0 0
206 253 0 1
205 253 0 1
204 253 0 1
203 253 0 1
202 253 0 1
99 253 0 0
98 253 0 0
97 253 0 0
96 253 0 0
95 253 0 0
262 252 0 0
261 252 0 0
260 252 0 0
259 252 0 0
206 252 0 1
205 252 0 1
204 252 0 1
203 252 0 1
202 252 0 1
99 252 0 0
98 252 0 0
97 252 0 0
96 252 0 0
95 252 0 0
262 251 0 0
261 251 0 0
260 251 0 0
259 251 0 0
206 251 0 1
205 251 0 1
204 251 0 1
203 251 0 1
202 251 0 1
201 251 0 1
99 251 0 0
98 251 0 0
97 251 0 0
96 251 0 0
95 251 0 0
262 250 0 0
261 250 0 0
260 250 0 0
259 250 0 0
206 250 0 1
205 250 0 1
204 250 0 1
203 250 0 1
202 250 0 1
201 250 0 1
99 250 0 0
98 250 0 0
97 250 0 0
96 250 0 0
95 250 0 0
262 249 0 0
261 249 0 0
260 249 0 0
259 249 0 0
205 249 0 1
204 249 0 1
203 249 0 1
202 249 0 1
201 249 0 1
99 249 0 0
98 249 0 0
97 249 0 0
96 249 0 0
95 249 0 0
262 248 0 0
261 248 0 0
260 248 0 0
259 248 0 0
205 248 0 1
204 248 0 1
203 248 0 1
202 248 0 1
201 248 0 1
99 248 0 0
98 248 0 0
97 248 0 0
96 248 0 0
95 248 0 0
94 248 0 0
262 247 0 0
261 247 0 0
260 247 0 0
259 247 0 0
205 247 0 1
204 247 0 1
203 247 0 1
202 247 0 1
201 247 0 1
98 247 0 0
97 247 0 0
96 247 0 0
95 247 0 0
94 247 0 0
205 246 0 1
204 246 0 1
203 246 0 1
202 246 0 1
201 246 0 1
98 246 0 0
97 246 0 0
96 246 0 0
95 246 0 0
94 246 0 0
205 245 0 1
204 245 0 1
203 245 0 1
202 245 0 1
201 245 0 1
98 245 0 0
97 245 0 0
96 245 0 0
95 245 0 0
94 245 0 0
204 244 0 1
203 244 0 1
202 244 0 1
201 244 0 1
98 244 0 0
97 244 0 0
96 244 0 0
95 244 0 0
94 244 0 0
204 243 0 1
203 243 0 1
202 243 0 1
201 243 0 1
200 243 0 1
98 243 0 0
97 243 0 0
96 243 0 0
95 243 0 0
94 243 0 0
204 242 0 1
203 242 0 1
202 242 0 1
201 242 0 1
200 242 0 1
98 242 0 0
97 242 0 0
96 242 0 0
95 242 0 0
94 242 0 0
204 241 0 1
203 241 0 1
202 241 0 1
201 241 0 1
200 241 0 1
98 241 0 0
97 241 0 0
96 241 0 0
95 241 0 0
94 241 0 0
204 240 0 1
203 240 0 1
202 240 0 1
201 240 0 1
200 240 0 1
98 240 0 0
97 240 0 0
96 240 0 0
95 240 0 0
94 240 0 0
93 240 0 0
204 239 0 1
203 239 0 1
202 239 0 1
201 239 0 1
200 239 0 1
97 239 0 0
96 239 0 0
95 239 0 0
94 239 0 0
93 239 0 0
204 238 0 1
203 238 0 1
202 238 0 1
201 238 0 1
200 238 0 1
97 238 0 0
96 238 0 0
95 238 0 0
94 238 0 0
93 238 0 0
203 237 0 1
202 237 0 1
201 237 0 1
200 237 0 1
97 237 0 0
96 237 0 0
95 237 0 0
94 237 0 0
93 237 0 0
203 236 0 1
202 236 0 1
201 236 0 1
200 236 0 1
97 236 0 0
96 236 0 0
95 236 0 0
94 236 0 0
93 236 0 0
203 235 0 1
202 235 0 1
201 235 0 1
200 235 0 1
97 235 0 0
96 235 0 0
95 235 0 0
94 235 0 0
93 235 0 0
203 234 0 1
202 234 0 1
201 234 0 1
200 234 0 1
97 234 0 0
96 234 0 0
95 234 0 0
94 234 0 0
93 234 0 0
203 233 0 1
202 233 0 1
201 233 0 1
200 233 0 1
97 233 0 0
96 233 0 0
95 233 0 0
94 233 0 0
93 233 0 0
203 232 0 1
202 232 0 1
201 232 0 1
200 232 0 1
97 232 0 0
96 232 0 0
95 232 0 0
94 232 0 0
93 232 0 0
92 232 0 0
203 231 0 1
202 231 0 1
201 231 0 1
200 231 0 1
96 231 0 0
95 231 0 0
94 231 0 0
93 231 0 0
92 231 0 0
203 230 0 1
202 230 0 1
201 230 0 1
200 230 0 1
96 230 0 0
95 230 0 0
94 230 0 0
93 230 0 0
92 230 0 0
203 229 0 1
202 229 0 1
201 229 0 1
200 229 0 1
96 229 0 0
95 229 0 0
94 229 0 0
93 229 0 0
92 229 0 0
203 228 0 1
202 228 0 1
201 228 0 1
200 228 0 1
96 228 0 0
95 228 0 0
94 228 0 0
93 228 0 0
92 228 0 0
203 227 0 1
202 227 0 1
201 227 0 1
200 227 0 1
96 227 0 0
95 227 0 0
94 227 0 0
93 227 0 0
92 227 0 0
203 226 0 1
202 226 0 1
201 226 0 1
200 226 0 1
96 226 0 0
95 226 0 0
94 226 0 0
93 226 0 0
92 226 0 0
203 225 0 1
202 225 0 1
201 225 0 1
200 225 0 1
96 225 0 0
95 225 0 0
94 225 0 0
93 225 0 0
92 225 0 0
203 224 0 1
202 224 0 1
201 224 0 1
200 224 0 1
96 224 0 0
95 224 0 0
94 224 0 0
93 224 0 0
92 224 0 0
203 223 0 1
202 223 0 1
201 223 0 1
200 223 0 1
95 223 0 0
94 223 0 0
93 223 0 0
92 223 0 0
91 223 0 0
203 222 0 1
202 222 0 1
201 222 0 1
200 222 0 1
95 222 0 0
94 222 0 0
93 222 0 0
92 222 0 0
91 222 0 0
203 221 0 1
202 221 0 1
201 221 0 1
200 221 0 1
95 221 0 0
94 221 0 0
93 221 0 0
92 221 0 0
91 221 0 0
203 220 0 1
202 220 0 1
201 220 0 1
200 220 0 1
95 220 0 0
94 220 0 0
93 220 0 0
92 220 0 0
91 220 0 0
203 219 0 1
202 219 0 1
201 219 0 1
200 219 0 1
95 219 0 0
94 219 0 0
93 219 0 0
92 219 0 0
91 219 0 0
203 218 0 1
202 218 0 1
201 218 0 1
200 218 0 1
95 218 0 0
94 218 0 0
93 218 0 0
92 218 0 0
91 218 0 0
203 217 0 1
202 217 0 1
201 217 0 1
200 217 0 1
95 217 0 0
94 217 0 0
93 217 0 0
92 217 0 0
91 217 0 0
203 216 0 1
202 216 0 1
201 216 0 1
200 216 0 1
95 216 0 0
94 216 0 0
93 216 0 0
92 216 0 0
91 216 0 0
203 215 0 1
202 215 0 1
201 215 0 1
200 215 0 1
95 215 0 0
94 215 0 0
93 215 0 0
92 215 0 0
91 215 0 0
203 214 0 1
202 214 0 1
201 214 0 1
200 214 0 1
95 214 0 0
94 214 0 0
93 214 0 0
92 214 0 0
91 214 0 0
203 213 0 1
202 213 0 1
201 213 0 1
200 213 0 1
95 213 0 0
94 213 0 0
93 213 0 0
92 213 0 0
91 213 0 0
203 212 0 1
202 212 0 1
201 212 0 1
200 212 0 1
95 212 0 0
94 212 0 0
93 212 0 0
92 212 0 0
91 212 0 0
203 211 0 1
202 211 0 1
201 211 0 1
200 211 0 1
95 211 0 0
94 211 0 0
93 211 0 0
92 211 0 0
91 211 0 0
203 210 0 1
202 210 0 1
201 210 0 1
200 210 0 1
95 210 0 0
94 210 0 0
93 210 0 0
92 210 0 0
91 210 0 0
203 209 0 1
202 209 0 1
201 209 0 1
200 209 0 1
95 209 0 0
94 209 0 0
93 209 0 0
92 209 0 0
91 209 0 0
203 208 0 1
202 208 0 1
201 208 0 1
200 208 0 1
95 208 0 0
94 208 0 0
93 208 0 0
92 208 0 0
91 208 0 0
203 207 0 1
202 207 0 1
201 207 0 1
200 207 0 1
95 207 0 0
94 207 0 0
93 207 0 0
92 207 0 0
91 207 0 0
203 206 0 1
202 206 0 1
201 206 0 1
200 206 0 1
95 206 0 0
94 206 0 0
93 206 0 0
92 206 0 0
91 206 0 0
203 205 0 1
202 205 0 1
201 205 0 1
200 205 0 1
95 205 0 0
94 205 0 0
93 205 0 0
92 205 0 0
91 205 0 0
203 204 0 1
202 204 0 1
201 204 0 1
200 204 0 1
95 204 0 0
94 204 0 0
93 204 0 0
92 204 0 0
91 204 0 0
351 203 0 1
350 203 0 1
349 203 0 1
348 203 0 1
203 203 0 1
202 203 0 1
201 203 0 1
200 203 0 1
95 203 0 0
94 203 0 0
93 203 0 0
92 203 0 0
91 203 0 0
351 202 0 1
350 202 0 1
349 202 0 1
348 202 0 1
203 202 0 1
202 202 0 1
201 202 0 1
200 202 0 1
95 202 0 0
94 202 0 0
93 202 0 0
92 202 0 0
91 202 0 0
351 201 0 1
350 201 0 1
349 201 0 1
348 201 0 1
347 201 0 1
203 201 0 1
202 201 0 1
201 201 0 1
200 201 0 1
94 201 0 0
93 201 0 0
92 201 0 0
91 201 0 0
90 201 0 0
351 200 0 1
350 200 0 1
349 200 0 1
348 200 0 1
347 200 0 1
346 200 0 1
345 200 0 1
344 200 0 1
343 200 0 1
342 200 0 1
203 200 0 1
202 200 0 1
201 200 0 1
200 200 0 1
94 200 0 0
93 200 0 0
92 200 0 0
91 200 0 0
90 200 0 0
351 199 0 1
350 199 0 1
349 199 0 1
348 199 0 1
347 199 0 1
346 199 0 1
345 199 0 1
344 199 0 1
343 199 0 1
342 199 0 1
341 199 0 1
340 199 0 1
203 199 0 1
202 199 0 1
201 199 0 1
200 199 0 1
94 199 0 0
93 199 0 0
92 199 0 0
91 199 0 0
90 199 0 0
350 198 0 1
349 198 0 1
348 198 0 1
347 198 0 1
346 198 0 1
345 198 0 1
344 198 0 1
343 198 0 1
342 198 0 1
341 198 0 1
340 198 0 1
339 198 0 1
338 198 0 1
337 198 0 1
203 198 0 1
202 198 0 1
201 198 0 1
200 198 0 1
94 198 0 0
93 198 0 0
92 198 0 0
91 198 0 0
90 198 0 0
349 197 0 1
348 197 0 1
347 197 0 1
346 197 0 1
345 197 0 1
344 197 0 1
343 197 0 1
342 197 0 1
341 197 0 1
340 197 0 1
339 197 0 1
338 197 0 1
337 197 0 1
336 197 0 1
335 197 0 1
334 197 0 1
333 197 0 1
203 197 0 1
202 197 0 1
201 197 0 1
200 197 0 1
94 197 0 0
93 197 0 0
92 197 0 0
91 197 0 0
90 197 0 0
348 196 0 1
347 196 0 1
346 196 0 1
345 196 0 1
344 196 0 1
343 196 0 1
342 196 0 1
341 196 0 1
340 196 0 1
339 196 0 1
338 196 0 1
337 196 0 1
336 196 0 1
335 196 0 1
334 196 0 1
333 196 0 1
332 196 0 1
331 196 0 1
330 196 0 1
329 196 0 1
203 196 0 1
202 196 0 1
201 196 0 1
200 196 0 1
94 196 0 0
93 196 0 0
92 196 0 0
91 196 0 0
90 196 0 0
343 195 0 1
342 195 0 1
341 195 0 1
340 195 0 1
339 195 0 1
338 195 0 1
337 195 0 1
336 195 0 1
335 195 0 1
334 195 0 1
333 195 0 1
332 195 0 1
331 195 0 1
330 195 0 1
329 195 0 1
328 195 0 1
327 195 0 1
326 195 0 1
325 195 0 1
203 195 0 1
202 195 0 1
201 195 0 1
200 195 0 1
94 195 0 0
93 195 0 0
92 195 0 0
91 195 0 0
90 195 0 0
341 194 0 1
340 194 0 1
339 194 0 1
338 194 0 1
337 194 0 1
336 194 0 1
335 194 0 1
334 194 0 1
333 194 0 1
332 194 0 1
331 194 0 1
330 194 0 1
329 194 0 1
328 194 0 1
327 194 0 1
326 194 0 1
325 194 0 1
324 194 0 1
323 194 0 1
322 194 0 1
321 194 0 1
320 194 0 1
203 194 0 1
202 194 0 1
201 194 0 1
200 194 0 1
94 194 0 0
93 194 0 0
92 194 0 0
91 194 0 0
90 194 0 0
337 193 0 1
336 193 0 1
335 193 0 1
334 193 0 1
333 193 0 1
332 193 0 1
331 193 0 1
330 193 0 1
329 193 0 1
328 193 0 1
327 193 0 1
326 193 0 1
325 193 0 1
324 193 0 1
323 193 0 1
322 193 0 1
321 193 0 1
320 193 0 1
319 193 0 1
318 193 0 1
317 193 0 1
203 193 0 1
202 193 0 1
201 193 0 1
200 193 0 1
94 193 0 0
93 193 0 0
92 193 0 0
91 193 0 0
90 193 0 0
334 192 0 1
333 192 0 1
332 192 0 1
331 192 0 1
330 192 0 1
329 192 0 1
328 192 0 1
327 192 0 1
326 192 0 1
325 192 0 1
324 192 0 1
323 192 0 1
322 192 0 1
321 192 0 1
320 192 0 1
319 192 0 1
318 192 0 1
317 192 0 1
316 192 0 1
315 192 0 1
203 192 0 1
202 192 0 1
201 192 0 1
200 192 0 1
93 192 0 0
92 192 0 0
91 192 0 0
90 192 0 0
330 191 0 1
329 191 0 1
328 191 0 1
327 191 0 1
326 191 0 1
325 191 0 1
324 191 0 1
323 191 0 1
322 191 0 1
321 191 0 1
320 191 0 1
319 191 0 1
318 191 0 1
317 191 0 1
316 191 0 1
315 191 0 1
314 191 0 1
313 191 0 1
312 191 0 1
311 191 0 1
310 191 0 1
203 191 0 1
202 191 0 1
201 191 0 1
200 191 0 1
93 191 0 0
92 191 0 0
91 191 0 0
90 191 0 0
323 190 0 1
322 190 0 1
321 190 0 1
320 190 0 1
319 190 0 1
318 190 0 1
317 190 0 1
316 190 0 1
315 190 0 1
314 190 0 1
313 190 0 1
312 190 0 1
311 190 0 1
310 190 0 1
309 190 0 1
308 190 0 1
307 190 0 1
203 190 0 1
202 190 0 1
201 190 0 1
200 190 0 1
93 190 0 0
92 190 0 0
91 190 0 0
90 190 0 0
321 189 0 1
320 189 0 1
319 189 0 1
318 189 0 1
317 189 0 1
316 189 0 1
315 189 0 1
314 189 0 1
313 189 0 1
312 189 0 1
311 189 0 1
310 189 0 1
309 189 0 1
308 189 0 1
307 189 0 1
306 189 0 1
305 189 0 1
203 189 0 1
202 189 0 1
201 189 0 1
200 189 0 1
93 189 0 0
92 189 0 0
91 189 0 0
90 189 0 0
395 188 0 0
394 188 0 0
393 188 0 0
392 188 0 0
318 188 0 1
317 188 0 1
316 188 0 1
315 188 0 1
314 188 0 1
313 188 0 1
312 188 0 1
311 188 0 1
310 188 0 1
309 188 0 1
308 188 0 1
307 188 0 1
306 188 0 1
305 188 0 1
304 188 0 1
303 188 0 1
203 188 0 1
202 188 0 1
201 188 0 1
200 188 0 1
93 188 0 0
92 188 0 0
91 188 0 0
90 188 0 0
395 187 0 0
394 187 0 0
393 187 0 0
392 187 0 0
391 187 0 0
313 187 0 1
312 187 0 1
311 187 0 1
310 187 0 1
309 187 0 1
308 187 0 1
307 187 0 1
306 187 0 1
305 187 0 1
304 187 0 1
303 187 0 1
302 187 0 1
301 187 0 1
203 187 0 1
202 187 0 1
201 187 0 1
200 187 0 1
93 187 0 0
92 187 0 0
91 187 0 0
90 187 0 0
395 186 0 0
394 186 0 0
393 186 0 0
392 186 0 0
391 186 0 0
390 186 0 0
310 186 0 1
309 186 0 1
308 186 0 1
307 186 0 1
306 186 0 1
305 186 0 1
304 186 0 1
303 186 0 1
302 186 0 1
301 186 0 1
300 186 0 1
299 186 0 1
203 186 0 1
202 186 0 1
201 186 0 1
200 186 0 1
199 186 0 1
93 186 0 0
92 186 0 0
91 186 0 0
90 186 0 0
395 185 0 0
394 185 0 0
393 185 0 0
392 185 0 0
391 185 0 0
390 185 0 0
308 185 0 1
307 185 0 1
306 185 0 1
305 185 0 1
304 185 0 1
303 185 0 1
302 185 0 1
301 185 0 1
300 185 0 1
299 185 0 1
298 185 0 1
297 185 0 1
203 185 0 1
202 185 0 1
201 185 0 1
200 185 0 1
199 185 0 1
93 185 0 0
92 185 0 0
91 185 0 0
90 185 0 0
394 184 0 0
393 184 0 0
392 184 0 0
391 184 0 0
390 184 0 0
389 184 0 0
306 184 0 1
305 184 0 1
304 184 0 1
303 184 0 1
302 184 0 1
301 184 0 1
300 184 0 1
299 184 0 1
298 184 0 1
297 184 0 1
296 184 0 1
295 184 0 1
203 184 0 1
202 184 0 1
201 184 0 1
200 184 0 1
199 184 0 1
93 184 0 0
92 184 0 0
91 184 0 0
90 184 0 0
393 183 0 0
392 183 0 0
391 183 0 0
390 183 0 0
389 183 0 0
388 183 0 0
304 183 0 1
303 183 0 1
302 183 0 1
301 183 0 1
300 183 0 1
299 183 0 1
298 183 0 1
297 183 0 1
296 183 0 1
295 183 0 1
294 183 0 1
293 183 0 1
292 183 0 1
291 183 0 1
202 183 0 1
201 183 0 1
200 183 0 1
199 183 0 1
93 183 0 0
92 183 0 0
91 183 0 0
90 183 0 0
393 182 0 0
392 182 0 0
391 182 0 0
390 182 0 0
389 182 0 0
388 182 0 0
387 182 0 0
302 182 0 1
301 182 0 1
300 182 0 1
299 182 0 1
298 182 0 1
297 182 0 1
296 182 0 1
295 182 0 1
294 182 0 1
293 182 0 1
292 182 0 1
291 182 0 1
290 182 0 1
289 182 0 1
288 182 0 1
287 182 0 1
93 182 0 0
92 182 0 0
91 182 0 0
90 182 0 0
392 181 0 0
391 181 0 0
390 181 0 0
389 181 0 0
388 181 0 0
387 181 0 0
386 181 0 0
300 181 0 1
299 181 0 1
298 181 0 1
297 181 0 1
296 181 0 1
295 181 0 1
294 181 0 1
293 181 0 1
292 181 0 1
291 181 0 1
290 181 0 1
289 181 0 1
288 181 0 1
287 181 0 1
286 181 0 1
285 181 0 1
93 181 0 0
92 181 0 0
91 181 0 0
90 181 0 0
391 180 0 0
390 180 0 0
389 180 0 0
388 180 0 0
387 180 0 0
386 180 0 0
385 180 0 0
298 180 0 1
297 180 0 1
296 180 0 1
295 180 0 1
294 180 0 1
293 180 0 1
292 180 0 1
291 180 0 1
290 180 0 1
289 180 0 1
288 180 0 1
287 180 0 1
286 180 0 1
285 180 0 1
284 180 0 1
283 180 0 1
93 180 0 0
92 180 0 0
91 180 0 0
90 180 0 0
390 179 0 0
389 179 0 0
388 179 0 0
387 179 0 0
386 179 0 0
385 179 0 0
384 179 0 0
296 179 0 1
295 179 0 1
294 179 0 1
293 179 0 1
292 179 0 1
291 179 0 1
290 179 0 1
289 179 0 1
288 179 0 1
287 179 0 1
286 179 0 1
285 179 0 1
284 179 0 1
283 179 0 1
282 179 0 1
281 179 0 1
280 179 0 1
93 179 0 0
92 179 0 0
91 179 0 0
90 179 0 0
389 178 0 0
388 178 0 0
387 178 0 0
386 178 0 0
385 178 0 0
384 178 0 0
383 178 0 0
292 178 0 1
291 178 0 1
290 178 0 1
289 178 0 1
288 178 0 1
287 178 0 1
286 178 0 1
285 178 0 1
284 178 0 1
283 178 0 1
282 178 0 1
281 178 0 1
280 178 0 1
279 178 0 1
278 178 0 1
93 178 0 0
92 178 0 0
91 178 0 0
90 178 0 0
388 177 0 0
387 177 0 0
386 177 0 0
385 177 0 0
384 177 0 0
383 177 0 0
382 177 0 0
381 177 0 0
288 177 0 1
287 177 0 1
286 177 0 1
285 177 0 1
284 177 0 1
283 177 0 1
282 177 0 1
281 177 0 1
280 177 0 1
279 177 0 1
278 177 0 1
277 177 0 1
276 177 0 1
93 177 0 0
92 177 0 0
91 177 0 0
90 177 0 0
387 176 0 0
386 176 0 0
385 176 0 0
384 176 0 0
383 176 0 0
382 176 0 0
381 176 0 0
380 176 0 0
286 176 0 1
285 176 0 1
284 176 0 1
283 176 0 1
282 176 0 1
281 176 0 1
280 176 0 1
279 176 0 1
278 176 0 1
277 176 0 1
276 176 0 1
275 176 0 1
274 176 0 1
93 176 0 0
92 176 0 0
91 176 0 0
90 176 0 0
386 175 0 0
385 175 0 0
384 175 0 0
383 175 0 0
382 175 0 0
381 175 0 0
380 175 0 0
379 175 0 0
283 175 0 1
282 175 0 1
281 175 0 1
280 175 0 1
279 175 0 1
278 175 0 1
277 175 0 1
276 175 0 1
275 175 0 1
274 175 0 1
273 175 0 1
272 175 0 1
271 175 0 1
385 174 0 0
384 174 0 0
383 174 0 0
382 174 0 0
381 174 0 0
380 174 0 0
379 174 0 0
378 174 0 0
281 174 0 1
280 174 0 1
279 174 0 1
278 174 0 1
277 174 0 1
276 174 0 1
275 174 0 1
274 174 0 1
273 174 0 1
272 174 0 1
271 174 0 1
270 174 0 1
269 174 0 1
384 173 0 0
383 173 0 0
382 173 0 0
381 173 0 0
380 173 0 0
379 173 0 0
378 173 0 0
377 173 0 0
279 173 0 1
278 173 0 1
277 173 0 1
276 173 0 1
275 173 0 1
274 173 0 1
273 173 0 1
272 173 0 1
271 173 0 1
270 173 0 1
269 173 0 1
268 173 0 1
267 173 0 1
383 172 0 0
382 172 0 0
381 172 0 0
380 172 0 0
379 172 0 0
378 172 0 0
377 172 0 0
376 172 0 0
277 172 0 1
276 172 0 1
275 172 0 1
274 172 0 1
273 172 0 1
272 172 0 1
271 172 0 1
270 172 0 1
269 172 0 1
268 172 0 1
267 172 0 1
266 172 0 1
382 171 0 0
381 171 0 0
380 171 0 0
379 171 0 0
378 171 0 0
377 171 0 0
376 171 0 0
375 171 0 0
274 171 0 1
273 171 0 1
272 171 0 1
271 171 0 1
270 171 0 1
269 171 0 1
268 171 0 1
267 171 0 1
266 171 0 1
265 171 0 1
264 171 0 1
380 170 0 0
379 170 0 0
378 170 0 0
377 170 0 0
376 170 0 0
375 170 0 0
374 170 0 0
272 170 0 1
271 170 0 1
270 170 0 1
269 170 0 1
268 170 0 1
267 170 0 1
266 170 0 1
265 170 0 1
264 170 0 1
263 170 0 1
379 169 0 0
378 169 0 0
377 169 0 0
376 169 0 0
375 169 0 0
374 169 0 0
373 169 0 0
270 169 0 1
269 169 0 1
268 169 0 1
267 169 0 1
266 169 0 1
265 169 0 1
264 169 0 1
263 169 0 1
262 169 0 1
261 169 0 1
378 168 0 0
377 168 0 0
376 168 0 0
375 168 0 0
374 168 0 0
373 168 0 0
372 168 0 0
268 168 0 1
267 168 0 1
266 168 0 1
265 168 0 1
264 168 0 1
263 168 0 1
262 168 0 1
261 168 0 1
260 168 0 1
259 168 0 1
377 167 0 0
376 167 0 0
375 167 0 0
374 167 0 0
373 167 0 0
372 167 0 0
371 167 0 0
267 167 0 1
266 167 0 1
265 167 0 1
264 167 0 1
263 167 0 1
262 167 0 1
261 167 0 1
260 167 0 1
259 167 0 1
258 167 0 1
257 167 0 1
256 167 0 1
377 166 0 0
376 166 0 0
375 166 0 0
374 166 0 0
373 166 0 0
372 166 0 0
371 166 0 0
265 166 0 1
264 166 0 1
263 166 0 1
262 166 0 1
261 166 0 1
260 166 0 1
259 166 0 1
258 166 0 1
257 166 0 1
256 166 0 1
255 166 0 1
254 166 0 1
376 165 0 0
375 165 0 0
374 165 0 0
373 165 0 0
372 165 0 0
371 165 0 0
370 165 0 0
264 165 0 1
263 165 0 1
262 165 0 1
261 165 0 1
260 165 0 1
259 165 0 1
258 165 0 1
257 165 0 1
256 165 0 1
255 165 0 1
254 165 0 1
253 165 0 1
252 165 0 1
251 165 0 1
375 164 0 0
374 164 0 0
373 164 0 0
372 164 0 0
371 164 0 0
370 164 0 0
369 164 0 0
262 164 0 1
261 164 0 1
260 164 0 1
259 164 0 1
258 164 0 1
257 164 0 1
256 164 0 1
255 164 0 1
254 164 0 1
253 164 0 1
252 164 0 1
251 164 0 1
250 164 0 1
249 164 0 1
248 164 0 1
247 164 0 1
374 163 0 0
373 163 0 0
372 163 0 0
371 163 0 0
370 163 0 0
369 163 0 0
368 163 0 0
367 163 0 0
259 163 0 1
258 163 0 1
257 163 0 1
256 163 0 1
255 163 0 1
254 163 0 1
253 163 0 1
252 163 0 1
251 163 0 1
250 163 0 1
249 163 0 1
248 163 0 1
247 163 0 1
246 163 0 1
245 163 0 1
244 163 0 1
243 163 0 1
373 162 0 0
372 162 0 0
371 162 0 0
370 162 0 0
369 162 0 0
368 162 0 0
367 162 0 0
366 162 0 0
257 162 0 1
256 162 0 1
255 162 0 1
254 162 0 1
253 162 0 1
252 162 0 1
251 162 0 1
250 162 0 1
249 162 0 1
248 162 0 1
247 162 0 1
246 162 0 1
245 162 0 1
244 162 0 1
243 162 0 1
242 162 0 1
241 162 0 1
240 162 0 1
239 162 0 1
372 161 0 0
371 161 0 0
370 161 0 0
369 161 0 0
368 161 0 0
367 161 0 0
366 161 0 0
365 161 0 0
254 161 0 1
253 161 0 1
252 161 0 1
251 161 0 1
250 161 0 1
249 161 0 1
248 161 0 1
247 161 0 1
246 161 0 1
245 161 0 1
244 161 0 1
243 161 0 1
242 161 0 1
241 161 0 1
240 161 0 1
239 161 0 1
238 161 0 1
237 161 0 1
371 160 0 0
370 160 0 0
369 160 0 0
368 160 0 0
367 160 0 0
366 160 0 0
365 160 0 0
364 160 0 0
363 160 0 0
252 160 0 1
251 160 0 1
250 160 0 1
249 160 0 1
248 160 0 1
247 160 0 1
246 160 0 1
245 160 0 1
244 160 0 1
243 160 0 1
242 160 0 1
241 160 0 1
240 160 0 1
239 160 0 1
238 160 0 1
237 160 0 1
236 160 0 1
235 160 0 1
370 159 0 0
369 159 0 0
368 159 0 0
367 159 0 0
366 159 0 0
365 159 0 0
364 159 0 0
363 159 0 0
362 159 0 0
248 159 0 1
247 159 0 1
246 159 0 1
245 159 0 1
244 159 0 1
243 159 0 1
242 159 0 1
241 159 0 1
240 159 0 1
239 159 0 1
238 159 0 1
237 159 0 1
236 159 0 1
235 159 0 1
234 159 0 1
233 159 0 1
232 159 0 1
368 158 0 0
367 158 0 0
366 158 0 0
365 158 0 0
364 158 0 0
363 158 0 0
362 158 0 0
361 158 0 0
244 158 0 1
243 158 0 1
242 158 0 1
241 158 0 1
240 158 0 1
239 158 0 1
238 158 0 1
237 158 0 1
236 158 0 1
235 158 0 1
234 158 0 1
233 158 0 1
232 158 0 1
231 158 0 1
230 158 0 1
367 157 0 0
366 157 0 0
365 157 0 0
364 157 0 0
363 157 0 0
362 157 0 0
361 157 0 0
360 157 0 0
240 157 0 1
239 157 0 1
238 157 0 1
237 157 0 1
236 157 0 1
235 157 0 1
234 157 0 1
233 157 0 1
232 157 0 1
231 157 0 1
230 157 0 1
229 157 0 1
228 157 0 1
227 157 0 1
226 157 0 1
225 157 0 1
366 156 0 0
365 156 0 0
364 156 0 0
363 156 0 0
362 156 0 0
361 156 0 0
360 156 0 0
359 156 0 0
238 156 0 1
237 156 0 1
236 156 0 1
235 156 0 1
234 156 0 1
233 156 0 1
232 156 0 1
231 156 0 1
230 156 0 1
229 156 0 1
228 156 0 1
227 156 0 1
226 156 0 1
225 156 0 1
224 156 0 1
223 156 0 1
222 156 0 1
221 156 0 1
220 156 0 1
364 155 0 0
363 155 0 0
362 155 0 0
361 155 0 0
360 155 0 0
359 155 0 0
358 155 0 0
235 155 0 1
234 155 0 1
233 155 0 1
232 155 0 1
231 155 0 1
230 155 0 1
229 155 0 1
228 155 0 1
227 155 0 1
226 155 0 1
225 155 0 1
224 155 0 1
223 155 0 1
222 155 0 1
221 155 0 1
220 155 0 1
219 155 0 1
218 155 0 1
217 155 0 1
216 155 0 1
363 154 0 0
362 154 0 0
361 154 0 0
360 154 0 0
359 154 0 0
358 154 0 0
357 154 0 0
233 154 0 1
232 154 0 1
231 154 0 1
230 154 0 1
229 154 0 1
228 154 0 1
227 154 0 1
226 154 0 1
225 154 0 1
224 154 0 1
223 154 0 1
222 154 0 1
221 154 0 1
220 154 0 1
219 154 0 1
218 154 0 1
217 154 0 1
216 154 0 1
215 154 0 1
214 154 0 1
213 154 0 1
212 154 0 1
363 153 0 0
362 153 0 0
361 153 0 0
360 153 0 0
359 153 0 0
358 153 0 0
357 153 0 0
230 153 0 1
229 153 0 1
228 153 0 1
227 153 0 1
226 153 0 1
225 153 0 1
224 153 0 1
223 153 0 1
222 153 0 1
221 153 0 1
220 153 0 1
219 153 0 1
218 153 0 1
217 153 0 1
216 153 0 1
215 153 0 1
214 153 0 1
213 153 0 1
212 153 0 1
211 153 0 1
210 153 0 1
209 153 0 1
208 153 0 1
362 152 0 0
361 152 0 0
360 152 0 0
359 152 0 0
358 152 0 0
357 152 0 0
356 152 0 0
225 152 0 1
224 152 0 1
223 152 0 1
222 152 0 1
221 152 0 1
220 152 0 1
219 152 0 1
218 152 0 1
217 152 0 1
216 152 0 1
215 152 0 1
214 152 0 1
213 152 0 1
212 152 0 1
211 152 0 1
210 152 0 1
209 152 0 1
208 152 0 1
207 152 0 1
206 152 0 1
205 152 0 1
204 152 0 1
203 152 0 1
361 151 0 0
360 151 0 0
359 151 0 0
358 151 0 0
357 151 0 0
356 151 0 0
355 151 0 0
220 151 0 1
219 151 0 1
218 151 0 1
217 151 0 1
216 151 0 1
215 151 0 1
214 151 0 1
213 151 0 1
212 151 0 1
211 151 0 1
210 151 0 1
209 151 0 1
208 151 0 1
207 151 0 1
206 151 0 1
205 151 0 1
204 151 0 1
203 151 0 1
202 151 0 1
201 151 0 1
200 151 0 1
199 151 0 1
198 151 0 1
360 150 0 0
359 150 0 0
358 150 0 0
357 150 0 0
356 150 0 0
355 150 0 0
216 150 0 1
215 150 0 1
214 150 0 1
213 150 0 1
212 150 0 1
211 150 0 1
210 150 0 1
209 150 0 1
208 150 0 1
207 150 0 1
206 150 0 1
205 150 0 1
204 150 0 1
203 150 0 1
202 150 0 1
201 150 0 1
200 150 0 1
199 150 0 1
198 150 0 1
197 150 0 1
196 150 0 1
195 150 0 1
194 150 0 1
193 150 0 1
192 150 0 1
359 149 0 0
358 149 0 0
357 149 0 0
356 149 0 0
355 149 0 0
354 149 0 0
212 149 0 1
211 149 0 1
210 149 0 1
209 149 0 1
208 149 0 1
207 149 0 1
206 149 0 1
205 149 0 1
204 149 0 1
203 149 0 1
202 149 0 1
201 149 0 1
200 149 0 1
199 149 0 1
198 149 0 1
197 149 0 1
196 149 0 1
195 149 0 1
194 149 0 1
193 149 0 1
192 149 0 1
191 149 0 1
190 149 0 1
189 149 0 1
188 149 0 1
187 149 0 1
358 148 0 0
357 148 0 0
356 148 0 0
355 148 0 0
354 148 0 0
353 148 0 0
209 148 0 1
208 148 0 1
207 148 0 1
206 148 0 1
205 148 0 1
204 148 0 1
203 148 0 1
202 148 0 1
201 148 0 1
200 148 0 1
199 148 0 1
198 148 0 1
197 148 0 1
196 148 0 1
195 148 0 1
194 148 0 1
193 148 0 1
192 148 0 1
191 148 0 1
190 148 0 1
189 148 0 1
188 148 0 1
187 148 0 1
186 148 0 1
185 148 0 1
184 148 0 1
183 148 0 1
358 147 0 0
357 147 0 0
356 147 0 0
355 147 0 0
354 147 0 0
353 147 0 0
352 147 0 0
203 147 0 1
202 147 0 1
201 147 0 1
200 147 0 1
199 147 0 1
198 147 0 1
197 147 0 1
196 147 0 1
195 147 0 1
194 147 0 1
193 147 0 1
192 147 0 1
191 147 0 1
190 147 0 1
189 147 0 1
188 147 0 1
187 147 0 1
186 147 0 1
185 147 0 1
184 147 0 1
183 147 0 1
182 147 0 1
181 147 0 1
180 147 0 1
357 146 0 0
356 146 0 0
355 146 0 0
354 146 0 0
353 146 0 0
352 146 0 0
351 146 0 0
198 146 0 1
197 146 0 1
196 146 0 1
195 146 0 1
194 146 0 1
193 146 0 1
192 146 0 1
191 146 0 1
190 146 0 1
189 146 0 1
188 146 0 1
187 146 0 1
186 146 0 1
185 146 0 1
184 146 0 1
183 146 0 1
182 146 0 1
181 146 0 1
180 146 0 1
179 146 0 1
178 146 0 1
356 145 0 0
355 145 0 0
354 145 0 0
353 145 0 0
352 145 0 0
351 145 0 0
192 145 0 1
191 145 0 1
190 145 0 1
189 145 0 1
188 145 0 1
187 145 0 1
186 145 0 1
185 145 0 1
184 145 0 1
183 145 0 1
182 145 0 1
181 145 0 1
180 145 0 1
179 145 0 1
178 145 0 1
177 145 0 1
356 144 0 0
355 144 0 0
354 144 0 0
353 144 0 0
352 144 0 0
351 144 0 0
350 144 0 0
188 144 0 1
187 144 0 1
186 144 0 1
185 144 0 1
184 144 0 1
183 144 0 1
182 144 0 1
181 144 0 1
180 144 0 1
179 144 0 1
178 144 0 1
177 144 0 1
176 144 0 1
175 144 0 1
355 143 0 0
354 143 0 0
353 143 0 0
352 143 0 0
351 143 0 0
350 143 0 0
349 143 0 0
348 143 0 0
184 143 0 1
183 143 0 1
182 143 0 1
181 143 0 1
180 143 0 1
179 143 0 1
178 143 0 1
177 143 0 1
176 143 0 1
175 143 0 1
174 143 0 1
173 143 0 1
172 143 0 1
354 142 0 0
353 142 0 0
352 142 0 0
351 142 0 0
350 142 0 0
349 142 0 0
348 142 0 0
347 142 0 0
181 142 0 1
180 142 0 1
179 142 0 1
178 142 0 1
177 142 0 1
176 142 0 1
175 142 0 1
174 142 0 1
173 142 0 1
172 142 0 1
171 142 0 1
170 142 0 1
169 142 0 1
353 141 0 0
352 141 0 0
351 141 0 0
350 141 0 0
349 141 0 0
348 141 0 0
347 141 0 0
346 141 0 0
345 141 0 0
179 141 0 1
178 141 0 1
177 141 0 1
176 141 0 1
175 141 0 1
174 141 0 1
173 141 0 1
172 141 0 1
171 141 0 1
170 141 0 1
169 141 0 1
168 141 0 1
167 141 0 1
352 140 0 0
351 140 0 0
350 140 0 0
349 140 0 0
348 140 0 0
347 140 0 0
346 140 0 0
345 140 0 0
344 140 0 0
178 140 0 1
177 140 0 1
176 140 0 1
175 140 0 1
174 140 0 1
173 140 0 1
172 140 0 1
171 140 0 1
170 140 0 1
169 140 0 1
168 140 0 1
167 140 0 1
166 140 0 1
165 140 0 1
350 139 0 0
349 139 0 0
348 139 0 0
347 139 0 0
346 139 0 0
345 139 0 0
344 139 0 0
343 139 0 0
342 139 0 0
176 139 0 1
175 139 0 1
174 139 0 1
173 139 0 1
172 139 0 1
171 139 0 1
170 139 0 1
169 139 0 1
168 139 0 1
167 139 0 1
166 139 0 1
165 139 0 1
164 139 0 1
163 139 0 1
349 138 0 0
348 138 0 0
347 138 0 0
346 138 0 0
345 138 0 0
344 138 0 0
343 138 0 0
342 138 0 0
341 138 0 0
173 138 0 1
172 138 0 1
171 138 0 1
170 138 0 1
169 138 0 1
168 138 0 1
167 138 0 1
166 138 0 1
165 138 0 1
164 138 0 1
163 138 0 1
162 138 0 1
161 138 0 1
347 137 0 0
346 137 0 0
345 137 0 0
344 137 0 0
343 137 0 0
342 137 0 0
341 137 0 0
340 137 0 0
170 137 0 1
169 137 0 1
168 137 0 1
167 137 0 1
166 137 0 1
165 137 0 1
164 137 0 1
163 137 0 1
162 137 0 1
161 137 0 1
160 137 0 1
159 137 0 1
158 137 0 1
346 136 0 0
345 136 0 0
344 136 0 0
343 136 0 0
342 136 0 0
341 136 0 0
340 136 0 0
339 136 0 0
338 136 0 0
168 136 0 1
167 136 0 1
166 136 0 1
165 136 0 1
164 136 0 1
163 136 0 1
162 136 0 1
161 136 0 1
160 136 0 1
159 136 0 1
158 136 0 1
157 136 0 1
156 136 0 1
155 136 0 1
345 135 0 0
344 135 0 0
343 135 0 0
342 135 0 0
341 135 0 0
340 135 0 0
339 135 0 0
338 135 0 0
337 135 0 0
336 135 0 0
166 135 0 1
165 135 0 1
164 135 0 1
163 135 0 1
162 135 0 1
161 135 0 1
160 135 0 1
159 135 0 1
158 135 0 1
157 135 0 1
156 135 0 1
155 135 0 1
154 135 0 1
153 135 0 1
344 134 0 0
343 134 0 0
342 134 0 0
341 134 0 0
340 134 0 0
339 134 0 0
338 134 0 0
337 134 0 0
336 134 0 0
335 134 0 0
164 134 0 1
163 134 0 1
162 134 0 1
161 134 0 1
160 134 0 1
159 134 0 1
158 134 0 1
157 134 0 1
156 134 0 1
155 134 0 1
154 134 0 1
153 134 0 1
152 134 0 1
151 134 0 1
150 134 0 1
149 134 0 1
148 134 0 1
147 134 0 1
342 133 0 0
341 133 0 0
340 133 0 0
339 133 0 0
338 133 0 0
337 133 0 0
336 133 0 0
335 133 0 0
334 133 0 0
333 133 0 0
162 133 0 1
161 133 0 1
160 133 0 1
159 133 0 1
158 133 0 1
157 133 0 1
156 133 0 1
155 133 0 1
154 133 0 1
153 133 0 1
152 133 0 1
151 133 0 1
150 133 0 1
149 133 0 1
148 133 0 1
147 133 0 1
341 132 0 0
340 132 0 0
339 132 0 0
338 132 0 0
337 132 0 0
336 132 0 0
335 132 0 0
334 132 0 0
333 132 0 0
332 132 0 0
331 132 0 0
159 132 0 1
158 132 0 1
157 132 0 1
156 132 0 1
155 132 0 1
154 132 0 1
153 132 0 1
152 132 0 1
151 132 0 1
150 132 0 1
149 132 0 1
148 132 0 1
147 132 0 1
339 131 0 0
338 131 0 0
337 131 0 0
336 131 0 0
335 131 0 0
334 131 0 0
333 131 0 0
332 131 0 0
331 131 0 0
330 131 0 0
329 131 0 0
156 131 0 1
155 131 0 1
154 131 0 1
153 131 0 1
152 131 0 1
151 131 0 1
150 131 0 1
149 131 0 1
148 131 0 1
147 131 0 1
337 130 0 0
336 130 0 0
335 130 0 0
334 130 0 0
333 130 0 0
332 130 0 0
331 130 0 0
330 130 0 0
329 130 0 0
328 130 0 0
327 130 0 0
335 129 0 0
334 129 0 0
333 129 0 0
332 129 0 0
331 129 0 0
330 129 0 0
329 129 0 0
328 129 0 0
327 129 0 0
326 129 0 0
325 129 0 0
334 128 0 0
333 128 0 0
332 128 0 0
331 128 0 0
330 128 0 0
329 128 0 0
328 128 0 0
327 128 0 0
326 128 0 0
325 128 0 0
324 128 0 0
323 128 0 0
332 127 0 0
331 127 0 0
330 127 0 0
329 127 0 0
328 127 0 0
327 127 0 0
326 127 0 0
325 127 0 0
324 127 0 0
323 127 0 0
322 127 0 0
321 127 0 0
330 126 0 0
329 126 0 0
328 126 0 0
327 126 0 0
326 126 0 0
325 126 0 0
324 126 0 0
323 126 0 0
322 126 0 0
321 126 0 0
320 126 0 0
319 126 0 0
318 126 0 0
328 125 0 0
327 125 0 0
326 125 0 0
325 125 0 0
324 125 0 0
323 125 0 0
322 125 0 0
321 125 0 0
320 125 0 0
319 125 0 0
318 125 0 0
317 125 0 0
316 125 0 0
325 124 0 0
324 124 0 0
323 124 0 0
322 124 0 0
321 124 0 0
320 124 0 0
319 124 0 0
318 124 0 0
317 124 0 0
316 124 0 0
315 124 0 0
314 124 0 0
323 123 0 0
322 123 0 0
321 123 0 0
320 123 0 0
319 123 0 0
318 123 0 0
317 123 0 0
316 123 0 0
315 123 0 0
314 123 0 0
313 123 0 0
312 123 0 0
321 122 0 0
320 122 0 0
319 122 0 0
318 122 0 0
317 122 0 0
316 122 0 0
315 122 0 0
314 122 0 0
313 122 0 0
312 122 0 0
311 122 0 0
310 122 0 0
309 122 0 0
319 121 0 0
318 121 0 0
317 121 0 0
316 121 0 0
315 121 0 0
314 121 0 0
313 121 0 0
312 121 0 0
311 121 0 0
310 121 0 0
309 121 0 0
308 121 0 0
307 121 0 0
317 120 0 0
316 120 0 0
315 120 0 0
314 120 0 0
313 120 0 0
312 120 0 0
311 120 0 0
310 120 0 0
309 120 0 0
308 120 0 0
307 120 0 0
306 120 0 0
305 120 0 0
304 120 0 0
315 119 0 0
314 119 0 0
313 119 0 0
312 119 0 0
311 119 0 0
310 119 0 0
309 119 0 0
308 119 0 0
307 119 0 0
306 119 0 0
305 119 0 0
304 119 0 0
303 119 0 0
302 119 0 0
312 118 0 0
311 118 0 0
310 118 0 0
309 118 0 0
308 118 0 0
307 118 0 0
306 118 0 0
305 118 0 0
304 118 0 0
303 118 0 0
302 118 0 0
301 118 0 0
300 118 0 0
299 118 0 0
310 117 0 0
309 117 0 0
308 117 0 0
307 117 0 0
306 117 0 0
305 117 0 0
304 117 0 0
303 117 0 0
302 117 0 0
301 117 0 0
300 117 0 0
299 117 0 0
298 117 0 0
297 117 0 0
307 116 0 0
306 116 0 0
305 116 0 0
304 116 0 0
303 116 0 0
302 116 0 0
301 116 0 0
300 116 0 0
299 116 0 0
298 116 0 0
297 116 0 0
296 116 0 0
295 116 0 0
294 116 0 0
305 115 0 0
304 115 0 0
303 115 0 0
302 115 0 0
301 115 0 0
300 115 0 0
299 115 0 0
298 115 0 0
297 115 0 0
296 115 0 0
295 115 0 0
294 115 0 0
293 115 0 0
292 115 0 0
302 114 0 0
301 114 0 0
300 114 0 0
299 114 0 0
298 114 0 0
297 114 0 0
296 114 0 0
295 114 0 0
294 114 0 0
293 114 0 0
292 114 0 0
291 114 0 0
290 114 0 0
300 113 0 0
299 113 0 0
298 113 0 0
297 113 0 0
296 113 0 0
295 113 0 0
294 113 0 0
293 113 0 0
292 113 0 0
291 113 0 0
290 113 0 0
289 113 0 0
288 113 0 0
297 112 0 0
296 112 0 0
295 112 0 0
294 112 0 0
293 112 0 0
292 112 0 0
291 112 0 0
290 112 0 0
289 112 0 0
288 112 0 0
287 112 0 0
295 111 0 0
294 111 0 0
293 111 0 0
292 111 0 0
291 111 0 0
290 111 0 0
289 111 0 0
288 111 0 0
287 111 0 0
286 111 0 0
285 111 0 0
293 110 0 0
292 110 0 0
291 110 0 0
290 110 0 0
289 110 0 0
288 110 0 0
287 110 0 0
286 110 0 0
285 110 0 0
284 110 0 0
283 110 0 0
291 109 0 0
290 109 0 0
289 109 0 0
288 109 0 0
287 109 0 0
286 109 0 0
285 109 0 0
284 109 0 0
283 109 0 0
282 109 0 0
281 109 0 0
289 108 0 0
288 108 0 0
287 108 0 0
286 108 0 0
285 108 0 0
284 108 0 0
283 108 0 0
282 108 0 0
281 108 0 0
280 108 0 0
279 108 0 0
287 107 0 0
286 107 0 0
285 107 0 0
284 107 0 0
283 107 0 0
282 107 0 0
281 107 0 0
280 107 0 0
279 107 0 0
278 107 0 0
277 107 0 0
286 106 0 0
285 106 0 0
284 106 0 0
283 106 0 0
282 106 0 0
281 106 0 0
280 106 0 0
279 106 0 0
278 106 0 0
277 106 0 0
276 106 0 0
275 106 0 0
274 106 0 0
284 105 0 0
283 105 0 0
282 105 0 0
281 105 0 0
280 105 0 0
279 105 0 0
278 105 0 0
277 105 0 0
276 105 0 0
275 105 0 0
274 105 0 0
273 105 0 0
272 105 0 0
271 105 0 0
282 104 0 0
281 104 0 0
280 104 0 0
279 104 0 0
278 104 0 0
277 104 0 0
276 104 0 0
275 104 0 0
274 104 0 0
273 104 0 0
272 104 0 0
271 104 0 0
270 104 0 0
269 104 0 0
280 103 0 0
279 103 0 0
278 103 0 0
277 103 0 0
276 103 0 0
275 103 0 0
274 103 0 0
273 103 0 0
272 103 0 0
271 103 0 0
270 103 0 0
269 103 0 0
268 103 0 0
267 103 0 0
266 103 0 0
277 102 0 0
276 102 0 0
275 102 0 0
274 102 0 0
273 102 0 0
272 102 0 0
271 102 0 0
270 102 0 0
269 102 0 0
268 102 0 0
267 102 0 0
266 102 0 0
265 102 0 0
264 102 0 0
275 101 0 0
274 101 0 0
273 101 0 0
272 101 0 0
271 101 0 0
270 101 0 0
269 101 0 0
268 101 0 0
267 101 0 0
266 101 0 0
265 101 0 0
264 101 0 0
263 101 0 0
262 101 0 0
272 100 0 0
271 100 0 0
270 100 0 0
269 100 0 0
268 100 0 0
267 100 0 0
266 100 0 0
265 100 0 0
264 100 0 0
263 100 0 0
262 100 0 0
261 100 0 0
260 100 0 0
259 100 0 0
269 99 0 0
268 99 0 0
267 99 0 0
266 99 0 0
265 99 0 0
264 99 0 0
263 99 0 0
262 99 0 0
261 99 0 0
260 99 0 0
259 99 0 0
258 99 0 0
257 99 0 0
267 98 0 0
266 98 0 0
265 98 0 0
264 98 0 0
263 98 0 0
262 98 0 0
261 98 0 0
260 98 0 0
259 98 0 0
258 98 0 0
257 98 0 0
256 98 0 0
255 98 0 0
264 97 0 0
263 97 0 0
262 97 0 0
261 97 0 0
260 97 0 0
259 97 0 0
258 97 0 0
257 97 0 0
256 97 0 0
255 97 0 0
254 97 0 0
253 97 0 0
252 97 0 0
262 96 0 0
261 96 0 0
260 96 0 0
259 96 0 0
258 96 0 0
257 96 0 0
256 96 0 0
255 96 0 0
254 96 0 0
253 96 0 0
252 96 0 0
251 96 0 0
250 96 0 0
249 96 0 0
248 96 0 0
247 96 0 0
260 95 0 0
259 95 0 0
258 95 0 0
257 95 0 0
256 95 0 0
255 95 0 0
254 95 0 0
253 95 0 0
252 95 0 0
251 95 0 0
250 95 0 0
249 95 0 0
248 95 0 0
247 95 0 0
246 95 0 0
245 95 0 0
244 95 0 0
243 95 0 0
242 95 0 0
257 94 0 0
256 94 0 0
255 94 0 0
254 94 0 0
253 94 0 0
252 94 0 0
251 94 0 0
250 94 0 0
249 94 0 0
248 94 0 0
247 94 0 0
246 94 0 0
245 94 0 0
244 94 0 0
243 94 0 0
242 94 0 0
241 94 0 0
240 94 0 0
239 94 0 0
238 94 0 0
237 94 0 0
255 93 0 0
254 93 0 0
253 93 0 0
252 93 0 0
251 93 0 0
250 93 0 0
249 93 0 0
248 93 0 0
247 93 0 0
246 93 0 0
245 93 0 0
244 93 0 0
243 93 0 0
242 93 0 0
241 93 0 0
240 93 0 0
239 93 0 0
238 93 0 0
237 93 0 0
236 93 0 0
235 93 0 0
234 93 0 0
233 93 0 0
232 93 0 0
231 93 0 0
252 92 0 0
251 92 0 0
250 92 0 0
249 92 0 0
248 92 0 0
247 92 0 0
246 92 0 0
245 92 0 0
244 92 0 0
243 92 0 0
242 92 0 0
241 92 0 0
240 92 0 0
239 92 0 0
238 92 0 0
237 92 0 0
236 92 0 0
235 92 0 0
234 92 0 0
233 92 0 0
232 92 0 0
231 92 0 0
230 92 0 0
229 92 0 0
228 92 0 0
227 92 0 0
226 92 0 0
247 91 0 0
246 91 0 0
245 91 0 0
244 91 0 0
243 91 0 0
242 91 0 0
241 91 0 0
240 91 0 0
239 91 0 0
238 91 0 0
237 91 0 0
236 91 0 0
235 91 0 0
234 91 0 0
233 91 0 0
232 91 0 0
231 91 0 0
230 91 0 0
229 91 0 0
228 91 0 0
227 91 0 0
226 91 0 0
225 91 0 0
224 91 0 0
223 91 0 0
222 91 0 0
221 91 0 0
242 90 0 0
241 90 0 0
240 90 0 0
239 90 0 0
238 90 0 0
237 90 0 0
236 90 0 0
235 90 0 0
234 90 0 0
233 90 0 0
232 90 0 0
231 90 0 0
230 90 0 0
229 90 0 0
228 90 0 0
227 90 0 0
226 90 0 0
225 90 0 0
224 90 0 0
223 90 0 0
222 90 0 0
221 90 0 0
220 90 0 0
219 90 0 0
218 90 0 0
217 90 0 0
216 90 0 0
237 89 0 0
236 89 0 0
235 89 0 0
234 89 0 0
233 89 0 0
232 89 0 0
231 89 0 0
230 89 0 0
229 89 0 0
228 89 0 0
227 89 0 0
226 89 0 0
225 89 0 0
224 89 0 0
223 89 0 0
222 89 0 0
221 89 0 0
220 89 0 0
219 89 0 0
218 89 0 0
217 89 0 0
216 89 0 0
215 89 0 0
214 89 0 0
213 89 0 0
212 89 0 0
211 89 0 0
210 89 0 0
209 89 0 0
208 89 0 0
207 89 0 0
206 89 0 0
205 89 0 0
204 89 0 0
203 89 0 0
202 89 0 0
201 89 0 0
200 89 0 0
199 89 0 0
198 89 0 0
197 89 0 0
231 88 0 0
230 88 0 0
229 88 0 0
228 88 0 0
227 88 0 0
226 88 0 0
225 88 0 0
224 88 0 0
223 88 0 0
222 88 0 0
221 88 0 0
220 88 0 0
219 88 0 0
218 88 0 0
217 88 0 0
216 88 0 0
215 88 0 0
214 88 0 0
213 88 0 0
212 88 0 0
211 88 0 0
210 88 0 0
209 88 0 0
208 88 0 0
207 88 0 0
206 88 0 0
205 88 0 0
204 88 0 0
203 88 0 0
202 88 0 0
201 88 0 0
200 88 0 0
199 88 0 0
198 88 0 0
197 88 0 0
196 88 0 0
195 88 0 0
194 88 0 0
193 88 0 0
192 88 0 0
191 88 0 0
190 88 0 0
189 88 0 0
188 88 0 0
187 88 0 0
186 88 0 0
185 88 0 0
184 88 0 0
183 88 0 0
182 88 0 0
181 88 0 0
180 88 0 0
179 88 0 0
178 88 0 0
177 88 0 0
176 88 0 0
175 88 0 0
174 88 0 0
173 88 0 0
172 88 0 0
171 88 0 0
170 88 0 0
169 88 0 0
168 88 0 0
167 88 0 0
166 88 0 0
165 88 0 0
164 88 0 0
163 88 0 0
162 88 0 0
161 88 0 0
160 88 0 0
159 88 0 0
158 88 0 0
157 88 0 0
156 88 0 0
155 88 0 0
154 88 0 0
153 88 0 0
152 88 0 0
151 88 0 0
150 88 0 0
226 87 0 0
225 87 0 0
224 87 0 0
223 87 0 0
222 87 0 0
221 87 0 0
220 87 0 0
219 87 0 0
218 87 0 0
217 87 0 0
216 87 0 0
215 87 0 0
214 87 0 0
213 87 0 0
212 87 0 0
211 87 0 0
210 87 0 0
209 87 0 0
208 87 0 0
207 87 0 0
206 87 0 0
205 87 0 0
204 87 0 0
203 87 0 0
202 87 0 0
201 87 0 0
200 87 0 0
199 87 0 0
198 87 0 0
197 87 0 0
196 87 0 0
195 87 0 0
194 87 0 0
193 87 0 0
192 87 0 0
191 87 0 0
190 87 0 0
189 87 0 0
188 87 0 0
187 87 0 0
186 87 0 0
185 87 0 0
184 87 0 0
183 87 0 0
182 87 0 0
181 87 0 0
180 87 0 0
179 87 0 0
178 87 0 0
177 87 0 0
176 87 0 0
175 87 0 0
174 87 0 0
173 87 0 0
172 87 0 0
171 87 0 0
170 87 0 0
169 87 0 0
168 87 0 0
167 87 0 0
166 87 0 0
165 87 0 0
164 87 0 0
163 87 0 0
162 87 0 0
161 87 0 0
160 87 0 0
159 87 0 0
158 87 0 0
157 87 0 0
156 87 0 0
155 87 0 0
154 87 0 0
153 87 0 0
152 87 0 0
151 87 0 0
150 87 0 0
221 86 0 0
220 86 0 0
219 86 0 0
218 86 0 0
217 86 0 0
216 86 0 0
215 86 0 0
214 86 0 0
213 86 0 0
212 86 0 0
211 86 0 0
210 86 0 0
209 86 0 0
208 86 0 0
207 86 0 0
206 86 0 0
205 86 0 0
204 86 0 0
203 86 0 0
202 86 0 0
201 86 0 0
200 86 0 0
199 86 0 0
198 86 0 0
197 86 0 0
196 86 0 0
195 86 0 0
194 86 0 0
193 86 0 0
192 86 0 0
191 86 0 0
190 86 0 0
189 86 0 0
188 86 0 0
187 86 0 0
186 86 0 0
185 86 0 0
184 86 0 0
183 86 0 0
182 86 0 0
181 86 0 0
180 86 0 0
179 86 0 0
178 86 0 0
177 86 0 0
176 86 0 0
175 86 0 0
174 86 0 0
173 86 0 0
172 86 0 0
171 86 0 0
170 86 0 0
169 86 0 0
168 86 0 0
167 86 0 0
166 86 0 0
165 86 0 0
164 86 0 0
163 86 0 0
162 86 0 0
161 86 0 0
160 86 0 0
159 86 0 0
158 86 0 0
157 86 0 0
156 86 0 0
155 86 0 0
154 86 0 0
153 86 0 0
152 86 0 0
151 86 0 0
150 86 0 0
216 85 0 0
215 85 0 0
214 85 0 0
213 85 0 0
212 85 0 0
211 85 0 0
210 85 0 0
209 85 0 0
208 85 0 0
207 85 0 0
206 85 0 0
205 85 0 0
204 85 0 0
203 85 0 0
202 85 0 0
201 85 0 0
200 85 0 0
199 85 0 0
198 85 0 0
197 85 0 0
196 85 0 0
195 85 0 0
194 85 0 0
193 85 0 0
192 85 0 0
191 85 0 0
190 85 0 0
189 85 0 0
188 85 0 0
187 85 0 0
186 85 0 0
185 85 0 0
184 85 0 0
183 85 0 0
182 85 0 0
181 85 0 0
180 85 0 0
179 85 0 0
178 85 0 0
177 85 0 0
176 85 0 0
175 85 0 0
174 85 0 0
173 85 0 0
172 85 0 0
171 85 0 0
170 85 0 0
169 85 0 0
168 85 0 0
167 85 0 0
166 85 0 0
165 85 0 0
164 85 0 0
163 85 0 0
162 85 0 0
161 85 0 0
160 85 0 0
159 85 0 0
158 85 0 0
157 85 0 0
156 85 0 0
155 85 0 0
154 85 0 0
153 85 0 0
152 85 0 0
151 85 0 0
150 85 0 0
