3904 450 600
225 476 0 0
224 476 0 0
223 476 0 0
222 476 0 0
225 475 0 0
224 475 0 0
223 475 0 0
222 475 0 0
225 474 0 0
224 474 0 0
223 474 0 0
222 474 0 0
225 473 0 0
224 473 0 0
223 473 0 0
222 473 0 0
225 472 0 0
224 472 0 0
223 472 0 0
222 472 0 0
225 471 0 0
224 471 0 0
223 471 0 0
222 471 0 0
225 470 0 0
224 470 0 0
223 470 0 0
222 470 0 0
225 469 0 0
224 469 0 0
223 469 0 0
222 469 0 0
225 468 0 0
224 468 0 0
223 468 0 0
222 468 0 0
225 467 0 0
224 467 0 0
223 467 0 0
222 467 0 0
225 466 0 0
224 466 0 0
223 466 0 0
222 466 0 0
225 465 0 0
224 465 0 0
223 465 0 0
222 465 0 0
225 464 0 0
224 464 0 0
223 464 0 0
222 464 0 0
225 463 0 0
224 463 0 0
223 463 0 0
222 463 0 0
225 462 0 0
224 462 0 0
223 462 0 0
222 462 0 0
225 461 0 0
224 461 0 0
223 461 0 0
222 461 0 0
225 460 0 0
224 460 0 0
223 460 0 0
222 460 0 0
225 459 0 0
224 459 0 0
223 459 0 0
222 459 0 0
226 458 0 0
225 458 0 0
224 458 0 0
223 458 0 0
222 458 0 0
226 457 0 0
225 457 0 0
224 457 0 0
223 457 0 0
222 457 0 0
226 456 0 0
225 456 0 0
224 456 0 0
223 456 0 0
222 456 0 0
226 455 0 0
225 455 0 0
224 455 0 0
223 455 0 0
222 455 0 0
227 454 0 0
226 454 0 0
225 454 0 0
224 454 0 0
223 454 0 0
222 454 0 0
227 453 0 0
226 453 0 0
225 453 0 0
224 453 0 0
223 453 0 0
227 452 0 0
226 452 0 0
225 452 0 0
224 452 0 0
223 452 0 0
228 451 0 0
227 451 0 0
226 451 0 0
225 451 0 0
224 451 0 0
223 451 0 0
228 450 0 0
227 450 0 0
226 450 0 0
225 450 0 0
224 450 0 0
223 450 0 0
228 449 0 0
227 449 0 0
226 449 0 0
225 449 0 0
224 449 0 0
228 448 0 0
227 448 0 0
226 448 0 0
225 448 0 0
224 448 0 0
229 447 0 0
228 447 0 0
227 447 0 0
226 447 0 0
225 447 0 0
224 447 0 0
229 446 0 0
228 446 0 0
227 446 0 0
226 446 0 0
225 446 0 0
229 445 0 0
228 445 0 0
227 445 0 0
226 445 0 0
225 445 0 0
230 444 0 0
229 444 0 0
228 444 0 0
227 444 0 0
226 444 0 0
225 444 0 0
230 443 0 0
229 443 0 0
228 443 0 0
227 443 0 0
226 443 0 0
225 443 0 0
179 443 0 0
178 443 0 0
177 443 0 0
176 443 0 0
230 442 0 0
229 442 0 0
228 442 0 0
227 442 0 0
226 442 0 0
207 442 0 1
206 442 0 1
205 442 0 1
204 442 0 1
179 442 0 0
178 442 0 0
177 442 0 0
176 442 0 0
231 441 0 0
230 441 0 0
229 441 0 0
228 441 0 0
227 441 0 0
226 441 0 0
207 441 0 1
206 441 0 1
205 441 0 1
204 441 0 1
179 441 0 0
178 441 0 0
177 441 0 0
176 441 0 0
231 440 0 0
230 440 0 0
229 440 0 0
228 440 0 0
227 440 0 0
226 440 0 0
207 440 0 1
206 440 0 1
205 440 0 1
204 440 0 1
179 440 0 0
178 440 0 0
177 440 0 0
176 440 0 0
231 439 0 0
230 439 0 0
229 439 0 0
228 439 0 0
227 439 0 0
207 439 0 1
206 439 0 1
205 439 0 1
204 439 0 1
179 439 0 0
178 439 0 0
177 439 0 0
176 439 0 0
232 438 0 0
231 438 0 0
230 438 0 0
229 438 0 0
228 438 0 0
227 438 0 0
207 438 0 1
206 438 0 1
205 438 0 1
204 438 0 1
179 438 0 0
178 438 0 0
177 438 0 0
176 438 0 0
232 437 0 0
231 437 0 0
230 437 0 0
229 437 0 0
228 437 0 0
227 437 0 0
207 437 0 1
206 437 0 1
205 437 0 1
204 437 0 1
179 437 0 0
178 437 0 0
177 437 0 0
176 437 0 0
232 436 0 0
231 436 0 0
230 436 0 0
229 436 0 0
228 436 0 0
207 436 0 1
206 436 0 1
205 436 0 1
204 436 0 1
179 436 0 0
178 436 0 0
177 436 0 0
176 436 0 0
233 435 0 0
232 435 0 0
231 435 0 0
230 435 0 0
229 435 0 0
228 435 0 0
207 435 0 1
206 435 0 1
205 435 0 1
204 435 0 1
179 435 0 0
178 435 0 0
177 435 0 0
176 435 0 0
233 434 0 0
232 434 0 0
231 434 0 0
230 434 0 0
229 434 0 0
228 434 0 0
207 434 0 1
206 434 0 1
205 434 0 1
204 434 0 1
179 434 0 0
178 434 0 0
177 434 0 0
176 434 0 0
233 433 0 0
232 433 0 0
231 433 0 0
230 433 0 0
229 433 0 0
207 433 0 1
206 433 0 1
205 433 0 1
204 433 0 1
179 433 0 0
178 433 0 0
177 433 0 0
176 433 0 0
234 432 0 0
233 432 0 0
232 432 0 0
231 432 0 0
230 432 0 0
229 432 0 0
207 432 0 1
206 432 0 1
205 432 0 1
204 432 0 1
179 432 0 0
178 432 0 0
177 432 0 0
176 432 0 0
234 431 0 0
233 431 0 0
232 431 0 0
231 431 0 0
230 431 0 0
229 431 0 0
207 431 0 1
206 431 0 1
205 431 0 1
204 431 0 1
179 431 0 0
178 431 0 0
177 431 0 0
176 431 0 0
234 430 0 0
233 430 0 0
232 430 0 0
231 430 0 0
230 430 0 0
207 430 0 1
206 430 0 1
205 430 0 1
204 430 0 1
179 430 0 0
178 430 0 0
177 430 0 0
176 430 0 0
235 429 0 0
234 429 0 0
233 429 0 0
232 429 0 0
231 429 0 0
230 429 0 0
207 429 0 1
206 429 0 1
205 429 0 1
204 429 0 1
179 429 0 0
178 429 0 0
177 429 0 0
176 429 0 0
235 428 0 0
234 428 0 0
233 428 0 0
232 428 0 0
231 428 0 0
207 428 0 1
206 428 0 1
205 428 0 1
204 428 0 1
179 428 0 0
178 428 0 0
177 428 0 0
176 428 0 0
236 427 0 0
235 427 0 0
234 427 0 0
233 427 0 0
232 427 0 0
231 427 0 0
207 427 0 1
206 427 0 1
205 427 0 1
204 427 0 1
179 427 0 0
178 427 0 0
177 427 0 0
176 427 0 0
236 426 0 0
235 426 0 0
234 426 0 0
233 426 0 0
232 426 0 0
231 426 0 0
207 426 0 1
206 426 0 1
205 426 0 1
204 426 0 1
179 426 0 0
178 426 0 0
177 426 0 0
176 426 0 0
237 425 0 0
236 425 0 0
235 425 0 0
234 425 0 0
233 425 0 0
232 425 0 0
207 425 0 1
206 425 0 1
205 425 0 1
204 425 0 1
179 425 0 0
178 425 0 0
177 425 0 0
176 425 0 0
237 424 0 0
236 424 0 0
235 424 0 0
234 424 0 0
233 424 0 0
232 424 0 0
207 424 0 1
206 424 0 1
205 424 0 1
204 424 0 1
179 424 0 0
178 424 0 0
177 424 0 0
176 424 0 0
237 423 0 0
236 423 0 0
235 423 0 0
234 423 0 0
233 423 0 0
207 423 0 1
206 423 0 1
205 423 0 1
204 423 0 1
179 423 0 0
178 423 0 0
177 423 0 0
176 423 0 0
238 422 0 0
237 422 0 0
236 422 0 0
235 422 0 0
234 422 0 0
233 422 0 0
207 422 0 1
206 422 0 1
205 422 0 1
204 422 0 1
179 422 0 0
178 422 0 0
177 422 0 0
176 422 0 0
238 421 0 0
237 421 0 0
236 421 0 0
235 421 0 0
234 421 0 0
207 421 0 1
206 421 0 1
205 421 0 1
204 421 0 1
179 421 0 0
178 421 0 0
177 421 0 0
176 421 0 0
239 420 0 0
238 420 0 0
237 420 0 0
236 420 0 0
235 420 0 0
234 420 0 0
207 420 0 1
206 420 0 1
205 420 0 1
204 420 0 1
179 420 0 0
178 420 0 0
177 420 0 0
176 420 0 0
239 419 0 0
238 419 0 0
237 419 0 0
236 419 0 0
235 419 0 0
234 419 0 0
207 419 0 1
206 419 0 1
205 419 0 1
204 419 0 1
179 419 0 0
178 419 0 0
177 419 0 0
176 419 0 0
240 418 0 0
239 418 0 0
238 418 0 0
237 418 0 0
236 418 0 0
235 418 0 0
207 418 0 1
206 418 0 1
205 418 0 1
204 418 0 1
179 418 0 0
178 418 0 0
177 418 0 0
176 418 0 0
240 417 0 0
239 417 0 0
238 417 0 0
237 417 0 0
236 417 0 0
235 417 0 0
207 417 0 1
206 417 0 1
205 417 0 1
204 417 0 1
179 417 0 0
178 417 0 0
177 417 0 0
176 417 0 0
241 416 0 0
240 416 0 0
239 416 0 0
238 416 0 0
237 416 0 0
236 416 0 0
207 416 0 1
206 416 0 1
205 416 0 1
204 416 0 1
179 416 0 0
178 416 0 0
177 416 0 0
176 416 0 0
241 415 0 0
240 415 0 0
239 415 0 0
238 415 0 0
237 415 0 0
236 415 0 0
207 415 0 1
206 415 0 1
205 415 0 1
204 415 0 1
179 415 0 0
178 415 0 0
177 415 0 0
176 415 0 0
242 414 0 0
241 414 0 0
240 414 0 0
239 414 0 0
238 414 0 0
237 414 0 0
207 414 0 1
206 414 0 1
205 414 0 1
204 414 0 1
179 414 0 0
178 414 0 0
177 414 0 0
176 414 0 0
242 413 0 0
241 413 0 0
240 413 0 0
239 413 0 0
238 413 0 0
237 413 0 0
207 413 0 1
206 413 0 1
205 413 0 1
204 413 0 1
179 413 0 0
178 413 0 0
177 413 0 0
176 413 0 0
243 412 0 0
242 412 0 0
241 412 0 0
240 412 0 0
239 412 0 0
238 412 0 0
207 412 0 1
206 412 0 1
205 412 0 1
204 412 0 1
179 412 0 0
178 412 0 0
177 412 0 0
176 412 0 0
243 411 0 0
242 411 0 0
241 411 0 0
240 411 0 0
239 411 0 0
238 411 0 0
207 411 0 1
206 411 0 1
205 411 0 1
204 411 0 1
179 411 0 0
178 411 0 0
177 411 0 0
176 411 0 0
244 410 0 0
243 410 0 0
242 410 0 0
241 410 0 0
240 410 0 0
239 410 0 0
207 410 0 1
206 410 0 1
205 410 0 1
204 410 0 1
179 410 0 0
178 410 0 0
177 410 0 0
176 410 0 0
245 409 0 0
244 409 0 0
243 409 0 0
242 409 0 0
241 409 0 0
240 409 0 0
207 409 0 1
206 409 0 1
205 409 0 1
204 409 0 1
179 409 0 0
178 409 0 0
177 409 0 0
176 409 0 0
245 408 0 0
244 408 0 0
243 408 0 0
242 408 0 0
241 408 0 0
240 408 0 0
207 408 0 1
206 408 0 1
205 408 0 1
204 408 0 1
179 408 0 0
178 408 0 0
177 408 0 0
176 408 0 0
245 407 0 0
244 407 0 0
243 407 0 0
242 407 0 0
241 407 0 0
207 407 0 1
206 407 0 1
205 407 0 1
204 407 0 1
179 407 0 0
178 407 0 0
177 407 0 0
176 407 0 0
246 406 0 0
245 406 0 0
244 406 0 0
243 406 0 0
242 406 0 0
241 406 0 0
207 406 0 1
206 406 0 1
205 406 0 1
204 406 0 1
179 406 0 0
178 406 0 0
177 406 0 0
176 406 0 0
246 405 0 0
245 405 0 0
244 405 0 0
243 405 0 0
242 405 0 0
207 405 0 1
206 405 0 1
205 405 0 1
204 405 0 1
179 405 0 0
178 405 0 0
177 405 0 0
176 405 0 0
247 404 0 0
246 404 0 0
245 404 0 0
244 404 0 0
243 404 0 0
242 404 0 0
207 404 0 1
206 404 0 1
205 404 0 1
204 404 0 1
179 404 0 0
178 404 0 0
177 404 0 0
176 404 0 0
175 404 0 0
247 403 0 0
246 403 0 0
245 403 0 0
244 403 0 0
243 403 0 0
207 403 0 1
206 403 0 1
205 403 0 1
204 403 0 1
179 403 0 0
178 403 0 0
177 403 0 0
176 403 0 0
175 403 0 0
248 402 0 0
247 402 0 0
246 402 0 0
245 402 0 0
244 402 0 0
243 402 0 0
207 402 0 1
206 402 0 1
205 402 0 1
204 402 0 1
179 402 0 0
178 402 0 0
177 402 0 0
176 402 0 0
175 402 0 0
248 401 0 0
247 401 0 0
246 401 0 0
245 401 0 0
244 401 0 0
243 401 0 0
207 401 0 1
206 401 0 1
205 401 0 1
204 401 0 1
179 401 0 0
178 401 0 0
177 401 0 0
176 401 0 0
175 401 0 0
248 400 0 0
247 400 0 0
246 400 0 0
245 400 0 0
244 400 0 0
207 400 0 1
206 400 0 1
205 400 0 1
204 400 0 1
179 400 0 0
178 400 0 0
177 400 0 0
176 400 0 0
175 400 0 0
248 399 0 0
247 399 0 0
246 399 0 0
245 399 0 0
244 399 0 0
207 399 0 1
206 399 0 1
205 399 0 1
204 399 0 1
179 399 0 0
178 399 0 0
177 399 0 0
176 399 0 0
175 399 0 0
249 398 0 0
248 398 0 0
247 398 0 0
246 398 0 0
245 398 0 0
244 398 0 0
207 398 0 1
206 398 0 1
205 398 0 1
204 398 0 1
179 398 0 0
178 398 0 0
177 398 0 0
176 398 0 0
175 398 0 0
174 398 0 0
249 397 0 0
248 397 0 0
247 397 0 0
246 397 0 0
245 397 0 0
207 397 0 1
206 397 0 1
205 397 0 1
204 397 0 1
178 397 0 0
177 397 0 0
176 397 0 0
175 397 0 0
174 397 0 0
249 396 0 0
248 396 0 0
247 396 0 0
246 396 0 0
245 396 0 0
207 396 0 1
206 396 0 1
205 396 0 1
204 396 0 1
178 396 0 0
177 396 0 0
176 396 0 0
175 396 0 0
174 396 0 0
250 395 0 0
249 395 0 0
248 395 0 0
247 395 0 0
246 395 0 0
245 395 0 0
207 395 0 1
206 395 0 1
205 395 0 1
204 395 0 1
178 395 0 0
177 395 0 0
176 395 0 0
175 395 0 0
174 395 0 0
250 394 0 0
249 394 0 0
248 394 0 0
247 394 0 0
246 394 0 0
245 394 0 0
207 394 0 1
206 394 0 1
205 394 0 1
204 394 0 1
178 394 0 0
177 394 0 0
176 394 0 0
175 394 0 0
174 394 0 0
250 393 0 0
249 393 0 0
248 393 0 0
247 393 0 0
246 393 0 0
207 393 0 1
206 393 0 1
205 393 0 1
204 393 0 1
178 393 0 0
177 393 0 0
176 393 0 0
175 393 0 0
174 393 0 0
173 393 0 0
250 392 0 0
249 392 0 0
248 392 0 0
247 392 0 0
246 392 0 0
207 392 0 1
206 392 0 1
205 392 0 1
204 392 0 1
177 392 0 0
176 392 0 0
175 392 0 0
174 392 0 0
173 392 0 0
251 391 0 0
250 391 0 0
249 391 0 0
248 391 0 0
247 391 0 0
246 391 0 0
207 391 0 1
206 391 0 1
205 391 0 1
204 391 0 1
177 391 0 0
176 391 0 0
175 391 0 0
174 391 0 0
173 391 0 0
251 390 0 0
250 390 0 0
249 390 0 0
248 390 0 0
247 390 0 0
207 390 0 1
206 390 0 1
205 390 0 1
204 390 0 1
177 390 0 0
176 390 0 0
175 390 0 0
174 390 0 0
173 390 0 0
251 389 0 0
250 389 0 0
249 389 0 0
248 389 0 0
247 389 0 0
207 389 0 1
206 389 0 1
205 389 0 1
204 389 0 1
177 389 0 0
176 389 0 0
175 389 0 0
174 389 0 0
173 389 0 0
252 388 0 0
251 388 0 0
250 388 0 0
249 388 0 0
248 388 0 0
247 388 0 0
207 388 0 1
206 388 0 1
205 388 0 1
204 388 0 1
177 388 0 0
176 388 0 0
175 388 0 0
174 388 0 0
173 388 0 0
172 388 0 0
252 387 0 0
251 387 0 0
250 387 0 0
249 387 0 0
248 387 0 0
247 387 0 0
207 387 0 1
206 387 0 1
205 387 0 1
204 387 0 1
176 387 0 0
175 387 0 0
174 387 0 0
173 387 0 0
172 387 0 0
252 386 0 0
251 386 0 0
250 386 0 0
249 386 0 0
248 386 0 0
207 386 0 1
206 386 0 1
205 386 0 1
204 386 0 1
176 386 0 0
175 386 0 0
174 386 0 0
173 386 0 0
172 386 0 0
252 385 0 0
251 385 0 0
250 385 0 0
249 385 0 0
248 385 0 0
207 385 0 1
206 385 0 1
205 385 0 1
204 385 0 1
176 385 0 0
175 385 0 0
174 385 0 0
173 385 0 0
172 385 0 0
252 384 0 0
251 384 0 0
250 384 0 0
249 384 0 0
248 384 0 0
207 384 0 1
206 384 0 1
205 384 0 1
204 384 0 1
176 384 0 0
175 384 0 0
174 384 0 0
173 384 0 0
172 384 0 0
253 383 0 0
252 383 0 0
251 383 0 0
250 383 0 0
249 383 0 0
248 383 0 0
207 383 0 1
206 383 0 1
205 383 0 1
204 383 0 1
176 383 0 0
175 383 0 0
174 383 0 0
173 383 0 0
172 383 0 0
253 382 0 0
252 382 0 0
251 382 0 0
250 382 0 0
249 382 0 0
248 382 0 0
208 382 0 1
207 382 0 1
206 382 0 1
205 382 0 1
204 382 0 1
176 382 0 0
175 382 0 0
174 382 0 0
173 382 0 0
172 382 0 0
253 381 0 0
252 381 0 0
251 381 0 0
250 381 0 0
249 381 0 0
208 381 0 1
207 381 0 1
206 381 0 1
205 381 0 1
204 381 0 1
176 381 0 0
175 381 0 0
174 381 0 0
173 381 0 0
172 381 0 0
171 381 0 0
254 380 0 0
253 380 0 0
252 380 0 0
251 380 0 0
250 380 0 0
249 380 0 0
208 380 0 1
207 380 0 1
206 380 0 1
205 380 0 1
204 380 0 1
175 380 0 0
174 380 0 0
173 380 0 0
172 380 0 0
171 380 0 0
254 379 0 0
253 379 0 0
252 379 0 0
251 379 0 0
250 379 0 0
208 379 0 1
207 379 0 1
206 379 0 1
205 379 0 1
204 379 0 1
175 379 0 0
174 379 0 0
173 379 0 0
172 379 0 0
171 379 0 0
255 378 0 0
254 378 0 0
253 378 0 0
252 378 0 0
251 378 0 0
250 378 0 0
208 378 0 1
207 378 0 1
206 378 0 1
205 378 0 1
204 378 0 1
175 378 0 0
174 378 0 0
173 378 0 0
172 378 0 0
171 378 0 0
170 378 0 0
255 377 0 0
254 377 0 0
253 377 0 0
252 377 0 0
251 377 0 0
250 377 0 0
208 377 0 1
207 377 0 1
206 377 0 1
205 377 0 1
204 377 0 1
175 377 0 0
174 377 0 0
173 377 0 0
172 377 0 0
171 377 0 0
170 377 0 0
256 376 0 0
255 376 0 0
254 376 0 0
253 376 0 0
252 376 0 0
251 376 0 0
208 376 0 1
207 376 0 1
206 376 0 1
205 376 0 1
174 376 0 0
173 376 0 0
172 376 0 0
171 376 0 0
170 376 0 0
257 375 0 0
256 375 0 0
255 375 0 0
254 375 0 0
253 375 0 0
252 375 0 0
251 375 0 0
208 375 0 1
207 375 0 1
206 375 0 1
205 375 0 1
174 375 0 0
173 375 0 0
172 375 0 0
171 375 0 0
170 375 0 0
257 374 0 0
256 374 0 0
255 374 0 0
254 374 0 0
253 374 0 0
252 374 0 0
208 374 0 1
207 374 0 1
206 374 0 1
205 374 0 1
174 374 0 0
173 374 0 0
172 374 0 0
171 374 0 0
170 374 0 0
169 374 0 0
258 373 0 0
257 373 0 0
256 373 0 0
255 373 0 0
254 373 0 0
253 373 0 0
208 373 0 1
207 373 0 1
206 373 0 1
205 373 0 1
173 373 0 0
172 373 0 0
171 373 0 0
170 373 0 0
169 373 0 0
258 372 0 0
257 372 0 0
256 372 0 0
255 372 0 0
254 372 0 0
253 372 0 0
208 372 0 1
207 372 0 1
206 372 0 1
205 372 0 1
173 372 0 0
172 372 0 0
171 372 0 0
170 372 0 0
169 372 0 0
258 371 0 0
257 371 0 0
256 371 0 0
255 371 0 0
254 371 0 0
208 371 0 1
207 371 0 1
206 371 0 1
205 371 0 1
173 371 0 0
172 371 0 0
171 371 0 0
170 371 0 0
169 371 0 0
259 370 0 0
258 370 0 0
257 370 0 0
256 370 0 0
255 370 0 0
254 370 0 0
208 370 0 1
207 370 0 1
206 370 0 1
205 370 0 1
173 370 0 0
172 370 0 0
171 370 0 0
170 370 0 0
169 370 0 0
260 369 0 0
259 369 0 0
258 369 0 0
257 369 0 0
256 369 0 0
255 369 0 0
254 369 0 0
208 369 0 1
207 369 0 1
206 369 0 1
205 369 0 1
173 369 0 0
172 369 0 0
171 369 0 0
170 369 0 0
169 369 0 0
260 368 0 0
259 368 0 0
258 368 0 0
257 368 0 0
256 368 0 0
255 368 0 0
208 368 0 1
207 368 0 1
206 368 0 1
205 368 0 1
173 368 0 0
172 368 0 0
171 368 0 0
170 368 0 0
169 368 0 0
168 368 0 0
260 367 0 0
259 367 0 0
258 367 0 0
257 367 0 0
256 367 0 0
255 367 0 0
208 367 0 1
207 367 0 1
206 367 0 1
205 367 0 1
172 367 0 0
171 367 0 0
170 367 0 0
169 367 0 0
168 367 0 0
260 366 0 0
259 366 0 0
258 366 0 0
257 366 0 0
256 366 0 0
208 366 0 1
207 366 0 1
206 366 0 1
205 366 0 1
172 366 0 0
171 366 0 0
170 366 0 0
169 366 0 0
168 366 0 0
257 365 0 0
256 365 0 0
255 365 0 0
254 365 0 0
208 365 0 1
207 365 0 1
206 365 0 1
205 365 0 1
172 365 0 0
171 365 0 0
170 365 0 0
169 365 0 0
168 365 0 0
167 365 0 0
257 364 0 0
256 364 0 0
255 364 0 0
254 364 0 0
208 364 0 1
207 364 0 1
206 364 0 1
205 364 0 1
172 364 0 0
171 364 0 0
170 364 0 0
169 364 0 0
168 364 0 0
167 364 0 0
257 363 0 0
256 363 0 0
255 363 0 0
254 363 0 0
208 363 0 1
207 363 0 1
206 363 0 1
205 363 0 1
171 363 0 0
170 363 0 0
169 363 0 0
168 363 0 0
167 363 0 0
257 362 0 0
256 362 0 0
255 362 0 0
254 362 0 0
208 362 0 1
207 362 0 1
206 362 0 1
205 362 0 1
171 362 0 0
170 362 0 0
169 362 0 0
168 362 0 0
167 362 0 0
257 361 0 0
256 361 0 0
255 361 0 0
254 361 0 0
208 361 0 1
207 361 0 1
206 361 0 1
205 361 0 1
171 361 0 0
170 361 0 0
169 361 0 0
168 361 0 0
167 361 0 0
257 360 0 0
256 360 0 0
255 360 0 0
254 360 0 0
208 360 0 1
207 360 0 1
206 360 0 1
205 360 0 1
171 360 0 0
170 360 0 0
169 360 0 0
168 360 0 0
167 360 0 0
166 360 0 0
257 359 0 0
256 359 0 0
255 359 0 0
254 359 0 0
208 359 0 1
207 359 0 1
206 359 0 1
205 359 0 1
171 359 0 0
170 359 0 0
169 359 0 0
168 359 0 0
167 359 0 0
166 359 0 0
257 358 0 0
256 358 0 0
255 358 0 0
254 358 0 0
208 358 0 1
207 358 0 1
206 358 0 1
205 358 0 1
170 358 0 0
169 358 0 0
168 358 0 0
167 358 0 0
166 358 0 0
257 357 0 0
256 357 0 0
255 357 0 0
254 357 0 0
208 357 0 1
207 357 0 1
206 357 0 1
205 357 0 1
170 357 0 0
169 357 0 0
168 357 0 0
167 357 0 0
166 357 0 0
165 357 0 0
257 356 0 0
256 356 0 0
255 356 0 0
254 356 0 0
208 356 0 1
207 356 0 1
206 356 0 1
205 356 0 1
170 356 0 0
169 356 0 0
168 356 0 0
167 356 0 0
166 356 0 0
165 356 0 0
257 355 0 0
256 355 0 0
255 355 0 0
254 355 0 0
208 355 0 1
207 355 0 1
206 355 0 1
205 355 0 1
169 355 0 0
168 355 0 0
167 355 0 0
166 355 0 0
165 355 0 0
257 354 0 0
256 354 0 0
255 354 0 0
254 354 0 0
208 354 0 1
207 354 0 1
206 354 0 1
205 354 0 1
169 354 0 0
168 354 0 0
167 354 0 0
166 354 0 0
165 354 0 0
164 354 0 0
257 353 0 0
256 353 0 0
255 353 0 0
254 353 0 0
208 353 0 1
207 353 0 1
206 353 0 1
205 353 0 1
169 353 0 0
168 353 0 0
167 353 0 0
166 353 0 0
165 353 0 0
164 353 0 0
257 352 0 0
256 352 0 0
255 352 0 0
254 352 0 0
208 352 0 1
207 352 0 1
206 352 0 1
205 352 0 1
168 352 0 0
167 352 0 0
166 352 0 0
165 352 0 0
164 352 0 0
257 351 0 0
256 351 0 0
255 351 0 0
254 351 0 0
208 351 0 1
207 351 0 1
206 351 0 1
205 351 0 1
168 351 0 0
167 351 0 0
166 351 0 0
165 351 0 0
164 351 0 0
257 350 0 0
256 350 0 0
255 350 0 0
254 350 0 0
208 350 0 1
207 350 0 1
206 350 0 1
205 350 0 1
168 350 0 0
167 350 0 0
166 350 0 0
165 350 0 0
164 350 0 0
163 350 0 0
257 349 0 0
256 349 0 0
255 349 0 0
254 349 0 0
208 349 0 1
207 349 0 1
206 349 0 1
205 349 0 1
168 349 0 0
167 349 0 0
166 349 0 0
165 349 0 0
164 349 0 0
163 349 0 0
257 348 0 0
256 348 0 0
255 348 0 0
254 348 0 0
208 348 0 1
207 348 0 1
206 348 0 1
205 348 0 1
167 348 0 0
166 348 0 0
165 348 0 0
164 348 0 0
163 348 0 0
257 347 0 0
256 347 0 0
255 347 0 0
254 347 0 0
208 347 0 1
207 347 0 1
206 347 0 1
205 347 0 1
167 347 0 0
166 347 0 0
165 347 0 0
164 347 0 0
163 347 0 0
162 347 0 0
257 346 0 0
256 346 0 0
255 346 0 0
254 346 0 0
208 346 0 1
207 346 0 1
206 346 0 1
205 346 0 1
167 346 0 0
166 346 0 0
165 346 0 0
164 346 0 0
163 346 0 0
162 346 0 0
257 345 0 0
256 345 0 0
255 345 0 0
254 345 0 0
208 345 0 1
207 345 0 1
206 345 0 1
205 345 0 1
166 345 0 0
165 345 0 0
164 345 0 0
163 345 0 0
162 345 0 0
257 344 0 0
256 344 0 0
255 344 0 0
254 344 0 0
208 344 0 1
207 344 0 1
206 344 0 1
205 344 0 1
166 344 0 0
165 344 0 0
164 344 0 0
163 344 0 0
162 344 0 0
257 343 0 0
256 343 0 0
255 343 0 0
254 343 0 0
208 343 0 1
207 343 0 1
206 343 0 1
205 343 0 1
166 343 0 0
165 343 0 0
164 343 0 0
163 343 0 0
162 343 0 0
161 343 0 0
258 342 0 0
257 342 0 0
256 342 0 0
255 342 0 0
254 342 0 0
208 342 0 1
207 342 0 1
206 342 0 1
205 342 0 1
166 342 0 0
165 342 0 0
164 342 0 0
163 342 0 0
162 342 0 0
161 342 0 0
258 341 0 0
257 341 0 0
256 341 0 0
255 341 0 0
254 341 0 0
208 341 0 1
207 341 0 1
206 341 0 1
205 341 0 1
165 341 0 0
164 341 0 0
163 341 0 0
162 341 0 0
161 341 0 0
258 340 0 0
257 340 0 0
256 340 0 0
255 340 0 0
254 340 0 0
208 340 0 1
207 340 0 1
206 340 0 1
205 340 0 1
165 340 0 0
164 340 0 0
163 340 0 0
162 340 0 0
161 340 0 0
160 340 0 0
159 340 0 0
258 339 0 0
257 339 0 0
256 339 0 0
255 339 0 0
254 339 0 0
208 339 0 1
207 339 0 1
206 339 0 1
205 339 0 1
165 339 0 0
164 339 0 0
163 339 0 0
162 339 0 0
161 339 0 0
160 339 0 0
159 339 0 0
158 339 0 0
258 338 0 0
257 338 0 0
256 338 0 0
255 338 0 0
254 338 0 0
208 338 0 1
207 338 0 1
206 338 0 1
205 338 0 1
164 338 0 0
163 338 0 0
162 338 0 0
161 338 0 0
160 338 0 0
159 338 0 0
158 338 0 0
259 337 0 0
258 337 0 0
257 337 0 0
256 337 0 0
255 337 0 0
254 337 0 0
208 337 0 1
207 337 0 1
206 337 0 1
205 337 0 1
164 337 0 0
163 337 0 0
162 337 0 0
161 337 0 0
160 337 0 0
159 337 0 0
158 337 0 0
259 336 0 0
258 336 0 0
257 336 0 0
256 336 0 0
255 336 0 0
254 336 0 0
208 336 0 1
207 336 0 1
206 336 0 1
205 336 0 1
162 336 0 0
161 336 0 0
160 336 0 0
159 336 0 0
158 336 0 0
260 335 0 0
259 335 0 0
258 335 0 0
257 335 0 0
256 335 0 0
255 335 0 0
208 335 0 1
207 335 0 1
206 335 0 1
205 335 0 1
162 335 0 0
161 335 0 0
160 335 0 0
159 335 0 0
158 335 0 0
261 334 0 0
260 334 0 0
259 334 0 0
258 334 0 0
257 334 0 0
256 334 0 0
208 334 0 1
207 334 0 1
206 334 0 1
205 334 0 1
162 334 0 0
161 334 0 0
160 334 0 0
159 334 0 0
158 334 0 0
157 334 0 0
261 333 0 0
260 333 0 0
259 333 0 0
258 333 0 0
257 333 0 0
256 333 0 0
208 333 0 1
207 333 0 1
206 333 0 1
205 333 0 1
162 333 0 0
161 333 0 0
160 333 0 0
159 333 0 0
158 333 0 0
157 333 0 0
261 332 0 0
260 332 0 0
259 332 0 0
258 332 0 0
257 332 0 0
208 332 0 1
207 332 0 1
206 332 0 1
205 332 0 1
161 332 0 0
160 332 0 0
159 332 0 0
158 332 0 0
157 332 0 0
261 331 0 0
260 331 0 0
259 331 0 0
258 331 0 0
257 331 0 0
208 331 0 1
207 331 0 1
206 331 0 1
205 331 0 1
161 331 0 0
160 331 0 0
159 331 0 0
158 331 0 0
157 331 0 0
156 331 0 0
261 330 0 0
260 330 0 0
259 330 0 0
258 330 0 0
208 330 0 1
207 330 0 1
206 330 0 1
205 330 0 1
160 330 0 0
159 330 0 0
158 330 0 0
157 330 0 0
156 330 0 0
262 329 0 0
261 329 0 0
260 329 0 0
259 329 0 0
258 329 0 0
208 329 0 1
207 329 0 1
206 329 0 1
205 329 0 1
160 329 0 0
159 329 0 0
158 329 0 0
157 329 0 0
156 329 0 0
155 329 0 0
263 328 0 0
262 328 0 0
261 328 0 0
260 328 0 0
259 328 0 0
258 328 0 0
208 328 0 1
207 328 0 1
206 328 0 1
205 328 0 1
160 328 0 0
159 328 0 0
158 328 0 0
157 328 0 0
156 328 0 0
155 328 0 0
264 327 0 0
263 327 0 0
262 327 0 0
261 327 0 0
260 327 0 0
259 327 0 0
258 327 0 0
208 327 0 1
207 327 0 1
206 327 0 1
205 327 0 1
159 327 0 0
158 327 0 0
157 327 0 0
156 327 0 0
155 327 0 0
154 327 0 0
265 326 0 0
264 326 0 0
263 326 0 0
262 326 0 0
261 326 0 0
260 326 0 0
259 326 0 0
208 326 0 1
207 326 0 1
206 326 0 1
205 326 0 1
159 326 0 0
158 326 0 0
157 326 0 0
156 326 0 0
155 326 0 0
154 326 0 0
265 325 0 0
264 325 0 0
263 325 0 0
262 325 0 0
261 325 0 0
260 325 0 0
208 325 0 1
207 325 0 1
206 325 0 1
205 325 0 1
158 325 0 0
157 325 0 0
156 325 0 0
155 325 0 0
154 325 0 0
153 325 0 0
266 324 0 0
265 324 0 0
264 324 0 0
263 324 0 0
262 324 0 0
261 324 0 0
208 324 0 1
207 324 0 1
206 324 0 1
205 324 0 1
157 324 0 0
156 324 0 0
155 324 0 0
154 324 0 0
153 324 0 0
152 324 0 0
266 323 0 0
265 323 0 0
264 323 0 0
263 323 0 0
262 323 0 0
208 323 0 1
207 323 0 1
206 323 0 1
205 323 0 1
157 323 0 0
156 323 0 0
155 323 0 0
154 323 0 0
153 323 0 0
152 323 0 0
267 322 0 0
266 322 0 0
265 322 0 0
264 322 0 0
263 322 0 0
262 322 0 0
208 322 0 1
207 322 0 1
206 322 0 1
205 322 0 1
156 322 0 0
155 322 0 0
154 322 0 0
153 322 0 0
152 322 0 0
151 322 0 0
268 321 0 0
267 321 0 0
266 321 0 0
265 321 0 0
264 321 0 0
263 321 0 0
208 321 0 1
207 321 0 1
206 321 0 1
205 321 0 1
156 321 0 0
155 321 0 0
154 321 0 0
153 321 0 0
152 321 0 0
151 321 0 0
269 320 0 0
268 320 0 0
267 320 0 0
266 320 0 0
265 320 0 0
264 320 0 0
263 320 0 0
208 320 0 1
207 320 0 1
206 320 0 1
205 320 0 1
155 320 0 0
154 320 0 0
153 320 0 0
152 320 0 0
151 320 0 0
271 319 0 0
270 319 0 0
269 319 0 0
268 319 0 0
267 319 0 0
266 319 0 0
265 319 0 0
264 319 0 0
263 319 0 0
208 319 0 1
207 319 0 1
206 319 0 1
205 319 0 1
155 319 0 0
154 319 0 0
153 319 0 0
152 319 0 0
151 319 0 0
275 318 0 0
274 318 0 0
273 318 0 0
272 318 0 0
271 318 0 0
270 318 0 0
269 318 0 0
268 318 0 0
267 318 0 0
266 318 0 0
265 318 0 0
208 318 0 1
207 318 0 1
206 318 0 1
205 318 0 1
155 318 0 0
154 318 0 0
153 318 0 0
152 318 0 0
151 318 0 0
150 318 0 0
277 317 0 0
276 317 0 0
275 317 0 0
274 317 0 0
273 317 0 0
272 317 0 0
271 317 0 0
270 317 0 0
269 317 0 0
268 317 0 0
267 317 0 0
266 317 0 0
208 317 0 1
207 317 0 1
206 317 0 1
205 317 0 1
154 317 0 0
153 317 0 0
152 317 0 0
151 317 0 0
150 317 0 0
149 317 0 0
277 316 0 0
276 316 0 0
275 316 0 0
274 316 0 0
273 316 0 0
272 316 0 0
271 316 0 0
270 316 0 0
269 316 0 0
268 316 0 0
267 316 0 0
208 316 0 1
207 316 0 1
206 316 0 1
205 316 0 1
154 316 0 0
153 316 0 0
152 316 0 0
151 316 0 0
150 316 0 0
149 316 0 0
148 316 0 0
277 315 0 0
276 315 0 0
275 315 0 0
274 315 0 0
273 315 0 0
272 315 0 0
271 315 0 0
270 315 0 0
269 315 0 0
268 315 0 0
208 315 0 1
207 315 0 1
206 315 0 1
205 315 0 1
204 315 0 1
153 315 0 0
152 315 0 0
151 315 0 0
150 315 0 0
149 315 0 0
148 315 0 0
277 314 0 0
276 314 0 0
275 314 0 0
274 314 0 0
273 314 0 0
208 314 0 1
207 314 0 1
206 314 0 1
205 314 0 1
204 314 0 1
152 314 0 0
151 314 0 0
150 314 0 0
149 314 0 0
148 314 0 0
277 313 0 0
276 313 0 0
275 313 0 0
274 313 0 0
208 313 0 1
207 313 0 1
206 313 0 1
205 313 0 1
204 313 0 1
203 313 0 1
152 313 0 0
151 313 0 0
150 313 0 0
149 313 0 0
148 313 0 0
147 313 0 0
208 312 0 1
207 312 0 1
206 312 0 1
205 312 0 1
204 312 0 1
203 312 0 1
152 312 0 0
151 312 0 0
150 312 0 0
149 312 0 0
148 312 0 0
147 312 0 0
207 311 0 1
206 311 0 1
205 311 0 1
204 311 0 1
203 311 0 1
202 311 0 1
151 311 0 0
150 311 0 0
149 311 0 0
148 311 0 0
147 311 0 0
146 311 0 0
206 310 0 1
205 310 0 1
204 310 0 1
203 310 0 1
202 310 0 1
151 310 0 0
150 310 0 0
149 310 0 0
148 310 0 0
147 310 0 0
146 310 0 0
206 309 0 1
205 309 0 1
204 309 0 1
203 309 0 1
202 309 0 1
150 309 0 0
149 309 0 0
148 309 0 0
147 309 0 0
146 309 0 0
145 309 0 0
206 308 0 1
205 308 0 1
204 308 0 1
203 308 0 1
202 308 0 1
150 308 0 0
149 308 0 0
148 308 0 0
147 308 0 0
146 308 0 0
145 308 0 0
205 307 0 1
204 307 0 1
203 307 0 1
202 307 0 1
149 307 0 0
148 307 0 0
147 307 0 0
146 307 0 0
145 307 0 0
205 306 0 1
204 306 0 1
203 306 0 1
202 306 0 1
149 306 0 0
148 306 0 0
147 306 0 0
146 306 0 0
145 306 0 0
205 305 0 1
204 305 0 1
203 305 0 1
202 305 0 1
149 305 0 0
148 305 0 0
147 305 0 0
146 305 0 0
145 305 0 0
205 304 0 1
204 304 0 1
203 304 0 1
202 304 0 1
148 304 0 0
147 304 0 0
146 304 0 0
145 304 0 0
205 303 0 1
204 303 0 1
203 303 0 1
202 303 0 1
201 303 0 1
205 302 0 1
204 302 0 1
203 302 0 1
202 302 0 1
201 302 0 1
205 301 0 1
204 301 0 1
203 301 0 1
202 301 0 1
201 301 0 1
205 300 0 1
204 300 0 1
203 300 0 1
202 300 0 1
201 300 0 1
205 299 0 1
204 299 0 1
203 299 0 1
202 299 0 1
201 299 0 1
205 298 0 1
204 298 0 1
203 298 0 1
202 298 0 1
201 298 0 1
205 297 0 1
204 297 0 1
203 297 0 1
202 297 0 1
201 297 0 1
205 296 0 1
204 296 0 1
203 296 0 1
202 296 0 1
201 296 0 1
205 295 0 1
204 295 0 1
203 295 0 1
202 295 0 1
201 295 0 1
200 295 0 1
204 294 0 1
203 294 0 1
202 294 0 1
201 294 0 1
200 294 0 1
204 293 0 1
203 293 0 1
202 293 0 1
201 293 0 1
200 293 0 1
204 292 0 1
203 292 0 1
202 292 0 1
201 292 0 1
200 292 0 1
204 291 0 1
203 291 0 1
202 291 0 1
201 291 0 1
200 291 0 1
204 290 0 1
203 290 0 1
202 290 0 1
201 290 0 1
200 290 0 1
199 290 0 1
204 289 0 1
203 289 0 1
202 289 0 1
201 289 0 1
200 289 0 1
199 289 0 1
203 288 0 1
202 288 0 1
201 288 0 1
200 288 0 1
199 288 0 1
203 287 0 1
202 287 0 1
201 287 0 1
200 287 0 1
199 287 0 1
203 286 0 1
202 286 0 1
201 286 0 1
200 286 0 1
199 286 0 1
203 285 0 1
202 285 0 1
201 285 0 1
200 285 0 1
199 285 0 1
203 284 0 1
202 284 0 1
201 284 0 1
200 284 0 1
199 284 0 1
202 283 0 1
201 283 0 1
200 283 0 1
199 283 0 1
202 282 0 1
201 282 0 1
200 282 0 1
199 282 0 1
239 281 0 1
238 281 0 1
237 281 0 1
236 281 0 1
202 281 0 1
201 281 0 1
200 281 0 1
199 281 0 1
239 280 0 1
238 280 0 1
237 280 0 1
236 280 0 1
202 280 0 1
201 280 0 1
200 280 0 1
199 280 0 1
239 279 0 1
238 279 0 1
237 279 0 1
236 279 0 1
202 279 0 1
201 279 0 1
200 279 0 1
199 279 0 1
239 278 0 1
238 278 0 1
237 278 0 1
236 278 0 1
202 278 0 1
201 278 0 1
200 278 0 1
199 278 0 1
198 278 0 1
239 277 0 1
238 277 0 1
237 277 0 1
236 277 0 1
202 277 0 1
201 277 0 1
200 277 0 1
199 277 0 1
198 277 0 1
239 276 0 1
238 276 0 1
237 276 0 1
236 276 0 1
202 276 0 1
201 276 0 1
200 276 0 1
199 276 0 1
198 276 0 1
239 275 0 1
238 275 0 1
237 275 0 1
236 275 0 1
202 275 0 1
201 275 0 1
200 275 0 1
199 275 0 1
198 275 0 1
239 274 0 1
238 274 0 1
237 274 0 1
236 274 0 1
202 274 0 1
201 274 0 1
200 274 0 1
199 274 0 1
198 274 0 1
239 273 0 1
238 273 0 1
237 273 0 1
236 273 0 1
202 273 0 1
201 273 0 1
200 273 0 1
199 273 0 1
198 273 0 1
239 272 0 1
238 272 0 1
237 272 0 1
236 272 0 1
202 272 0 1
201 272 0 1
200 272 0 1
199 272 0 1
198 272 0 1
239 271 0 1
238 271 0 1
237 271 0 1
236 271 0 1
201 271 0 1
200 271 0 1
199 271 0 1
198 271 0 1
239 270 0 1
238 270 0 1
237 270 0 1
236 270 0 1
235 270 0 1
201 270 0 1
200 270 0 1
199 270 0 1
198 270 0 1
239 269 0 1
238 269 0 1
237 269 0 1
236 269 0 1
235 269 0 1
201 269 0 1
200 269 0 1
199 269 0 1
198 269 0 1
239 268 0 1
238 268 0 1
237 268 0 1
236 268 0 1
235 268 0 1
234 268 0 1
201 268 0 1
200 268 0 1
199 268 0 1
198 268 0 1
239 267 0 1
238 267 0 1
237 267 0 1
236 267 0 1
235 267 0 1
234 267 0 1
201 267 0 1
200 267 0 1
199 267 0 1
198 267 0 1
238 266 0 1
237 266 0 1
236 266 0 1
235 266 0 1
234 266 0 1
201 266 0 1
200 266 0 1
199 266 0 1
198 266 0 1
238 265 0 1
237 265 0 1
236 265 0 1
235 265 0 1
234 265 0 1
201 265 0 1
200 265 0 1
199 265 0 1
198 265 0 1
238 264 0 1
237 264 0 1
236 264 0 1
235 264 0 1
234 264 0 1
233 264 0 1
238 263 0 1
237 263 0 1
236 263 0 1
235 263 0 1
234 263 0 1
233 263 0 1
237 262 0 1
236 262 0 1
235 262 0 1
234 262 0 1
233 262 0 1
237 261 0 1
236 261 0 1
235 261 0 1
234 261 0 1
233 261 0 1
232 261 0 1
237 260 0 1
236 260 0 1
235 260 0 1
234 260 0 1
233 260 0 1
232 260 0 1
236 259 0 1
235 259 0 1
234 259 0 1
233 259 0 1
232 259 0 1
236 258 0 1
235 258 0 1
234 258 0 1
233 258 0 1
232 258 0 1
231 258 0 1
236 257 0 1
235 257 0 1
234 257 0 1
233 257 0 1
232 257 0 1
231 257 0 1
235 256 0 1
234 256 0 1
233 256 0 1
232 256 0 1
231 256 0 1
235 255 0 1
234 255 0 1
233 255 0 1
232 255 0 1
231 255 0 1
230 255 0 1
235 254 0 1
234 254 0 1
233 254 0 1
232 254 0 1
231 254 0 1
230 254 0 1
234 253 0 1
233 253 0 1
232 253 0 1
231 253 0 1
230 253 0 1
234 252 0 1
233 252 0 1
232 252 0 1
231 252 0 1
230 252 0 1
229 252 0 1
233 251 0 1
232 251 0 1
231 251 0 1
230 251 0 1
229 251 0 1
233 250 0 1
232 250 0 1
231 250 0 1
230 250 0 1
229 250 0 1
233 249 0 1
232 249 0 1
231 249 0 1
230 249 0 1
229 249 0 1
228 249 0 1
233 248 0 1
232 248 0 1
231 248 0 1
230 248 0 1
229 248 0 1
228 248 0 1
232 247 0 1
231 247 0 1
230 247 0 1
229 247 0 1
228 247 0 1
232 246 0 1
231 246 0 1
230 246 0 1
229 246 0 1
228 246 0 1
227 246 0 1
232 245 0 1
231 245 0 1
230 245 0 1
229 245 0 1
228 245 0 1
227 245 0 1
231 244 0 1
230 244 0 1
229 244 0 1
228 244 0 1
227 244 0 1
231 243 0 1
230 243 0 1
229 243 0 1
228 243 0 1
227 243 0 1
226 243 0 1
231 242 0 1
230 242 0 1
229 242 0 1
228 242 0 1
227 242 0 1
226 242 0 1
230 241 0 1
229 241 0 1
228 241 0 1
227 241 0 1
226 241 0 1
225 241 0 1
230 240 0 1
229 240 0 1
228 240 0 1
227 240 0 1
226 240 0 1
225 240 0 1
229 239 0 1
228 239 0 1
227 239 0 1
226 239 0 1
225 239 0 1
224 239 0 1
229 238 0 1
228 238 0 1
227 238 0 1
226 238 0 1
225 238 0 1
224 238 0 1
228 237 0 1
227 237 0 1
226 237 0 1
225 237 0 1
224 237 0 1
228 236 0 1
227 236 0 1
226 236 0 1
225 236 0 1
224 236 0 1
228 235 0 1
227 235 0 1
226 235 0 1
225 235 0 1
224 235 0 1
227 234 0 1
226 234 0 1
225 234 0 1
224 234 0 1
227 233 0 1
226 233 0 1
225 233 0 1
224 233 0 1
227 232 0 1
226 232 0 1
225 232 0 1
224 232 0 1
227 231 0 1
226 231 0 1
225 231 0 1
224 231 0 1
227 230 0 1
226 230 0 1
225 230 0 1
224 230 0 1
227 229 0 1
226 229 0 1
225 229 0 1
224 229 0 1
227 228 0 1
226 228 0 1
225 228 0 1
224 228 0 1
227 227 0 1
226 227 0 1
225 227 0 1
224 227 0 1
227 226 0 1
226 226 0 1
225 226 0 1
224 226 0 1
227 225 0 1
226 225 0 1
225 225 0 1
224 225 0 1
227 224 0 1
226 224 0 1
225 224 0 1
224 224 0 1
227 223 0 1
226 223 0 1
225 223 0 1
224 223 0 1
227 222 0 1
226 222 0 1
225 222 0 1
224 222 0 1
227 221 0 1
226 221 0 1
225 221 0 1
224 221 0 1
227 220 0 1
226 220 0 1
225 220 0 1
224 220 0 1
227 219 0 1
226 219 0 1
225 219 0 1
224 219 0 1
227 218 0 1
226 218 0 1
225 218 0 1
224 218 0 1
227 217 0 1
226 217 0 1
225 217 0 1
224 217 0 1
227 216 0 1
226 216 0 1
225 216 0 1
224 216 0 1
227 215 0 1
226 215 0 1
225 215 0 1
224 215 0 1
227 214 0 1
226 214 0 1
225 214 0 1
224 214 0 1
227 213 0 1
226 213 0 1
225 213 0 1
224 213 0 1
227 212 0 1
226 212 0 1
225 212 0 1
224 212 0 1
227 211 0 1
226 211 0 1
225 211 0 1
224 211 0 1
227 210 0 1
226 210 0 1
225 210 0 1
224 210 0 1
227 209 0 1
226 209 0 1
225 209 0 1
224 209 0 1
227 208 0 1
226 208 0 1
225 208 0 1
224 208 0 1
227 207 0 1
226 207 0 1
225 207 0 1
224 207 0 1
227 206 0 1
226 206 0 1
225 206 0 1
224 206 0 1
227 205 0 1
226 205 0 1
225 205 0 1
224 205 0 1
227 204 0 1
226 204 0 1
225 204 0 1
224 204 0 1
227 203 0 1
226 203 0 1
225 203 0 1
224 203 0 1
227 202 0 1
226 202 0 1
225 202 0 1
224 202 0 1
227 201 0 1
226 201 0 1
225 201 0 1
224 201 0 1
227 200 0 1
226 200 0 1
225 200 0 1
224 200 0 1
227 199 0 1
226 199 0 1
225 199 0 1
224 199 0 1
227 198 0 1
226 198 0 1
225 198 0 1
224 198 0 1
228 197 0 1
227 197 0 1
226 197 0 1
225 197 0 1
224 197 0 1
228 196 0 1
227 196 0 1
226 196 0 1
225 196 0 1
224 196 0 1
228 195 0 1
227 195 0 1
226 195 0 1
225 195 0 1
224 195 0 1
228 194 0 1
227 194 0 1
226 194 0 1
225 194 0 1
224 194 0 1
228 193 0 1
227 193 0 1
226 193 0 1
225 193 0 1
224 193 0 1
228 192 0 1
227 192 0 1
226 192 0 1
225 192 0 1
224 192 0 1
228 191 0 1
227 191 0 1
226 191 0 1
225 191 0 1
228 190 0 1
227 190 0 1
226 190 0 1
225 190 0 1
228 189 0 1
227 189 0 1
226 189 0 1
225 189 0 1
228 188 0 1
227 188 0 1
226 188 0 1
225 188 0 1
229 187 0 1
228 187 0 1
227 187 0 1
226 187 0 1
225 187 0 1
229 186 0 1
228 186 0 1
227 186 0 1
226 186 0 1
225 186 0 1
229 185 0 1
228 185 0 1
227 185 0 1
226 185 0 1
225 185 0 1
229 184 0 1
228 184 0 1
227 184 0 1
226 184 0 1
225 184 0 1
229 183 0 1
228 183 0 1
227 183 0 1
226 183 0 1
225 183 0 1
229 182 0 1
228 182 0 1
227 182 0 1
226 182 0 1
225 182 0 1
230 181 0 1
229 181 0 1
228 181 0 1
227 181 0 1
226 181 0 1
230 180 0 1
229 180 0 1
228 180 0 1
227 180 0 1
226 180 0 1
230 179 0 1
229 179 0 1
228 179 0 1
227 179 0 1
226 179 0 1
230 178 0 1
229 178 0 1
228 178 0 1
227 178 0 1
226 178 0 1
230 177 0 1
229 177 0 1
228 177 0 1
227 177 0 1
226 177 0 1
230 176 0 1
229 176 0 1
228 176 0 1
227 176 0 1
226 176 0 1
230 175 0 1
229 175 0 1
228 175 0 1
227 175 0 1
226 175 0 1
231 174 0 1
230 174 0 1
229 174 0 1
228 174 0 1
227 174 0 1
161 174 0 0
160 174 0 0
159 174 0 0
158 174 0 0
231 173 0 1
230 173 0 1
229 173 0 1
228 173 0 1
227 173 0 1
161 173 0 0
160 173 0 0
159 173 0 0
158 173 0 0
231 172 0 1
230 172 0 1
229 172 0 1
228 172 0 1
227 172 0 1
161 172 0 0
160 172 0 0
159 172 0 0
158 172 0 0
231 171 0 1
230 171 0 1
229 171 0 1
228 171 0 1
227 171 0 1
161 171 0 0
160 171 0 0
159 171 0 0
158 171 0 0
231 170 0 1
230 170 0 1
229 170 0 1
228 170 0 1
227 170 0 1
161 170 0 0
160 170 0 0
159 170 0 0
158 170 0 0
231 169 0 1
230 169 0 1
229 169 0 1
228 169 0 1
227 169 0 1
161 169 0 0
160 169 0 0
159 169 0 0
158 169 0 0
231 168 0 1
230 168 0 1
229 168 0 1
228 168 0 1
227 168 0 1
161 168 0 0
160 168 0 0
159 168 0 0
158 168 0 0
231 167 0 1
230 167 0 1
229 167 0 1
228 167 0 1
227 167 0 1
161 167 0 0
160 167 0 0
159 167 0 0
158 167 0 0
231 166 0 1
230 166 0 1
229 166 0 1
228 166 0 1
227 166 0 1
161 166 0 0
160 166 0 0
159 166 0 0
158 166 0 0
231 165 0 1
230 165 0 1
229 165 0 1
228 165 0 1
161 165 0 0
160 165 0 0
159 165 0 0
158 165 0 0
231 164 0 1
230 164 0 1
229 164 0 1
228 164 0 1
161 164 0 0
160 164 0 0
159 164 0 0
158 164 0 0
231 163 0 1
230 163 0 1
229 163 0 1
228 163 0 1
162 163 0 0
161 163 0 0
160 163 0 0
159 163 0 0
158 163 0 0
231 162 0 1
230 162 0 1
229 162 0 1
228 162 0 1
162 162 0 0
161 162 0 0
160 162 0 0
159 162 0 0
158 162 0 0
231 161 0 1
230 161 0 1
229 161 0 1
228 161 0 1
163 161 0 0
162 161 0 0
161 161 0 0
160 161 0 0
159 161 0 0
158 161 0 0
231 160 0 1
230 160 0 1
229 160 0 1
228 160 0 1
163 160 0 0
162 160 0 0
161 160 0 0
160 160 0 0
159 160 0 0
158 160 0 0
231 159 0 1
230 159 0 1
229 159 0 1
228 159 0 1
164 159 0 0
163 159 0 0
162 159 0 0
161 159 0 0
160 159 0 0
159 159 0 0
231 158 0 1
230 158 0 1
229 158 0 1
228 158 0 1
164 158 0 0
163 158 0 0
162 158 0 0
161 158 0 0
160 158 0 0
159 158 0 0
231 157 0 1
230 157 0 1
229 157 0 1
228 157 0 1
165 157 0 0
164 157 0 0
163 157 0 0
162 157 0 0
161 157 0 0
160 157 0 0
231 156 0 1
230 156 0 1
229 156 0 1
228 156 0 1
165 156 0 0
164 156 0 0
163 156 0 0
162 156 0 0
161 156 0 0
160 156 0 0
231 155 0 1
230 155 0 1
229 155 0 1
228 155 0 1
165 155 0 0
164 155 0 0
163 155 0 0
162 155 0 0
161 155 0 0
232 154 0 1
231 154 0 1
230 154 0 1
229 154 0 1
228 154 0 1
166 154 0 0
165 154 0 0
164 154 0 0
163 154 0 0
162 154 0 0
161 154 0 0
232 153 0 1
231 153 0 1
230 153 0 1
229 153 0 1
228 153 0 1
166 153 0 0
165 153 0 0
164 153 0 0
163 153 0 0
162 153 0 0
232 152 0 1
231 152 0 1
230 152 0 1
229 152 0 1
228 152 0 1
167 152 0 0
166 152 0 0
165 152 0 0
164 152 0 0
163 152 0 0
162 152 0 0
232 151 0 1
231 151 0 1
230 151 0 1
229 151 0 1
228 151 0 1
167 151 0 0
166 151 0 0
165 151 0 0
164 151 0 0
163 151 0 0
162 151 0 0
233 150 0 1
232 150 0 1
231 150 0 1
230 150 0 1
229 150 0 1
228 150 0 1
168 150 0 0
167 150 0 0
166 150 0 0
165 150 0 0
164 150 0 0
163 150 0 0
233 149 0 1
232 149 0 1
231 149 0 1
230 149 0 1
229 149 0 1
228 149 0 1
168 149 0 0
167 149 0 0
166 149 0 0
165 149 0 0
164 149 0 0
163 149 0 0
233 148 0 1
232 148 0 1
231 148 0 1
230 148 0 1
229 148 0 1
169 148 0 0
168 148 0 0
167 148 0 0
166 148 0 0
165 148 0 0
164 148 0 0
233 147 0 1
232 147 0 1
231 147 0 1
230 147 0 1
229 147 0 1
169 147 0 0
168 147 0 0
167 147 0 0
166 147 0 0
165 147 0 0
164 147 0 0
233 146 0 1
232 146 0 1
231 146 0 1
230 146 0 1
229 146 0 1
170 146 0 0
169 146 0 0
168 146 0 0
167 146 0 0
166 146 0 0
165 146 0 0
233 145 0 1
232 145 0 1
231 145 0 1
230 145 0 1
229 145 0 1
170 145 0 0
169 145 0 0
168 145 0 0
167 145 0 0
166 145 0 0
165 145 0 0
234 144 0 1
233 144 0 1
232 144 0 1
231 144 0 1
230 144 0 1
229 144 0 1
170 144 0 0
169 144 0 0
168 144 0 0
167 144 0 0
166 144 0 0
234 143 0 1
233 143 0 1
232 143 0 1
231 143 0 1
230 143 0 1
171 143 0 0
170 143 0 0
169 143 0 0
168 143 0 0
167 143 0 0
166 143 0 0
234 142 0 1
233 142 0 1
232 142 0 1
231 142 0 1
230 142 0 1
171 142 0 0
170 142 0 0
169 142 0 0
168 142 0 0
167 142 0 0
234 141 0 1
233 141 0 1
232 141 0 1
231 141 0 1
230 141 0 1
171 141 0 0
170 141 0 0
169 141 0 0
168 141 0 0
167 141 0 0
234 140 0 1
233 140 0 1
232 140 0 1
231 140 0 1
230 140 0 1
171 140 0 0
170 140 0 0
169 140 0 0
168 140 0 0
167 140 0 0
234 139 0 1
233 139 0 1
232 139 0 1
231 139 0 1
230 139 0 1
171 139 0 0
170 139 0 0
169 139 0 0
168 139 0 0
167 139 0 0
234 138 0 1
233 138 0 1
232 138 0 1
231 138 0 1
172 138 0 0
171 138 0 0
170 138 0 0
169 138 0 0
168 138 0 0
167 138 0 0
234 137 0 1
233 137 0 1
232 137 0 1
231 137 0 1
173 137 0 0
172 137 0 0
171 137 0 0
170 137 0 0
169 137 0 0
168 137 0 0
234 136 0 1
233 136 0 1
232 136 0 1
231 136 0 1
173 136 0 0
172 136 0 0
171 136 0 0
170 136 0 0
169 136 0 0
168 136 0 0
234 135 0 1
233 135 0 1
232 135 0 1
231 135 0 1
174 135 0 0
173 135 0 0
172 135 0 0
171 135 0 0
170 135 0 0
169 135 0 0
234 134 0 1
233 134 0 1
232 134 0 1
231 134 0 1
175 134 0 0
174 134 0 0
173 134 0 0
172 134 0 0
171 134 0 0
170 134 0 0
234 133 0 1
233 133 0 1
232 133 0 1
231 133 0 1
175 133 0 0
174 133 0 0
173 133 0 0
172 133 0 0
171 133 0 0
170 133 0 0
234 132 0 1
233 132 0 1
232 132 0 1
231 132 0 1
176 132 0 0
175 132 0 0
174 132 0 0
173 132 0 0
172 132 0 0
171 132 0 0
234 131 0 1
233 131 0 1
232 131 0 1
231 131 0 1
177 131 0 0
176 131 0 0
175 131 0 0
174 131 0 0
173 131 0 0
172 131 0 0
171 131 0 0
234 130 0 1
233 130 0 1
232 130 0 1
231 130 0 1
178 130 0 0
177 130 0 0
176 130 0 0
175 130 0 0
174 130 0 0
173 130 0 0
172 130 0 0
234 129 0 1
233 129 0 1
232 129 0 1
231 129 0 1
178 129 0 0
177 129 0 0
176 129 0 0
175 129 0 0
174 129 0 0
173 129 0 0
234 128 0 1
233 128 0 1
232 128 0 1
231 128 0 1
179 128 0 0
178 128 0 0
177 128 0 0
176 128 0 0
175 128 0 0
174 128 0 0
181 127 0 0
180 127 0 0
179 127 0 0
178 127 0 0
177 127 0 0
176 127 0 0
175 127 0 0
182 126 0 0
181 126 0 0
180 126 0 0
179 126 0 0
178 126 0 0
177 126 0 0
176 126 0 0
175 126 0 0
184 125 0 0
183 125 0 0
182 125 0 0
181 125 0 0
180 125 0 0
179 125 0 0
178 125 0 0
177 125 0 0
176 125 0 0
185 124 0 0
184 124 0 0
183 124 0 0
182 124 0 0
181 124 0 0
180 124 0 0
179 124 0 0
178 124 0 0
177 124 0 0
187 123 0 0
186 123 0 0
185 123 0 0
184 123 0 0
183 123 0 0
182 123 0 0
181 123 0 0
180 123 0 0
179 123 0 0
188 122 0 0
187 122 0 0
186 122 0 0
185 122 0 0
184 122 0 0
183 122 0 0
182 122 0 0
181 122 0 0
180 122 0 0
190 121 0 0
189 121 0 0
188 121 0 0
187 121 0 0
186 121 0 0
185 121 0 0
184 121 0 0
183 121 0 0
182 121 0 0
191 120 0 0
190 120 0 0
189 120 0 0
188 120 0 0
187 120 0 0
186 120 0 0
185 120 0 0
184 120 0 0
183 120 0 0
193 119 0 0
192 119 0 0
191 119 0 0
190 119 0 0
189 119 0 0
188 119 0 0
187 119 0 0
186 119 0 0
185 119 0 0
274 118 0 0
273 118 0 0
272 118 0 0
271 118 0 0
196 118 0 0
195 118 0 0
194 118 0 0
193 118 0 0
192 118 0 0
191 118 0 0
190 118 0 0
189 118 0 0
188 118 0 0
187 118 0 0
186 118 0 0
274 117 0 0
273 117 0 0
272 117 0 0
271 117 0 0
199 117 0 0
198 117 0 0
197 117 0 0
196 117 0 0
195 117 0 0
194 117 0 0
193 117 0 0
192 117 0 0
191 117 0 0
190 117 0 0
189 117 0 0
188 117 0 0
274 116 0 0
273 116 0 0
272 116 0 0
271 116 0 0
270 116 0 0
200 116 0 0
199 116 0 0
198 116 0 0
197 116 0 0
196 116 0 0
195 116 0 0
194 116 0 0
193 116 0 0
192 116 0 0
191 116 0 0
190 116 0 0
189 116 0 0
274 115 0 0
273 115 0 0
272 115 0 0
271 115 0 0
270 115 0 0
269 115 0 0
202 115 0 0
201 115 0 0
200 115 0 0
199 115 0 0
198 115 0 0
197 115 0 0
196 115 0 0
195 115 0 0
194 115 0 0
193 115 0 0
192 115 0 0
191 115 0 0
274 114 0 0
273 114 0 0
272 114 0 0
271 114 0 0
270 114 0 0
269 114 0 0
268 114 0 0
203 114 0 0
202 114 0 0
201 114 0 0
200 114 0 0
199 114 0 0
198 114 0 0
197 114 0 0
196 114 0 0
195 114 0 0
194 114 0 0
193 114 0 0
192 114 0 0
273 113 0 0
272 113 0 0
271 113 0 0
270 113 0 0
269 113 0 0
268 113 0 0
205 113 0 0
204 113 0 0
203 113 0 0
202 113 0 0
201 113 0 0
200 113 0 0
199 113 0 0
198 113 0 0
197 113 0 0
196 113 0 0
195 113 0 0
272 112 0 0
271 112 0 0
270 112 0 0
269 112 0 0
268 112 0 0
208 112 0 0
207 112 0 0
206 112 0 0
205 112 0 0
204 112 0 0
203 112 0 0
202 112 0 0
201 112 0 0
200 112 0 0
199 112 0 0
198 112 0 0
272 111 0 0
271 111 0 0
270 111 0 0
269 111 0 0
268 111 0 0
210 111 0 0
209 111 0 0
208 111 0 0
207 111 0 0
206 111 0 0
205 111 0 0
204 111 0 0
203 111 0 0
202 111 0 0
201 111 0 0
200 111 0 0
272 110 0 0
271 110 0 0
270 110 0 0
269 110 0 0
268 110 0 0
267 110 0 0
212 110 0 0
211 110 0 0
210 110 0 0
209 110 0 0
208 110 0 0
207 110 0 0
206 110 0 0
205 110 0 0
204 110 0 0
203 110 0 0
202 110 0 0
201 110 0 0
272 109 0 0
271 109 0 0
270 109 0 0
269 109 0 0
268 109 0 0
267 109 0 0
266 109 0 0
217 109 0 0
216 109 0 0
215 109 0 0
214 109 0 0
213 109 0 0
212 109 0 0
211 109 0 0
210 109 0 0
209 109 0 0
208 109 0 0
207 109 0 0
206 109 0 0
205 109 0 0
204 109 0 0
203 109 0 0
271 108 0 0
270 108 0 0
269 108 0 0
268 108 0 0
267 108 0 0
266 108 0 0
220 108 0 0
219 108 0 0
218 108 0 0
217 108 0 0
216 108 0 0
215 108 0 0
214 108 0 0
213 108 0 0
212 108 0 0
211 108 0 0
210 108 0 0
209 108 0 0
208 108 0 0
207 108 0 0
206 108 0 0
205 108 0 0
204 108 0 0
270 107 0 0
269 107 0 0
268 107 0 0
267 107 0 0
266 107 0 0
265 107 0 0
224 107 0 0
223 107 0 0
222 107 0 0
221 107 0 0
220 107 0 0
219 107 0 0
218 107 0 0
217 107 0 0
216 107 0 0
215 107 0 0
214 107 0 0
213 107 0 0
212 107 0 0
211 107 0 0
210 107 0 0
209 107 0 0
208 107 0 0
207 107 0 0
270 106 0 0
269 106 0 0
268 106 0 0
267 106 0 0
266 106 0 0
265 106 0 0
264 106 0 0
226 106 0 0
225 106 0 0
224 106 0 0
223 106 0 0
222 106 0 0
221 106 0 0
220 106 0 0
219 106 0 0
218 106 0 0
217 106 0 0
216 106 0 0
215 106 0 0
214 106 0 0
213 106 0 0
212 106 0 0
211 106 0 0
210 106 0 0
209 106 0 0
269 105 0 0
268 105 0 0
267 105 0 0
266 105 0 0
265 105 0 0
264 105 0 0
228 105 0 0
227 105 0 0
226 105 0 0
225 105 0 0
224 105 0 0
223 105 0 0
222 105 0 0
221 105 0 0
220 105 0 0
219 105 0 0
218 105 0 0
217 105 0 0
216 105 0 0
215 105 0 0
214 105 0 0
213 105 0 0
212 105 0 0
211 105 0 0
268 104 0 0
267 104 0 0
266 104 0 0
265 104 0 0
264 104 0 0
263 104 0 0
230 104 0 0
229 104 0 0
228 104 0 0
227 104 0 0
226 104 0 0
225 104 0 0
224 104 0 0
223 104 0 0
222 104 0 0
221 104 0 0
220 104 0 0
219 104 0 0
218 104 0 0
217 104 0 0
216 104 0 0
268 103 0 0
267 103 0 0
266 103 0 0
265 103 0 0
264 103 0 0
263 103 0 0
236 103 0 0
235 103 0 0
234 103 0 0
233 103 0 0
232 103 0 0
231 103 0 0
230 103 0 0
229 103 0 0
228 103 0 0
227 103 0 0
226 103 0 0
225 103 0 0
224 103 0 0
223 103 0 0
222 103 0 0
221 103 0 0
220 103 0 0
267 102 0 0
266 102 0 0
265 102 0 0
264 102 0 0
263 102 0 0
262 102 0 0
242 102 0 0
241 102 0 0
240 102 0 0
239 102 0 0
238 102 0 0
237 102 0 0
236 102 0 0
235 102 0 0
234 102 0 0
233 102 0 0
232 102 0 0
231 102 0 0
230 102 0 0
229 102 0 0
228 102 0 0
227 102 0 0
226 102 0 0
225 102 0 0
224 102 0 0
223 102 0 0
267 101 0 0
266 101 0 0
265 101 0 0
264 101 0 0
263 101 0 0
262 101 0 0
261 101 0 0
260 101 0 0
259 101 0 0
258 101 0 0
246 101 0 0
245 101 0 0
244 101 0 0
243 101 0 0
242 101 0 0
241 101 0 0
240 101 0 0
239 101 0 0
238 101 0 0
237 101 0 0
236 101 0 0
235 101 0 0
234 101 0 0
233 101 0 0
232 101 0 0
231 101 0 0
230 101 0 0
229 101 0 0
228 101 0 0
227 101 0 0
226 101 0 0
225 101 0 0
266 100 0 0
265 100 0 0
264 100 0 0
263 100 0 0
262 100 0 0
261 100 0 0
260 100 0 0
259 100 0 0
258 100 0 0
257 100 0 0
256 100 0 0
255 100 0 0
254 100 0 0
253 100 0 0
252 100 0 0
251 100 0 0
250 100 0 0
249 100 0 0
248 100 0 0
247 100 0 0
246 100 0 0
245 100 0 0
244 100 0 0
243 100 0 0
242 100 0 0
241 100 0 0
240 100 0 0
239 100 0 0
238 100 0 0
237 100 0 0
236 100 0 0
235 100 0 0
234 100 0 0
233 100 0 0
232 100 0 0
231 100 0 0
230 100 0 0
229 100 0 0
228 100 0 0
227 100 0 0
265 99 0 0
264 99 0 0
263 99 0 0
262 99 0 0
261 99 0 0
260 99 0 0
259 99 0 0
258 99 0 0
257 99 0 0
256 99 0 0
255 99 0 0
254 99 0 0
253 99 0 0
252 99 0 0
251 99 0 0
250 99 0 0
249 99 0 0
248 99 0 0
247 99 0 0
246 99 0 0
245 99 0 0
244 99 0 0
243 99 0 0
242 99 0 0
241 99 0 0
240 99 0 0
239 99 0 0
238 99 0 0
237 99 0 0
236 99 0 0
235 99 0 0
234 99 0 0
233 99 0 0
232 99 0 0
231 99 0 0
230 99 0 0
264 98 0 0
263 98 0 0
262 98 0 0
261 98 0 0
260 98 0 0
259 98 0 0
258 98 0 0
257 98 0 0
256 98 0 0
255 98 0 0
254 98 0 0
253 98 0 0
252 98 0 0
251 98 0 0
250 98 0 0
249 98 0 0
248 98 0 0
247 98 0 0
246 98 0 0
245 98 0 0
244 98 0 0
243 98 0 0
242 98 0 0
241 98 0 0
240 98 0 0
239 98 0 0
238 98 0 0
237 98 0 0
236 98 0 0
263 97 0 0
262 97 0 0
261 97 0 0
260 97 0 0
259 97 0 0
258 97 0 0
257 97 0 0
256 97 0 0
255 97 0 0
254 97 0 0
253 97 0 0
252 97 0 0
251 97 0 0
250 97 0 0
249 97 0 0
248 97 0 0
247 97 0 0
246 97 0 0
245 97 0 0
244 97 0 0
243 97 0 0
242 97 0 0
241 97 0 0
