5889 640 480
190 447 0 0
189 447 0 0
188 447 0 0
187 447 0 0
190 446 0 0
189 446 0 0
188 446 0 0
187 446 0 0
190 445 0 0
189 445 0 0
188 445 0 0
187 445 0 0
190 444 0 0
189 444 0 0
188 444 0 0
187 444 0 0
190 443 0 0
189 443 0 0
188 443 0 0
187 443 0 0
190 442 0 0
189 442 0 0
188 442 0 0
187 442 0 0
190 441 0 0
189 441 0 0
188 441 0 0
187 441 0 0
190 440 0 0
189 440 0 0
188 440 0 0
187 440 0 0
190 439 0 0
189 439 0 0
188 439 0 0
187 439 0 0
190 438 0 0
189 438 0 0
188 438 0 0
187 438 0 0
190 437 0 0
189 437 0 0
188 437 0 0
187 437 0 0
190 436 0 0
189 436 0 0
188 436 0 0
187 436 0 0
190 435 0 0
189 435 0 0
188 435 0 0
187 435 0 0
190 434 0 0
189 434 0 0
188 434 0 0
187 434 0 0
190 433 0 0
189 433 0 0
188 433 0 0
187 433 0 0
190 432 0 0
189 432 0 0
188 432 0 0
187 432 0 0
190 431 0 0
189 431 0 0
188 431 0 0
187 431 0 0
190 430 0 0
189 430 0 0
188 430 0 0
187 430 0 0
191 429 0 0
190 429 0 0
189 429 0 0
188 429 0 0
187 429 0 0
191 428 0 0
190 428 0 0
189 428 0 0
188 428 0 0
187 428 0 0
192 427 0 0
191 427 0 0
190 427 0 0
189 427 0 0
188 427 0 0
187 427 0 0
192 426 0 0
191 426 0 0
190 426 0 0
189 426 0 0
188 426 0 0
187 426 0 0
193 425 0 0
192 425 0 0
191 425 0 0
190 425 0 0
189 425 0 0
188 425 0 0
193 424 0 0
192 424 0 0
191 424 0 0
190 424 0 0
189 424 0 0
188 424 0 0
194 423 0 0
193 423 0 0
192 423 0 0
191 423 0 0
190 423 0 0
189 423 0 0
194 422 0 0
193 422 0 0
192 422 0 0
191 422 0 0
190 422 0 0
189 422 0 0
194 421 0 0
193 421 0 0
192 421 0 0
191 421 0 0
190 421 0 0
195 420 0 0
194 420 0 0
193 420 0 0
192 420 0 0
191 420 0 0
190 420 0 0
195 419 0 0
194 419 0 0
193 419 0 0
192 419 0 0
191 419 0 0
190 419 0 0
195 418 0 0
194 418 0 0
193 418 0 0
192 418 0 0
191 418 0 0
196 417 0 0
195 417 0 0
194 417 0 0
193 417 0 0
192 417 0 0
191 417 0 0
196 416 0 0
195 416 0 0
194 416 0 0
193 416 0 0
192 416 0 0
191 416 0 0
196 415 0 0
195 415 0 0
194 415 0 0
193 415 0 0
192 415 0 0
197 414 0 0
196 414 0 0
195 414 0 0
194 414 0 0
193 414 0 0
192 414 0 0
197 413 0 0
196 413 0 0
195 413 0 0
194 413 0 0
193 413 0 0
198 412 0 0
197 412 0 0
196 412 0 0
195 412 0 0
194 412 0 0
193 412 0 0
198 411 0 0
197 411 0 0
196 411 0 0
195 411 0 0
194 411 0 0
193 411 0 0
198 410 0 0
197 410 0 0
196 410 0 0
195 410 0 0
194 410 0 0
198 409 0 0
197 409 0 0
196 409 0 0
195 409 0 0
194 409 0 0
199 408 0 0
198 408 0 0
197 408 0 0
196 408 0 0
195 408 0 0
194 408 0 0
199 407 0 0
198 407 0 0
197 407 0 0
196 407 0 0
195 407 0 0
194 407 0 0
200 406 0 0
199 406 0 0
198 406 0 0
197 406 0 0
196 406 0 0
195 406 0 0
201 405 0 0
200 405 0 0
199 405 0 0
198 405 0 0
197 405 0 0
196 405 0 0
201 404 0 0
200 404 0 0
199 404 0 0
198 404 0 0
197 404 0 0
196 404 0 0
202 403 0 0
201 403 0 0
200 403 0 0
199 403 0 0
198 403 0 0
197 403 0 0
202 402 0 0
201 402 0 0
200 402 0 0
199 402 0 0
198 402 0 0
197 402 0 0
203 401 0 0
202 401 0 0
201 401 0 0
200 401 0 0
199 401 0 0
198 401 0 0
204 400 0 0
203 400 0 0
202 400 0 0
201 400 0 0
200 400 0 0
199 400 0 0
198 400 0 0
205 399 0 0
204 399 0 0
203 399 0 0
202 399 0 0
201 399 0 0
200 399 0 0
199 399 0 0
206 398 0 0
205 398 0 0
204 398 0 0
203 398 0 0
202 398 0 0
201 398 0 0
200 398 0 0
207 397 0 0
206 397 0 0
205 397 0 0
204 397 0 0
203 397 0 0
202 397 0 0
201 397 0 0
207 396 0 0
206 396 0 0
205 396 0 0
204 396 0 0
203 396 0 0
202 396 0 0
201 396 0 0
207 395 0 0
206 395 0 0
205 395 0 0
204 395 0 0
203 395 0 0
202 395 0 0
207 394 0 0
206 394 0 0
205 394 0 0
204 394 0 0
203 394 0 0
207 393 0 0
206 393 0 0
205 393 0 0
204 393 0 0
208 392 0 0
207 392 0 0
206 392 0 0
205 392 0 0
204 392 0 0
208 391 0 0
207 391 0 0
206 391 0 0
205 391 0 0
204 391 0 0
209 390 0 0
208 390 0 0
207 390 0 0
206 390 0 0
205 390 0 0
204 390 0 0
210 389 0 0
209 389 0 0
208 389 0 0
207 389 0 0
206 389 0 0
205 389 0 0
204 389 0 0
210 388 0 0
209 388 0 0
208 388 0 0
207 388 0 0
206 388 0 0
205 388 0 0
211 387 0 0
210 387 0 0
209 387 0 0
208 387 0 0
207 387 0 0
206 387 0 0
212 386 0 0
211 386 0 0
210 386 0 0
209 386 0 0
208 386 0 0
207 386 0 0
206 386 0 0
212 385 0 0
211 385 0 0
210 385 0 0
209 385 0 0
208 385 0 0
207 385 0 0
213 384 0 0
212 384 0 0
211 384 0 0
210 384 0 0
209 384 0 0
208 384 0 0
213 383 0 0
212 383 0 0
211 383 0 0
210 383 0 0
209 383 0 0
214 382 0 0
213 382 0 0
212 382 0 0
211 382 0 0
210 382 0 0
209 382 0 0
215 381 0 0
214 381 0 0
213 381 0 0
212 381 0 0
211 381 0 0
210 381 0 0
209 381 0 0
215 380 0 0
214 380 0 0
213 380 0 0
212 380 0 0
211 380 0 0
210 380 0 0
216 379 0 0
215 379 0 0
214 379 0 0
213 379 0 0
212 379 0 0
211 379 0 0
217 378 0 0
216 378 0 0
215 378 0 0
214 378 0 0
213 378 0 0
212 378 0 0
217 377 0 0
216 377 0 0
215 377 0 0
214 377 0 0
213 377 0 0
212 377 0 0
218 376 0 0
217 376 0 0
216 376 0 0
215 376 0 0
214 376 0 0
213 376 0 0
218 375 0 0
217 375 0 0
216 375 0 0
215 375 0 0
214 375 0 0
213 375 0 0
219 374 0 0
218 374 0 0
217 374 0 0
216 374 0 0
215 374 0 0
214 374 0 0
219 373 0 0
218 373 0 0
217 373 0 0
216 373 0 0
215 373 0 0
214 373 0 0
220 372 0 0
219 372 0 0
218 372 0 0
217 372 0 0
216 372 0 0
215 372 0 0
221 371 0 0
220 371 0 0
219 371 0 0
218 371 0 0
217 371 0 0
216 371 0 0
215 371 0 0
222 370 0 0
221 370 0 0
220 370 0 0
219 370 0 0
218 370 0 0
217 370 0 0
216 370 0 0
222 369 0 0
221 369 0 0
220 369 0 0
219 369 0 0
218 369 0 0
217 369 0 0
222 368 0 0
221 368 0 0
220 368 0 0
219 368 0 0
218 368 0 0
223 367 0 0
222 367 0 0
221 367 0 0
220 367 0 0
219 367 0 0
218 367 0 0
224 366 0 0
223 366 0 0
222 366 0 0
221 366 0 0
220 366 0 0
219 366 0 0
218 366 0 0
225 365 0 0
224 365 0 0
223 365 0 0
222 365 0 0
221 365 0 0
220 365 0 0
219 365 0 0
225 364 0 0
224 364 0 0
223 364 0 0
222 364 0 0
221 364 0 0
220 364 0 0
226 363 0 0
225 363 0 0
224 363 0 0
223 363 0 0
222 363 0 0
221 363 0 0
227 362 0 0
226 362 0 0
225 362 0 0
224 362 0 0
223 362 0 0
222 362 0 0
227 361 0 0
226 361 0 0
225 361 0 0
224 361 0 0
223 361 0 0
222 361 0 0
228 360 0 0
227 360 0 0
226 360 0 0
225 360 0 0
224 360 0 0
223 360 0 0
229 359 0 0
228 359 0 0
227 359 0 0
226 359 0 0
225 359 0 0
224 359 0 0
229 358 0 0
228 358 0 0
227 358 0 0
226 358 0 0
225 358 0 0
224 358 0 0
230 357 0 0
229 357 0 0
228 357 0 0
227 357 0 0
226 357 0 0
225 357 0 0
231 356 0 0
230 356 0 0
229 356 0 0
228 356 0 0
227 356 0 0
226 356 0 0
232 355 0 0
231 355 0 0
230 355 0 0
229 355 0 0
228 355 0 0
227 355 0 0
226 355 0 0
232 354 0 0
231 354 0 0
230 354 0 0
229 354 0 0
228 354 0 0
227 354 0 0
233 353 0 0
232 353 0 0
231 353 0 0
230 353 0 0
229 353 0 0
228 353 0 0
234 352 0 0
233 352 0 0
232 352 0 0
231 352 0 0
230 352 0 0
229 352 0 0
228 352 0 0
234 351 0 0
233 351 0 0
232 351 0 0
231 351 0 0
230 351 0 0
229 351 0 0
235 350 0 0
234 350 0 0
233 350 0 0
232 350 0 0
231 350 0 0
230 350 0 0
235 349 0 0
234 349 0 0
233 349 0 0
232 349 0 0
231 349 0 0
230 349 0 0
236 348 0 0
235 348 0 0
234 348 0 0
233 348 0 0
232 348 0 0
231 348 0 0
236 347 0 0
235 347 0 0
234 347 0 0
233 347 0 0
232 347 0 0
231 347 0 0
237 346 0 0
236 346 0 0
235 346 0 0
234 346 0 0
233 346 0 0
232 346 0 0
238 345 0 0
237 345 0 0
236 345 0 0
235 345 0 0
234 345 0 0
233 345 0 0
232 345 0 0
239 344 0 0
238 344 0 0
237 344 0 0
236 344 0 0
235 344 0 0
234 344 0 0
233 344 0 0
240 343 0 0
239 343 0 0
238 343 0 0
237 343 0 0
236 343 0 0
235 343 0 0
234 343 0 0
242 342 0 0
241 342 0 0
240 342 0 0
239 342 0 0
238 342 0 0
237 342 0 0
236 342 0 0
235 342 0 0
243 341 0 0
242 341 0 0
241 341 0 0
240 341 0 0
239 341 0 0
238 341 0 0
237 341 0 0
236 341 0 0
244 340 0 0
243 340 0 0
242 340 0 0
241 340 0 0
240 340 0 0
239 340 0 0
238 340 0 0
237 340 0 0
245 339 0 0
244 339 0 0
243 339 0 0
242 339 0 0
241 339 0 0
240 339 0 0
239 339 0 0
238 339 0 0
246 338 0 0
245 338 0 0
244 338 0 0
243 338 0 0
242 338 0 0
241 338 0 0
240 338 0 0
239 338 0 0
247 337 0 0
246 337 0 0
245 337 0 0
244 337 0 0
243 337 0 0
242 337 0 0
241 337 0 0
248 336 0 0
247 336 0 0
246 336 0 0
245 336 0 0
244 336 0 0
243 336 0 0
242 336 0 0
249 335 0 0
248 335 0 0
247 335 0 0
246 335 0 0
245 335 0 0
244 335 0 0
243 335 0 0
250 334 0 0
249 334 0 0
248 334 0 0
247 334 0 0
246 334 0 0
245 334 0 0
244 334 0 0
252 333 0 0
251 333 0 0
250 333 0 0
249 333 0 0
248 333 0 0
247 333 0 0
246 333 0 0
245 333 0 0
253 332 0 0
252 332 0 0
251 332 0 0
250 332 0 0
249 332 0 0
248 332 0 0
247 332 0 0
246 332 0 0
255 331 0 0
254 331 0 0
253 331 0 0
252 331 0 0
251 331 0 0
250 331 0 0
249 331 0 0
248 331 0 0
247 331 0 0
256 330 0 0
255 330 0 0
254 330 0 0
253 330 0 0
252 330 0 0
251 330 0 0
250 330 0 0
249 330 0 0
248 330 0 0
258 329 0 0
257 329 0 0
256 329 0 0
255 329 0 0
254 329 0 0
253 329 0 0
252 329 0 0
251 329 0 0
250 329 0 0
249 329 0 0
259 328 0 0
258 328 0 0
257 328 0 0
256 328 0 0
255 328 0 0
254 328 0 0
253 328 0 0
252 328 0 0
251 328 0 0
260 327 0 0
259 327 0 0
258 327 0 0
257 327 0 0
256 327 0 0
255 327 0 0
254 327 0 0
253 327 0 0
252 327 0 0
262 326 0 0
261 326 0 0
260 326 0 0
259 326 0 0
258 326 0 0
257 326 0 0
256 326 0 0
255 326 0 0
254 326 0 0
263 325 0 0
262 325 0 0
261 325 0 0
260 325 0 0
259 325 0 0
258 325 0 0
257 325 0 0
256 325 0 0
255 325 0 0
264 324 0 0
263 324 0 0
262 324 0 0
261 324 0 0
260 324 0 0
259 324 0 0
258 324 0 0
257 324 0 0
266 323 0 0
265 323 0 0
264 323 0 0
263 323 0 0
262 323 0 0
261 323 0 0
260 323 0 0
259 323 0 0
258 323 0 0
267 322 0 0
266 322 0 0
265 322 0 0
264 322 0 0
263 322 0 0
262 322 0 0
261 322 0 0
260 322 0 0
259 322 0 0
268 321 0 0
267 321 0 0
266 321 0 0
265 321 0 0
264 321 0 0
263 321 0 0
262 321 0 0
261 321 0 0
269 320 0 0
268 320 0 0
267 320 0 0
266 320 0 0
265 320 0 0
264 320 0 0
263 320 0 0
262 320 0 0
270 319 0 0
269 319 0 0
268 319 0 0
267 319 0 0
266 319 0 0
265 319 0 0
264 319 0 0
263 319 0 0
270 318 0 0
269 318 0 0
268 318 0 0
267 318 0 0
266 318 0 0
265 318 0 0
271 317 0 0
270 317 0 0
269 317 0 0
268 317 0 0
267 317 0 0
266 317 0 0
273 316 0 0
272 316 0 0
271 316 0 0
270 316 0 0
269 316 0 0
268 316 0 0
267 316 0 0
266 316 0 0
274 315 0 0
273 315 0 0
272 315 0 0
271 315 0 0
270 315 0 0
269 315 0 0
268 315 0 0
267 315 0 0
275 314 0 0
274 314 0 0
273 314 0 0
272 314 0 0
271 314 0 0
270 314 0 0
269 314 0 0
268 314 0 0
276 313 0 0
275 313 0 0
274 313 0 0
273 313 0 0
272 313 0 0
271 313 0 0
270 313 0 0
269 313 0 0
277 312 0 0
276 312 0 0
275 312 0 0
274 312 0 0
273 312 0 0
272 312 0 0
271 312 0 0
270 312 0 0
278 311 0 0
277 311 0 0
276 311 0 0
275 311 0 0
274 311 0 0
273 311 0 0
272 311 0 0
271 311 0 0
279 310 0 0
278 310 0 0
277 310 0 0
276 310 0 0
275 310 0 0
274 310 0 0
273 310 0 0
281 309 0 0
280 309 0 0
279 309 0 0
278 309 0 0
277 309 0 0
276 309 0 0
275 309 0 0
274 309 0 0
284 308 0 0
283 308 0 0
282 308 0 0
281 308 0 0
280 308 0 0
279 308 0 0
278 308 0 0
277 308 0 0
276 308 0 0
275 308 0 0
285 307 0 0
284 307 0 0
283 307 0 0
282 307 0 0
281 307 0 0
280 307 0 0
279 307 0 0
278 307 0 0
277 307 0 0
276 307 0 0
287 306 0 0
286 306 0 0
285 306 0 0
284 306 0 0
283 306 0 0
282 306 0 0
281 306 0 0
280 306 0 0
279 306 0 0
278 306 0 0
277 306 0 0
288 305 0 0
287 305 0 0
286 305 0 0
285 305 0 0
284 305 0 0
283 305 0 0
282 305 0 0
281 305 0 0
280 305 0 0
279 305 0 0
278 305 0 0
290 304 0 0
289 304 0 0
288 304 0 0
287 304 0 0
286 304 0 0
285 304 0 0
284 304 0 0
283 304 0 0
282 304 0 0
281 304 0 0
293 303 0 0
292 303 0 0
291 303 0 0
290 303 0 0
289 303 0 0
288 303 0 0
287 303 0 0
286 303 0 0
285 303 0 0
284 303 0 0
283 303 0 0
295 302 0 0
294 302 0 0
293 302 0 0
292 302 0 0
291 302 0 0
290 302 0 0
289 302 0 0
288 302 0 0
287 302 0 0
286 302 0 0
285 302 0 0
284 302 0 0
298 301 0 0
297 301 0 0
296 301 0 0
295 301 0 0
294 301 0 0
293 301 0 0
292 301 0 0
291 301 0 0
290 301 0 0
289 301 0 0
288 301 0 0
287 301 0 0
286 301 0 0
299 300 0 0
298 300 0 0
297 300 0 0
296 300 0 0
295 300 0 0
294 300 0 0
293 300 0 0
292 300 0 0
291 300 0 0
290 300 0 0
289 300 0 0
288 300 0 0
287 300 0 0
301 299 0 0
300 299 0 0
299 299 0 0
298 299 0 0
297 299 0 0
296 299 0 0
295 299 0 0
294 299 0 0
293 299 0 0
292 299 0 0
291 299 0 0
290 299 0 0
302 298 0 0
301 298 0 0
300 298 0 0
299 298 0 0
298 298 0 0
297 298 0 0
296 298 0 0
295 298 0 0
294 298 0 0
293 298 0 0
292 298 0 0
304 297 0 0
303 297 0 0
302 297 0 0
301 297 0 0
300 297 0 0
299 297 0 0
298 297 0 0
297 297 0 0
296 297 0 0
295 297 0 0
307 296 0 0
306 296 0 0
305 296 0 0
304 296 0 0
303 296 0 0
302 296 0 0
301 296 0 0
300 296 0 0
299 296 0 0
298 296 0 0
297 296 0 0
310 295 0 0
309 295 0 0
308 295 0 0
307 295 0 0
306 295 0 0
305 295 0 0
304 295 0 0
303 295 0 0
302 295 0 0
301 295 0 0
300 295 0 0
299 295 0 0
312 294 0 0
311 294 0 0
310 294 0 0
309 294 0 0
308 294 0 0
307 294 0 0
306 294 0 0
305 294 0 0
304 294 0 0
303 294 0 0
302 294 0 0
301 294 0 0
300 294 0 0
315 293 0 0
314 293 0 0
313 293 0 0
312 293 0 0
311 293 0 0
310 293 0 0
309 293 0 0
308 293 0 0
307 293 0 0
306 293 0 0
305 293 0 0
304 293 0 0
303 293 0 0
302 293 0 0
318 292 0 0
317 292 0 0
316 292 0 0
315 292 0 0
314 292 0 0
313 292 0 0
312 292 0 0
311 292 0 0
310 292 0 0
309 292 0 0
308 292 0 0
307 292 0 0
306 292 0 0
305 292 0 0
304 292 0 0
303 292 0 0
320 291 0 0
319 291 0 0
318 291 0 0
317 291 0 0
316 291 0 0
315 291 0 0
314 291 0 0
313 291 0 0
312 291 0 0
311 291 0 0
310 291 0 0
309 291 0 0
308 291 0 0
307 291 0 0
306 291 0 0
322 290 0 0
321 290 0 0
320 290 0 0
319 290 0 0
318 290 0 0
317 290 0 0
316 290 0 0
315 290 0 0
314 290 0 0
313 290 0 0
312 290 0 0
311 290 0 0
310 290 0 0
309 290 0 0
324 289 0 0
323 289 0 0
322 289 0 0
321 289 0 0
320 289 0 0
319 289 0 0
318 289 0 0
317 289 0 0
316 289 0 0
315 289 0 0
314 289 0 0
313 289 0 0
312 289 0 0
326 288 0 0
325 288 0 0
324 288 0 0
323 288 0 0
322 288 0 0
321 288 0 0
320 288 0 0
319 288 0 0
318 288 0 0
317 288 0 0
316 288 0 0
315 288 0 0
328 287 0 0
327 287 0 0
326 287 0 0
325 287 0 0
324 287 0 0
323 287 0 0
322 287 0 0
321 287 0 0
320 287 0 0
319 287 0 0
318 287 0 0
317 287 0 0
329 286 0 0
328 286 0 0
327 286 0 0
326 286 0 0
325 286 0 0
324 286 0 0
323 286 0 0
322 286 0 0
321 286 0 0
320 286 0 0
319 286 0 0
331 285 0 0
330 285 0 0
329 285 0 0
328 285 0 0
327 285 0 0
326 285 0 0
325 285 0 0
324 285 0 0
323 285 0 0
322 285 0 0
321 285 0 0
333 284 0 0
332 284 0 0
331 284 0 0
330 284 0 0
329 284 0 0
328 284 0 0
327 284 0 0
326 284 0 0
325 284 0 0
324 284 0 0
323 284 0 0
335 283 0 0
334 283 0 0
333 283 0 0
332 283 0 0
331 283 0 0
330 283 0 0
329 283 0 0
328 283 0 0
327 283 0 0
326 283 0 0
325 283 0 0
336 282 0 0
335 282 0 0
334 282 0 0
333 282 0 0
332 282 0 0
331 282 0 0
330 282 0 0
329 282 0 0
328 282 0 0
327 282 0 0
338 281 0 0
337 281 0 0
336 281 0 0
335 281 0 0
334 281 0 0
333 281 0 0
332 281 0 0
331 281 0 0
330 281 0 0
329 281 0 0
340 280 0 0
339 280 0 0
338 280 0 0
337 280 0 0
336 280 0 0
335 280 0 0
334 280 0 0
333 280 0 0
332 280 0 0
331 280 0 0
330 280 0 0
341 279 0 0
340 279 0 0
339 279 0 0
338 279 0 0
337 279 0 0
336 279 0 0
335 279 0 0
334 279 0 0
333 279 0 0
332 279 0 0
343 278 0 0
342 278 0 0
341 278 0 0
340 278 0 0
339 278 0 0
338 278 0 0
337 278 0 0
336 278 0 0
335 278 0 0
334 278 0 0
344 277 0 0
343 277 0 0
342 277 0 0
341 277 0 0
340 277 0 0
339 277 0 0
338 277 0 0
337 277 0 0
336 277 0 0
346 276 0 0
345 276 0 0
344 276 0 0
343 276 0 0
342 276 0 0
341 276 0 0
340 276 0 0
339 276 0 0
338 276 0 0
337 276 0 0
347 275 0 0
346 275 0 0
345 275 0 0
344 275 0 0
343 275 0 0
342 275 0 0
341 275 0 0
340 275 0 0
339 275 0 0
349 274 0 0
348 274 0 0
347 274 0 0
346 274 0 0
345 274 0 0
344 274 0 0
343 274 0 0
342 274 0 0
341 274 0 0
350 273 0 0
349 273 0 0
348 273 0 0
347 273 0 0
346 273 0 0
345 273 0 0
344 273 0 0
343 273 0 0
342 273 0 0
352 272 0 0
351 272 0 0
350 272 0 0
349 272 0 0
348 272 0 0
347 272 0 0
346 272 0 0
345 272 0 0
344 272 0 0
353 271 0 0
352 271 0 0
351 271 0 0
350 271 0 0
349 271 0 0
348 271 0 0
347 271 0 0
346 271 0 0
345 271 0 0
355 270 0 0
354 270 0 0
353 270 0 0
352 270 0 0
351 270 0 0
350 270 0 0
349 270 0 0
348 270 0 0
347 270 0 0
356 269 0 0
355 269 0 0
354 269 0 0
353 269 0 0
352 269 0 0
351 269 0 0
350 269 0 0
349 269 0 0
348 269 0 0
359 268 0 0
358 268 0 0
357 268 0 0
356 268 0 0
355 268 0 0
354 268 0 0
353 268 0 0
352 268 0 0
351 268 0 0
350 268 0 0
349 268 0 0
361 267 0 0
360 267 0 0
359 267 0 0
358 267 0 0
357 267 0 0
356 267 0 0
355 267 0 0
354 267 0 0
353 267 0 0
352 267 0 0
351 267 0 0
362 266 0 0
361 266 0 0
360 266 0 0
359 266 0 0
358 266 0 0
357 266 0 0
356 266 0 0
355 266 0 0
354 266 0 0
353 266 0 0
352 266 0 0
364 265 0 0
363 265 0 0
362 265 0 0
361 265 0 0
360 265 0 0
359 265 0 0
358 265 0 0
357 265 0 0
356 265 0 0
355 265 0 0
354 265 0 0
366 264 0 0
365 264 0 0
364 264 0 0
363 264 0 0
362 264 0 0
361 264 0 0
360 264 0 0
359 264 0 0
358 264 0 0
357 264 0 0
356 264 0 0
355 264 0 0
381 263 0 0
380 263 0 0
379 263 0 0
378 263 0 0
371 263 0 0
370 263 0 0
369 263 0 0
368 263 0 0
367 263 0 0
366 263 0 0
365 263 0 0
364 263 0 0
363 263 0 0
362 263 0 0
361 263 0 0
360 263 0 0
359 263 0 0
358 263 0 0
383 262 0 0
382 262 0 0
381 262 0 0
380 262 0 0
379 262 0 0
378 262 0 0
374 262 0 0
373 262 0 0
372 262 0 0
371 262 0 0
370 262 0 0
369 262 0 0
368 262 0 0
367 262 0 0
366 262 0 0
365 262 0 0
364 262 0 0
363 262 0 0
362 262 0 0
361 262 0 0
360 262 0 0
385 261 0 0
384 261 0 0
383 261 0 0
382 261 0 0
381 261 0 0
380 261 0 0
379 261 0 0
378 261 0 0
377 261 0 0
376 261 0 0
375 261 0 0
374 261 0 0
373 261 0 0
372 261 0 0
371 261 0 0
370 261 0 0
369 261 0 0
368 261 0 0
367 261 0 0
366 261 0 0
365 261 0 0
364 261 0 0
363 261 0 0
362 261 0 0
201 261 0 1
200 261 0 1
199 261 0 1
198 261 0 1
197 261 0 1
196 261 0 1
195 261 0 1
194 261 0 1
193 261 0 1
192 261 0 1
191 261 0 1
386 260 0 0
385 260 0 0
384 260 0 0
383 260 0 0
382 260 0 0
381 260 0 0
380 260 0 0
379 260 0 0
378 260 0 0
377 260 0 0
376 260 0 0
375 260 0 0
374 260 0 0
373 260 0 0
372 260 0 0
371 260 0 0
370 260 0 0
369 260 0 0
368 260 0 0
367 260 0 0
366 260 0 0
365 260 0 0
364 260 0 0
363 260 0 0
202 260 0 1
201 260 0 1
200 260 0 1
199 260 0 1
198 260 0 1
197 260 0 1
196 260 0 1
195 260 0 1
194 260 0 1
193 260 0 1
192 260 0 1
191 260 0 1
190 260 0 1
189 260 0 1
188 260 0 1
187 260 0 1
186 260 0 1
185 260 0 1
184 260 0 1
183 260 0 1
182 260 0 1
181 260 0 1
180 260 0 1
179 260 0 1
178 260 0 1
177 260 0 1
176 260 0 1
175 260 0 1
174 260 0 1
173 260 0 1
172 260 0 1
171 260 0 1
170 260 0 1
169 260 0 1
168 260 0 1
167 260 0 1
166 260 0 1
165 260 0 1
164 260 0 1
163 260 0 1
162 260 0 1
161 260 0 1
160 260 0 1
159 260 0 1
158 260 0 1
157 260 0 1
156 260 0 1
155 260 0 1
154 260 0 1
153 260 0 1
388 259 0 0
387 259 0 0
386 259 0 0
385 259 0 0
384 259 0 0
383 259 0 0
382 259 0 0
381 259 0 0
380 259 0 0
379 259 0 0
378 259 0 0
377 259 0 0
376 259 0 0
375 259 0 0
374 259 0 0
373 259 0 0
372 259 0 0
371 259 0 0
370 259 0 0
369 259 0 0
368 259 0 0
205 259 0 1
204 259 0 1
203 259 0 1
202 259 0 1
201 259 0 1
200 259 0 1
199 259 0 1
198 259 0 1
197 259 0 1
196 259 0 1
195 259 0 1
194 259 0 1
193 259 0 1
192 259 0 1
191 259 0 1
190 259 0 1
189 259 0 1
188 259 0 1
187 259 0 1
186 259 0 1
185 259 0 1
184 259 0 1
183 259 0 1
182 259 0 1
181 259 0 1
180 259 0 1
179 259 0 1
178 259 0 1
177 259 0 1
176 259 0 1
175 259 0 1
174 259 0 1
173 259 0 1
172 259 0 1
171 259 0 1
170 259 0 1
169 259 0 1
168 259 0 1
167 259 0 1
166 259 0 1
165 259 0 1
164 259 0 1
163 259 0 1
162 259 0 1
161 259 0 1
160 259 0 1
159 259 0 1
158 259 0 1
157 259 0 1
156 259 0 1
155 259 0 1
154 259 0 1
153 259 0 1
152 259 0 1
389 258 0 0
388 258 0 0
387 258 0 0
386 258 0 0
385 258 0 0
384 258 0 0
383 258 0 0
382 258 0 0
381 258 0 0
380 258 0 0
379 258 0 0
378 258 0 0
377 258 0 0
376 258 0 0
375 258 0 0
374 258 0 0
373 258 0 0
372 258 0 0
371 258 0 0
370 258 0 0
207 258 0 1
206 258 0 1
205 258 0 1
204 258 0 1
203 258 0 1
202 258 0 1
201 258 0 1
200 258 0 1
199 258 0 1
198 258 0 1
197 258 0 1
196 258 0 1
195 258 0 1
194 258 0 1
193 258 0 1
192 258 0 1
191 258 0 1
190 258 0 1
189 258 0 1
188 258 0 1
187 258 0 1
186 258 0 1
185 258 0 1
184 258 0 1
183 258 0 1
182 258 0 1
181 258 0 1
180 258 0 1
179 258 0 1
178 258 0 1
177 258 0 1
176 258 0 1
175 258 0 1
174 258 0 1
173 258 0 1
172 258 0 1
171 258 0 1
170 258 0 1
169 258 0 1
168 258 0 1
167 258 0 1
166 258 0 1
165 258 0 1
164 258 0 1
163 258 0 1
162 258 0 1
161 258 0 1
160 258 0 1
159 258 0 1
158 258 0 1
157 258 0 1
156 258 0 1
155 258 0 1
154 258 0 1
153 258 0 1
152 258 0 1
151 258 0 1
150 258 0 1
391 257 0 0
390 257 0 0
389 257 0 0
388 257 0 0
387 257 0 0
386 257 0 0
385 257 0 0
384 257 0 0
383 257 0 0
382 257 0 0
381 257 0 0
380 257 0 0
379 257 0 0
378 257 0 0
377 257 0 0
376 257 0 0
375 257 0 0
374 257 0 0
373 257 0 0
208 257 0 1
207 257 0 1
206 257 0 1
205 257 0 1
204 257 0 1
203 257 0 1
202 257 0 1
201 257 0 1
200 257 0 1
199 257 0 1
194 257 0 1
193 257 0 1
192 257 0 1
191 257 0 1
190 257 0 1
189 257 0 1
188 257 0 1
187 257 0 1
186 257 0 1
185 257 0 1
184 257 0 1
183 257 0 1
182 257 0 1
181 257 0 1
180 257 0 1
179 257 0 1
178 257 0 1
177 257 0 1
176 257 0 1
175 257 0 1
174 257 0 1
173 257 0 1
172 257 0 1
171 257 0 1
170 257 0 1
169 257 0 1
168 257 0 1
167 257 0 1
166 257 0 1
165 257 0 1
164 257 0 1
163 257 0 1
162 257 0 1
161 257 0 1
160 257 0 1
159 257 0 1
158 257 0 1
157 257 0 1
156 257 0 1
155 257 0 1
154 257 0 1
153 257 0 1
152 257 0 1
151 257 0 1
150 257 0 1
149 257 0 1
148 257 0 1
392 256 0 0
391 256 0 0
390 256 0 0
389 256 0 0
388 256 0 0
387 256 0 0
386 256 0 0
385 256 0 0
384 256 0 0
382 256 0 0
381 256 0 0
380 256 0 0
379 256 0 0
378 256 0 0
210 256 0 1
209 256 0 1
208 256 0 1
207 256 0 1
206 256 0 1
205 256 0 1
204 256 0 1
203 256 0 1
202 256 0 1
201 256 0 1
200 256 0 1
156 256 0 1
155 256 0 1
154 256 0 1
153 256 0 1
152 256 0 1
151 256 0 1
150 256 0 1
149 256 0 1
148 256 0 1
147 256 0 1
394 255 0 0
393 255 0 0
392 255 0 0
391 255 0 0
390 255 0 0
389 255 0 0
388 255 0 0
387 255 0 0
386 255 0 0
385 255 0 0
212 255 0 1
211 255 0 1
210 255 0 1
209 255 0 1
208 255 0 1
207 255 0 1
206 255 0 1
205 255 0 1
204 255 0 1
203 255 0 1
202 255 0 1
201 255 0 1
154 255 0 1
153 255 0 1
152 255 0 1
151 255 0 1
150 255 0 1
149 255 0 1
148 255 0 1
147 255 0 1
146 255 0 1
395 254 0 0
394 254 0 0
393 254 0 0
392 254 0 0
391 254 0 0
390 254 0 0
389 254 0 0
388 254 0 0
387 254 0 0
214 254 0 1
213 254 0 1
212 254 0 1
211 254 0 1
210 254 0 1
209 254 0 1
208 254 0 1
207 254 0 1
206 254 0 1
205 254 0 1
204 254 0 1
152 254 0 1
151 254 0 1
150 254 0 1
149 254 0 1
148 254 0 1
147 254 0 1
146 254 0 1
145 254 0 1
397 253 0 0
396 253 0 0
395 253 0 0
394 253 0 0
393 253 0 0
392 253 0 0
391 253 0 0
390 253 0 0
389 253 0 0
388 253 0 0
216 253 0 1
215 253 0 1
214 253 0 1
213 253 0 1
212 253 0 1
211 253 0 1
210 253 0 1
209 253 0 1
208 253 0 1
207 253 0 1
206 253 0 1
151 253 0 1
150 253 0 1
149 253 0 1
148 253 0 1
147 253 0 1
146 253 0 1
145 253 0 1
144 253 0 1
143 253 0 1
399 252 0 0
398 252 0 0
397 252 0 0
396 252 0 0
395 252 0 0
394 252 0 0
393 252 0 0
392 252 0 0
391 252 0 0
390 252 0 0
218 252 0 1
217 252 0 1
216 252 0 1
215 252 0 1
214 252 0 1
213 252 0 1
212 252 0 1
211 252 0 1
210 252 0 1
209 252 0 1
208 252 0 1
150 252 0 1
149 252 0 1
148 252 0 1
147 252 0 1
146 252 0 1
145 252 0 1
144 252 0 1
143 252 0 1
142 252 0 1
400 251 0 0
399 251 0 0
398 251 0 0
397 251 0 0
396 251 0 0
395 251 0 0
394 251 0 0
393 251 0 0
392 251 0 0
391 251 0 0
220 251 0 1
219 251 0 1
218 251 0 1
217 251 0 1
216 251 0 1
215 251 0 1
214 251 0 1
213 251 0 1
212 251 0 1
211 251 0 1
210 251 0 1
209 251 0 1
148 251 0 1
147 251 0 1
146 251 0 1
145 251 0 1
144 251 0 1
143 251 0 1
142 251 0 1
402 250 0 0
401 250 0 0
400 250 0 0
399 250 0 0
398 250 0 0
397 250 0 0
396 250 0 0
395 250 0 0
394 250 0 0
393 250 0 0
223 250 0 1
222 250 0 1
221 250 0 1
220 250 0 1
219 250 0 1
218 250 0 1
217 250 0 1
216 250 0 1
215 250 0 1
214 250 0 1
213 250 0 1
212 250 0 1
211 250 0 1
148 250 0 1
147 250 0 1
146 250 0 1
145 250 0 1
144 250 0 1
143 250 0 1
142 250 0 1
404 249 0 0
403 249 0 0
402 249 0 0
401 249 0 0
400 249 0 0
399 249 0 0
398 249 0 0
397 249 0 0
396 249 0 0
395 249 0 0
227 249 0 1
226 249 0 1
225 249 0 1
224 249 0 1
223 249 0 1
222 249 0 1
221 249 0 1
220 249 0 1
219 249 0 1
218 249 0 1
217 249 0 1
216 249 0 1
215 249 0 1
214 249 0 1
213 249 0 1
146 249 0 1
145 249 0 1
144 249 0 1
143 249 0 1
142 249 0 1
141 249 0 1
405 248 0 0
404 248 0 0
403 248 0 0
402 248 0 0
401 248 0 0
400 248 0 0
399 248 0 0
398 248 0 0
397 248 0 0
396 248 0 0
229 248 0 1
228 248 0 1
227 248 0 1
226 248 0 1
225 248 0 1
224 248 0 1
223 248 0 1
222 248 0 1
221 248 0 1
220 248 0 1
219 248 0 1
218 248 0 1
217 248 0 1
216 248 0 1
215 248 0 1
145 248 0 1
144 248 0 1
143 248 0 1
142 248 0 1
141 248 0 1
43 248 0 0
42 248 0 0
41 248 0 0
40 248 0 0
407 247 0 0
406 247 0 0
405 247 0 0
404 247 0 0
403 247 0 0
402 247 0 0
401 247 0 0
400 247 0 0
399 247 0 0
398 247 0 0
230 247 0 1
229 247 0 1
228 247 0 1
227 247 0 1
226 247 0 1
225 247 0 1
224 247 0 1
223 247 0 1
222 247 0 1
221 247 0 1
220 247 0 1
219 247 0 1
218 247 0 1
217 247 0 1
145 247 0 1
144 247 0 1
143 247 0 1
142 247 0 1
141 247 0 1
140 247 0 1
46 247 0 0
45 247 0 0
44 247 0 0
43 247 0 0
42 247 0 0
41 247 0 0
40 247 0 0
409 246 0 0
408 246 0 0
407 246 0 0
406 246 0 0
405 246 0 0
404 246 0 0
403 246 0 0
402 246 0 0
401 246 0 0
400 246 0 0
399 246 0 0
232 246 0 1
231 246 0 1
230 246 0 1
229 246 0 1
228 246 0 1
227 246 0 1
226 246 0 1
225 246 0 1
224 246 0 1
223 246 0 1
222 246 0 1
221 246 0 1
220 246 0 1
219 246 0 1
145 246 0 1
144 246 0 1
143 246 0 1
142 246 0 1
141 246 0 1
140 246 0 1
48 246 0 0
47 246 0 0
46 246 0 0
45 246 0 0
44 246 0 0
43 246 0 0
42 246 0 0
41 246 0 0
40 246 0 0
411 245 0 0
410 245 0 0
409 245 0 0
408 245 0 0
407 245 0 0
406 245 0 0
405 245 0 0
404 245 0 0
403 245 0 0
402 245 0 0
401 245 0 0
234 245 0 1
233 245 0 1
232 245 0 1
231 245 0 1
230 245 0 1
229 245 0 1
228 245 0 1
227 245 0 1
226 245 0 1
225 245 0 1
224 245 0 1
223 245 0 1
144 245 0 1
143 245 0 1
142 245 0 1
141 245 0 1
140 245 0 1
50 245 0 0
49 245 0 0
48 245 0 0
47 245 0 0
46 245 0 0
45 245 0 0
44 245 0 0
43 245 0 0
42 245 0 0
41 245 0 0
40 245 0 0
413 244 0 0
412 244 0 0
411 244 0 0
410 244 0 0
409 244 0 0
408 244 0 0
407 244 0 0
406 244 0 0
405 244 0 0
404 244 0 0
403 244 0 0
236 244 0 1
235 244 0 1
234 244 0 1
233 244 0 1
232 244 0 1
231 244 0 1
230 244 0 1
229 244 0 1
228 244 0 1
227 244 0 1
226 244 0 1
144 244 0 1
143 244 0 1
142 244 0 1
141 244 0 1
140 244 0 1
53 244 0 0
52 244 0 0
51 244 0 0
50 244 0 0
49 244 0 0
48 244 0 0
47 244 0 0
46 244 0 0
45 244 0 0
44 244 0 0
43 244 0 0
42 244 0 0
41 244 0 0
40 244 0 0
414 243 0 0
413 243 0 0
412 243 0 0
411 243 0 0
410 243 0 0
409 243 0 0
408 243 0 0
407 243 0 0
406 243 0 0
405 243 0 0
238 243 0 1
237 243 0 1
236 243 0 1
235 243 0 1
234 243 0 1
233 243 0 1
232 243 0 1
231 243 0 1
230 243 0 1
229 243 0 1
228 243 0 1
143 243 0 1
142 243 0 1
141 243 0 1
140 243 0 1
56 243 0 0
55 243 0 0
54 243 0 0
53 243 0 0
52 243 0 0
51 243 0 0
50 243 0 0
49 243 0 0
48 243 0 0
47 243 0 0
46 243 0 0
45 243 0 0
44 243 0 0
43 243 0 0
42 243 0 0
41 243 0 0
416 242 0 0
415 242 0 0
414 242 0 0
413 242 0 0
412 242 0 0
411 242 0 0
410 242 0 0
409 242 0 0
408 242 0 0
407 242 0 0
406 242 0 0
240 242 0 1
239 242 0 1
238 242 0 1
237 242 0 1
236 242 0 1
235 242 0 1
234 242 0 1
233 242 0 1
232 242 0 1
231 242 0 1
230 242 0 1
229 242 0 1
58 242 0 0
57 242 0 0
56 242 0 0
55 242 0 0
54 242 0 0
53 242 0 0
52 242 0 0
51 242 0 0
50 242 0 0
49 242 0 0
48 242 0 0
47 242 0 0
46 242 0 0
45 242 0 0
418 241 0 0
417 241 0 0
416 241 0 0
415 241 0 0
414 241 0 0
413 241 0 0
412 241 0 0
411 241 0 0
410 241 0 0
409 241 0 0
408 241 0 0
243 241 0 1
242 241 0 1
241 241 0 1
240 241 0 1
239 241 0 1
238 241 0 1
237 241 0 1
236 241 0 1
235 241 0 1
234 241 0 1
233 241 0 1
232 241 0 1
231 241 0 1
60 241 0 0
59 241 0 0
58 241 0 0
57 241 0 0
56 241 0 0
55 241 0 0
54 241 0 0
53 241 0 0
52 241 0 0
51 241 0 0
50 241 0 0
49 241 0 0
48 241 0 0
47 241 0 0
419 240 0 0
418 240 0 0
417 240 0 0
416 240 0 0
415 240 0 0
414 240 0 0
413 240 0 0
412 240 0 0
411 240 0 0
410 240 0 0
244 240 0 1
243 240 0 1
242 240 0 1
241 240 0 1
240 240 0 1
239 240 0 1
238 240 0 1
237 240 0 1
236 240 0 1
235 240 0 1
234 240 0 1
233 240 0 1
62 240 0 0
61 240 0 0
60 240 0 0
59 240 0 0
58 240 0 0
57 240 0 0
56 240 0 0
55 240 0 0
54 240 0 0
53 240 0 0
52 240 0 0
51 240 0 0
50 240 0 0
49 240 0 0
421 239 0 0
420 239 0 0
419 239 0 0
418 239 0 0
417 239 0 0
416 239 0 0
415 239 0 0
414 239 0 0
413 239 0 0
412 239 0 0
245 239 0 1
244 239 0 1
243 239 0 1
242 239 0 1
241 239 0 1
240 239 0 1
239 239 0 1
238 239 0 1
237 239 0 1
236 239 0 1
235 239 0 1
64 239 0 0
63 239 0 0
62 239 0 0
61 239 0 0
60 239 0 0
59 239 0 0
58 239 0 0
57 239 0 0
56 239 0 0
55 239 0 0
54 239 0 0
53 239 0 0
52 239 0 0
422 238 0 0
421 238 0 0
420 238 0 0
419 238 0 0
418 238 0 0
417 238 0 0
416 238 0 0
415 238 0 0
414 238 0 0
246 238 0 1
245 238 0 1
244 238 0 1
243 238 0 1
242 238 0 1
241 238 0 1
240 238 0 1
239 238 0 1
238 238 0 1
237 238 0 1
67 238 0 0
66 238 0 0
65 238 0 0
64 238 0 0
63 238 0 0
62 238 0 0
61 238 0 0
60 238 0 0
59 238 0 0
58 238 0 0
57 238 0 0
56 238 0 0
55 238 0 0
424 237 0 0
423 237 0 0
422 237 0 0
421 237 0 0
420 237 0 0
419 237 0 0
418 237 0 0
417 237 0 0
416 237 0 0
415 237 0 0
247 237 0 1
246 237 0 1
245 237 0 1
244 237 0 1
243 237 0 1
242 237 0 1
241 237 0 1
240 237 0 1
69 237 0 0
68 237 0 0
67 237 0 0
66 237 0 0
65 237 0 0
64 237 0 0
63 237 0 0
62 237 0 0
61 237 0 0
60 237 0 0
59 237 0 0
58 237 0 0
57 237 0 0
425 236 0 0
424 236 0 0
423 236 0 0
422 236 0 0
421 236 0 0
420 236 0 0
419 236 0 0
418 236 0 0
417 236 0 0
248 236 0 1
247 236 0 1
246 236 0 1
245 236 0 1
244 236 0 1
243 236 0 1
242 236 0 1
71 236 0 0
70 236 0 0
69 236 0 0
68 236 0 0
67 236 0 0
66 236 0 0
65 236 0 0
64 236 0 0
63 236 0 0
62 236 0 0
61 236 0 0
60 236 0 0
427 235 0 0
426 235 0 0
425 235 0 0
424 235 0 0
423 235 0 0
422 235 0 0
421 235 0 0
420 235 0 0
419 235 0 0
249 235 0 1
248 235 0 1
247 235 0 1
246 235 0 1
245 235 0 1
244 235 0 1
243 235 0 1
74 235 0 0
73 235 0 0
72 235 0 0
71 235 0 0
70 235 0 0
69 235 0 0
68 235 0 0
67 235 0 0
66 235 0 0
65 235 0 0
64 235 0 0
63 235 0 0
62 235 0 0
428 234 0 0
427 234 0 0
426 234 0 0
425 234 0 0
424 234 0 0
423 234 0 0
422 234 0 0
421 234 0 0
420 234 0 0
251 234 0 1
250 234 0 1
249 234 0 1
248 234 0 1
247 234 0 1
246 234 0 1
245 234 0 1
244 234 0 1
76 234 0 0
75 234 0 0
74 234 0 0
73 234 0 0
72 234 0 0
71 234 0 0
70 234 0 0
69 234 0 0
68 234 0 0
67 234 0 0
66 234 0 0
65 234 0 0
64 234 0 0
430 233 0 0
429 233 0 0
428 233 0 0
427 233 0 0
426 233 0 0
425 233 0 0
424 233 0 0
423 233 0 0
422 233 0 0
254 233 0 1
253 233 0 1
252 233 0 1
251 233 0 1
250 233 0 1
249 233 0 1
248 233 0 1
247 233 0 1
246 233 0 1
245 233 0 1
79 233 0 0
78 233 0 0
77 233 0 0
76 233 0 0
75 233 0 0
74 233 0 0
73 233 0 0
72 233 0 0
71 233 0 0
70 233 0 0
69 233 0 0
68 233 0 0
67 233 0 0
66 233 0 0
431 232 0 0
430 232 0 0
429 232 0 0
428 232 0 0
427 232 0 0
426 232 0 0
425 232 0 0
424 232 0 0
423 232 0 0
255 232 0 1
254 232 0 1
253 232 0 1
252 232 0 1
251 232 0 1
250 232 0 1
249 232 0 1
248 232 0 1
247 232 0 1
246 232 0 1
81 232 0 0
80 232 0 0
79 232 0 0
78 232 0 0
77 232 0 0
76 232 0 0
75 232 0 0
74 232 0 0
73 232 0 0
72 232 0 0
71 232 0 0
70 232 0 0
69 232 0 0
68 232 0 0
433 231 0 0
432 231 0 0
431 231 0 0
430 231 0 0
429 231 0 0
428 231 0 0
427 231 0 0
426 231 0 0
425 231 0 0
257 231 0 1
256 231 0 1
255 231 0 1
254 231 0 1
253 231 0 1
252 231 0 1
251 231 0 1
250 231 0 1
249 231 0 1
248 231 0 1
247 231 0 1
84 231 0 0
83 231 0 0
82 231 0 0
81 231 0 0
80 231 0 0
79 231 0 0
78 231 0 0
77 231 0 0
76 231 0 0
75 231 0 0
74 231 0 0
73 231 0 0
72 231 0 0
71 231 0 0
435 230 0 0
434 230 0 0
433 230 0 0
432 230 0 0
431 230 0 0
430 230 0 0
429 230 0 0
428 230 0 0
427 230 0 0
426 230 0 0
258 230 0 1
257 230 0 1
256 230 0 1
255 230 0 1
254 230 0 1
253 230 0 1
252 230 0 1
251 230 0 1
250 230 0 1
249 230 0 1
248 230 0 1
86 230 0 0
85 230 0 0
84 230 0 0
83 230 0 0
82 230 0 0
81 230 0 0
80 230 0 0
79 230 0 0
78 230 0 0
77 230 0 0
76 230 0 0
75 230 0 0
74 230 0 0
73 230 0 0
436 229 0 0
435 229 0 0
434 229 0 0
433 229 0 0
432 229 0 0
431 229 0 0
430 229 0 0
429 229 0 0
428 229 0 0
259 229 0 1
258 229 0 1
257 229 0 1
256 229 0 1
255 229 0 1
254 229 0 1
253 229 0 1
252 229 0 1
251 229 0 1
88 229 0 0
87 229 0 0
86 229 0 0
85 229 0 0
84 229 0 0
83 229 0 0
82 229 0 0
81 229 0 0
80 229 0 0
79 229 0 0
78 229 0 0
77 229 0 0
76 229 0 0
438 228 0 0
437 228 0 0
436 228 0 0
435 228 0 0
434 228 0 0
433 228 0 0
432 228 0 0
431 228 0 0
430 228 0 0
429 228 0 0
261 228 0 1
260 228 0 1
259 228 0 1
258 228 0 1
257 228 0 1
256 228 0 1
255 228 0 1
254 228 0 1
253 228 0 1
91 228 0 0
90 228 0 0
89 228 0 0
88 228 0 0
87 228 0 0
86 228 0 0
85 228 0 0
84 228 0 0
83 228 0 0
82 228 0 0
81 228 0 0
80 228 0 0
79 228 0 0
78 228 0 0
439 227 0 0
438 227 0 0
437 227 0 0
436 227 0 0
435 227 0 0
434 227 0 0
433 227 0 0
432 227 0 0
431 227 0 0
262 227 0 1
261 227 0 1
260 227 0 1
259 227 0 1
258 227 0 1
257 227 0 1
256 227 0 1
255 227 0 1
254 227 0 1
93 227 0 0
92 227 0 0
91 227 0 0
90 227 0 0
89 227 0 0
88 227 0 0
87 227 0 0
86 227 0 0
85 227 0 0
84 227 0 0
83 227 0 0
82 227 0 0
81 227 0 0
441 226 0 0
440 226 0 0
439 226 0 0
438 226 0 0
437 226 0 0
436 226 0 0
435 226 0 0
434 226 0 0
433 226 0 0
432 226 0 0
264 226 0 1
263 226 0 1
262 226 0 1
261 226 0 1
260 226 0 1
259 226 0 1
258 226 0 1
257 226 0 1
256 226 0 1
95 226 0 0
94 226 0 0
93 226 0 0
92 226 0 0
91 226 0 0
90 226 0 0
89 226 0 0
88 226 0 0
87 226 0 0
86 226 0 0
85 226 0 0
84 226 0 0
83 226 0 0
442 225 0 0
441 225 0 0
440 225 0 0
439 225 0 0
438 225 0 0
437 225 0 0
436 225 0 0
435 225 0 0
434 225 0 0
267 225 0 1
266 225 0 1
265 225 0 1
264 225 0 1
263 225 0 1
262 225 0 1
261 225 0 1
260 225 0 1
259 225 0 1
258 225 0 1
257 225 0 1
96 225 0 0
95 225 0 0
94 225 0 0
93 225 0 0
92 225 0 0
91 225 0 0
90 225 0 0
89 225 0 0
88 225 0 0
87 225 0 0
86 225 0 0
85 225 0 0
444 224 0 0
443 224 0 0
442 224 0 0
441 224 0 0
440 224 0 0
439 224 0 0
438 224 0 0
437 224 0 0
436 224 0 0
435 224 0 0
270 224 0 1
269 224 0 1
268 224 0 1
267 224 0 1
266 224 0 1
265 224 0 1
264 224 0 1
263 224 0 1
262 224 0 1
261 224 0 1
260 224 0 1
259 224 0 1
258 224 0 1
98 224 0 0
97 224 0 0
96 224 0 0
95 224 0 0
94 224 0 0
93 224 0 0
92 224 0 0
91 224 0 0
90 224 0 0
89 224 0 0
88 224 0 0
445 223 0 0
444 223 0 0
443 223 0 0
442 223 0 0
441 223 0 0
440 223 0 0
439 223 0 0
438 223 0 0
437 223 0 0
273 223 0 1
272 223 0 1
271 223 0 1
270 223 0 1
269 223 0 1
268 223 0 1
267 223 0 1
266 223 0 1
265 223 0 1
264 223 0 1
263 223 0 1
262 223 0 1
261 223 0 1
260 223 0 1
100 223 0 0
99 223 0 0
98 223 0 0
97 223 0 0
96 223 0 0
95 223 0 0
94 223 0 0
93 223 0 0
92 223 0 0
91 223 0 0
90 223 0 0
447 222 0 0
446 222 0 0
445 222 0 0
444 222 0 0
443 222 0 0
442 222 0 0
441 222 0 0
440 222 0 0
439 222 0 0
438 222 0 0
275 222 0 1
274 222 0 1
273 222 0 1
272 222 0 1
271 222 0 1
270 222 0 1
269 222 0 1
268 222 0 1
267 222 0 1
266 222 0 1
265 222 0 1
264 222 0 1
263 222 0 1
262 222 0 1
261 222 0 1
103 222 0 0
102 222 0 0
101 222 0 0
100 222 0 0
99 222 0 0
98 222 0 0
97 222 0 0
96 222 0 0
95 222 0 0
94 222 0 0
93 222 0 0
92 222 0 0
448 221 0 0
447 221 0 0
446 221 0 0
445 221 0 0
444 221 0 0
443 221 0 0
442 221 0 0
441 221 0 0
440 221 0 0
276 221 0 1
275 221 0 1
274 221 0 1
273 221 0 1
272 221 0 1
271 221 0 1
270 221 0 1
269 221 0 1
268 221 0 1
267 221 0 1
266 221 0 1
265 221 0 1
264 221 0 1
106 221 0 0
105 221 0 0
104 221 0 0
103 221 0 0
102 221 0 0
101 221 0 0
100 221 0 0
99 221 0 0
98 221 0 0
97 221 0 0
96 221 0 0
95 221 0 0
94 221 0 0
449 220 0 0
448 220 0 0
447 220 0 0
446 220 0 0
445 220 0 0
444 220 0 0
443 220 0 0
442 220 0 0
441 220 0 0
278 220 0 1
277 220 0 1
276 220 0 1
275 220 0 1
274 220 0 1
273 220 0 1
272 220 0 1
271 220 0 1
270 220 0 1
269 220 0 1
268 220 0 1
267 220 0 1
266 220 0 1
109 220 0 0
108 220 0 0
107 220 0 0
106 220 0 0
105 220 0 0
104 220 0 0
103 220 0 0
102 220 0 0
101 220 0 0
100 220 0 0
99 220 0 0
98 220 0 0
97 220 0 0
96 220 0 0
451 219 0 0
450 219 0 0
449 219 0 0
448 219 0 0
447 219 0 0
446 219 0 0
445 219 0 0
444 219 0 0
443 219 0 0
280 219 0 1
279 219 0 1
278 219 0 1
277 219 0 1
276 219 0 1
275 219 0 1
274 219 0 1
273 219 0 1
272 219 0 1
271 219 0 1
270 219 0 1
269 219 0 1
112 219 0 0
111 219 0 0
110 219 0 0
109 219 0 0
108 219 0 0
107 219 0 0
106 219 0 0
105 219 0 0
104 219 0 0
103 219 0 0
102 219 0 0
101 219 0 0
100 219 0 0
99 219 0 0
98 219 0 0
97 219 0 0
453 218 0 0
452 218 0 0
451 218 0 0
450 218 0 0
449 218 0 0
448 218 0 0
447 218 0 0
446 218 0 0
445 218 0 0
444 218 0 0
283 218 0 1
282 218 0 1
281 218 0 1
280 218 0 1
279 218 0 1
278 218 0 1
277 218 0 1
276 218 0 1
275 218 0 1
274 218 0 1
273 218 0 1
272 218 0 1
120 218 0 0
119 218 0 0
118 218 0 0
117 218 0 0
116 218 0 0
115 218 0 0
114 218 0 0
113 218 0 0
112 218 0 0
111 218 0 0
110 218 0 0
109 218 0 0
108 218 0 0
107 218 0 0
106 218 0 0
105 218 0 0
104 218 0 0
103 218 0 0
102 218 0 0
101 218 0 0
100 218 0 0
99 218 0 0
455 217 0 0
454 217 0 0
453 217 0 0
452 217 0 0
451 217 0 0
450 217 0 0
449 217 0 0
448 217 0 0
447 217 0 0
446 217 0 0
445 217 0 0
285 217 0 1
284 217 0 1
283 217 0 1
282 217 0 1
281 217 0 1
280 217 0 1
279 217 0 1
278 217 0 1
277 217 0 1
276 217 0 1
275 217 0 1
274 217 0 1
124 217 0 0
123 217 0 0
122 217 0 0
121 217 0 0
120 217 0 0
119 217 0 0
118 217 0 0
117 217 0 0
116 217 0 0
115 217 0 0
114 217 0 0
113 217 0 0
112 217 0 0
111 217 0 0
110 217 0 0
109 217 0 0
108 217 0 0
107 217 0 0
106 217 0 0
105 217 0 0
104 217 0 0
103 217 0 0
102 217 0 0
457 216 0 0
456 216 0 0
455 216 0 0
454 216 0 0
453 216 0 0
452 216 0 0
451 216 0 0
450 216 0 0
449 216 0 0
448 216 0 0
447 216 0 0
288 216 0 1
287 216 0 1
286 216 0 1
285 216 0 1
284 216 0 1
283 216 0 1
282 216 0 1
281 216 0 1
280 216 0 1
279 216 0 1
278 216 0 1
277 216 0 1
276 216 0 1
275 216 0 1
132 216 0 0
131 216 0 0
130 216 0 0
129 216 0 0
128 216 0 0
127 216 0 0
126 216 0 0
125 216 0 0
124 216 0 0
123 216 0 0
122 216 0 0
121 216 0 0
120 216 0 0
119 216 0 0
118 216 0 0
117 216 0 0
116 216 0 0
115 216 0 0
114 216 0 0
113 216 0 0
112 216 0 0
111 216 0 0
110 216 0 0
109 216 0 0
108 216 0 0
107 216 0 0
106 216 0 0
105 216 0 0
459 215 0 0
458 215 0 0
457 215 0 0
456 215 0 0
455 215 0 0
454 215 0 0
453 215 0 0
452 215 0 0
451 215 0 0
450 215 0 0
449 215 0 0
448 215 0 0
290 215 0 1
289 215 0 1
288 215 0 1
287 215 0 1
286 215 0 1
285 215 0 1
284 215 0 1
283 215 0 1
282 215 0 1
281 215 0 1
280 215 0 1
279 215 0 1
278 215 0 1
277 215 0 1
197 215 0 0
196 215 0 0
195 215 0 0
194 215 0 0
193 215 0 0
192 215 0 0
191 215 0 0
190 215 0 0
189 215 0 0
188 215 0 0
187 215 0 0
186 215 0 0
185 215 0 0
184 215 0 0
183 215 0 0
182 215 0 0
181 215 0 0
180 215 0 0
179 215 0 0
178 215 0 0
177 215 0 0
176 215 0 0
175 215 0 0
174 215 0 0
173 215 0 0
172 215 0 0
171 215 0 0
170 215 0 0
169 215 0 0
168 215 0 0
167 215 0 0
166 215 0 0
165 215 0 0
164 215 0 0
163 215 0 0
162 215 0 0
161 215 0 0
160 215 0 0
159 215 0 0
158 215 0 0
157 215 0 0
156 215 0 0
155 215 0 0
154 215 0 0
153 215 0 0
152 215 0 0
151 215 0 0
150 215 0 0
149 215 0 0
148 215 0 0
147 215 0 0
146 215 0 0
145 215 0 0
144 215 0 0
143 215 0 0
142 215 0 0
141 215 0 0
140 215 0 0
139 215 0 0
138 215 0 0
137 215 0 0
136 215 0 0
135 215 0 0
134 215 0 0
133 215 0 0
132 215 0 0
131 215 0 0
130 215 0 0
129 215 0 0
128 215 0 0
127 215 0 0
126 215 0 0
125 215 0 0
124 215 0 0
123 215 0 0
122 215 0 0
121 215 0 0
120 215 0 0
119 215 0 0
118 215 0 0
117 215 0 0
116 215 0 0
115 215 0 0
114 215 0 0
113 215 0 0
112 215 0 0
111 215 0 0
110 215 0 0
109 215 0 0
108 215 0 0
462 214 0 0
461 214 0 0
460 214 0 0
459 214 0 0
458 214 0 0
457 214 0 0
456 214 0 0
455 214 0 0
454 214 0 0
453 214 0 0
452 214 0 0
451 214 0 0
450 214 0 0
293 214 0 1
292 214 0 1
291 214 0 1
290 214 0 1
289 214 0 1
288 214 0 1
287 214 0 1
286 214 0 1
285 214 0 1
284 214 0 1
283 214 0 1
282 214 0 1
281 214 0 1
280 214 0 1
200 214 0 0
199 214 0 0
198 214 0 0
197 214 0 0
196 214 0 0
195 214 0 0
194 214 0 0
193 214 0 0
192 214 0 0
191 214 0 0
190 214 0 0
189 214 0 0
188 214 0 0
187 214 0 0
186 214 0 0
185 214 0 0
184 214 0 0
183 214 0 0
182 214 0 0
181 214 0 0
180 214 0 0
179 214 0 0
178 214 0 0
177 214 0 0
176 214 0 0
175 214 0 0
174 214 0 0
173 214 0 0
172 214 0 0
171 214 0 0
170 214 0 0
169 214 0 0
168 214 0 0
167 214 0 0
166 214 0 0
165 214 0 0
164 214 0 0
163 214 0 0
162 214 0 0
161 214 0 0
160 214 0 0
159 214 0 0
158 214 0 0
157 214 0 0
156 214 0 0
155 214 0 0
154 214 0 0
153 214 0 0
152 214 0 0
151 214 0 0
150 214 0 0
149 214 0 0
148 214 0 0
147 214 0 0
146 214 0 0
145 214 0 0
144 214 0 0
143 214 0 0
142 214 0 0
141 214 0 0
140 214 0 0
139 214 0 0
138 214 0 0
137 214 0 0
136 214 0 0
135 214 0 0
134 214 0 0
133 214 0 0
132 214 0 0
131 214 0 0
130 214 0 0
129 214 0 0
128 214 0 0
127 214 0 0
126 214 0 0
125 214 0 0
124 214 0 0
123 214 0 0
122 214 0 0
121 214 0 0
120 214 0 0
119 214 0 0
118 214 0 0
465 213 0 0
464 213 0 0
463 213 0 0
462 213 0 0
461 213 0 0
460 213 0 0
459 213 0 0
458 213 0 0
457 213 0 0
456 213 0 0
455 213 0 0
454 213 0 0
453 213 0 0
452 213 0 0
296 213 0 1
295 213 0 1
294 213 0 1
293 213 0 1
292 213 0 1
291 213 0 1
290 213 0 1
289 213 0 1
288 213 0 1
287 213 0 1
286 213 0 1
285 213 0 1
284 213 0 1
283 213 0 1
282 213 0 1
203 213 0 0
202 213 0 0
201 213 0 0
200 213 0 0
199 213 0 0
198 213 0 0
197 213 0 0
196 213 0 0
195 213 0 0
194 213 0 0
193 213 0 0
192 213 0 0
191 213 0 0
190 213 0 0
189 213 0 0
188 213 0 0
187 213 0 0
186 213 0 0
185 213 0 0
184 213 0 0
183 213 0 0
182 213 0 0
181 213 0 0
180 213 0 0
179 213 0 0
178 213 0 0
177 213 0 0
176 213 0 0
175 213 0 0
174 213 0 0
173 213 0 0
172 213 0 0
171 213 0 0
170 213 0 0
169 213 0 0
168 213 0 0
167 213 0 0
166 213 0 0
165 213 0 0
164 213 0 0
163 213 0 0
162 213 0 0
161 213 0 0
160 213 0 0
159 213 0 0
158 213 0 0
157 213 0 0
156 213 0 0
155 213 0 0
154 213 0 0
153 213 0 0
152 213 0 0
151 213 0 0
150 213 0 0
149 213 0 0
148 213 0 0
147 213 0 0
146 213 0 0
145 213 0 0
144 213 0 0
143 213 0 0
142 213 0 0
141 213 0 0
140 213 0 0
139 213 0 0
138 213 0 0
137 213 0 0
136 213 0 0
135 213 0 0
134 213 0 0
133 213 0 0
132 213 0 0
131 213 0 0
130 213 0 0
129 213 0 0
128 213 0 0
127 213 0 0
126 213 0 0
125 213 0 0
124 213 0 0
123 213 0 0
122 213 0 0
121 213 0 0
467 212 0 0
466 212 0 0
465 212 0 0
464 212 0 0
463 212 0 0
462 212 0 0
461 212 0 0
460 212 0 0
459 212 0 0
458 212 0 0
457 212 0 0
456 212 0 0
455 212 0 0
454 212 0 0
299 212 0 1
298 212 0 1
297 212 0 1
296 212 0 1
295 212 0 1
294 212 0 1
293 212 0 1
292 212 0 1
291 212 0 1
290 212 0 1
289 212 0 1
288 212 0 1
287 212 0 1
286 212 0 1
285 212 0 1
206 212 0 0
205 212 0 0
204 212 0 0
203 212 0 0
202 212 0 0
201 212 0 0
200 212 0 0
199 212 0 0
198 212 0 0
197 212 0 0
196 212 0 0
195 212 0 0
194 212 0 0
193 212 0 0
192 212 0 0
191 212 0 0
190 212 0 0
189 212 0 0
188 212 0 0
187 212 0 0
186 212 0 0
185 212 0 0
184 212 0 0
183 212 0 0
182 212 0 0
181 212 0 0
180 212 0 0
179 212 0 0
178 212 0 0
177 212 0 0
176 212 0 0
175 212 0 0
174 212 0 0
173 212 0 0
172 212 0 0
171 212 0 0
170 212 0 0
169 212 0 0
168 212 0 0
167 212 0 0
166 212 0 0
165 212 0 0
164 212 0 0
163 212 0 0
162 212 0 0
161 212 0 0
160 212 0 0
159 212 0 0
158 212 0 0
157 212 0 0
156 212 0 0
155 212 0 0
154 212 0 0
153 212 0 0
152 212 0 0
151 212 0 0
150 212 0 0
149 212 0 0
148 212 0 0
147 212 0 0
146 212 0 0
145 212 0 0
144 212 0 0
143 212 0 0
142 212 0 0
141 212 0 0
140 212 0 0
139 212 0 0
138 212 0 0
137 212 0 0
136 212 0 0
135 212 0 0
134 212 0 0
133 212 0 0
132 212 0 0
131 212 0 0
130 212 0 0
129 212 0 0
128 212 0 0
127 212 0 0
126 212 0 0
469 211 0 0
468 211 0 0
467 211 0 0
466 211 0 0
465 211 0 0
464 211 0 0
463 211 0 0
462 211 0 0
461 211 0 0
460 211 0 0
459 211 0 0
458 211 0 0
457 211 0 0
456 211 0 0
301 211 0 1
300 211 0 1
299 211 0 1
298 211 0 1
297 211 0 1
296 211 0 1
295 211 0 1
294 211 0 1
293 211 0 1
292 211 0 1
291 211 0 1
290 211 0 1
289 211 0 1
288 211 0 1
287 211 0 1
208 211 0 0
207 211 0 0
206 211 0 0
205 211 0 0
204 211 0 0
203 211 0 0
202 211 0 0
201 211 0 0
200 211 0 0
199 211 0 0
198 211 0 0
197 211 0 0
196 211 0 0
195 211 0 0
194 211 0 0
473 210 0 0
472 210 0 0
471 210 0 0
470 210 0 0
469 210 0 0
468 210 0 0
467 210 0 0
466 210 0 0
465 210 0 0
464 210 0 0
463 210 0 0
462 210 0 0
461 210 0 0
460 210 0 0
459 210 0 0
303 210 0 1
302 210 0 1
301 210 0 1
300 210 0 1
299 210 0 1
298 210 0 1
297 210 0 1
296 210 0 1
295 210 0 1
294 210 0 1
293 210 0 1
292 210 0 1
291 210 0 1
290 210 0 1
210 210 0 0
209 210 0 0
208 210 0 0
207 210 0 0
206 210 0 0
205 210 0 0
204 210 0 0
203 210 0 0
202 210 0 0
201 210 0 0
200 210 0 0
199 210 0 0
198 210 0 0
197 210 0 0
473 209 0 0
472 209 0 0
471 209 0 0
470 209 0 0
469 209 0 0
468 209 0 0
467 209 0 0
466 209 0 0
465 209 0 0
464 209 0 0
463 209 0 0
462 209 0 0
305 209 0 1
304 209 0 1
303 209 0 1
302 209 0 1
301 209 0 1
300 209 0 1
299 209 0 1
298 209 0 1
297 209 0 1
296 209 0 1
295 209 0 1
294 209 0 1
293 209 0 1
292 209 0 1
212 209 0 0
211 209 0 0
210 209 0 0
209 209 0 0
208 209 0 0
207 209 0 0
206 209 0 0
205 209 0 0
204 209 0 0
203 209 0 0
202 209 0 0
201 209 0 0
200 209 0 0
199 209 0 0
473 208 0 0
472 208 0 0
471 208 0 0
470 208 0 0
469 208 0 0
468 208 0 0
467 208 0 0
466 208 0 0
465 208 0 0
464 208 0 0
306 208 0 1
305 208 0 1
304 208 0 1
303 208 0 1
302 208 0 1
301 208 0 1
300 208 0 1
299 208 0 1
298 208 0 1
297 208 0 1
296 208 0 1
295 208 0 1
215 208 0 0
214 208 0 0
213 208 0 0
212 208 0 0
211 208 0 0
210 208 0 0
209 208 0 0
208 208 0 0
207 208 0 0
206 208 0 0
205 208 0 0
204 208 0 0
203 208 0 0
202 208 0 0
473 207 0 0
472 207 0 0
471 207 0 0
470 207 0 0
469 207 0 0
468 207 0 0
467 207 0 0
466 207 0 0
307 207 0 1
306 207 0 1
305 207 0 1
304 207 0 1
303 207 0 1
302 207 0 1
301 207 0 1
300 207 0 1
299 207 0 1
298 207 0 1
216 207 0 0
215 207 0 0
214 207 0 0
213 207 0 0
212 207 0 0
211 207 0 0
210 207 0 0
209 207 0 0
208 207 0 0
207 207 0 0
206 207 0 0
205 207 0 0
310 206 0 1
309 206 0 1
308 206 0 1
307 206 0 1
306 206 0 1
305 206 0 1
304 206 0 1
303 206 0 1
302 206 0 1
301 206 0 1
300 206 0 1
218 206 0 0
217 206 0 0
216 206 0 0
215 206 0 0
214 206 0 0
213 206 0 0
212 206 0 0
211 206 0 0
210 206 0 0
209 206 0 0
208 206 0 0
207 206 0 0
312 205 0 1
311 205 0 1
310 205 0 1
309 205 0 1
308 205 0 1
307 205 0 1
306 205 0 1
305 205 0 1
304 205 0 1
303 205 0 1
302 205 0 1
219 205 0 0
218 205 0 0
217 205 0 0
216 205 0 0
215 205 0 0
214 205 0 0
213 205 0 0
212 205 0 0
211 205 0 0
210 205 0 0
209 205 0 0
316 204 0 1
315 204 0 1
314 204 0 1
313 204 0 1
312 204 0 1
311 204 0 1
310 204 0 1
309 204 0 1
308 204 0 1
307 204 0 1
306 204 0 1
305 204 0 1
304 204 0 1
221 204 0 0
220 204 0 0
219 204 0 0
218 204 0 0
217 204 0 0
216 204 0 0
215 204 0 0
214 204 0 0
213 204 0 0
212 204 0 0
322 203 0 1
321 203 0 1
320 203 0 1
319 203 0 1
318 203 0 1
317 203 0 1
316 203 0 1
315 203 0 1
314 203 0 1
313 203 0 1
312 203 0 1
311 203 0 1
310 203 0 1
309 203 0 1
308 203 0 1
307 203 0 1
306 203 0 1
305 203 0 1
223 203 0 0
222 203 0 0
221 203 0 0
220 203 0 0
219 203 0 0
218 203 0 0
217 203 0 0
216 203 0 0
215 203 0 0
214 203 0 0
324 202 0 1
323 202 0 1
322 202 0 1
321 202 0 1
320 202 0 1
319 202 0 1
318 202 0 1
317 202 0 1
316 202 0 1
315 202 0 1
314 202 0 1
313 202 0 1
312 202 0 1
311 202 0 1
310 202 0 1
309 202 0 1
308 202 0 1
307 202 0 1
306 202 0 1
225 202 0 0
224 202 0 0
223 202 0 0
222 202 0 0
221 202 0 0
220 202 0 0
219 202 0 0
218 202 0 0
217 202 0 0
216 202 0 0
215 202 0 0
325 201 0 1
324 201 0 1
323 201 0 1
322 201 0 1
321 201 0 1
320 201 0 1
319 201 0 1
318 201 0 1
317 201 0 1
316 201 0 1
315 201 0 1
314 201 0 1
313 201 0 1
312 201 0 1
311 201 0 1
310 201 0 1
309 201 0 1
227 201 0 0
226 201 0 0
225 201 0 0
224 201 0 0
223 201 0 0
222 201 0 0
221 201 0 0
220 201 0 0
219 201 0 0
218 201 0 0
217 201 0 0
327 200 0 1
326 200 0 1
325 200 0 1
324 200 0 1
323 200 0 1
322 200 0 1
321 200 0 1
320 200 0 1
319 200 0 1
318 200 0 1
317 200 0 1
316 200 0 1
315 200 0 1
314 200 0 1
313 200 0 1
229 200 0 0
228 200 0 0
227 200 0 0
226 200 0 0
225 200 0 0
224 200 0 0
223 200 0 0
222 200 0 0
221 200 0 0
220 200 0 0
219 200 0 0
218 200 0 0
332 199 0 1
331 199 0 1
330 199 0 1
329 199 0 1
328 199 0 1
327 199 0 1
326 199 0 1
325 199 0 1
324 199 0 1
323 199 0 1
322 199 0 1
321 199 0 1
320 199 0 1
319 199 0 1
318 199 0 1
231 199 0 0
230 199 0 0
229 199 0 0
228 199 0 0
227 199 0 0
226 199 0 0
225 199 0 0
224 199 0 0
223 199 0 0
222 199 0 0
221 199 0 0
220 199 0 0
334 198 0 1
333 198 0 1
332 198 0 1
331 198 0 1
330 198 0 1
329 198 0 1
328 198 0 1
327 198 0 1
326 198 0 1
325 198 0 1
324 198 0 1
323 198 0 1
322 198 0 1
321 198 0 1
232 198 0 0
231 198 0 0
230 198 0 0
229 198 0 0
228 198 0 0
227 198 0 0
226 198 0 0
225 198 0 0
224 198 0 0
223 198 0 0
222 198 0 0
336 197 0 1
335 197 0 1
334 197 0 1
333 197 0 1
332 197 0 1
331 197 0 1
330 197 0 1
329 197 0 1
328 197 0 1
327 197 0 1
326 197 0 1
325 197 0 1
324 197 0 1
323 197 0 1
234 197 0 0
233 197 0 0
232 197 0 0
231 197 0 0
230 197 0 0
229 197 0 0
228 197 0 0
227 197 0 0
226 197 0 0
225 197 0 0
224 197 0 0
338 196 0 1
337 196 0 1
336 196 0 1
335 196 0 1
334 196 0 1
333 196 0 1
332 196 0 1
331 196 0 1
330 196 0 1
329 196 0 1
328 196 0 1
327 196 0 1
326 196 0 1
325 196 0 1
324 196 0 1
237 196 0 0
236 196 0 0
235 196 0 0
234 196 0 0
233 196 0 0
232 196 0 0
231 196 0 0
230 196 0 0
229 196 0 0
228 196 0 0
227 196 0 0
226 196 0 0
344 195 0 1
343 195 0 1
342 195 0 1
341 195 0 1
340 195 0 1
339 195 0 1
338 195 0 1
337 195 0 1
336 195 0 1
335 195 0 1
334 195 0 1
333 195 0 1
332 195 0 1
331 195 0 1
330 195 0 1
329 195 0 1
328 195 0 1
327 195 0 1
326 195 0 1
238 195 0 0
237 195 0 0
236 195 0 0
235 195 0 0
234 195 0 0
233 195 0 0
232 195 0 0
231 195 0 0
230 195 0 0
229 195 0 0
228 195 0 0
347 194 0 1
346 194 0 1
345 194 0 1
344 194 0 1
343 194 0 1
342 194 0 1
341 194 0 1
340 194 0 1
339 194 0 1
338 194 0 1
337 194 0 1
336 194 0 1
335 194 0 1
334 194 0 1
333 194 0 1
332 194 0 1
331 194 0 1
239 194 0 0
238 194 0 0
237 194 0 0
236 194 0 0
235 194 0 0
234 194 0 0
233 194 0 0
232 194 0 0
231 194 0 0
230 194 0 0
349 193 0 1
348 193 0 1
347 193 0 1
346 193 0 1
345 193 0 1
344 193 0 1
343 193 0 1
342 193 0 1
341 193 0 1
340 193 0 1
339 193 0 1
338 193 0 1
337 193 0 1
336 193 0 1
335 193 0 1
334 193 0 1
333 193 0 1
240 193 0 0
239 193 0 0
238 193 0 0
237 193 0 0
236 193 0 0
235 193 0 0
234 193 0 0
233 193 0 0
232 193 0 0
352 192 0 1
351 192 0 1
350 192 0 1
349 192 0 1
348 192 0 1
347 192 0 1
346 192 0 1
345 192 0 1
344 192 0 1
343 192 0 1
342 192 0 1
341 192 0 1
340 192 0 1
339 192 0 1
338 192 0 1
337 192 0 1
336 192 0 1
335 192 0 1
243 192 0 0
242 192 0 0
241 192 0 0
240 192 0 0
239 192 0 0
238 192 0 0
237 192 0 0
236 192 0 0
235 192 0 0
234 192 0 0
233 192 0 0
354 191 0 1
353 191 0 1
352 191 0 1
351 191 0 1
350 191 0 1
349 191 0 1
348 191 0 1
347 191 0 1
346 191 0 1
345 191 0 1
344 191 0 1
343 191 0 1
342 191 0 1
341 191 0 1
340 191 0 1
339 191 0 1
338 191 0 1
244 191 0 0
243 191 0 0
242 191 0 0
241 191 0 0
240 191 0 0
239 191 0 0
238 191 0 0
237 191 0 0
236 191 0 0
356 190 0 1
355 190 0 1
354 190 0 1
353 190 0 1
352 190 0 1
351 190 0 1
350 190 0 1
349 190 0 1
348 190 0 1
347 190 0 1
346 190 0 1
345 190 0 1
344 190 0 1
245 190 0 0
244 190 0 0
243 190 0 0
242 190 0 0
241 190 0 0
240 190 0 0
239 190 0 0
238 190 0 0
237 190 0 0
358 189 0 1
357 189 0 1
356 189 0 1
355 189 0 1
354 189 0 1
353 189 0 1
352 189 0 1
351 189 0 1
350 189 0 1
349 189 0 1
348 189 0 1
347 189 0 1
346 189 0 1
246 189 0 0
245 189 0 0
244 189 0 0
243 189 0 0
242 189 0 0
241 189 0 0
240 189 0 0
239 189 0 0
238 189 0 0
361 188 0 1
360 188 0 1
359 188 0 1
358 188 0 1
357 188 0 1
356 188 0 1
355 188 0 1
354 188 0 1
353 188 0 1
352 188 0 1
351 188 0 1
350 188 0 1
349 188 0 1
248 188 0 0
247 188 0 0
246 188 0 0
245 188 0 0
244 188 0 0
243 188 0 0
242 188 0 0
241 188 0 0
240 188 0 0
363 187 0 1
362 187 0 1
361 187 0 1
360 187 0 1
359 187 0 1
358 187 0 1
357 187 0 1
356 187 0 1
355 187 0 1
354 187 0 1
353 187 0 1
352 187 0 1
351 187 0 1
249 187 0 0
248 187 0 0
247 187 0 0
246 187 0 0
245 187 0 0
244 187 0 0
243 187 0 0
242 187 0 0
241 187 0 0
365 186 0 1
364 186 0 1
363 186 0 1
362 186 0 1
361 186 0 1
360 186 0 1
359 186 0 1
358 186 0 1
357 186 0 1
356 186 0 1
355 186 0 1
354 186 0 1
353 186 0 1
251 186 0 0
250 186 0 0
249 186 0 0
248 186 0 0
247 186 0 0
246 186 0 0
245 186 0 0
244 186 0 0
243 186 0 0
242 186 0 0
367 185 0 1
366 185 0 1
365 185 0 1
364 185 0 1
363 185 0 1
362 185 0 1
361 185 0 1
360 185 0 1
359 185 0 1
358 185 0 1
357 185 0 1
356 185 0 1
355 185 0 1
253 185 0 0
252 185 0 0
251 185 0 0
250 185 0 0
249 185 0 0
248 185 0 0
247 185 0 0
246 185 0 0
245 185 0 0
244 185 0 0
370 184 0 1
369 184 0 1
368 184 0 1
367 184 0 1
366 184 0 1
365 184 0 1
364 184 0 1
363 184 0 1
362 184 0 1
361 184 0 1
360 184 0 1
359 184 0 1
358 184 0 1
254 184 0 0
253 184 0 0
252 184 0 0
251 184 0 0
250 184 0 0
249 184 0 0
248 184 0 0
247 184 0 0
246 184 0 0
245 184 0 0
615 183 0 0
614 183 0 0
613 183 0 0
612 183 0 0
372 183 0 1
371 183 0 1
370 183 0 1
369 183 0 1
368 183 0 1
367 183 0 1
366 183 0 1
365 183 0 1
364 183 0 1
363 183 0 1
362 183 0 1
361 183 0 1
360 183 0 1
255 183 0 0
254 183 0 0
253 183 0 0
252 183 0 0
251 183 0 0
250 183 0 0
249 183 0 0
248 183 0 0
247 183 0 0
615 182 0 0
614 182 0 0
613 182 0 0
612 182 0 0
374 182 0 1
373 182 0 1
372 182 0 1
371 182 0 1
370 182 0 1
369 182 0 1
368 182 0 1
367 182 0 1
366 182 0 1
365 182 0 1
364 182 0 1
363 182 0 1
362 182 0 1
257 182 0 0
256 182 0 0
255 182 0 0
254 182 0 0
253 182 0 0
252 182 0 0
251 182 0 0
250 182 0 0
249 182 0 0
248 182 0 0
615 181 0 0
614 181 0 0
613 181 0 0
612 181 0 0
375 181 0 1
374 181 0 1
373 181 0 1
372 181 0 1
371 181 0 1
370 181 0 1
369 181 0 1
368 181 0 1
367 181 0 1
366 181 0 1
365 181 0 1
364 181 0 1
259 181 0 0
258 181 0 0
257 181 0 0
256 181 0 0
255 181 0 0
254 181 0 0
253 181 0 0
252 181 0 0
251 181 0 0
250 181 0 0
615 180 0 0
614 180 0 0
613 180 0 0
612 180 0 0
377 180 0 1
376 180 0 1
375 180 0 1
374 180 0 1
373 180 0 1
372 180 0 1
371 180 0 1
370 180 0 1
369 180 0 1
368 180 0 1
367 180 0 1
259 180 0 0
258 180 0 0
257 180 0 0
256 180 0 0
255 180 0 0
254 180 0 0
253 180 0 0
252 180 0 0
615 179 0 0
614 179 0 0
613 179 0 0
612 179 0 0
379 179 0 1
378 179 0 1
377 179 0 1
376 179 0 1
375 179 0 1
374 179 0 1
373 179 0 1
372 179 0 1
371 179 0 1
370 179 0 1
369 179 0 1
259 179 0 0
258 179 0 0
257 179 0 0
256 179 0 0
255 179 0 0
254 179 0 0
253 179 0 0
615 178 0 0
614 178 0 0
613 178 0 0
612 178 0 0
381 178 0 1
380 178 0 1
379 178 0 1
378 178 0 1
377 178 0 1
376 178 0 1
375 178 0 1
374 178 0 1
373 178 0 1
372 178 0 1
371 178 0 1
259 178 0 0
258 178 0 0
257 178 0 0
256 178 0 0
255 178 0 0
254 178 0 0
615 177 0 0
614 177 0 0
613 177 0 0
612 177 0 0
383 177 0 1
382 177 0 1
381 177 0 1
380 177 0 1
379 177 0 1
378 177 0 1
377 177 0 1
376 177 0 1
375 177 0 1
374 177 0 1
373 177 0 1
615 176 0 0
614 176 0 0
613 176 0 0
612 176 0 0
385 176 0 1
384 176 0 1
383 176 0 1
382 176 0 1
381 176 0 1
380 176 0 1
379 176 0 1
378 176 0 1
377 176 0 1
376 176 0 1
375 176 0 1
615 175 0 0
614 175 0 0
613 175 0 0
612 175 0 0
388 175 0 1
387 175 0 1
386 175 0 1
385 175 0 1
384 175 0 1
383 175 0 1
382 175 0 1
381 175 0 1
380 175 0 1
379 175 0 1
378 175 0 1
377 175 0 1
616 174 0 0
615 174 0 0
614 174 0 0
613 174 0 0
612 174 0 0
389 174 0 1
388 174 0 1
387 174 0 1
386 174 0 1
385 174 0 1
384 174 0 1
383 174 0 1
382 174 0 1
381 174 0 1
380 174 0 1
379 174 0 1
378 174 0 1
616 173 0 0
615 173 0 0
614 173 0 0
613 173 0 0
612 173 0 0
391 173 0 1
390 173 0 1
389 173 0 1
388 173 0 1
387 173 0 1
386 173 0 1
385 173 0 1
384 173 0 1
383 173 0 1
382 173 0 1
381 173 0 1
380 173 0 1
616 172 0 0
615 172 0 0
614 172 0 0
613 172 0 0
612 172 0 0
393 172 0 1
392 172 0 1
391 172 0 1
390 172 0 1
389 172 0 1
388 172 0 1
387 172 0 1
386 172 0 1
385 172 0 1
384 172 0 1
383 172 0 1
616 171 0 0
615 171 0 0
614 171 0 0
613 171 0 0
612 171 0 0
395 171 0 1
394 171 0 1
393 171 0 1
392 171 0 1
391 171 0 1
390 171 0 1
389 171 0 1
388 171 0 1
387 171 0 1
386 171 0 1
385 171 0 1
616 170 0 0
615 170 0 0
614 170 0 0
613 170 0 0
612 170 0 0
397 170 0 1
396 170 0 1
395 170 0 1
394 170 0 1
393 170 0 1
392 170 0 1
391 170 0 1
390 170 0 1
389 170 0 1
388 170 0 1
387 170 0 1
616 169 0 0
615 169 0 0
614 169 0 0
613 169 0 0
612 169 0 0
399 169 0 1
398 169 0 1
397 169 0 1
396 169 0 1
395 169 0 1
394 169 0 1
393 169 0 1
392 169 0 1
391 169 0 1
390 169 0 1
389 169 0 1
616 168 0 0
615 168 0 0
614 168 0 0
613 168 0 0
400 168 0 1
399 168 0 1
398 168 0 1
397 168 0 1
396 168 0 1
395 168 0 1
394 168 0 1
393 168 0 1
392 168 0 1
391 168 0 1
390 168 0 1
616 167 0 0
615 167 0 0
614 167 0 0
613 167 0 0
402 167 0 1
401 167 0 1
400 167 0 1
399 167 0 1
398 167 0 1
397 167 0 1
396 167 0 1
395 167 0 1
394 167 0 1
393 167 0 1
392 167 0 1
616 166 0 0
615 166 0 0
614 166 0 0
613 166 0 0
403 166 0 1
402 166 0 1
401 166 0 1
400 166 0 1
399 166 0 1
398 166 0 1
397 166 0 1
396 166 0 1
395 166 0 1
394 166 0 1
616 165 0 0
615 165 0 0
614 165 0 0
613 165 0 0
405 165 0 1
404 165 0 1
403 165 0 1
402 165 0 1
401 165 0 1
400 165 0 1
399 165 0 1
398 165 0 1
397 165 0 1
396 165 0 1
616 164 0 0
615 164 0 0
614 164 0 0
613 164 0 0
409 164 0 1
408 164 0 1
407 164 0 1
406 164 0 1
405 164 0 1
404 164 0 1
403 164 0 1
402 164 0 1
401 164 0 1
400 164 0 1
399 164 0 1
398 164 0 1
616 163 0 0
615 163 0 0
614 163 0 0
613 163 0 0
413 163 0 1
412 163 0 1
411 163 0 1
410 163 0 1
409 163 0 1
408 163 0 1
407 163 0 1
406 163 0 1
405 163 0 1
404 163 0 1
403 163 0 1
402 163 0 1
401 163 0 1
400 163 0 1
616 162 0 0
615 162 0 0
614 162 0 0
613 162 0 0
415 162 0 1
414 162 0 1
413 162 0 1
412 162 0 1
411 162 0 1
410 162 0 1
409 162 0 1
408 162 0 1
407 162 0 1
406 162 0 1
405 162 0 1
404 162 0 1
403 162 0 1
402 162 0 1
401 162 0 1
616 161 0 0
615 161 0 0
614 161 0 0
613 161 0 0
418 161 0 1
417 161 0 1
416 161 0 1
415 161 0 1
414 161 0 1
413 161 0 1
412 161 0 1
411 161 0 1
410 161 0 1
409 161 0 1
408 161 0 1
407 161 0 1
406 161 0 1
405 161 0 1
404 161 0 1
403 161 0 1
616 160 0 0
615 160 0 0
614 160 0 0
613 160 0 0
421 160 0 1
420 160 0 1
419 160 0 1
418 160 0 1
417 160 0 1
416 160 0 1
415 160 0 1
414 160 0 1
413 160 0 1
412 160 0 1
411 160 0 1
410 160 0 1
409 160 0 1
408 160 0 1
407 160 0 1
406 160 0 1
405 160 0 1
404 160 0 1
616 159 0 0
615 159 0 0
614 159 0 0
613 159 0 0
423 159 0 1
422 159 0 1
421 159 0 1
420 159 0 1
419 159 0 1
418 159 0 1
417 159 0 1
416 159 0 1
415 159 0 1
414 159 0 1
413 159 0 1
412 159 0 1
411 159 0 1
410 159 0 1
409 159 0 1
408 159 0 1
616 158 0 0
615 158 0 0
614 158 0 0
613 158 0 0
424 158 0 1
423 158 0 1
422 158 0 1
421 158 0 1
420 158 0 1
419 158 0 1
418 158 0 1
417 158 0 1
416 158 0 1
415 158 0 1
414 158 0 1
413 158 0 1
412 158 0 1
616 157 0 0
615 157 0 0
614 157 0 0
613 157 0 0
426 157 0 1
425 157 0 1
424 157 0 1
423 157 0 1
422 157 0 1
421 157 0 1
420 157 0 1
419 157 0 1
418 157 0 1
417 157 0 1
416 157 0 1
415 157 0 1
616 156 0 0
615 156 0 0
614 156 0 0
613 156 0 0
428 156 0 1
427 156 0 1
426 156 0 1
425 156 0 1
424 156 0 1
423 156 0 1
422 156 0 1
421 156 0 1
420 156 0 1
419 156 0 1
418 156 0 1
616 155 0 0
615 155 0 0
614 155 0 0
613 155 0 0
430 155 0 1
429 155 0 1
428 155 0 1
427 155 0 1
426 155 0 1
425 155 0 1
424 155 0 1
423 155 0 1
422 155 0 1
421 155 0 1
420 155 0 1
617 154 0 0
616 154 0 0
615 154 0 0
614 154 0 0
613 154 0 0
433 154 0 1
432 154 0 1
431 154 0 1
430 154 0 1
429 154 0 1
428 154 0 1
427 154 0 1
426 154 0 1
425 154 0 1
424 154 0 1
423 154 0 1
422 154 0 1
617 153 0 0
616 153 0 0
615 153 0 0
614 153 0 0
613 153 0 0
436 153 0 1
435 153 0 1
434 153 0 1
433 153 0 1
432 153 0 1
431 153 0 1
430 153 0 1
429 153 0 1
428 153 0 1
427 153 0 1
426 153 0 1
425 153 0 1
424 153 0 1
617 152 0 0
616 152 0 0
615 152 0 0
614 152 0 0
613 152 0 0
438 152 0 1
437 152 0 1
436 152 0 1
435 152 0 1
434 152 0 1
433 152 0 1
432 152 0 1
431 152 0 1
430 152 0 1
429 152 0 1
428 152 0 1
427 152 0 1
426 152 0 1
425 152 0 1
617 151 0 0
616 151 0 0
615 151 0 0
614 151 0 0
613 151 0 0
440 151 0 1
439 151 0 1
438 151 0 1
437 151 0 1
436 151 0 1
435 151 0 1
434 151 0 1
433 151 0 1
432 151 0 1
431 151 0 1
430 151 0 1
429 151 0 1
428 151 0 1
427 151 0 1
617 150 0 0
616 150 0 0
615 150 0 0
614 150 0 0
613 150 0 0
442 150 0 1
441 150 0 1
440 150 0 1
439 150 0 1
438 150 0 1
437 150 0 1
436 150 0 1
435 150 0 1
434 150 0 1
433 150 0 1
432 150 0 1
431 150 0 1
430 150 0 1
617 149 0 0
616 149 0 0
615 149 0 0
614 149 0 0
613 149 0 0
443 149 0 1
442 149 0 1
441 149 0 1
440 149 0 1
439 149 0 1
438 149 0 1
437 149 0 1
436 149 0 1
435 149 0 1
434 149 0 1
433 149 0 1
617 148 0 0
616 148 0 0
615 148 0 0
614 148 0 0
613 148 0 0
444 148 0 1
443 148 0 1
442 148 0 1
441 148 0 1
440 148 0 1
439 148 0 1
438 148 0 1
437 148 0 1
436 148 0 1
435 148 0 1
617 147 0 0
616 147 0 0
615 147 0 0
614 147 0 0
613 147 0 0
445 147 0 1
444 147 0 1
443 147 0 1
442 147 0 1
441 147 0 1
440 147 0 1
439 147 0 1
438 147 0 1
437 147 0 1
617 146 0 0
616 146 0 0
615 146 0 0
614 146 0 0
613 146 0 0
446 146 0 1
445 146 0 1
444 146 0 1
443 146 0 1
442 146 0 1
441 146 0 1
440 146 0 1
439 146 0 1
617 145 0 0
616 145 0 0
615 145 0 0
614 145 0 0
613 145 0 0
448 145 0 1
447 145 0 1
446 145 0 1
445 145 0 1
444 145 0 1
443 145 0 1
442 145 0 1
441 145 0 1
618 144 0 0
617 144 0 0
616 144 0 0
615 144 0 0
614 144 0 0
450 144 0 1
449 144 0 1
448 144 0 1
447 144 0 1
446 144 0 1
445 144 0 1
444 144 0 1
443 144 0 1
442 144 0 1
618 143 0 0
617 143 0 0
616 143 0 0
615 143 0 0
614 143 0 0
453 143 0 1
452 143 0 1
451 143 0 1
450 143 0 1
449 143 0 1
448 143 0 1
447 143 0 1
446 143 0 1
445 143 0 1
444 143 0 1
443 143 0 1
618 142 0 0
617 142 0 0
616 142 0 0
615 142 0 0
614 142 0 0
454 142 0 1
453 142 0 1
452 142 0 1
451 142 0 1
450 142 0 1
449 142 0 1
448 142 0 1
447 142 0 1
446 142 0 1
445 142 0 1
444 142 0 1
618 141 0 0
617 141 0 0
616 141 0 0
615 141 0 0
614 141 0 0
455 141 0 1
454 141 0 1
453 141 0 1
452 141 0 1
451 141 0 1
450 141 0 1
449 141 0 1
448 141 0 1
447 141 0 1
446 141 0 1
445 141 0 1
618 140 0 0
617 140 0 0
616 140 0 0
615 140 0 0
614 140 0 0
456 140 0 1
455 140 0 1
454 140 0 1
453 140 0 1
452 140 0 1
451 140 0 1
450 140 0 1
449 140 0 1
448 140 0 1
447 140 0 1
618 139 0 0
617 139 0 0
616 139 0 0
615 139 0 0
614 139 0 0
458 139 0 1
457 139 0 1
456 139 0 1
455 139 0 1
454 139 0 1
453 139 0 1
452 139 0 1
451 139 0 1
450 139 0 1
449 139 0 1
618 138 0 0
617 138 0 0
616 138 0 0
615 138 0 0
614 138 0 0
462 138 0 1
461 138 0 1
460 138 0 1
459 138 0 1
458 138 0 1
457 138 0 1
456 138 0 1
455 138 0 1
454 138 0 1
453 138 0 1
452 138 0 1
618 137 0 0
617 137 0 0
616 137 0 0
615 137 0 0
614 137 0 0
464 137 0 1
463 137 0 1
462 137 0 1
461 137 0 1
460 137 0 1
459 137 0 1
458 137 0 1
457 137 0 1
456 137 0 1
455 137 0 1
454 137 0 1
453 137 0 1
618 136 0 0
617 136 0 0
616 136 0 0
615 136 0 0
614 136 0 0
467 136 0 1
466 136 0 1
465 136 0 1
464 136 0 1
463 136 0 1
462 136 0 1
461 136 0 1
460 136 0 1
459 136 0 1
458 136 0 1
457 136 0 1
456 136 0 1
455 136 0 1
454 136 0 1
618 135 0 0
617 135 0 0
616 135 0 0
615 135 0 0
614 135 0 0
468 135 0 1
467 135 0 1
466 135 0 1
465 135 0 1
464 135 0 1
463 135 0 1
462 135 0 1
461 135 0 1
460 135 0 1
459 135 0 1
458 135 0 1
457 135 0 1
456 135 0 1
618 134 0 0
617 134 0 0
616 134 0 0
615 134 0 0
614 134 0 0
470 134 0 1
469 134 0 1
468 134 0 1
467 134 0 1
466 134 0 1
465 134 0 1
464 134 0 1
463 134 0 1
462 134 0 1
461 134 0 1
460 134 0 1
459 134 0 1
458 134 0 1
618 133 0 0
617 133 0 0
616 133 0 0
615 133 0 0
614 133 0 0
476 133 0 1
475 133 0 1
474 133 0 1
473 133 0 1
472 133 0 1
471 133 0 1
470 133 0 1
469 133 0 1
468 133 0 1
467 133 0 1
466 133 0 1
465 133 0 1
464 133 0 1
463 133 0 1
462 133 0 1
461 133 0 1
619 132 0 0
618 132 0 0
617 132 0 0
616 132 0 0
615 132 0 0
478 132 0 1
477 132 0 1
476 132 0 1
475 132 0 1
474 132 0 1
473 132 0 1
472 132 0 1
471 132 0 1
470 132 0 1
469 132 0 1
468 132 0 1
467 132 0 1
466 132 0 1
465 132 0 1
464 132 0 1
463 132 0 1
619 131 0 0
618 131 0 0
617 131 0 0
616 131 0 0
615 131 0 0
489 131 0 1
488 131 0 1
487 131 0 1
486 131 0 1
485 131 0 1
484 131 0 1
483 131 0 1
482 131 0 1
481 131 0 1
480 131 0 1
479 131 0 1
478 131 0 1
477 131 0 1
476 131 0 1
475 131 0 1
474 131 0 1
473 131 0 1
472 131 0 1
471 131 0 1
470 131 0 1
469 131 0 1
468 131 0 1
467 131 0 1
466 131 0 1
619 130 0 0
618 130 0 0
617 130 0 0
616 130 0 0
615 130 0 0
489 130 0 1
488 130 0 1
487 130 0 1
486 130 0 1
485 130 0 1
484 130 0 1
483 130 0 1
482 130 0 1
481 130 0 1
480 130 0 1
479 130 0 1
478 130 0 1
477 130 0 1
476 130 0 1
475 130 0 1
474 130 0 1
473 130 0 1
472 130 0 1
471 130 0 1
470 130 0 1
469 130 0 1
468 130 0 1
619 129 0 0
618 129 0 0
617 129 0 0
616 129 0 0
615 129 0 0
489 129 0 1
488 129 0 1
487 129 0 1
486 129 0 1
485 129 0 1
484 129 0 1
483 129 0 1
482 129 0 1
481 129 0 1
480 129 0 1
479 129 0 1
478 129 0 1
477 129 0 1
476 129 0 1
475 129 0 1
474 129 0 1
473 129 0 1
619 128 0 0
618 128 0 0
617 128 0 0
616 128 0 0
615 128 0 0
489 128 0 1
488 128 0 1
487 128 0 1
486 128 0 1
485 128 0 1
484 128 0 1
483 128 0 1
482 128 0 1
481 128 0 1
480 128 0 1
479 128 0 1
478 128 0 1
477 128 0 1
476 128 0 1
475 128 0 1
619 127 0 0
618 127 0 0
617 127 0 0
616 127 0 0
615 127 0 0
619 126 0 0
618 126 0 0
617 126 0 0
616 126 0 0
615 126 0 0
619 125 0 0
618 125 0 0
617 125 0 0
616 125 0 0
615 125 0 0
619 124 0 0
618 124 0 0
617 124 0 0
616 124 0 0
615 124 0 0
620 123 0 0
619 123 0 0
618 123 0 0
617 123 0 0
616 123 0 0
615 123 0 0
620 122 0 0
619 122 0 0
618 122 0 0
617 122 0 0
616 122 0 0
620 121 0 0
619 121 0 0
618 121 0 0
617 121 0 0
616 121 0 0
620 120 0 0
619 120 0 0
618 120 0 0
617 120 0 0
616 120 0 0
620 119 0 0
619 119 0 0
618 119 0 0
617 119 0 0
616 119 0 0
620 118 0 0
619 118 0 0
618 118 0 0
617 118 0 0
616 118 0 0
620 117 0 0
619 117 0 0
618 117 0 0
617 117 0 0
616 117 0 0
620 116 0 0
619 116 0 0
618 116 0 0
617 116 0 0
616 116 0 0
620 115 0 0
619 115 0 0
618 115 0 0
617 115 0 0
616 115 0 0
620 114 0 0
619 114 0 0
618 114 0 0
617 114 0 0
616 114 0 0
621 113 0 0
620 113 0 0
619 113 0 0
618 113 0 0
617 113 0 0
621 112 0 0
620 112 0 0
619 112 0 0
618 112 0 0
617 112 0 0
621 111 0 0
620 111 0 0
619 111 0 0
618 111 0 0
617 111 0 0
621 110 0 0
620 110 0 0
619 110 0 0
618 110 0 0
617 110 0 0
621 109 0 0
620 109 0 0
619 109 0 0
618 109 0 0
617 109 0 0
621 108 0 0
620 108 0 0
619 108 0 0
618 108 0 0
617 108 0 0
621 107 0 0
620 107 0 0
619 107 0 0
618 107 0 0
617 107 0 0
621 106 0 0
620 106 0 0
619 106 0 0
618 106 0 0
617 106 0 0
621 105 0 0
620 105 0 0
619 105 0 0
618 105 0 0
617 105 0 0
621 104 0 0
620 104 0 0
619 104 0 0
618 104 0 0
617 104 0 0
621 103 0 0
620 103 0 0
619 103 0 0
618 103 0 0
617 103 0 0
621 102 0 0
620 102 0 0
619 102 0 0
618 102 0 0
617 102 0 0
622 101 0 0
621 101 0 0
620 101 0 0
619 101 0 0
618 101 0 0
622 100 0 0
621 100 0 0
620 100 0 0
619 100 0 0
618 100 0 0
622 99 0 0
621 99 0 0
620 99 0 0
619 99 0 0
618 99 0 0
622 98 0 0
621 98 0 0
620 98 0 0
619 98 0 0
618 98 0 0
622 97 0 0
621 97 0 0
620 97 0 0
619 97 0 0
618 97 0 0
622 96 0 0
621 96 0 0
620 96 0 0
619 96 0 0
618 96 0 0
622 95 0 0
621 95 0 0
620 95 0 0
619 95 0 0
618 95 0 0
622 94 0 0
621 94 0 0
620 94 0 0
619 94 0 0
618 94 0 0
622 93 0 0
621 93 0 0
620 93 0 0
619 93 0 0
618 93 0 0
622 92 0 0
621 92 0 0
620 92 0 0
619 92 0 0
618 92 0 0
622 91 0 0
621 91 0 0
620 91 0 0
619 91 0 0
618 91 0 0
622 90 0 0
621 90 0 0
620 90 0 0
619 90 0 0
618 90 0 0
623 89 0 0
622 89 0 0
621 89 0 0
620 89 0 0
619 89 0 0
623 88 0 0
622 88 0 0
621 88 0 0
620 88 0 0
619 88 0 0
623 87 0 0
622 87 0 0
621 87 0 0
620 87 0 0
619 87 0 0
623 86 0 0
622 86 0 0
621 86 0 0
620 86 0 0
619 86 0 0
623 85 0 0
622 85 0 0
621 85 0 0
620 85 0 0
619 85 0 0
623 84 0 0
622 84 0 0
621 84 0 0
620 84 0 0
619 84 0 0
623 83 0 0
622 83 0 0
621 83 0 0
620 83 0 0
619 83 0 0
623 82 0 0
622 82 0 0
621 82 0 0
620 82 0 0
619 82 0 0
623 81 0 0
622 81 0 0
621 81 0 0
620 81 0 0
619 81 0 0
623 80 0 0
622 80 0 0
621 80 0 0
620 80 0 0
619 80 0 0
623 79 0 0
622 79 0 0
621 79 0 0
620 79 0 0
619 79 0 0
624 78 0 0
623 78 0 0
622 78 0 0
621 78 0 0
620 78 0 0
619 78 0 0
624 77 0 0
623 77 0 0
622 77 0 0
621 77 0 0
620 77 0 0
624 76 0 0
623 76 0 0
622 76 0 0
621 76 0 0
620 76 0 0
624 75 0 0
623 75 0 0
622 75 0 0
621 75 0 0
620 75 0 0
624 74 0 0
623 74 0 0
622 74 0 0
621 74 0 0
620 74 0 0
624 73 0 0
623 73 0 0
622 73 0 0
621 73 0 0
620 73 0 0
624 72 0 0
623 72 0 0
622 72 0 0
621 72 0 0
620 72 0 0
624 71 0 0
623 71 0 0
622 71 0 0
621 71 0 0
620 71 0 0
624 70 0 0
623 70 0 0
622 70 0 0
621 70 0 0
620 70 0 0
624 69 0 0
623 69 0 0
622 69 0 0
621 69 0 0
620 69 0 0
624 68 0 0
623 68 0 0
622 68 0 0
621 68 0 0
620 68 0 0
624 67 0 0
623 67 0 0
622 67 0 0
621 67 0 0
620 67 0 0
624 66 0 0
623 66 0 0
622 66 0 0
621 66 0 0
624 65 0 0
623 65 0 0
622 65 0 0
621 65 0 0
624 64 0 0
623 64 0 0
622 64 0 0
621 64 0 0
624 63 0 0
623 63 0 0
622 63 0 0
621 63 0 0
624 62 0 0
623 62 0 0
622 62 0 0
621 62 0 0
624 61 0 0
623 61 0 0
622 61 0 0
621 61 0 0
624 60 0 0
623 60 0 0
622 60 0 0
621 60 0 0
624 59 0 0
623 59 0 0
622 59 0 0
621 59 0 0
624 58 0 0
623 58 0 0
622 58 0 0
621 58 0 0
624 57 0 0
623 57 0 0
622 57 0 0
621 57 0 0
624 56 0 0
623 56 0 0
622 56 0 0
621 56 0 0
624 55 0 0
623 55 0 0
622 55 0 0
621 55 0 0
624 54 0 0
623 54 0 0
622 54 0 0
621 54 0 0
624 53 0 0
623 53 0 0
622 53 0 0
621 53 0 0
624 52 0 0
623 52 0 0
622 52 0 0
621 52 0 0
624 51 0 0
623 51 0 0
622 51 0 0
621 51 0 0
624 50 0 0
623 50 0 0
622 50 0 0
621 50 0 0
624 49 0 0
623 49 0 0
622 49 0 0
621 49 0 0
624 48 0 0
623 48 0 0
622 48 0 0
621 48 0 0
624 47 0 0
623 47 0 0
622 47 0 0
621 47 0 0
624 46 0 0
623 46 0 0
622 46 0 0
621 46 0 0
624 45 0 0
623 45 0 0
622 45 0 0
621 45 0 0
624 44 0 0
623 44 0 0
622 44 0 0
621 44 0 0
624 43 0 0
623 43 0 0
622 43 0 0
621 43 0 0
624 42 0 0
623 42 0 0
622 42 0 0
621 42 0 0
624 41 0 0
623 41 0 0
622 41 0 0
621 41 0 0
624 40 0 0
623 40 0 0
622 40 0 0
621 40 0 0
624 39 0 0
623 39 0 0
622 39 0 0
621 39 0 0
624 38 0 0
623 38 0 0
622 38 0 0
621 38 0 0
624 37 0 0
623 37 0 0
622 37 0 0
621 37 0 0
624 36 0 0
623 36 0 0
622 36 0 0
621 36 0 0
624 35 0 0
623 35 0 0
622 35 0 0
621 35 0 0
624 34 0 0
623 34 0 0
622 34 0 0
621 34 0 0
624 33 0 0
623 33 0 0
622 33 0 0
621 33 0 0
624 32 0 0
623 32 0 0
622 32 0 0
621 32 0 0
624 31 0 0
623 31 0 0
622 31 0 0
621 31 0 0
624 30 0 0
623 30 0 0
622 30 0 0
621 30 0 0
624 29 0 0
623 29 0 0
622 29 0 0
621 29 0 0
624 28 0 0
623 28 0 0
622 28 0 0
621 28 0 0
624 27 0 0
623 27 0 0
622 27 0 0
621 27 0 0
624 26 0 0
623 26 0 0
622 26 0 0
621 26 0 0
624 25 0 0
623 25 0 0
622 25 0 0
621 25 0 0
624 24 0 0
623 24 0 0
622 24 0 0
621 24 0 0
624 23 0 0
623 23 0 0
622 23 0 0
621 23 0 0
624 22 0 0
623 22 0 0
622 22 0 0
621 22 0 0
624 21 0 0
623 21 0 0
622 21 0 0
621 21 0 0
624 20 0 0
623 20 0 0
622 20 0 0
621 20 0 0
