5426 321 481
97 456 0 0
96 456 0 0
95 456 0 0
94 456 0 0
93 456 0 0
97 455 0 0
96 455 0 0
95 455 0 0
94 455 0 0
93 455 0 0
92 455 0 0
97 454 0 0
96 454 0 0
95 454 0 0
94 454 0 0
93 454 0 0
92 454 0 0
91 454 0 0
97 453 0 0
96 453 0 0
95 453 0 0
94 453 0 0
93 453 0 0
92 453 0 0
91 453 0 0
90 453 0 0
96 452 0 0
95 452 0 0
94 452 0 0
93 452 0 0
92 452 0 0
91 452 0 0
90 452 0 0
94 451 0 0
93 451 0 0
92 451 0 0
91 451 0 0
90 451 0 0
89 451 0 0
94 450 0 0
93 450 0 0
92 450 0 0
91 450 0 0
90 450 0 0
89 450 0 0
88 450 0 0
93 449 0 0
92 449 0 0
91 449 0 0
90 449 0 0
89 449 0 0
88 449 0 0
87 449 0 0
92 448 0 0
91 448 0 0
90 448 0 0
89 448 0 0
88 448 0 0
87 448 0 0
86 448 0 0
91 447 0 0
90 447 0 0
89 447 0 0
88 447 0 0
87 447 0 0
86 447 0 0
85 447 0 0
91 446 0 0
90 446 0 0
89 446 0 0
88 446 0 0
87 446 0 0
86 446 0 0
85 446 0 0
90 445 0 0
89 445 0 0
88 445 0 0
87 445 0 0
86 445 0 0
85 445 0 0
84 445 0 0
89 444 0 0
88 444 0 0
87 444 0 0
86 444 0 0
85 444 0 0
84 444 0 0
83 444 0 0
88 443 0 0
87 443 0 0
86 443 0 0
85 443 0 0
84 443 0 0
83 443 0 0
82 443 0 0
87 442 0 0
86 442 0 0
85 442 0 0
84 442 0 0
83 442 0 0
82 442 0 0
81 442 0 0
86 441 0 0
85 441 0 0
84 441 0 0
83 441 0 0
82 441 0 0
81 441 0 0
86 440 0 0
85 440 0 0
84 440 0 0
83 440 0 0
82 440 0 0
81 440 0 0
80 440 0 0
85 439 0 0
84 439 0 0
83 439 0 0
82 439 0 0
81 439 0 0
80 439 0 0
79 439 0 0
84 438 0 0
83 438 0 0
82 438 0 0
81 438 0 0
80 438 0 0
79 438 0 0
83 437 0 0
82 437 0 0
81 437 0 0
80 437 0 0
79 437 0 0
78 437 0 0
82 436 0 0
81 436 0 0
80 436 0 0
79 436 0 0
78 436 0 0
77 436 0 0
82 435 0 0
81 435 0 0
80 435 0 0
79 435 0 0
78 435 0 0
77 435 0 0
81 434 0 0
80 434 0 0
79 434 0 0
78 434 0 0
77 434 0 0
76 434 0 0
80 433 0 0
79 433 0 0
78 433 0 0
77 433 0 0
76 433 0 0
75 433 0 0
80 432 0 0
79 432 0 0
78 432 0 0
77 432 0 0
76 432 0 0
75 432 0 0
74 432 0 0
79 431 0 0
78 431 0 0
77 431 0 0
76 431 0 0
75 431 0 0
74 431 0 0
78 430 0 0
77 430 0 0
76 430 0 0
75 430 0 0
74 430 0 0
73 430 0 0
78 429 0 0
77 429 0 0
76 429 0 0
75 429 0 0
74 429 0 0
73 429 0 0
72 429 0 0
77 428 0 0
76 428 0 0
75 428 0 0
74 428 0 0
73 428 0 0
72 428 0 0
71 428 0 0
76 427 0 0
75 427 0 0
74 427 0 0
73 427 0 0
72 427 0 0
71 427 0 0
161 426 0 1
160 426 0 1
159 426 0 1
158 426 0 1
75 426 0 0
74 426 0 0
73 426 0 0
72 426 0 0
71 426 0 0
70 426 0 0
161 425 0 1
160 425 0 1
159 425 0 1
158 425 0 1
75 425 0 0
74 425 0 0
73 425 0 0
72 425 0 0
71 425 0 0
70 425 0 0
69 425 0 0
161 424 0 1
160 424 0 1
159 424 0 1
158 424 0 1
74 424 0 0
73 424 0 0
72 424 0 0
71 424 0 0
70 424 0 0
69 424 0 0
68 424 0 0
161 423 0 1
160 423 0 1
159 423 0 1
158 423 0 1
73 423 0 0
72 423 0 0
71 423 0 0
70 423 0 0
69 423 0 0
68 423 0 0
67 423 0 0
161 422 0 1
160 422 0 1
159 422 0 1
158 422 0 1
72 422 0 0
71 422 0 0
70 422 0 0
69 422 0 0
68 422 0 0
67 422 0 0
66 422 0 0
161 421 0 1
160 421 0 1
159 421 0 1
158 421 0 1
72 421 0 0
71 421 0 0
70 421 0 0
69 421 0 0
68 421 0 0
67 421 0 0
66 421 0 0
195 420 0 0
194 420 0 0
193 420 0 0
192 420 0 0
161 420 0 1
160 420 0 1
159 420 0 1
158 420 0 1
71 420 0 0
70 420 0 0
69 420 0 0
68 420 0 0
67 420 0 0
66 420 0 0
65 420 0 0
195 419 0 0
194 419 0 0
193 419 0 0
192 419 0 0
161 419 0 1
160 419 0 1
159 419 0 1
158 419 0 1
70 419 0 0
69 419 0 0
68 419 0 0
67 419 0 0
66 419 0 0
65 419 0 0
64 419 0 0
195 418 0 0
194 418 0 0
193 418 0 0
192 418 0 0
161 418 0 1
160 418 0 1
159 418 0 1
158 418 0 1
69 418 0 0
68 418 0 0
67 418 0 0
66 418 0 0
65 418 0 0
64 418 0 0
63 418 0 0
195 417 0 0
194 417 0 0
193 417 0 0
192 417 0 0
161 417 0 1
160 417 0 1
159 417 0 1
158 417 0 1
68 417 0 0
67 417 0 0
66 417 0 0
65 417 0 0
64 417 0 0
63 417 0 0
195 416 0 0
194 416 0 0
193 416 0 0
192 416 0 0
161 416 0 1
160 416 0 1
159 416 0 1
158 416 0 1
67 416 0 0
66 416 0 0
65 416 0 0
64 416 0 0
63 416 0 0
62 416 0 0
195 415 0 0
194 415 0 0
193 415 0 0
192 415 0 0
161 415 0 1
160 415 0 1
159 415 0 1
158 415 0 1
67 415 0 0
66 415 0 0
65 415 0 0
64 415 0 0
63 415 0 0
62 415 0 0
61 415 0 0
60 415 0 0
195 414 0 0
194 414 0 0
193 414 0 0
192 414 0 0
161 414 0 1
160 414 0 1
159 414 0 1
158 414 0 1
157 414 0 1
66 414 0 0
65 414 0 0
64 414 0 0
63 414 0 0
62 414 0 0
61 414 0 0
60 414 0 0
59 414 0 0
195 413 0 0
194 413 0 0
193 413 0 0
192 413 0 0
161 413 0 1
160 413 0 1
159 413 0 1
158 413 0 1
157 413 0 1
65 413 0 0
64 413 0 0
63 413 0 0
62 413 0 0
61 413 0 0
60 413 0 0
59 413 0 0
58 413 0 0
195 412 0 0
194 412 0 0
193 412 0 0
192 412 0 0
161 412 0 1
160 412 0 1
159 412 0 1
158 412 0 1
157 412 0 1
64 412 0 0
63 412 0 0
62 412 0 0
61 412 0 0
60 412 0 0
59 412 0 0
58 412 0 0
57 412 0 0
195 411 0 0
194 411 0 0
193 411 0 0
192 411 0 0
161 411 0 1
160 411 0 1
159 411 0 1
158 411 0 1
157 411 0 1
63 411 0 0
62 411 0 0
61 411 0 0
60 411 0 0
59 411 0 0
58 411 0 0
57 411 0 0
56 411 0 0
195 410 0 0
194 410 0 0
193 410 0 0
192 410 0 0
161 410 0 1
160 410 0 1
159 410 0 1
158 410 0 1
157 410 0 1
61 410 0 0
60 410 0 0
59 410 0 0
58 410 0 0
57 410 0 0
56 410 0 0
195 409 0 0
194 409 0 0
193 409 0 0
192 409 0 0
161 409 0 1
160 409 0 1
159 409 0 1
158 409 0 1
157 409 0 1
60 409 0 0
59 409 0 0
58 409 0 0
57 409 0 0
56 409 0 0
55 409 0 0
195 408 0 0
194 408 0 0
193 408 0 0
192 408 0 0
161 408 0 1
160 408 0 1
159 408 0 1
158 408 0 1
157 408 0 1
60 408 0 0
59 408 0 0
58 408 0 0
57 408 0 0
56 408 0 0
55 408 0 0
54 408 0 0
195 407 0 0
194 407 0 0
193 407 0 0
192 407 0 0
161 407 0 1
160 407 0 1
159 407 0 1
158 407 0 1
157 407 0 1
59 407 0 0
58 407 0 0
57 407 0 0
56 407 0 0
55 407 0 0
54 407 0 0
195 406 0 0
194 406 0 0
193 406 0 0
192 406 0 0
161 406 0 1
160 406 0 1
159 406 0 1
158 406 0 1
157 406 0 1
58 406 0 0
57 406 0 0
56 406 0 0
55 406 0 0
54 406 0 0
53 406 0 0
195 405 0 0
194 405 0 0
193 405 0 0
192 405 0 0
161 405 0 1
160 405 0 1
159 405 0 1
158 405 0 1
157 405 0 1
58 405 0 0
57 405 0 0
56 405 0 0
55 405 0 0
54 405 0 0
53 405 0 0
195 404 0 0
194 404 0 0
193 404 0 0
192 404 0 0
161 404 0 1
160 404 0 1
159 404 0 1
158 404 0 1
157 404 0 1
57 404 0 0
56 404 0 0
55 404 0 0
54 404 0 0
53 404 0 0
52 404 0 0
195 403 0 0
194 403 0 0
193 403 0 0
192 403 0 0
161 403 0 1
160 403 0 1
159 403 0 1
158 403 0 1
157 403 0 1
56 403 0 0
55 403 0 0
54 403 0 0
53 403 0 0
52 403 0 0
51 403 0 0
195 402 0 0
194 402 0 0
193 402 0 0
192 402 0 0
161 402 0 1
160 402 0 1
159 402 0 1
158 402 0 1
157 402 0 1
56 402 0 0
55 402 0 0
54 402 0 0
53 402 0 0
52 402 0 0
51 402 0 0
195 401 0 0
194 401 0 0
193 401 0 0
192 401 0 0
161 401 0 1
160 401 0 1
159 401 0 1
158 401 0 1
157 401 0 1
55 401 0 0
54 401 0 0
53 401 0 0
52 401 0 0
51 401 0 0
50 401 0 0
195 400 0 0
194 400 0 0
193 400 0 0
192 400 0 0
161 400 0 1
160 400 0 1
159 400 0 1
158 400 0 1
157 400 0 1
55 400 0 0
54 400 0 0
53 400 0 0
52 400 0 0
51 400 0 0
50 400 0 0
195 399 0 0
194 399 0 0
193 399 0 0
192 399 0 0
161 399 0 1
160 399 0 1
159 399 0 1
158 399 0 1
157 399 0 1
54 399 0 0
53 399 0 0
52 399 0 0
51 399 0 0
50 399 0 0
196 398 0 0
195 398 0 0
194 398 0 0
193 398 0 0
192 398 0 0
160 398 0 1
159 398 0 1
158 398 0 1
157 398 0 1
156 398 0 1
54 398 0 0
53 398 0 0
52 398 0 0
51 398 0 0
50 398 0 0
49 398 0 0
196 397 0 0
195 397 0 0
194 397 0 0
193 397 0 0
192 397 0 0
160 397 0 1
159 397 0 1
158 397 0 1
157 397 0 1
156 397 0 1
54 397 0 0
53 397 0 0
52 397 0 0
51 397 0 0
50 397 0 0
49 397 0 0
196 396 0 0
195 396 0 0
194 396 0 0
193 396 0 0
192 396 0 0
160 396 0 1
159 396 0 1
158 396 0 1
157 396 0 1
156 396 0 1
53 396 0 0
52 396 0 0
51 396 0 0
50 396 0 0
49 396 0 0
196 395 0 0
195 395 0 0
194 395 0 0
193 395 0 0
192 395 0 0
160 395 0 1
159 395 0 1
158 395 0 1
157 395 0 1
156 395 0 1
53 395 0 0
52 395 0 0
51 395 0 0
50 395 0 0
49 395 0 0
48 395 0 0
197 394 0 0
196 394 0 0
195 394 0 0
194 394 0 0
193 394 0 0
192 394 0 0
160 394 0 1
159 394 0 1
158 394 0 1
157 394 0 1
156 394 0 1
52 394 0 0
51 394 0 0
50 394 0 0
49 394 0 0
48 394 0 0
197 393 0 0
196 393 0 0
195 393 0 0
194 393 0 0
193 393 0 0
160 393 0 1
159 393 0 1
158 393 0 1
157 393 0 1
156 393 0 1
52 393 0 0
51 393 0 0
50 393 0 0
49 393 0 0
48 393 0 0
47 393 0 0
197 392 0 0
196 392 0 0
195 392 0 0
194 392 0 0
193 392 0 0
160 392 0 1
159 392 0 1
158 392 0 1
157 392 0 1
156 392 0 1
51 392 0 0
50 392 0 0
49 392 0 0
48 392 0 0
47 392 0 0
197 391 0 0
196 391 0 0
195 391 0 0
194 391 0 0
193 391 0 0
160 391 0 1
159 391 0 1
158 391 0 1
157 391 0 1
156 391 0 1
51 391 0 0
50 391 0 0
49 391 0 0
48 391 0 0
47 391 0 0
46 391 0 0
198 390 0 0
197 390 0 0
196 390 0 0
195 390 0 0
194 390 0 0
193 390 0 0
160 390 0 1
159 390 0 1
158 390 0 1
157 390 0 1
156 390 0 1
51 390 0 0
50 390 0 0
49 390 0 0
48 390 0 0
47 390 0 0
46 390 0 0
198 389 0 0
197 389 0 0
196 389 0 0
195 389 0 0
194 389 0 0
160 389 0 1
159 389 0 1
158 389 0 1
157 389 0 1
156 389 0 1
50 389 0 0
49 389 0 0
48 389 0 0
47 389 0 0
46 389 0 0
45 389 0 0
198 388 0 0
197 388 0 0
196 388 0 0
195 388 0 0
194 388 0 0
160 388 0 1
159 388 0 1
158 388 0 1
157 388 0 1
156 388 0 1
50 388 0 0
49 388 0 0
48 388 0 0
47 388 0 0
46 388 0 0
45 388 0 0
44 388 0 0
198 387 0 0
197 387 0 0
196 387 0 0
195 387 0 0
194 387 0 0
159 387 0 1
158 387 0 1
157 387 0 1
156 387 0 1
155 387 0 1
49 387 0 0
48 387 0 0
47 387 0 0
46 387 0 0
45 387 0 0
44 387 0 0
199 386 0 0
198 386 0 0
197 386 0 0
196 386 0 0
195 386 0 0
194 386 0 0
159 386 0 1
158 386 0 1
157 386 0 1
156 386 0 1
155 386 0 1
48 386 0 0
47 386 0 0
46 386 0 0
45 386 0 0
44 386 0 0
43 386 0 0
199 385 0 0
198 385 0 0
197 385 0 0
196 385 0 0
195 385 0 0
159 385 0 1
158 385 0 1
157 385 0 1
156 385 0 1
155 385 0 1
48 385 0 0
47 385 0 0
46 385 0 0
45 385 0 0
44 385 0 0
43 385 0 0
199 384 0 0
198 384 0 0
197 384 0 0
196 384 0 0
195 384 0 0
159 384 0 1
158 384 0 1
157 384 0 1
156 384 0 1
155 384 0 1
47 384 0 0
46 384 0 0
45 384 0 0
44 384 0 0
43 384 0 0
42 384 0 0
199 383 0 0
198 383 0 0
197 383 0 0
196 383 0 0
195 383 0 0
159 383 0 1
158 383 0 1
157 383 0 1
156 383 0 1
155 383 0 1
47 383 0 0
46 383 0 0
45 383 0 0
44 383 0 0
43 383 0 0
42 383 0 0
200 382 0 0
199 382 0 0
198 382 0 0
197 382 0 0
196 382 0 0
195 382 0 0
159 382 0 1
158 382 0 1
157 382 0 1
156 382 0 1
155 382 0 1
46 382 0 0
45 382 0 0
44 382 0 0
43 382 0 0
42 382 0 0
41 382 0 0
200 381 0 0
199 381 0 0
198 381 0 0
197 381 0 0
196 381 0 0
159 381 0 1
158 381 0 1
157 381 0 1
156 381 0 1
155 381 0 1
46 381 0 0
45 381 0 0
44 381 0 0
43 381 0 0
42 381 0 0
41 381 0 0
200 380 0 0
199 380 0 0
198 380 0 0
197 380 0 0
196 380 0 0
159 380 0 1
158 380 0 1
157 380 0 1
156 380 0 1
155 380 0 1
45 380 0 0
44 380 0 0
43 380 0 0
42 380 0 0
41 380 0 0
40 380 0 0
201 379 0 0
200 379 0 0
199 379 0 0
198 379 0 0
197 379 0 0
196 379 0 0
159 379 0 1
158 379 0 1
157 379 0 1
156 379 0 1
155 379 0 1
45 379 0 0
44 379 0 0
43 379 0 0
42 379 0 0
41 379 0 0
40 379 0 0
201 378 0 0
200 378 0 0
199 378 0 0
198 378 0 0
197 378 0 0
196 378 0 0
159 378 0 1
158 378 0 1
157 378 0 1
156 378 0 1
155 378 0 1
44 378 0 0
43 378 0 0
42 378 0 0
41 378 0 0
40 378 0 0
202 377 0 0
201 377 0 0
200 377 0 0
199 377 0 0
198 377 0 0
197 377 0 0
159 377 0 1
158 377 0 1
157 377 0 1
156 377 0 1
155 377 0 1
44 377 0 0
43 377 0 0
42 377 0 0
41 377 0 0
40 377 0 0
202 376 0 0
201 376 0 0
200 376 0 0
199 376 0 0
198 376 0 0
197 376 0 0
158 376 0 1
157 376 0 1
156 376 0 1
155 376 0 1
154 376 0 1
44 376 0 0
43 376 0 0
42 376 0 0
41 376 0 0
40 376 0 0
203 375 0 0
202 375 0 0
201 375 0 0
200 375 0 0
199 375 0 0
198 375 0 0
158 375 0 1
157 375 0 1
156 375 0 1
155 375 0 1
154 375 0 1
44 375 0 0
43 375 0 0
42 375 0 0
41 375 0 0
40 375 0 0
39 375 0 0
203 374 0 0
202 374 0 0
201 374 0 0
200 374 0 0
199 374 0 0
198 374 0 0
158 374 0 1
157 374 0 1
156 374 0 1
155 374 0 1
154 374 0 1
44 374 0 0
43 374 0 0
42 374 0 0
41 374 0 0
40 374 0 0
39 374 0 0
204 373 0 0
203 373 0 0
202 373 0 0
201 373 0 0
200 373 0 0
199 373 0 0
158 373 0 1
157 373 0 1
156 373 0 1
155 373 0 1
154 373 0 1
43 373 0 0
42 373 0 0
41 373 0 0
40 373 0 0
39 373 0 0
38 373 0 0
204 372 0 0
203 372 0 0
202 372 0 0
201 372 0 0
200 372 0 0
199 372 0 0
158 372 0 1
157 372 0 1
156 372 0 1
155 372 0 1
154 372 0 1
43 372 0 0
42 372 0 0
41 372 0 0
40 372 0 0
39 372 0 0
38 372 0 0
205 371 0 0
204 371 0 0
203 371 0 0
202 371 0 0
201 371 0 0
200 371 0 0
158 371 0 1
157 371 0 1
156 371 0 1
155 371 0 1
154 371 0 1
42 371 0 0
41 371 0 0
40 371 0 0
39 371 0 0
38 371 0 0
37 371 0 0
205 370 0 0
204 370 0 0
203 370 0 0
202 370 0 0
201 370 0 0
158 370 0 1
157 370 0 1
156 370 0 1
155 370 0 1
154 370 0 1
42 370 0 0
41 370 0 0
40 370 0 0
39 370 0 0
38 370 0 0
37 370 0 0
206 369 0 0
205 369 0 0
204 369 0 0
203 369 0 0
202 369 0 0
201 369 0 0
158 369 0 1
157 369 0 1
156 369 0 1
155 369 0 1
154 369 0 1
41 369 0 0
40 369 0 0
39 369 0 0
38 369 0 0
37 369 0 0
207 368 0 0
206 368 0 0
205 368 0 0
204 368 0 0
203 368 0 0
202 368 0 0
158 368 0 1
157 368 0 1
156 368 0 1
155 368 0 1
154 368 0 1
41 368 0 0
40 368 0 0
39 368 0 0
38 368 0 0
37 368 0 0
36 368 0 0
207 367 0 0
206 367 0 0
205 367 0 0
204 367 0 0
203 367 0 0
202 367 0 0
158 367 0 1
157 367 0 1
156 367 0 1
155 367 0 1
154 367 0 1
41 367 0 0
40 367 0 0
39 367 0 0
38 367 0 0
37 367 0 0
36 367 0 0
208 366 0 0
207 366 0 0
206 366 0 0
205 366 0 0
204 366 0 0
203 366 0 0
158 366 0 1
157 366 0 1
156 366 0 1
155 366 0 1
154 366 0 1
40 366 0 0
39 366 0 0
38 366 0 0
37 366 0 0
36 366 0 0
208 365 0 0
207 365 0 0
206 365 0 0
205 365 0 0
204 365 0 0
203 365 0 0
158 365 0 1
157 365 0 1
156 365 0 1
155 365 0 1
154 365 0 1
40 365 0 0
39 365 0 0
38 365 0 0
37 365 0 0
36 365 0 0
35 365 0 0
209 364 0 0
208 364 0 0
207 364 0 0
206 364 0 0
205 364 0 0
204 364 0 0
158 364 0 1
157 364 0 1
156 364 0 1
155 364 0 1
154 364 0 1
40 364 0 0
39 364 0 0
38 364 0 0
37 364 0 0
36 364 0 0
35 364 0 0
209 363 0 0
208 363 0 0
207 363 0 0
206 363 0 0
205 363 0 0
204 363 0 0
158 363 0 1
157 363 0 1
156 363 0 1
155 363 0 1
154 363 0 1
39 363 0 0
38 363 0 0
37 363 0 0
36 363 0 0
35 363 0 0
210 362 0 0
209 362 0 0
208 362 0 0
207 362 0 0
206 362 0 0
205 362 0 0
158 362 0 1
157 362 0 1
156 362 0 1
155 362 0 1
154 362 0 1
39 362 0 0
38 362 0 0
37 362 0 0
36 362 0 0
35 362 0 0
34 362 0 0
211 361 0 0
210 361 0 0
209 361 0 0
208 361 0 0
207 361 0 0
206 361 0 0
205 361 0 0
158 361 0 1
157 361 0 1
156 361 0 1
155 361 0 1
154 361 0 1
38 361 0 0
37 361 0 0
36 361 0 0
35 361 0 0
34 361 0 0
212 360 0 0
211 360 0 0
210 360 0 0
209 360 0 0
208 360 0 0
207 360 0 0
206 360 0 0
158 360 0 1
157 360 0 1
156 360 0 1
155 360 0 1
154 360 0 1
38 360 0 0
37 360 0 0
36 360 0 0
35 360 0 0
34 360 0 0
212 359 0 0
211 359 0 0
210 359 0 0
209 359 0 0
208 359 0 0
207 359 0 0
158 359 0 1
157 359 0 1
156 359 0 1
155 359 0 1
154 359 0 1
38 359 0 0
37 359 0 0
36 359 0 0
35 359 0 0
34 359 0 0
33 359 0 0
213 358 0 0
212 358 0 0
211 358 0 0
210 358 0 0
209 358 0 0
208 358 0 0
207 358 0 0
158 358 0 1
157 358 0 1
156 358 0 1
155 358 0 1
154 358 0 1
37 358 0 0
36 358 0 0
35 358 0 0
34 358 0 0
33 358 0 0
214 357 0 0
213 357 0 0
212 357 0 0
211 357 0 0
210 357 0 0
209 357 0 0
208 357 0 0
158 357 0 1
157 357 0 1
156 357 0 1
155 357 0 1
154 357 0 1
37 357 0 0
36 357 0 0
35 357 0 0
34 357 0 0
33 357 0 0
32 357 0 0
215 356 0 0
214 356 0 0
213 356 0 0
212 356 0 0
211 356 0 0
210 356 0 0
209 356 0 0
157 356 0 1
156 356 0 1
155 356 0 1
154 356 0 1
153 356 0 1
37 356 0 0
36 356 0 0
35 356 0 0
34 356 0 0
33 356 0 0
32 356 0 0
215 355 0 0
214 355 0 0
213 355 0 0
212 355 0 0
211 355 0 0
210 355 0 0
157 355 0 1
156 355 0 1
155 355 0 1
154 355 0 1
153 355 0 1
36 355 0 0
35 355 0 0
34 355 0 0
33 355 0 0
32 355 0 0
216 354 0 0
215 354 0 0
214 354 0 0
213 354 0 0
212 354 0 0
211 354 0 0
157 354 0 1
156 354 0 1
155 354 0 1
154 354 0 1
153 354 0 1
36 354 0 0
35 354 0 0
34 354 0 0
33 354 0 0
32 354 0 0
31 354 0 0
217 353 0 0
216 353 0 0
215 353 0 0
214 353 0 0
213 353 0 0
212 353 0 0
211 353 0 0
157 353 0 1
156 353 0 1
155 353 0 1
154 353 0 1
153 353 0 1
36 353 0 0
35 353 0 0
34 353 0 0
33 353 0 0
32 353 0 0
31 353 0 0
218 352 0 0
217 352 0 0
216 352 0 0
215 352 0 0
214 352 0 0
213 352 0 0
212 352 0 0
157 352 0 1
156 352 0 1
155 352 0 1
154 352 0 1
153 352 0 1
35 352 0 0
34 352 0 0
33 352 0 0
32 352 0 0
31 352 0 0
219 351 0 0
218 351 0 0
217 351 0 0
216 351 0 0
215 351 0 0
214 351 0 0
213 351 0 0
157 351 0 1
156 351 0 1
155 351 0 1
154 351 0 1
153 351 0 1
35 351 0 0
34 351 0 0
33 351 0 0
32 351 0 0
31 351 0 0
30 351 0 0
219 350 0 0
218 350 0 0
217 350 0 0
216 350 0 0
215 350 0 0
214 350 0 0
157 350 0 1
156 350 0 1
155 350 0 1
154 350 0 1
153 350 0 1
35 350 0 0
34 350 0 0
33 350 0 0
32 350 0 0
31 350 0 0
30 350 0 0
220 349 0 0
219 349 0 0
218 349 0 0
217 349 0 0
216 349 0 0
215 349 0 0
214 349 0 0
157 349 0 1
156 349 0 1
155 349 0 1
154 349 0 1
153 349 0 1
34 349 0 0
33 349 0 0
32 349 0 0
31 349 0 0
30 349 0 0
221 348 0 0
220 348 0 0
219 348 0 0
218 348 0 0
217 348 0 0
216 348 0 0
215 348 0 0
157 348 0 1
156 348 0 1
155 348 0 1
154 348 0 1
153 348 0 1
34 348 0 0
33 348 0 0
32 348 0 0
31 348 0 0
30 348 0 0
29 348 0 0
222 347 0 0
221 347 0 0
220 347 0 0
219 347 0 0
218 347 0 0
217 347 0 0
216 347 0 0
157 347 0 1
156 347 0 1
155 347 0 1
154 347 0 1
153 347 0 1
34 347 0 0
33 347 0 0
32 347 0 0
31 347 0 0
30 347 0 0
29 347 0 0
223 346 0 0
222 346 0 0
221 346 0 0
220 346 0 0
219 346 0 0
218 346 0 0
217 346 0 0
157 346 0 1
156 346 0 1
155 346 0 1
154 346 0 1
153 346 0 1
33 346 0 0
32 346 0 0
31 346 0 0
30 346 0 0
29 346 0 0
223 345 0 0
222 345 0 0
221 345 0 0
220 345 0 0
219 345 0 0
218 345 0 0
157 345 0 1
156 345 0 1
155 345 0 1
154 345 0 1
153 345 0 1
33 345 0 0
32 345 0 0
31 345 0 0
30 345 0 0
29 345 0 0
28 345 0 0
224 344 0 0
223 344 0 0
222 344 0 0
221 344 0 0
220 344 0 0
219 344 0 0
218 344 0 0
157 344 0 1
156 344 0 1
155 344 0 1
154 344 0 1
153 344 0 1
33 344 0 0
32 344 0 0
31 344 0 0
30 344 0 0
29 344 0 0
28 344 0 0
225 343 0 0
224 343 0 0
223 343 0 0
222 343 0 0
221 343 0 0
220 343 0 0
219 343 0 0
157 343 0 1
156 343 0 1
155 343 0 1
154 343 0 1
153 343 0 1
32 343 0 0
31 343 0 0
30 343 0 0
29 343 0 0
28 343 0 0
27 343 0 0
226 342 0 0
225 342 0 0
224 342 0 0
223 342 0 0
222 342 0 0
221 342 0 0
220 342 0 0
157 342 0 1
156 342 0 1
155 342 0 1
154 342 0 1
153 342 0 1
32 342 0 0
31 342 0 0
30 342 0 0
29 342 0 0
28 342 0 0
27 342 0 0
226 341 0 0
225 341 0 0
224 341 0 0
223 341 0 0
222 341 0 0
221 341 0 0
157 341 0 1
156 341 0 1
155 341 0 1
154 341 0 1
153 341 0 1
31 341 0 0
30 341 0 0
29 341 0 0
28 341 0 0
27 341 0 0
26 341 0 0
227 340 0 0
226 340 0 0
225 340 0 0
224 340 0 0
223 340 0 0
222 340 0 0
221 340 0 0
157 340 0 1
156 340 0 1
155 340 0 1
154 340 0 1
153 340 0 1
31 340 0 0
30 340 0 0
29 340 0 0
28 340 0 0
27 340 0 0
26 340 0 0
228 339 0 0
227 339 0 0
226 339 0 0
225 339 0 0
224 339 0 0
223 339 0 0
222 339 0 0
157 339 0 1
156 339 0 1
155 339 0 1
154 339 0 1
153 339 0 1
30 339 0 0
29 339 0 0
28 339 0 0
27 339 0 0
26 339 0 0
25 339 0 0
229 338 0 0
228 338 0 0
227 338 0 0
226 338 0 0
225 338 0 0
224 338 0 0
223 338 0 0
157 338 0 1
156 338 0 1
155 338 0 1
154 338 0 1
153 338 0 1
30 338 0 0
29 338 0 0
28 338 0 0
27 338 0 0
26 338 0 0
25 338 0 0
229 337 0 0
228 337 0 0
227 337 0 0
226 337 0 0
225 337 0 0
224 337 0 0
157 337 0 1
156 337 0 1
155 337 0 1
154 337 0 1
153 337 0 1
152 337 0 1
29 337 0 0
28 337 0 0
27 337 0 0
26 337 0 0
25 337 0 0
230 336 0 0
229 336 0 0
228 336 0 0
227 336 0 0
226 336 0 0
225 336 0 0
156 336 0 1
155 336 0 1
154 336 0 1
153 336 0 1
152 336 0 1
29 336 0 0
28 336 0 0
27 336 0 0
26 336 0 0
25 336 0 0
24 336 0 0
231 335 0 0
230 335 0 0
229 335 0 0
228 335 0 0
227 335 0 0
226 335 0 0
225 335 0 0
156 335 0 1
155 335 0 1
154 335 0 1
153 335 0 1
152 335 0 1
28 335 0 0
27 335 0 0
26 335 0 0
25 335 0 0
24 335 0 0
232 334 0 0
231 334 0 0
230 334 0 0
229 334 0 0
228 334 0 0
227 334 0 0
226 334 0 0
156 334 0 1
155 334 0 1
154 334 0 1
153 334 0 1
152 334 0 1
28 334 0 0
27 334 0 0
26 334 0 0
25 334 0 0
24 334 0 0
232 333 0 0
231 333 0 0
230 333 0 0
229 333 0 0
228 333 0 0
227 333 0 0
156 333 0 1
155 333 0 1
154 333 0 1
153 333 0 1
152 333 0 1
28 333 0 0
27 333 0 0
26 333 0 0
25 333 0 0
24 333 0 0
23 333 0 0
233 332 0 0
232 332 0 0
231 332 0 0
230 332 0 0
229 332 0 0
228 332 0 0
156 332 0 1
155 332 0 1
154 332 0 1
153 332 0 1
152 332 0 1
27 332 0 0
26 332 0 0
25 332 0 0
24 332 0 0
23 332 0 0
234 331 0 0
233 331 0 0
232 331 0 0
231 331 0 0
230 331 0 0
229 331 0 0
228 331 0 0
156 331 0 1
155 331 0 1
154 331 0 1
153 331 0 1
152 331 0 1
27 331 0 0
26 331 0 0
25 331 0 0
24 331 0 0
23 331 0 0
22 331 0 0
234 330 0 0
233 330 0 0
232 330 0 0
231 330 0 0
230 330 0 0
229 330 0 0
156 330 0 1
155 330 0 1
154 330 0 1
153 330 0 1
152 330 0 1
27 330 0 0
26 330 0 0
25 330 0 0
24 330 0 0
23 330 0 0
22 330 0 0
235 329 0 0
234 329 0 0
233 329 0 0
232 329 0 0
231 329 0 0
230 329 0 0
156 329 0 1
155 329 0 1
154 329 0 1
153 329 0 1
152 329 0 1
26 329 0 0
25 329 0 0
24 329 0 0
23 329 0 0
22 329 0 0
236 328 0 0
235 328 0 0
234 328 0 0
233 328 0 0
232 328 0 0
231 328 0 0
230 328 0 0
156 328 0 1
155 328 0 1
154 328 0 1
153 328 0 1
152 328 0 1
26 328 0 0
25 328 0 0
24 328 0 0
23 328 0 0
22 328 0 0
236 327 0 0
235 327 0 0
234 327 0 0
233 327 0 0
232 327 0 0
231 327 0 0
156 327 0 1
155 327 0 1
154 327 0 1
153 327 0 1
152 327 0 1
26 327 0 0
25 327 0 0
24 327 0 0
23 327 0 0
22 327 0 0
21 327 0 0
237 326 0 0
236 326 0 0
235 326 0 0
234 326 0 0
233 326 0 0
232 326 0 0
156 326 0 1
155 326 0 1
154 326 0 1
153 326 0 1
152 326 0 1
25 326 0 0
24 326 0 0
23 326 0 0
22 326 0 0
21 326 0 0
237 325 0 0
236 325 0 0
235 325 0 0
234 325 0 0
233 325 0 0
232 325 0 0
156 325 0 1
155 325 0 1
154 325 0 1
153 325 0 1
152 325 0 1
25 325 0 0
24 325 0 0
23 325 0 0
22 325 0 0
21 325 0 0
238 324 0 0
237 324 0 0
236 324 0 0
235 324 0 0
234 324 0 0
233 324 0 0
156 324 0 1
155 324 0 1
154 324 0 1
153 324 0 1
152 324 0 1
25 324 0 0
24 324 0 0
23 324 0 0
22 324 0 0
21 324 0 0
20 324 0 0
239 323 0 0
238 323 0 0
237 323 0 0
236 323 0 0
235 323 0 0
234 323 0 0
233 323 0 0
156 323 0 1
155 323 0 1
154 323 0 1
153 323 0 1
152 323 0 1
24 323 0 0
23 323 0 0
22 323 0 0
21 323 0 0
20 323 0 0
239 322 0 0
238 322 0 0
237 322 0 0
236 322 0 0
235 322 0 0
234 322 0 0
156 322 0 1
155 322 0 1
154 322 0 1
153 322 0 1
152 322 0 1
24 322 0 0
23 322 0 0
22 322 0 0
21 322 0 0
20 322 0 0
240 321 0 0
239 321 0 0
238 321 0 0
237 321 0 0
236 321 0 0
235 321 0 0
156 321 0 1
155 321 0 1
154 321 0 1
153 321 0 1
152 321 0 1
24 321 0 0
23 321 0 0
22 321 0 0
21 321 0 0
20 321 0 0
241 320 0 0
240 320 0 0
239 320 0 0
238 320 0 0
237 320 0 0
236 320 0 0
235 320 0 0
156 320 0 1
155 320 0 1
154 320 0 1
153 320 0 1
152 320 0 1
24 320 0 0
23 320 0 0
22 320 0 0
21 320 0 0
20 320 0 0
242 319 0 0
241 319 0 0
240 319 0 0
239 319 0 0
238 319 0 0
237 319 0 0
236 319 0 0
156 319 0 1
155 319 0 1
154 319 0 1
153 319 0 1
152 319 0 1
23 319 0 0
22 319 0 0
21 319 0 0
20 319 0 0
243 318 0 0
242 318 0 0
241 318 0 0
240 318 0 0
239 318 0 0
238 318 0 0
237 318 0 0
156 318 0 1
155 318 0 1
154 318 0 1
153 318 0 1
152 318 0 1
23 318 0 0
22 318 0 0
21 318 0 0
20 318 0 0
243 317 0 0
242 317 0 0
241 317 0 0
240 317 0 0
239 317 0 0
238 317 0 0
237 317 0 0
155 317 0 1
154 317 0 1
153 317 0 1
152 317 0 1
151 317 0 1
23 317 0 0
22 317 0 0
21 317 0 0
20 317 0 0
244 316 0 0
243 316 0 0
242 316 0 0
241 316 0 0
240 316 0 0
239 316 0 0
238 316 0 0
155 316 0 1
154 316 0 1
153 316 0 1
152 316 0 1
151 316 0 1
23 316 0 0
22 316 0 0
21 316 0 0
20 316 0 0
245 315 0 0
244 315 0 0
243 315 0 0
242 315 0 0
241 315 0 0
240 315 0 0
239 315 0 0
155 315 0 1
154 315 0 1
153 315 0 1
152 315 0 1
151 315 0 1
23 315 0 0
22 315 0 0
21 315 0 0
20 315 0 0
246 314 0 0
245 314 0 0
244 314 0 0
243 314 0 0
242 314 0 0
241 314 0 0
240 314 0 0
155 314 0 1
154 314 0 1
153 314 0 1
152 314 0 1
151 314 0 1
23 314 0 0
22 314 0 0
21 314 0 0
20 314 0 0
247 313 0 0
246 313 0 0
245 313 0 0
244 313 0 0
243 313 0 0
242 313 0 0
241 313 0 0
155 313 0 1
154 313 0 1
153 313 0 1
152 313 0 1
151 313 0 1
23 313 0 0
22 313 0 0
21 313 0 0
20 313 0 0
248 312 0 0
247 312 0 0
246 312 0 0
245 312 0 0
244 312 0 0
243 312 0 0
242 312 0 0
155 312 0 1
154 312 0 1
153 312 0 1
152 312 0 1
151 312 0 1
23 312 0 0
22 312 0 0
21 312 0 0
20 312 0 0
249 311 0 0
248 311 0 0
247 311 0 0
246 311 0 0
245 311 0 0
244 311 0 0
243 311 0 0
155 311 0 1
154 311 0 1
153 311 0 1
152 311 0 1
151 311 0 1
23 311 0 0
22 311 0 0
21 311 0 0
20 311 0 0
250 310 0 0
249 310 0 0
248 310 0 0
247 310 0 0
246 310 0 0
245 310 0 0
244 310 0 0
155 310 0 1
154 310 0 1
153 310 0 1
152 310 0 1
151 310 0 1
23 310 0 0
22 310 0 0
21 310 0 0
20 310 0 0
251 309 0 0
250 309 0 0
249 309 0 0
248 309 0 0
247 309 0 0
246 309 0 0
245 309 0 0
155 309 0 1
154 309 0 1
153 309 0 1
152 309 0 1
151 309 0 1
23 309 0 0
22 309 0 0
21 309 0 0
20 309 0 0
252 308 0 0
251 308 0 0
250 308 0 0
249 308 0 0
248 308 0 0
247 308 0 0
246 308 0 0
155 308 0 1
154 308 0 1
153 308 0 1
152 308 0 1
151 308 0 1
23 308 0 0
22 308 0 0
21 308 0 0
20 308 0 0
253 307 0 0
252 307 0 0
251 307 0 0
250 307 0 0
249 307 0 0
248 307 0 0
247 307 0 0
155 307 0 1
154 307 0 1
153 307 0 1
152 307 0 1
151 307 0 1
23 307 0 0
22 307 0 0
21 307 0 0
20 307 0 0
254 306 0 0
253 306 0 0
252 306 0 0
251 306 0 0
250 306 0 0
249 306 0 0
248 306 0 0
155 306 0 1
154 306 0 1
153 306 0 1
152 306 0 1
151 306 0 1
150 306 0 1
23 306 0 0
22 306 0 0
21 306 0 0
20 306 0 0
255 305 0 0
254 305 0 0
253 305 0 0
252 305 0 0
251 305 0 0
250 305 0 0
249 305 0 0
154 305 0 1
153 305 0 1
152 305 0 1
151 305 0 1
150 305 0 1
23 305 0 0
22 305 0 0
21 305 0 0
20 305 0 0
256 304 0 0
255 304 0 0
254 304 0 0
253 304 0 0
252 304 0 0
251 304 0 0
250 304 0 0
154 304 0 1
153 304 0 1
152 304 0 1
151 304 0 1
150 304 0 1
23 304 0 0
22 304 0 0
21 304 0 0
20 304 0 0
257 303 0 0
256 303 0 0
255 303 0 0
254 303 0 0
253 303 0 0
252 303 0 0
251 303 0 0
154 303 0 1
153 303 0 1
152 303 0 1
151 303 0 1
150 303 0 1
23 303 0 0
22 303 0 0
21 303 0 0
20 303 0 0
259 302 0 0
258 302 0 0
257 302 0 0
256 302 0 0
255 302 0 0
254 302 0 0
253 302 0 0
252 302 0 0
154 302 0 1
153 302 0 1
152 302 0 1
151 302 0 1
150 302 0 1
23 302 0 0
22 302 0 0
21 302 0 0
20 302 0 0
260 301 0 0
259 301 0 0
258 301 0 0
257 301 0 0
256 301 0 0
255 301 0 0
254 301 0 0
253 301 0 0
154 301 0 1
153 301 0 1
152 301 0 1
151 301 0 1
150 301 0 1
23 301 0 0
22 301 0 0
21 301 0 0
20 301 0 0
262 300 0 0
261 300 0 0
260 300 0 0
259 300 0 0
258 300 0 0
257 300 0 0
256 300 0 0
255 300 0 0
254 300 0 0
154 300 0 1
153 300 0 1
152 300 0 1
151 300 0 1
150 300 0 1
23 300 0 0
22 300 0 0
21 300 0 0
20 300 0 0
264 299 0 0
263 299 0 0
262 299 0 0
261 299 0 0
260 299 0 0
259 299 0 0
258 299 0 0
257 299 0 0
256 299 0 0
255 299 0 0
154 299 0 1
153 299 0 1
152 299 0 1
151 299 0 1
150 299 0 1
23 299 0 0
22 299 0 0
21 299 0 0
20 299 0 0
266 298 0 0
265 298 0 0
264 298 0 0
263 298 0 0
262 298 0 0
261 298 0 0
260 298 0 0
259 298 0 0
258 298 0 0
257 298 0 0
154 298 0 1
153 298 0 1
152 298 0 1
151 298 0 1
150 298 0 1
23 298 0 0
22 298 0 0
21 298 0 0
20 298 0 0
268 297 0 0
267 297 0 0
266 297 0 0
265 297 0 0
264 297 0 0
263 297 0 0
262 297 0 0
261 297 0 0
260 297 0 0
259 297 0 0
258 297 0 0
154 297 0 1
153 297 0 1
152 297 0 1
151 297 0 1
150 297 0 1
270 296 0 0
269 296 0 0
268 296 0 0
267 296 0 0
266 296 0 0
265 296 0 0
264 296 0 0
263 296 0 0
262 296 0 0
261 296 0 0
260 296 0 0
154 296 0 1
153 296 0 1
152 296 0 1
151 296 0 1
150 296 0 1
272 295 0 0
271 295 0 0
270 295 0 0
269 295 0 0
268 295 0 0
267 295 0 0
266 295 0 0
265 295 0 0
264 295 0 0
263 295 0 0
262 295 0 0
261 295 0 0
154 295 0 1
153 295 0 1
152 295 0 1
151 295 0 1
150 295 0 1
273 294 0 0
272 294 0 0
271 294 0 0
270 294 0 0
269 294 0 0
268 294 0 0
267 294 0 0
266 294 0 0
265 294 0 0
264 294 0 0
263 294 0 0
153 294 0 1
152 294 0 1
151 294 0 1
150 294 0 1
149 294 0 1
275 293 0 0
274 293 0 0
273 293 0 0
272 293 0 0
271 293 0 0
270 293 0 0
269 293 0 0
268 293 0 0
267 293 0 0
266 293 0 0
265 293 0 0
153 293 0 1
152 293 0 1
151 293 0 1
150 293 0 1
149 293 0 1
275 292 0 0
274 292 0 0
273 292 0 0
272 292 0 0
271 292 0 0
270 292 0 0
269 292 0 0
268 292 0 0
267 292 0 0
153 292 0 1
152 292 0 1
151 292 0 1
150 292 0 1
149 292 0 1
275 291 0 0
274 291 0 0
273 291 0 0
272 291 0 0
271 291 0 0
270 291 0 0
269 291 0 0
153 291 0 1
152 291 0 1
151 291 0 1
150 291 0 1
149 291 0 1
275 290 0 0
274 290 0 0
273 290 0 0
272 290 0 0
271 290 0 0
153 290 0 1
152 290 0 1
151 290 0 1
150 290 0 1
149 290 0 1
153 289 0 1
152 289 0 1
151 289 0 1
150 289 0 1
149 289 0 1
153 288 0 1
152 288 0 1
151 288 0 1
150 288 0 1
149 288 0 1
153 287 0 1
152 287 0 1
151 287 0 1
150 287 0 1
149 287 0 1
153 286 0 1
152 286 0 1
151 286 0 1
150 286 0 1
149 286 0 1
153 285 0 1
152 285 0 1
151 285 0 1
150 285 0 1
149 285 0 1
153 284 0 1
152 284 0 1
151 284 0 1
150 284 0 1
149 284 0 1
153 283 0 1
152 283 0 1
151 283 0 1
150 283 0 1
149 283 0 1
152 282 0 1
151 282 0 1
150 282 0 1
149 282 0 1
148 282 0 1
152 281 0 1
151 281 0 1
150 281 0 1
149 281 0 1
148 281 0 1
152 280 0 1
151 280 0 1
150 280 0 1
149 280 0 1
148 280 0 1
152 279 0 1
151 279 0 1
150 279 0 1
149 279 0 1
148 279 0 1
152 278 0 1
151 278 0 1
150 278 0 1
149 278 0 1
148 278 0 1
152 277 0 1
151 277 0 1
150 277 0 1
149 277 0 1
148 277 0 1
152 276 0 1
151 276 0 1
150 276 0 1
149 276 0 1
148 276 0 1
152 275 0 1
151 275 0 1
150 275 0 1
149 275 0 1
148 275 0 1
152 274 0 1
151 274 0 1
150 274 0 1
149 274 0 1
148 274 0 1
152 273 0 1
151 273 0 1
150 273 0 1
149 273 0 1
148 273 0 1
152 272 0 1
151 272 0 1
150 272 0 1
149 272 0 1
148 272 0 1
152 271 0 1
151 271 0 1
150 271 0 1
149 271 0 1
148 271 0 1
147 271 0 1
151 270 0 1
150 270 0 1
149 270 0 1
148 270 0 1
147 270 0 1
151 269 0 1
150 269 0 1
149 269 0 1
148 269 0 1
147 269 0 1
151 268 0 1
150 268 0 1
149 268 0 1
148 268 0 1
147 268 0 1
151 267 0 1
150 267 0 1
149 267 0 1
148 267 0 1
147 267 0 1
151 266 0 1
150 266 0 1
149 266 0 1
148 266 0 1
147 266 0 1
151 265 0 1
150 265 0 1
149 265 0 1
148 265 0 1
147 265 0 1
151 264 0 1
150 264 0 1
149 264 0 1
148 264 0 1
147 264 0 1
151 263 0 1
150 263 0 1
149 263 0 1
148 263 0 1
147 263 0 1
151 262 0 1
150 262 0 1
149 262 0 1
148 262 0 1
147 262 0 1
151 261 0 1
150 261 0 1
149 261 0 1
148 261 0 1
147 261 0 1
151 260 0 1
150 260 0 1
149 260 0 1
148 260 0 1
147 260 0 1
150 259 0 1
149 259 0 1
148 259 0 1
147 259 0 1
146 259 0 1
150 258 0 1
149 258 0 1
148 258 0 1
147 258 0 1
146 258 0 1
150 257 0 1
149 257 0 1
148 257 0 1
147 257 0 1
146 257 0 1
150 256 0 1
149 256 0 1
148 256 0 1
147 256 0 1
146 256 0 1
150 255 0 1
149 255 0 1
148 255 0 1
147 255 0 1
146 255 0 1
150 254 0 1
149 254 0 1
148 254 0 1
147 254 0 1
146 254 0 1
150 253 0 1
149 253 0 1
148 253 0 1
147 253 0 1
146 253 0 1
150 252 0 1
149 252 0 1
148 252 0 1
147 252 0 1
146 252 0 1
150 251 0 1
149 251 0 1
148 251 0 1
147 251 0 1
146 251 0 1
150 250 0 1
149 250 0 1
148 250 0 1
147 250 0 1
146 250 0 1
150 249 0 1
149 249 0 1
148 249 0 1
147 249 0 1
146 249 0 1
150 248 0 1
149 248 0 1
148 248 0 1
147 248 0 1
146 248 0 1
150 247 0 1
149 247 0 1
148 247 0 1
147 247 0 1
146 247 0 1
150 246 0 1
149 246 0 1
148 246 0 1
147 246 0 1
146 246 0 1
150 245 0 1
149 245 0 1
148 245 0 1
147 245 0 1
146 245 0 1
145 245 0 1
149 244 0 1
148 244 0 1
147 244 0 1
146 244 0 1
145 244 0 1
149 243 0 1
148 243 0 1
147 243 0 1
146 243 0 1
145 243 0 1
149 242 0 1
148 242 0 1
147 242 0 1
146 242 0 1
145 242 0 1
149 241 0 1
148 241 0 1
147 241 0 1
146 241 0 1
145 241 0 1
149 240 0 1
148 240 0 1
147 240 0 1
146 240 0 1
145 240 0 1
149 239 0 1
148 239 0 1
147 239 0 1
146 239 0 1
145 239 0 1
149 238 0 1
148 238 0 1
147 238 0 1
146 238 0 1
145 238 0 1
149 237 0 1
148 237 0 1
147 237 0 1
146 237 0 1
145 237 0 1
149 236 0 1
148 236 0 1
147 236 0 1
146 236 0 1
145 236 0 1
149 235 0 1
148 235 0 1
147 235 0 1
146 235 0 1
145 235 0 1
149 234 0 1
148 234 0 1
147 234 0 1
146 234 0 1
145 234 0 1
149 233 0 1
148 233 0 1
147 233 0 1
146 233 0 1
145 233 0 1
149 232 0 1
148 232 0 1
147 232 0 1
146 232 0 1
145 232 0 1
149 231 0 1
148 231 0 1
147 231 0 1
146 231 0 1
145 231 0 1
148 230 0 1
147 230 0 1
146 230 0 1
145 230 0 1
148 229 0 1
147 229 0 1
146 229 0 1
145 229 0 1
148 228 0 1
147 228 0 1
146 228 0 1
145 228 0 1
148 227 0 1
147 227 0 1
146 227 0 1
145 227 0 1
148 226 0 1
147 226 0 1
146 226 0 1
145 226 0 1
148 225 0 1
147 225 0 1
146 225 0 1
145 225 0 1
148 224 0 1
147 224 0 1
146 224 0 1
145 224 0 1
148 223 0 1
147 223 0 1
146 223 0 1
145 223 0 1
148 222 0 1
147 222 0 1
146 222 0 1
145 222 0 1
148 221 0 1
147 221 0 1
146 221 0 1
145 221 0 1
148 220 0 1
147 220 0 1
146 220 0 1
145 220 0 1
148 219 0 1
147 219 0 1
146 219 0 1
145 219 0 1
148 218 0 1
147 218 0 1
146 218 0 1
145 218 0 1
148 217 0 1
147 217 0 1
146 217 0 1
145 217 0 1
148 216 0 1
147 216 0 1
146 216 0 1
145 216 0 1
148 215 0 1
147 215 0 1
146 215 0 1
145 215 0 1
148 214 0 1
147 214 0 1
146 214 0 1
145 214 0 1
148 213 0 1
147 213 0 1
146 213 0 1
145 213 0 1
148 212 0 1
147 212 0 1
146 212 0 1
145 212 0 1
148 211 0 1
147 211 0 1
146 211 0 1
145 211 0 1
149 210 0 1
148 210 0 1
147 210 0 1
146 210 0 1
145 210 0 1
149 209 0 1
148 209 0 1
147 209 0 1
146 209 0 1
145 209 0 1
149 208 0 1
148 208 0 1
147 208 0 1
146 208 0 1
145 208 0 1
149 207 0 1
148 207 0 1
147 207 0 1
146 207 0 1
145 207 0 1
150 206 0 1
149 206 0 1
148 206 0 1
147 206 0 1
146 206 0 1
145 206 0 1
150 205 0 1
149 205 0 1
148 205 0 1
147 205 0 1
146 205 0 1
145 205 0 1
150 204 0 1
149 204 0 1
148 204 0 1
147 204 0 1
146 204 0 1
150 203 0 1
149 203 0 1
148 203 0 1
147 203 0 1
146 203 0 1
150 202 0 1
149 202 0 1
148 202 0 1
147 202 0 1
146 202 0 1
16 202 0 0
15 202 0 0
14 202 0 0
13 202 0 0
12 202 0 0
151 201 0 1
150 201 0 1
149 201 0 1
148 201 0 1
147 201 0 1
146 201 0 1
17 201 0 0
16 201 0 0
15 201 0 0
14 201 0 0
13 201 0 0
12 201 0 0
151 200 0 1
150 200 0 1
149 200 0 1
148 200 0 1
147 200 0 1
17 200 0 0
16 200 0 0
15 200 0 0
14 200 0 0
13 200 0 0
12 200 0 0
151 199 0 1
150 199 0 1
149 199 0 1
148 199 0 1
147 199 0 1
17 199 0 0
16 199 0 0
15 199 0 0
14 199 0 0
13 199 0 0
12 199 0 0
151 198 0 1
150 198 0 1
149 198 0 1
148 198 0 1
147 198 0 1
17 198 0 0
16 198 0 0
15 198 0 0
14 198 0 0
13 198 0 0
152 197 0 1
151 197 0 1
150 197 0 1
149 197 0 1
148 197 0 1
147 197 0 1
18 197 0 0
17 197 0 0
16 197 0 0
15 197 0 0
14 197 0 0
13 197 0 0
152 196 0 1
151 196 0 1
150 196 0 1
149 196 0 1
148 196 0 1
147 196 0 1
18 196 0 0
17 196 0 0
16 196 0 0
15 196 0 0
14 196 0 0
13 196 0 0
152 195 0 1
151 195 0 1
150 195 0 1
149 195 0 1
148 195 0 1
18 195 0 0
17 195 0 0
16 195 0 0
15 195 0 0
14 195 0 0
152 194 0 1
151 194 0 1
150 194 0 1
149 194 0 1
148 194 0 1
18 194 0 0
17 194 0 0
16 194 0 0
15 194 0 0
14 194 0 0
153 193 0 1
152 193 0 1
151 193 0 1
150 193 0 1
149 193 0 1
148 193 0 1
19 193 0 0
18 193 0 0
17 193 0 0
16 193 0 0
15 193 0 0
14 193 0 0
153 192 0 1
152 192 0 1
151 192 0 1
150 192 0 1
149 192 0 1
19 192 0 0
18 192 0 0
17 192 0 0
16 192 0 0
15 192 0 0
14 192 0 0
153 191 0 1
152 191 0 1
151 191 0 1
150 191 0 1
149 191 0 1
19 191 0 0
18 191 0 0
17 191 0 0
16 191 0 0
15 191 0 0
153 190 0 1
152 190 0 1
151 190 0 1
150 190 0 1
149 190 0 1
19 190 0 0
18 190 0 0
17 190 0 0
16 190 0 0
15 190 0 0
154 189 0 1
153 189 0 1
152 189 0 1
151 189 0 1
150 189 0 1
149 189 0 1
19 189 0 0
18 189 0 0
17 189 0 0
16 189 0 0
15 189 0 0
154 188 0 1
153 188 0 1
152 188 0 1
151 188 0 1
150 188 0 1
20 188 0 0
19 188 0 0
18 188 0 0
17 188 0 0
16 188 0 0
15 188 0 0
154 187 0 1
153 187 0 1
152 187 0 1
151 187 0 1
150 187 0 1
20 187 0 0
19 187 0 0
18 187 0 0
17 187 0 0
16 187 0 0
155 186 0 1
154 186 0 1
153 186 0 1
152 186 0 1
151 186 0 1
150 186 0 1
20 186 0 0
19 186 0 0
18 186 0 0
17 186 0 0
16 186 0 0
155 185 0 1
154 185 0 1
153 185 0 1
152 185 0 1
151 185 0 1
150 185 0 1
20 185 0 0
19 185 0 0
18 185 0 0
17 185 0 0
16 185 0 0
156 184 0 1
155 184 0 1
154 184 0 1
153 184 0 1
152 184 0 1
151 184 0 1
20 184 0 0
19 184 0 0
18 184 0 0
17 184 0 0
16 184 0 0
157 183 0 1
156 183 0 1
155 183 0 1
154 183 0 1
153 183 0 1
152 183 0 1
20 183 0 0
19 183 0 0
18 183 0 0
17 183 0 0
16 183 0 0
157 182 0 1
156 182 0 1
155 182 0 1
154 182 0 1
153 182 0 1
152 182 0 1
20 182 0 0
19 182 0 0
18 182 0 0
17 182 0 0
16 182 0 0
158 181 0 1
157 181 0 1
156 181 0 1
155 181 0 1
154 181 0 1
153 181 0 1
20 181 0 0
19 181 0 0
18 181 0 0
17 181 0 0
16 181 0 0
159 180 0 1
158 180 0 1
157 180 0 1
156 180 0 1
155 180 0 1
154 180 0 1
21 180 0 0
20 180 0 0
19 180 0 0
18 180 0 0
17 180 0 0
159 179 0 1
158 179 0 1
157 179 0 1
156 179 0 1
155 179 0 1
154 179 0 1
21 179 0 0
20 179 0 0
19 179 0 0
18 179 0 0
17 179 0 0
160 178 0 1
159 178 0 1
158 178 0 1
157 178 0 1
156 178 0 1
155 178 0 1
21 178 0 0
20 178 0 0
19 178 0 0
18 178 0 0
17 178 0 0
294 177 0 0
293 177 0 0
292 177 0 0
291 177 0 0
290 177 0 0
161 177 0 1
160 177 0 1
159 177 0 1
158 177 0 1
157 177 0 1
156 177 0 1
21 177 0 0
20 177 0 0
19 177 0 0
18 177 0 0
17 177 0 0
294 176 0 0
293 176 0 0
292 176 0 0
291 176 0 0
290 176 0 0
161 176 0 1
160 176 0 1
159 176 0 1
158 176 0 1
157 176 0 1
156 176 0 1
22 176 0 0
21 176 0 0
20 176 0 0
19 176 0 0
18 176 0 0
17 176 0 0
294 175 0 0
293 175 0 0
292 175 0 0
291 175 0 0
290 175 0 0
162 175 0 1
161 175 0 1
160 175 0 1
159 175 0 1
158 175 0 1
157 175 0 1
22 175 0 0
21 175 0 0
20 175 0 0
19 175 0 0
18 175 0 0
294 174 0 0
293 174 0 0
292 174 0 0
291 174 0 0
290 174 0 0
162 174 0 1
161 174 0 1
160 174 0 1
159 174 0 1
158 174 0 1
157 174 0 1
22 174 0 0
21 174 0 0
20 174 0 0
19 174 0 0
18 174 0 0
293 173 0 0
292 173 0 0
291 173 0 0
290 173 0 0
163 173 0 1
162 173 0 1
161 173 0 1
160 173 0 1
159 173 0 1
158 173 0 1
22 173 0 0
21 173 0 0
20 173 0 0
19 173 0 0
18 173 0 0
293 172 0 0
292 172 0 0
291 172 0 0
290 172 0 0
163 172 0 1
162 172 0 1
161 172 0 1
160 172 0 1
159 172 0 1
158 172 0 1
22 172 0 0
21 172 0 0
20 172 0 0
19 172 0 0
18 172 0 0
293 171 0 0
292 171 0 0
291 171 0 0
290 171 0 0
164 171 0 1
163 171 0 1
162 171 0 1
161 171 0 1
160 171 0 1
159 171 0 1
22 171 0 0
21 171 0 0
20 171 0 0
19 171 0 0
18 171 0 0
293 170 0 0
292 170 0 0
291 170 0 0
290 170 0 0
165 170 0 1
164 170 0 1
163 170 0 1
162 170 0 1
161 170 0 1
160 170 0 1
22 170 0 0
21 170 0 0
20 170 0 0
19 170 0 0
18 170 0 0
293 169 0 0
292 169 0 0
291 169 0 0
290 169 0 0
165 169 0 1
164 169 0 1
163 169 0 1
162 169 0 1
161 169 0 1
160 169 0 1
22 169 0 0
21 169 0 0
20 169 0 0
19 169 0 0
18 169 0 0
293 168 0 0
292 168 0 0
291 168 0 0
290 168 0 0
166 168 0 1
165 168 0 1
164 168 0 1
163 168 0 1
162 168 0 1
161 168 0 1
22 168 0 0
21 168 0 0
20 168 0 0
19 168 0 0
18 168 0 0
293 167 0 0
292 167 0 0
291 167 0 0
290 167 0 0
166 167 0 1
165 167 0 1
164 167 0 1
163 167 0 1
162 167 0 1
161 167 0 1
22 167 0 0
21 167 0 0
20 167 0 0
19 167 0 0
18 167 0 0
293 166 0 0
292 166 0 0
291 166 0 0
290 166 0 0
167 166 0 1
166 166 0 1
165 166 0 1
164 166 0 1
163 166 0 1
162 166 0 1
22 166 0 0
21 166 0 0
20 166 0 0
19 166 0 0
18 166 0 0
293 165 0 0
292 165 0 0
291 165 0 0
290 165 0 0
167 165 0 1
166 165 0 1
165 165 0 1
164 165 0 1
163 165 0 1
162 165 0 1
23 165 0 0
22 165 0 0
21 165 0 0
20 165 0 0
19 165 0 0
293 164 0 0
292 164 0 0
291 164 0 0
290 164 0 0
168 164 0 1
167 164 0 1
166 164 0 1
165 164 0 1
164 164 0 1
163 164 0 1
23 164 0 0
22 164 0 0
21 164 0 0
20 164 0 0
19 164 0 0
293 163 0 0
292 163 0 0
291 163 0 0
290 163 0 0
169 163 0 1
168 163 0 1
167 163 0 1
166 163 0 1
165 163 0 1
164 163 0 1
23 163 0 0
22 163 0 0
21 163 0 0
20 163 0 0
19 163 0 0
293 162 0 0
292 162 0 0
291 162 0 0
290 162 0 0
169 162 0 1
168 162 0 1
167 162 0 1
166 162 0 1
165 162 0 1
164 162 0 1
23 162 0 0
22 162 0 0
21 162 0 0
20 162 0 0
19 162 0 0
293 161 0 0
292 161 0 0
291 161 0 0
290 161 0 0
170 161 0 1
169 161 0 1
168 161 0 1
167 161 0 1
166 161 0 1
165 161 0 1
23 161 0 0
22 161 0 0
21 161 0 0
20 161 0 0
19 161 0 0
293 160 0 0
292 160 0 0
291 160 0 0
290 160 0 0
171 160 0 1
170 160 0 1
169 160 0 1
168 160 0 1
167 160 0 1
166 160 0 1
23 160 0 0
22 160 0 0
21 160 0 0
20 160 0 0
19 160 0 0
293 159 0 0
292 159 0 0
291 159 0 0
290 159 0 0
171 159 0 1
170 159 0 1
169 159 0 1
168 159 0 1
167 159 0 1
166 159 0 1
23 159 0 0
22 159 0 0
21 159 0 0
20 159 0 0
19 159 0 0
293 158 0 0
292 158 0 0
291 158 0 0
290 158 0 0
172 158 0 1
171 158 0 1
170 158 0 1
169 158 0 1
168 158 0 1
167 158 0 1
23 158 0 0
22 158 0 0
21 158 0 0
20 158 0 0
19 158 0 0
293 157 0 0
292 157 0 0
291 157 0 0
290 157 0 0
172 157 0 1
171 157 0 1
170 157 0 1
169 157 0 1
168 157 0 1
167 157 0 1
23 157 0 0
22 157 0 0
21 157 0 0
20 157 0 0
19 157 0 0
293 156 0 0
292 156 0 0
291 156 0 0
290 156 0 0
173 156 0 1
172 156 0 1
171 156 0 1
170 156 0 1
169 156 0 1
168 156 0 1
23 156 0 0
22 156 0 0
21 156 0 0
20 156 0 0
19 156 0 0
293 155 0 0
292 155 0 0
291 155 0 0
290 155 0 0
173 155 0 1
172 155 0 1
171 155 0 1
170 155 0 1
169 155 0 1
168 155 0 1
23 155 0 0
22 155 0 0
21 155 0 0
20 155 0 0
19 155 0 0
293 154 0 0
292 154 0 0
291 154 0 0
290 154 0 0
174 154 0 1
173 154 0 1
172 154 0 1
171 154 0 1
170 154 0 1
169 154 0 1
23 154 0 0
22 154 0 0
21 154 0 0
20 154 0 0
19 154 0 0
293 153 0 0
292 153 0 0
291 153 0 0
290 153 0 0
174 153 0 1
173 153 0 1
172 153 0 1
171 153 0 1
170 153 0 1
169 153 0 1
23 153 0 0
22 153 0 0
21 153 0 0
20 153 0 0
19 153 0 0
293 152 0 0
292 152 0 0
291 152 0 0
290 152 0 0
175 152 0 1
174 152 0 1
173 152 0 1
172 152 0 1
171 152 0 1
170 152 0 1
23 152 0 0
22 152 0 0
21 152 0 0
20 152 0 0
19 152 0 0
293 151 0 0
292 151 0 0
291 151 0 0
290 151 0 0
175 151 0 1
174 151 0 1
173 151 0 1
172 151 0 1
171 151 0 1
170 151 0 1
23 151 0 0
22 151 0 0
21 151 0 0
20 151 0 0
293 150 0 0
292 150 0 0
291 150 0 0
290 150 0 0
176 150 0 1
175 150 0 1
174 150 0 1
173 150 0 1
172 150 0 1
171 150 0 1
23 150 0 0
22 150 0 0
21 150 0 0
20 150 0 0
293 149 0 0
292 149 0 0
291 149 0 0
290 149 0 0
177 149 0 1
176 149 0 1
175 149 0 1
174 149 0 1
173 149 0 1
172 149 0 1
171 149 0 1
23 149 0 0
22 149 0 0
21 149 0 0
20 149 0 0
293 148 0 0
292 148 0 0
291 148 0 0
290 148 0 0
177 148 0 1
176 148 0 1
175 148 0 1
174 148 0 1
173 148 0 1
172 148 0 1
23 148 0 0
22 148 0 0
21 148 0 0
20 148 0 0
293 147 0 0
292 147 0 0
291 147 0 0
290 147 0 0
178 147 0 1
177 147 0 1
176 147 0 1
175 147 0 1
174 147 0 1
173 147 0 1
23 147 0 0
22 147 0 0
21 147 0 0
20 147 0 0
293 146 0 0
292 146 0 0
291 146 0 0
290 146 0 0
179 146 0 1
178 146 0 1
177 146 0 1
176 146 0 1
175 146 0 1
174 146 0 1
173 146 0 1
23 146 0 0
22 146 0 0
21 146 0 0
20 146 0 0
293 145 0 0
292 145 0 0
291 145 0 0
290 145 0 0
179 145 0 1
178 145 0 1
177 145 0 1
176 145 0 1
175 145 0 1
174 145 0 1
23 145 0 0
22 145 0 0
21 145 0 0
20 145 0 0
293 144 0 0
292 144 0 0
291 144 0 0
290 144 0 0
180 144 0 1
179 144 0 1
178 144 0 1
177 144 0 1
176 144 0 1
175 144 0 1
23 144 0 0
22 144 0 0
21 144 0 0
20 144 0 0
293 143 0 0
292 143 0 0
291 143 0 0
290 143 0 0
181 143 0 1
180 143 0 1
179 143 0 1
178 143 0 1
177 143 0 1
176 143 0 1
175 143 0 1
23 143 0 0
22 143 0 0
21 143 0 0
20 143 0 0
293 142 0 0
292 142 0 0
291 142 0 0
290 142 0 0
181 142 0 1
180 142 0 1
179 142 0 1
178 142 0 1
177 142 0 1
176 142 0 1
23 142 0 0
22 142 0 0
21 142 0 0
20 142 0 0
293 141 0 0
292 141 0 0
291 141 0 0
290 141 0 0
181 141 0 1
180 141 0 1
179 141 0 1
178 141 0 1
177 141 0 1
23 141 0 0
22 141 0 0
21 141 0 0
20 141 0 0
293 140 0 0
292 140 0 0
291 140 0 0
290 140 0 0
182 140 0 1
181 140 0 1
180 140 0 1
179 140 0 1
178 140 0 1
177 140 0 1
23 140 0 0
22 140 0 0
21 140 0 0
20 140 0 0
293 139 0 0
292 139 0 0
291 139 0 0
290 139 0 0
182 139 0 1
181 139 0 1
180 139 0 1
179 139 0 1
178 139 0 1
177 139 0 1
24 139 0 0
23 139 0 0
22 139 0 0
21 139 0 0
20 139 0 0
293 138 0 0
292 138 0 0
291 138 0 0
290 138 0 0
182 138 0 1
181 138 0 1
180 138 0 1
179 138 0 1
178 138 0 1
24 138 0 0
23 138 0 0
22 138 0 0
21 138 0 0
20 138 0 0
293 137 0 0
292 137 0 0
291 137 0 0
290 137 0 0
183 137 0 1
182 137 0 1
181 137 0 1
180 137 0 1
179 137 0 1
178 137 0 1
24 137 0 0
23 137 0 0
22 137 0 0
21 137 0 0
20 137 0 0
293 136 0 0
292 136 0 0
291 136 0 0
290 136 0 0
183 136 0 1
182 136 0 1
181 136 0 1
180 136 0 1
179 136 0 1
178 136 0 1
24 136 0 0
23 136 0 0
22 136 0 0
21 136 0 0
20 136 0 0
293 135 0 0
292 135 0 0
291 135 0 0
290 135 0 0
183 135 0 1
182 135 0 1
181 135 0 1
180 135 0 1
179 135 0 1
24 135 0 0
23 135 0 0
22 135 0 0
21 135 0 0
20 135 0 0
293 134 0 0
292 134 0 0
291 134 0 0
290 134 0 0
184 134 0 1
183 134 0 1
182 134 0 1
181 134 0 1
180 134 0 1
179 134 0 1
24 134 0 0
23 134 0 0
22 134 0 0
21 134 0 0
20 134 0 0
293 133 0 0
292 133 0 0
291 133 0 0
290 133 0 0
184 133 0 1
183 133 0 1
182 133 0 1
181 133 0 1
180 133 0 1
179 133 0 1
25 133 0 0
24 133 0 0
23 133 0 0
22 133 0 0
21 133 0 0
293 132 0 0
292 132 0 0
291 132 0 0
290 132 0 0
289 132 0 0
184 132 0 1
183 132 0 1
182 132 0 1
181 132 0 1
180 132 0 1
25 132 0 0
24 132 0 0
23 132 0 0
22 132 0 0
21 132 0 0
293 131 0 0
292 131 0 0
291 131 0 0
290 131 0 0
289 131 0 0
185 131 0 1
184 131 0 1
183 131 0 1
182 131 0 1
181 131 0 1
180 131 0 1
25 131 0 0
24 131 0 0
23 131 0 0
22 131 0 0
21 131 0 0
293 130 0 0
292 130 0 0
291 130 0 0
290 130 0 0
289 130 0 0
185 130 0 1
184 130 0 1
183 130 0 1
182 130 0 1
181 130 0 1
180 130 0 1
25 130 0 0
24 130 0 0
23 130 0 0
22 130 0 0
21 130 0 0
293 129 0 0
292 129 0 0
291 129 0 0
290 129 0 0
289 129 0 0
185 129 0 1
184 129 0 1
183 129 0 1
182 129 0 1
181 129 0 1
25 129 0 0
24 129 0 0
23 129 0 0
22 129 0 0
21 129 0 0
293 128 0 0
292 128 0 0
291 128 0 0
290 128 0 0
289 128 0 0
186 128 0 1
185 128 0 1
184 128 0 1
183 128 0 1
182 128 0 1
181 128 0 1
25 128 0 0
24 128 0 0
23 128 0 0
22 128 0 0
21 128 0 0
293 127 0 0
292 127 0 0
291 127 0 0
290 127 0 0
289 127 0 0
186 127 0 1
185 127 0 1
184 127 0 1
183 127 0 1
182 127 0 1
181 127 0 1
26 127 0 0
25 127 0 0
24 127 0 0
23 127 0 0
22 127 0 0
292 126 0 0
291 126 0 0
290 126 0 0
289 126 0 0
288 126 0 0
186 126 0 1
185 126 0 1
184 126 0 1
183 126 0 1
182 126 0 1
26 126 0 0
25 126 0 0
24 126 0 0
23 126 0 0
22 126 0 0
292 125 0 0
291 125 0 0
290 125 0 0
289 125 0 0
288 125 0 0
186 125 0 1
185 125 0 1
184 125 0 1
183 125 0 1
182 125 0 1
26 125 0 0
25 125 0 0
24 125 0 0
23 125 0 0
22 125 0 0
292 124 0 0
291 124 0 0
290 124 0 0
289 124 0 0
288 124 0 0
187 124 0 1
186 124 0 1
185 124 0 1
184 124 0 1
183 124 0 1
182 124 0 1
26 124 0 0
25 124 0 0
24 124 0 0
23 124 0 0
22 124 0 0
292 123 0 0
291 123 0 0
290 123 0 0
289 123 0 0
288 123 0 0
187 123 0 1
186 123 0 1
185 123 0 1
184 123 0 1
183 123 0 1
182 123 0 1
26 123 0 0
25 123 0 0
24 123 0 0
23 123 0 0
22 123 0 0
292 122 0 0
291 122 0 0
290 122 0 0
289 122 0 0
288 122 0 0
187 122 0 1
186 122 0 1
185 122 0 1
184 122 0 1
183 122 0 1
26 122 0 0
25 122 0 0
24 122 0 0
23 122 0 0
22 122 0 0
292 121 0 0
291 121 0 0
290 121 0 0
289 121 0 0
288 121 0 0
187 121 0 1
186 121 0 1
185 121 0 1
184 121 0 1
183 121 0 1
26 121 0 0
25 121 0 0
24 121 0 0
23 121 0 0
22 121 0 0
292 120 0 0
291 120 0 0
290 120 0 0
289 120 0 0
288 120 0 0
187 120 0 1
186 120 0 1
185 120 0 1
184 120 0 1
183 120 0 1
26 120 0 0
25 120 0 0
24 120 0 0
23 120 0 0
22 120 0 0
292 119 0 0
291 119 0 0
290 119 0 0
289 119 0 0
288 119 0 0
188 119 0 1
187 119 0 1
186 119 0 1
185 119 0 1
184 119 0 1
183 119 0 1
27 119 0 0
26 119 0 0
25 119 0 0
24 119 0 0
23 119 0 0
291 118 0 0
290 118 0 0
289 118 0 0
288 118 0 0
287 118 0 0
188 118 0 1
187 118 0 1
186 118 0 1
185 118 0 1
184 118 0 1
27 118 0 0
26 118 0 0
25 118 0 0
24 118 0 0
23 118 0 0
291 117 0 0
290 117 0 0
289 117 0 0
288 117 0 0
287 117 0 0
188 117 0 1
187 117 0 1
186 117 0 1
185 117 0 1
184 117 0 1
27 117 0 0
26 117 0 0
25 117 0 0
24 117 0 0
23 117 0 0
291 116 0 0
290 116 0 0
289 116 0 0
288 116 0 0
287 116 0 0
188 116 0 1
187 116 0 1
186 116 0 1
185 116 0 1
184 116 0 1
27 116 0 0
26 116 0 0
25 116 0 0
24 116 0 0
23 116 0 0
291 115 0 0
290 115 0 0
289 115 0 0
288 115 0 0
287 115 0 0
188 115 0 1
187 115 0 1
186 115 0 1
185 115 0 1
184 115 0 1
27 115 0 0
26 115 0 0
25 115 0 0
24 115 0 0
23 115 0 0
291 114 0 0
290 114 0 0
289 114 0 0
288 114 0 0
287 114 0 0
189 114 0 1
188 114 0 1
187 114 0 1
186 114 0 1
185 114 0 1
184 114 0 1
27 114 0 0
26 114 0 0
25 114 0 0
24 114 0 0
23 114 0 0
291 113 0 0
290 113 0 0
289 113 0 0
288 113 0 0
287 113 0 0
189 113 0 1
188 113 0 1
187 113 0 1
186 113 0 1
185 113 0 1
27 113 0 0
26 113 0 0
25 113 0 0
24 113 0 0
23 113 0 0
291 112 0 0
290 112 0 0
289 112 0 0
288 112 0 0
287 112 0 0
286 112 0 0
189 112 0 1
188 112 0 1
187 112 0 1
186 112 0 1
185 112 0 1
28 112 0 0
27 112 0 0
26 112 0 0
25 112 0 0
24 112 0 0
290 111 0 0
289 111 0 0
288 111 0 0
287 111 0 0
286 111 0 0
190 111 0 1
189 111 0 1
188 111 0 1
187 111 0 1
186 111 0 1
185 111 0 1
28 111 0 0
27 111 0 0
26 111 0 0
25 111 0 0
24 111 0 0
290 110 0 0
289 110 0 0
288 110 0 0
287 110 0 0
286 110 0 0
190 110 0 1
189 110 0 1
188 110 0 1
187 110 0 1
186 110 0 1
185 110 0 1
28 110 0 0
27 110 0 0
26 110 0 0
25 110 0 0
24 110 0 0
290 109 0 0
289 109 0 0
288 109 0 0
287 109 0 0
286 109 0 0
190 109 0 1
189 109 0 1
188 109 0 1
187 109 0 1
186 109 0 1
28 109 0 0
27 109 0 0
26 109 0 0
25 109 0 0
24 109 0 0
290 108 0 0
289 108 0 0
288 108 0 0
287 108 0 0
286 108 0 0
190 108 0 1
189 108 0 1
188 108 0 1
187 108 0 1
186 108 0 1
28 108 0 0
27 108 0 0
26 108 0 0
25 108 0 0
24 108 0 0
290 107 0 0
289 107 0 0
288 107 0 0
287 107 0 0
286 107 0 0
190 107 0 1
189 107 0 1
188 107 0 1
187 107 0 1
186 107 0 1
28 107 0 0
27 107 0 0
26 107 0 0
25 107 0 0
24 107 0 0
290 106 0 0
289 106 0 0
288 106 0 0
287 106 0 0
286 106 0 0
285 106 0 0
190 106 0 1
189 106 0 1
188 106 0 1
187 106 0 1
29 106 0 0
28 106 0 0
27 106 0 0
26 106 0 0
25 106 0 0
24 106 0 0
289 105 0 0
288 105 0 0
287 105 0 0
286 105 0 0
285 105 0 0
190 105 0 1
189 105 0 1
188 105 0 1
187 105 0 1
29 105 0 0
28 105 0 0
27 105 0 0
26 105 0 0
25 105 0 0
289 104 0 0
288 104 0 0
287 104 0 0
286 104 0 0
285 104 0 0
190 104 0 1
189 104 0 1
188 104 0 1
187 104 0 1
29 104 0 0
28 104 0 0
27 104 0 0
26 104 0 0
25 104 0 0
289 103 0 0
288 103 0 0
287 103 0 0
286 103 0 0
285 103 0 0
190 103 0 1
189 103 0 1
188 103 0 1
187 103 0 1
29 103 0 0
28 103 0 0
27 103 0 0
26 103 0 0
25 103 0 0
289 102 0 0
288 102 0 0
287 102 0 0
286 102 0 0
285 102 0 0
190 102 0 1
189 102 0 1
188 102 0 1
187 102 0 1
29 102 0 0
28 102 0 0
27 102 0 0
26 102 0 0
25 102 0 0
289 101 0 0
288 101 0 0
287 101 0 0
286 101 0 0
285 101 0 0
284 101 0 0
190 101 0 1
189 101 0 1
188 101 0 1
187 101 0 1
186 101 0 1
29 101 0 0
28 101 0 0
27 101 0 0
26 101 0 0
25 101 0 0
288 100 0 0
287 100 0 0
286 100 0 0
285 100 0 0
284 100 0 0
190 100 0 1
189 100 0 1
188 100 0 1
187 100 0 1
186 100 0 1
185 100 0 1
30 100 0 0
29 100 0 0
28 100 0 0
27 100 0 0
26 100 0 0
25 100 0 0
288 99 0 0
287 99 0 0
286 99 0 0
285 99 0 0
284 99 0 0
190 99 0 1
189 99 0 1
188 99 0 1
187 99 0 1
186 99 0 1
185 99 0 1
30 99 0 0
29 99 0 0
28 99 0 0
27 99 0 0
26 99 0 0
288 98 0 0
287 98 0 0
286 98 0 0
285 98 0 0
284 98 0 0
189 98 0 1
188 98 0 1
187 98 0 1
186 98 0 1
185 98 0 1
30 98 0 0
29 98 0 0
28 98 0 0
27 98 0 0
26 98 0 0
288 97 0 0
287 97 0 0
286 97 0 0
285 97 0 0
284 97 0 0
283 97 0 0
189 97 0 1
188 97 0 1
187 97 0 1
186 97 0 1
185 97 0 1
30 97 0 0
29 97 0 0
28 97 0 0
27 97 0 0
26 97 0 0
287 96 0 0
286 96 0 0
285 96 0 0
284 96 0 0
283 96 0 0
188 96 0 1
187 96 0 1
186 96 0 1
185 96 0 1
184 96 0 1
31 96 0 0
30 96 0 0
29 96 0 0
28 96 0 0
27 96 0 0
26 96 0 0
287 95 0 0
286 95 0 0
285 95 0 0
284 95 0 0
283 95 0 0
188 95 0 1
187 95 0 1
186 95 0 1
185 95 0 1
184 95 0 1
183 95 0 1
182 95 0 1
181 95 0 1
31 95 0 0
30 95 0 0
29 95 0 0
28 95 0 0
27 95 0 0
26 95 0 0
287 94 0 0
286 94 0 0
285 94 0 0
284 94 0 0
283 94 0 0
188 94 0 1
187 94 0 1
186 94 0 1
185 94 0 1
184 94 0 1
183 94 0 1
182 94 0 1
181 94 0 1
180 94 0 1
31 94 0 0
30 94 0 0
29 94 0 0
28 94 0 0
27 94 0 0
287 93 0 0
286 93 0 0
285 93 0 0
284 93 0 0
283 93 0 0
282 93 0 0
188 93 0 1
187 93 0 1
186 93 0 1
185 93 0 1
184 93 0 1
183 93 0 1
182 93 0 1
181 93 0 1
180 93 0 1
179 93 0 1
31 93 0 0
30 93 0 0
29 93 0 0
28 93 0 0
27 93 0 0
287 92 0 0
286 92 0 0
285 92 0 0
284 92 0 0
283 92 0 0
282 92 0 0
187 92 0 1
186 92 0 1
185 92 0 1
184 92 0 1
183 92 0 1
182 92 0 1
181 92 0 1
180 92 0 1
179 92 0 1
31 92 0 0
30 92 0 0
29 92 0 0
28 92 0 0
27 92 0 0
286 91 0 0
285 91 0 0
284 91 0 0
283 91 0 0
282 91 0 0
184 91 0 1
183 91 0 1
182 91 0 1
181 91 0 1
180 91 0 1
179 91 0 1
32 91 0 0
31 91 0 0
30 91 0 0
29 91 0 0
28 91 0 0
27 91 0 0
286 90 0 0
285 90 0 0
284 90 0 0
283 90 0 0
282 90 0 0
281 90 0 0
183 90 0 1
182 90 0 1
181 90 0 1
180 90 0 1
179 90 0 1
32 90 0 0
31 90 0 0
30 90 0 0
29 90 0 0
28 90 0 0
27 90 0 0
286 89 0 0
285 89 0 0
284 89 0 0
283 89 0 0
282 89 0 0
281 89 0 0
182 89 0 1
181 89 0 1
180 89 0 1
179 89 0 1
178 89 0 1
32 89 0 0
31 89 0 0
30 89 0 0
29 89 0 0
28 89 0 0
285 88 0 0
284 88 0 0
283 88 0 0
282 88 0 0
281 88 0 0
182 88 0 1
181 88 0 1
180 88 0 1
179 88 0 1
178 88 0 1
33 88 0 0
32 88 0 0
31 88 0 0
30 88 0 0
29 88 0 0
28 88 0 0
285 87 0 0
284 87 0 0
283 87 0 0
282 87 0 0
281 87 0 0
280 87 0 0
182 87 0 1
181 87 0 1
180 87 0 1
179 87 0 1
178 87 0 1
177 87 0 1
33 87 0 0
32 87 0 0
31 87 0 0
30 87 0 0
29 87 0 0
285 86 0 0
284 86 0 0
283 86 0 0
282 86 0 0
281 86 0 0
280 86 0 0
182 86 0 1
181 86 0 1
180 86 0 1
179 86 0 1
178 86 0 1
177 86 0 1
34 86 0 0
33 86 0 0
32 86 0 0
31 86 0 0
30 86 0 0
29 86 0 0
284 85 0 0
283 85 0 0
282 85 0 0
281 85 0 0
280 85 0 0
181 85 0 1
180 85 0 1
179 85 0 1
178 85 0 1
177 85 0 1
176 85 0 1
34 85 0 0
33 85 0 0
32 85 0 0
31 85 0 0
30 85 0 0
29 85 0 0
284 84 0 0
283 84 0 0
282 84 0 0
281 84 0 0
280 84 0 0
279 84 0 0
181 84 0 1
180 84 0 1
179 84 0 1
178 84 0 1
177 84 0 1
176 84 0 1
34 84 0 0
33 84 0 0
32 84 0 0
31 84 0 0
30 84 0 0
284 83 0 0
283 83 0 0
282 83 0 0
281 83 0 0
280 83 0 0
279 83 0 0
180 83 0 1
179 83 0 1
178 83 0 1
177 83 0 1
176 83 0 1
34 83 0 0
33 83 0 0
32 83 0 0
31 83 0 0
30 83 0 0
283 82 0 0
282 82 0 0
281 82 0 0
280 82 0 0
279 82 0 0
180 82 0 1
179 82 0 1
178 82 0 1
177 82 0 1
176 82 0 1
175 82 0 1
35 82 0 0
34 82 0 0
33 82 0 0
32 82 0 0
31 82 0 0
30 82 0 0
283 81 0 0
282 81 0 0
281 81 0 0
280 81 0 0
279 81 0 0
278 81 0 0
180 81 0 1
179 81 0 1
178 81 0 1
177 81 0 1
176 81 0 1
175 81 0 1
35 81 0 0
34 81 0 0
33 81 0 0
32 81 0 0
31 81 0 0
30 81 0 0
283 80 0 0
282 80 0 0
281 80 0 0
280 80 0 0
279 80 0 0
278 80 0 0
179 80 0 1
178 80 0 1
177 80 0 1
176 80 0 1
175 80 0 1
36 80 0 0
35 80 0 0
34 80 0 0
33 80 0 0
32 80 0 0
31 80 0 0
282 79 0 0
281 79 0 0
280 79 0 0
279 79 0 0
278 79 0 0
179 79 0 1
178 79 0 1
177 79 0 1
176 79 0 1
175 79 0 1
174 79 0 1
36 79 0 0
35 79 0 0
34 79 0 0
33 79 0 0
32 79 0 0
31 79 0 0
282 78 0 0
281 78 0 0
280 78 0 0
279 78 0 0
278 78 0 0
179 78 0 1
178 78 0 1
177 78 0 1
176 78 0 1
175 78 0 1
174 78 0 1
37 78 0 0
36 78 0 0
35 78 0 0
34 78 0 0
33 78 0 0
32 78 0 0
282 77 0 0
281 77 0 0
280 77 0 0
279 77 0 0
278 77 0 0
277 77 0 0
178 77 0 1
177 77 0 1
176 77 0 1
175 77 0 1
174 77 0 1
37 77 0 0
36 77 0 0
35 77 0 0
34 77 0 0
33 77 0 0
32 77 0 0
281 76 0 0
280 76 0 0
279 76 0 0
278 76 0 0
277 76 0 0
178 76 0 1
177 76 0 1
176 76 0 1
175 76 0 1
174 76 0 1
38 76 0 0
37 76 0 0
36 76 0 0
35 76 0 0
34 76 0 0
33 76 0 0
281 75 0 0
280 75 0 0
279 75 0 0
278 75 0 0
277 75 0 0
178 75 0 1
177 75 0 1
176 75 0 1
175 75 0 1
174 75 0 1
173 75 0 1
38 75 0 0
37 75 0 0
36 75 0 0
35 75 0 0
34 75 0 0
33 75 0 0
281 74 0 0
280 74 0 0
279 74 0 0
278 74 0 0
277 74 0 0
177 74 0 1
176 74 0 1
175 74 0 1
174 74 0 1
173 74 0 1
38 74 0 0
37 74 0 0
36 74 0 0
35 74 0 0
34 74 0 0
281 73 0 0
280 73 0 0
279 73 0 0
278 73 0 0
277 73 0 0
177 73 0 1
176 73 0 1
175 73 0 1
174 73 0 1
173 73 0 1
39 73 0 0
38 73 0 0
37 73 0 0
36 73 0 0
35 73 0 0
34 73 0 0
281 72 0 0
280 72 0 0
279 72 0 0
278 72 0 0
277 72 0 0
276 72 0 0
177 72 0 1
176 72 0 1
175 72 0 1
174 72 0 1
173 72 0 1
172 72 0 1
39 72 0 0
38 72 0 0
37 72 0 0
36 72 0 0
35 72 0 0
280 71 0 0
279 71 0 0
278 71 0 0
277 71 0 0
276 71 0 0
176 71 0 1
175 71 0 1
174 71 0 1
173 71 0 1
172 71 0 1
40 71 0 0
39 71 0 0
38 71 0 0
37 71 0 0
36 71 0 0
35 71 0 0
280 70 0 0
279 70 0 0
278 70 0 0
277 70 0 0
276 70 0 0
176 70 0 1
175 70 0 1
174 70 0 1
173 70 0 1
172 70 0 1
40 70 0 0
39 70 0 0
38 70 0 0
37 70 0 0
36 70 0 0
35 70 0 0
280 69 0 0
279 69 0 0
278 69 0 0
277 69 0 0
276 69 0 0
176 69 0 1
175 69 0 1
174 69 0 1
173 69 0 1
172 69 0 1
171 69 0 1
40 69 0 0
39 69 0 0
38 69 0 0
37 69 0 0
36 69 0 0
280 68 0 0
279 68 0 0
278 68 0 0
277 68 0 0
276 68 0 0
176 68 0 1
175 68 0 1
174 68 0 1
173 68 0 1
172 68 0 1
171 68 0 1
40 68 0 0
39 68 0 0
38 68 0 0
37 68 0 0
36 68 0 0
280 67 0 0
279 67 0 0
278 67 0 0
277 67 0 0
276 67 0 0
275 67 0 0
175 67 0 1
174 67 0 1
173 67 0 1
172 67 0 1
171 67 0 1
170 67 0 1
41 67 0 0
40 67 0 0
39 67 0 0
38 67 0 0
37 67 0 0
279 66 0 0
278 66 0 0
277 66 0 0
276 66 0 0
275 66 0 0
175 66 0 1
174 66 0 1
173 66 0 1
172 66 0 1
171 66 0 1
170 66 0 1
42 66 0 0
41 66 0 0
40 66 0 0
39 66 0 0
38 66 0 0
37 66 0 0
279 65 0 0
278 65 0 0
277 65 0 0
276 65 0 0
275 65 0 0
174 65 0 1
173 65 0 1
172 65 0 1
171 65 0 1
170 65 0 1
42 65 0 0
41 65 0 0
40 65 0 0
39 65 0 0
38 65 0 0
37 65 0 0
279 64 0 0
278 64 0 0
277 64 0 0
276 64 0 0
275 64 0 0
274 64 0 0
174 64 0 1
173 64 0 1
172 64 0 1
171 64 0 1
170 64 0 1
43 64 0 0
42 64 0 0
41 64 0 0
40 64 0 0
39 64 0 0
38 64 0 0
278 63 0 0
277 63 0 0
276 63 0 0
275 63 0 0
274 63 0 0
173 63 0 1
172 63 0 1
171 63 0 1
170 63 0 1
169 63 0 1
44 63 0 0
43 63 0 0
42 63 0 0
41 63 0 0
40 63 0 0
39 63 0 0
38 63 0 0
278 62 0 0
277 62 0 0
276 62 0 0
275 62 0 0
274 62 0 0
273 62 0 0
173 62 0 1
172 62 0 1
171 62 0 1
170 62 0 1
169 62 0 1
44 62 0 0
43 62 0 0
42 62 0 0
41 62 0 0
40 62 0 0
39 62 0 0
277 61 0 0
276 61 0 0
275 61 0 0
274 61 0 0
273 61 0 0
173 61 0 1
172 61 0 1
171 61 0 1
170 61 0 1
169 61 0 1
45 61 0 0
44 61 0 0
43 61 0 0
42 61 0 0
41 61 0 0
40 61 0 0
277 60 0 0
276 60 0 0
275 60 0 0
274 60 0 0
273 60 0 0
272 60 0 0
173 60 0 1
172 60 0 1
171 60 0 1
170 60 0 1
169 60 0 1
45 60 0 0
44 60 0 0
43 60 0 0
42 60 0 0
41 60 0 0
40 60 0 0
277 59 0 0
276 59 0 0
275 59 0 0
274 59 0 0
273 59 0 0
272 59 0 0
46 59 0 0
45 59 0 0
44 59 0 0
43 59 0 0
42 59 0 0
41 59 0 0
276 58 0 0
275 58 0 0
274 58 0 0
273 58 0 0
272 58 0 0
271 58 0 0
46 58 0 0
45 58 0 0
44 58 0 0
43 58 0 0
42 58 0 0
41 58 0 0
276 57 0 0
275 57 0 0
274 57 0 0
273 57 0 0
272 57 0 0
271 57 0 0
46 57 0 0
45 57 0 0
44 57 0 0
43 57 0 0
42 57 0 0
275 56 0 0
274 56 0 0
273 56 0 0
272 56 0 0
271 56 0 0
47 56 0 0
46 56 0 0
45 56 0 0
44 56 0 0
43 56 0 0
42 56 0 0
275 55 0 0
274 55 0 0
273 55 0 0
272 55 0 0
271 55 0 0
270 55 0 0
47 55 0 0
46 55 0 0
45 55 0 0
44 55 0 0
43 55 0 0
274 54 0 0
273 54 0 0
272 54 0 0
271 54 0 0
270 54 0 0
48 54 0 0
47 54 0 0
46 54 0 0
45 54 0 0
44 54 0 0
43 54 0 0
274 53 0 0
273 53 0 0
272 53 0 0
271 53 0 0
270 53 0 0
269 53 0 0
48 53 0 0
47 53 0 0
46 53 0 0
45 53 0 0
44 53 0 0
43 53 0 0
273 52 0 0
272 52 0 0
271 52 0 0
270 52 0 0
269 52 0 0
48 52 0 0
47 52 0 0
46 52 0 0
45 52 0 0
44 52 0 0
273 51 0 0
272 51 0 0
271 51 0 0
270 51 0 0
269 51 0 0
268 51 0 0
49 51 0 0
48 51 0 0
47 51 0 0
46 51 0 0
45 51 0 0
44 51 0 0
273 50 0 0
272 50 0 0
271 50 0 0
270 50 0 0
269 50 0 0
268 50 0 0
49 50 0 0
48 50 0 0
47 50 0 0
46 50 0 0
45 50 0 0
44 50 0 0
272 49 0 0
271 49 0 0
270 49 0 0
269 49 0 0
268 49 0 0
267 49 0 0
49 49 0 0
48 49 0 0
47 49 0 0
46 49 0 0
45 49 0 0
272 48 0 0
271 48 0 0
270 48 0 0
269 48 0 0
268 48 0 0
267 48 0 0
50 48 0 0
49 48 0 0
48 48 0 0
47 48 0 0
46 48 0 0
45 48 0 0
271 47 0 0
270 47 0 0
269 47 0 0
268 47 0 0
267 47 0 0
266 47 0 0
50 47 0 0
49 47 0 0
48 47 0 0
47 47 0 0
46 47 0 0
45 47 0 0
271 46 0 0
270 46 0 0
269 46 0 0
268 46 0 0
267 46 0 0
266 46 0 0
51 46 0 0
50 46 0 0
49 46 0 0
48 46 0 0
47 46 0 0
46 46 0 0
270 45 0 0
269 45 0 0
268 45 0 0
267 45 0 0
266 45 0 0
265 45 0 0
51 45 0 0
50 45 0 0
49 45 0 0
48 45 0 0
47 45 0 0
46 45 0 0
270 44 0 0
269 44 0 0
268 44 0 0
267 44 0 0
266 44 0 0
265 44 0 0
52 44 0 0
51 44 0 0
50 44 0 0
49 44 0 0
48 44 0 0
47 44 0 0
269 43 0 0
268 43 0 0
267 43 0 0
266 43 0 0
265 43 0 0
264 43 0 0
52 43 0 0
51 43 0 0
50 43 0 0
49 43 0 0
48 43 0 0
268 42 0 0
267 42 0 0
266 42 0 0
265 42 0 0
264 42 0 0
263 42 0 0
53 42 0 0
52 42 0 0
51 42 0 0
50 42 0 0
49 42 0 0
48 42 0 0
268 41 0 0
267 41 0 0
266 41 0 0
265 41 0 0
264 41 0 0
263 41 0 0
54 41 0 0
53 41 0 0
52 41 0 0
51 41 0 0
50 41 0 0
49 41 0 0
267 40 0 0
266 40 0 0
265 40 0 0
264 40 0 0
263 40 0 0
262 40 0 0
54 40 0 0
53 40 0 0
52 40 0 0
51 40 0 0
50 40 0 0
49 40 0 0
267 39 0 0
266 39 0 0
265 39 0 0
264 39 0 0
263 39 0 0
262 39 0 0
55 39 0 0
54 39 0 0
53 39 0 0
52 39 0 0
51 39 0 0
50 39 0 0
266 38 0 0
265 38 0 0
264 38 0 0
263 38 0 0
262 38 0 0
261 38 0 0
56 38 0 0
55 38 0 0
54 38 0 0
53 38 0 0
52 38 0 0
51 38 0 0
50 38 0 0
266 37 0 0
265 37 0 0
264 37 0 0
263 37 0 0
262 37 0 0
261 37 0 0
260 37 0 0
56 37 0 0
55 37 0 0
54 37 0 0
53 37 0 0
52 37 0 0
51 37 0 0
265 36 0 0
264 36 0 0
263 36 0 0
262 36 0 0
261 36 0 0
260 36 0 0
259 36 0 0
57 36 0 0
56 36 0 0
55 36 0 0
54 36 0 0
53 36 0 0
52 36 0 0
264 35 0 0
263 35 0 0
262 35 0 0
261 35 0 0
260 35 0 0
259 35 0 0
258 35 0 0
57 35 0 0
56 35 0 0
55 35 0 0
54 35 0 0
53 35 0 0
52 35 0 0
263 34 0 0
262 34 0 0
261 34 0 0
260 34 0 0
259 34 0 0
258 34 0 0
257 34 0 0
58 34 0 0
57 34 0 0
56 34 0 0
55 34 0 0
54 34 0 0
53 34 0 0
263 33 0 0
262 33 0 0
261 33 0 0
260 33 0 0
259 33 0 0
258 33 0 0
257 33 0 0
256 33 0 0
59 33 0 0
58 33 0 0
57 33 0 0
56 33 0 0
55 33 0 0
54 33 0 0
53 33 0 0
262 32 0 0
261 32 0 0
260 32 0 0
259 32 0 0
258 32 0 0
257 32 0 0
256 32 0 0
60 32 0 0
59 32 0 0
58 32 0 0
57 32 0 0
56 32 0 0
55 32 0 0
54 32 0 0
261 31 0 0
260 31 0 0
259 31 0 0
258 31 0 0
257 31 0 0
256 31 0 0
255 31 0 0
61 31 0 0
60 31 0 0
59 31 0 0
58 31 0 0
57 31 0 0
56 31 0 0
55 31 0 0
260 30 0 0
259 30 0 0
258 30 0 0
257 30 0 0
256 30 0 0
255 30 0 0
254 30 0 0
61 30 0 0
60 30 0 0
59 30 0 0
58 30 0 0
57 30 0 0
56 30 0 0
259 29 0 0
258 29 0 0
257 29 0 0
256 29 0 0
255 29 0 0
254 29 0 0
253 29 0 0
63 29 0 0
62 29 0 0
61 29 0 0
60 29 0 0
59 29 0 0
58 29 0 0
57 29 0 0
258 28 0 0
257 28 0 0
256 28 0 0
255 28 0 0
254 28 0 0
253 28 0 0
64 28 0 0
63 28 0 0
62 28 0 0
61 28 0 0
60 28 0 0
59 28 0 0
58 28 0 0
57 28 0 0
257 27 0 0
256 27 0 0
255 27 0 0
254 27 0 0
253 27 0 0
252 27 0 0
64 27 0 0
63 27 0 0
62 27 0 0
61 27 0 0
60 27 0 0
59 27 0 0
58 27 0 0
256 26 0 0
255 26 0 0
254 26 0 0
253 26 0 0
252 26 0 0
251 26 0 0
64 26 0 0
63 26 0 0
62 26 0 0
61 26 0 0
60 26 0 0
59 26 0 0
256 25 0 0
255 25 0 0
254 25 0 0
253 25 0 0
252 25 0 0
251 25 0 0
64 25 0 0
63 25 0 0
62 25 0 0
61 25 0 0
60 25 0 0
255 24 0 0
254 24 0 0
253 24 0 0
252 24 0 0
251 24 0 0
250 24 0 0
254 23 0 0
253 23 0 0
252 23 0 0
251 23 0 0
250 23 0 0
249 23 0 0
254 22 0 0
253 22 0 0
252 22 0 0
251 22 0 0
250 22 0 0
249 22 0 0
248 22 0 0
253 21 0 0
252 21 0 0
251 21 0 0
250 21 0 0
249 21 0 0
248 21 0 0
252 20 0 0
251 20 0 0
250 20 0 0
249 20 0 0
248 20 0 0
247 20 0 0
252 19 0 0
251 19 0 0
250 19 0 0
249 19 0 0
248 19 0 0
247 19 0 0
246 19 0 0
251 18 0 0
250 18 0 0
249 18 0 0
248 18 0 0
247 18 0 0
246 18 0 0
250 17 0 0
249 17 0 0
248 17 0 0
247 17 0 0
246 17 0 0
249 16 0 0
248 16 0 0
247 16 0 0
246 16 0 0
