5921 481 321
170 320 0 1
169 320 0 1
168 320 0 1
167 320 0 1
166 320 0 1
322 319 0 0
321 319 0 0
320 319 0 0
319 319 0 0
170 319 0 1
169 319 0 1
168 319 0 1
167 319 0 1
166 319 0 1
322 318 0 0
321 318 0 0
320 318 0 0
319 318 0 0
170 318 0 1
169 318 0 1
168 318 0 1
167 318 0 1
166 318 0 1
322 317 0 0
321 317 0 0
320 317 0 0
319 317 0 0
170 317 0 1
169 317 0 1
168 317 0 1
167 317 0 1
322 316 0 0
321 316 0 0
320 316 0 0
319 316 0 0
170 316 0 1
169 316 0 1
168 316 0 1
167 316 0 1
322 315 0 0
321 315 0 0
320 315 0 0
319 315 0 0
170 315 0 1
169 315 0 1
168 315 0 1
167 315 0 1
322 314 0 0
321 314 0 0
320 314 0 0
319 314 0 0
318 314 0 0
170 314 0 1
169 314 0 1
168 314 0 1
167 314 0 1
322 313 0 0
321 313 0 0
320 313 0 0
319 313 0 0
318 313 0 0
171 313 0 1
170 313 0 1
169 313 0 1
168 313 0 1
167 313 0 1
322 312 0 0
321 312 0 0
320 312 0 0
319 312 0 0
318 312 0 0
317 312 0 0
171 312 0 1
170 312 0 1
169 312 0 1
168 312 0 1
167 312 0 1
321 311 0 0
320 311 0 0
319 311 0 0
318 311 0 0
317 311 0 0
316 311 0 0
171 311 0 1
170 311 0 1
169 311 0 1
168 311 0 1
167 311 0 1
321 310 0 0
320 310 0 0
319 310 0 0
318 310 0 0
317 310 0 0
316 310 0 0
171 310 0 1
170 310 0 1
169 310 0 1
168 310 0 1
167 310 0 1
142 310 0 0
141 310 0 0
140 310 0 0
139 310 0 0
320 309 0 0
319 309 0 0
318 309 0 0
317 309 0 0
316 309 0 0
171 309 0 1
170 309 0 1
169 309 0 1
168 309 0 1
167 309 0 1
142 309 0 0
141 309 0 0
140 309 0 0
139 309 0 0
320 308 0 0
319 308 0 0
318 308 0 0
317 308 0 0
316 308 0 0
171 308 0 1
170 308 0 1
169 308 0 1
168 308 0 1
142 308 0 0
141 308 0 0
140 308 0 0
139 308 0 0
320 307 0 0
319 307 0 0
318 307 0 0
317 307 0 0
316 307 0 0
315 307 0 0
172 307 0 1
171 307 0 1
170 307 0 1
169 307 0 1
168 307 0 1
142 307 0 0
141 307 0 0
140 307 0 0
139 307 0 0
320 306 0 0
319 306 0 0
318 306 0 0
317 306 0 0
316 306 0 0
315 306 0 0
173 306 0 1
172 306 0 1
171 306 0 1
170 306 0 1
169 306 0 1
168 306 0 1
142 306 0 0
141 306 0 0
140 306 0 0
139 306 0 0
319 305 0 0
318 305 0 0
317 305 0 0
316 305 0 0
315 305 0 0
314 305 0 0
173 305 0 1
172 305 0 1
171 305 0 1
170 305 0 1
169 305 0 1
168 305 0 1
142 305 0 0
141 305 0 0
140 305 0 0
139 305 0 0
319 304 0 0
318 304 0 0
317 304 0 0
316 304 0 0
315 304 0 0
314 304 0 0
174 304 0 1
173 304 0 1
172 304 0 1
171 304 0 1
170 304 0 1
169 304 0 1
168 304 0 1
142 304 0 0
141 304 0 0
140 304 0 0
139 304 0 0
318 303 0 0
317 303 0 0
316 303 0 0
315 303 0 0
314 303 0 0
313 303 0 0
174 303 0 1
173 303 0 1
172 303 0 1
171 303 0 1
170 303 0 1
169 303 0 1
142 303 0 0
141 303 0 0
140 303 0 0
139 303 0 0
318 302 0 0
317 302 0 0
316 302 0 0
315 302 0 0
314 302 0 0
313 302 0 0
175 302 0 1
174 302 0 1
173 302 0 1
172 302 0 1
171 302 0 1
170 302 0 1
142 302 0 0
141 302 0 0
140 302 0 0
139 302 0 0
317 301 0 0
316 301 0 0
315 301 0 0
314 301 0 0
313 301 0 0
312 301 0 0
175 301 0 1
174 301 0 1
173 301 0 1
172 301 0 1
171 301 0 1
170 301 0 1
142 301 0 0
141 301 0 0
140 301 0 0
139 301 0 0
317 300 0 0
316 300 0 0
315 300 0 0
314 300 0 0
313 300 0 0
312 300 0 0
175 300 0 1
174 300 0 1
173 300 0 1
172 300 0 1
171 300 0 1
142 300 0 0
141 300 0 0
140 300 0 0
139 300 0 0
316 299 0 0
315 299 0 0
314 299 0 0
313 299 0 0
312 299 0 0
311 299 0 0
175 299 0 1
174 299 0 1
173 299 0 1
172 299 0 1
171 299 0 1
142 299 0 0
141 299 0 0
140 299 0 0
139 299 0 0
316 298 0 0
315 298 0 0
314 298 0 0
313 298 0 0
312 298 0 0
311 298 0 0
175 298 0 1
174 298 0 1
173 298 0 1
172 298 0 1
171 298 0 1
142 298 0 0
141 298 0 0
140 298 0 0
139 298 0 0
315 297 0 0
314 297 0 0
313 297 0 0
312 297 0 0
311 297 0 0
175 297 0 1
174 297 0 1
173 297 0 1
172 297 0 1
142 297 0 0
141 297 0 0
140 297 0 0
139 297 0 0
315 296 0 0
314 296 0 0
313 296 0 0
312 296 0 0
311 296 0 0
175 296 0 1
174 296 0 1
173 296 0 1
172 296 0 1
142 296 0 0
141 296 0 0
140 296 0 0
139 296 0 0
314 295 0 0
313 295 0 0
312 295 0 0
311 295 0 0
310 295 0 0
309 295 0 0
175 295 0 1
174 295 0 1
173 295 0 1
172 295 0 1
142 295 0 0
141 295 0 0
140 295 0 0
139 295 0 0
314 294 0 0
313 294 0 0
312 294 0 0
311 294 0 0
310 294 0 0
309 294 0 0
308 294 0 0
175 294 0 1
174 294 0 1
173 294 0 1
172 294 0 1
142 294 0 0
141 294 0 0
140 294 0 0
139 294 0 0
314 293 0 0
313 293 0 0
312 293 0 0
311 293 0 0
310 293 0 0
309 293 0 0
308 293 0 0
307 293 0 0
175 293 0 1
174 293 0 1
173 293 0 1
172 293 0 1
142 293 0 0
141 293 0 0
140 293 0 0
139 293 0 0
314 292 0 0
313 292 0 0
312 292 0 0
311 292 0 0
310 292 0 0
309 292 0 0
308 292 0 0
307 292 0 0
175 292 0 1
174 292 0 1
173 292 0 1
172 292 0 1
142 292 0 0
141 292 0 0
140 292 0 0
139 292 0 0
138 292 0 0
313 291 0 0
312 291 0 0
311 291 0 0
310 291 0 0
309 291 0 0
308 291 0 0
307 291 0 0
306 291 0 0
175 291 0 1
174 291 0 1
173 291 0 1
172 291 0 1
142 291 0 0
141 291 0 0
140 291 0 0
139 291 0 0
138 291 0 0
311 290 0 0
310 290 0 0
309 290 0 0
308 290 0 0
307 290 0 0
306 290 0 0
175 290 0 1
174 290 0 1
173 290 0 1
172 290 0 1
142 290 0 0
141 290 0 0
140 290 0 0
139 290 0 0
138 290 0 0
310 289 0 0
309 289 0 0
308 289 0 0
307 289 0 0
306 289 0 0
305 289 0 0
175 289 0 1
174 289 0 1
173 289 0 1
172 289 0 1
142 289 0 0
141 289 0 0
140 289 0 0
139 289 0 0
138 289 0 0
310 288 0 0
309 288 0 0
308 288 0 0
307 288 0 0
306 288 0 0
305 288 0 0
275 288 0 1
274 288 0 1
273 288 0 1
272 288 0 1
177 288 0 1
176 288 0 1
175 288 0 1
174 288 0 1
173 288 0 1
172 288 0 1
142 288 0 0
141 288 0 0
140 288 0 0
139 288 0 0
138 288 0 0
137 288 0 0
309 287 0 0
308 287 0 0
307 287 0 0
306 287 0 0
305 287 0 0
275 287 0 1
274 287 0 1
273 287 0 1
272 287 0 1
271 287 0 1
270 287 0 1
177 287 0 1
176 287 0 1
175 287 0 1
174 287 0 1
173 287 0 1
172 287 0 1
142 287 0 0
141 287 0 0
140 287 0 0
139 287 0 0
138 287 0 0
137 287 0 0
309 286 0 0
308 286 0 0
307 286 0 0
306 286 0 0
305 286 0 0
275 286 0 1
274 286 0 1
273 286 0 1
272 286 0 1
271 286 0 1
270 286 0 1
269 286 0 1
177 286 0 1
176 286 0 1
175 286 0 1
174 286 0 1
173 286 0 1
172 286 0 1
141 286 0 0
140 286 0 0
139 286 0 0
138 286 0 0
137 286 0 0
309 285 0 0
308 285 0 0
307 285 0 0
306 285 0 0
305 285 0 0
304 285 0 0
303 285 0 0
275 285 0 1
274 285 0 1
273 285 0 1
272 285 0 1
271 285 0 1
270 285 0 1
269 285 0 1
268 285 0 1
177 285 0 1
176 285 0 1
175 285 0 1
174 285 0 1
173 285 0 1
172 285 0 1
141 285 0 0
140 285 0 0
139 285 0 0
138 285 0 0
137 285 0 0
309 284 0 0
308 284 0 0
307 284 0 0
306 284 0 0
305 284 0 0
304 284 0 0
303 284 0 0
274 284 0 1
273 284 0 1
272 284 0 1
271 284 0 1
270 284 0 1
269 284 0 1
268 284 0 1
177 284 0 1
176 284 0 1
175 284 0 1
174 284 0 1
141 284 0 0
140 284 0 0
139 284 0 0
138 284 0 0
137 284 0 0
136 284 0 0
308 283 0 0
307 283 0 0
306 283 0 0
305 283 0 0
304 283 0 0
303 283 0 0
302 283 0 0
301 283 0 0
273 283 0 1
272 283 0 1
271 283 0 1
270 283 0 1
269 283 0 1
268 283 0 1
267 283 0 1
177 283 0 1
176 283 0 1
175 283 0 1
174 283 0 1
141 283 0 0
140 283 0 0
139 283 0 0
138 283 0 0
137 283 0 0
136 283 0 0
307 282 0 0
306 282 0 0
305 282 0 0
304 282 0 0
303 282 0 0
302 282 0 0
301 282 0 0
300 282 0 0
272 282 0 1
271 282 0 1
270 282 0 1
269 282 0 1
268 282 0 1
267 282 0 1
266 282 0 1
265 282 0 1
178 282 0 1
177 282 0 1
176 282 0 1
175 282 0 1
174 282 0 1
140 282 0 0
139 282 0 0
138 282 0 0
137 282 0 0
136 282 0 0
135 282 0 0
306 281 0 0
305 281 0 0
304 281 0 0
303 281 0 0
302 281 0 0
301 281 0 0
300 281 0 0
271 281 0 1
270 281 0 1
269 281 0 1
268 281 0 1
267 281 0 1
266 281 0 1
265 281 0 1
264 281 0 1
263 281 0 1
178 281 0 1
177 281 0 1
176 281 0 1
175 281 0 1
174 281 0 1
140 281 0 0
139 281 0 0
138 281 0 0
137 281 0 0
136 281 0 0
135 281 0 0
305 280 0 0
304 280 0 0
303 280 0 0
302 280 0 0
301 280 0 0
300 280 0 0
299 280 0 0
270 280 0 1
269 280 0 1
268 280 0 1
267 280 0 1
266 280 0 1
265 280 0 1
264 280 0 1
263 280 0 1
262 280 0 1
178 280 0 1
177 280 0 1
176 280 0 1
175 280 0 1
174 280 0 1
139 280 0 0
138 280 0 0
137 280 0 0
136 280 0 0
135 280 0 0
134 280 0 0
304 279 0 0
303 279 0 0
302 279 0 0
301 279 0 0
300 279 0 0
299 279 0 0
269 279 0 1
268 279 0 1
267 279 0 1
266 279 0 1
265 279 0 1
264 279 0 1
263 279 0 1
262 279 0 1
261 279 0 1
179 279 0 1
178 279 0 1
177 279 0 1
176 279 0 1
175 279 0 1
174 279 0 1
139 279 0 0
138 279 0 0
137 279 0 0
136 279 0 0
135 279 0 0
134 279 0 0
303 278 0 0
302 278 0 0
301 278 0 0
300 278 0 0
299 278 0 0
298 278 0 0
267 278 0 1
266 278 0 1
265 278 0 1
264 278 0 1
263 278 0 1
262 278 0 1
261 278 0 1
179 278 0 1
178 278 0 1
177 278 0 1
176 278 0 1
175 278 0 1
174 278 0 1
138 278 0 0
137 278 0 0
136 278 0 0
135 278 0 0
134 278 0 0
133 278 0 0
302 277 0 0
301 277 0 0
300 277 0 0
299 277 0 0
298 277 0 0
297 277 0 0
266 277 0 1
265 277 0 1
264 277 0 1
263 277 0 1
262 277 0 1
261 277 0 1
260 277 0 1
259 277 0 1
179 277 0 1
178 277 0 1
177 277 0 1
176 277 0 1
175 277 0 1
138 277 0 0
137 277 0 0
136 277 0 0
135 277 0 0
134 277 0 0
133 277 0 0
302 276 0 0
301 276 0 0
300 276 0 0
299 276 0 0
298 276 0 0
297 276 0 0
265 276 0 1
264 276 0 1
263 276 0 1
262 276 0 1
261 276 0 1
260 276 0 1
259 276 0 1
258 276 0 1
180 276 0 1
179 276 0 1
178 276 0 1
177 276 0 1
176 276 0 1
175 276 0 1
137 276 0 0
136 276 0 0
135 276 0 0
134 276 0 0
133 276 0 0
132 276 0 0
301 275 0 0
300 275 0 0
299 275 0 0
298 275 0 0
297 275 0 0
264 275 0 1
263 275 0 1
262 275 0 1
261 275 0 1
260 275 0 1
259 275 0 1
258 275 0 1
257 275 0 1
180 275 0 1
179 275 0 1
178 275 0 1
177 275 0 1
176 275 0 1
136 275 0 0
135 275 0 0
134 275 0 0
133 275 0 0
132 275 0 0
301 274 0 0
300 274 0 0
299 274 0 0
298 274 0 0
297 274 0 0
296 274 0 0
263 274 0 1
262 274 0 1
261 274 0 1
260 274 0 1
259 274 0 1
258 274 0 1
257 274 0 1
256 274 0 1
180 274 0 1
179 274 0 1
178 274 0 1
177 274 0 1
176 274 0 1
136 274 0 0
135 274 0 0
134 274 0 0
133 274 0 0
132 274 0 0
131 274 0 0
301 273 0 0
300 273 0 0
299 273 0 0
298 273 0 0
297 273 0 0
296 273 0 0
295 273 0 0
261 273 0 1
260 273 0 1
259 273 0 1
258 273 0 1
257 273 0 1
256 273 0 1
255 273 0 1
180 273 0 1
179 273 0 1
178 273 0 1
177 273 0 1
176 273 0 1
135 273 0 0
134 273 0 0
133 273 0 0
132 273 0 0
131 273 0 0
300 272 0 0
299 272 0 0
298 272 0 0
297 272 0 0
296 272 0 0
295 272 0 0
261 272 0 1
260 272 0 1
259 272 0 1
258 272 0 1
257 272 0 1
256 272 0 1
255 272 0 1
254 272 0 1
180 272 0 1
179 272 0 1
178 272 0 1
177 272 0 1
135 272 0 0
134 272 0 0
133 272 0 0
132 272 0 0
131 272 0 0
130 272 0 0
299 271 0 0
298 271 0 0
297 271 0 0
296 271 0 0
295 271 0 0
294 271 0 0
259 271 0 1
258 271 0 1
257 271 0 1
256 271 0 1
255 271 0 1
254 271 0 1
253 271 0 1
180 271 0 1
179 271 0 1
178 271 0 1
177 271 0 1
134 271 0 0
133 271 0 0
132 271 0 0
131 271 0 0
130 271 0 0
129 271 0 0
298 270 0 0
297 270 0 0
296 270 0 0
295 270 0 0
294 270 0 0
258 270 0 1
257 270 0 1
256 270 0 1
255 270 0 1
254 270 0 1
253 270 0 1
252 270 0 1
180 270 0 1
179 270 0 1
178 270 0 1
177 270 0 1
134 270 0 0
133 270 0 0
132 270 0 0
131 270 0 0
130 270 0 0
129 270 0 0
298 269 0 0
297 269 0 0
296 269 0 0
295 269 0 0
294 269 0 0
293 269 0 0
257 269 0 1
256 269 0 1
255 269 0 1
254 269 0 1
253 269 0 1
252 269 0 1
180 269 0 1
179 269 0 1
178 269 0 1
177 269 0 1
133 269 0 0
132 269 0 0
131 269 0 0
130 269 0 0
129 269 0 0
128 269 0 0
297 268 0 0
296 268 0 0
295 268 0 0
294 268 0 0
293 268 0 0
292 268 0 0
256 268 0 1
255 268 0 1
254 268 0 1
253 268 0 1
252 268 0 1
251 268 0 1
180 268 0 1
179 268 0 1
178 268 0 1
177 268 0 1
133 268 0 0
132 268 0 0
131 268 0 0
130 268 0 0
129 268 0 0
128 268 0 0
297 267 0 0
296 267 0 0
295 267 0 0
294 267 0 0
293 267 0 0
292 267 0 0
256 267 0 1
255 267 0 1
254 267 0 1
253 267 0 1
252 267 0 1
251 267 0 1
250 267 0 1
180 267 0 1
179 267 0 1
178 267 0 1
177 267 0 1
132 267 0 0
131 267 0 0
130 267 0 0
129 267 0 0
128 267 0 0
127 267 0 0
296 266 0 0
295 266 0 0
294 266 0 0
293 266 0 0
292 266 0 0
291 266 0 0
255 266 0 1
254 266 0 1
253 266 0 1
252 266 0 1
251 266 0 1
250 266 0 1
249 266 0 1
180 266 0 1
179 266 0 1
178 266 0 1
177 266 0 1
132 266 0 0
131 266 0 0
130 266 0 0
129 266 0 0
128 266 0 0
127 266 0 0
295 265 0 0
294 265 0 0
293 265 0 0
292 265 0 0
291 265 0 0
290 265 0 0
254 265 0 1
253 265 0 1
252 265 0 1
251 265 0 1
250 265 0 1
249 265 0 1
180 265 0 1
179 265 0 1
178 265 0 1
177 265 0 1
131 265 0 0
130 265 0 0
129 265 0 0
128 265 0 0
127 265 0 0
126 265 0 0
295 264 0 0
294 264 0 0
293 264 0 0
292 264 0 0
291 264 0 0
290 264 0 0
289 264 0 0
253 264 0 1
252 264 0 1
251 264 0 1
250 264 0 1
249 264 0 1
248 264 0 1
180 264 0 1
179 264 0 1
178 264 0 1
177 264 0 1
131 264 0 0
130 264 0 0
129 264 0 0
128 264 0 0
127 264 0 0
126 264 0 0
294 263 0 0
293 263 0 0
292 263 0 0
291 263 0 0
290 263 0 0
289 263 0 0
288 263 0 0
253 263 0 1
252 263 0 1
251 263 0 1
250 263 0 1
249 263 0 1
248 263 0 1
247 263 0 1
180 263 0 1
179 263 0 1
178 263 0 1
177 263 0 1
130 263 0 0
129 263 0 0
128 263 0 0
127 263 0 0
126 263 0 0
125 263 0 0
293 262 0 0
292 262 0 0
291 262 0 0
290 262 0 0
289 262 0 0
288 262 0 0
287 262 0 0
252 262 0 1
251 262 0 1
250 262 0 1
249 262 0 1
248 262 0 1
247 262 0 1
180 262 0 1
179 262 0 1
178 262 0 1
177 262 0 1
130 262 0 0
129 262 0 0
128 262 0 0
127 262 0 0
126 262 0 0
125 262 0 0
292 261 0 0
291 261 0 0
290 261 0 0
289 261 0 0
288 261 0 0
287 261 0 0
251 261 0 1
250 261 0 1
249 261 0 1
248 261 0 1
247 261 0 1
246 261 0 1
180 261 0 1
179 261 0 1
178 261 0 1
177 261 0 1
176 261 0 1
129 261 0 0
128 261 0 0
127 261 0 0
126 261 0 0
125 261 0 0
291 260 0 0
290 260 0 0
289 260 0 0
288 260 0 0
287 260 0 0
251 260 0 1
250 260 0 1
249 260 0 1
248 260 0 1
247 260 0 1
246 260 0 1
180 260 0 1
179 260 0 1
178 260 0 1
177 260 0 1
176 260 0 1
175 260 0 1
129 260 0 0
128 260 0 0
127 260 0 0
126 260 0 0
125 260 0 0
124 260 0 0
291 259 0 0
290 259 0 0
289 259 0 0
288 259 0 0
287 259 0 0
250 259 0 1
249 259 0 1
248 259 0 1
247 259 0 1
246 259 0 1
180 259 0 1
179 259 0 1
178 259 0 1
177 259 0 1
176 259 0 1
175 259 0 1
128 259 0 0
127 259 0 0
126 259 0 0
125 259 0 0
124 259 0 0
291 258 0 0
290 258 0 0
289 258 0 0
288 258 0 0
287 258 0 0
286 258 0 0
285 258 0 0
250 258 0 1
249 258 0 1
248 258 0 1
247 258 0 1
246 258 0 1
245 258 0 1
180 258 0 1
179 258 0 1
178 258 0 1
177 258 0 1
176 258 0 1
175 258 0 1
174 258 0 1
128 258 0 0
127 258 0 0
126 258 0 0
125 258 0 0
124 258 0 0
123 258 0 0
291 257 0 0
290 257 0 0
289 257 0 0
288 257 0 0
287 257 0 0
286 257 0 0
285 257 0 0
284 257 0 0
249 257 0 1
248 257 0 1
247 257 0 1
246 257 0 1
245 257 0 1
179 257 0 1
178 257 0 1
177 257 0 1
176 257 0 1
175 257 0 1
174 257 0 1
127 257 0 0
126 257 0 0
125 257 0 0
124 257 0 0
123 257 0 0
290 256 0 0
289 256 0 0
288 256 0 0
287 256 0 0
286 256 0 0
285 256 0 0
284 256 0 0
283 256 0 0
249 256 0 1
248 256 0 1
247 256 0 1
246 256 0 1
245 256 0 1
244 256 0 1
178 256 0 1
177 256 0 1
176 256 0 1
175 256 0 1
174 256 0 1
127 256 0 0
126 256 0 0
125 256 0 0
124 256 0 0
123 256 0 0
122 256 0 0
289 255 0 0
288 255 0 0
287 255 0 0
286 255 0 0
285 255 0 0
284 255 0 0
283 255 0 0
282 255 0 0
249 255 0 1
248 255 0 1
247 255 0 1
246 255 0 1
245 255 0 1
244 255 0 1
178 255 0 1
177 255 0 1
176 255 0 1
175 255 0 1
174 255 0 1
173 255 0 1
127 255 0 0
126 255 0 0
125 255 0 0
124 255 0 0
123 255 0 0
122 255 0 0
287 254 0 0
286 254 0 0
285 254 0 0
284 254 0 0
283 254 0 0
282 254 0 0
281 254 0 0
248 254 0 1
247 254 0 1
246 254 0 1
245 254 0 1
244 254 0 1
243 254 0 1
178 254 0 1
177 254 0 1
176 254 0 1
175 254 0 1
174 254 0 1
173 254 0 1
126 254 0 0
125 254 0 0
124 254 0 0
123 254 0 0
122 254 0 0
121 254 0 0
286 253 0 0
285 253 0 0
284 253 0 0
283 253 0 0
282 253 0 0
281 253 0 0
280 253 0 0
248 253 0 1
247 253 0 1
246 253 0 1
245 253 0 1
244 253 0 1
243 253 0 1
177 253 0 1
176 253 0 1
175 253 0 1
174 253 0 1
173 253 0 1
126 253 0 0
125 253 0 0
124 253 0 0
123 253 0 0
122 253 0 0
121 253 0 0
285 252 0 0
284 252 0 0
283 252 0 0
282 252 0 0
281 252 0 0
280 252 0 0
247 252 0 1
246 252 0 1
245 252 0 1
244 252 0 1
243 252 0 1
177 252 0 1
176 252 0 1
175 252 0 1
174 252 0 1
173 252 0 1
125 252 0 0
124 252 0 0
123 252 0 0
122 252 0 0
121 252 0 0
284 251 0 0
283 251 0 0
282 251 0 0
281 251 0 0
280 251 0 0
279 251 0 0
246 251 0 1
245 251 0 1
244 251 0 1
243 251 0 1
242 251 0 1
177 251 0 1
176 251 0 1
175 251 0 1
174 251 0 1
173 251 0 1
125 251 0 0
124 251 0 0
123 251 0 0
122 251 0 0
121 251 0 0
120 251 0 0
284 250 0 0
283 250 0 0
282 250 0 0
281 250 0 0
280 250 0 0
279 250 0 0
278 250 0 0
246 250 0 1
245 250 0 1
244 250 0 1
243 250 0 1
242 250 0 1
177 250 0 1
176 250 0 1
175 250 0 1
174 250 0 1
173 250 0 1
124 250 0 0
123 250 0 0
122 250 0 0
121 250 0 0
120 250 0 0
283 249 0 0
282 249 0 0
281 249 0 0
280 249 0 0
279 249 0 0
278 249 0 0
277 249 0 0
246 249 0 1
245 249 0 1
244 249 0 1
243 249 0 1
242 249 0 1
176 249 0 1
175 249 0 1
174 249 0 1
173 249 0 1
124 249 0 0
123 249 0 0
122 249 0 0
121 249 0 0
120 249 0 0
119 249 0 0
282 248 0 0
281 248 0 0
280 248 0 0
279 248 0 0
278 248 0 0
277 248 0 0
276 248 0 0
246 248 0 1
245 248 0 1
244 248 0 1
243 248 0 1
242 248 0 1
241 248 0 1
176 248 0 1
175 248 0 1
174 248 0 1
173 248 0 1
123 248 0 0
122 248 0 0
121 248 0 0
120 248 0 0
119 248 0 0
281 247 0 0
280 247 0 0
279 247 0 0
278 247 0 0
277 247 0 0
276 247 0 0
275 247 0 0
245 247 0 1
244 247 0 1
243 247 0 1
242 247 0 1
241 247 0 1
176 247 0 1
175 247 0 1
174 247 0 1
173 247 0 1
172 247 0 1
123 247 0 0
122 247 0 0
121 247 0 0
120 247 0 0
119 247 0 0
118 247 0 0
280 246 0 0
279 246 0 0
278 246 0 0
277 246 0 0
276 246 0 0
275 246 0 0
274 246 0 0
245 246 0 1
244 246 0 1
243 246 0 1
242 246 0 1
241 246 0 1
240 246 0 1
239 246 0 1
176 246 0 1
175 246 0 1
174 246 0 1
173 246 0 1
172 246 0 1
123 246 0 0
122 246 0 0
121 246 0 0
120 246 0 0
119 246 0 0
118 246 0 0
279 245 0 0
278 245 0 0
277 245 0 0
276 245 0 0
275 245 0 0
274 245 0 0
244 245 0 1
243 245 0 1
242 245 0 1
241 245 0 1
240 245 0 1
239 245 0 1
238 245 0 1
176 245 0 1
175 245 0 1
174 245 0 1
173 245 0 1
172 245 0 1
171 245 0 1
122 245 0 0
121 245 0 0
120 245 0 0
119 245 0 0
118 245 0 0
117 245 0 0
278 244 0 0
277 244 0 0
276 244 0 0
275 244 0 0
274 244 0 0
244 244 0 1
243 244 0 1
242 244 0 1
241 244 0 1
240 244 0 1
239 244 0 1
238 244 0 1
175 244 0 1
174 244 0 1
173 244 0 1
172 244 0 1
171 244 0 1
170 244 0 1
122 244 0 0
121 244 0 0
120 244 0 0
119 244 0 0
118 244 0 0
117 244 0 0
278 243 0 0
277 243 0 0
276 243 0 0
275 243 0 0
274 243 0 0
273 243 0 0
243 243 0 1
242 243 0 1
241 243 0 1
240 243 0 1
239 243 0 1
238 243 0 1
237 243 0 1
175 243 0 1
174 243 0 1
173 243 0 1
172 243 0 1
171 243 0 1
170 243 0 1
121 243 0 0
120 243 0 0
119 243 0 0
118 243 0 0
117 243 0 0
116 243 0 0
278 242 0 0
277 242 0 0
276 242 0 0
275 242 0 0
274 242 0 0
273 242 0 0
241 242 0 1
240 242 0 1
239 242 0 1
238 242 0 1
237 242 0 1
236 242 0 1
174 242 0 1
173 242 0 1
172 242 0 1
171 242 0 1
170 242 0 1
169 242 0 1
121 242 0 0
120 242 0 0
119 242 0 0
118 242 0 0
117 242 0 0
116 242 0 0
277 241 0 0
276 241 0 0
275 241 0 0
274 241 0 0
273 241 0 0
272 241 0 0
241 241 0 1
240 241 0 1
239 241 0 1
238 241 0 1
237 241 0 1
236 241 0 1
235 241 0 1
174 241 0 1
173 241 0 1
172 241 0 1
171 241 0 1
170 241 0 1
169 241 0 1
168 241 0 1
120 241 0 0
119 241 0 0
118 241 0 0
117 241 0 0
116 241 0 0
115 241 0 0
276 240 0 0
275 240 0 0
274 240 0 0
273 240 0 0
272 240 0 0
271 240 0 0
240 240 0 1
239 240 0 1
238 240 0 1
237 240 0 1
236 240 0 1
235 240 0 1
174 240 0 1
173 240 0 1
172 240 0 1
171 240 0 1
170 240 0 1
169 240 0 1
168 240 0 1
119 240 0 0
118 240 0 0
117 240 0 0
116 240 0 0
115 240 0 0
114 240 0 0
276 239 0 0
275 239 0 0
274 239 0 0
273 239 0 0
272 239 0 0
271 239 0 0
239 239 0 1
238 239 0 1
237 239 0 1
236 239 0 1
235 239 0 1
234 239 0 1
233 239 0 1
173 239 0 1
172 239 0 1
171 239 0 1
170 239 0 1
169 239 0 1
168 239 0 1
119 239 0 0
118 239 0 0
117 239 0 0
116 239 0 0
115 239 0 0
114 239 0 0
275 238 0 0
274 238 0 0
273 238 0 0
272 238 0 0
271 238 0 0
270 238 0 0
239 238 0 1
238 238 0 1
237 238 0 1
236 238 0 1
235 238 0 1
234 238 0 1
233 238 0 1
232 238 0 1
172 238 0 1
171 238 0 1
170 238 0 1
169 238 0 1
168 238 0 1
167 238 0 1
118 238 0 0
117 238 0 0
116 238 0 0
115 238 0 0
114 238 0 0
113 238 0 0
275 237 0 0
274 237 0 0
273 237 0 0
272 237 0 0
271 237 0 0
270 237 0 0
238 237 0 1
237 237 0 1
236 237 0 1
235 237 0 1
234 237 0 1
233 237 0 1
232 237 0 1
231 237 0 1
171 237 0 1
170 237 0 1
169 237 0 1
168 237 0 1
167 237 0 1
118 237 0 0
117 237 0 0
116 237 0 0
115 237 0 0
114 237 0 0
113 237 0 0
274 236 0 0
273 236 0 0
272 236 0 0
271 236 0 0
270 236 0 0
269 236 0 0
238 236 0 1
237 236 0 1
236 236 0 1
235 236 0 1
234 236 0 1
233 236 0 1
232 236 0 1
231 236 0 1
171 236 0 1
170 236 0 1
169 236 0 1
168 236 0 1
167 236 0 1
166 236 0 1
117 236 0 0
116 236 0 0
115 236 0 0
114 236 0 0
113 236 0 0
112 236 0 0
274 235 0 0
273 235 0 0
272 235 0 0
271 235 0 0
270 235 0 0
269 235 0 0
235 235 0 1
234 235 0 1
233 235 0 1
232 235 0 1
231 235 0 1
230 235 0 1
170 235 0 1
169 235 0 1
168 235 0 1
167 235 0 1
166 235 0 1
116 235 0 0
115 235 0 0
114 235 0 0
113 235 0 0
112 235 0 0
111 235 0 0
273 234 0 0
272 234 0 0
271 234 0 0
270 234 0 0
269 234 0 0
234 234 0 1
233 234 0 1
232 234 0 1
231 234 0 1
230 234 0 1
170 234 0 1
169 234 0 1
168 234 0 1
167 234 0 1
166 234 0 1
165 234 0 1
116 234 0 0
115 234 0 0
114 234 0 0
113 234 0 0
112 234 0 0
111 234 0 0
273 233 0 0
272 233 0 0
271 233 0 0
270 233 0 0
269 233 0 0
268 233 0 0
234 233 0 1
233 233 0 1
232 233 0 1
231 233 0 1
230 233 0 1
229 233 0 1
170 233 0 1
169 233 0 1
168 233 0 1
167 233 0 1
166 233 0 1
165 233 0 1
115 233 0 0
114 233 0 0
113 233 0 0
112 233 0 0
111 233 0 0
110 233 0 0
273 232 0 0
272 232 0 0
271 232 0 0
270 232 0 0
269 232 0 0
268 232 0 0
234 232 0 1
233 232 0 1
232 232 0 1
231 232 0 1
230 232 0 1
229 232 0 1
169 232 0 1
168 232 0 1
167 232 0 1
166 232 0 1
165 232 0 1
115 232 0 0
114 232 0 0
113 232 0 0
112 232 0 0
111 232 0 0
110 232 0 0
109 232 0 0
272 231 0 0
271 231 0 0
270 231 0 0
269 231 0 0
268 231 0 0
267 231 0 0
233 231 0 1
232 231 0 1
231 231 0 1
230 231 0 1
229 231 0 1
228 231 0 1
169 231 0 1
168 231 0 1
167 231 0 1
166 231 0 1
165 231 0 1
114 231 0 0
113 231 0 0
112 231 0 0
111 231 0 0
110 231 0 0
109 231 0 0
272 230 0 0
271 230 0 0
270 230 0 0
269 230 0 0
268 230 0 0
267 230 0 0
232 230 0 1
231 230 0 1
230 230 0 1
229 230 0 1
228 230 0 1
168 230 0 1
167 230 0 1
166 230 0 1
165 230 0 1
113 230 0 0
112 230 0 0
111 230 0 0
110 230 0 0
109 230 0 0
108 230 0 0
271 229 0 0
270 229 0 0
269 229 0 0
268 229 0 0
267 229 0 0
266 229 0 0
232 229 0 1
231 229 0 1
230 229 0 1
229 229 0 1
228 229 0 1
168 229 0 1
167 229 0 1
166 229 0 1
165 229 0 1
113 229 0 0
112 229 0 0
111 229 0 0
110 229 0 0
109 229 0 0
108 229 0 0
107 229 0 0
270 228 0 0
269 228 0 0
268 228 0 0
267 228 0 0
266 228 0 0
265 228 0 0
231 228 0 1
230 228 0 1
229 228 0 1
228 228 0 1
227 228 0 1
168 228 0 1
167 228 0 1
166 228 0 1
165 228 0 1
112 228 0 0
111 228 0 0
110 228 0 0
109 228 0 0
108 228 0 0
107 228 0 0
270 227 0 0
269 227 0 0
268 227 0 0
267 227 0 0
266 227 0 0
265 227 0 0
231 227 0 1
230 227 0 1
229 227 0 1
228 227 0 1
227 227 0 1
226 227 0 1
168 227 0 1
167 227 0 1
166 227 0 1
165 227 0 1
111 227 0 0
110 227 0 0
109 227 0 0
108 227 0 0
107 227 0 0
106 227 0 0
269 226 0 0
268 226 0 0
267 226 0 0
266 226 0 0
265 226 0 0
231 226 0 1
230 226 0 1
229 226 0 1
228 226 0 1
227 226 0 1
226 226 0 1
225 226 0 1
168 226 0 1
167 226 0 1
166 226 0 1
165 226 0 1
111 226 0 0
110 226 0 0
109 226 0 0
108 226 0 0
107 226 0 0
106 226 0 0
105 226 0 0
269 225 0 0
268 225 0 0
267 225 0 0
266 225 0 0
265 225 0 0
264 225 0 0
230 225 0 1
229 225 0 1
228 225 0 1
227 225 0 1
226 225 0 1
225 225 0 1
168 225 0 1
167 225 0 1
166 225 0 1
165 225 0 1
110 225 0 0
109 225 0 0
108 225 0 0
107 225 0 0
106 225 0 0
105 225 0 0
104 225 0 0
268 224 0 0
267 224 0 0
266 224 0 0
265 224 0 0
264 224 0 0
229 224 0 1
228 224 0 1
227 224 0 1
226 224 0 1
225 224 0 1
168 224 0 1
167 224 0 1
166 224 0 1
165 224 0 1
109 224 0 0
108 224 0 0
107 224 0 0
106 224 0 0
105 224 0 0
104 224 0 0
103 224 0 0
268 223 0 0
267 223 0 0
266 223 0 0
265 223 0 0
264 223 0 0
263 223 0 0
229 223 0 1
228 223 0 1
227 223 0 1
226 223 0 1
225 223 0 1
168 223 0 1
167 223 0 1
166 223 0 1
165 223 0 1
108 223 0 0
107 223 0 0
106 223 0 0
105 223 0 0
104 223 0 0
103 223 0 0
268 222 0 0
267 222 0 0
266 222 0 0
265 222 0 0
264 222 0 0
263 222 0 0
262 222 0 0
228 222 0 1
227 222 0 1
226 222 0 1
225 222 0 1
224 222 0 1
168 222 0 1
167 222 0 1
166 222 0 1
165 222 0 1
108 222 0 0
107 222 0 0
106 222 0 0
105 222 0 0
104 222 0 0
103 222 0 0
102 222 0 0
267 221 0 0
266 221 0 0
265 221 0 0
264 221 0 0
263 221 0 0
262 221 0 0
228 221 0 1
227 221 0 1
226 221 0 1
225 221 0 1
224 221 0 1
223 221 0 1
168 221 0 1
167 221 0 1
166 221 0 1
165 221 0 1
107 221 0 0
106 221 0 0
105 221 0 0
104 221 0 0
103 221 0 0
102 221 0 0
101 221 0 0
266 220 0 0
265 220 0 0
264 220 0 0
263 220 0 0
262 220 0 0
228 220 0 1
227 220 0 1
226 220 0 1
225 220 0 1
224 220 0 1
223 220 0 1
222 220 0 1
168 220 0 1
167 220 0 1
166 220 0 1
165 220 0 1
106 220 0 0
105 220 0 0
104 220 0 0
103 220 0 0
102 220 0 0
101 220 0 0
100 220 0 0
265 219 0 0
264 219 0 0
263 219 0 0
262 219 0 0
261 219 0 0
227 219 0 1
226 219 0 1
225 219 0 1
224 219 0 1
223 219 0 1
222 219 0 1
168 219 0 1
167 219 0 1
166 219 0 1
165 219 0 1
105 219 0 0
104 219 0 0
103 219 0 0
102 219 0 0
101 219 0 0
100 219 0 0
99 219 0 0
265 218 0 0
264 218 0 0
263 218 0 0
262 218 0 0
261 218 0 0
260 218 0 0
226 218 0 1
225 218 0 1
224 218 0 1
223 218 0 1
222 218 0 1
221 218 0 1
168 218 0 1
167 218 0 1
166 218 0 1
165 218 0 1
164 218 0 1
104 218 0 0
103 218 0 0
102 218 0 0
101 218 0 0
100 218 0 0
99 218 0 0
98 218 0 0
97 218 0 0
265 217 0 0
264 217 0 0
263 217 0 0
262 217 0 0
261 217 0 0
260 217 0 0
259 217 0 0
226 217 0 1
225 217 0 1
224 217 0 1
223 217 0 1
222 217 0 1
221 217 0 1
168 217 0 1
167 217 0 1
166 217 0 1
165 217 0 1
164 217 0 1
103 217 0 0
102 217 0 0
101 217 0 0
100 217 0 0
99 217 0 0
98 217 0 0
97 217 0 0
96 217 0 0
264 216 0 0
263 216 0 0
262 216 0 0
261 216 0 0
260 216 0 0
259 216 0 0
225 216 0 1
224 216 0 1
223 216 0 1
222 216 0 1
221 216 0 1
220 216 0 1
219 216 0 1
168 216 0 1
167 216 0 1
166 216 0 1
165 216 0 1
164 216 0 1
102 216 0 0
101 216 0 0
100 216 0 0
99 216 0 0
98 216 0 0
97 216 0 0
96 216 0 0
95 216 0 0
263 215 0 0
262 215 0 0
261 215 0 0
260 215 0 0
259 215 0 0
258 215 0 0
225 215 0 1
224 215 0 1
223 215 0 1
222 215 0 1
221 215 0 1
220 215 0 1
219 215 0 1
218 215 0 1
168 215 0 1
167 215 0 1
166 215 0 1
165 215 0 1
164 215 0 1
101 215 0 0
100 215 0 0
99 215 0 0
98 215 0 0
97 215 0 0
96 215 0 0
95 215 0 0
94 215 0 0
263 214 0 0
262 214 0 0
261 214 0 0
260 214 0 0
259 214 0 0
258 214 0 0
224 214 0 1
223 214 0 1
222 214 0 1
221 214 0 1
220 214 0 1
219 214 0 1
218 214 0 1
217 214 0 1
168 214 0 1
167 214 0 1
166 214 0 1
165 214 0 1
164 214 0 1
163 214 0 1
100 214 0 0
99 214 0 0
98 214 0 0
97 214 0 0
96 214 0 0
95 214 0 0
94 214 0 0
93 214 0 0
262 213 0 0
261 213 0 0
260 213 0 0
259 213 0 0
258 213 0 0
257 213 0 0
223 213 0 1
222 213 0 1
221 213 0 1
220 213 0 1
219 213 0 1
218 213 0 1
217 213 0 1
216 213 0 1
215 213 0 1
168 213 0 1
167 213 0 1
166 213 0 1
165 213 0 1
164 213 0 1
163 213 0 1
99 213 0 0
98 213 0 0
97 213 0 0
96 213 0 0
95 213 0 0
94 213 0 0
93 213 0 0
92 213 0 0
262 212 0 0
261 212 0 0
260 212 0 0
259 212 0 0
258 212 0 0
257 212 0 0
222 212 0 1
221 212 0 1
220 212 0 1
219 212 0 1
218 212 0 1
217 212 0 1
216 212 0 1
215 212 0 1
214 212 0 1
167 212 0 1
166 212 0 1
165 212 0 1
164 212 0 1
163 212 0 1
98 212 0 0
97 212 0 0
96 212 0 0
95 212 0 0
94 212 0 0
93 212 0 0
92 212 0 0
91 212 0 0
261 211 0 0
260 211 0 0
259 211 0 0
258 211 0 0
257 211 0 0
256 211 0 0
220 211 0 1
219 211 0 1
218 211 0 1
217 211 0 1
216 211 0 1
215 211 0 1
214 211 0 1
213 211 0 1
167 211 0 1
166 211 0 1
165 211 0 1
164 211 0 1
163 211 0 1
96 211 0 0
95 211 0 0
94 211 0 0
93 211 0 0
92 211 0 0
91 211 0 0
261 210 0 0
260 210 0 0
259 210 0 0
258 210 0 0
257 210 0 0
256 210 0 0
219 210 0 1
218 210 0 1
217 210 0 1
216 210 0 1
215 210 0 1
214 210 0 1
213 210 0 1
212 210 0 1
167 210 0 1
166 210 0 1
165 210 0 1
164 210 0 1
163 210 0 1
162 210 0 1
95 210 0 0
94 210 0 0
93 210 0 0
92 210 0 0
91 210 0 0
90 210 0 0
260 209 0 0
259 209 0 0
258 209 0 0
257 209 0 0
256 209 0 0
255 209 0 0
218 209 0 1
217 209 0 1
216 209 0 1
215 209 0 1
214 209 0 1
213 209 0 1
212 209 0 1
211 209 0 1
210 209 0 1
167 209 0 1
166 209 0 1
165 209 0 1
164 209 0 1
163 209 0 1
162 209 0 1
95 209 0 0
94 209 0 0
93 209 0 0
92 209 0 0
91 209 0 0
90 209 0 0
89 209 0 0
260 208 0 0
259 208 0 0
258 208 0 0
257 208 0 0
256 208 0 0
255 208 0 0
217 208 0 1
216 208 0 1
215 208 0 1
214 208 0 1
213 208 0 1
212 208 0 1
211 208 0 1
210 208 0 1
209 208 0 1
166 208 0 1
165 208 0 1
164 208 0 1
163 208 0 1
162 208 0 1
94 208 0 0
93 208 0 0
92 208 0 0
91 208 0 0
90 208 0 0
89 208 0 0
259 207 0 0
258 207 0 0
257 207 0 0
256 207 0 0
255 207 0 0
254 207 0 0
215 207 0 1
214 207 0 1
213 207 0 1
212 207 0 1
211 207 0 1
210 207 0 1
209 207 0 1
208 207 0 1
166 207 0 1
165 207 0 1
164 207 0 1
163 207 0 1
162 207 0 1
161 207 0 1
93 207 0 0
92 207 0 0
91 207 0 0
90 207 0 0
89 207 0 0
88 207 0 0
259 206 0 0
258 206 0 0
257 206 0 0
256 206 0 0
255 206 0 0
254 206 0 0
253 206 0 0
215 206 0 1
214 206 0 1
213 206 0 1
212 206 0 1
211 206 0 1
210 206 0 1
209 206 0 1
208 206 0 1
207 206 0 1
166 206 0 1
165 206 0 1
164 206 0 1
163 206 0 1
162 206 0 1
161 206 0 1
93 206 0 0
92 206 0 0
91 206 0 0
90 206 0 0
89 206 0 0
88 206 0 0
87 206 0 0
258 205 0 0
257 205 0 0
256 205 0 0
255 205 0 0
254 205 0 0
253 205 0 0
213 205 0 1
212 205 0 1
211 205 0 1
210 205 0 1
209 205 0 1
208 205 0 1
207 205 0 1
165 205 0 1
164 205 0 1
163 205 0 1
162 205 0 1
161 205 0 1
92 205 0 0
91 205 0 0
90 205 0 0
89 205 0 0
88 205 0 0
87 205 0 0
257 204 0 0
256 204 0 0
255 204 0 0
254 204 0 0
253 204 0 0
252 204 0 0
211 204 0 1
210 204 0 1
209 204 0 1
208 204 0 1
207 204 0 1
206 204 0 1
165 204 0 1
164 204 0 1
163 204 0 1
162 204 0 1
161 204 0 1
91 204 0 0
90 204 0 0
89 204 0 0
88 204 0 0
87 204 0 0
86 204 0 0
257 203 0 0
256 203 0 0
255 203 0 0
254 203 0 0
253 203 0 0
252 203 0 0
210 203 0 1
209 203 0 1
208 203 0 1
207 203 0 1
206 203 0 1
205 203 0 1
165 203 0 1
164 203 0 1
163 203 0 1
162 203 0 1
161 203 0 1
90 203 0 0
89 203 0 0
88 203 0 0
87 203 0 0
86 203 0 0
85 203 0 0
256 202 0 0
255 202 0 0
254 202 0 0
253 202 0 0
252 202 0 0
210 202 0 1
209 202 0 1
208 202 0 1
207 202 0 1
206 202 0 1
205 202 0 1
204 202 0 1
164 202 0 1
163 202 0 1
162 202 0 1
161 202 0 1
90 202 0 0
89 202 0 0
88 202 0 0
87 202 0 0
86 202 0 0
85 202 0 0
256 201 0 0
255 201 0 0
254 201 0 0
253 201 0 0
252 201 0 0
209 201 0 1
208 201 0 1
207 201 0 1
206 201 0 1
205 201 0 1
204 201 0 1
203 201 0 1
164 201 0 1
163 201 0 1
162 201 0 1
161 201 0 1
89 201 0 0
88 201 0 0
87 201 0 0
86 201 0 0
85 201 0 0
84 201 0 0
256 200 0 0
255 200 0 0
254 200 0 0
253 200 0 0
252 200 0 0
208 200 0 1
207 200 0 1
206 200 0 1
205 200 0 1
204 200 0 1
203 200 0 1
164 200 0 1
163 200 0 1
162 200 0 1
161 200 0 1
88 200 0 0
87 200 0 0
86 200 0 0
85 200 0 0
84 200 0 0
83 200 0 0
256 199 0 0
255 199 0 0
254 199 0 0
253 199 0 0
252 199 0 0
251 199 0 0
207 199 0 1
206 199 0 1
205 199 0 1
204 199 0 1
203 199 0 1
202 199 0 1
164 199 0 1
163 199 0 1
162 199 0 1
161 199 0 1
88 199 0 0
87 199 0 0
86 199 0 0
85 199 0 0
84 199 0 0
83 199 0 0
82 199 0 0
256 198 0 0
255 198 0 0
254 198 0 0
253 198 0 0
252 198 0 0
251 198 0 0
206 198 0 1
205 198 0 1
204 198 0 1
203 198 0 1
202 198 0 1
201 198 0 1
164 198 0 1
163 198 0 1
162 198 0 1
161 198 0 1
87 198 0 0
86 198 0 0
85 198 0 0
84 198 0 0
83 198 0 0
82 198 0 0
81 198 0 0
255 197 0 0
254 197 0 0
253 197 0 0
252 197 0 0
251 197 0 0
206 197 0 1
205 197 0 1
204 197 0 1
203 197 0 1
202 197 0 1
201 197 0 1
164 197 0 1
163 197 0 1
162 197 0 1
161 197 0 1
86 197 0 0
85 197 0 0
84 197 0 0
83 197 0 0
82 197 0 0
81 197 0 0
80 197 0 0
255 196 0 0
254 196 0 0
253 196 0 0
252 196 0 0
251 196 0 0
205 196 0 1
204 196 0 1
203 196 0 1
202 196 0 1
201 196 0 1
164 196 0 1
163 196 0 1
162 196 0 1
161 196 0 1
85 196 0 0
84 196 0 0
83 196 0 0
82 196 0 0
81 196 0 0
80 196 0 0
79 196 0 0
255 195 0 0
254 195 0 0
253 195 0 0
252 195 0 0
251 195 0 0
250 195 0 0
205 195 0 1
204 195 0 1
203 195 0 1
202 195 0 1
201 195 0 1
165 195 0 1
164 195 0 1
163 195 0 1
162 195 0 1
161 195 0 1
84 195 0 0
83 195 0 0
82 195 0 0
81 195 0 0
80 195 0 0
79 195 0 0
78 195 0 0
255 194 0 0
254 194 0 0
253 194 0 0
252 194 0 0
251 194 0 0
250 194 0 0
205 194 0 1
204 194 0 1
203 194 0 1
202 194 0 1
201 194 0 1
200 194 0 1
165 194 0 1
164 194 0 1
163 194 0 1
162 194 0 1
161 194 0 1
83 194 0 0
82 194 0 0
81 194 0 0
80 194 0 0
79 194 0 0
78 194 0 0
77 194 0 0
254 193 0 0
253 193 0 0
252 193 0 0
251 193 0 0
250 193 0 0
205 193 0 1
204 193 0 1
203 193 0 1
202 193 0 1
201 193 0 1
200 193 0 1
166 193 0 1
165 193 0 1
164 193 0 1
163 193 0 1
162 193 0 1
161 193 0 1
82 193 0 0
81 193 0 0
80 193 0 0
79 193 0 0
78 193 0 0
77 193 0 0
76 193 0 0
75 193 0 0
254 192 0 0
253 192 0 0
252 192 0 0
251 192 0 0
250 192 0 0
204 192 0 1
203 192 0 1
202 192 0 1
201 192 0 1
200 192 0 1
166 192 0 1
165 192 0 1
164 192 0 1
163 192 0 1
162 192 0 1
81 192 0 0
80 192 0 0
79 192 0 0
78 192 0 0
77 192 0 0
76 192 0 0
75 192 0 0
74 192 0 0
73 192 0 0
254 191 0 0
253 191 0 0
252 191 0 0
251 191 0 0
250 191 0 0
249 191 0 0
204 191 0 1
203 191 0 1
202 191 0 1
201 191 0 1
200 191 0 1
199 191 0 1
166 191 0 1
165 191 0 1
164 191 0 1
163 191 0 1
162 191 0 1
80 191 0 0
79 191 0 0
78 191 0 0
77 191 0 0
76 191 0 0
75 191 0 0
74 191 0 0
73 191 0 0
72 191 0 0
254 190 0 0
253 190 0 0
252 190 0 0
251 190 0 0
250 190 0 0
249 190 0 0
204 190 0 1
203 190 0 1
202 190 0 1
201 190 0 1
200 190 0 1
199 190 0 1
166 190 0 1
165 190 0 1
164 190 0 1
163 190 0 1
162 190 0 1
79 190 0 0
78 190 0 0
77 190 0 0
76 190 0 0
75 190 0 0
74 190 0 0
73 190 0 0
72 190 0 0
253 189 0 0
252 189 0 0
251 189 0 0
250 189 0 0
249 189 0 0
248 189 0 0
203 189 0 1
202 189 0 1
201 189 0 1
200 189 0 1
199 189 0 1
198 189 0 1
166 189 0 1
165 189 0 1
164 189 0 1
163 189 0 1
162 189 0 1
78 189 0 0
77 189 0 0
76 189 0 0
75 189 0 0
74 189 0 0
73 189 0 0
72 189 0 0
252 188 0 0
251 188 0 0
250 188 0 0
249 188 0 0
248 188 0 0
247 188 0 0
203 188 0 1
202 188 0 1
201 188 0 1
200 188 0 1
199 188 0 1
198 188 0 1
167 188 0 1
166 188 0 1
165 188 0 1
164 188 0 1
163 188 0 1
162 188 0 1
76 188 0 0
75 188 0 0
74 188 0 0
73 188 0 0
72 188 0 0
252 187 0 0
251 187 0 0
250 187 0 0
249 187 0 0
248 187 0 0
247 187 0 0
202 187 0 1
201 187 0 1
200 187 0 1
199 187 0 1
198 187 0 1
167 187 0 1
166 187 0 1
165 187 0 1
164 187 0 1
163 187 0 1
251 186 0 0
250 186 0 0
249 186 0 0
248 186 0 0
247 186 0 0
202 186 0 1
201 186 0 1
200 186 0 1
199 186 0 1
198 186 0 1
167 186 0 1
166 186 0 1
165 186 0 1
164 186 0 1
163 186 0 1
251 185 0 0
250 185 0 0
249 185 0 0
248 185 0 0
247 185 0 0
246 185 0 0
202 185 0 1
201 185 0 1
200 185 0 1
199 185 0 1
198 185 0 1
197 185 0 1
167 185 0 1
166 185 0 1
165 185 0 1
164 185 0 1
163 185 0 1
251 184 0 0
250 184 0 0
249 184 0 0
248 184 0 0
247 184 0 0
246 184 0 0
202 184 0 1
201 184 0 1
200 184 0 1
199 184 0 1
198 184 0 1
197 184 0 1
167 184 0 1
166 184 0 1
165 184 0 1
164 184 0 1
163 184 0 1
250 183 0 0
249 183 0 0
248 183 0 0
247 183 0 0
246 183 0 0
245 183 0 0
201 183 0 1
200 183 0 1
199 183 0 1
198 183 0 1
197 183 0 1
167 183 0 1
166 183 0 1
165 183 0 1
164 183 0 1
163 183 0 1
250 182 0 0
249 182 0 0
248 182 0 0
247 182 0 0
246 182 0 0
245 182 0 0
201 182 0 1
200 182 0 1
199 182 0 1
198 182 0 1
197 182 0 1
168 182 0 1
167 182 0 1
166 182 0 1
165 182 0 1
164 182 0 1
163 182 0 1
249 181 0 0
248 181 0 0
247 181 0 0
246 181 0 0
245 181 0 0
244 181 0 0
201 181 0 1
200 181 0 1
199 181 0 1
198 181 0 1
197 181 0 1
168 181 0 1
167 181 0 1
166 181 0 1
165 181 0 1
164 181 0 1
249 180 0 0
248 180 0 0
247 180 0 0
246 180 0 0
245 180 0 0
244 180 0 0
201 180 0 1
200 180 0 1
199 180 0 1
198 180 0 1
197 180 0 1
168 180 0 1
167 180 0 1
166 180 0 1
165 180 0 1
164 180 0 1
248 179 0 0
247 179 0 0
246 179 0 0
245 179 0 0
244 179 0 0
243 179 0 0
200 179 0 1
199 179 0 1
198 179 0 1
197 179 0 1
168 179 0 1
167 179 0 1
166 179 0 1
165 179 0 1
164 179 0 1
248 178 0 0
247 178 0 0
246 178 0 0
245 178 0 0
244 178 0 0
243 178 0 0
200 178 0 1
199 178 0 1
198 178 0 1
197 178 0 1
168 178 0 1
167 178 0 1
166 178 0 1
165 178 0 1
164 178 0 1
247 177 0 0
246 177 0 0
245 177 0 0
244 177 0 0
243 177 0 0
242 177 0 0
200 177 0 1
199 177 0 1
198 177 0 1
197 177 0 1
168 177 0 1
167 177 0 1
166 177 0 1
165 177 0 1
164 177 0 1
247 176 0 0
246 176 0 0
245 176 0 0
244 176 0 0
243 176 0 0
242 176 0 0
200 176 0 1
199 176 0 1
198 176 0 1
197 176 0 1
168 176 0 1
167 176 0 1
166 176 0 1
165 176 0 1
164 176 0 1
246 175 0 0
245 175 0 0
244 175 0 0
243 175 0 0
242 175 0 0
200 175 0 1
199 175 0 1
198 175 0 1
197 175 0 1
169 175 0 1
168 175 0 1
167 175 0 1
166 175 0 1
165 175 0 1
246 174 0 0
245 174 0 0
244 174 0 0
243 174 0 0
242 174 0 0
241 174 0 0
200 174 0 1
199 174 0 1
198 174 0 1
197 174 0 1
169 174 0 1
168 174 0 1
167 174 0 1
166 174 0 1
165 174 0 1
246 173 0 0
245 173 0 0
244 173 0 0
243 173 0 0
242 173 0 0
241 173 0 0
200 173 0 1
199 173 0 1
198 173 0 1
197 173 0 1
169 173 0 1
168 173 0 1
167 173 0 1
166 173 0 1
165 173 0 1
245 172 0 0
244 172 0 0
243 172 0 0
242 172 0 0
241 172 0 0
200 172 0 1
199 172 0 1
198 172 0 1
197 172 0 1
169 172 0 1
168 172 0 1
167 172 0 1
166 172 0 1
165 172 0 1
245 171 0 0
244 171 0 0
243 171 0 0
242 171 0 0
241 171 0 0
200 171 0 1
199 171 0 1
198 171 0 1
197 171 0 1
169 171 0 1
168 171 0 1
167 171 0 1
166 171 0 1
165 171 0 1
245 170 0 0
244 170 0 0
243 170 0 0
242 170 0 0
241 170 0 0
240 170 0 0
200 170 0 1
199 170 0 1
198 170 0 1
197 170 0 1
169 170 0 1
168 170 0 1
167 170 0 1
166 170 0 1
165 170 0 1
245 169 0 0
244 169 0 0
243 169 0 0
242 169 0 0
241 169 0 0
240 169 0 0
200 169 0 1
199 169 0 1
198 169 0 1
197 169 0 1
169 169 0 1
168 169 0 1
167 169 0 1
166 169 0 1
165 169 0 1
244 168 0 0
243 168 0 0
242 168 0 0
241 168 0 0
240 168 0 0
200 168 0 1
199 168 0 1
198 168 0 1
197 168 0 1
170 168 0 1
169 168 0 1
168 168 0 1
167 168 0 1
166 168 0 1
244 167 0 0
243 167 0 0
242 167 0 0
241 167 0 0
240 167 0 0
200 167 0 1
199 167 0 1
198 167 0 1
197 167 0 1
170 167 0 1
169 167 0 1
168 167 0 1
167 167 0 1
166 167 0 1
244 166 0 0
243 166 0 0
242 166 0 0
241 166 0 0
240 166 0 0
200 166 0 1
199 166 0 1
198 166 0 1
197 166 0 1
170 166 0 1
169 166 0 1
168 166 0 1
167 166 0 1
166 166 0 1
244 165 0 0
243 165 0 0
242 165 0 0
241 165 0 0
240 165 0 0
200 165 0 1
199 165 0 1
198 165 0 1
197 165 0 1
170 165 0 1
169 165 0 1
168 165 0 1
167 165 0 1
166 165 0 1
244 164 0 0
243 164 0 0
242 164 0 0
241 164 0 0
240 164 0 0
239 164 0 0
200 164 0 1
199 164 0 1
198 164 0 1
197 164 0 1
170 164 0 1
169 164 0 1
168 164 0 1
167 164 0 1
166 164 0 1
243 163 0 0
242 163 0 0
241 163 0 0
240 163 0 0
239 163 0 0
200 163 0 1
199 163 0 1
198 163 0 1
197 163 0 1
170 163 0 1
169 163 0 1
168 163 0 1
167 163 0 1
166 163 0 1
243 162 0 0
242 162 0 0
241 162 0 0
240 162 0 0
239 162 0 0
200 162 0 1
199 162 0 1
198 162 0 1
197 162 0 1
170 162 0 1
169 162 0 1
168 162 0 1
167 162 0 1
166 162 0 1
243 161 0 0
242 161 0 0
241 161 0 0
240 161 0 0
239 161 0 0
200 161 0 1
199 161 0 1
198 161 0 1
197 161 0 1
170 161 0 1
169 161 0 1
168 161 0 1
167 161 0 1
166 161 0 1
243 160 0 0
242 160 0 0
241 160 0 0
240 160 0 0
239 160 0 0
200 160 0 1
199 160 0 1
198 160 0 1
197 160 0 1
170 160 0 1
169 160 0 1
168 160 0 1
167 160 0 1
166 160 0 1
243 159 0 0
242 159 0 0
241 159 0 0
240 159 0 0
239 159 0 0
200 159 0 1
199 159 0 1
198 159 0 1
197 159 0 1
170 159 0 1
169 159 0 1
168 159 0 1
167 159 0 1
166 159 0 1
242 158 0 0
241 158 0 0
240 158 0 0
239 158 0 0
200 158 0 1
199 158 0 1
198 158 0 1
197 158 0 1
170 158 0 1
169 158 0 1
168 158 0 1
167 158 0 1
242 157 0 0
241 157 0 0
240 157 0 0
239 157 0 0
200 157 0 1
199 157 0 1
198 157 0 1
197 157 0 1
170 157 0 1
169 157 0 1
168 157 0 1
167 157 0 1
242 156 0 0
241 156 0 0
240 156 0 0
239 156 0 0
238 156 0 0
200 156 0 1
199 156 0 1
198 156 0 1
197 156 0 1
170 156 0 1
169 156 0 1
168 156 0 1
167 156 0 1
242 155 0 0
241 155 0 0
240 155 0 0
239 155 0 0
238 155 0 0
200 155 0 1
199 155 0 1
198 155 0 1
197 155 0 1
170 155 0 1
169 155 0 1
168 155 0 1
167 155 0 1
242 154 0 0
241 154 0 0
240 154 0 0
239 154 0 0
238 154 0 0
200 154 0 1
199 154 0 1
198 154 0 1
197 154 0 1
170 154 0 1
169 154 0 1
168 154 0 1
167 154 0 1
242 153 0 0
241 153 0 0
240 153 0 0
239 153 0 0
238 153 0 0
200 153 0 1
199 153 0 1
198 153 0 1
197 153 0 1
171 153 0 1
170 153 0 1
169 153 0 1
168 153 0 1
167 153 0 1
242 152 0 0
241 152 0 0
240 152 0 0
239 152 0 0
238 152 0 0
200 152 0 1
199 152 0 1
198 152 0 1
197 152 0 1
171 152 0 1
170 152 0 1
169 152 0 1
168 152 0 1
167 152 0 1
242 151 0 0
241 151 0 0
240 151 0 0
239 151 0 0
238 151 0 0
200 151 0 1
199 151 0 1
198 151 0 1
197 151 0 1
171 151 0 1
170 151 0 1
169 151 0 1
168 151 0 1
167 151 0 1
242 150 0 0
241 150 0 0
240 150 0 0
239 150 0 0
238 150 0 0
201 150 0 1
200 150 0 1
199 150 0 1
198 150 0 1
197 150 0 1
171 150 0 1
170 150 0 1
169 150 0 1
168 150 0 1
167 150 0 1
241 149 0 0
240 149 0 0
239 149 0 0
238 149 0 0
201 149 0 1
200 149 0 1
199 149 0 1
198 149 0 1
197 149 0 1
172 149 0 1
171 149 0 1
170 149 0 1
169 149 0 1
168 149 0 1
241 148 0 0
240 148 0 0
239 148 0 0
238 148 0 0
201 148 0 1
200 148 0 1
199 148 0 1
198 148 0 1
197 148 0 1
172 148 0 1
171 148 0 1
170 148 0 1
169 148 0 1
168 148 0 1
241 147 0 0
240 147 0 0
239 147 0 0
238 147 0 0
201 147 0 1
200 147 0 1
199 147 0 1
198 147 0 1
197 147 0 1
172 147 0 1
171 147 0 1
170 147 0 1
169 147 0 1
168 147 0 1
241 146 0 0
240 146 0 0
239 146 0 0
238 146 0 0
201 146 0 1
200 146 0 1
199 146 0 1
198 146 0 1
197 146 0 1
172 146 0 1
171 146 0 1
170 146 0 1
169 146 0 1
168 146 0 1
241 145 0 0
240 145 0 0
239 145 0 0
238 145 0 0
201 145 0 1
200 145 0 1
199 145 0 1
198 145 0 1
197 145 0 1
172 145 0 1
171 145 0 1
170 145 0 1
169 145 0 1
168 145 0 1
241 144 0 0
240 144 0 0
239 144 0 0
238 144 0 0
202 144 0 1
201 144 0 1
200 144 0 1
199 144 0 1
198 144 0 1
197 144 0 1
172 144 0 1
171 144 0 1
170 144 0 1
169 144 0 1
241 143 0 0
240 143 0 0
239 143 0 0
238 143 0 0
202 143 0 1
201 143 0 1
200 143 0 1
199 143 0 1
198 143 0 1
172 143 0 1
171 143 0 1
170 143 0 1
169 143 0 1
241 142 0 0
240 142 0 0
239 142 0 0
238 142 0 0
202 142 0 1
201 142 0 1
200 142 0 1
199 142 0 1
198 142 0 1
172 142 0 1
171 142 0 1
170 142 0 1
169 142 0 1
241 141 0 0
240 141 0 0
239 141 0 0
238 141 0 0
202 141 0 1
201 141 0 1
200 141 0 1
199 141 0 1
198 141 0 1
172 141 0 1
171 141 0 1
170 141 0 1
169 141 0 1
241 140 0 0
240 140 0 0
239 140 0 0
238 140 0 0
202 140 0 1
201 140 0 1
200 140 0 1
199 140 0 1
198 140 0 1
172 140 0 1
171 140 0 1
170 140 0 1
169 140 0 1
241 139 0 0
240 139 0 0
239 139 0 0
238 139 0 0
202 139 0 1
201 139 0 1
200 139 0 1
199 139 0 1
198 139 0 1
172 139 0 1
171 139 0 1
170 139 0 1
169 139 0 1
241 138 0 0
240 138 0 0
239 138 0 0
238 138 0 0
202 138 0 1
201 138 0 1
200 138 0 1
199 138 0 1
172 138 0 1
171 138 0 1
170 138 0 1
169 138 0 1
241 137 0 0
240 137 0 0
239 137 0 0
238 137 0 0
202 137 0 1
201 137 0 1
200 137 0 1
199 137 0 1
172 137 0 1
171 137 0 1
170 137 0 1
169 137 0 1
241 136 0 0
240 136 0 0
239 136 0 0
238 136 0 0
202 136 0 1
201 136 0 1
200 136 0 1
199 136 0 1
172 136 0 1
171 136 0 1
170 136 0 1
169 136 0 1
241 135 0 0
240 135 0 0
239 135 0 0
238 135 0 0
202 135 0 1
201 135 0 1
200 135 0 1
199 135 0 1
172 135 0 1
171 135 0 1
170 135 0 1
169 135 0 1
241 134 0 0
240 134 0 0
239 134 0 0
238 134 0 0
202 134 0 1
201 134 0 1
200 134 0 1
199 134 0 1
172 134 0 1
171 134 0 1
170 134 0 1
169 134 0 1
241 133 0 0
240 133 0 0
239 133 0 0
238 133 0 0
202 133 0 1
201 133 0 1
200 133 0 1
199 133 0 1
172 133 0 1
171 133 0 1
170 133 0 1
169 133 0 1
241 132 0 0
240 132 0 0
239 132 0 0
238 132 0 0
202 132 0 1
201 132 0 1
200 132 0 1
199 132 0 1
172 132 0 1
171 132 0 1
170 132 0 1
169 132 0 1
241 131 0 0
240 131 0 0
239 131 0 0
238 131 0 0
202 131 0 1
201 131 0 1
200 131 0 1
199 131 0 1
172 131 0 1
171 131 0 1
170 131 0 1
169 131 0 1
241 130 0 0
240 130 0 0
239 130 0 0
238 130 0 0
202 130 0 1
201 130 0 1
200 130 0 1
199 130 0 1
172 130 0 1
171 130 0 1
170 130 0 1
169 130 0 1
241 129 0 0
240 129 0 0
239 129 0 0
238 129 0 0
203 129 0 1
202 129 0 1
201 129 0 1
200 129 0 1
199 129 0 1
172 129 0 1
171 129 0 1
170 129 0 1
169 129 0 1
241 128 0 0
240 128 0 0
239 128 0 0
238 128 0 0
203 128 0 1
202 128 0 1
201 128 0 1
200 128 0 1
199 128 0 1
172 128 0 1
171 128 0 1
170 128 0 1
169 128 0 1
241 127 0 0
240 127 0 0
239 127 0 0
238 127 0 0
203 127 0 1
202 127 0 1
201 127 0 1
200 127 0 1
199 127 0 1
172 127 0 1
171 127 0 1
170 127 0 1
169 127 0 1
241 126 0 0
240 126 0 0
239 126 0 0
238 126 0 0
203 126 0 1
202 126 0 1
201 126 0 1
200 126 0 1
199 126 0 1
172 126 0 1
171 126 0 1
170 126 0 1
169 126 0 1
241 125 0 0
240 125 0 0
239 125 0 0
238 125 0 0
203 125 0 1
202 125 0 1
201 125 0 1
200 125 0 1
199 125 0 1
172 125 0 1
171 125 0 1
170 125 0 1
169 125 0 1
241 124 0 0
240 124 0 0
239 124 0 0
238 124 0 0
203 124 0 1
202 124 0 1
201 124 0 1
200 124 0 1
172 124 0 1
171 124 0 1
170 124 0 1
169 124 0 1
241 123 0 0
240 123 0 0
239 123 0 0
238 123 0 0
203 123 0 1
202 123 0 1
201 123 0 1
200 123 0 1
172 123 0 1
171 123 0 1
170 123 0 1
169 123 0 1
241 122 0 0
240 122 0 0
239 122 0 0
238 122 0 0
204 122 0 1
203 122 0 1
202 122 0 1
201 122 0 1
200 122 0 1
172 122 0 1
171 122 0 1
170 122 0 1
169 122 0 1
241 121 0 0
240 121 0 0
239 121 0 0
238 121 0 0
204 121 0 1
203 121 0 1
202 121 0 1
201 121 0 1
200 121 0 1
172 121 0 1
171 121 0 1
170 121 0 1
169 121 0 1
241 120 0 0
240 120 0 0
239 120 0 0
238 120 0 0
204 120 0 1
203 120 0 1
202 120 0 1
201 120 0 1
200 120 0 1
172 120 0 1
171 120 0 1
170 120 0 1
169 120 0 1
241 119 0 0
240 119 0 0
239 119 0 0
238 119 0 0
204 119 0 1
203 119 0 1
202 119 0 1
201 119 0 1
200 119 0 1
172 119 0 1
171 119 0 1
170 119 0 1
169 119 0 1
241 118 0 0
240 118 0 0
239 118 0 0
238 118 0 0
204 118 0 1
203 118 0 1
202 118 0 1
201 118 0 1
200 118 0 1
172 118 0 1
171 118 0 1
170 118 0 1
169 118 0 1
241 117 0 0
240 117 0 0
239 117 0 0
238 117 0 0
204 117 0 1
203 117 0 1
202 117 0 1
201 117 0 1
200 117 0 1
172 117 0 1
171 117 0 1
170 117 0 1
169 117 0 1
241 116 0 0
240 116 0 0
239 116 0 0
238 116 0 0
204 116 0 1
203 116 0 1
202 116 0 1
201 116 0 1
200 116 0 1
172 116 0 1
171 116 0 1
170 116 0 1
169 116 0 1
241 115 0 0
240 115 0 0
239 115 0 0
238 115 0 0
204 115 0 1
203 115 0 1
202 115 0 1
201 115 0 1
172 115 0 1
171 115 0 1
170 115 0 1
169 115 0 1
241 114 0 0
240 114 0 0
239 114 0 0
238 114 0 0
205 114 0 1
204 114 0 1
203 114 0 1
202 114 0 1
201 114 0 1
172 114 0 1
171 114 0 1
170 114 0 1
169 114 0 1
241 113 0 0
240 113 0 0
239 113 0 0
238 113 0 0
205 113 0 1
204 113 0 1
203 113 0 1
202 113 0 1
201 113 0 1
172 113 0 1
171 113 0 1
170 113 0 1
169 113 0 1
241 112 0 0
240 112 0 0
239 112 0 0
238 112 0 0
205 112 0 1
204 112 0 1
203 112 0 1
202 112 0 1
201 112 0 1
172 112 0 1
171 112 0 1
170 112 0 1
169 112 0 1
241 111 0 0
240 111 0 0
239 111 0 0
238 111 0 0
205 111 0 1
204 111 0 1
203 111 0 1
202 111 0 1
172 111 0 1
171 111 0 1
170 111 0 1
169 111 0 1
241 110 0 0
240 110 0 0
239 110 0 0
238 110 0 0
205 110 0 1
204 110 0 1
203 110 0 1
202 110 0 1
172 110 0 1
171 110 0 1
170 110 0 1
169 110 0 1
241 109 0 0
240 109 0 0
239 109 0 0
238 109 0 0
206 109 0 1
205 109 0 1
204 109 0 1
203 109 0 1
202 109 0 1
172 109 0 1
171 109 0 1
170 109 0 1
169 109 0 1
241 108 0 0
240 108 0 0
239 108 0 0
238 108 0 0
206 108 0 1
205 108 0 1
204 108 0 1
203 108 0 1
202 108 0 1
173 108 0 1
172 108 0 1
171 108 0 1
170 108 0 1
169 108 0 1
241 107 0 0
240 107 0 0
239 107 0 0
238 107 0 0
206 107 0 1
205 107 0 1
204 107 0 1
203 107 0 1
202 107 0 1
173 107 0 1
172 107 0 1
171 107 0 1
170 107 0 1
169 107 0 1
241 106 0 0
240 106 0 0
239 106 0 0
238 106 0 0
206 106 0 1
205 106 0 1
204 106 0 1
203 106 0 1
202 106 0 1
173 106 0 1
172 106 0 1
171 106 0 1
170 106 0 1
169 106 0 1
206 105 0 1
205 105 0 1
204 105 0 1
203 105 0 1
202 105 0 1
173 105 0 1
172 105 0 1
171 105 0 1
170 105 0 1
169 105 0 1
206 104 0 1
205 104 0 1
204 104 0 1
203 104 0 1
202 104 0 1
173 104 0 1
172 104 0 1
171 104 0 1
170 104 0 1
169 104 0 1
206 103 0 1
205 103 0 1
204 103 0 1
203 103 0 1
173 103 0 1
172 103 0 1
171 103 0 1
170 103 0 1
207 102 0 1
206 102 0 1
205 102 0 1
204 102 0 1
203 102 0 1
173 102 0 1
172 102 0 1
171 102 0 1
170 102 0 1
207 101 0 1
206 101 0 1
205 101 0 1
204 101 0 1
203 101 0 1
173 101 0 1
172 101 0 1
171 101 0 1
170 101 0 1
207 100 0 1
206 100 0 1
205 100 0 1
204 100 0 1
203 100 0 1
174 100 0 1
173 100 0 1
172 100 0 1
171 100 0 1
170 100 0 1
207 99 0 1
206 99 0 1
205 99 0 1
204 99 0 1
203 99 0 1
174 99 0 1
173 99 0 1
172 99 0 1
171 99 0 1
170 99 0 1
207 98 0 1
206 98 0 1
205 98 0 1
204 98 0 1
203 98 0 1
174 98 0 1
173 98 0 1
172 98 0 1
171 98 0 1
170 98 0 1
207 97 0 1
206 97 0 1
205 97 0 1
204 97 0 1
174 97 0 1
173 97 0 1
172 97 0 1
171 97 0 1
170 97 0 1
207 96 0 1
206 96 0 1
205 96 0 1
204 96 0 1
174 96 0 1
173 96 0 1
172 96 0 1
171 96 0 1
170 96 0 1
207 95 0 1
206 95 0 1
205 95 0 1
204 95 0 1
174 95 0 1
173 95 0 1
172 95 0 1
171 95 0 1
170 95 0 1
207 94 0 1
206 94 0 1
205 94 0 1
204 94 0 1
174 94 0 1
173 94 0 1
172 94 0 1
171 94 0 1
170 94 0 1
208 93 0 1
207 93 0 1
206 93 0 1
205 93 0 1
204 93 0 1
174 93 0 1
173 93 0 1
172 93 0 1
171 93 0 1
208 92 0 1
207 92 0 1
206 92 0 1
205 92 0 1
204 92 0 1
174 92 0 1
173 92 0 1
172 92 0 1
171 92 0 1
208 91 0 1
207 91 0 1
206 91 0 1
205 91 0 1
204 91 0 1
174 91 0 1
173 91 0 1
172 91 0 1
171 91 0 1
209 90 0 1
208 90 0 1
207 90 0 1
206 90 0 1
205 90 0 1
204 90 0 1
174 90 0 1
173 90 0 1
172 90 0 1
171 90 0 1
209 89 0 1
208 89 0 1
207 89 0 1
206 89 0 1
205 89 0 1
204 89 0 1
174 89 0 1
173 89 0 1
172 89 0 1
171 89 0 1
209 88 0 1
208 88 0 1
207 88 0 1
206 88 0 1
205 88 0 1
174 88 0 1
173 88 0 1
172 88 0 1
171 88 0 1
209 87 0 1
208 87 0 1
207 87 0 1
206 87 0 1
205 87 0 1
174 87 0 1
173 87 0 1
172 87 0 1
171 87 0 1
209 86 0 1
208 86 0 1
207 86 0 1
206 86 0 1
205 86 0 1
174 86 0 1
173 86 0 1
172 86 0 1
171 86 0 1
209 85 0 1
208 85 0 1
207 85 0 1
206 85 0 1
174 85 0 1
173 85 0 1
172 85 0 1
171 85 0 1
210 84 0 1
209 84 0 1
208 84 0 1
207 84 0 1
206 84 0 1
175 84 0 1
174 84 0 1
173 84 0 1
172 84 0 1
171 84 0 1
210 83 0 1
209 83 0 1
208 83 0 1
207 83 0 1
206 83 0 1
175 83 0 1
174 83 0 1
173 83 0 1
172 83 0 1
171 83 0 1
210 82 0 1
209 82 0 1
208 82 0 1
207 82 0 1
206 82 0 1
175 82 0 1
174 82 0 1
173 82 0 1
172 82 0 1
171 82 0 1
211 81 0 1
210 81 0 1
209 81 0 1
208 81 0 1
207 81 0 1
206 81 0 1
175 81 0 1
174 81 0 1
173 81 0 1
172 81 0 1
171 81 0 1
211 80 0 1
210 80 0 1
209 80 0 1
208 80 0 1
207 80 0 1
175 80 0 1
174 80 0 1
173 80 0 1
172 80 0 1
212 79 0 1
211 79 0 1
210 79 0 1
209 79 0 1
208 79 0 1
207 79 0 1
175 79 0 1
174 79 0 1
173 79 0 1
172 79 0 1
212 78 0 1
211 78 0 1
210 78 0 1
209 78 0 1
208 78 0 1
207 78 0 1
175 78 0 1
174 78 0 1
173 78 0 1
172 78 0 1
113 78 0 0
112 78 0 0
111 78 0 0
110 78 0 0
109 78 0 0
108 78 0 0
107 78 0 0
106 78 0 0
105 78 0 0
104 78 0 0
103 78 0 0
212 77 0 1
211 77 0 1
210 77 0 1
209 77 0 1
208 77 0 1
175 77 0 1
174 77 0 1
173 77 0 1
172 77 0 1
113 77 0 0
112 77 0 0
111 77 0 0
110 77 0 0
109 77 0 0
108 77 0 0
107 77 0 0
106 77 0 0
105 77 0 0
104 77 0 0
103 77 0 0
102 77 0 0
212 76 0 1
211 76 0 1
210 76 0 1
209 76 0 1
208 76 0 1
175 76 0 1
174 76 0 1
173 76 0 1
172 76 0 1
113 76 0 0
112 76 0 0
111 76 0 0
110 76 0 0
109 76 0 0
108 76 0 0
107 76 0 0
106 76 0 0
105 76 0 0
104 76 0 0
103 76 0 0
102 76 0 0
101 76 0 0
100 76 0 0
213 75 0 1
212 75 0 1
211 75 0 1
210 75 0 1
209 75 0 1
208 75 0 1
175 75 0 1
174 75 0 1
173 75 0 1
172 75 0 1
114 75 0 0
113 75 0 0
112 75 0 0
111 75 0 0
110 75 0 0
109 75 0 0
108 75 0 0
107 75 0 0
106 75 0 0
105 75 0 0
104 75 0 0
103 75 0 0
102 75 0 0
101 75 0 0
100 75 0 0
99 75 0 0
213 74 0 1
212 74 0 1
211 74 0 1
210 74 0 1
209 74 0 1
208 74 0 1
175 74 0 1
174 74 0 1
173 74 0 1
172 74 0 1
114 74 0 0
113 74 0 0
112 74 0 0
111 74 0 0
110 74 0 0
106 74 0 0
105 74 0 0
104 74 0 0
103 74 0 0
102 74 0 0
101 74 0 0
100 74 0 0
99 74 0 0
213 73 0 1
212 73 0 1
211 73 0 1
210 73 0 1
209 73 0 1
175 73 0 1
174 73 0 1
173 73 0 1
172 73 0 1
115 73 0 0
114 73 0 0
113 73 0 0
112 73 0 0
111 73 0 0
110 73 0 0
104 73 0 0
103 73 0 0
102 73 0 0
101 73 0 0
100 73 0 0
99 73 0 0
214 72 0 1
213 72 0 1
212 72 0 1
211 72 0 1
210 72 0 1
209 72 0 1
176 72 0 1
175 72 0 1
174 72 0 1
173 72 0 1
172 72 0 1
115 72 0 0
114 72 0 0
113 72 0 0
112 72 0 0
111 72 0 0
110 72 0 0
103 72 0 0
102 72 0 0
101 72 0 0
100 72 0 0
99 72 0 0
214 71 0 1
213 71 0 1
212 71 0 1
211 71 0 1
210 71 0 1
176 71 0 1
175 71 0 1
174 71 0 1
173 71 0 1
172 71 0 1
115 71 0 0
114 71 0 0
113 71 0 0
112 71 0 0
111 71 0 0
215 70 0 1
214 70 0 1
213 70 0 1
212 70 0 1
211 70 0 1
210 70 0 1
176 70 0 1
175 70 0 1
174 70 0 1
173 70 0 1
172 70 0 1
115 70 0 0
114 70 0 0
113 70 0 0
112 70 0 0
111 70 0 0
217 69 0 1
216 69 0 1
215 69 0 1
214 69 0 1
213 69 0 1
212 69 0 1
211 69 0 1
210 69 0 1
176 69 0 1
175 69 0 1
174 69 0 1
173 69 0 1
172 69 0 1
115 69 0 0
114 69 0 0
113 69 0 0
112 69 0 0
111 69 0 0
217 68 0 1
216 68 0 1
215 68 0 1
214 68 0 1
213 68 0 1
212 68 0 1
211 68 0 1
176 68 0 1
175 68 0 1
174 68 0 1
173 68 0 1
172 68 0 1
116 68 0 0
115 68 0 0
114 68 0 0
113 68 0 0
112 68 0 0
111 68 0 0
217 67 0 1
216 67 0 1
215 67 0 1
214 67 0 1
213 67 0 1
212 67 0 1
211 67 0 1
177 67 0 1
176 67 0 1
175 67 0 1
174 67 0 1
173 67 0 1
116 67 0 0
115 67 0 0
114 67 0 0
113 67 0 0
112 67 0 0
111 67 0 0
218 66 0 1
217 66 0 1
216 66 0 1
215 66 0 1
214 66 0 1
213 66 0 1
212 66 0 1
177 66 0 1
176 66 0 1
175 66 0 1
174 66 0 1
173 66 0 1
117 66 0 0
116 66 0 0
115 66 0 0
114 66 0 0
113 66 0 0
112 66 0 0
218 65 0 1
217 65 0 1
216 65 0 1
215 65 0 1
214 65 0 1
177 65 0 1
176 65 0 1
175 65 0 1
174 65 0 1
173 65 0 1
118 65 0 0
117 65 0 0
116 65 0 0
115 65 0 0
114 65 0 0
113 65 0 0
219 64 0 1
218 64 0 1
217 64 0 1
216 64 0 1
215 64 0 1
214 64 0 1
177 64 0 1
176 64 0 1
175 64 0 1
174 64 0 1
173 64 0 1
118 64 0 0
117 64 0 0
116 64 0 0
115 64 0 0
114 64 0 0
113 64 0 0
220 63 0 1
219 63 0 1
218 63 0 1
217 63 0 1
216 63 0 1
215 63 0 1
214 63 0 1
178 63 0 1
177 63 0 1
176 63 0 1
175 63 0 1
174 63 0 1
119 63 0 0
118 63 0 0
117 63 0 0
116 63 0 0
115 63 0 0
114 63 0 0
221 62 0 1
220 62 0 1
219 62 0 1
218 62 0 1
217 62 0 1
216 62 0 1
215 62 0 1
179 62 0 1
178 62 0 1
177 62 0 1
176 62 0 1
175 62 0 1
174 62 0 1
120 62 0 0
119 62 0 0
118 62 0 0
117 62 0 0
116 62 0 0
115 62 0 0
221 61 0 1
220 61 0 1
219 61 0 1
218 61 0 1
217 61 0 1
216 61 0 1
180 61 0 1
179 61 0 1
178 61 0 1
177 61 0 1
176 61 0 1
175 61 0 1
174 61 0 1
120 61 0 0
119 61 0 0
118 61 0 0
117 61 0 0
116 61 0 0
115 61 0 0
221 60 0 1
220 60 0 1
219 60 0 1
218 60 0 1
217 60 0 1
180 60 0 1
179 60 0 1
178 60 0 1
177 60 0 1
176 60 0 1
175 60 0 1
120 60 0 0
119 60 0 0
118 60 0 0
117 60 0 0
116 60 0 0
222 59 0 1
221 59 0 1
220 59 0 1
219 59 0 1
218 59 0 1
217 59 0 1
181 59 0 1
180 59 0 1
179 59 0 1
178 59 0 1
177 59 0 1
176 59 0 1
121 59 0 0
120 59 0 0
119 59 0 0
118 59 0 0
117 59 0 0
116 59 0 0
222 58 0 1
221 58 0 1
220 58 0 1
219 58 0 1
218 58 0 1
217 58 0 1
181 58 0 1
180 58 0 1
179 58 0 1
178 58 0 1
177 58 0 1
176 58 0 1
121 58 0 0
120 58 0 0
119 58 0 0
118 58 0 0
117 58 0 0
116 58 0 0
222 57 0 1
221 57 0 1
220 57 0 1
219 57 0 1
218 57 0 1
217 57 0 1
182 57 0 1
181 57 0 1
180 57 0 1
179 57 0 1
178 57 0 1
177 57 0 1
121 57 0 0
120 57 0 0
119 57 0 0
118 57 0 0
117 57 0 0
222 56 0 1
221 56 0 1
220 56 0 1
219 56 0 1
218 56 0 1
182 56 0 1
181 56 0 1
180 56 0 1
179 56 0 1
178 56 0 1
177 56 0 1
122 56 0 0
121 56 0 0
120 56 0 0
119 56 0 0
118 56 0 0
117 56 0 0
183 55 0 1
182 55 0 1
181 55 0 1
180 55 0 1
179 55 0 1
178 55 0 1
122 55 0 0
121 55 0 0
120 55 0 0
119 55 0 0
118 55 0 0
117 55 0 0
183 54 0 1
182 54 0 1
181 54 0 1
180 54 0 1
179 54 0 1
178 54 0 1
123 54 0 0
122 54 0 0
121 54 0 0
120 54 0 0
119 54 0 0
118 54 0 0
184 53 0 1
183 53 0 1
182 53 0 1
181 53 0 1
180 53 0 1
179 53 0 1
123 53 0 0
122 53 0 0
121 53 0 0
120 53 0 0
119 53 0 0
118 53 0 0
184 52 0 1
183 52 0 1
182 52 0 1
181 52 0 1
180 52 0 1
179 52 0 1
124 52 0 0
123 52 0 0
122 52 0 0
121 52 0 0
120 52 0 0
119 52 0 0
185 51 0 1
184 51 0 1
183 51 0 1
182 51 0 1
181 51 0 1
180 51 0 1
124 51 0 0
123 51 0 0
122 51 0 0
121 51 0 0
120 51 0 0
119 51 0 0
186 50 0 1
185 50 0 1
184 50 0 1
183 50 0 1
182 50 0 1
181 50 0 1
125 50 0 0
124 50 0 0
123 50 0 0
122 50 0 0
121 50 0 0
120 50 0 0
187 49 0 1
186 49 0 1
185 49 0 1
184 49 0 1
183 49 0 1
182 49 0 1
181 49 0 1
125 49 0 0
124 49 0 0
123 49 0 0
122 49 0 0
121 49 0 0
120 49 0 0
187 48 0 1
186 48 0 1
185 48 0 1
184 48 0 1
183 48 0 1
182 48 0 1
126 48 0 0
125 48 0 0
124 48 0 0
123 48 0 0
122 48 0 0
121 48 0 0
189 47 0 1
188 47 0 1
187 47 0 1
186 47 0 1
185 47 0 1
184 47 0 1
183 47 0 1
127 47 0 0
126 47 0 0
125 47 0 0
124 47 0 0
123 47 0 0
122 47 0 0
121 47 0 0
190 46 0 1
189 46 0 1
188 46 0 1
187 46 0 1
186 46 0 1
185 46 0 1
184 46 0 1
183 46 0 1
128 46 0 0
127 46 0 0
126 46 0 0
125 46 0 0
124 46 0 0
123 46 0 0
122 46 0 0
337 45 0 0
336 45 0 0
335 45 0 0
334 45 0 0
333 45 0 0
332 45 0 0
331 45 0 0
330 45 0 0
329 45 0 0
328 45 0 0
327 45 0 0
326 45 0 0
325 45 0 0
324 45 0 0
323 45 0 0
322 45 0 0
321 45 0 0
320 45 0 0
319 45 0 0
318 45 0 0
317 45 0 0
316 45 0 0
315 45 0 0
314 45 0 0
313 45 0 0
312 45 0 0
311 45 0 0
310 45 0 0
309 45 0 0
308 45 0 0
307 45 0 0
306 45 0 0
305 45 0 0
304 45 0 0
303 45 0 0
302 45 0 0
301 45 0 0
300 45 0 0
299 45 0 0
298 45 0 0
297 45 0 0
296 45 0 0
295 45 0 0
294 45 0 0
293 45 0 0
292 45 0 0
291 45 0 0
290 45 0 0
289 45 0 0
288 45 0 0
287 45 0 0
286 45 0 0
285 45 0 0
284 45 0 0
283 45 0 0
282 45 0 0
281 45 0 0
191 45 0 1
190 45 0 1
189 45 0 1
188 45 0 1
187 45 0 1
186 45 0 1
185 45 0 1
184 45 0 1
129 45 0 0
128 45 0 0
127 45 0 0
126 45 0 0
125 45 0 0
124 45 0 0
123 45 0 0
337 44 0 0
336 44 0 0
335 44 0 0
334 44 0 0
333 44 0 0
332 44 0 0
331 44 0 0
330 44 0 0
329 44 0 0
328 44 0 0
327 44 0 0
326 44 0 0
325 44 0 0
324 44 0 0
323 44 0 0
322 44 0 0
321 44 0 0
320 44 0 0
319 44 0 0
318 44 0 0
317 44 0 0
316 44 0 0
315 44 0 0
314 44 0 0
313 44 0 0
312 44 0 0
311 44 0 0
310 44 0 0
309 44 0 0
308 44 0 0
307 44 0 0
306 44 0 0
305 44 0 0
304 44 0 0
303 44 0 0
302 44 0 0
301 44 0 0
300 44 0 0
299 44 0 0
298 44 0 0
297 44 0 0
296 44 0 0
295 44 0 0
294 44 0 0
293 44 0 0
292 44 0 0
291 44 0 0
290 44 0 0
289 44 0 0
288 44 0 0
287 44 0 0
286 44 0 0
285 44 0 0
284 44 0 0
283 44 0 0
282 44 0 0
281 44 0 0
280 44 0 0
279 44 0 0
194 44 0 1
193 44 0 1
192 44 0 1
191 44 0 1
190 44 0 1
189 44 0 1
188 44 0 1
187 44 0 1
186 44 0 1
185 44 0 1
129 44 0 0
128 44 0 0
127 44 0 0
126 44 0 0
125 44 0 0
124 44 0 0
337 43 0 0
336 43 0 0
335 43 0 0
334 43 0 0
333 43 0 0
332 43 0 0
331 43 0 0
330 43 0 0
329 43 0 0
328 43 0 0
327 43 0 0
326 43 0 0
325 43 0 0
324 43 0 0
323 43 0 0
322 43 0 0
321 43 0 0
320 43 0 0
319 43 0 0
318 43 0 0
317 43 0 0
316 43 0 0
315 43 0 0
314 43 0 0
313 43 0 0
312 43 0 0
311 43 0 0
310 43 0 0
309 43 0 0
308 43 0 0
307 43 0 0
306 43 0 0
305 43 0 0
304 43 0 0
303 43 0 0
302 43 0 0
301 43 0 0
300 43 0 0
299 43 0 0
298 43 0 0
297 43 0 0
296 43 0 0
295 43 0 0
294 43 0 0
293 43 0 0
292 43 0 0
291 43 0 0
290 43 0 0
289 43 0 0
288 43 0 0
287 43 0 0
286 43 0 0
285 43 0 0
284 43 0 0
283 43 0 0
282 43 0 0
281 43 0 0
280 43 0 0
279 43 0 0
278 43 0 0
277 43 0 0
276 43 0 0
194 43 0 1
193 43 0 1
192 43 0 1
191 43 0 1
190 43 0 1
189 43 0 1
188 43 0 1
187 43 0 1
186 43 0 1
130 43 0 0
129 43 0 0
128 43 0 0
127 43 0 0
126 43 0 0
125 43 0 0
337 42 0 0
336 42 0 0
335 42 0 0
334 42 0 0
333 42 0 0
332 42 0 0
331 42 0 0
330 42 0 0
329 42 0 0
328 42 0 0
327 42 0 0
326 42 0 0
325 42 0 0
324 42 0 0
323 42 0 0
322 42 0 0
321 42 0 0
320 42 0 0
319 42 0 0
318 42 0 0
317 42 0 0
316 42 0 0
315 42 0 0
314 42 0 0
313 42 0 0
312 42 0 0
311 42 0 0
310 42 0 0
309 42 0 0
308 42 0 0
307 42 0 0
306 42 0 0
305 42 0 0
304 42 0 0
303 42 0 0
302 42 0 0
301 42 0 0
300 42 0 0
299 42 0 0
298 42 0 0
297 42 0 0
296 42 0 0
295 42 0 0
294 42 0 0
293 42 0 0
292 42 0 0
291 42 0 0
290 42 0 0
289 42 0 0
288 42 0 0
287 42 0 0
286 42 0 0
285 42 0 0
284 42 0 0
283 42 0 0
282 42 0 0
281 42 0 0
280 42 0 0
279 42 0 0
278 42 0 0
277 42 0 0
276 42 0 0
275 42 0 0
194 42 0 1
193 42 0 1
192 42 0 1
191 42 0 1
190 42 0 1
189 42 0 1
188 42 0 1
131 42 0 0
130 42 0 0
129 42 0 0
128 42 0 0
127 42 0 0
126 42 0 0
284 41 0 0
283 41 0 0
282 41 0 0
281 41 0 0
280 41 0 0
279 41 0 0
278 41 0 0
277 41 0 0
276 41 0 0
275 41 0 0
274 41 0 0
273 41 0 0
194 41 0 1
193 41 0 1
192 41 0 1
191 41 0 1
190 41 0 1
189 41 0 1
132 41 0 0
131 41 0 0
130 41 0 0
129 41 0 0
128 41 0 0
127 41 0 0
126 41 0 0
282 40 0 0
281 40 0 0
280 40 0 0
279 40 0 0
278 40 0 0
277 40 0 0
276 40 0 0
275 40 0 0
274 40 0 0
273 40 0 0
272 40 0 0
271 40 0 0
133 40 0 0
132 40 0 0
131 40 0 0
130 40 0 0
129 40 0 0
128 40 0 0
127 40 0 0
279 39 0 0
278 39 0 0
277 39 0 0
276 39 0 0
275 39 0 0
274 39 0 0
273 39 0 0
272 39 0 0
271 39 0 0
270 39 0 0
269 39 0 0
133 39 0 0
132 39 0 0
131 39 0 0
130 39 0 0
129 39 0 0
128 39 0 0
277 38 0 0
276 38 0 0
275 38 0 0
274 38 0 0
273 38 0 0
272 38 0 0
271 38 0 0
270 38 0 0
269 38 0 0
268 38 0 0
267 38 0 0
134 38 0 0
133 38 0 0
132 38 0 0
131 38 0 0
130 38 0 0
129 38 0 0
276 37 0 0
275 37 0 0
274 37 0 0
273 37 0 0
272 37 0 0
271 37 0 0
270 37 0 0
269 37 0 0
268 37 0 0
267 37 0 0
266 37 0 0
265 37 0 0
135 37 0 0
134 37 0 0
133 37 0 0
132 37 0 0
131 37 0 0
130 37 0 0
274 36 0 0
273 36 0 0
272 36 0 0
271 36 0 0
270 36 0 0
269 36 0 0
268 36 0 0
267 36 0 0
266 36 0 0
265 36 0 0
264 36 0 0
263 36 0 0
137 36 0 0
136 36 0 0
135 36 0 0
134 36 0 0
133 36 0 0
132 36 0 0
131 36 0 0
130 36 0 0
272 35 0 0
271 35 0 0
270 35 0 0
269 35 0 0
268 35 0 0
267 35 0 0
266 35 0 0
265 35 0 0
264 35 0 0
263 35 0 0
262 35 0 0
261 35 0 0
138 35 0 0
137 35 0 0
136 35 0 0
135 35 0 0
134 35 0 0
133 35 0 0
132 35 0 0
131 35 0 0
270 34 0 0
269 34 0 0
268 34 0 0
267 34 0 0
266 34 0 0
265 34 0 0
264 34 0 0
263 34 0 0
262 34 0 0
261 34 0 0
260 34 0 0
259 34 0 0
139 34 0 0
138 34 0 0
137 34 0 0
136 34 0 0
135 34 0 0
134 34 0 0
133 34 0 0
132 34 0 0
268 33 0 0
267 33 0 0
266 33 0 0
265 33 0 0
264 33 0 0
263 33 0 0
262 33 0 0
261 33 0 0
260 33 0 0
259 33 0 0
258 33 0 0
257 33 0 0
139 33 0 0
138 33 0 0
137 33 0 0
136 33 0 0
135 33 0 0
134 33 0 0
133 33 0 0
266 32 0 0
265 32 0 0
264 32 0 0
263 32 0 0
262 32 0 0
261 32 0 0
260 32 0 0
259 32 0 0
258 32 0 0
257 32 0 0
256 32 0 0
255 32 0 0
254 32 0 0
253 32 0 0
252 32 0 0
251 32 0 0
140 32 0 0
139 32 0 0
138 32 0 0
137 32 0 0
136 32 0 0
135 32 0 0
134 32 0 0
264 31 0 0
263 31 0 0
262 31 0 0
261 31 0 0
260 31 0 0
259 31 0 0
258 31 0 0
257 31 0 0
256 31 0 0
255 31 0 0
254 31 0 0
253 31 0 0
252 31 0 0
251 31 0 0
250 31 0 0
249 31 0 0
248 31 0 0
141 31 0 0
140 31 0 0
139 31 0 0
138 31 0 0
137 31 0 0
136 31 0 0
135 31 0 0
262 30 0 0
261 30 0 0
260 30 0 0
259 30 0 0
258 30 0 0
257 30 0 0
256 30 0 0
255 30 0 0
254 30 0 0
253 30 0 0
252 30 0 0
251 30 0 0
250 30 0 0
249 30 0 0
248 30 0 0
247 30 0 0
246 30 0 0
245 30 0 0
142 30 0 0
141 30 0 0
140 30 0 0
139 30 0 0
138 30 0 0
137 30 0 0
136 30 0 0
260 29 0 0
259 29 0 0
258 29 0 0
257 29 0 0
256 29 0 0
255 29 0 0
254 29 0 0
253 29 0 0
252 29 0 0
251 29 0 0
250 29 0 0
249 29 0 0
248 29 0 0
247 29 0 0
246 29 0 0
245 29 0 0
244 29 0 0
243 29 0 0
242 29 0 0
143 29 0 0
142 29 0 0
141 29 0 0
140 29 0 0
139 29 0 0
138 29 0 0
137 29 0 0
255 28 0 0
254 28 0 0
253 28 0 0
252 28 0 0
251 28 0 0
250 28 0 0
249 28 0 0
248 28 0 0
247 28 0 0
246 28 0 0
245 28 0 0
244 28 0 0
243 28 0 0
242 28 0 0
241 28 0 0
240 28 0 0
239 28 0 0
144 28 0 0
143 28 0 0
142 28 0 0
141 28 0 0
140 28 0 0
139 28 0 0
138 28 0 0
252 27 0 0
251 27 0 0
250 27 0 0
249 27 0 0
248 27 0 0
247 27 0 0
246 27 0 0
245 27 0 0
244 27 0 0
243 27 0 0
242 27 0 0
241 27 0 0
240 27 0 0
239 27 0 0
238 27 0 0
237 27 0 0
236 27 0 0
145 27 0 0
144 27 0 0
143 27 0 0
142 27 0 0
141 27 0 0
140 27 0 0
139 27 0 0
249 26 0 0
248 26 0 0
247 26 0 0
246 26 0 0
245 26 0 0
244 26 0 0
243 26 0 0
242 26 0 0
241 26 0 0
240 26 0 0
239 26 0 0
238 26 0 0
237 26 0 0
236 26 0 0
235 26 0 0
234 26 0 0
233 26 0 0
232 26 0 0
146 26 0 0
145 26 0 0
144 26 0 0
143 26 0 0
142 26 0 0
141 26 0 0
140 26 0 0
246 25 0 0
245 25 0 0
244 25 0 0
243 25 0 0
242 25 0 0
241 25 0 0
240 25 0 0
239 25 0 0
238 25 0 0
237 25 0 0
236 25 0 0
235 25 0 0
234 25 0 0
233 25 0 0
232 25 0 0
231 25 0 0
230 25 0 0
229 25 0 0
228 25 0 0
227 25 0 0
226 25 0 0
225 25 0 0
146 25 0 0
145 25 0 0
144 25 0 0
143 25 0 0
142 25 0 0
141 25 0 0
243 24 0 0
242 24 0 0
241 24 0 0
240 24 0 0
239 24 0 0
238 24 0 0
237 24 0 0
236 24 0 0
235 24 0 0
234 24 0 0
233 24 0 0
232 24 0 0
231 24 0 0
230 24 0 0
229 24 0 0
228 24 0 0
227 24 0 0
226 24 0 0
225 24 0 0
224 24 0 0
223 24 0 0
222 24 0 0
221 24 0 0
220 24 0 0
219 24 0 0
147 24 0 0
146 24 0 0
145 24 0 0
144 24 0 0
143 24 0 0
142 24 0 0
240 23 0 0
239 23 0 0
238 23 0 0
237 23 0 0
236 23 0 0
235 23 0 0
234 23 0 0
233 23 0 0
232 23 0 0
231 23 0 0
230 23 0 0
229 23 0 0
228 23 0 0
227 23 0 0
226 23 0 0
225 23 0 0
224 23 0 0
223 23 0 0
222 23 0 0
221 23 0 0
220 23 0 0
219 23 0 0
218 23 0 0
217 23 0 0
216 23 0 0
215 23 0 0
214 23 0 0
149 23 0 0
148 23 0 0
147 23 0 0
146 23 0 0
145 23 0 0
144 23 0 0
143 23 0 0
236 22 0 0
235 22 0 0
234 22 0 0
233 22 0 0
232 22 0 0
231 22 0 0
230 22 0 0
229 22 0 0
228 22 0 0
227 22 0 0
226 22 0 0
225 22 0 0
224 22 0 0
223 22 0 0
222 22 0 0
221 22 0 0
220 22 0 0
219 22 0 0
218 22 0 0
217 22 0 0
216 22 0 0
215 22 0 0
214 22 0 0
213 22 0 0
212 22 0 0
211 22 0 0
210 22 0 0
209 22 0 0
150 22 0 0
149 22 0 0
148 22 0 0
147 22 0 0
146 22 0 0
145 22 0 0
144 22 0 0
143 22 0 0
228 21 0 0
227 21 0 0
226 21 0 0
225 21 0 0
224 21 0 0
223 21 0 0
222 21 0 0
221 21 0 0
220 21 0 0
219 21 0 0
218 21 0 0
217 21 0 0
216 21 0 0
215 21 0 0
214 21 0 0
213 21 0 0
212 21 0 0
211 21 0 0
210 21 0 0
209 21 0 0
208 21 0 0
207 21 0 0
206 21 0 0
205 21 0 0
151 21 0 0
150 21 0 0
149 21 0 0
148 21 0 0
147 21 0 0
146 21 0 0
145 21 0 0
144 21 0 0
225 20 0 0
224 20 0 0
223 20 0 0
222 20 0 0
221 20 0 0
220 20 0 0
219 20 0 0
218 20 0 0
217 20 0 0
216 20 0 0
215 20 0 0
214 20 0 0
213 20 0 0
212 20 0 0
211 20 0 0
210 20 0 0
209 20 0 0
208 20 0 0
207 20 0 0
206 20 0 0
205 20 0 0
204 20 0 0
203 20 0 0
202 20 0 0
201 20 0 0
200 20 0 0
199 20 0 0
198 20 0 0
153 20 0 0
152 20 0 0
151 20 0 0
150 20 0 0
149 20 0 0
148 20 0 0
147 20 0 0
146 20 0 0
145 20 0 0
219 19 0 0
218 19 0 0
217 19 0 0
216 19 0 0
215 19 0 0
214 19 0 0
213 19 0 0
212 19 0 0
211 19 0 0
210 19 0 0
209 19 0 0
208 19 0 0
207 19 0 0
206 19 0 0
205 19 0 0
204 19 0 0
203 19 0 0
202 19 0 0
201 19 0 0
200 19 0 0
199 19 0 0
198 19 0 0
197 19 0 0
196 19 0 0
195 19 0 0
194 19 0 0
193 19 0 0
155 19 0 0
154 19 0 0
153 19 0 0
152 19 0 0
151 19 0 0
150 19 0 0
149 19 0 0
148 19 0 0
147 19 0 0
214 18 0 0
213 18 0 0
212 18 0 0
211 18 0 0
210 18 0 0
209 18 0 0
208 18 0 0
207 18 0 0
206 18 0 0
205 18 0 0
204 18 0 0
203 18 0 0
202 18 0 0
201 18 0 0
200 18 0 0
199 18 0 0
198 18 0 0
197 18 0 0
196 18 0 0
195 18 0 0
194 18 0 0
193 18 0 0
192 18 0 0
191 18 0 0
190 18 0 0
189 18 0 0
158 18 0 0
157 18 0 0
156 18 0 0
155 18 0 0
154 18 0 0
153 18 0 0
152 18 0 0
151 18 0 0
150 18 0 0
149 18 0 0
148 18 0 0
210 17 0 0
209 17 0 0
208 17 0 0
207 17 0 0
206 17 0 0
205 17 0 0
204 17 0 0
203 17 0 0
202 17 0 0
201 17 0 0
200 17 0 0
199 17 0 0
198 17 0 0
197 17 0 0
196 17 0 0
195 17 0 0
194 17 0 0
193 17 0 0
192 17 0 0
191 17 0 0
190 17 0 0
189 17 0 0
188 17 0 0
187 17 0 0
186 17 0 0
185 17 0 0
160 17 0 0
159 17 0 0
158 17 0 0
157 17 0 0
156 17 0 0
155 17 0 0
154 17 0 0
153 17 0 0
152 17 0 0
151 17 0 0
150 17 0 0
149 17 0 0
205 16 0 0
204 16 0 0
203 16 0 0
202 16 0 0
201 16 0 0
200 16 0 0
199 16 0 0
198 16 0 0
197 16 0 0
196 16 0 0
195 16 0 0
194 16 0 0
193 16 0 0
192 16 0 0
191 16 0 0
190 16 0 0
189 16 0 0
188 16 0 0
187 16 0 0
186 16 0 0
185 16 0 0
184 16 0 0
183 16 0 0
182 16 0 0
181 16 0 0
180 16 0 0
179 16 0 0
178 16 0 0
177 16 0 0
162 16 0 0
161 16 0 0
160 16 0 0
159 16 0 0
158 16 0 0
157 16 0 0
156 16 0 0
155 16 0 0
154 16 0 0
153 16 0 0
152 16 0 0
151 16 0 0
198 15 0 0
197 15 0 0
196 15 0 0
195 15 0 0
194 15 0 0
193 15 0 0
192 15 0 0
191 15 0 0
190 15 0 0
189 15 0 0
188 15 0 0
187 15 0 0
186 15 0 0
185 15 0 0
184 15 0 0
183 15 0 0
182 15 0 0
181 15 0 0
180 15 0 0
179 15 0 0
178 15 0 0
177 15 0 0
176 15 0 0
175 15 0 0
174 15 0 0
173 15 0 0
172 15 0 0
171 15 0 0
170 15 0 0
169 15 0 0
168 15 0 0
167 15 0 0
166 15 0 0
165 15 0 0
164 15 0 0
163 15 0 0
162 15 0 0
161 15 0 0
160 15 0 0
159 15 0 0
158 15 0 0
157 15 0 0
156 15 0 0
155 15 0 0
154 15 0 0
153 15 0 0
152 15 0 0
194 14 0 0
193 14 0 0
192 14 0 0
191 14 0 0
190 14 0 0
189 14 0 0
188 14 0 0
187 14 0 0
186 14 0 0
185 14 0 0
184 14 0 0
183 14 0 0
182 14 0 0
181 14 0 0
180 14 0 0
179 14 0 0
178 14 0 0
177 14 0 0
176 14 0 0
175 14 0 0
174 14 0 0
173 14 0 0
172 14 0 0
171 14 0 0
170 14 0 0
169 14 0 0
168 14 0 0
167 14 0 0
166 14 0 0
165 14 0 0
164 14 0 0
163 14 0 0
162 14 0 0
161 14 0 0
160 14 0 0
159 14 0 0
158 14 0 0
157 14 0 0
156 14 0 0
155 14 0 0
154 14 0 0
190 13 0 0
189 13 0 0
188 13 0 0
187 13 0 0
186 13 0 0
185 13 0 0
184 13 0 0
183 13 0 0
182 13 0 0
181 13 0 0
180 13 0 0
179 13 0 0
178 13 0 0
177 13 0 0
176 13 0 0
175 13 0 0
174 13 0 0
173 13 0 0
172 13 0 0
171 13 0 0
170 13 0 0
169 13 0 0
168 13 0 0
167 13 0 0
166 13 0 0
165 13 0 0
164 13 0 0
163 13 0 0
162 13 0 0
161 13 0 0
160 13 0 0
159 13 0 0
158 13 0 0
157 13 0 0
182 12 0 0
181 12 0 0
180 12 0 0
179 12 0 0
178 12 0 0
177 12 0 0
176 12 0 0
175 12 0 0
174 12 0 0
173 12 0 0
172 12 0 0
171 12 0 0
170 12 0 0
169 12 0 0
168 12 0 0
167 12 0 0
166 12 0 0
165 12 0 0
164 12 0 0
163 12 0 0
162 12 0 0
161 12 0 0
160 12 0 0
159 12 0 0
