6535 640 480
235 430 0 0
234 430 0 0
233 430 0 0
232 430 0 0
231 430 0 0
230 430 0 0
229 430 0 0
228 430 0 0
227 430 0 0
226 430 0 0
225 430 0 0
224 430 0 0
223 430 0 0
222 430 0 0
221 430 0 0
220 430 0 0
219 430 0 0
218 430 0 0
217 430 0 0
216 430 0 0
215 430 0 0
214 430 0 0
213 430 0 0
212 430 0 0
211 430 0 0
210 430 0 0
209 430 0 0
208 430 0 0
207 430 0 0
206 430 0 0
205 430 0 0
204 430 0 0
203 430 0 0
202 430 0 0
201 430 0 0
200 430 0 0
199 430 0 0
198 430 0 0
197 430 0 0
196 430 0 0
195 430 0 0
194 430 0 0
193 430 0 0
192 430 0 0
191 430 0 0
190 430 0 0
189 430 0 0
188 430 0 0
187 430 0 0
186 430 0 0
185 430 0 0
184 430 0 0
183 430 0 0
182 430 0 0
242 429 0 0
241 429 0 0
240 429 0 0
239 429 0 0
238 429 0 0
237 429 0 0
236 429 0 0
235 429 0 0
234 429 0 0
233 429 0 0
232 429 0 0
231 429 0 0
230 429 0 0
229 429 0 0
228 429 0 0
227 429 0 0
226 429 0 0
225 429 0 0
224 429 0 0
223 429 0 0
222 429 0 0
221 429 0 0
220 429 0 0
219 429 0 0
218 429 0 0
217 429 0 0
216 429 0 0
215 429 0 0
214 429 0 0
213 429 0 0
212 429 0 0
211 429 0 0
210 429 0 0
209 429 0 0
208 429 0 0
207 429 0 0
206 429 0 0
205 429 0 0
204 429 0 0
203 429 0 0
202 429 0 0
201 429 0 0
200 429 0 0
199 429 0 0
198 429 0 0
197 429 0 0
196 429 0 0
195 429 0 0
194 429 0 0
193 429 0 0
192 429 0 0
191 429 0 0
190 429 0 0
189 429 0 0
188 429 0 0
187 429 0 0
186 429 0 0
185 429 0 0
184 429 0 0
183 429 0 0
182 429 0 0
181 429 0 0
180 429 0 0
179 429 0 0
254 428 0 0
253 428 0 0
252 428 0 0
251 428 0 0
250 428 0 0
249 428 0 0
248 428 0 0
247 428 0 0
246 428 0 0
245 428 0 0
244 428 0 0
243 428 0 0
242 428 0 0
241 428 0 0
240 428 0 0
239 428 0 0
238 428 0 0
237 428 0 0
236 428 0 0
235 428 0 0
234 428 0 0
233 428 0 0
232 428 0 0
231 428 0 0
230 428 0 0
229 428 0 0
228 428 0 0
227 428 0 0
226 428 0 0
225 428 0 0
224 428 0 0
223 428 0 0
222 428 0 0
221 428 0 0
220 428 0 0
219 428 0 0
218 428 0 0
217 428 0 0
216 428 0 0
215 428 0 0
214 428 0 0
213 428 0 0
212 428 0 0
211 428 0 0
210 428 0 0
209 428 0 0
208 428 0 0
207 428 0 0
206 428 0 0
205 428 0 0
204 428 0 0
203 428 0 0
202 428 0 0
201 428 0 0
200 428 0 0
199 428 0 0
198 428 0 0
197 428 0 0
196 428 0 0
195 428 0 0
194 428 0 0
193 428 0 0
192 428 0 0
191 428 0 0
190 428 0 0
189 428 0 0
188 428 0 0
187 428 0 0
186 428 0 0
185 428 0 0
184 428 0 0
183 428 0 0
182 428 0 0
181 428 0 0
180 428 0 0
179 428 0 0
178 428 0 0
177 428 0 0
256 427 0 0
255 427 0 0
254 427 0 0
253 427 0 0
252 427 0 0
251 427 0 0
250 427 0 0
249 427 0 0
248 427 0 0
247 427 0 0
246 427 0 0
245 427 0 0
244 427 0 0
243 427 0 0
242 427 0 0
241 427 0 0
240 427 0 0
239 427 0 0
238 427 0 0
237 427 0 0
236 427 0 0
235 427 0 0
234 427 0 0
233 427 0 0
232 427 0 0
231 427 0 0
230 427 0 0
229 427 0 0
228 427 0 0
227 427 0 0
226 427 0 0
225 427 0 0
224 427 0 0
223 427 0 0
222 427 0 0
221 427 0 0
220 427 0 0
219 427 0 0
218 427 0 0
217 427 0 0
216 427 0 0
215 427 0 0
214 427 0 0
213 427 0 0
212 427 0 0
211 427 0 0
210 427 0 0
209 427 0 0
208 427 0 0
207 427 0 0
206 427 0 0
205 427 0 0
204 427 0 0
203 427 0 0
202 427 0 0
201 427 0 0
200 427 0 0
199 427 0 0
198 427 0 0
197 427 0 0
196 427 0 0
195 427 0 0
194 427 0 0
193 427 0 0
192 427 0 0
191 427 0 0
190 427 0 0
189 427 0 0
188 427 0 0
187 427 0 0
186 427 0 0
185 427 0 0
184 427 0 0
183 427 0 0
182 427 0 0
181 427 0 0
180 427 0 0
179 427 0 0
178 427 0 0
177 427 0 0
176 427 0 0
175 427 0 0
263 426 0 0
262 426 0 0
261 426 0 0
260 426 0 0
259 426 0 0
258 426 0 0
257 426 0 0
256 426 0 0
255 426 0 0
254 426 0 0
253 426 0 0
252 426 0 0
251 426 0 0
250 426 0 0
249 426 0 0
248 426 0 0
247 426 0 0
246 426 0 0
245 426 0 0
244 426 0 0
243 426 0 0
242 426 0 0
241 426 0 0
240 426 0 0
239 426 0 0
238 426 0 0
237 426 0 0
236 426 0 0
235 426 0 0
234 426 0 0
233 426 0 0
232 426 0 0
231 426 0 0
230 426 0 0
187 426 0 0
186 426 0 0
185 426 0 0
184 426 0 0
183 426 0 0
182 426 0 0
181 426 0 0
180 426 0 0
179 426 0 0
178 426 0 0
177 426 0 0
176 426 0 0
175 426 0 0
174 426 0 0
173 426 0 0
172 426 0 0
171 426 0 0
266 425 0 0
265 425 0 0
264 425 0 0
263 425 0 0
262 425 0 0
261 425 0 0
260 425 0 0
259 425 0 0
258 425 0 0
257 425 0 0
256 425 0 0
255 425 0 0
254 425 0 0
253 425 0 0
252 425 0 0
251 425 0 0
250 425 0 0
249 425 0 0
248 425 0 0
247 425 0 0
246 425 0 0
245 425 0 0
244 425 0 0
243 425 0 0
242 425 0 0
241 425 0 0
240 425 0 0
239 425 0 0
238 425 0 0
237 425 0 0
236 425 0 0
182 425 0 0
181 425 0 0
180 425 0 0
179 425 0 0
178 425 0 0
177 425 0 0
176 425 0 0
175 425 0 0
174 425 0 0
173 425 0 0
172 425 0 0
171 425 0 0
170 425 0 0
267 424 0 0
266 424 0 0
265 424 0 0
264 424 0 0
263 424 0 0
262 424 0 0
261 424 0 0
260 424 0 0
259 424 0 0
258 424 0 0
257 424 0 0
256 424 0 0
255 424 0 0
254 424 0 0
253 424 0 0
252 424 0 0
180 424 0 0
179 424 0 0
178 424 0 0
177 424 0 0
176 424 0 0
175 424 0 0
174 424 0 0
173 424 0 0
172 424 0 0
171 424 0 0
170 424 0 0
169 424 0 0
168 424 0 0
269 423 0 0
268 423 0 0
267 423 0 0
266 423 0 0
265 423 0 0
264 423 0 0
263 423 0 0
262 423 0 0
261 423 0 0
260 423 0 0
259 423 0 0
258 423 0 0
257 423 0 0
256 423 0 0
255 423 0 0
254 423 0 0
178 423 0 0
177 423 0 0
176 423 0 0
175 423 0 0
174 423 0 0
173 423 0 0
172 423 0 0
171 423 0 0
170 423 0 0
169 423 0 0
168 423 0 0
167 423 0 0
271 422 0 0
270 422 0 0
269 422 0 0
268 422 0 0
267 422 0 0
266 422 0 0
265 422 0 0
264 422 0 0
263 422 0 0
262 422 0 0
261 422 0 0
260 422 0 0
259 422 0 0
258 422 0 0
176 422 0 0
175 422 0 0
174 422 0 0
173 422 0 0
172 422 0 0
171 422 0 0
170 422 0 0
169 422 0 0
168 422 0 0
167 422 0 0
166 422 0 0
273 421 0 0
272 421 0 0
271 421 0 0
270 421 0 0
269 421 0 0
268 421 0 0
267 421 0 0
266 421 0 0
265 421 0 0
264 421 0 0
263 421 0 0
262 421 0 0
172 421 0 0
171 421 0 0
170 421 0 0
169 421 0 0
168 421 0 0
167 421 0 0
166 421 0 0
165 421 0 0
164 421 0 0
275 420 0 0
274 420 0 0
273 420 0 0
272 420 0 0
271 420 0 0
270 420 0 0
269 420 0 0
268 420 0 0
267 420 0 0
266 420 0 0
265 420 0 0
171 420 0 0
170 420 0 0
169 420 0 0
168 420 0 0
167 420 0 0
166 420 0 0
165 420 0 0
164 420 0 0
163 420 0 0
277 419 0 0
276 419 0 0
275 419 0 0
274 419 0 0
273 419 0 0
272 419 0 0
271 419 0 0
270 419 0 0
269 419 0 0
268 419 0 0
267 419 0 0
169 419 0 0
168 419 0 0
167 419 0 0
166 419 0 0
165 419 0 0
164 419 0 0
163 419 0 0
162 419 0 0
278 418 0 0
277 418 0 0
276 418 0 0
275 418 0 0
274 418 0 0
273 418 0 0
272 418 0 0
271 418 0 0
270 418 0 0
269 418 0 0
268 418 0 0
168 418 0 0
167 418 0 0
166 418 0 0
165 418 0 0
164 418 0 0
163 418 0 0
162 418 0 0
280 417 0 0
279 417 0 0
278 417 0 0
277 417 0 0
276 417 0 0
275 417 0 0
274 417 0 0
273 417 0 0
272 417 0 0
271 417 0 0
270 417 0 0
166 417 0 0
165 417 0 0
164 417 0 0
163 417 0 0
162 417 0 0
161 417 0 0
281 416 0 0
280 416 0 0
279 416 0 0
278 416 0 0
277 416 0 0
276 416 0 0
275 416 0 0
274 416 0 0
273 416 0 0
272 416 0 0
166 416 0 0
165 416 0 0
164 416 0 0
163 416 0 0
162 416 0 0
161 416 0 0
282 415 0 0
281 415 0 0
280 415 0 0
279 415 0 0
278 415 0 0
277 415 0 0
276 415 0 0
275 415 0 0
274 415 0 0
165 415 0 0
164 415 0 0
163 415 0 0
162 415 0 0
161 415 0 0
160 415 0 0
283 414 0 0
282 414 0 0
281 414 0 0
280 414 0 0
279 414 0 0
278 414 0 0
277 414 0 0
276 414 0 0
165 414 0 0
164 414 0 0
163 414 0 0
162 414 0 0
161 414 0 0
160 414 0 0
159 414 0 0
284 413 0 0
283 413 0 0
282 413 0 0
281 413 0 0
280 413 0 0
279 413 0 0
278 413 0 0
277 413 0 0
164 413 0 0
163 413 0 0
162 413 0 0
161 413 0 0
160 413 0 0
159 413 0 0
158 413 0 0
285 412 0 0
284 412 0 0
283 412 0 0
282 412 0 0
281 412 0 0
280 412 0 0
279 412 0 0
163 412 0 0
162 412 0 0
161 412 0 0
160 412 0 0
159 412 0 0
158 412 0 0
157 412 0 0
286 411 0 0
285 411 0 0
284 411 0 0
283 411 0 0
282 411 0 0
281 411 0 0
280 411 0 0
162 411 0 0
161 411 0 0
160 411 0 0
159 411 0 0
158 411 0 0
157 411 0 0
156 411 0 0
286 410 0 0
285 410 0 0
284 410 0 0
283 410 0 0
282 410 0 0
281 410 0 0
161 410 0 0
160 410 0 0
159 410 0 0
158 410 0 0
157 410 0 0
156 410 0 0
155 410 0 0
286 409 0 0
285 409 0 0
284 409 0 0
283 409 0 0
282 409 0 0
160 409 0 0
159 409 0 0
158 409 0 0
157 409 0 0
156 409 0 0
155 409 0 0
287 408 0 0
286 408 0 0
285 408 0 0
284 408 0 0
283 408 0 0
282 408 0 0
159 408 0 0
158 408 0 0
157 408 0 0
156 408 0 0
155 408 0 0
154 408 0 0
287 407 0 0
286 407 0 0
285 407 0 0
284 407 0 0
283 407 0 0
159 407 0 0
158 407 0 0
157 407 0 0
156 407 0 0
155 407 0 0
154 407 0 0
153 407 0 0
288 406 0 0
287 406 0 0
286 406 0 0
285 406 0 0
284 406 0 0
283 406 0 0
158 406 0 0
157 406 0 0
156 406 0 0
155 406 0 0
154 406 0 0
153 406 0 0
288 405 0 0
287 405 0 0
286 405 0 0
285 405 0 0
284 405 0 0
283 405 0 0
157 405 0 0
156 405 0 0
155 405 0 0
154 405 0 0
153 405 0 0
152 405 0 0
289 404 0 0
288 404 0 0
287 404 0 0
286 404 0 0
285 404 0 0
284 404 0 0
157 404 0 0
156 404 0 0
155 404 0 0
154 404 0 0
153 404 0 0
152 404 0 0
290 403 0 0
289 403 0 0
288 403 0 0
287 403 0 0
286 403 0 0
285 403 0 0
284 403 0 0
156 403 0 0
155 403 0 0
154 403 0 0
153 403 0 0
152 403 0 0
290 402 0 0
289 402 0 0
288 402 0 0
287 402 0 0
286 402 0 0
285 402 0 0
156 402 0 0
155 402 0 0
154 402 0 0
153 402 0 0
152 402 0 0
291 401 0 0
290 401 0 0
289 401 0 0
288 401 0 0
287 401 0 0
286 401 0 0
156 401 0 0
155 401 0 0
154 401 0 0
153 401 0 0
152 401 0 0
292 400 0 0
291 400 0 0
290 400 0 0
289 400 0 0
288 400 0 0
287 400 0 0
286 400 0 0
156 400 0 0
155 400 0 0
154 400 0 0
153 400 0 0
152 400 0 0
151 400 0 0
292 399 0 0
291 399 0 0
290 399 0 0
289 399 0 0
288 399 0 0
287 399 0 0
156 399 0 0
155 399 0 0
154 399 0 0
153 399 0 0
152 399 0 0
151 399 0 0
293 398 0 0
292 398 0 0
291 398 0 0
290 398 0 0
289 398 0 0
288 398 0 0
155 398 0 0
154 398 0 0
153 398 0 0
152 398 0 0
151 398 0 0
294 397 0 0
293 397 0 0
292 397 0 0
291 397 0 0
290 397 0 0
289 397 0 0
288 397 0 0
155 397 0 0
154 397 0 0
153 397 0 0
152 397 0 0
151 397 0 0
295 396 0 0
294 396 0 0
293 396 0 0
292 396 0 0
291 396 0 0
290 396 0 0
289 396 0 0
155 396 0 0
154 396 0 0
153 396 0 0
152 396 0 0
151 396 0 0
150 396 0 0
296 395 0 0
295 395 0 0
294 395 0 0
293 395 0 0
292 395 0 0
291 395 0 0
290 395 0 0
154 395 0 0
153 395 0 0
152 395 0 0
151 395 0 0
150 395 0 0
296 394 0 0
295 394 0 0
294 394 0 0
293 394 0 0
292 394 0 0
291 394 0 0
154 394 0 0
153 394 0 0
152 394 0 0
151 394 0 0
150 394 0 0
297 393 0 0
296 393 0 0
295 393 0 0
294 393 0 0
293 393 0 0
292 393 0 0
154 393 0 0
153 393 0 0
152 393 0 0
151 393 0 0
150 393 0 0
149 393 0 0
448 392 0 1
447 392 0 1
446 392 0 1
445 392 0 1
444 392 0 1
443 392 0 1
442 392 0 1
441 392 0 1
297 392 0 0
296 392 0 0
295 392 0 0
294 392 0 0
293 392 0 0
292 392 0 0
154 392 0 0
153 392 0 0
152 392 0 0
151 392 0 0
150 392 0 0
149 392 0 0
448 391 0 1
447 391 0 1
446 391 0 1
445 391 0 1
444 391 0 1
443 391 0 1
442 391 0 1
441 391 0 1
440 391 0 1
439 391 0 1
438 391 0 1
437 391 0 1
298 391 0 0
297 391 0 0
296 391 0 0
295 391 0 0
294 391 0 0
293 391 0 0
153 391 0 0
152 391 0 0
151 391 0 0
150 391 0 0
149 391 0 0
448 390 0 1
447 390 0 1
446 390 0 1
445 390 0 1
444 390 0 1
443 390 0 1
442 390 0 1
441 390 0 1
440 390 0 1
439 390 0 1
438 390 0 1
437 390 0 1
436 390 0 1
435 390 0 1
298 390 0 0
297 390 0 0
296 390 0 0
295 390 0 0
294 390 0 0
293 390 0 0
153 390 0 0
152 390 0 0
151 390 0 0
150 390 0 0
149 390 0 0
148 390 0 0
448 389 0 1
447 389 0 1
446 389 0 1
445 389 0 1
444 389 0 1
443 389 0 1
442 389 0 1
441 389 0 1
440 389 0 1
439 389 0 1
438 389 0 1
437 389 0 1
436 389 0 1
435 389 0 1
434 389 0 1
298 389 0 0
297 389 0 0
296 389 0 0
295 389 0 0
294 389 0 0
153 389 0 0
152 389 0 0
151 389 0 0
150 389 0 0
149 389 0 0
148 389 0 0
445 388 0 1
444 388 0 1
443 388 0 1
442 388 0 1
441 388 0 1
440 388 0 1
439 388 0 1
438 388 0 1
437 388 0 1
436 388 0 1
435 388 0 1
434 388 0 1
433 388 0 1
432 388 0 1
299 388 0 0
298 388 0 0
297 388 0 0
296 388 0 0
295 388 0 0
294 388 0 0
152 388 0 0
151 388 0 0
150 388 0 0
149 388 0 0
148 388 0 0
441 387 0 1
440 387 0 1
439 387 0 1
438 387 0 1
437 387 0 1
436 387 0 1
435 387 0 1
434 387 0 1
433 387 0 1
432 387 0 1
431 387 0 1
430 387 0 1
299 387 0 0
298 387 0 0
297 387 0 0
296 387 0 0
295 387 0 0
152 387 0 0
151 387 0 0
150 387 0 0
149 387 0 0
148 387 0 0
147 387 0 0
438 386 0 1
437 386 0 1
436 386 0 1
435 386 0 1
434 386 0 1
433 386 0 1
432 386 0 1
431 386 0 1
430 386 0 1
429 386 0 1
300 386 0 0
299 386 0 0
298 386 0 0
297 386 0 0
296 386 0 0
295 386 0 0
152 386 0 0
151 386 0 0
150 386 0 0
149 386 0 0
148 386 0 0
147 386 0 0
436 385 0 1
435 385 0 1
434 385 0 1
433 385 0 1
432 385 0 1
431 385 0 1
430 385 0 1
429 385 0 1
428 385 0 1
427 385 0 1
301 385 0 0
300 385 0 0
299 385 0 0
298 385 0 0
297 385 0 0
296 385 0 0
295 385 0 0
151 385 0 0
150 385 0 0
149 385 0 0
148 385 0 0
147 385 0 0
434 384 0 1
433 384 0 1
432 384 0 1
431 384 0 1
430 384 0 1
429 384 0 1
428 384 0 1
427 384 0 1
426 384 0 1
301 384 0 0
300 384 0 0
299 384 0 0
298 384 0 0
297 384 0 0
296 384 0 0
151 384 0 0
150 384 0 0
149 384 0 0
148 384 0 0
147 384 0 0
433 383 0 1
432 383 0 1
431 383 0 1
430 383 0 1
429 383 0 1
428 383 0 1
427 383 0 1
426 383 0 1
425 383 0 1
424 383 0 1
302 383 0 0
301 383 0 0
300 383 0 0
299 383 0 0
298 383 0 0
297 383 0 0
151 383 0 0
150 383 0 0
149 383 0 0
148 383 0 0
147 383 0 0
431 382 0 1
430 382 0 1
429 382 0 1
428 382 0 1
427 382 0 1
426 382 0 1
425 382 0 1
424 382 0 1
423 382 0 1
303 382 0 0
302 382 0 0
301 382 0 0
300 382 0 0
299 382 0 0
298 382 0 0
297 382 0 0
150 382 0 0
149 382 0 0
148 382 0 0
147 382 0 0
429 381 0 1
428 381 0 1
427 381 0 1
426 381 0 1
425 381 0 1
424 381 0 1
423 381 0 1
422 381 0 1
421 381 0 1
304 381 0 0
303 381 0 0
302 381 0 0
301 381 0 0
300 381 0 0
299 381 0 0
298 381 0 0
150 381 0 0
149 381 0 0
148 381 0 0
147 381 0 0
428 380 0 1
427 380 0 1
426 380 0 1
425 380 0 1
424 380 0 1
423 380 0 1
422 380 0 1
421 380 0 1
420 380 0 1
304 380 0 0
303 380 0 0
302 380 0 0
301 380 0 0
300 380 0 0
299 380 0 0
150 380 0 0
149 380 0 0
148 380 0 0
147 380 0 0
426 379 0 1
425 379 0 1
424 379 0 1
423 379 0 1
422 379 0 1
421 379 0 1
420 379 0 1
419 379 0 1
418 379 0 1
305 379 0 0
304 379 0 0
303 379 0 0
302 379 0 0
301 379 0 0
300 379 0 0
150 379 0 0
149 379 0 0
148 379 0 0
147 379 0 0
425 378 0 1
424 378 0 1
423 378 0 1
422 378 0 1
421 378 0 1
420 378 0 1
419 378 0 1
418 378 0 1
417 378 0 1
306 378 0 0
305 378 0 0
304 378 0 0
303 378 0 0
302 378 0 0
301 378 0 0
300 378 0 0
150 378 0 0
149 378 0 0
148 378 0 0
147 378 0 0
423 377 0 1
422 377 0 1
421 377 0 1
420 377 0 1
419 377 0 1
418 377 0 1
417 377 0 1
416 377 0 1
306 377 0 0
305 377 0 0
304 377 0 0
303 377 0 0
302 377 0 0
301 377 0 0
150 377 0 0
149 377 0 0
148 377 0 0
147 377 0 0
422 376 0 1
421 376 0 1
420 376 0 1
419 376 0 1
418 376 0 1
417 376 0 1
416 376 0 1
415 376 0 1
306 376 0 0
305 376 0 0
304 376 0 0
303 376 0 0
302 376 0 0
150 376 0 0
149 376 0 0
148 376 0 0
147 376 0 0
421 375 0 1
420 375 0 1
419 375 0 1
418 375 0 1
417 375 0 1
416 375 0 1
415 375 0 1
414 375 0 1
413 375 0 1
307 375 0 0
306 375 0 0
305 375 0 0
304 375 0 0
303 375 0 0
302 375 0 0
150 375 0 0
149 375 0 0
148 375 0 0
147 375 0 0
420 374 0 1
419 374 0 1
418 374 0 1
417 374 0 1
416 374 0 1
415 374 0 1
414 374 0 1
413 374 0 1
412 374 0 1
308 374 0 0
307 374 0 0
306 374 0 0
305 374 0 0
304 374 0 0
303 374 0 0
302 374 0 0
150 374 0 0
149 374 0 0
148 374 0 0
147 374 0 0
418 373 0 1
417 373 0 1
416 373 0 1
415 373 0 1
414 373 0 1
413 373 0 1
412 373 0 1
411 373 0 1
308 373 0 0
307 373 0 0
306 373 0 0
305 373 0 0
304 373 0 0
303 373 0 0
150 373 0 0
149 373 0 0
148 373 0 0
147 373 0 0
417 372 0 1
416 372 0 1
415 372 0 1
414 372 0 1
413 372 0 1
412 372 0 1
411 372 0 1
410 372 0 1
308 372 0 0
307 372 0 0
306 372 0 0
305 372 0 0
304 372 0 0
303 372 0 0
150 372 0 0
149 372 0 0
148 372 0 0
147 372 0 0
416 371 0 1
415 371 0 1
414 371 0 1
413 371 0 1
412 371 0 1
411 371 0 1
410 371 0 1
409 371 0 1
408 371 0 1
308 371 0 0
307 371 0 0
306 371 0 0
305 371 0 0
304 371 0 0
150 371 0 0
149 371 0 0
148 371 0 0
147 371 0 0
415 370 0 1
414 370 0 1
413 370 0 1
412 370 0 1
411 370 0 1
410 370 0 1
409 370 0 1
408 370 0 1
407 370 0 1
150 370 0 0
149 370 0 0
148 370 0 0
147 370 0 0
413 369 0 1
412 369 0 1
411 369 0 1
410 369 0 1
409 369 0 1
408 369 0 1
407 369 0 1
406 369 0 1
150 369 0 0
149 369 0 0
148 369 0 0
147 369 0 0
412 368 0 1
411 368 0 1
410 368 0 1
409 368 0 1
408 368 0 1
407 368 0 1
406 368 0 1
405 368 0 1
150 368 0 0
149 368 0 0
148 368 0 0
147 368 0 0
411 367 0 1
410 367 0 1
409 367 0 1
408 367 0 1
407 367 0 1
406 367 0 1
405 367 0 1
404 367 0 1
403 367 0 1
150 367 0 0
149 367 0 0
148 367 0 0
147 367 0 0
410 366 0 1
409 366 0 1
408 366 0 1
407 366 0 1
406 366 0 1
405 366 0 1
404 366 0 1
403 366 0 1
402 366 0 1
150 366 0 0
149 366 0 0
148 366 0 0
147 366 0 0
408 365 0 1
407 365 0 1
406 365 0 1
405 365 0 1
404 365 0 1
403 365 0 1
402 365 0 1
401 365 0 1
150 365 0 0
149 365 0 0
148 365 0 0
147 365 0 0
407 364 0 1
406 364 0 1
405 364 0 1
404 364 0 1
403 364 0 1
402 364 0 1
401 364 0 1
400 364 0 1
150 364 0 0
149 364 0 0
148 364 0 0
147 364 0 0
406 363 0 1
405 363 0 1
404 363 0 1
403 363 0 1
402 363 0 1
401 363 0 1
400 363 0 1
399 363 0 1
398 363 0 1
150 363 0 0
149 363 0 0
148 363 0 0
147 363 0 0
405 362 0 1
404 362 0 1
403 362 0 1
402 362 0 1
401 362 0 1
400 362 0 1
399 362 0 1
398 362 0 1
397 362 0 1
150 362 0 0
149 362 0 0
148 362 0 0
147 362 0 0
403 361 0 1
402 361 0 1
401 361 0 1
400 361 0 1
399 361 0 1
398 361 0 1
397 361 0 1
396 361 0 1
150 361 0 0
149 361 0 0
148 361 0 0
147 361 0 0
402 360 0 1
401 360 0 1
400 360 0 1
399 360 0 1
398 360 0 1
397 360 0 1
396 360 0 1
395 360 0 1
150 360 0 0
149 360 0 0
148 360 0 0
147 360 0 0
401 359 0 1
400 359 0 1
399 359 0 1
398 359 0 1
397 359 0 1
396 359 0 1
395 359 0 1
394 359 0 1
150 359 0 0
149 359 0 0
148 359 0 0
147 359 0 0
400 358 0 1
399 358 0 1
398 358 0 1
397 358 0 1
396 358 0 1
395 358 0 1
394 358 0 1
393 358 0 1
392 358 0 1
150 358 0 0
149 358 0 0
148 358 0 0
147 358 0 0
398 357 0 1
397 357 0 1
396 357 0 1
395 357 0 1
394 357 0 1
393 357 0 1
392 357 0 1
391 357 0 1
150 357 0 0
149 357 0 0
148 357 0 0
147 357 0 0
397 356 0 1
396 356 0 1
395 356 0 1
394 356 0 1
393 356 0 1
392 356 0 1
391 356 0 1
390 356 0 1
150 356 0 0
149 356 0 0
148 356 0 0
147 356 0 0
396 355 0 1
395 355 0 1
394 355 0 1
393 355 0 1
392 355 0 1
391 355 0 1
390 355 0 1
389 355 0 1
150 355 0 0
149 355 0 0
148 355 0 0
147 355 0 0
395 354 0 1
394 354 0 1
393 354 0 1
392 354 0 1
391 354 0 1
390 354 0 1
389 354 0 1
388 354 0 1
387 354 0 1
150 354 0 0
149 354 0 0
148 354 0 0
147 354 0 0
393 353 0 1
392 353 0 1
391 353 0 1
390 353 0 1
389 353 0 1
388 353 0 1
387 353 0 1
386 353 0 1
150 353 0 0
149 353 0 0
148 353 0 0
147 353 0 0
392 352 0 1
391 352 0 1
390 352 0 1
389 352 0 1
388 352 0 1
387 352 0 1
386 352 0 1
385 352 0 1
150 352 0 0
149 352 0 0
148 352 0 0
147 352 0 0
391 351 0 1
390 351 0 1
389 351 0 1
388 351 0 1
387 351 0 1
386 351 0 1
385 351 0 1
384 351 0 1
383 351 0 1
150 351 0 0
149 351 0 0
148 351 0 0
147 351 0 0
390 350 0 1
389 350 0 1
388 350 0 1
387 350 0 1
386 350 0 1
385 350 0 1
384 350 0 1
383 350 0 1
382 350 0 1
381 350 0 1
151 350 0 0
150 350 0 0
149 350 0 0
148 350 0 0
147 350 0 0
389 349 0 1
388 349 0 1
387 349 0 1
386 349 0 1
385 349 0 1
384 349 0 1
383 349 0 1
382 349 0 1
381 349 0 1
380 349 0 1
151 349 0 0
150 349 0 0
149 349 0 0
148 349 0 0
147 349 0 0
387 348 0 1
386 348 0 1
385 348 0 1
384 348 0 1
383 348 0 1
382 348 0 1
381 348 0 1
380 348 0 1
379 348 0 1
378 348 0 1
151 348 0 0
150 348 0 0
149 348 0 0
148 348 0 0
147 348 0 0
386 347 0 1
385 347 0 1
384 347 0 1
383 347 0 1
382 347 0 1
381 347 0 1
380 347 0 1
379 347 0 1
378 347 0 1
377 347 0 1
376 347 0 1
151 347 0 0
150 347 0 0
149 347 0 0
148 347 0 0
147 347 0 0
384 346 0 1
383 346 0 1
382 346 0 1
381 346 0 1
380 346 0 1
379 346 0 1
378 346 0 1
377 346 0 1
376 346 0 1
375 346 0 1
374 346 0 1
152 346 0 0
151 346 0 0
150 346 0 0
149 346 0 0
148 346 0 0
147 346 0 0
382 345 0 1
381 345 0 1
380 345 0 1
379 345 0 1
378 345 0 1
377 345 0 1
376 345 0 1
375 345 0 1
374 345 0 1
373 345 0 1
152 345 0 0
151 345 0 0
150 345 0 0
149 345 0 0
148 345 0 0
380 344 0 1
379 344 0 1
378 344 0 1
377 344 0 1
376 344 0 1
375 344 0 1
374 344 0 1
373 344 0 1
372 344 0 1
371 344 0 1
152 344 0 0
151 344 0 0
150 344 0 0
149 344 0 0
148 344 0 0
379 343 0 1
378 343 0 1
377 343 0 1
376 343 0 1
375 343 0 1
374 343 0 1
373 343 0 1
372 343 0 1
371 343 0 1
370 343 0 1
153 343 0 0
152 343 0 0
151 343 0 0
150 343 0 0
149 343 0 0
148 343 0 0
377 342 0 1
376 342 0 1
375 342 0 1
374 342 0 1
373 342 0 1
372 342 0 1
371 342 0 1
370 342 0 1
369 342 0 1
153 342 0 0
152 342 0 0
151 342 0 0
150 342 0 0
149 342 0 0
375 341 0 1
374 341 0 1
373 341 0 1
372 341 0 1
371 341 0 1
370 341 0 1
369 341 0 1
368 341 0 1
367 341 0 1
153 341 0 0
152 341 0 0
151 341 0 0
150 341 0 0
149 341 0 0
374 340 0 1
373 340 0 1
372 340 0 1
371 340 0 1
370 340 0 1
369 340 0 1
368 340 0 1
367 340 0 1
366 340 0 1
153 340 0 0
152 340 0 0
151 340 0 0
150 340 0 0
149 340 0 0
372 339 0 1
371 339 0 1
370 339 0 1
369 339 0 1
368 339 0 1
367 339 0 1
366 339 0 1
365 339 0 1
364 339 0 1
154 339 0 0
153 339 0 0
152 339 0 0
151 339 0 0
150 339 0 0
149 339 0 0
371 338 0 1
370 338 0 1
369 338 0 1
368 338 0 1
367 338 0 1
366 338 0 1
365 338 0 1
364 338 0 1
363 338 0 1
362 338 0 1
154 338 0 0
153 338 0 0
152 338 0 0
151 338 0 0
150 338 0 0
370 337 0 1
369 337 0 1
368 337 0 1
367 337 0 1
366 337 0 1
365 337 0 1
364 337 0 1
363 337 0 1
362 337 0 1
361 337 0 1
360 337 0 1
154 337 0 0
153 337 0 0
152 337 0 0
151 337 0 0
150 337 0 0
368 336 0 1
367 336 0 1
366 336 0 1
365 336 0 1
364 336 0 1
363 336 0 1
362 336 0 1
361 336 0 1
360 336 0 1
359 336 0 1
358 336 0 1
154 336 0 0
153 336 0 0
152 336 0 0
151 336 0 0
150 336 0 0
367 335 0 1
366 335 0 1
365 335 0 1
364 335 0 1
363 335 0 1
362 335 0 1
361 335 0 1
360 335 0 1
359 335 0 1
358 335 0 1
357 335 0 1
356 335 0 1
154 335 0 0
153 335 0 0
152 335 0 0
151 335 0 0
150 335 0 0
365 334 0 1
364 334 0 1
363 334 0 1
362 334 0 1
361 334 0 1
360 334 0 1
359 334 0 1
358 334 0 1
357 334 0 1
356 334 0 1
355 334 0 1
354 334 0 1
353 334 0 1
154 334 0 0
153 334 0 0
152 334 0 0
151 334 0 0
150 334 0 0
363 333 0 1
362 333 0 1
361 333 0 1
360 333 0 1
359 333 0 1
358 333 0 1
357 333 0 1
356 333 0 1
355 333 0 1
354 333 0 1
353 333 0 1
352 333 0 1
154 333 0 0
153 333 0 0
152 333 0 0
151 333 0 0
150 333 0 0
361 332 0 1
360 332 0 1
359 332 0 1
358 332 0 1
357 332 0 1
356 332 0 1
355 332 0 1
354 332 0 1
353 332 0 1
352 332 0 1
351 332 0 1
350 332 0 1
155 332 0 0
154 332 0 0
153 332 0 0
152 332 0 0
151 332 0 0
150 332 0 0
358 331 0 1
357 331 0 1
356 331 0 1
355 331 0 1
354 331 0 1
353 331 0 1
352 331 0 1
351 331 0 1
350 331 0 1
349 331 0 1
155 331 0 0
154 331 0 0
153 331 0 0
152 331 0 0
151 331 0 0
356 330 0 1
355 330 0 1
354 330 0 1
353 330 0 1
352 330 0 1
351 330 0 1
350 330 0 1
349 330 0 1
348 330 0 1
347 330 0 1
155 330 0 0
154 330 0 0
153 330 0 0
152 330 0 0
151 330 0 0
354 329 0 1
353 329 0 1
352 329 0 1
351 329 0 1
350 329 0 1
349 329 0 1
348 329 0 1
347 329 0 1
346 329 0 1
155 329 0 0
154 329 0 0
153 329 0 0
152 329 0 0
151 329 0 0
353 328 0 1
352 328 0 1
351 328 0 1
350 328 0 1
349 328 0 1
348 328 0 1
347 328 0 1
346 328 0 1
345 328 0 1
156 328 0 0
155 328 0 0
154 328 0 0
153 328 0 0
152 328 0 0
151 328 0 0
351 327 0 1
350 327 0 1
349 327 0 1
348 327 0 1
347 327 0 1
346 327 0 1
345 327 0 1
344 327 0 1
156 327 0 0
155 327 0 0
154 327 0 0
153 327 0 0
152 327 0 0
350 326 0 1
349 326 0 1
348 326 0 1
347 326 0 1
346 326 0 1
345 326 0 1
344 326 0 1
343 326 0 1
156 326 0 0
155 326 0 0
154 326 0 0
153 326 0 0
152 326 0 0
348 325 0 1
347 325 0 1
346 325 0 1
345 325 0 1
344 325 0 1
343 325 0 1
342 325 0 1
157 325 0 0
156 325 0 0
155 325 0 0
154 325 0 0
153 325 0 0
152 325 0 0
347 324 0 1
346 324 0 1
345 324 0 1
344 324 0 1
343 324 0 1
342 324 0 1
341 324 0 1
157 324 0 0
156 324 0 0
155 324 0 0
154 324 0 0
153 324 0 0
347 323 0 1
346 323 0 1
345 323 0 1
344 323 0 1
343 323 0 1
342 323 0 1
341 323 0 1
157 323 0 0
156 323 0 0
155 323 0 0
154 323 0 0
153 323 0 0
346 322 0 1
345 322 0 1
344 322 0 1
343 322 0 1
342 322 0 1
341 322 0 1
340 322 0 1
158 322 0 0
157 322 0 0
156 322 0 0
155 322 0 0
154 322 0 0
153 322 0 0
345 321 0 1
344 321 0 1
343 321 0 1
342 321 0 1
341 321 0 1
340 321 0 1
339 321 0 1
158 321 0 0
157 321 0 0
156 321 0 0
155 321 0 0
154 321 0 0
153 321 0 0
344 320 0 1
343 320 0 1
342 320 0 1
341 320 0 1
340 320 0 1
339 320 0 1
338 320 0 1
158 320 0 0
157 320 0 0
156 320 0 0
155 320 0 0
154 320 0 0
343 319 0 1
342 319 0 1
341 319 0 1
340 319 0 1
339 319 0 1
338 319 0 1
337 319 0 1
158 319 0 0
157 319 0 0
156 319 0 0
155 319 0 0
154 319 0 0
342 318 0 1
341 318 0 1
340 318 0 1
339 318 0 1
338 318 0 1
337 318 0 1
336 318 0 1
158 318 0 0
157 318 0 0
156 318 0 0
155 318 0 0
154 318 0 0
341 317 0 1
340 317 0 1
339 317 0 1
338 317 0 1
337 317 0 1
336 317 0 1
335 317 0 1
159 317 0 0
158 317 0 0
157 317 0 0
156 317 0 0
155 317 0 0
154 317 0 0
340 316 0 1
339 316 0 1
338 316 0 1
337 316 0 1
336 316 0 1
335 316 0 1
334 316 0 1
159 316 0 0
158 316 0 0
157 316 0 0
156 316 0 0
155 316 0 0
339 315 0 1
338 315 0 1
337 315 0 1
336 315 0 1
335 315 0 1
334 315 0 1
333 315 0 1
159 315 0 0
158 315 0 0
157 315 0 0
156 315 0 0
155 315 0 0
338 314 0 1
337 314 0 1
336 314 0 1
335 314 0 1
334 314 0 1
333 314 0 1
332 314 0 1
159 314 0 0
158 314 0 0
157 314 0 0
156 314 0 0
155 314 0 0
337 313 0 1
336 313 0 1
335 313 0 1
334 313 0 1
333 313 0 1
332 313 0 1
159 313 0 0
158 313 0 0
157 313 0 0
156 313 0 0
155 313 0 0
337 312 0 1
336 312 0 1
335 312 0 1
334 312 0 1
333 312 0 1
332 312 0 1
331 312 0 1
160 312 0 0
159 312 0 0
158 312 0 0
157 312 0 0
156 312 0 0
155 312 0 0
336 311 0 1
335 311 0 1
334 311 0 1
333 311 0 1
332 311 0 1
331 311 0 1
330 311 0 1
160 311 0 0
159 311 0 0
158 311 0 0
157 311 0 0
156 311 0 0
335 310 0 1
334 310 0 1
333 310 0 1
332 310 0 1
331 310 0 1
330 310 0 1
329 310 0 1
160 310 0 0
159 310 0 0
158 310 0 0
157 310 0 0
156 310 0 0
334 309 0 1
333 309 0 1
332 309 0 1
331 309 0 1
330 309 0 1
329 309 0 1
160 309 0 0
159 309 0 0
158 309 0 0
157 309 0 0
156 309 0 0
333 308 0 1
332 308 0 1
331 308 0 1
330 308 0 1
329 308 0 1
328 308 0 1
160 308 0 0
159 308 0 0
158 308 0 0
157 308 0 0
156 308 0 0
333 307 0 1
332 307 0 1
331 307 0 1
330 307 0 1
329 307 0 1
328 307 0 1
327 307 0 1
161 307 0 0
160 307 0 0
159 307 0 0
158 307 0 0
157 307 0 0
156 307 0 0
332 306 0 1
331 306 0 1
330 306 0 1
329 306 0 1
328 306 0 1
327 306 0 1
161 306 0 0
160 306 0 0
159 306 0 0
158 306 0 0
157 306 0 0
331 305 0 1
330 305 0 1
329 305 0 1
328 305 0 1
327 305 0 1
161 305 0 0
160 305 0 0
159 305 0 0
158 305 0 0
157 305 0 0
331 304 0 1
330 304 0 1
329 304 0 1
328 304 0 1
327 304 0 1
326 304 0 1
162 304 0 0
161 304 0 0
160 304 0 0
159 304 0 0
158 304 0 0
157 304 0 0
330 303 0 1
329 303 0 1
328 303 0 1
327 303 0 1
326 303 0 1
162 303 0 0
161 303 0 0
160 303 0 0
159 303 0 0
158 303 0 0
157 303 0 0
330 302 0 1
329 302 0 1
328 302 0 1
327 302 0 1
326 302 0 1
162 302 0 0
161 302 0 0
160 302 0 0
159 302 0 0
158 302 0 0
330 301 0 1
329 301 0 1
328 301 0 1
327 301 0 1
326 301 0 1
162 301 0 0
161 301 0 0
160 301 0 0
159 301 0 0
158 301 0 0
329 300 0 1
328 300 0 1
327 300 0 1
326 300 0 1
329 299 0 1
328 299 0 1
327 299 0 1
326 299 0 1
329 298 0 1
328 298 0 1
327 298 0 1
326 298 0 1
325 298 0 1
329 297 0 1
328 297 0 1
327 297 0 1
326 297 0 1
325 297 0 1
329 296 0 1
328 296 0 1
327 296 0 1
326 296 0 1
325 296 0 1
329 295 0 1
328 295 0 1
327 295 0 1
326 295 0 1
325 295 0 1
329 294 0 1
328 294 0 1
327 294 0 1
326 294 0 1
325 294 0 1
329 293 0 1
328 293 0 1
327 293 0 1
326 293 0 1
325 293 0 1
324 293 0 1
328 292 0 1
327 292 0 1
326 292 0 1
325 292 0 1
324 292 0 1
328 291 0 1
327 291 0 1
326 291 0 1
325 291 0 1
324 291 0 1
328 290 0 1
327 290 0 1
326 290 0 1
325 290 0 1
324 290 0 1
328 289 0 1
327 289 0 1
326 289 0 1
325 289 0 1
324 289 0 1
328 288 0 1
327 288 0 1
326 288 0 1
325 288 0 1
324 288 0 1
323 288 0 1
327 287 0 1
326 287 0 1
325 287 0 1
324 287 0 1
323 287 0 1
327 286 0 1
326 286 0 1
325 286 0 1
324 286 0 1
323 286 0 1
327 285 0 1
326 285 0 1
325 285 0 1
324 285 0 1
323 285 0 1
327 284 0 1
326 284 0 1
325 284 0 1
324 284 0 1
323 284 0 1
327 283 0 1
326 283 0 1
325 283 0 1
324 283 0 1
323 283 0 1
322 283 0 1
326 282 0 1
325 282 0 1
324 282 0 1
323 282 0 1
322 282 0 1
326 281 0 1
325 281 0 1
324 281 0 1
323 281 0 1
322 281 0 1
326 280 0 1
325 280 0 1
324 280 0 1
323 280 0 1
322 280 0 1
326 279 0 1
325 279 0 1
324 279 0 1
323 279 0 1
322 279 0 1
321 279 0 1
326 278 0 1
325 278 0 1
324 278 0 1
323 278 0 1
322 278 0 1
321 278 0 1
325 277 0 1
324 277 0 1
323 277 0 1
322 277 0 1
321 277 0 1
325 276 0 1
324 276 0 1
323 276 0 1
322 276 0 1
321 276 0 1
325 275 0 1
324 275 0 1
323 275 0 1
322 275 0 1
321 275 0 1
582 274 0 0
581 274 0 0
580 274 0 0
579 274 0 0
325 274 0 1
324 274 0 1
323 274 0 1
322 274 0 1
321 274 0 1
320 274 0 1
582 273 0 0
581 273 0 0
580 273 0 0
579 273 0 0
578 273 0 0
325 273 0 1
324 273 0 1
323 273 0 1
322 273 0 1
321 273 0 1
320 273 0 1
582 272 0 0
581 272 0 0
580 272 0 0
579 272 0 0
578 272 0 0
324 272 0 1
323 272 0 1
322 272 0 1
321 272 0 1
320 272 0 1
582 271 0 0
581 271 0 0
580 271 0 0
579 271 0 0
578 271 0 0
577 271 0 0
324 271 0 1
323 271 0 1
322 271 0 1
321 271 0 1
320 271 0 1
582 270 0 0
581 270 0 0
580 270 0 0
579 270 0 0
578 270 0 0
577 270 0 0
324 270 0 1
323 270 0 1
322 270 0 1
321 270 0 1
320 270 0 1
581 269 0 0
580 269 0 0
579 269 0 0
578 269 0 0
577 269 0 0
576 269 0 0
324 269 0 1
323 269 0 1
322 269 0 1
321 269 0 1
320 269 0 1
581 268 0 0
580 268 0 0
579 268 0 0
578 268 0 0
577 268 0 0
576 268 0 0
324 268 0 1
323 268 0 1
322 268 0 1
321 268 0 1
320 268 0 1
319 268 0 1
580 267 0 0
579 267 0 0
578 267 0 0
577 267 0 0
576 267 0 0
575 267 0 0
323 267 0 1
322 267 0 1
321 267 0 1
320 267 0 1
319 267 0 1
580 266 0 0
579 266 0 0
578 266 0 0
577 266 0 0
576 266 0 0
575 266 0 0
323 266 0 1
322 266 0 1
321 266 0 1
320 266 0 1
319 266 0 1
579 265 0 0
578 265 0 0
577 265 0 0
576 265 0 0
575 265 0 0
323 265 0 1
322 265 0 1
321 265 0 1
320 265 0 1
319 265 0 1
579 264 0 0
578 264 0 0
577 264 0 0
576 264 0 0
575 264 0 0
323 264 0 1
322 264 0 1
321 264 0 1
320 264 0 1
319 264 0 1
578 263 0 0
577 263 0 0
576 263 0 0
575 263 0 0
574 263 0 0
323 263 0 1
322 263 0 1
321 263 0 1
320 263 0 1
319 263 0 1
318 263 0 1
578 262 0 0
577 262 0 0
576 262 0 0
575 262 0 0
574 262 0 0
573 262 0 0
322 262 0 1
321 262 0 1
320 262 0 1
319 262 0 1
318 262 0 1
578 261 0 0
577 261 0 0
576 261 0 0
575 261 0 0
574 261 0 0
573 261 0 0
322 261 0 1
321 261 0 1
320 261 0 1
319 261 0 1
318 261 0 1
577 260 0 0
576 260 0 0
575 260 0 0
574 260 0 0
573 260 0 0
322 260 0 1
321 260 0 1
320 260 0 1
319 260 0 1
318 260 0 1
577 259 0 0
576 259 0 0
575 259 0 0
574 259 0 0
573 259 0 0
322 259 0 1
321 259 0 1
320 259 0 1
319 259 0 1
318 259 0 1
577 258 0 0
576 258 0 0
575 258 0 0
574 258 0 0
573 258 0 0
572 258 0 0
322 258 0 1
321 258 0 1
320 258 0 1
319 258 0 1
318 258 0 1
317 258 0 1
577 257 0 0
576 257 0 0
575 257 0 0
574 257 0 0
573 257 0 0
572 257 0 0
321 257 0 1
320 257 0 1
319 257 0 1
318 257 0 1
317 257 0 1
576 256 0 0
575 256 0 0
574 256 0 0
573 256 0 0
572 256 0 0
321 256 0 1
320 256 0 1
319 256 0 1
318 256 0 1
317 256 0 1
576 255 0 0
575 255 0 0
574 255 0 0
573 255 0 0
572 255 0 0
571 255 0 0
321 255 0 1
320 255 0 1
319 255 0 1
318 255 0 1
317 255 0 1
575 254 0 0
574 254 0 0
573 254 0 0
572 254 0 0
571 254 0 0
321 254 0 1
320 254 0 1
319 254 0 1
318 254 0 1
317 254 0 1
316 254 0 1
575 253 0 0
574 253 0 0
573 253 0 0
572 253 0 0
571 253 0 0
320 253 0 1
319 253 0 1
318 253 0 1
317 253 0 1
316 253 0 1
575 252 0 0
574 252 0 0
573 252 0 0
572 252 0 0
571 252 0 0
570 252 0 0
320 252 0 1
319 252 0 1
318 252 0 1
317 252 0 1
316 252 0 1
574 251 0 0
573 251 0 0
572 251 0 0
571 251 0 0
570 251 0 0
320 251 0 1
319 251 0 1
318 251 0 1
317 251 0 1
316 251 0 1
315 251 0 1
574 250 0 0
573 250 0 0
572 250 0 0
571 250 0 0
570 250 0 0
569 250 0 0
320 250 0 1
319 250 0 1
318 250 0 1
317 250 0 1
316 250 0 1
315 250 0 1
574 249 0 0
573 249 0 0
572 249 0 0
571 249 0 0
570 249 0 0
569 249 0 0
319 249 0 1
318 249 0 1
317 249 0 1
316 249 0 1
315 249 0 1
314 249 0 1
573 248 0 0
572 248 0 0
571 248 0 0
570 248 0 0
569 248 0 0
568 248 0 0
319 248 0 1
318 248 0 1
317 248 0 1
316 248 0 1
315 248 0 1
314 248 0 1
573 247 0 0
572 247 0 0
571 247 0 0
570 247 0 0
569 247 0 0
568 247 0 0
318 247 0 1
317 247 0 1
316 247 0 1
315 247 0 1
314 247 0 1
313 247 0 1
572 246 0 0
571 246 0 0
570 246 0 0
569 246 0 0
568 246 0 0
567 246 0 0
318 246 0 1
317 246 0 1
316 246 0 1
315 246 0 1
314 246 0 1
313 246 0 1
572 245 0 0
571 245 0 0
570 245 0 0
569 245 0 0
568 245 0 0
567 245 0 0
317 245 0 1
316 245 0 1
315 245 0 1
314 245 0 1
313 245 0 1
571 244 0 0
570 244 0 0
569 244 0 0
568 244 0 0
567 244 0 0
566 244 0 0
317 244 0 1
316 244 0 1
315 244 0 1
314 244 0 1
313 244 0 1
571 243 0 0
570 243 0 0
569 243 0 0
568 243 0 0
567 243 0 0
566 243 0 0
317 243 0 1
316 243 0 1
315 243 0 1
314 243 0 1
313 243 0 1
312 243 0 1
570 242 0 0
569 242 0 0
568 242 0 0
567 242 0 0
566 242 0 0
565 242 0 0
317 242 0 1
316 242 0 1
315 242 0 1
314 242 0 1
313 242 0 1
312 242 0 1
569 241 0 0
568 241 0 0
567 241 0 0
566 241 0 0
565 241 0 0
564 241 0 0
316 241 0 1
315 241 0 1
314 241 0 1
313 241 0 1
312 241 0 1
311 241 0 1
569 240 0 0
568 240 0 0
567 240 0 0
566 240 0 0
565 240 0 0
564 240 0 0
316 240 0 1
315 240 0 1
314 240 0 1
313 240 0 1
312 240 0 1
311 240 0 1
568 239 0 0
567 239 0 0
566 239 0 0
565 239 0 0
564 239 0 0
563 239 0 0
315 239 0 1
314 239 0 1
313 239 0 1
312 239 0 1
311 239 0 1
310 239 0 1
568 238 0 0
567 238 0 0
566 238 0 0
565 238 0 0
564 238 0 0
563 238 0 0
315 238 0 1
314 238 0 1
313 238 0 1
312 238 0 1
311 238 0 1
310 238 0 1
567 237 0 0
566 237 0 0
565 237 0 0
564 237 0 0
563 237 0 0
562 237 0 0
314 237 0 1
313 237 0 1
312 237 0 1
311 237 0 1
310 237 0 1
567 236 0 0
566 236 0 0
565 236 0 0
564 236 0 0
563 236 0 0
562 236 0 0
314 236 0 1
313 236 0 1
312 236 0 1
311 236 0 1
310 236 0 1
309 236 0 1
566 235 0 0
565 235 0 0
564 235 0 0
563 235 0 0
562 235 0 0
561 235 0 0
314 235 0 1
313 235 0 1
312 235 0 1
311 235 0 1
310 235 0 1
309 235 0 1
565 234 0 0
564 234 0 0
563 234 0 0
562 234 0 0
561 234 0 0
313 234 0 1
312 234 0 1
311 234 0 1
310 234 0 1
309 234 0 1
565 233 0 0
564 233 0 0
563 233 0 0
562 233 0 0
561 233 0 0
560 233 0 0
313 233 0 1
312 233 0 1
311 233 0 1
310 233 0 1
309 233 0 1
308 233 0 1
564 232 0 0
563 232 0 0
562 232 0 0
561 232 0 0
560 232 0 0
559 232 0 0
313 232 0 1
312 232 0 1
311 232 0 1
310 232 0 1
309 232 0 1
308 232 0 1
564 231 0 0
563 231 0 0
562 231 0 0
561 231 0 0
560 231 0 0
559 231 0 0
312 231 0 1
311 231 0 1
310 231 0 1
309 231 0 1
308 231 0 1
563 230 0 0
562 230 0 0
561 230 0 0
560 230 0 0
559 230 0 0
558 230 0 0
312 230 0 1
311 230 0 1
310 230 0 1
309 230 0 1
308 230 0 1
307 230 0 1
563 229 0 0
562 229 0 0
561 229 0 0
560 229 0 0
559 229 0 0
558 229 0 0
311 229 0 1
310 229 0 1
309 229 0 1
308 229 0 1
307 229 0 1
306 229 0 1
562 228 0 0
561 228 0 0
560 228 0 0
559 228 0 0
558 228 0 0
557 228 0 0
311 228 0 1
310 228 0 1
309 228 0 1
308 228 0 1
307 228 0 1
306 228 0 1
141 228 0 1
140 228 0 1
139 228 0 1
138 228 0 1
561 227 0 0
560 227 0 0
559 227 0 0
558 227 0 0
557 227 0 0
556 227 0 0
310 227 0 1
309 227 0 1
308 227 0 1
307 227 0 1
306 227 0 1
142 227 0 1
141 227 0 1
140 227 0 1
139 227 0 1
138 227 0 1
561 226 0 0
560 226 0 0
559 226 0 0
558 226 0 0
557 226 0 0
556 226 0 0
310 226 0 1
309 226 0 1
308 226 0 1
307 226 0 1
306 226 0 1
142 226 0 1
141 226 0 1
140 226 0 1
139 226 0 1
138 226 0 1
560 225 0 0
559 225 0 0
558 225 0 0
557 225 0 0
556 225 0 0
555 225 0 0
143 225 0 1
142 225 0 1
141 225 0 1
140 225 0 1
139 225 0 1
138 225 0 1
559 224 0 0
558 224 0 0
557 224 0 0
556 224 0 0
555 224 0 0
554 224 0 0
145 224 0 1
144 224 0 1
143 224 0 1
142 224 0 1
141 224 0 1
140 224 0 1
139 224 0 1
559 223 0 0
558 223 0 0
557 223 0 0
556 223 0 0
555 223 0 0
554 223 0 0
146 223 0 1
145 223 0 1
144 223 0 1
143 223 0 1
142 223 0 1
141 223 0 1
140 223 0 1
139 223 0 1
558 222 0 0
557 222 0 0
556 222 0 0
555 222 0 0
554 222 0 0
553 222 0 0
148 222 0 1
147 222 0 1
146 222 0 1
145 222 0 1
144 222 0 1
143 222 0 1
142 222 0 1
141 222 0 1
140 222 0 1
557 221 0 0
556 221 0 0
555 221 0 0
554 221 0 0
553 221 0 0
552 221 0 0
149 221 0 1
148 221 0 1
147 221 0 1
146 221 0 1
145 221 0 1
144 221 0 1
143 221 0 1
142 221 0 1
141 221 0 1
557 220 0 0
556 220 0 0
555 220 0 0
554 220 0 0
553 220 0 0
552 220 0 0
150 220 0 1
149 220 0 1
148 220 0 1
147 220 0 1
146 220 0 1
145 220 0 1
144 220 0 1
143 220 0 1
142 220 0 1
556 219 0 0
555 219 0 0
554 219 0 0
553 219 0 0
552 219 0 0
551 219 0 0
151 219 0 1
150 219 0 1
149 219 0 1
148 219 0 1
147 219 0 1
146 219 0 1
145 219 0 1
144 219 0 1
556 218 0 0
555 218 0 0
554 218 0 0
553 218 0 0
552 218 0 0
551 218 0 0
550 218 0 0
152 218 0 1
151 218 0 1
150 218 0 1
149 218 0 1
148 218 0 1
147 218 0 1
146 218 0 1
145 218 0 1
555 217 0 0
554 217 0 0
553 217 0 0
552 217 0 0
551 217 0 0
550 217 0 0
154 217 0 1
153 217 0 1
152 217 0 1
151 217 0 1
150 217 0 1
149 217 0 1
148 217 0 1
147 217 0 1
554 216 0 0
553 216 0 0
552 216 0 0
551 216 0 0
550 216 0 0
549 216 0 0
155 216 0 1
154 216 0 1
153 216 0 1
152 216 0 1
151 216 0 1
150 216 0 1
149 216 0 1
148 216 0 1
554 215 0 0
553 215 0 0
552 215 0 0
551 215 0 0
550 215 0 0
549 215 0 0
548 215 0 0
156 215 0 1
155 215 0 1
154 215 0 1
153 215 0 1
152 215 0 1
151 215 0 1
150 215 0 1
149 215 0 1
553 214 0 0
552 214 0 0
551 214 0 0
550 214 0 0
549 214 0 0
548 214 0 0
157 214 0 1
156 214 0 1
155 214 0 1
154 214 0 1
153 214 0 1
152 214 0 1
151 214 0 1
150 214 0 1
552 213 0 0
551 213 0 0
550 213 0 0
549 213 0 0
548 213 0 0
547 213 0 0
158 213 0 1
157 213 0 1
156 213 0 1
155 213 0 1
154 213 0 1
153 213 0 1
152 213 0 1
151 213 0 1
552 212 0 0
551 212 0 0
550 212 0 0
549 212 0 0
548 212 0 0
547 212 0 0
159 212 0 1
158 212 0 1
157 212 0 1
156 212 0 1
155 212 0 1
154 212 0 1
153 212 0 1
152 212 0 1
551 211 0 0
550 211 0 0
549 211 0 0
548 211 0 0
547 211 0 0
546 211 0 0
160 211 0 1
159 211 0 1
158 211 0 1
157 211 0 1
156 211 0 1
155 211 0 1
154 211 0 1
153 211 0 1
551 210 0 0
550 210 0 0
549 210 0 0
548 210 0 0
547 210 0 0
546 210 0 0
161 210 0 1
160 210 0 1
159 210 0 1
158 210 0 1
157 210 0 1
156 210 0 1
155 210 0 1
154 210 0 1
550 209 0 0
549 209 0 0
548 209 0 0
547 209 0 0
546 209 0 0
545 209 0 0
162 209 0 1
161 209 0 1
160 209 0 1
159 209 0 1
158 209 0 1
157 209 0 1
156 209 0 1
550 208 0 0
549 208 0 0
548 208 0 0
547 208 0 0
546 208 0 0
545 208 0 0
163 208 0 1
162 208 0 1
161 208 0 1
160 208 0 1
159 208 0 1
158 208 0 1
157 208 0 1
549 207 0 0
548 207 0 0
547 207 0 0
546 207 0 0
545 207 0 0
544 207 0 0
164 207 0 1
163 207 0 1
162 207 0 1
161 207 0 1
160 207 0 1
159 207 0 1
158 207 0 1
549 206 0 0
548 206 0 0
547 206 0 0
546 206 0 0
545 206 0 0
544 206 0 0
165 206 0 1
164 206 0 1
163 206 0 1
162 206 0 1
161 206 0 1
160 206 0 1
159 206 0 1
548 205 0 0
547 205 0 0
546 205 0 0
545 205 0 0
544 205 0 0
543 205 0 0
165 205 0 1
164 205 0 1
163 205 0 1
162 205 0 1
161 205 0 1
160 205 0 1
548 204 0 0
547 204 0 0
546 204 0 0
545 204 0 0
544 204 0 0
543 204 0 0
542 204 0 0
166 204 0 1
165 204 0 1
164 204 0 1
163 204 0 1
162 204 0 1
161 204 0 1
160 204 0 1
547 203 0 0
546 203 0 0
545 203 0 0
544 203 0 0
543 203 0 0
542 203 0 0
167 203 0 1
166 203 0 1
165 203 0 1
164 203 0 1
163 203 0 1
162 203 0 1
161 203 0 1
546 202 0 0
545 202 0 0
544 202 0 0
543 202 0 0
542 202 0 0
541 202 0 0
168 202 0 1
167 202 0 1
166 202 0 1
165 202 0 1
164 202 0 1
163 202 0 1
162 202 0 1
546 201 0 0
545 201 0 0
544 201 0 0
543 201 0 0
542 201 0 0
541 201 0 0
169 201 0 1
168 201 0 1
167 201 0 1
166 201 0 1
165 201 0 1
164 201 0 1
163 201 0 1
545 200 0 0
544 200 0 0
543 200 0 0
542 200 0 0
541 200 0 0
170 200 0 1
169 200 0 1
168 200 0 1
167 200 0 1
166 200 0 1
165 200 0 1
164 200 0 1
545 199 0 0
544 199 0 0
543 199 0 0
542 199 0 0
541 199 0 0
540 199 0 0
171 199 0 1
170 199 0 1
169 199 0 1
168 199 0 1
167 199 0 1
166 199 0 1
165 199 0 1
544 198 0 0
543 198 0 0
542 198 0 0
541 198 0 0
540 198 0 0
171 198 0 1
170 198 0 1
169 198 0 1
168 198 0 1
167 198 0 1
166 198 0 1
544 197 0 0
543 197 0 0
542 197 0 0
541 197 0 0
540 197 0 0
539 197 0 0
172 197 0 1
171 197 0 1
170 197 0 1
169 197 0 1
168 197 0 1
167 197 0 1
166 197 0 1
543 196 0 0
542 196 0 0
541 196 0 0
540 196 0 0
539 196 0 0
173 196 0 1
172 196 0 1
171 196 0 1
170 196 0 1
169 196 0 1
168 196 0 1
167 196 0 1
543 195 0 0
542 195 0 0
541 195 0 0
540 195 0 0
539 195 0 0
538 195 0 0
174 195 0 1
173 195 0 1
172 195 0 1
171 195 0 1
170 195 0 1
169 195 0 1
168 195 0 1
543 194 0 0
542 194 0 0
541 194 0 0
540 194 0 0
539 194 0 0
538 194 0 0
176 194 0 1
175 194 0 1
174 194 0 1
173 194 0 1
172 194 0 1
171 194 0 1
170 194 0 1
169 194 0 1
542 193 0 0
541 193 0 0
540 193 0 0
539 193 0 0
538 193 0 0
537 193 0 0
177 193 0 1
176 193 0 1
175 193 0 1
174 193 0 1
173 193 0 1
172 193 0 1
171 193 0 1
170 193 0 1
542 192 0 0
541 192 0 0
540 192 0 0
539 192 0 0
538 192 0 0
537 192 0 0
536 192 0 0
178 192 0 1
177 192 0 1
176 192 0 1
175 192 0 1
174 192 0 1
173 192 0 1
172 192 0 1
171 192 0 1
541 191 0 0
540 191 0 0
539 191 0 0
538 191 0 0
537 191 0 0
536 191 0 0
179 191 0 1
178 191 0 1
177 191 0 1
176 191 0 1
175 191 0 1
174 191 0 1
173 191 0 1
172 191 0 1
540 190 0 0
539 190 0 0
538 190 0 0
537 190 0 0
536 190 0 0
535 190 0 0
180 190 0 1
179 190 0 1
178 190 0 1
177 190 0 1
176 190 0 1
175 190 0 1
174 190 0 1
173 190 0 1
540 189 0 0
539 189 0 0
538 189 0 0
537 189 0 0
536 189 0 0
535 189 0 0
534 189 0 0
181 189 0 1
180 189 0 1
179 189 0 1
178 189 0 1
177 189 0 1
176 189 0 1
175 189 0 1
174 189 0 1
539 188 0 0
538 188 0 0
537 188 0 0
536 188 0 0
535 188 0 0
534 188 0 0
183 188 0 1
182 188 0 1
181 188 0 1
180 188 0 1
179 188 0 1
178 188 0 1
177 188 0 1
176 188 0 1
175 188 0 1
538 187 0 0
537 187 0 0
536 187 0 0
535 187 0 0
534 187 0 0
533 187 0 0
184 187 0 1
183 187 0 1
182 187 0 1
181 187 0 1
180 187 0 1
179 187 0 1
178 187 0 1
177 187 0 1
538 186 0 0
537 186 0 0
536 186 0 0
535 186 0 0
534 186 0 0
533 186 0 0
532 186 0 0
185 186 0 1
184 186 0 1
183 186 0 1
182 186 0 1
181 186 0 1
180 186 0 1
179 186 0 1
178 186 0 1
537 185 0 0
536 185 0 0
535 185 0 0
534 185 0 0
533 185 0 0
532 185 0 0
531 185 0 0
186 185 0 1
185 185 0 1
184 185 0 1
183 185 0 1
182 185 0 1
181 185 0 1
180 185 0 1
179 185 0 1
536 184 0 0
535 184 0 0
534 184 0 0
533 184 0 0
532 184 0 0
531 184 0 0
530 184 0 0
187 184 0 1
186 184 0 1
185 184 0 1
184 184 0 1
183 184 0 1
182 184 0 1
181 184 0 1
180 184 0 1
536 183 0 0
535 183 0 0
534 183 0 0
533 183 0 0
532 183 0 0
531 183 0 0
530 183 0 0
188 183 0 1
187 183 0 1
186 183 0 1
185 183 0 1
184 183 0 1
183 183 0 1
182 183 0 1
181 183 0 1
535 182 0 0
534 182 0 0
533 182 0 0
532 182 0 0
531 182 0 0
530 182 0 0
529 182 0 0
190 182 0 1
189 182 0 1
188 182 0 1
187 182 0 1
186 182 0 1
185 182 0 1
184 182 0 1
183 182 0 1
182 182 0 1
534 181 0 0
533 181 0 0
532 181 0 0
531 181 0 0
530 181 0 0
529 181 0 0
528 181 0 0
191 181 0 1
190 181 0 1
189 181 0 1
188 181 0 1
187 181 0 1
186 181 0 1
185 181 0 1
184 181 0 1
533 180 0 0
532 180 0 0
531 180 0 0
530 180 0 0
529 180 0 0
528 180 0 0
527 180 0 0
192 180 0 1
191 180 0 1
190 180 0 1
189 180 0 1
188 180 0 1
187 180 0 1
186 180 0 1
185 180 0 1
532 179 0 0
531 179 0 0
530 179 0 0
529 179 0 0
528 179 0 0
527 179 0 0
526 179 0 0
193 179 0 1
192 179 0 1
191 179 0 1
190 179 0 1
189 179 0 1
188 179 0 1
187 179 0 1
186 179 0 1
531 178 0 0
530 178 0 0
529 178 0 0
528 178 0 0
527 178 0 0
526 178 0 0
525 178 0 0
194 178 0 1
193 178 0 1
192 178 0 1
191 178 0 1
190 178 0 1
189 178 0 1
188 178 0 1
187 178 0 1
530 177 0 0
529 177 0 0
528 177 0 0
527 177 0 0
526 177 0 0
525 177 0 0
195 177 0 1
194 177 0 1
193 177 0 1
192 177 0 1
191 177 0 1
190 177 0 1
189 177 0 1
188 177 0 1
530 176 0 0
529 176 0 0
528 176 0 0
527 176 0 0
526 176 0 0
525 176 0 0
524 176 0 0
197 176 0 1
196 176 0 1
195 176 0 1
194 176 0 1
193 176 0 1
192 176 0 1
191 176 0 1
190 176 0 1
189 176 0 1
529 175 0 0
528 175 0 0
527 175 0 0
526 175 0 0
525 175 0 0
524 175 0 0
523 175 0 0
198 175 0 1
197 175 0 1
196 175 0 1
195 175 0 1
194 175 0 1
193 175 0 1
192 175 0 1
191 175 0 1
528 174 0 0
527 174 0 0
526 174 0 0
525 174 0 0
524 174 0 0
523 174 0 0
522 174 0 0
199 174 0 1
198 174 0 1
197 174 0 1
196 174 0 1
195 174 0 1
194 174 0 1
193 174 0 1
192 174 0 1
527 173 0 0
526 173 0 0
525 173 0 0
524 173 0 0
523 173 0 0
522 173 0 0
521 173 0 0
200 173 0 1
199 173 0 1
198 173 0 1
197 173 0 1
196 173 0 1
195 173 0 1
194 173 0 1
193 173 0 1
526 172 0 0
525 172 0 0
524 172 0 0
523 172 0 0
522 172 0 0
521 172 0 0
520 172 0 0
201 172 0 1
200 172 0 1
199 172 0 1
198 172 0 1
197 172 0 1
196 172 0 1
195 172 0 1
194 172 0 1
525 171 0 0
524 171 0 0
523 171 0 0
522 171 0 0
521 171 0 0
520 171 0 0
519 171 0 0
202 171 0 1
201 171 0 1
200 171 0 1
199 171 0 1
198 171 0 1
197 171 0 1
196 171 0 1
195 171 0 1
524 170 0 0
523 170 0 0
522 170 0 0
521 170 0 0
520 170 0 0
519 170 0 0
518 170 0 0
204 170 0 1
203 170 0 1
202 170 0 1
201 170 0 1
200 170 0 1
199 170 0 1
198 170 0 1
197 170 0 1
196 170 0 1
523 169 0 0
522 169 0 0
521 169 0 0
520 169 0 0
519 169 0 0
518 169 0 0
517 169 0 0
205 169 0 1
204 169 0 1
203 169 0 1
202 169 0 1
201 169 0 1
200 169 0 1
199 169 0 1
198 169 0 1
522 168 0 0
521 168 0 0
520 168 0 0
519 168 0 0
518 168 0 0
517 168 0 0
516 168 0 0
207 168 0 1
206 168 0 1
205 168 0 1
204 168 0 1
203 168 0 1
202 168 0 1
201 168 0 1
200 168 0 1
199 168 0 1
521 167 0 0
520 167 0 0
519 167 0 0
518 167 0 0
517 167 0 0
516 167 0 0
515 167 0 0
208 167 0 1
207 167 0 1
206 167 0 1
205 167 0 1
204 167 0 1
203 167 0 1
202 167 0 1
201 167 0 1
200 167 0 1
520 166 0 0
519 166 0 0
518 166 0 0
517 166 0 0
516 166 0 0
515 166 0 0
514 166 0 0
209 166 0 1
208 166 0 1
207 166 0 1
206 166 0 1
205 166 0 1
204 166 0 1
203 166 0 1
202 166 0 1
201 166 0 1
519 165 0 0
518 165 0 0
517 165 0 0
516 165 0 0
515 165 0 0
514 165 0 0
513 165 0 0
211 165 0 1
210 165 0 1
209 165 0 1
208 165 0 1
207 165 0 1
206 165 0 1
205 165 0 1
204 165 0 1
203 165 0 1
518 164 0 0
517 164 0 0
516 164 0 0
515 164 0 0
514 164 0 0
513 164 0 0
512 164 0 0
212 164 0 1
211 164 0 1
210 164 0 1
209 164 0 1
208 164 0 1
207 164 0 1
206 164 0 1
205 164 0 1
204 164 0 1
517 163 0 0
516 163 0 0
515 163 0 0
514 163 0 0
513 163 0 0
512 163 0 0
511 163 0 0
214 163 0 1
213 163 0 1
212 163 0 1
211 163 0 1
210 163 0 1
209 163 0 1
208 163 0 1
207 163 0 1
206 163 0 1
516 162 0 0
515 162 0 0
514 162 0 0
513 162 0 0
512 162 0 0
511 162 0 0
510 162 0 0
215 162 0 1
214 162 0 1
213 162 0 1
212 162 0 1
211 162 0 1
210 162 0 1
209 162 0 1
208 162 0 1
207 162 0 1
515 161 0 0
514 161 0 0
513 161 0 0
512 161 0 0
511 161 0 0
510 161 0 0
216 161 0 1
215 161 0 1
214 161 0 1
213 161 0 1
212 161 0 1
211 161 0 1
210 161 0 1
209 161 0 1
208 161 0 1
515 160 0 0
514 160 0 0
513 160 0 0
512 160 0 0
511 160 0 0
510 160 0 0
509 160 0 0
218 160 0 1
217 160 0 1
216 160 0 1
215 160 0 1
214 160 0 1
213 160 0 1
212 160 0 1
211 160 0 1
210 160 0 1
514 159 0 0
513 159 0 0
512 159 0 0
511 159 0 0
510 159 0 0
509 159 0 0
508 159 0 0
219 159 0 1
218 159 0 1
217 159 0 1
216 159 0 1
215 159 0 1
214 159 0 1
213 159 0 1
212 159 0 1
211 159 0 1
513 158 0 0
512 158 0 0
511 158 0 0
510 158 0 0
509 158 0 0
508 158 0 0
507 158 0 0
221 158 0 1
220 158 0 1
219 158 0 1
218 158 0 1
217 158 0 1
216 158 0 1
215 158 0 1
214 158 0 1
213 158 0 1
512 157 0 0
511 157 0 0
510 157 0 0
509 157 0 0
508 157 0 0
507 157 0 0
222 157 0 1
221 157 0 1
220 157 0 1
219 157 0 1
218 157 0 1
217 157 0 1
216 157 0 1
215 157 0 1
214 157 0 1
511 156 0 0
510 156 0 0
509 156 0 0
508 156 0 0
507 156 0 0
506 156 0 0
223 156 0 1
222 156 0 1
221 156 0 1
220 156 0 1
219 156 0 1
218 156 0 1
217 156 0 1
216 156 0 1
215 156 0 1
511 155 0 0
510 155 0 0
509 155 0 0
508 155 0 0
507 155 0 0
506 155 0 0
505 155 0 0
225 155 0 1
224 155 0 1
223 155 0 1
222 155 0 1
221 155 0 1
220 155 0 1
219 155 0 1
218 155 0 1
217 155 0 1
510 154 0 0
509 154 0 0
508 154 0 0
507 154 0 0
506 154 0 0
505 154 0 0
504 154 0 0
226 154 0 1
225 154 0 1
224 154 0 1
223 154 0 1
222 154 0 1
221 154 0 1
220 154 0 1
219 154 0 1
218 154 0 1
509 153 0 0
508 153 0 0
507 153 0 0
506 153 0 0
505 153 0 0
504 153 0 0
503 153 0 0
228 153 0 1
227 153 0 1
226 153 0 1
225 153 0 1
224 153 0 1
223 153 0 1
222 153 0 1
221 153 0 1
220 153 0 1
508 152 0 0
507 152 0 0
506 152 0 0
505 152 0 0
504 152 0 0
503 152 0 0
229 152 0 1
228 152 0 1
227 152 0 1
226 152 0 1
225 152 0 1
224 152 0 1
223 152 0 1
222 152 0 1
221 152 0 1
508 151 0 0
507 151 0 0
506 151 0 0
505 151 0 0
504 151 0 0
503 151 0 0
502 151 0 0
230 151 0 1
229 151 0 1
228 151 0 1
227 151 0 1
226 151 0 1
225 151 0 1
224 151 0 1
223 151 0 1
222 151 0 1
507 150 0 0
506 150 0 0
505 150 0 0
504 150 0 0
503 150 0 0
502 150 0 0
501 150 0 0
232 150 0 1
231 150 0 1
230 150 0 1
229 150 0 1
228 150 0 1
227 150 0 1
226 150 0 1
225 150 0 1
224 150 0 1
506 149 0 0
505 149 0 0
504 149 0 0
503 149 0 0
502 149 0 0
501 149 0 0
500 149 0 0
233 149 0 1
232 149 0 1
231 149 0 1
230 149 0 1
229 149 0 1
228 149 0 1
227 149 0 1
226 149 0 1
225 149 0 1
505 148 0 0
504 148 0 0
503 148 0 0
502 148 0 0
501 148 0 0
500 148 0 0
235 148 0 1
234 148 0 1
233 148 0 1
232 148 0 1
231 148 0 1
230 148 0 1
229 148 0 1
228 148 0 1
227 148 0 1
504 147 0 0
503 147 0 0
502 147 0 0
501 147 0 0
500 147 0 0
499 147 0 0
236 147 0 1
235 147 0 1
234 147 0 1
233 147 0 1
232 147 0 1
231 147 0 1
230 147 0 1
229 147 0 1
228 147 0 1
504 146 0 0
503 146 0 0
502 146 0 0
501 146 0 0
500 146 0 0
499 146 0 0
498 146 0 0
237 146 0 1
236 146 0 1
235 146 0 1
234 146 0 1
233 146 0 1
232 146 0 1
231 146 0 1
230 146 0 1
229 146 0 1
503 145 0 0
502 145 0 0
501 145 0 0
500 145 0 0
499 145 0 0
498 145 0 0
239 145 0 1
238 145 0 1
237 145 0 1
236 145 0 1
235 145 0 1
234 145 0 1
233 145 0 1
232 145 0 1
231 145 0 1
502 144 0 0
501 144 0 0
500 144 0 0
499 144 0 0
498 144 0 0
497 144 0 0
240 144 0 1
239 144 0 1
238 144 0 1
237 144 0 1
236 144 0 1
235 144 0 1
234 144 0 1
233 144 0 1
232 144 0 1
502 143 0 0
501 143 0 0
500 143 0 0
499 143 0 0
498 143 0 0
497 143 0 0
496 143 0 0
242 143 0 1
241 143 0 1
240 143 0 1
239 143 0 1
238 143 0 1
237 143 0 1
236 143 0 1
235 143 0 1
234 143 0 1
501 142 0 0
500 142 0 0
499 142 0 0
498 142 0 0
497 142 0 0
496 142 0 0
495 142 0 0
243 142 0 1
242 142 0 1
241 142 0 1
240 142 0 1
239 142 0 1
238 142 0 1
237 142 0 1
236 142 0 1
235 142 0 1
500 141 0 0
499 141 0 0
498 141 0 0
497 141 0 0
496 141 0 0
495 141 0 0
245 141 0 1
244 141 0 1
243 141 0 1
242 141 0 1
241 141 0 1
240 141 0 1
239 141 0 1
238 141 0 1
237 141 0 1
499 140 0 0
498 140 0 0
497 140 0 0
496 140 0 0
495 140 0 0
494 140 0 0
246 140 0 1
245 140 0 1
244 140 0 1
243 140 0 1
242 140 0 1
241 140 0 1
240 140 0 1
239 140 0 1
238 140 0 1
499 139 0 0
498 139 0 0
497 139 0 0
496 139 0 0
495 139 0 0
494 139 0 0
493 139 0 0
248 139 0 1
247 139 0 1
246 139 0 1
245 139 0 1
244 139 0 1
243 139 0 1
242 139 0 1
241 139 0 1
240 139 0 1
498 138 0 0
497 138 0 0
496 138 0 0
495 138 0 0
494 138 0 0
493 138 0 0
249 138 0 1
248 138 0 1
247 138 0 1
246 138 0 1
245 138 0 1
244 138 0 1
243 138 0 1
242 138 0 1
241 138 0 1
497 137 0 0
496 137 0 0
495 137 0 0
494 137 0 0
493 137 0 0
492 137 0 0
251 137 0 1
250 137 0 1
249 137 0 1
248 137 0 1
247 137 0 1
246 137 0 1
245 137 0 1
244 137 0 1
243 137 0 1
497 136 0 0
496 136 0 0
495 136 0 0
494 136 0 0
493 136 0 0
492 136 0 0
491 136 0 0
252 136 0 1
251 136 0 1
250 136 0 1
249 136 0 1
248 136 0 1
247 136 0 1
246 136 0 1
245 136 0 1
244 136 0 1
496 135 0 0
495 135 0 0
494 135 0 0
493 135 0 0
492 135 0 0
491 135 0 0
490 135 0 0
489 135 0 0
254 135 0 1
253 135 0 1
252 135 0 1
251 135 0 1
250 135 0 1
249 135 0 1
248 135 0 1
247 135 0 1
246 135 0 1
495 134 0 0
494 134 0 0
493 134 0 0
492 134 0 0
491 134 0 0
490 134 0 0
489 134 0 0
488 134 0 0
255 134 0 1
254 134 0 1
253 134 0 1
252 134 0 1
251 134 0 1
250 134 0 1
249 134 0 1
248 134 0 1
247 134 0 1
494 133 0 0
493 133 0 0
492 133 0 0
491 133 0 0
490 133 0 0
489 133 0 0
488 133 0 0
487 133 0 0
257 133 0 1
256 133 0 1
255 133 0 1
254 133 0 1
253 133 0 1
252 133 0 1
251 133 0 1
250 133 0 1
249 133 0 1
493 132 0 0
492 132 0 0
491 132 0 0
490 132 0 0
489 132 0 0
488 132 0 0
487 132 0 0
486 132 0 0
258 132 0 1
257 132 0 1
256 132 0 1
255 132 0 1
254 132 0 1
253 132 0 1
252 132 0 1
251 132 0 1
250 132 0 1
492 131 0 0
491 131 0 0
490 131 0 0
489 131 0 0
488 131 0 0
487 131 0 0
486 131 0 0
485 131 0 0
260 131 0 1
259 131 0 1
258 131 0 1
257 131 0 1
256 131 0 1
255 131 0 1
254 131 0 1
253 131 0 1
252 131 0 1
491 130 0 0
490 130 0 0
489 130 0 0
488 130 0 0
487 130 0 0
486 130 0 0
485 130 0 0
484 130 0 0
262 130 0 1
261 130 0 1
260 130 0 1
259 130 0 1
258 130 0 1
257 130 0 1
256 130 0 1
255 130 0 1
254 130 0 1
253 130 0 1
490 129 0 0
489 129 0 0
488 129 0 0
487 129 0 0
486 129 0 0
485 129 0 0
484 129 0 0
483 129 0 0
263 129 0 1
262 129 0 1
261 129 0 1
260 129 0 1
259 129 0 1
258 129 0 1
257 129 0 1
256 129 0 1
255 129 0 1
489 128 0 0
488 128 0 0
487 128 0 0
486 128 0 0
485 128 0 0
484 128 0 0
483 128 0 0
482 128 0 0
265 128 0 1
264 128 0 1
263 128 0 1
262 128 0 1
261 128 0 1
260 128 0 1
259 128 0 1
258 128 0 1
257 128 0 1
256 128 0 1
487 127 0 0
486 127 0 0
485 127 0 0
484 127 0 0
483 127 0 0
482 127 0 0
481 127 0 0
266 127 0 1
265 127 0 1
264 127 0 1
263 127 0 1
262 127 0 1
261 127 0 1
260 127 0 1
259 127 0 1
258 127 0 1
486 126 0 0
485 126 0 0
484 126 0 0
483 126 0 0
482 126 0 0
481 126 0 0
480 126 0 0
267 126 0 1
266 126 0 1
265 126 0 1
264 126 0 1
263 126 0 1
262 126 0 1
261 126 0 1
260 126 0 1
259 126 0 1
485 125 0 0
484 125 0 0
483 125 0 0
482 125 0 0
481 125 0 0
480 125 0 0
479 125 0 0
269 125 0 1
268 125 0 1
267 125 0 1
266 125 0 1
265 125 0 1
264 125 0 1
263 125 0 1
262 125 0 1
261 125 0 1
484 124 0 0
483 124 0 0
482 124 0 0
481 124 0 0
480 124 0 0
479 124 0 0
478 124 0 0
270 124 0 1
269 124 0 1
268 124 0 1
267 124 0 1
266 124 0 1
265 124 0 1
264 124 0 1
263 124 0 1
262 124 0 1
483 123 0 0
482 123 0 0
481 123 0 0
480 123 0 0
479 123 0 0
478 123 0 0
477 123 0 0
272 123 0 1
271 123 0 1
270 123 0 1
269 123 0 1
268 123 0 1
267 123 0 1
266 123 0 1
265 123 0 1
264 123 0 1
482 122 0 0
481 122 0 0
480 122 0 0
479 122 0 0
478 122 0 0
477 122 0 0
476 122 0 0
273 122 0 1
272 122 0 1
271 122 0 1
270 122 0 1
269 122 0 1
268 122 0 1
267 122 0 1
266 122 0 1
265 122 0 1
481 121 0 0
480 121 0 0
479 121 0 0
478 121 0 0
477 121 0 0
476 121 0 0
475 121 0 0
275 121 0 1
274 121 0 1
273 121 0 1
272 121 0 1
271 121 0 1
270 121 0 1
269 121 0 1
268 121 0 1
267 121 0 1
266 121 0 1
480 120 0 0
479 120 0 0
478 120 0 0
477 120 0 0
476 120 0 0
475 120 0 0
474 120 0 0
276 120 0 1
275 120 0 1
274 120 0 1
273 120 0 1
272 120 0 1
271 120 0 1
270 120 0 1
269 120 0 1
268 120 0 1
479 119 0 0
478 119 0 0
477 119 0 0
476 119 0 0
475 119 0 0
474 119 0 0
278 119 0 1
277 119 0 1
276 119 0 1
275 119 0 1
274 119 0 1
273 119 0 1
272 119 0 1
271 119 0 1
270 119 0 1
269 119 0 1
478 118 0 0
477 118 0 0
476 118 0 0
475 118 0 0
474 118 0 0
473 118 0 0
279 118 0 1
278 118 0 1
277 118 0 1
276 118 0 1
275 118 0 1
274 118 0 1
273 118 0 1
272 118 0 1
271 118 0 1
478 117 0 0
477 117 0 0
476 117 0 0
475 117 0 0
474 117 0 0
473 117 0 0
472 117 0 0
281 117 0 1
280 117 0 1
279 117 0 1
278 117 0 1
277 117 0 1
276 117 0 1
275 117 0 1
274 117 0 1
273 117 0 1
272 117 0 1
477 116 0 0
476 116 0 0
475 116 0 0
474 116 0 0
473 116 0 0
472 116 0 0
471 116 0 0
282 116 0 1
281 116 0 1
280 116 0 1
279 116 0 1
278 116 0 1
277 116 0 1
276 116 0 1
275 116 0 1
274 116 0 1
476 115 0 0
475 115 0 0
474 115 0 0
473 115 0 0
472 115 0 0
471 115 0 0
470 115 0 0
284 115 0 1
283 115 0 1
282 115 0 1
281 115 0 1
280 115 0 1
279 115 0 1
278 115 0 1
277 115 0 1
276 115 0 1
275 115 0 1
475 114 0 0
474 114 0 0
473 114 0 0
472 114 0 0
471 114 0 0
470 114 0 0
469 114 0 0
285 114 0 1
284 114 0 1
283 114 0 1
282 114 0 1
281 114 0 1
280 114 0 1
279 114 0 1
278 114 0 1
277 114 0 1
474 113 0 0
473 113 0 0
472 113 0 0
471 113 0 0
470 113 0 0
469 113 0 0
468 113 0 0
286 113 0 1
285 113 0 1
284 113 0 1
283 113 0 1
282 113 0 1
281 113 0 1
280 113 0 1
279 113 0 1
278 113 0 1
473 112 0 0
472 112 0 0
471 112 0 0
470 112 0 0
469 112 0 0
468 112 0 0
467 112 0 0
288 112 0 1
287 112 0 1
286 112 0 1
285 112 0 1
284 112 0 1
283 112 0 1
282 112 0 1
281 112 0 1
280 112 0 1
472 111 0 0
471 111 0 0
470 111 0 0
469 111 0 0
468 111 0 0
467 111 0 0
466 111 0 0
289 111 0 1
288 111 0 1
287 111 0 1
286 111 0 1
285 111 0 1
284 111 0 1
283 111 0 1
282 111 0 1
281 111 0 1
471 110 0 0
470 110 0 0
469 110 0 0
468 110 0 0
467 110 0 0
466 110 0 0
465 110 0 0
291 110 0 1
290 110 0 1
289 110 0 1
288 110 0 1
287 110 0 1
286 110 0 1
285 110 0 1
284 110 0 1
283 110 0 1
470 109 0 0
469 109 0 0
468 109 0 0
467 109 0 0
466 109 0 0
465 109 0 0
464 109 0 0
292 109 0 1
291 109 0 1
290 109 0 1
289 109 0 1
288 109 0 1
287 109 0 1
286 109 0 1
285 109 0 1
284 109 0 1
470 108 0 0
469 108 0 0
468 108 0 0
467 108 0 0
466 108 0 0
465 108 0 0
464 108 0 0
463 108 0 0
294 108 0 1
293 108 0 1
292 108 0 1
291 108 0 1
290 108 0 1
289 108 0 1
288 108 0 1
287 108 0 1
286 108 0 1
469 107 0 0
468 107 0 0
467 107 0 0
466 107 0 0
465 107 0 0
464 107 0 0
463 107 0 0
295 107 0 1
294 107 0 1
293 107 0 1
292 107 0 1
291 107 0 1
290 107 0 1
289 107 0 1
288 107 0 1
287 107 0 1
468 106 0 0
467 106 0 0
466 106 0 0
465 106 0 0
464 106 0 0
463 106 0 0
462 106 0 0
297 106 0 1
296 106 0 1
295 106 0 1
294 106 0 1
293 106 0 1
292 106 0 1
291 106 0 1
290 106 0 1
289 106 0 1
467 105 0 0
466 105 0 0
465 105 0 0
464 105 0 0
463 105 0 0
462 105 0 0
461 105 0 0
298 105 0 1
297 105 0 1
296 105 0 1
295 105 0 1
294 105 0 1
293 105 0 1
292 105 0 1
291 105 0 1
290 105 0 1
466 104 0 0
465 104 0 0
464 104 0 0
463 104 0 0
462 104 0 0
461 104 0 0
460 104 0 0
300 104 0 1
299 104 0 1
298 104 0 1
297 104 0 1
296 104 0 1
295 104 0 1
294 104 0 1
293 104 0 1
292 104 0 1
465 103 0 0
464 103 0 0
463 103 0 0
462 103 0 0
461 103 0 0
460 103 0 0
402 103 0 0
401 103 0 0
400 103 0 0
399 103 0 0
301 103 0 1
300 103 0 1
299 103 0 1
298 103 0 1
297 103 0 1
296 103 0 1
295 103 0 1
294 103 0 1
293 103 0 1
464 102 0 0
463 102 0 0
462 102 0 0
461 102 0 0
460 102 0 0
459 102 0 0
402 102 0 0
401 102 0 0
400 102 0 0
399 102 0 0
398 102 0 0
303 102 0 1
302 102 0 1
301 102 0 1
300 102 0 1
299 102 0 1
298 102 0 1
297 102 0 1
296 102 0 1
295 102 0 1
464 101 0 0
463 101 0 0
462 101 0 0
461 101 0 0
460 101 0 0
459 101 0 0
458 101 0 0
402 101 0 0
401 101 0 0
400 101 0 0
399 101 0 0
398 101 0 0
397 101 0 0
305 101 0 1
304 101 0 1
303 101 0 1
302 101 0 1
301 101 0 1
300 101 0 1
299 101 0 1
298 101 0 1
297 101 0 1
296 101 0 1
463 100 0 0
462 100 0 0
461 100 0 0
460 100 0 0
459 100 0 0
458 100 0 0
402 100 0 0
401 100 0 0
400 100 0 0
399 100 0 0
398 100 0 0
397 100 0 0
396 100 0 0
306 100 0 1
305 100 0 1
304 100 0 1
303 100 0 1
302 100 0 1
301 100 0 1
300 100 0 1
299 100 0 1
298 100 0 1
462 99 0 0
461 99 0 0
460 99 0 0
459 99 0 0
458 99 0 0
457 99 0 0
402 99 0 0
401 99 0 0
400 99 0 0
399 99 0 0
398 99 0 0
397 99 0 0
396 99 0 0
395 99 0 0
308 99 0 1
307 99 0 1
306 99 0 1
305 99 0 1
304 99 0 1
303 99 0 1
302 99 0 1
301 99 0 1
300 99 0 1
299 99 0 1
462 98 0 0
461 98 0 0
460 98 0 0
459 98 0 0
458 98 0 0
457 98 0 0
456 98 0 0
401 98 0 0
400 98 0 0
399 98 0 0
398 98 0 0
397 98 0 0
396 98 0 0
395 98 0 0
394 98 0 0
309 98 0 1
308 98 0 1
307 98 0 1
306 98 0 1
305 98 0 1
304 98 0 1
303 98 0 1
302 98 0 1
301 98 0 1
461 97 0 0
460 97 0 0
459 97 0 0
458 97 0 0
457 97 0 0
456 97 0 0
399 97 0 0
398 97 0 0
397 97 0 0
396 97 0 0
395 97 0 0
394 97 0 0
393 97 0 0
311 97 0 1
310 97 0 1
309 97 0 1
308 97 0 1
307 97 0 1
306 97 0 1
305 97 0 1
304 97 0 1
303 97 0 1
302 97 0 1
460 96 0 0
459 96 0 0
458 96 0 0
457 96 0 0
456 96 0 0
455 96 0 0
398 96 0 0
397 96 0 0
396 96 0 0
395 96 0 0
394 96 0 0
393 96 0 0
392 96 0 0
313 96 0 1
312 96 0 1
311 96 0 1
310 96 0 1
309 96 0 1
308 96 0 1
307 96 0 1
306 96 0 1
305 96 0 1
304 96 0 1
460 95 0 0
459 95 0 0
458 95 0 0
457 95 0 0
456 95 0 0
455 95 0 0
454 95 0 0
397 95 0 0
396 95 0 0
395 95 0 0
394 95 0 0
393 95 0 0
392 95 0 0
391 95 0 0
316 95 0 1
315 95 0 1
314 95 0 1
313 95 0 1
312 95 0 1
311 95 0 1
310 95 0 1
309 95 0 1
308 95 0 1
307 95 0 1
306 95 0 1
305 95 0 1
459 94 0 0
458 94 0 0
457 94 0 0
456 94 0 0
455 94 0 0
454 94 0 0
396 94 0 0
395 94 0 0
394 94 0 0
393 94 0 0
392 94 0 0
391 94 0 0
390 94 0 0
317 94 0 1
316 94 0 1
315 94 0 1
314 94 0 1
313 94 0 1
312 94 0 1
311 94 0 1
310 94 0 1
309 94 0 1
308 94 0 1
307 94 0 1
458 93 0 0
457 93 0 0
456 93 0 0
455 93 0 0
454 93 0 0
453 93 0 0
395 93 0 0
394 93 0 0
393 93 0 0
392 93 0 0
391 93 0 0
390 93 0 0
389 93 0 0
318 93 0 1
317 93 0 1
316 93 0 1
315 93 0 1
314 93 0 1
313 93 0 1
312 93 0 1
311 93 0 1
310 93 0 1
309 93 0 1
308 93 0 1
458 92 0 0
457 92 0 0
456 92 0 0
455 92 0 0
454 92 0 0
453 92 0 0
394 92 0 0
393 92 0 0
392 92 0 0
391 92 0 0
390 92 0 0
389 92 0 0
388 92 0 0
319 92 0 1
318 92 0 1
317 92 0 1
316 92 0 1
315 92 0 1
314 92 0 1
313 92 0 1
312 92 0 1
311 92 0 1
310 92 0 1
457 91 0 0
456 91 0 0
455 91 0 0
454 91 0 0
453 91 0 0
452 91 0 0
393 91 0 0
392 91 0 0
391 91 0 0
390 91 0 0
389 91 0 0
388 91 0 0
387 91 0 0
321 91 0 1
320 91 0 1
319 91 0 1
318 91 0 1
317 91 0 1
316 91 0 1
315 91 0 1
314 91 0 1
313 91 0 1
457 90 0 0
456 90 0 0
455 90 0 0
454 90 0 0
453 90 0 0
452 90 0 0
392 90 0 0
391 90 0 0
390 90 0 0
389 90 0 0
388 90 0 0
387 90 0 0
386 90 0 0
322 90 0 1
321 90 0 1
320 90 0 1
319 90 0 1
318 90 0 1
317 90 0 1
316 90 0 1
315 90 0 1
456 89 0 0
455 89 0 0
454 89 0 0
453 89 0 0
452 89 0 0
391 89 0 0
390 89 0 0
389 89 0 0
388 89 0 0
387 89 0 0
386 89 0 0
385 89 0 0
322 89 0 1
321 89 0 1
320 89 0 1
319 89 0 1
318 89 0 1
317 89 0 1
316 89 0 1
456 88 0 0
455 88 0 0
454 88 0 0
453 88 0 0
452 88 0 0
391 88 0 0
390 88 0 0
389 88 0 0
388 88 0 0
387 88 0 0
386 88 0 0
385 88 0 0
384 88 0 0
322 88 0 1
321 88 0 1
320 88 0 1
319 88 0 1
318 88 0 1
317 88 0 1
455 87 0 0
454 87 0 0
453 87 0 0
452 87 0 0
390 87 0 0
389 87 0 0
388 87 0 0
387 87 0 0
386 87 0 0
385 87 0 0
384 87 0 0
383 87 0 0
322 87 0 1
321 87 0 1
320 87 0 1
319 87 0 1
455 86 0 0
454 86 0 0
453 86 0 0
452 86 0 0
389 86 0 0
388 86 0 0
387 86 0 0
386 86 0 0
385 86 0 0
384 86 0 0
383 86 0 0
388 85 0 0
387 85 0 0
386 85 0 0
385 85 0 0
384 85 0 0
383 85 0 0
382 85 0 0
387 84 0 0
386 84 0 0
385 84 0 0
384 84 0 0
383 84 0 0
382 84 0 0
381 84 0 0
386 83 0 0
385 83 0 0
384 83 0 0
383 83 0 0
382 83 0 0
381 83 0 0
380 83 0 0
385 82 0 0
384 82 0 0
383 82 0 0
382 82 0 0
381 82 0 0
380 82 0 0
379 82 0 0
384 81 0 0
383 81 0 0
382 81 0 0
381 81 0 0
380 81 0 0
379 81 0 0
383 80 0 0
382 80 0 0
381 80 0 0
380 80 0 0
379 80 0 0
378 80 0 0
383 79 0 0
382 79 0 0
381 79 0 0
380 79 0 0
379 79 0 0
378 79 0 0
377 79 0 0
382 78 0 0
381 78 0 0
380 78 0 0
379 78 0 0
378 78 0 0
377 78 0 0
376 78 0 0
381 77 0 0
380 77 0 0
379 77 0 0
378 77 0 0
377 77 0 0
376 77 0 0
380 76 0 0
379 76 0 0
378 76 0 0
377 76 0 0
376 76 0 0
375 76 0 0
380 75 0 0
379 75 0 0
378 75 0 0
377 75 0 0
376 75 0 0
375 75 0 0
374 75 0 0
379 74 0 0
378 74 0 0
377 74 0 0
376 74 0 0
375 74 0 0
374 74 0 0
373 74 0 0
378 73 0 0
377 73 0 0
376 73 0 0
375 73 0 0
374 73 0 0
373 73 0 0
372 73 0 0
377 72 0 0
376 72 0 0
375 72 0 0
374 72 0 0
373 72 0 0
372 72 0 0
377 71 0 0
376 71 0 0
375 71 0 0
374 71 0 0
373 71 0 0
372 71 0 0
371 71 0 0
376 70 0 0
375 70 0 0
374 70 0 0
373 70 0 0
372 70 0 0
371 70 0 0
370 70 0 0
369 70 0 0
375 69 0 0
374 69 0 0
373 69 0 0
372 69 0 0
371 69 0 0
370 69 0 0
369 69 0 0
368 69 0 0
374 68 0 0
373 68 0 0
372 68 0 0
371 68 0 0
370 68 0 0
369 68 0 0
368 68 0 0
367 68 0 0
373 67 0 0
372 67 0 0
371 67 0 0
370 67 0 0
369 67 0 0
368 67 0 0
367 67 0 0
366 67 0 0
372 66 0 0
371 66 0 0
370 66 0 0
369 66 0 0
368 66 0 0
367 66 0 0
366 66 0 0
365 66 0 0
371 65 0 0
370 65 0 0
369 65 0 0
368 65 0 0
367 65 0 0
366 65 0 0
365 65 0 0
364 65 0 0
369 64 0 0
368 64 0 0
367 64 0 0
366 64 0 0
365 64 0 0
364 64 0 0
368 63 0 0
367 63 0 0
366 63 0 0
365 63 0 0
364 63 0 0
363 63 0 0
368 62 0 0
367 62 0 0
366 62 0 0
365 62 0 0
364 62 0 0
363 62 0 0
362 62 0 0
367 61 0 0
366 61 0 0
365 61 0 0
364 61 0 0
363 61 0 0
362 61 0 0
361 61 0 0
366 60 0 0
365 60 0 0
364 60 0 0
363 60 0 0
362 60 0 0
361 60 0 0
360 60 0 0
359 60 0 0
365 59 0 0
364 59 0 0
363 59 0 0
362 59 0 0
361 59 0 0
360 59 0 0
359 59 0 0
358 59 0 0
364 58 0 0
363 58 0 0
362 58 0 0
361 58 0 0
360 58 0 0
359 58 0 0
358 58 0 0
357 58 0 0
356 58 0 0
363 57 0 0
362 57 0 0
361 57 0 0
360 57 0 0
359 57 0 0
358 57 0 0
357 57 0 0
356 57 0 0
355 57 0 0
362 56 0 0
361 56 0 0
360 56 0 0
359 56 0 0
358 56 0 0
357 56 0 0
356 56 0 0
355 56 0 0
354 56 0 0
360 55 0 0
359 55 0 0
358 55 0 0
357 55 0 0
356 55 0 0
355 55 0 0
354 55 0 0
353 55 0 0
352 55 0 0
359 54 0 0
358 54 0 0
357 54 0 0
356 54 0 0
355 54 0 0
354 54 0 0
353 54 0 0
352 54 0 0
351 54 0 0
357 53 0 0
356 53 0 0
355 53 0 0
354 53 0 0
353 53 0 0
352 53 0 0
351 53 0 0
350 53 0 0
349 53 0 0
356 52 0 0
355 52 0 0
354 52 0 0
353 52 0 0
352 52 0 0
351 52 0 0
350 52 0 0
349 52 0 0
348 52 0 0
347 52 0 0
354 51 0 0
353 51 0 0
352 51 0 0
351 51 0 0
350 51 0 0
349 51 0 0
348 51 0 0
347 51 0 0
346 51 0 0
345 51 0 0
353 50 0 0
352 50 0 0
351 50 0 0
350 50 0 0
349 50 0 0
348 50 0 0
347 50 0 0
346 50 0 0
345 50 0 0
344 50 0 0
343 50 0 0
342 50 0 0
351 49 0 0
350 49 0 0
349 49 0 0
348 49 0 0
347 49 0 0
346 49 0 0
345 49 0 0
344 49 0 0
343 49 0 0
342 49 0 0
341 49 0 0
340 49 0 0
350 48 0 0
349 48 0 0
348 48 0 0
347 48 0 0
346 48 0 0
345 48 0 0
344 48 0 0
343 48 0 0
342 48 0 0
341 48 0 0
340 48 0 0
339 48 0 0
338 48 0 0
348 47 0 0
347 47 0 0
346 47 0 0
345 47 0 0
344 47 0 0
343 47 0 0
342 47 0 0
341 47 0 0
340 47 0 0
339 47 0 0
338 47 0 0
337 47 0 0
336 47 0 0
335 47 0 0
141 47 0 0
140 47 0 0
139 47 0 0
138 47 0 0
137 47 0 0
136 47 0 0
135 47 0 0
134 47 0 0
133 47 0 0
132 47 0 0
131 47 0 0
130 47 0 0
129 47 0 0
128 47 0 0
127 47 0 0
126 47 0 0
125 47 0 0
124 47 0 0
123 47 0 0
346 46 0 0
345 46 0 0
344 46 0 0
343 46 0 0
342 46 0 0
341 46 0 0
340 46 0 0
339 46 0 0
338 46 0 0
337 46 0 0
336 46 0 0
335 46 0 0
334 46 0 0
333 46 0 0
332 46 0 0
151 46 0 0
150 46 0 0
149 46 0 0
148 46 0 0
147 46 0 0
146 46 0 0
145 46 0 0
144 46 0 0
143 46 0 0
142 46 0 0
141 46 0 0
140 46 0 0
139 46 0 0
138 46 0 0
137 46 0 0
136 46 0 0
135 46 0 0
134 46 0 0
133 46 0 0
132 46 0 0
131 46 0 0
130 46 0 0
129 46 0 0
128 46 0 0
127 46 0 0
126 46 0 0
125 46 0 0
124 46 0 0
123 46 0 0
343 45 0 0
342 45 0 0
341 45 0 0
340 45 0 0
339 45 0 0
338 45 0 0
337 45 0 0
336 45 0 0
335 45 0 0
334 45 0 0
333 45 0 0
332 45 0 0
331 45 0 0
330 45 0 0
154 45 0 0
153 45 0 0
152 45 0 0
151 45 0 0
150 45 0 0
149 45 0 0
148 45 0 0
147 45 0 0
146 45 0 0
145 45 0 0
144 45 0 0
143 45 0 0
142 45 0 0
141 45 0 0
140 45 0 0
139 45 0 0
138 45 0 0
137 45 0 0
136 45 0 0
135 45 0 0
134 45 0 0
133 45 0 0
132 45 0 0
131 45 0 0
130 45 0 0
129 45 0 0
128 45 0 0
127 45 0 0
126 45 0 0
125 45 0 0
124 45 0 0
123 45 0 0
341 44 0 0
340 44 0 0
339 44 0 0
338 44 0 0
337 44 0 0
336 44 0 0
335 44 0 0
334 44 0 0
333 44 0 0
332 44 0 0
331 44 0 0
330 44 0 0
329 44 0 0
328 44 0 0
327 44 0 0
160 44 0 0
159 44 0 0
158 44 0 0
157 44 0 0
156 44 0 0
155 44 0 0
154 44 0 0
153 44 0 0
152 44 0 0
151 44 0 0
150 44 0 0
149 44 0 0
148 44 0 0
147 44 0 0
146 44 0 0
145 44 0 0
144 44 0 0
143 44 0 0
142 44 0 0
141 44 0 0
140 44 0 0
139 44 0 0
138 44 0 0
137 44 0 0
136 44 0 0
135 44 0 0
134 44 0 0
133 44 0 0
132 44 0 0
131 44 0 0
130 44 0 0
129 44 0 0
128 44 0 0
127 44 0 0
126 44 0 0
125 44 0 0
124 44 0 0
123 44 0 0
339 43 0 0
338 43 0 0
337 43 0 0
336 43 0 0
335 43 0 0
334 43 0 0
333 43 0 0
332 43 0 0
331 43 0 0
330 43 0 0
329 43 0 0
328 43 0 0
327 43 0 0
326 43 0 0
325 43 0 0
165 43 0 0
164 43 0 0
163 43 0 0
162 43 0 0
161 43 0 0
160 43 0 0
159 43 0 0
158 43 0 0
157 43 0 0
156 43 0 0
155 43 0 0
154 43 0 0
153 43 0 0
152 43 0 0
151 43 0 0
150 43 0 0
149 43 0 0
148 43 0 0
147 43 0 0
146 43 0 0
145 43 0 0
144 43 0 0
143 43 0 0
142 43 0 0
141 43 0 0
140 43 0 0
139 43 0 0
138 43 0 0
137 43 0 0
136 43 0 0
336 42 0 0
335 42 0 0
334 42 0 0
333 42 0 0
332 42 0 0
331 42 0 0
330 42 0 0
329 42 0 0
328 42 0 0
327 42 0 0
326 42 0 0
325 42 0 0
324 42 0 0
323 42 0 0
169 42 0 0
168 42 0 0
167 42 0 0
166 42 0 0
165 42 0 0
164 42 0 0
163 42 0 0
162 42 0 0
161 42 0 0
160 42 0 0
159 42 0 0
158 42 0 0
157 42 0 0
156 42 0 0
155 42 0 0
154 42 0 0
153 42 0 0
152 42 0 0
151 42 0 0
150 42 0 0
149 42 0 0
148 42 0 0
147 42 0 0
333 41 0 0
332 41 0 0
331 41 0 0
330 41 0 0
329 41 0 0
328 41 0 0
327 41 0 0
326 41 0 0
325 41 0 0
324 41 0 0
323 41 0 0
322 41 0 0
321 41 0 0
320 41 0 0
172 41 0 0
171 41 0 0
170 41 0 0
169 41 0 0
168 41 0 0
167 41 0 0
166 41 0 0
165 41 0 0
164 41 0 0
163 41 0 0
162 41 0 0
161 41 0 0
160 41 0 0
159 41 0 0
158 41 0 0
157 41 0 0
156 41 0 0
155 41 0 0
154 41 0 0
153 41 0 0
152 41 0 0
151 41 0 0
150 41 0 0
330 40 0 0
329 40 0 0
328 40 0 0
327 40 0 0
326 40 0 0
325 40 0 0
324 40 0 0
323 40 0 0
322 40 0 0
321 40 0 0
320 40 0 0
319 40 0 0
318 40 0 0
175 40 0 0
174 40 0 0
173 40 0 0
172 40 0 0
171 40 0 0
170 40 0 0
169 40 0 0
168 40 0 0
167 40 0 0
166 40 0 0
165 40 0 0
164 40 0 0
163 40 0 0
162 40 0 0
161 40 0 0
160 40 0 0
159 40 0 0
158 40 0 0
157 40 0 0
156 40 0 0
155 40 0 0
154 40 0 0
328 39 0 0
327 39 0 0
326 39 0 0
325 39 0 0
324 39 0 0
323 39 0 0
322 39 0 0
321 39 0 0
320 39 0 0
319 39 0 0
318 39 0 0
317 39 0 0
316 39 0 0
178 39 0 0
177 39 0 0
176 39 0 0
175 39 0 0
174 39 0 0
173 39 0 0
172 39 0 0
171 39 0 0
170 39 0 0
169 39 0 0
168 39 0 0
167 39 0 0
166 39 0 0
165 39 0 0
164 39 0 0
163 39 0 0
162 39 0 0
161 39 0 0
160 39 0 0
325 38 0 0
324 38 0 0
323 38 0 0
322 38 0 0
321 38 0 0
320 38 0 0
319 38 0 0
318 38 0 0
317 38 0 0
316 38 0 0
315 38 0 0
314 38 0 0
313 38 0 0
185 38 0 0
184 38 0 0
183 38 0 0
182 38 0 0
181 38 0 0
180 38 0 0
179 38 0 0
178 38 0 0
177 38 0 0
176 38 0 0
175 38 0 0
174 38 0 0
173 38 0 0
172 38 0 0
171 38 0 0
170 38 0 0
169 38 0 0
168 38 0 0
167 38 0 0
166 38 0 0
165 38 0 0
164 38 0 0
323 37 0 0
322 37 0 0
321 37 0 0
320 37 0 0
319 37 0 0
318 37 0 0
317 37 0 0
316 37 0 0
315 37 0 0
314 37 0 0
313 37 0 0
312 37 0 0
311 37 0 0
310 37 0 0
309 37 0 0
192 37 0 0
191 37 0 0
190 37 0 0
189 37 0 0
188 37 0 0
187 37 0 0
186 37 0 0
185 37 0 0
184 37 0 0
183 37 0 0
182 37 0 0
181 37 0 0
180 37 0 0
179 37 0 0
178 37 0 0
177 37 0 0
176 37 0 0
175 37 0 0
174 37 0 0
173 37 0 0
172 37 0 0
171 37 0 0
170 37 0 0
169 37 0 0
168 37 0 0
321 36 0 0
320 36 0 0
319 36 0 0
318 36 0 0
317 36 0 0
316 36 0 0
315 36 0 0
314 36 0 0
313 36 0 0
312 36 0 0
311 36 0 0
310 36 0 0
309 36 0 0
308 36 0 0
307 36 0 0
306 36 0 0
305 36 0 0
196 36 0 0
195 36 0 0
194 36 0 0
193 36 0 0
192 36 0 0
191 36 0 0
190 36 0 0
189 36 0 0
188 36 0 0
187 36 0 0
186 36 0 0
185 36 0 0
184 36 0 0
183 36 0 0
182 36 0 0
181 36 0 0
180 36 0 0
179 36 0 0
178 36 0 0
177 36 0 0
176 36 0 0
175 36 0 0
174 36 0 0
173 36 0 0
172 36 0 0
171 36 0 0
318 35 0 0
317 35 0 0
316 35 0 0
315 35 0 0
314 35 0 0
313 35 0 0
312 35 0 0
311 35 0 0
310 35 0 0
309 35 0 0
308 35 0 0
307 35 0 0
306 35 0 0
305 35 0 0
304 35 0 0
303 35 0 0
302 35 0 0
199 35 0 0
198 35 0 0
197 35 0 0
196 35 0 0
195 35 0 0
194 35 0 0
193 35 0 0
192 35 0 0
191 35 0 0
190 35 0 0
189 35 0 0
188 35 0 0
187 35 0 0
186 35 0 0
185 35 0 0
184 35 0 0
183 35 0 0
182 35 0 0
181 35 0 0
180 35 0 0
179 35 0 0
178 35 0 0
177 35 0 0
176 35 0 0
175 35 0 0
174 35 0 0
316 34 0 0
315 34 0 0
314 34 0 0
313 34 0 0
312 34 0 0
311 34 0 0
310 34 0 0
309 34 0 0
308 34 0 0
307 34 0 0
306 34 0 0
305 34 0 0
304 34 0 0
303 34 0 0
302 34 0 0
301 34 0 0
300 34 0 0
299 34 0 0
203 34 0 0
202 34 0 0
201 34 0 0
200 34 0 0
199 34 0 0
198 34 0 0
197 34 0 0
196 34 0 0
195 34 0 0
194 34 0 0
193 34 0 0
192 34 0 0
191 34 0 0
190 34 0 0
189 34 0 0
188 34 0 0
187 34 0 0
186 34 0 0
185 34 0 0
184 34 0 0
183 34 0 0
182 34 0 0
181 34 0 0
180 34 0 0
179 34 0 0
178 34 0 0
314 33 0 0
313 33 0 0
312 33 0 0
311 33 0 0
310 33 0 0
309 33 0 0
308 33 0 0
307 33 0 0
306 33 0 0
305 33 0 0
304 33 0 0
303 33 0 0
302 33 0 0
301 33 0 0
300 33 0 0
299 33 0 0
298 33 0 0
297 33 0 0
296 33 0 0
295 33 0 0
294 33 0 0
293 33 0 0
292 33 0 0
291 33 0 0
290 33 0 0
289 33 0 0
288 33 0 0
287 33 0 0
286 33 0 0
207 33 0 0
206 33 0 0
205 33 0 0
204 33 0 0
203 33 0 0
202 33 0 0
201 33 0 0
200 33 0 0
199 33 0 0
198 33 0 0
197 33 0 0
196 33 0 0
195 33 0 0
194 33 0 0
193 33 0 0
192 33 0 0
191 33 0 0
190 33 0 0
189 33 0 0
188 33 0 0
187 33 0 0
186 33 0 0
310 32 0 0
309 32 0 0
308 32 0 0
307 32 0 0
306 32 0 0
305 32 0 0
304 32 0 0
303 32 0 0
302 32 0 0
301 32 0 0
300 32 0 0
299 32 0 0
298 32 0 0
297 32 0 0
296 32 0 0
295 32 0 0
294 32 0 0
293 32 0 0
292 32 0 0
291 32 0 0
290 32 0 0
289 32 0 0
288 32 0 0
287 32 0 0
286 32 0 0
285 32 0 0
284 32 0 0
213 32 0 0
212 32 0 0
211 32 0 0
210 32 0 0
209 32 0 0
208 32 0 0
207 32 0 0
206 32 0 0
205 32 0 0
204 32 0 0
203 32 0 0
202 32 0 0
201 32 0 0
200 32 0 0
199 32 0 0
198 32 0 0
197 32 0 0
196 32 0 0
195 32 0 0
194 32 0 0
193 32 0 0
192 32 0 0
306 31 0 0
305 31 0 0
304 31 0 0
303 31 0 0
302 31 0 0
301 31 0 0
300 31 0 0
299 31 0 0
298 31 0 0
297 31 0 0
296 31 0 0
295 31 0 0
294 31 0 0
293 31 0 0
292 31 0 0
291 31 0 0
290 31 0 0
289 31 0 0
288 31 0 0
287 31 0 0
286 31 0 0
285 31 0 0
284 31 0 0
283 31 0 0
282 31 0 0
281 31 0 0
280 31 0 0
279 31 0 0
278 31 0 0
277 31 0 0
276 31 0 0
228 31 0 0
227 31 0 0
226 31 0 0
225 31 0 0
224 31 0 0
223 31 0 0
222 31 0 0
221 31 0 0
220 31 0 0
219 31 0 0
218 31 0 0
217 31 0 0
216 31 0 0
215 31 0 0
214 31 0 0
213 31 0 0
212 31 0 0
211 31 0 0
210 31 0 0
209 31 0 0
208 31 0 0
207 31 0 0
206 31 0 0
205 31 0 0
204 31 0 0
203 31 0 0
202 31 0 0
201 31 0 0
200 31 0 0
199 31 0 0
198 31 0 0
197 31 0 0
196 31 0 0
195 31 0 0
303 30 0 0
302 30 0 0
301 30 0 0
300 30 0 0
299 30 0 0
298 30 0 0
297 30 0 0
296 30 0 0
295 30 0 0
294 30 0 0
293 30 0 0
292 30 0 0
291 30 0 0
290 30 0 0
289 30 0 0
288 30 0 0
287 30 0 0
286 30 0 0
285 30 0 0
284 30 0 0
283 30 0 0
282 30 0 0
281 30 0 0
280 30 0 0
279 30 0 0
278 30 0 0
277 30 0 0
276 30 0 0
275 30 0 0
274 30 0 0
273 30 0 0
234 30 0 0
233 30 0 0
232 30 0 0
231 30 0 0
230 30 0 0
229 30 0 0
228 30 0 0
227 30 0 0
226 30 0 0
225 30 0 0
224 30 0 0
223 30 0 0
222 30 0 0
221 30 0 0
220 30 0 0
219 30 0 0
218 30 0 0
217 30 0 0
216 30 0 0
215 30 0 0
214 30 0 0
213 30 0 0
212 30 0 0
211 30 0 0
210 30 0 0
209 30 0 0
208 30 0 0
207 30 0 0
206 30 0 0
205 30 0 0
204 30 0 0
203 30 0 0
202 30 0 0
201 30 0 0
200 30 0 0
199 30 0 0
198 30 0 0
289 29 0 0
288 29 0 0
287 29 0 0
286 29 0 0
285 29 0 0
284 29 0 0
283 29 0 0
282 29 0 0
281 29 0 0
280 29 0 0
279 29 0 0
278 29 0 0
277 29 0 0
276 29 0 0
275 29 0 0
274 29 0 0
273 29 0 0
272 29 0 0
271 29 0 0
270 29 0 0
269 29 0 0
268 29 0 0
267 29 0 0
266 29 0 0
265 29 0 0
264 29 0 0
263 29 0 0
262 29 0 0
261 29 0 0
260 29 0 0
259 29 0 0
258 29 0 0
257 29 0 0
256 29 0 0
255 29 0 0
254 29 0 0
253 29 0 0
252 29 0 0
251 29 0 0
250 29 0 0
249 29 0 0
248 29 0 0
247 29 0 0
246 29 0 0
245 29 0 0
244 29 0 0
243 29 0 0
242 29 0 0
241 29 0 0
240 29 0 0
239 29 0 0
238 29 0 0
237 29 0 0
236 29 0 0
235 29 0 0
234 29 0 0
233 29 0 0
232 29 0 0
231 29 0 0
230 29 0 0
229 29 0 0
228 29 0 0
227 29 0 0
226 29 0 0
225 29 0 0
224 29 0 0
223 29 0 0
222 29 0 0
221 29 0 0
220 29 0 0
219 29 0 0
218 29 0 0
217 29 0 0
216 29 0 0
215 29 0 0
214 29 0 0
213 29 0 0
212 29 0 0
211 29 0 0
210 29 0 0
209 29 0 0
208 29 0 0
207 29 0 0
206 29 0 0
205 29 0 0
204 29 0 0
203 29 0 0
202 29 0 0
287 28 0 0
286 28 0 0
285 28 0 0
284 28 0 0
283 28 0 0
282 28 0 0
281 28 0 0
280 28 0 0
279 28 0 0
278 28 0 0
277 28 0 0
276 28 0 0
275 28 0 0
274 28 0 0
273 28 0 0
272 28 0 0
271 28 0 0
270 28 0 0
269 28 0 0
268 28 0 0
267 28 0 0
266 28 0 0
265 28 0 0
264 28 0 0
263 28 0 0
262 28 0 0
261 28 0 0
260 28 0 0
259 28 0 0
258 28 0 0
257 28 0 0
256 28 0 0
255 28 0 0
254 28 0 0
253 28 0 0
252 28 0 0
251 28 0 0
250 28 0 0
249 28 0 0
248 28 0 0
247 28 0 0
246 28 0 0
245 28 0 0
244 28 0 0
243 28 0 0
242 28 0 0
241 28 0 0
240 28 0 0
239 28 0 0
238 28 0 0
237 28 0 0
236 28 0 0
235 28 0 0
234 28 0 0
233 28 0 0
232 28 0 0
231 28 0 0
230 28 0 0
229 28 0 0
228 28 0 0
227 28 0 0
226 28 0 0
225 28 0 0
224 28 0 0
223 28 0 0
222 28 0 0
221 28 0 0
220 28 0 0
219 28 0 0
218 28 0 0
217 28 0 0
216 28 0 0
215 28 0 0
214 28 0 0
213 28 0 0
212 28 0 0
211 28 0 0
210 28 0 0
209 28 0 0
208 28 0 0
207 28 0 0
279 27 0 0
278 27 0 0
277 27 0 0
276 27 0 0
275 27 0 0
274 27 0 0
273 27 0 0
272 27 0 0
271 27 0 0
270 27 0 0
269 27 0 0
268 27 0 0
267 27 0 0
266 27 0 0
265 27 0 0
264 27 0 0
263 27 0 0
262 27 0 0
261 27 0 0
260 27 0 0
259 27 0 0
258 27 0 0
257 27 0 0
256 27 0 0
255 27 0 0
254 27 0 0
253 27 0 0
252 27 0 0
251 27 0 0
250 27 0 0
249 27 0 0
248 27 0 0
247 27 0 0
246 27 0 0
245 27 0 0
244 27 0 0
243 27 0 0
242 27 0 0
241 27 0 0
240 27 0 0
239 27 0 0
238 27 0 0
237 27 0 0
236 27 0 0
235 27 0 0
234 27 0 0
233 27 0 0
232 27 0 0
231 27 0 0
230 27 0 0
229 27 0 0
228 27 0 0
227 27 0 0
226 27 0 0
225 27 0 0
224 27 0 0
223 27 0 0
222 27 0 0
221 27 0 0
276 26 0 0
275 26 0 0
274 26 0 0
273 26 0 0
272 26 0 0
271 26 0 0
270 26 0 0
269 26 0 0
268 26 0 0
267 26 0 0
266 26 0 0
265 26 0 0
264 26 0 0
263 26 0 0
262 26 0 0
261 26 0 0
260 26 0 0
259 26 0 0
258 26 0 0
257 26 0 0
256 26 0 0
255 26 0 0
254 26 0 0
253 26 0 0
252 26 0 0
251 26 0 0
250 26 0 0
249 26 0 0
248 26 0 0
247 26 0 0
246 26 0 0
245 26 0 0
244 26 0 0
243 26 0 0
242 26 0 0
241 26 0 0
240 26 0 0
239 26 0 0
238 26 0 0
237 26 0 0
236 26 0 0
235 26 0 0
234 26 0 0
233 26 0 0
232 26 0 0
231 26 0 0
230 26 0 0
229 26 0 0
