5154 640 480
360 464 0 0
359 464 0 0
358 464 0 0
357 464 0 0
356 464 0 0
355 464 0 0
354 464 0 0
353 464 0 0
352 464 0 0
351 464 0 0
350 464 0 0
349 464 0 0
348 464 0 0
347 464 0 0
346 464 0 0
345 464 0 0
344 464 0 0
343 464 0 0
342 464 0 0
341 464 0 0
340 464 0 0
339 464 0 0
338 464 0 0
337 464 0 0
336 464 0 0
335 464 0 0
334 464 0 0
333 464 0 0
332 464 0 0
363 463 0 0
362 463 0 0
361 463 0 0
360 463 0 0
359 463 0 0
358 463 0 0
357 463 0 0
356 463 0 0
355 463 0 0
354 463 0 0
353 463 0 0
352 463 0 0
351 463 0 0
350 463 0 0
349 463 0 0
348 463 0 0
347 463 0 0
346 463 0 0
345 463 0 0
344 463 0 0
343 463 0 0
342 463 0 0
341 463 0 0
340 463 0 0
339 463 0 0
338 463 0 0
337 463 0 0
336 463 0 0
335 463 0 0
334 463 0 0
333 463 0 0
332 463 0 0
331 463 0 0
330 463 0 0
329 463 0 0
328 463 0 0
327 463 0 0
326 463 0 0
325 463 0 0
324 463 0 0
323 463 0 0
322 463 0 0
321 463 0 0
320 463 0 0
319 463 0 0
318 463 0 0
317 463 0 0
316 463 0 0
365 462 0 0
364 462 0 0
363 462 0 0
362 462 0 0
361 462 0 0
360 462 0 0
359 462 0 0
358 462 0 0
357 462 0 0
356 462 0 0
355 462 0 0
354 462 0 0
353 462 0 0
352 462 0 0
351 462 0 0
350 462 0 0
349 462 0 0
348 462 0 0
347 462 0 0
346 462 0 0
345 462 0 0
344 462 0 0
343 462 0 0
342 462 0 0
341 462 0 0
340 462 0 0
339 462 0 0
338 462 0 0
337 462 0 0
336 462 0 0
335 462 0 0
334 462 0 0
333 462 0 0
332 462 0 0
331 462 0 0
330 462 0 0
329 462 0 0
328 462 0 0
327 462 0 0
326 462 0 0
325 462 0 0
324 462 0 0
323 462 0 0
322 462 0 0
321 462 0 0
320 462 0 0
319 462 0 0
318 462 0 0
317 462 0 0
316 462 0 0
315 462 0 0
314 462 0 0
313 462 0 0
312 462 0 0
311 462 0 0
367 461 0 0
366 461 0 0
365 461 0 0
364 461 0 0
363 461 0 0
362 461 0 0
361 461 0 0
360 461 0 0
359 461 0 0
358 461 0 0
357 461 0 0
356 461 0 0
355 461 0 0
354 461 0 0
353 461 0 0
352 461 0 0
351 461 0 0
350 461 0 0
349 461 0 0
348 461 0 0
347 461 0 0
346 461 0 0
345 461 0 0
344 461 0 0
343 461 0 0
342 461 0 0
341 461 0 0
340 461 0 0
339 461 0 0
338 461 0 0
337 461 0 0
336 461 0 0
335 461 0 0
334 461 0 0
333 461 0 0
332 461 0 0
331 461 0 0
330 461 0 0
329 461 0 0
328 461 0 0
327 461 0 0
326 461 0 0
325 461 0 0
324 461 0 0
323 461 0 0
322 461 0 0
321 461 0 0
320 461 0 0
319 461 0 0
318 461 0 0
317 461 0 0
316 461 0 0
315 461 0 0
314 461 0 0
313 461 0 0
312 461 0 0
311 461 0 0
310 461 0 0
309 461 0 0
308 461 0 0
307 461 0 0
306 461 0 0
369 460 0 0
368 460 0 0
367 460 0 0
366 460 0 0
365 460 0 0
364 460 0 0
363 460 0 0
362 460 0 0
361 460 0 0
360 460 0 0
359 460 0 0
358 460 0 0
357 460 0 0
356 460 0 0
355 460 0 0
341 460 0 0
340 460 0 0
339 460 0 0
338 460 0 0
337 460 0 0
336 460 0 0
335 460 0 0
334 460 0 0
333 460 0 0
332 460 0 0
331 460 0 0
330 460 0 0
329 460 0 0
328 460 0 0
327 460 0 0
326 460 0 0
325 460 0 0
324 460 0 0
323 460 0 0
322 460 0 0
321 460 0 0
320 460 0 0
319 460 0 0
318 460 0 0
317 460 0 0
316 460 0 0
315 460 0 0
314 460 0 0
313 460 0 0
312 460 0 0
311 460 0 0
310 460 0 0
309 460 0 0
308 460 0 0
307 460 0 0
306 460 0 0
305 460 0 0
304 460 0 0
303 460 0 0
302 460 0 0
301 460 0 0
371 459 0 0
370 459 0 0
369 459 0 0
368 459 0 0
367 459 0 0
366 459 0 0
365 459 0 0
364 459 0 0
363 459 0 0
362 459 0 0
361 459 0 0
360 459 0 0
359 459 0 0
321 459 0 0
320 459 0 0
319 459 0 0
318 459 0 0
317 459 0 0
316 459 0 0
315 459 0 0
314 459 0 0
313 459 0 0
312 459 0 0
311 459 0 0
310 459 0 0
309 459 0 0
308 459 0 0
307 459 0 0
306 459 0 0
305 459 0 0
304 459 0 0
303 459 0 0
302 459 0 0
301 459 0 0
300 459 0 0
299 459 0 0
298 459 0 0
297 459 0 0
373 458 0 0
372 458 0 0
371 458 0 0
370 458 0 0
369 458 0 0
368 458 0 0
367 458 0 0
366 458 0 0
365 458 0 0
364 458 0 0
363 458 0 0
362 458 0 0
316 458 0 0
315 458 0 0
314 458 0 0
313 458 0 0
312 458 0 0
311 458 0 0
310 458 0 0
309 458 0 0
308 458 0 0
307 458 0 0
306 458 0 0
305 458 0 0
304 458 0 0
303 458 0 0
302 458 0 0
301 458 0 0
300 458 0 0
299 458 0 0
298 458 0 0
297 458 0 0
296 458 0 0
295 458 0 0
294 458 0 0
375 457 0 0
374 457 0 0
373 457 0 0
372 457 0 0
371 457 0 0
370 457 0 0
369 457 0 0
368 457 0 0
367 457 0 0
366 457 0 0
365 457 0 0
364 457 0 0
311 457 0 0
310 457 0 0
309 457 0 0
308 457 0 0
307 457 0 0
306 457 0 0
305 457 0 0
304 457 0 0
303 457 0 0
302 457 0 0
301 457 0 0
300 457 0 0
299 457 0 0
298 457 0 0
297 457 0 0
296 457 0 0
295 457 0 0
294 457 0 0
293 457 0 0
292 457 0 0
291 457 0 0
290 457 0 0
375 456 0 0
374 456 0 0
373 456 0 0
372 456 0 0
371 456 0 0
370 456 0 0
369 456 0 0
368 456 0 0
367 456 0 0
366 456 0 0
306 456 0 0
305 456 0 0
304 456 0 0
303 456 0 0
302 456 0 0
301 456 0 0
300 456 0 0
299 456 0 0
298 456 0 0
297 456 0 0
296 456 0 0
295 456 0 0
294 456 0 0
293 456 0 0
292 456 0 0
291 456 0 0
290 456 0 0
289 456 0 0
288 456 0 0
287 456 0 0
375 455 0 0
374 455 0 0
373 455 0 0
372 455 0 0
371 455 0 0
370 455 0 0
369 455 0 0
368 455 0 0
301 455 0 0
300 455 0 0
299 455 0 0
298 455 0 0
297 455 0 0
296 455 0 0
295 455 0 0
294 455 0 0
293 455 0 0
292 455 0 0
291 455 0 0
290 455 0 0
289 455 0 0
288 455 0 0
287 455 0 0
286 455 0 0
285 455 0 0
284 455 0 0
375 454 0 0
374 454 0 0
373 454 0 0
372 454 0 0
371 454 0 0
370 454 0 0
297 454 0 0
296 454 0 0
295 454 0 0
294 454 0 0
293 454 0 0
292 454 0 0
291 454 0 0
290 454 0 0
289 454 0 0
288 454 0 0
287 454 0 0
286 454 0 0
285 454 0 0
284 454 0 0
283 454 0 0
282 454 0 0
281 454 0 0
294 453 0 0
293 453 0 0
292 453 0 0
291 453 0 0
290 453 0 0
289 453 0 0
288 453 0 0
287 453 0 0
286 453 0 0
285 453 0 0
284 453 0 0
283 453 0 0
282 453 0 0
281 453 0 0
280 453 0 0
279 453 0 0
291 452 0 0
290 452 0 0
289 452 0 0
288 452 0 0
287 452 0 0
286 452 0 0
285 452 0 0
284 452 0 0
283 452 0 0
282 452 0 0
281 452 0 0
280 452 0 0
279 452 0 0
278 452 0 0
277 452 0 0
276 452 0 0
288 451 0 0
287 451 0 0
286 451 0 0
285 451 0 0
284 451 0 0
283 451 0 0
282 451 0 0
281 451 0 0
280 451 0 0
279 451 0 0
278 451 0 0
277 451 0 0
276 451 0 0
275 451 0 0
274 451 0 0
273 451 0 0
285 450 0 0
284 450 0 0
283 450 0 0
282 450 0 0
281 450 0 0
280 450 0 0
279 450 0 0
278 450 0 0
277 450 0 0
276 450 0 0
275 450 0 0
274 450 0 0
273 450 0 0
272 450 0 0
271 450 0 0
270 450 0 0
282 449 0 0
281 449 0 0
280 449 0 0
279 449 0 0
278 449 0 0
277 449 0 0
276 449 0 0
275 449 0 0
274 449 0 0
273 449 0 0
272 449 0 0
271 449 0 0
270 449 0 0
269 449 0 0
268 449 0 0
267 449 0 0
279 448 0 0
278 448 0 0
277 448 0 0
276 448 0 0
275 448 0 0
274 448 0 0
273 448 0 0
272 448 0 0
271 448 0 0
270 448 0 0
269 448 0 0
268 448 0 0
267 448 0 0
266 448 0 0
265 448 0 0
276 447 0 0
275 447 0 0
274 447 0 0
273 447 0 0
272 447 0 0
271 447 0 0
270 447 0 0
269 447 0 0
268 447 0 0
267 447 0 0
266 447 0 0
265 447 0 0
264 447 0 0
263 447 0 0
274 446 0 0
273 446 0 0
272 446 0 0
271 446 0 0
270 446 0 0
269 446 0 0
268 446 0 0
267 446 0 0
266 446 0 0
265 446 0 0
264 446 0 0
263 446 0 0
262 446 0 0
271 445 0 0
270 445 0 0
269 445 0 0
268 445 0 0
267 445 0 0
266 445 0 0
265 445 0 0
264 445 0 0
263 445 0 0
262 445 0 0
261 445 0 0
268 444 0 0
267 444 0 0
266 444 0 0
265 444 0 0
264 444 0 0
263 444 0 0
262 444 0 0
261 444 0 0
260 444 0 0
266 443 0 0
265 443 0 0
264 443 0 0
263 443 0 0
262 443 0 0
261 443 0 0
260 443 0 0
259 443 0 0
258 443 0 0
264 442 0 0
263 442 0 0
262 442 0 0
261 442 0 0
260 442 0 0
259 442 0 0
258 442 0 0
257 442 0 0
256 442 0 0
263 441 0 0
262 441 0 0
261 441 0 0
260 441 0 0
259 441 0 0
258 441 0 0
257 441 0 0
256 441 0 0
255 441 0 0
262 440 0 0
261 440 0 0
260 440 0 0
259 440 0 0
258 440 0 0
257 440 0 0
256 440 0 0
255 440 0 0
254 440 0 0
253 440 0 0
261 439 0 0
260 439 0 0
259 439 0 0
258 439 0 0
257 439 0 0
256 439 0 0
255 439 0 0
254 439 0 0
253 439 0 0
252 439 0 0
259 438 0 0
258 438 0 0
257 438 0 0
256 438 0 0
255 438 0 0
254 438 0 0
253 438 0 0
252 438 0 0
251 438 0 0
250 438 0 0
257 437 0 0
256 437 0 0
255 437 0 0
254 437 0 0
253 437 0 0
252 437 0 0
251 437 0 0
250 437 0 0
249 437 0 0
255 436 0 0
254 436 0 0
253 436 0 0
252 436 0 0
251 436 0 0
250 436 0 0
249 436 0 0
248 436 0 0
254 435 0 0
253 435 0 0
252 435 0 0
251 435 0 0
250 435 0 0
249 435 0 0
248 435 0 0
247 435 0 0
252 434 0 0
251 434 0 0
250 434 0 0
249 434 0 0
248 434 0 0
247 434 0 0
246 434 0 0
251 433 0 0
250 433 0 0
249 433 0 0
248 433 0 0
247 433 0 0
246 433 0 0
245 433 0 0
244 433 0 0
250 432 0 0
249 432 0 0
248 432 0 0
247 432 0 0
246 432 0 0
245 432 0 0
244 432 0 0
243 432 0 0
249 431 0 0
248 431 0 0
247 431 0 0
246 431 0 0
245 431 0 0
244 431 0 0
243 431 0 0
242 431 0 0
248 430 0 0
247 430 0 0
246 430 0 0
245 430 0 0
244 430 0 0
243 430 0 0
242 430 0 0
241 430 0 0
247 429 0 0
246 429 0 0
245 429 0 0
244 429 0 0
243 429 0 0
242 429 0 0
241 429 0 0
240 429 0 0
245 428 0 0
244 428 0 0
243 428 0 0
242 428 0 0
241 428 0 0
240 428 0 0
239 428 0 0
244 427 0 0
243 427 0 0
242 427 0 0
241 427 0 0
240 427 0 0
239 427 0 0
238 427 0 0
243 426 0 0
242 426 0 0
241 426 0 0
240 426 0 0
239 426 0 0
238 426 0 0
237 426 0 0
242 425 0 0
241 425 0 0
240 425 0 0
239 425 0 0
238 425 0 0
237 425 0 0
236 425 0 0
241 424 0 0
240 424 0 0
239 424 0 0
238 424 0 0
237 424 0 0
236 424 0 0
241 423 0 0
240 423 0 0
239 423 0 0
238 423 0 0
237 423 0 0
236 423 0 0
235 423 0 0
240 422 0 0
239 422 0 0
238 422 0 0
237 422 0 0
236 422 0 0
235 422 0 0
234 422 0 0
239 421 0 0
238 421 0 0
237 421 0 0
236 421 0 0
235 421 0 0
234 421 0 0
233 421 0 0
238 420 0 0
237 420 0 0
236 420 0 0
235 420 0 0
234 420 0 0
233 420 0 0
232 420 0 0
237 419 0 0
236 419 0 0
235 419 0 0
234 419 0 0
233 419 0 0
232 419 0 0
231 419 0 0
236 418 0 0
235 418 0 0
234 418 0 0
233 418 0 0
232 418 0 0
231 418 0 0
230 418 0 0
235 417 0 0
234 417 0 0
233 417 0 0
232 417 0 0
231 417 0 0
230 417 0 0
229 417 0 0
234 416 0 0
233 416 0 0
232 416 0 0
231 416 0 0
230 416 0 0
229 416 0 0
228 416 0 0
233 415 0 0
232 415 0 0
231 415 0 0
230 415 0 0
229 415 0 0
228 415 0 0
227 415 0 0
232 414 0 0
231 414 0 0
230 414 0 0
229 414 0 0
228 414 0 0
227 414 0 0
226 414 0 0
481 413 0 0
480 413 0 0
479 413 0 0
478 413 0 0
232 413 0 0
231 413 0 0
230 413 0 0
229 413 0 0
228 413 0 0
227 413 0 0
226 413 0 0
481 412 0 0
480 412 0 0
479 412 0 0
478 412 0 0
231 412 0 0
230 412 0 0
229 412 0 0
228 412 0 0
227 412 0 0
226 412 0 0
225 412 0 0
482 411 0 0
481 411 0 0
480 411 0 0
479 411 0 0
478 411 0 0
230 411 0 0
229 411 0 0
228 411 0 0
227 411 0 0
226 411 0 0
225 411 0 0
224 411 0 0
223 411 0 0
482 410 0 0
481 410 0 0
480 410 0 0
479 410 0 0
478 410 0 0
229 410 0 0
228 410 0 0
227 410 0 0
226 410 0 0
225 410 0 0
224 410 0 0
223 410 0 0
222 410 0 0
483 409 0 0
482 409 0 0
481 409 0 0
480 409 0 0
479 409 0 0
478 409 0 0
228 409 0 0
227 409 0 0
226 409 0 0
225 409 0 0
224 409 0 0
223 409 0 0
222 409 0 0
221 409 0 0
483 408 0 0
482 408 0 0
481 408 0 0
480 408 0 0
479 408 0 0
227 408 0 0
226 408 0 0
225 408 0 0
224 408 0 0
223 408 0 0
222 408 0 0
221 408 0 0
220 408 0 0
483 407 0 0
482 407 0 0
481 407 0 0
480 407 0 0
479 407 0 0
226 407 0 0
225 407 0 0
224 407 0 0
223 407 0 0
222 407 0 0
221 407 0 0
220 407 0 0
219 407 0 0
484 406 0 0
483 406 0 0
482 406 0 0
481 406 0 0
480 406 0 0
225 406 0 0
224 406 0 0
223 406 0 0
222 406 0 0
221 406 0 0
220 406 0 0
219 406 0 0
218 406 0 0
217 406 0 0
484 405 0 0
483 405 0 0
482 405 0 0
481 405 0 0
480 405 0 0
224 405 0 0
223 405 0 0
222 405 0 0
221 405 0 0
220 405 0 0
219 405 0 0
218 405 0 0
217 405 0 0
216 405 0 0
484 404 0 0
483 404 0 0
482 404 0 0
481 404 0 0
480 404 0 0
222 404 0 0
221 404 0 0
220 404 0 0
219 404 0 0
218 404 0 0
217 404 0 0
216 404 0 0
215 404 0 0
214 404 0 0
485 403 0 0
484 403 0 0
483 403 0 0
482 403 0 0
481 403 0 0
480 403 0 0
221 403 0 0
220 403 0 0
219 403 0 0
218 403 0 0
217 403 0 0
216 403 0 0
215 403 0 0
214 403 0 0
213 403 0 0
485 402 0 0
484 402 0 0
483 402 0 0
482 402 0 0
481 402 0 0
219 402 0 0
218 402 0 0
217 402 0 0
216 402 0 0
215 402 0 0
214 402 0 0
213 402 0 0
212 402 0 0
485 401 0 0
484 401 0 0
483 401 0 0
482 401 0 0
481 401 0 0
218 401 0 0
217 401 0 0
216 401 0 0
215 401 0 0
214 401 0 0
213 401 0 0
212 401 0 0
485 400 0 0
484 400 0 0
483 400 0 0
482 400 0 0
481 400 0 0
216 400 0 0
215 400 0 0
214 400 0 0
213 400 0 0
212 400 0 0
211 400 0 0
485 399 0 0
484 399 0 0
483 399 0 0
482 399 0 0
481 399 0 0
216 399 0 0
215 399 0 0
214 399 0 0
213 399 0 0
212 399 0 0
211 399 0 0
485 398 0 0
484 398 0 0
483 398 0 0
482 398 0 0
215 398 0 0
214 398 0 0
213 398 0 0
212 398 0 0
211 398 0 0
210 398 0 0
485 397 0 0
484 397 0 0
483 397 0 0
482 397 0 0
215 397 0 0
214 397 0 0
213 397 0 0
212 397 0 0
211 397 0 0
210 397 0 0
209 397 0 0
485 396 0 0
484 396 0 0
483 396 0 0
482 396 0 0
214 396 0 0
213 396 0 0
212 396 0 0
211 396 0 0
210 396 0 0
209 396 0 0
486 395 0 0
485 395 0 0
484 395 0 0
483 395 0 0
482 395 0 0
213 395 0 0
212 395 0 0
211 395 0 0
210 395 0 0
209 395 0 0
486 394 0 0
485 394 0 0
484 394 0 0
483 394 0 0
482 394 0 0
212 394 0 0
211 394 0 0
210 394 0 0
209 394 0 0
486 393 0 0
485 393 0 0
484 393 0 0
483 393 0 0
482 393 0 0
212 393 0 0
211 393 0 0
210 393 0 0
209 393 0 0
486 392 0 0
485 392 0 0
484 392 0 0
483 392 0 0
482 392 0 0
212 392 0 0
211 392 0 0
210 392 0 0
209 392 0 0
486 391 0 0
485 391 0 0
484 391 0 0
483 391 0 0
482 391 0 0
212 391 0 0
211 391 0 0
210 391 0 0
209 391 0 0
487 390 0 0
486 390 0 0
485 390 0 0
484 390 0 0
483 390 0 0
482 390 0 0
212 390 0 0
211 390 0 0
210 390 0 0
209 390 0 0
487 389 0 0
486 389 0 0
485 389 0 0
484 389 0 0
483 389 0 0
212 389 0 0
211 389 0 0
210 389 0 0
209 389 0 0
487 388 0 0
486 388 0 0
485 388 0 0
484 388 0 0
483 388 0 0
212 388 0 0
211 388 0 0
210 388 0 0
209 388 0 0
487 387 0 0
486 387 0 0
485 387 0 0
484 387 0 0
483 387 0 0
212 387 0 0
211 387 0 0
210 387 0 0
209 387 0 0
487 386 0 0
486 386 0 0
485 386 0 0
484 386 0 0
483 386 0 0
212 386 0 0
211 386 0 0
210 386 0 0
209 386 0 0
488 385 0 0
487 385 0 0
486 385 0 0
485 385 0 0
484 385 0 0
483 385 0 0
212 385 0 0
211 385 0 0
210 385 0 0
209 385 0 0
488 384 0 0
487 384 0 0
486 384 0 0
485 384 0 0
484 384 0 0
212 384 0 0
211 384 0 0
210 384 0 0
209 384 0 0
488 383 0 0
487 383 0 0
486 383 0 0
485 383 0 0
484 383 0 0
212 383 0 0
211 383 0 0
210 383 0 0
209 383 0 0
488 382 0 0
487 382 0 0
486 382 0 0
485 382 0 0
484 382 0 0
212 382 0 0
211 382 0 0
210 382 0 0
209 382 0 0
488 381 0 0
487 381 0 0
486 381 0 0
485 381 0 0
484 381 0 0
212 381 0 0
211 381 0 0
210 381 0 0
209 381 0 0
488 380 0 0
487 380 0 0
486 380 0 0
485 380 0 0
484 380 0 0
212 380 0 0
211 380 0 0
210 380 0 0
209 380 0 0
489 379 0 0
488 379 0 0
487 379 0 0
486 379 0 0
485 379 0 0
484 379 0 0
212 379 0 0
211 379 0 0
210 379 0 0
209 379 0 0
489 378 0 0
488 378 0 0
487 378 0 0
486 378 0 0
485 378 0 0
212 378 0 0
211 378 0 0
210 378 0 0
209 378 0 0
489 377 0 0
488 377 0 0
487 377 0 0
486 377 0 0
485 377 0 0
212 377 0 0
211 377 0 0
210 377 0 0
209 377 0 0
489 376 0 0
488 376 0 0
487 376 0 0
486 376 0 0
485 376 0 0
212 376 0 0
211 376 0 0
210 376 0 0
209 376 0 0
489 375 0 0
488 375 0 0
487 375 0 0
486 375 0 0
485 375 0 0
212 375 0 0
211 375 0 0
210 375 0 0
209 375 0 0
489 374 0 0
488 374 0 0
487 374 0 0
486 374 0 0
485 374 0 0
212 374 0 0
211 374 0 0
210 374 0 0
209 374 0 0
490 373 0 0
489 373 0 0
488 373 0 0
487 373 0 0
486 373 0 0
485 373 0 0
212 373 0 0
211 373 0 0
210 373 0 0
209 373 0 0
490 372 0 0
489 372 0 0
488 372 0 0
487 372 0 0
486 372 0 0
212 372 0 0
211 372 0 0
210 372 0 0
209 372 0 0
490 371 0 0
489 371 0 0
488 371 0 0
487 371 0 0
486 371 0 0
212 371 0 0
211 371 0 0
210 371 0 0
209 371 0 0
490 370 0 0
489 370 0 0
488 370 0 0
487 370 0 0
486 370 0 0
212 370 0 0
211 370 0 0
210 370 0 0
209 370 0 0
490 369 0 0
489 369 0 0
488 369 0 0
487 369 0 0
486 369 0 0
212 369 0 0
211 369 0 0
210 369 0 0
209 369 0 0
491 368 0 0
490 368 0 0
489 368 0 0
488 368 0 0
487 368 0 0
486 368 0 0
212 368 0 0
211 368 0 0
210 368 0 0
209 368 0 0
491 367 0 0
490 367 0 0
489 367 0 0
488 367 0 0
487 367 0 0
212 367 0 0
211 367 0 0
210 367 0 0
209 367 0 0
491 366 0 0
490 366 0 0
489 366 0 0
488 366 0 0
487 366 0 0
212 366 0 0
211 366 0 0
210 366 0 0
209 366 0 0
491 365 0 0
490 365 0 0
489 365 0 0
488 365 0 0
487 365 0 0
212 365 0 0
211 365 0 0
210 365 0 0
209 365 0 0
492 364 0 0
491 364 0 0
490 364 0 0
489 364 0 0
488 364 0 0
487 364 0 0
212 364 0 0
211 364 0 0
210 364 0 0
209 364 0 0
492 363 0 0
491 363 0 0
490 363 0 0
489 363 0 0
488 363 0 0
487 363 0 0
423 363 0 1
422 363 0 1
421 363 0 1
420 363 0 1
419 363 0 1
418 363 0 1
417 363 0 1
416 363 0 1
415 363 0 1
414 363 0 1
413 363 0 1
412 363 0 1
411 363 0 1
212 363 0 0
211 363 0 0
210 363 0 0
209 363 0 0
492 362 0 0
491 362 0 0
490 362 0 0
489 362 0 0
488 362 0 0
423 362 0 1
422 362 0 1
421 362 0 1
420 362 0 1
419 362 0 1
418 362 0 1
417 362 0 1
416 362 0 1
415 362 0 1
414 362 0 1
413 362 0 1
412 362 0 1
411 362 0 1
410 362 0 1
409 362 0 1
408 362 0 1
212 362 0 0
211 362 0 0
210 362 0 0
209 362 0 0
492 361 0 0
491 361 0 0
490 361 0 0
489 361 0 0
488 361 0 0
423 361 0 1
422 361 0 1
421 361 0 1
420 361 0 1
419 361 0 1
418 361 0 1
417 361 0 1
416 361 0 1
415 361 0 1
414 361 0 1
413 361 0 1
412 361 0 1
411 361 0 1
410 361 0 1
409 361 0 1
408 361 0 1
407 361 0 1
406 361 0 1
405 361 0 1
212 361 0 0
211 361 0 0
210 361 0 0
209 361 0 0
492 360 0 0
491 360 0 0
490 360 0 0
489 360 0 0
488 360 0 0
423 360 0 1
422 360 0 1
421 360 0 1
420 360 0 1
419 360 0 1
418 360 0 1
417 360 0 1
416 360 0 1
415 360 0 1
414 360 0 1
413 360 0 1
412 360 0 1
411 360 0 1
410 360 0 1
409 360 0 1
408 360 0 1
407 360 0 1
406 360 0 1
405 360 0 1
404 360 0 1
403 360 0 1
402 360 0 1
212 360 0 0
211 360 0 0
210 360 0 0
209 360 0 0
492 359 0 0
491 359 0 0
490 359 0 0
489 359 0 0
488 359 0 0
415 359 0 1
414 359 0 1
413 359 0 1
412 359 0 1
411 359 0 1
410 359 0 1
409 359 0 1
408 359 0 1
407 359 0 1
406 359 0 1
405 359 0 1
404 359 0 1
403 359 0 1
402 359 0 1
401 359 0 1
400 359 0 1
399 359 0 1
398 359 0 1
212 359 0 0
211 359 0 0
210 359 0 0
209 359 0 0
493 358 0 0
492 358 0 0
491 358 0 0
490 358 0 0
489 358 0 0
488 358 0 0
412 358 0 1
411 358 0 1
410 358 0 1
409 358 0 1
408 358 0 1
407 358 0 1
406 358 0 1
405 358 0 1
404 358 0 1
403 358 0 1
402 358 0 1
401 358 0 1
400 358 0 1
399 358 0 1
398 358 0 1
397 358 0 1
212 358 0 0
211 358 0 0
210 358 0 0
209 358 0 0
493 357 0 0
492 357 0 0
491 357 0 0
490 357 0 0
489 357 0 0
409 357 0 1
408 357 0 1
407 357 0 1
406 357 0 1
405 357 0 1
404 357 0 1
403 357 0 1
402 357 0 1
401 357 0 1
400 357 0 1
399 357 0 1
398 357 0 1
397 357 0 1
396 357 0 1
395 357 0 1
394 357 0 1
212 357 0 0
211 357 0 0
210 357 0 0
209 357 0 0
493 356 0 0
492 356 0 0
491 356 0 0
490 356 0 0
489 356 0 0
406 356 0 1
405 356 0 1
404 356 0 1
403 356 0 1
402 356 0 1
401 356 0 1
400 356 0 1
399 356 0 1
398 356 0 1
397 356 0 1
396 356 0 1
395 356 0 1
394 356 0 1
393 356 0 1
392 356 0 1
213 356 0 0
212 356 0 0
211 356 0 0
210 356 0 0
209 356 0 0
493 355 0 0
492 355 0 0
491 355 0 0
490 355 0 0
489 355 0 0
402 355 0 1
401 355 0 1
400 355 0 1
399 355 0 1
398 355 0 1
397 355 0 1
396 355 0 1
395 355 0 1
394 355 0 1
393 355 0 1
392 355 0 1
391 355 0 1
213 355 0 0
212 355 0 0
211 355 0 0
210 355 0 0
209 355 0 0
493 354 0 0
492 354 0 0
491 354 0 0
490 354 0 0
489 354 0 0
399 354 0 1
398 354 0 1
397 354 0 1
396 354 0 1
395 354 0 1
394 354 0 1
393 354 0 1
392 354 0 1
391 354 0 1
390 354 0 1
389 354 0 1
213 354 0 0
212 354 0 0
211 354 0 0
210 354 0 0
209 354 0 0
493 353 0 0
492 353 0 0
491 353 0 0
490 353 0 0
489 353 0 0
398 353 0 1
397 353 0 1
396 353 0 1
395 353 0 1
394 353 0 1
393 353 0 1
392 353 0 1
391 353 0 1
390 353 0 1
389 353 0 1
388 353 0 1
387 353 0 1
386 353 0 1
385 353 0 1
213 353 0 0
212 353 0 0
211 353 0 0
210 353 0 0
209 353 0 0
494 352 0 0
493 352 0 0
492 352 0 0
491 352 0 0
490 352 0 0
395 352 0 1
394 352 0 1
393 352 0 1
392 352 0 1
391 352 0 1
390 352 0 1
389 352 0 1
388 352 0 1
387 352 0 1
386 352 0 1
385 352 0 1
384 352 0 1
213 352 0 0
212 352 0 0
211 352 0 0
210 352 0 0
209 352 0 0
494 351 0 0
493 351 0 0
492 351 0 0
491 351 0 0
490 351 0 0
393 351 0 1
392 351 0 1
391 351 0 1
390 351 0 1
389 351 0 1
388 351 0 1
387 351 0 1
386 351 0 1
385 351 0 1
384 351 0 1
383 351 0 1
382 351 0 1
214 351 0 0
213 351 0 0
212 351 0 0
211 351 0 0
210 351 0 0
209 351 0 0
494 350 0 0
493 350 0 0
492 350 0 0
491 350 0 0
490 350 0 0
391 350 0 1
390 350 0 1
389 350 0 1
388 350 0 1
387 350 0 1
386 350 0 1
385 350 0 1
384 350 0 1
383 350 0 1
382 350 0 1
381 350 0 1
380 350 0 1
214 350 0 0
213 350 0 0
212 350 0 0
211 350 0 0
210 350 0 0
494 349 0 0
493 349 0 0
492 349 0 0
491 349 0 0
490 349 0 0
390 349 0 1
389 349 0 1
388 349 0 1
387 349 0 1
386 349 0 1
385 349 0 1
384 349 0 1
383 349 0 1
382 349 0 1
381 349 0 1
380 349 0 1
379 349 0 1
214 349 0 0
213 349 0 0
212 349 0 0
211 349 0 0
210 349 0 0
494 348 0 0
493 348 0 0
492 348 0 0
491 348 0 0
490 348 0 0
386 348 0 1
385 348 0 1
384 348 0 1
383 348 0 1
382 348 0 1
381 348 0 1
380 348 0 1
379 348 0 1
378 348 0 1
377 348 0 1
214 348 0 0
213 348 0 0
212 348 0 0
211 348 0 0
210 348 0 0
494 347 0 0
493 347 0 0
492 347 0 0
491 347 0 0
490 347 0 0
384 347 0 1
383 347 0 1
382 347 0 1
381 347 0 1
380 347 0 1
379 347 0 1
378 347 0 1
377 347 0 1
376 347 0 1
375 347 0 1
214 347 0 0
213 347 0 0
212 347 0 0
211 347 0 0
210 347 0 0
494 346 0 0
493 346 0 0
492 346 0 0
491 346 0 0
383 346 0 1
382 346 0 1
381 346 0 1
380 346 0 1
379 346 0 1
378 346 0 1
377 346 0 1
376 346 0 1
375 346 0 1
374 346 0 1
373 346 0 1
214 346 0 0
213 346 0 0
212 346 0 0
211 346 0 0
210 346 0 0
494 345 0 0
493 345 0 0
492 345 0 0
491 345 0 0
381 345 0 1
380 345 0 1
379 345 0 1
378 345 0 1
377 345 0 1
376 345 0 1
375 345 0 1
374 345 0 1
373 345 0 1
372 345 0 1
214 345 0 0
213 345 0 0
212 345 0 0
211 345 0 0
210 345 0 0
494 344 0 0
493 344 0 0
492 344 0 0
491 344 0 0
380 344 0 1
379 344 0 1
378 344 0 1
377 344 0 1
376 344 0 1
375 344 0 1
374 344 0 1
373 344 0 1
372 344 0 1
371 344 0 1
214 344 0 0
213 344 0 0
212 344 0 0
211 344 0 0
494 343 0 0
493 343 0 0
492 343 0 0
491 343 0 0
378 343 0 1
377 343 0 1
376 343 0 1
375 343 0 1
374 343 0 1
373 343 0 1
372 343 0 1
371 343 0 1
370 343 0 1
214 343 0 0
213 343 0 0
212 343 0 0
211 343 0 0
494 342 0 0
493 342 0 0
492 342 0 0
491 342 0 0
376 342 0 1
375 342 0 1
374 342 0 1
373 342 0 1
372 342 0 1
371 342 0 1
370 342 0 1
369 342 0 1
214 342 0 0
213 342 0 0
212 342 0 0
211 342 0 0
494 341 0 0
493 341 0 0
492 341 0 0
491 341 0 0
374 341 0 1
373 341 0 1
372 341 0 1
371 341 0 1
370 341 0 1
369 341 0 1
368 341 0 1
214 341 0 0
213 341 0 0
212 341 0 0
211 341 0 0
494 340 0 0
493 340 0 0
492 340 0 0
491 340 0 0
373 340 0 1
372 340 0 1
371 340 0 1
370 340 0 1
369 340 0 1
368 340 0 1
367 340 0 1
366 340 0 1
215 340 0 0
214 340 0 0
213 340 0 0
212 340 0 0
211 340 0 0
494 339 0 0
493 339 0 0
492 339 0 0
491 339 0 0
372 339 0 1
371 339 0 1
370 339 0 1
369 339 0 1
368 339 0 1
367 339 0 1
366 339 0 1
365 339 0 1
215 339 0 0
214 339 0 0
213 339 0 0
212 339 0 0
211 339 0 0
494 338 0 0
493 338 0 0
492 338 0 0
491 338 0 0
371 338 0 1
370 338 0 1
369 338 0 1
368 338 0 1
367 338 0 1
366 338 0 1
365 338 0 1
364 338 0 1
215 338 0 0
214 338 0 0
213 338 0 0
212 338 0 0
211 338 0 0
494 337 0 0
493 337 0 0
492 337 0 0
491 337 0 0
370 337 0 1
369 337 0 1
368 337 0 1
367 337 0 1
366 337 0 1
365 337 0 1
364 337 0 1
363 337 0 1
362 337 0 1
215 337 0 0
214 337 0 0
213 337 0 0
212 337 0 0
211 337 0 0
494 336 0 0
493 336 0 0
492 336 0 0
491 336 0 0
369 336 0 1
368 336 0 1
367 336 0 1
366 336 0 1
365 336 0 1
364 336 0 1
363 336 0 1
362 336 0 1
361 336 0 1
216 336 0 0
215 336 0 0
214 336 0 0
213 336 0 0
212 336 0 0
211 336 0 0
494 335 0 0
493 335 0 0
492 335 0 0
491 335 0 0
367 335 0 1
366 335 0 1
365 335 0 1
364 335 0 1
363 335 0 1
362 335 0 1
361 335 0 1
360 335 0 1
359 335 0 1
216 335 0 0
215 335 0 0
214 335 0 0
213 335 0 0
212 335 0 0
494 334 0 0
493 334 0 0
492 334 0 0
491 334 0 0
366 334 0 1
365 334 0 1
364 334 0 1
363 334 0 1
362 334 0 1
361 334 0 1
360 334 0 1
359 334 0 1
358 334 0 1
216 334 0 0
215 334 0 0
214 334 0 0
213 334 0 0
212 334 0 0
494 333 0 0
493 333 0 0
492 333 0 0
491 333 0 0
365 333 0 1
364 333 0 1
363 333 0 1
362 333 0 1
361 333 0 1
360 333 0 1
359 333 0 1
358 333 0 1
357 333 0 1
356 333 0 1
216 333 0 0
215 333 0 0
214 333 0 0
213 333 0 0
212 333 0 0
494 332 0 0
493 332 0 0
492 332 0 0
491 332 0 0
363 332 0 1
362 332 0 1
361 332 0 1
360 332 0 1
359 332 0 1
358 332 0 1
357 332 0 1
356 332 0 1
355 332 0 1
216 332 0 0
215 332 0 0
214 332 0 0
213 332 0 0
212 332 0 0
494 331 0 0
493 331 0 0
492 331 0 0
491 331 0 0
362 331 0 1
361 331 0 1
360 331 0 1
359 331 0 1
358 331 0 1
357 331 0 1
356 331 0 1
355 331 0 1
354 331 0 1
353 331 0 1
216 331 0 0
215 331 0 0
214 331 0 0
213 331 0 0
494 330 0 0
493 330 0 0
492 330 0 0
491 330 0 0
360 330 0 1
359 330 0 1
358 330 0 1
357 330 0 1
356 330 0 1
355 330 0 1
354 330 0 1
353 330 0 1
352 330 0 1
216 330 0 0
215 330 0 0
214 330 0 0
213 330 0 0
494 329 0 0
493 329 0 0
492 329 0 0
491 329 0 0
359 329 0 1
358 329 0 1
357 329 0 1
356 329 0 1
355 329 0 1
354 329 0 1
353 329 0 1
352 329 0 1
351 329 0 1
216 329 0 0
215 329 0 0
214 329 0 0
213 329 0 0
494 328 0 0
493 328 0 0
492 328 0 0
491 328 0 0
357 328 0 1
356 328 0 1
355 328 0 1
354 328 0 1
353 328 0 1
352 328 0 1
351 328 0 1
350 328 0 1
216 328 0 0
215 328 0 0
214 328 0 0
213 328 0 0
494 327 0 0
493 327 0 0
492 327 0 0
491 327 0 0
356 327 0 1
355 327 0 1
354 327 0 1
353 327 0 1
352 327 0 1
351 327 0 1
350 327 0 1
349 327 0 1
217 327 0 0
216 327 0 0
215 327 0 0
214 327 0 0
213 327 0 0
494 326 0 0
493 326 0 0
492 326 0 0
491 326 0 0
355 326 0 1
354 326 0 1
353 326 0 1
352 326 0 1
351 326 0 1
350 326 0 1
349 326 0 1
348 326 0 1
217 326 0 0
216 326 0 0
215 326 0 0
214 326 0 0
213 326 0 0
494 325 0 0
493 325 0 0
492 325 0 0
491 325 0 0
353 325 0 1
352 325 0 1
351 325 0 1
350 325 0 1
349 325 0 1
348 325 0 1
347 325 0 1
218 325 0 0
217 325 0 0
216 325 0 0
215 325 0 0
214 325 0 0
213 325 0 0
494 324 0 0
493 324 0 0
492 324 0 0
491 324 0 0
352 324 0 1
351 324 0 1
350 324 0 1
349 324 0 1
348 324 0 1
347 324 0 1
218 324 0 0
217 324 0 0
216 324 0 0
215 324 0 0
214 324 0 0
213 324 0 0
494 323 0 0
493 323 0 0
492 323 0 0
491 323 0 0
352 323 0 1
351 323 0 1
350 323 0 1
349 323 0 1
348 323 0 1
347 323 0 1
346 323 0 1
218 323 0 0
217 323 0 0
216 323 0 0
215 323 0 0
214 323 0 0
494 322 0 0
493 322 0 0
492 322 0 0
491 322 0 0
351 322 0 1
350 322 0 1
349 322 0 1
348 322 0 1
347 322 0 1
346 322 0 1
345 322 0 1
344 322 0 1
218 322 0 0
217 322 0 0
216 322 0 0
215 322 0 0
214 322 0 0
494 321 0 0
493 321 0 0
492 321 0 0
491 321 0 0
350 321 0 1
349 321 0 1
348 321 0 1
347 321 0 1
346 321 0 1
345 321 0 1
344 321 0 1
343 321 0 1
218 321 0 0
217 321 0 0
216 321 0 0
215 321 0 0
494 320 0 0
493 320 0 0
492 320 0 0
491 320 0 0
349 320 0 1
348 320 0 1
347 320 0 1
346 320 0 1
345 320 0 1
344 320 0 1
343 320 0 1
342 320 0 1
218 320 0 0
217 320 0 0
216 320 0 0
215 320 0 0
494 319 0 0
493 319 0 0
492 319 0 0
491 319 0 0
348 319 0 1
347 319 0 1
346 319 0 1
345 319 0 1
344 319 0 1
343 319 0 1
342 319 0 1
341 319 0 1
218 319 0 0
217 319 0 0
216 319 0 0
215 319 0 0
494 318 0 0
493 318 0 0
492 318 0 0
491 318 0 0
347 318 0 1
346 318 0 1
345 318 0 1
344 318 0 1
343 318 0 1
342 318 0 1
341 318 0 1
340 318 0 1
218 318 0 0
217 318 0 0
216 318 0 0
215 318 0 0
494 317 0 0
493 317 0 0
492 317 0 0
491 317 0 0
346 317 0 1
345 317 0 1
344 317 0 1
343 317 0 1
342 317 0 1
341 317 0 1
340 317 0 1
339 317 0 1
219 317 0 0
218 317 0 0
217 317 0 0
216 317 0 0
215 317 0 0
494 316 0 0
493 316 0 0
492 316 0 0
491 316 0 0
345 316 0 1
344 316 0 1
343 316 0 1
342 316 0 1
341 316 0 1
340 316 0 1
339 316 0 1
338 316 0 1
219 316 0 0
218 316 0 0
217 316 0 0
216 316 0 0
215 316 0 0
494 315 0 0
493 315 0 0
492 315 0 0
491 315 0 0
343 315 0 1
342 315 0 1
341 315 0 1
340 315 0 1
339 315 0 1
338 315 0 1
337 315 0 1
219 315 0 0
218 315 0 0
217 315 0 0
216 315 0 0
215 315 0 0
494 314 0 0
493 314 0 0
492 314 0 0
491 314 0 0
342 314 0 1
341 314 0 1
340 314 0 1
339 314 0 1
338 314 0 1
337 314 0 1
336 314 0 1
220 314 0 0
219 314 0 0
218 314 0 0
217 314 0 0
216 314 0 0
215 314 0 0
494 313 0 0
493 313 0 0
492 313 0 0
491 313 0 0
341 313 0 1
340 313 0 1
339 313 0 1
338 313 0 1
337 313 0 1
336 313 0 1
335 313 0 1
220 313 0 0
219 313 0 0
218 313 0 0
217 313 0 0
216 313 0 0
494 312 0 0
493 312 0 0
492 312 0 0
491 312 0 0
340 312 0 1
339 312 0 1
338 312 0 1
337 312 0 1
336 312 0 1
335 312 0 1
334 312 0 1
220 312 0 0
219 312 0 0
218 312 0 0
217 312 0 0
216 312 0 0
494 311 0 0
493 311 0 0
492 311 0 0
491 311 0 0
339 311 0 1
338 311 0 1
337 311 0 1
336 311 0 1
335 311 0 1
334 311 0 1
333 311 0 1
220 311 0 0
219 311 0 0
218 311 0 0
217 311 0 0
216 311 0 0
494 310 0 0
493 310 0 0
492 310 0 0
491 310 0 0
338 310 0 1
337 310 0 1
336 310 0 1
335 310 0 1
334 310 0 1
333 310 0 1
332 310 0 1
220 310 0 0
219 310 0 0
218 310 0 0
217 310 0 0
494 309 0 0
493 309 0 0
492 309 0 0
491 309 0 0
337 309 0 1
336 309 0 1
335 309 0 1
334 309 0 1
333 309 0 1
332 309 0 1
331 309 0 1
221 309 0 0
220 309 0 0
219 309 0 0
218 309 0 0
217 309 0 0
494 308 0 0
493 308 0 0
492 308 0 0
491 308 0 0
336 308 0 1
335 308 0 1
334 308 0 1
333 308 0 1
332 308 0 1
331 308 0 1
221 308 0 0
220 308 0 0
219 308 0 0
218 308 0 0
217 308 0 0
494 307 0 0
493 307 0 0
492 307 0 0
491 307 0 0
335 307 0 1
334 307 0 1
333 307 0 1
332 307 0 1
331 307 0 1
330 307 0 1
221 307 0 0
220 307 0 0
219 307 0 0
218 307 0 0
217 307 0 0
494 306 0 0
493 306 0 0
492 306 0 0
491 306 0 0
335 306 0 1
334 306 0 1
333 306 0 1
332 306 0 1
331 306 0 1
330 306 0 1
329 306 0 1
221 306 0 0
220 306 0 0
219 306 0 0
218 306 0 0
217 306 0 0
494 305 0 0
493 305 0 0
492 305 0 0
491 305 0 0
334 305 0 1
333 305 0 1
332 305 0 1
331 305 0 1
330 305 0 1
329 305 0 1
221 305 0 0
220 305 0 0
219 305 0 0
218 305 0 0
217 305 0 0
494 304 0 0
493 304 0 0
492 304 0 0
491 304 0 0
333 304 0 1
332 304 0 1
331 304 0 1
330 304 0 1
329 304 0 1
328 304 0 1
221 304 0 0
220 304 0 0
219 304 0 0
218 304 0 0
494 303 0 0
493 303 0 0
492 303 0 0
491 303 0 0
333 303 0 1
332 303 0 1
331 303 0 1
330 303 0 1
329 303 0 1
328 303 0 1
327 303 0 1
221 303 0 0
220 303 0 0
219 303 0 0
218 303 0 0
494 302 0 0
493 302 0 0
492 302 0 0
491 302 0 0
332 302 0 1
331 302 0 1
330 302 0 1
329 302 0 1
328 302 0 1
327 302 0 1
221 302 0 0
220 302 0 0
219 302 0 0
218 302 0 0
494 301 0 0
493 301 0 0
492 301 0 0
491 301 0 0
331 301 0 1
330 301 0 1
329 301 0 1
328 301 0 1
327 301 0 1
326 301 0 1
221 301 0 0
220 301 0 0
219 301 0 0
218 301 0 0
494 300 0 0
493 300 0 0
492 300 0 0
491 300 0 0
331 300 0 1
330 300 0 1
329 300 0 1
328 300 0 1
327 300 0 1
326 300 0 1
325 300 0 1
221 300 0 0
220 300 0 0
219 300 0 0
218 300 0 0
494 299 0 0
493 299 0 0
492 299 0 0
491 299 0 0
330 299 0 1
329 299 0 1
328 299 0 1
327 299 0 1
326 299 0 1
325 299 0 1
221 299 0 0
220 299 0 0
219 299 0 0
218 299 0 0
494 298 0 0
493 298 0 0
492 298 0 0
491 298 0 0
329 298 0 1
328 298 0 1
327 298 0 1
326 298 0 1
325 298 0 1
324 298 0 1
221 298 0 0
220 298 0 0
219 298 0 0
218 298 0 0
494 297 0 0
493 297 0 0
492 297 0 0
491 297 0 0
329 297 0 1
328 297 0 1
327 297 0 1
326 297 0 1
325 297 0 1
324 297 0 1
323 297 0 1
221 297 0 0
220 297 0 0
219 297 0 0
218 297 0 0
494 296 0 0
493 296 0 0
492 296 0 0
491 296 0 0
328 296 0 1
327 296 0 1
326 296 0 1
325 296 0 1
324 296 0 1
323 296 0 1
322 296 0 1
221 296 0 0
220 296 0 0
219 296 0 0
218 296 0 0
494 295 0 0
493 295 0 0
492 295 0 0
491 295 0 0
327 295 0 1
326 295 0 1
325 295 0 1
324 295 0 1
323 295 0 1
322 295 0 1
221 295 0 0
220 295 0 0
219 295 0 0
218 295 0 0
494 294 0 0
493 294 0 0
492 294 0 0
491 294 0 0
327 294 0 1
326 294 0 1
325 294 0 1
324 294 0 1
323 294 0 1
322 294 0 1
321 294 0 1
221 294 0 0
220 294 0 0
219 294 0 0
218 294 0 0
494 293 0 0
493 293 0 0
492 293 0 0
491 293 0 0
326 293 0 1
325 293 0 1
324 293 0 1
323 293 0 1
322 293 0 1
321 293 0 1
320 293 0 1
221 293 0 0
220 293 0 0
219 293 0 0
218 293 0 0
494 292 0 0
493 292 0 0
492 292 0 0
491 292 0 0
325 292 0 1
324 292 0 1
323 292 0 1
322 292 0 1
321 292 0 1
320 292 0 1
319 292 0 1
221 292 0 0
220 292 0 0
219 292 0 0
218 292 0 0
494 291 0 0
493 291 0 0
492 291 0 0
491 291 0 0
324 291 0 1
323 291 0 1
322 291 0 1
321 291 0 1
320 291 0 1
319 291 0 1
318 291 0 1
221 291 0 0
220 291 0 0
219 291 0 0
218 291 0 0
494 290 0 0
493 290 0 0
492 290 0 0
491 290 0 0
323 290 0 1
322 290 0 1
321 290 0 1
320 290 0 1
319 290 0 1
318 290 0 1
221 290 0 0
220 290 0 0
219 290 0 0
218 290 0 0
494 289 0 0
493 289 0 0
492 289 0 0
491 289 0 0
323 289 0 1
322 289 0 1
321 289 0 1
320 289 0 1
319 289 0 1
318 289 0 1
317 289 0 1
494 288 0 0
493 288 0 0
492 288 0 0
491 288 0 0
322 288 0 1
321 288 0 1
320 288 0 1
319 288 0 1
318 288 0 1
317 288 0 1
316 288 0 1
494 287 0 0
493 287 0 0
492 287 0 0
491 287 0 0
321 287 0 1
320 287 0 1
319 287 0 1
318 287 0 1
317 287 0 1
316 287 0 1
315 287 0 1
494 286 0 0
493 286 0 0
492 286 0 0
491 286 0 0
320 286 0 1
319 286 0 1
318 286 0 1
317 286 0 1
316 286 0 1
315 286 0 1
314 286 0 1
494 285 0 0
493 285 0 0
492 285 0 0
491 285 0 0
319 285 0 1
318 285 0 1
317 285 0 1
316 285 0 1
315 285 0 1
314 285 0 1
313 285 0 1
494 284 0 0
493 284 0 0
492 284 0 0
491 284 0 0
318 284 0 1
317 284 0 1
316 284 0 1
315 284 0 1
314 284 0 1
313 284 0 1
312 284 0 1
494 283 0 0
493 283 0 0
492 283 0 0
491 283 0 0
317 283 0 1
316 283 0 1
315 283 0 1
314 283 0 1
313 283 0 1
312 283 0 1
311 283 0 1
494 282 0 0
493 282 0 0
492 282 0 0
491 282 0 0
316 282 0 1
315 282 0 1
314 282 0 1
313 282 0 1
312 282 0 1
311 282 0 1
310 282 0 1
494 281 0 0
493 281 0 0
492 281 0 0
491 281 0 0
315 281 0 1
314 281 0 1
313 281 0 1
312 281 0 1
311 281 0 1
310 281 0 1
309 281 0 1
494 280 0 0
493 280 0 0
492 280 0 0
491 280 0 0
314 280 0 1
313 280 0 1
312 280 0 1
311 280 0 1
310 280 0 1
309 280 0 1
308 280 0 1
494 279 0 0
493 279 0 0
492 279 0 0
491 279 0 0
313 279 0 1
312 279 0 1
311 279 0 1
310 279 0 1
309 279 0 1
308 279 0 1
307 279 0 1
494 278 0 0
493 278 0 0
492 278 0 0
491 278 0 0
312 278 0 1
311 278 0 1
310 278 0 1
309 278 0 1
308 278 0 1
307 278 0 1
494 277 0 0
493 277 0 0
492 277 0 0
491 277 0 0
311 277 0 1
310 277 0 1
309 277 0 1
308 277 0 1
307 277 0 1
306 277 0 1
494 276 0 0
493 276 0 0
492 276 0 0
491 276 0 0
311 276 0 1
310 276 0 1
309 276 0 1
308 276 0 1
307 276 0 1
306 276 0 1
305 276 0 1
494 275 0 0
493 275 0 0
492 275 0 0
491 275 0 0
490 275 0 0
310 275 0 1
309 275 0 1
308 275 0 1
307 275 0 1
306 275 0 1
305 275 0 1
494 274 0 0
493 274 0 0
492 274 0 0
491 274 0 0
490 274 0 0
309 274 0 1
308 274 0 1
307 274 0 1
306 274 0 1
305 274 0 1
304 274 0 1
494 273 0 0
493 273 0 0
492 273 0 0
491 273 0 0
490 273 0 0
309 273 0 1
308 273 0 1
307 273 0 1
306 273 0 1
305 273 0 1
304 273 0 1
303 273 0 1
494 272 0 0
493 272 0 0
492 272 0 0
491 272 0 0
490 272 0 0
308 272 0 1
307 272 0 1
306 272 0 1
305 272 0 1
304 272 0 1
303 272 0 1
494 271 0 0
493 271 0 0
492 271 0 0
491 271 0 0
490 271 0 0
489 271 0 0
307 271 0 1
306 271 0 1
305 271 0 1
304 271 0 1
303 271 0 1
302 271 0 1
494 270 0 0
493 270 0 0
492 270 0 0
491 270 0 0
490 270 0 0
489 270 0 0
307 270 0 1
306 270 0 1
305 270 0 1
304 270 0 1
303 270 0 1
302 270 0 1
493 269 0 0
492 269 0 0
491 269 0 0
490 269 0 0
489 269 0 0
306 269 0 1
305 269 0 1
304 269 0 1
303 269 0 1
302 269 0 1
301 269 0 1
493 268 0 0
492 268 0 0
491 268 0 0
490 268 0 0
489 268 0 0
305 268 0 1
304 268 0 1
303 268 0 1
302 268 0 1
301 268 0 1
300 268 0 1
493 267 0 0
492 267 0 0
491 267 0 0
490 267 0 0
489 267 0 0
305 267 0 1
304 267 0 1
303 267 0 1
302 267 0 1
301 267 0 1
300 267 0 1
493 266 0 0
492 266 0 0
491 266 0 0
490 266 0 0
489 266 0 0
488 266 0 0
304 266 0 1
303 266 0 1
302 266 0 1
301 266 0 1
300 266 0 1
299 266 0 1
493 265 0 0
492 265 0 0
491 265 0 0
490 265 0 0
489 265 0 0
488 265 0 0
304 265 0 1
303 265 0 1
302 265 0 1
301 265 0 1
300 265 0 1
299 265 0 1
492 264 0 0
491 264 0 0
490 264 0 0
489 264 0 0
488 264 0 0
303 264 0 1
302 264 0 1
301 264 0 1
300 264 0 1
299 264 0 1
298 264 0 1
492 263 0 0
491 263 0 0
490 263 0 0
489 263 0 0
488 263 0 0
303 263 0 1
302 263 0 1
301 263 0 1
300 263 0 1
299 263 0 1
298 263 0 1
492 262 0 0
491 262 0 0
490 262 0 0
489 262 0 0
488 262 0 0
487 262 0 0
302 262 0 1
301 262 0 1
300 262 0 1
299 262 0 1
298 262 0 1
297 262 0 1
492 261 0 0
491 261 0 0
490 261 0 0
489 261 0 0
488 261 0 0
487 261 0 0
302 261 0 1
301 261 0 1
300 261 0 1
299 261 0 1
298 261 0 1
297 261 0 1
491 260 0 0
490 260 0 0
489 260 0 0
488 260 0 0
487 260 0 0
301 260 0 1
300 260 0 1
299 260 0 1
298 260 0 1
297 260 0 1
296 260 0 1
491 259 0 0
490 259 0 0
489 259 0 0
488 259 0 0
487 259 0 0
301 259 0 1
300 259 0 1
299 259 0 1
298 259 0 1
297 259 0 1
296 259 0 1
491 258 0 0
490 258 0 0
489 258 0 0
488 258 0 0
487 258 0 0
300 258 0 1
299 258 0 1
298 258 0 1
297 258 0 1
296 258 0 1
491 257 0 0
490 257 0 0
489 257 0 0
488 257 0 0
487 257 0 0
486 257 0 0
300 257 0 1
299 257 0 1
298 257 0 1
297 257 0 1
296 257 0 1
295 257 0 1
491 256 0 0
490 256 0 0
489 256 0 0
488 256 0 0
487 256 0 0
486 256 0 0
299 256 0 1
298 256 0 1
297 256 0 1
296 256 0 1
295 256 0 1
490 255 0 0
489 255 0 0
488 255 0 0
487 255 0 0
486 255 0 0
299 255 0 1
298 255 0 1
297 255 0 1
296 255 0 1
295 255 0 1
294 255 0 1
490 254 0 0
489 254 0 0
488 254 0 0
487 254 0 0
486 254 0 0
299 254 0 1
298 254 0 1
297 254 0 1
296 254 0 1
295 254 0 1
294 254 0 1
490 253 0 0
489 253 0 0
488 253 0 0
487 253 0 0
486 253 0 0
485 253 0 0
298 253 0 1
297 253 0 1
296 253 0 1
295 253 0 1
294 253 0 1
293 253 0 1
490 252 0 0
489 252 0 0
488 252 0 0
487 252 0 0
486 252 0 0
485 252 0 0
298 252 0 1
297 252 0 1
296 252 0 1
295 252 0 1
294 252 0 1
293 252 0 1
489 251 0 0
488 251 0 0
487 251 0 0
486 251 0 0
485 251 0 0
297 251 0 1
296 251 0 1
295 251 0 1
294 251 0 1
293 251 0 1
489 250 0 0
488 250 0 0
487 250 0 0
486 250 0 0
485 250 0 0
297 250 0 1
296 250 0 1
295 250 0 1
294 250 0 1
293 250 0 1
292 250 0 1
489 249 0 0
488 249 0 0
487 249 0 0
486 249 0 0
485 249 0 0
484 249 0 0
296 249 0 1
295 249 0 1
294 249 0 1
293 249 0 1
292 249 0 1
489 248 0 0
488 248 0 0
487 248 0 0
486 248 0 0
485 248 0 0
484 248 0 0
296 248 0 1
295 248 0 1
294 248 0 1
293 248 0 1
292 248 0 1
291 248 0 1
488 247 0 0
487 247 0 0
486 247 0 0
485 247 0 0
484 247 0 0
296 247 0 1
295 247 0 1
294 247 0 1
293 247 0 1
292 247 0 1
291 247 0 1
488 246 0 0
487 246 0 0
486 246 0 0
485 246 0 0
484 246 0 0
483 246 0 0
295 246 0 1
294 246 0 1
293 246 0 1
292 246 0 1
291 246 0 1
290 246 0 1
487 245 0 0
486 245 0 0
485 245 0 0
484 245 0 0
483 245 0 0
295 245 0 1
294 245 0 1
293 245 0 1
292 245 0 1
291 245 0 1
290 245 0 1
289 245 0 1
487 244 0 0
486 244 0 0
485 244 0 0
484 244 0 0
483 244 0 0
482 244 0 0
294 244 0 1
293 244 0 1
292 244 0 1
291 244 0 1
290 244 0 1
289 244 0 1
487 243 0 0
486 243 0 0
485 243 0 0
484 243 0 0
483 243 0 0
482 243 0 0
293 243 0 1
292 243 0 1
291 243 0 1
290 243 0 1
289 243 0 1
288 243 0 1
486 242 0 0
485 242 0 0
484 242 0 0
483 242 0 0
482 242 0 0
293 242 0 1
292 242 0 1
291 242 0 1
290 242 0 1
289 242 0 1
288 242 0 1
486 241 0 0
485 241 0 0
484 241 0 0
483 241 0 0
482 241 0 0
481 241 0 0
292 241 0 1
291 241 0 1
290 241 0 1
289 241 0 1
288 241 0 1
287 241 0 1
485 240 0 0
484 240 0 0
483 240 0 0
482 240 0 0
481 240 0 0
292 240 0 1
291 240 0 1
290 240 0 1
289 240 0 1
288 240 0 1
287 240 0 1
485 239 0 0
484 239 0 0
483 239 0 0
482 239 0 0
481 239 0 0
480 239 0 0
291 239 0 1
290 239 0 1
289 239 0 1
288 239 0 1
287 239 0 1
286 239 0 1
485 238 0 0
484 238 0 0
483 238 0 0
482 238 0 0
481 238 0 0
480 238 0 0
291 238 0 1
290 238 0 1
289 238 0 1
288 238 0 1
287 238 0 1
286 238 0 1
484 237 0 0
483 237 0 0
482 237 0 0
481 237 0 0
480 237 0 0
479 237 0 0
290 237 0 1
289 237 0 1
288 237 0 1
287 237 0 1
286 237 0 1
285 237 0 1
484 236 0 0
483 236 0 0
482 236 0 0
481 236 0 0
480 236 0 0
479 236 0 0
290 236 0 1
289 236 0 1
288 236 0 1
287 236 0 1
286 236 0 1
285 236 0 1
483 235 0 0
482 235 0 0
481 235 0 0
480 235 0 0
479 235 0 0
478 235 0 0
289 235 0 1
288 235 0 1
287 235 0 1
286 235 0 1
285 235 0 1
284 235 0 1
483 234 0 0
482 234 0 0
481 234 0 0
480 234 0 0
479 234 0 0
478 234 0 0
289 234 0 1
288 234 0 1
287 234 0 1
286 234 0 1
285 234 0 1
284 234 0 1
482 233 0 0
481 233 0 0
480 233 0 0
479 233 0 0
478 233 0 0
477 233 0 0
288 233 0 1
287 233 0 1
286 233 0 1
285 233 0 1
284 233 0 1
283 233 0 1
481 232 0 0
480 232 0 0
479 232 0 0
478 232 0 0
477 232 0 0
476 232 0 0
288 232 0 1
287 232 0 1
286 232 0 1
285 232 0 1
284 232 0 1
283 232 0 1
481 231 0 0
480 231 0 0
479 231 0 0
478 231 0 0
477 231 0 0
476 231 0 0
287 231 0 1
286 231 0 1
285 231 0 1
284 231 0 1
283 231 0 1
282 231 0 1
480 230 0 0
479 230 0 0
478 230 0 0
477 230 0 0
476 230 0 0
475 230 0 0
287 230 0 1
286 230 0 1
285 230 0 1
284 230 0 1
283 230 0 1
282 230 0 1
480 229 0 0
479 229 0 0
478 229 0 0
477 229 0 0
476 229 0 0
475 229 0 0
286 229 0 1
285 229 0 1
284 229 0 1
283 229 0 1
282 229 0 1
479 228 0 0
478 228 0 0
477 228 0 0
476 228 0 0
475 228 0 0
474 228 0 0
286 228 0 1
285 228 0 1
284 228 0 1
283 228 0 1
282 228 0 1
281 228 0 1
479 227 0 0
478 227 0 0
477 227 0 0
476 227 0 0
475 227 0 0
474 227 0 0
286 227 0 1
285 227 0 1
284 227 0 1
283 227 0 1
282 227 0 1
281 227 0 1
478 226 0 0
477 226 0 0
476 226 0 0
475 226 0 0
474 226 0 0
285 226 0 1
284 226 0 1
283 226 0 1
282 226 0 1
281 226 0 1
478 225 0 0
477 225 0 0
476 225 0 0
475 225 0 0
474 225 0 0
285 225 0 1
284 225 0 1
283 225 0 1
282 225 0 1
281 225 0 1
280 225 0 1
478 224 0 0
477 224 0 0
476 224 0 0
475 224 0 0
474 224 0 0
473 224 0 0
285 224 0 1
284 224 0 1
283 224 0 1
282 224 0 1
281 224 0 1
280 224 0 1
478 223 0 0
477 223 0 0
476 223 0 0
475 223 0 0
474 223 0 0
473 223 0 0
284 223 0 1
283 223 0 1
282 223 0 1
281 223 0 1
280 223 0 1
477 222 0 0
476 222 0 0
475 222 0 0
474 222 0 0
473 222 0 0
284 222 0 1
283 222 0 1
282 222 0 1
281 222 0 1
280 222 0 1
279 222 0 1
477 221 0 0
476 221 0 0
475 221 0 0
474 221 0 0
473 221 0 0
472 221 0 0
284 221 0 1
283 221 0 1
282 221 0 1
281 221 0 1
280 221 0 1
279 221 0 1
477 220 0 0
476 220 0 0
475 220 0 0
474 220 0 0
473 220 0 0
472 220 0 0
283 220 0 1
282 220 0 1
281 220 0 1
280 220 0 1
279 220 0 1
476 219 0 0
475 219 0 0
474 219 0 0
473 219 0 0
472 219 0 0
471 219 0 0
283 219 0 1
282 219 0 1
281 219 0 1
280 219 0 1
279 219 0 1
476 218 0 0
475 218 0 0
474 218 0 0
473 218 0 0
472 218 0 0
471 218 0 0
283 218 0 1
282 218 0 1
281 218 0 1
280 218 0 1
279 218 0 1
278 218 0 1
475 217 0 0
474 217 0 0
473 217 0 0
472 217 0 0
471 217 0 0
470 217 0 0
282 217 0 1
281 217 0 1
280 217 0 1
279 217 0 1
278 217 0 1
475 216 0 0
474 216 0 0
473 216 0 0
472 216 0 0
471 216 0 0
470 216 0 0
282 216 0 1
281 216 0 1
280 216 0 1
279 216 0 1
278 216 0 1
474 215 0 0
473 215 0 0
472 215 0 0
471 215 0 0
470 215 0 0
469 215 0 0
282 215 0 1
281 215 0 1
280 215 0 1
279 215 0 1
278 215 0 1
277 215 0 1
474 214 0 0
473 214 0 0
472 214 0 0
471 214 0 0
470 214 0 0
469 214 0 0
282 214 0 1
281 214 0 1
280 214 0 1
279 214 0 1
278 214 0 1
277 214 0 1
473 213 0 0
472 213 0 0
471 213 0 0
470 213 0 0
469 213 0 0
468 213 0 0
281 213 0 1
280 213 0 1
279 213 0 1
278 213 0 1
277 213 0 1
473 212 0 0
472 212 0 0
471 212 0 0
470 212 0 0
469 212 0 0
468 212 0 0
281 212 0 1
280 212 0 1
279 212 0 1
278 212 0 1
277 212 0 1
276 212 0 1
472 211 0 0
471 211 0 0
470 211 0 0
469 211 0 0
468 211 0 0
467 211 0 0
280 211 0 1
279 211 0 1
278 211 0 1
277 211 0 1
276 211 0 1
472 210 0 0
471 210 0 0
470 210 0 0
469 210 0 0
468 210 0 0
467 210 0 0
280 210 0 1
279 210 0 1
278 210 0 1
277 210 0 1
276 210 0 1
275 210 0 1
471 209 0 0
470 209 0 0
469 209 0 0
468 209 0 0
467 209 0 0
280 209 0 1
279 209 0 1
278 209 0 1
277 209 0 1
276 209 0 1
275 209 0 1
471 208 0 0
470 208 0 0
469 208 0 0
468 208 0 0
467 208 0 0
466 208 0 0
279 208 0 1
278 208 0 1
277 208 0 1
276 208 0 1
275 208 0 1
274 208 0 1
471 207 0 0
470 207 0 0
469 207 0 0
468 207 0 0
467 207 0 0
466 207 0 0
279 207 0 1
278 207 0 1
277 207 0 1
276 207 0 1
275 207 0 1
274 207 0 1
470 206 0 0
469 206 0 0
468 206 0 0
467 206 0 0
466 206 0 0
278 206 0 1
277 206 0 1
276 206 0 1
275 206 0 1
274 206 0 1
273 206 0 1
470 205 0 0
469 205 0 0
468 205 0 0
467 205 0 0
466 205 0 0
465 205 0 0
278 205 0 1
277 205 0 1
276 205 0 1
275 205 0 1
274 205 0 1
273 205 0 1
470 204 0 0
469 204 0 0
468 204 0 0
467 204 0 0
466 204 0 0
465 204 0 0
277 204 0 1
276 204 0 1
275 204 0 1
274 204 0 1
273 204 0 1
469 203 0 0
468 203 0 0
467 203 0 0
466 203 0 0
465 203 0 0
277 203 0 1
276 203 0 1
275 203 0 1
274 203 0 1
273 203 0 1
272 203 0 1
469 202 0 0
468 202 0 0
467 202 0 0
466 202 0 0
465 202 0 0
464 202 0 0
277 202 0 1
276 202 0 1
275 202 0 1
274 202 0 1
273 202 0 1
272 202 0 1
468 201 0 0
467 201 0 0
466 201 0 0
465 201 0 0
464 201 0 0
276 201 0 1
275 201 0 1
274 201 0 1
273 201 0 1
272 201 0 1
271 201 0 1
270 201 0 1
468 200 0 0
467 200 0 0
466 200 0 0
465 200 0 0
464 200 0 0
463 200 0 0
276 200 0 1
275 200 0 1
274 200 0 1
273 200 0 1
272 200 0 1
271 200 0 1
270 200 0 1
269 200 0 1
468 199 0 0
467 199 0 0
466 199 0 0
465 199 0 0
464 199 0 0
463 199 0 0
275 199 0 1
274 199 0 1
273 199 0 1
272 199 0 1
271 199 0 1
270 199 0 1
269 199 0 1
467 198 0 0
466 198 0 0
465 198 0 0
464 198 0 0
463 198 0 0
462 198 0 0
274 198 0 1
273 198 0 1
272 198 0 1
271 198 0 1
270 198 0 1
269 198 0 1
268 198 0 1
467 197 0 0
466 197 0 0
465 197 0 0
464 197 0 0
463 197 0 0
462 197 0 0
273 197 0 1
272 197 0 1
271 197 0 1
270 197 0 1
269 197 0 1
268 197 0 1
466 196 0 0
465 196 0 0
464 196 0 0
463 196 0 0
462 196 0 0
461 196 0 0
272 196 0 1
271 196 0 1
270 196 0 1
269 196 0 1
268 196 0 1
466 195 0 0
465 195 0 0
464 195 0 0
463 195 0 0
462 195 0 0
461 195 0 0
272 195 0 1
271 195 0 1
270 195 0 1
269 195 0 1
268 195 0 1
465 194 0 0
464 194 0 0
463 194 0 0
462 194 0 0
461 194 0 0
465 193 0 0
464 193 0 0
463 193 0 0
462 193 0 0
461 193 0 0
465 192 0 0
464 192 0 0
463 192 0 0
462 192 0 0
461 192 0 0
464 191 0 0
463 191 0 0
462 191 0 0
461 191 0 0
464 190 0 0
463 190 0 0
462 190 0 0
461 190 0 0
464 189 0 0
463 189 0 0
462 189 0 0
461 189 0 0
464 188 0 0
463 188 0 0
462 188 0 0
461 188 0 0
308 110 0 1
307 110 0 1
306 110 0 1
305 110 0 1
308 109 0 1
307 109 0 1
306 109 0 1
305 109 0 1
308 108 0 1
307 108 0 1
306 108 0 1
305 108 0 1
304 108 0 1
308 107 0 1
307 107 0 1
306 107 0 1
305 107 0 1
304 107 0 1
308 106 0 1
307 106 0 1
306 106 0 1
305 106 0 1
304 106 0 1
308 105 0 1
307 105 0 1
306 105 0 1
305 105 0 1
304 105 0 1
308 104 0 1
307 104 0 1
306 104 0 1
305 104 0 1
304 104 0 1
303 104 0 1
308 103 0 1
307 103 0 1
306 103 0 1
305 103 0 1
304 103 0 1
303 103 0 1
302 103 0 1
307 102 0 1
306 102 0 1
305 102 0 1
304 102 0 1
303 102 0 1
302 102 0 1
306 101 0 1
305 101 0 1
304 101 0 1
303 101 0 1
302 101 0 1
301 101 0 1
305 100 0 1
304 100 0 1
303 100 0 1
302 100 0 1
301 100 0 1
300 100 0 1
305 99 0 1
304 99 0 1
303 99 0 1
302 99 0 1
301 99 0 1
300 99 0 1
304 98 0 1
303 98 0 1
302 98 0 1
301 98 0 1
300 98 0 1
299 98 0 1
303 97 0 1
302 97 0 1
301 97 0 1
300 97 0 1
299 97 0 1
298 97 0 1
303 96 0 1
302 96 0 1
301 96 0 1
300 96 0 1
299 96 0 1
298 96 0 1
302 95 0 1
301 95 0 1
300 95 0 1
299 95 0 1
298 95 0 1
297 95 0 1
301 94 0 1
300 94 0 1
299 94 0 1
298 94 0 1
297 94 0 1
296 94 0 1
301 93 0 1
300 93 0 1
299 93 0 1
298 93 0 1
297 93 0 1
296 93 0 1
300 92 0 1
299 92 0 1
298 92 0 1
297 92 0 1
296 92 0 1
295 92 0 1
299 91 0 1
298 91 0 1
297 91 0 1
296 91 0 1
295 91 0 1
294 91 0 1
299 90 0 1
298 90 0 1
297 90 0 1
296 90 0 1
295 90 0 1
294 90 0 1
298 89 0 1
297 89 0 1
296 89 0 1
295 89 0 1
294 89 0 1
293 89 0 1
297 88 0 1
296 88 0 1
295 88 0 1
294 88 0 1
293 88 0 1
292 88 0 1
291 88 0 1
297 87 0 1
296 87 0 1
295 87 0 1
294 87 0 1
293 87 0 1
292 87 0 1
291 87 0 1
290 87 0 1
296 86 0 1
295 86 0 1
294 86 0 1
293 86 0 1
292 86 0 1
291 86 0 1
290 86 0 1
289 86 0 1
295 85 0 1
294 85 0 1
293 85 0 1
292 85 0 1
291 85 0 1
290 85 0 1
289 85 0 1
288 85 0 1
294 84 0 1
293 84 0 1
292 84 0 1
291 84 0 1
290 84 0 1
289 84 0 1
288 84 0 1
287 84 0 1
293 83 0 1
292 83 0 1
291 83 0 1
290 83 0 1
289 83 0 1
288 83 0 1
287 83 0 1
286 83 0 1
285 83 0 1
292 82 0 1
291 82 0 1
290 82 0 1
289 82 0 1
288 82 0 1
287 82 0 1
286 82 0 1
285 82 0 1
284 82 0 1
290 81 0 1
289 81 0 1
288 81 0 1
287 81 0 1
286 81 0 1
285 81 0 1
284 81 0 1
283 81 0 1
289 80 0 1
288 80 0 1
287 80 0 1
286 80 0 1
285 80 0 1
284 80 0 1
283 80 0 1
282 80 0 1
288 79 0 1
287 79 0 1
286 79 0 1
285 79 0 1
284 79 0 1
283 79 0 1
282 79 0 1
281 79 0 1
280 79 0 1
287 78 0 1
286 78 0 1
285 78 0 1
284 78 0 1
283 78 0 1
282 78 0 1
281 78 0 1
280 78 0 1
279 78 0 1
278 78 0 1
277 78 0 1
286 77 0 1
285 77 0 1
284 77 0 1
283 77 0 1
282 77 0 1
281 77 0 1
280 77 0 1
279 77 0 1
278 77 0 1
277 77 0 1
276 77 0 1
275 77 0 1
211 77 0 0
210 77 0 0
209 77 0 0
208 77 0 0
284 76 0 1
283 76 0 1
282 76 0 1
281 76 0 1
280 76 0 1
279 76 0 1
278 76 0 1
277 76 0 1
276 76 0 1
275 76 0 1
274 76 0 1
273 76 0 1
211 76 0 0
210 76 0 0
209 76 0 0
208 76 0 0
283 75 0 1
282 75 0 1
281 75 0 1
280 75 0 1
279 75 0 1
278 75 0 1
277 75 0 1
276 75 0 1
275 75 0 1
274 75 0 1
273 75 0 1
272 75 0 1
271 75 0 1
270 75 0 1
211 75 0 0
210 75 0 0
209 75 0 0
208 75 0 0
280 74 0 1
279 74 0 1
278 74 0 1
277 74 0 1
276 74 0 1
275 74 0 1
274 74 0 1
273 74 0 1
272 74 0 1
271 74 0 1
270 74 0 1
269 74 0 1
268 74 0 1
267 74 0 1
266 74 0 1
265 74 0 1
264 74 0 1
263 74 0 1
262 74 0 1
261 74 0 1
260 74 0 1
259 74 0 1
258 74 0 1
257 74 0 1
256 74 0 1
255 74 0 1
211 74 0 0
210 74 0 0
209 74 0 0
208 74 0 0
278 73 0 1
277 73 0 1
276 73 0 1
275 73 0 1
274 73 0 1
273 73 0 1
272 73 0 1
271 73 0 1
270 73 0 1
269 73 0 1
268 73 0 1
267 73 0 1
266 73 0 1
265 73 0 1
264 73 0 1
263 73 0 1
262 73 0 1
261 73 0 1
260 73 0 1
259 73 0 1
258 73 0 1
257 73 0 1
256 73 0 1
255 73 0 1
211 73 0 0
210 73 0 0
209 73 0 0
208 73 0 0
276 72 0 1
275 72 0 1
274 72 0 1
273 72 0 1
272 72 0 1
271 72 0 1
270 72 0 1
269 72 0 1
268 72 0 1
267 72 0 1
266 72 0 1
265 72 0 1
264 72 0 1
263 72 0 1
262 72 0 1
261 72 0 1
260 72 0 1
259 72 0 1
258 72 0 1
257 72 0 1
256 72 0 1
255 72 0 1
211 72 0 0
210 72 0 0
209 72 0 0
208 72 0 0
273 71 0 1
272 71 0 1
271 71 0 1
270 71 0 1
269 71 0 1
268 71 0 1
267 71 0 1
266 71 0 1
265 71 0 1
264 71 0 1
263 71 0 1
262 71 0 1
261 71 0 1
260 71 0 1
259 71 0 1
258 71 0 1
257 71 0 1
256 71 0 1
255 71 0 1
211 71 0 0
210 71 0 0
209 71 0 0
208 71 0 0
211 70 0 0
210 70 0 0
209 70 0 0
208 70 0 0
211 69 0 0
210 69 0 0
209 69 0 0
208 69 0 0
366 68 0 0
365 68 0 0
364 68 0 0
363 68 0 0
362 68 0 0
211 68 0 0
210 68 0 0
209 68 0 0
208 68 0 0
366 67 0 0
365 67 0 0
364 67 0 0
363 67 0 0
362 67 0 0
361 67 0 0
211 67 0 0
210 67 0 0
209 67 0 0
208 67 0 0
366 66 0 0
365 66 0 0
364 66 0 0
363 66 0 0
362 66 0 0
361 66 0 0
360 66 0 0
359 66 0 0
211 66 0 0
210 66 0 0
209 66 0 0
208 66 0 0
366 65 0 0
365 65 0 0
364 65 0 0
363 65 0 0
362 65 0 0
361 65 0 0
360 65 0 0
359 65 0 0
358 65 0 0
211 65 0 0
210 65 0 0
209 65 0 0
208 65 0 0
365 64 0 0
364 64 0 0
363 64 0 0
362 64 0 0
361 64 0 0
360 64 0 0
359 64 0 0
358 64 0 0
357 64 0 0
356 64 0 0
212 64 0 0
211 64 0 0
210 64 0 0
209 64 0 0
208 64 0 0
364 63 0 0
363 63 0 0
362 63 0 0
361 63 0 0
360 63 0 0
359 63 0 0
358 63 0 0
357 63 0 0
356 63 0 0
355 63 0 0
354 63 0 0
353 63 0 0
212 63 0 0
211 63 0 0
210 63 0 0
209 63 0 0
208 63 0 0
362 62 0 0
361 62 0 0
360 62 0 0
359 62 0 0
358 62 0 0
357 62 0 0
356 62 0 0
355 62 0 0
354 62 0 0
353 62 0 0
352 62 0 0
351 62 0 0
350 62 0 0
212 62 0 0
211 62 0 0
210 62 0 0
209 62 0 0
208 62 0 0
360 61 0 0
359 61 0 0
358 61 0 0
357 61 0 0
356 61 0 0
355 61 0 0
354 61 0 0
353 61 0 0
352 61 0 0
351 61 0 0
350 61 0 0
349 61 0 0
348 61 0 0
347 61 0 0
212 61 0 0
211 61 0 0
210 61 0 0
209 61 0 0
208 61 0 0
359 60 0 0
358 60 0 0
357 60 0 0
356 60 0 0
355 60 0 0
354 60 0 0
353 60 0 0
352 60 0 0
351 60 0 0
350 60 0 0
349 60 0 0
348 60 0 0
347 60 0 0
346 60 0 0
345 60 0 0
212 60 0 0
211 60 0 0
210 60 0 0
209 60 0 0
208 60 0 0
357 59 0 0
356 59 0 0
355 59 0 0
354 59 0 0
353 59 0 0
352 59 0 0
351 59 0 0
350 59 0 0
349 59 0 0
348 59 0 0
347 59 0 0
346 59 0 0
345 59 0 0
344 59 0 0
343 59 0 0
212 59 0 0
211 59 0 0
210 59 0 0
209 59 0 0
208 59 0 0
354 58 0 0
353 58 0 0
352 58 0 0
351 58 0 0
350 58 0 0
349 58 0 0
348 58 0 0
347 58 0 0
346 58 0 0
345 58 0 0
344 58 0 0
343 58 0 0
342 58 0 0
341 58 0 0
340 58 0 0
213 58 0 0
212 58 0 0
211 58 0 0
210 58 0 0
209 58 0 0
208 58 0 0
351 57 0 0
350 57 0 0
349 57 0 0
348 57 0 0
347 57 0 0
346 57 0 0
345 57 0 0
344 57 0 0
343 57 0 0
342 57 0 0
341 57 0 0
340 57 0 0
339 57 0 0
338 57 0 0
213 57 0 0
212 57 0 0
211 57 0 0
210 57 0 0
209 57 0 0
348 56 0 0
347 56 0 0
346 56 0 0
345 56 0 0
344 56 0 0
343 56 0 0
342 56 0 0
341 56 0 0
340 56 0 0
339 56 0 0
338 56 0 0
337 56 0 0
214 56 0 0
213 56 0 0
212 56 0 0
211 56 0 0
210 56 0 0
209 56 0 0
346 55 0 0
345 55 0 0
344 55 0 0
343 55 0 0
342 55 0 0
341 55 0 0
340 55 0 0
339 55 0 0
338 55 0 0
337 55 0 0
336 55 0 0
335 55 0 0
214 55 0 0
213 55 0 0
212 55 0 0
211 55 0 0
210 55 0 0
209 55 0 0
343 54 0 0
342 54 0 0
341 54 0 0
340 54 0 0
339 54 0 0
338 54 0 0
337 54 0 0
336 54 0 0
335 54 0 0
334 54 0 0
215 54 0 0
214 54 0 0
213 54 0 0
212 54 0 0
211 54 0 0
210 54 0 0
341 53 0 0
340 53 0 0
339 53 0 0
338 53 0 0
337 53 0 0
336 53 0 0
335 53 0 0
334 53 0 0
333 53 0 0
332 53 0 0
215 53 0 0
214 53 0 0
213 53 0 0
212 53 0 0
211 53 0 0
210 53 0 0
339 52 0 0
338 52 0 0
337 52 0 0
336 52 0 0
335 52 0 0
334 52 0 0
333 52 0 0
332 52 0 0
331 52 0 0
216 52 0 0
215 52 0 0
214 52 0 0
213 52 0 0
212 52 0 0
211 52 0 0
338 51 0 0
337 51 0 0
336 51 0 0
335 51 0 0
334 51 0 0
333 51 0 0
332 51 0 0
331 51 0 0
330 51 0 0
329 51 0 0
216 51 0 0
215 51 0 0
214 51 0 0
213 51 0 0
212 51 0 0
211 51 0 0
336 50 0 0
335 50 0 0
334 50 0 0
333 50 0 0
332 50 0 0
331 50 0 0
330 50 0 0
329 50 0 0
328 50 0 0
327 50 0 0
217 50 0 0
216 50 0 0
215 50 0 0
214 50 0 0
213 50 0 0
212 50 0 0
335 49 0 0
334 49 0 0
333 49 0 0
332 49 0 0
331 49 0 0
330 49 0 0
329 49 0 0
328 49 0 0
327 49 0 0
326 49 0 0
218 49 0 0
217 49 0 0
216 49 0 0
215 49 0 0
214 49 0 0
213 49 0 0
212 49 0 0
333 48 0 0
332 48 0 0
331 48 0 0
330 48 0 0
329 48 0 0
328 48 0 0
327 48 0 0
326 48 0 0
325 48 0 0
324 48 0 0
218 48 0 0
217 48 0 0
216 48 0 0
215 48 0 0
214 48 0 0
213 48 0 0
332 47 0 0
331 47 0 0
330 47 0 0
329 47 0 0
328 47 0 0
327 47 0 0
326 47 0 0
325 47 0 0
324 47 0 0
323 47 0 0
322 47 0 0
219 47 0 0
218 47 0 0
217 47 0 0
216 47 0 0
215 47 0 0
214 47 0 0
330 46 0 0
329 46 0 0
328 46 0 0
327 46 0 0
326 46 0 0
325 46 0 0
324 46 0 0
323 46 0 0
322 46 0 0
321 46 0 0
219 46 0 0
218 46 0 0
217 46 0 0
216 46 0 0
215 46 0 0
214 46 0 0
328 45 0 0
327 45 0 0
326 45 0 0
325 45 0 0
324 45 0 0
323 45 0 0
322 45 0 0
321 45 0 0
320 45 0 0
319 45 0 0
219 45 0 0
218 45 0 0
217 45 0 0
216 45 0 0
215 45 0 0
326 44 0 0
325 44 0 0
324 44 0 0
323 44 0 0
322 44 0 0
321 44 0 0
320 44 0 0
319 44 0 0
318 44 0 0
220 44 0 0
219 44 0 0
218 44 0 0
217 44 0 0
216 44 0 0
215 44 0 0
325 43 0 0
324 43 0 0
323 43 0 0
322 43 0 0
321 43 0 0
320 43 0 0
319 43 0 0
318 43 0 0
317 43 0 0
316 43 0 0
220 43 0 0
219 43 0 0
218 43 0 0
217 43 0 0
216 43 0 0
323 42 0 0
322 42 0 0
321 42 0 0
320 42 0 0
319 42 0 0
318 42 0 0
317 42 0 0
316 42 0 0
315 42 0 0
221 42 0 0
220 42 0 0
219 42 0 0
218 42 0 0
217 42 0 0
216 42 0 0
322 41 0 0
321 41 0 0
320 41 0 0
319 41 0 0
318 41 0 0
317 41 0 0
316 41 0 0
315 41 0 0
314 41 0 0
221 41 0 0
220 41 0 0
219 41 0 0
218 41 0 0
217 41 0 0
320 40 0 0
319 40 0 0
318 40 0 0
317 40 0 0
316 40 0 0
315 40 0 0
314 40 0 0
313 40 0 0
312 40 0 0
222 40 0 0
221 40 0 0
220 40 0 0
219 40 0 0
218 40 0 0
217 40 0 0
319 39 0 0
318 39 0 0
317 39 0 0
316 39 0 0
315 39 0 0
314 39 0 0
313 39 0 0
312 39 0 0
311 39 0 0
222 39 0 0
221 39 0 0
220 39 0 0
219 39 0 0
218 39 0 0
217 39 0 0
317 38 0 0
316 38 0 0
315 38 0 0
314 38 0 0
313 38 0 0
312 38 0 0
311 38 0 0
310 38 0 0
309 38 0 0
223 38 0 0
222 38 0 0
221 38 0 0
220 38 0 0
219 38 0 0
218 38 0 0
316 37 0 0
315 37 0 0
314 37 0 0
313 37 0 0
312 37 0 0
311 37 0 0
310 37 0 0
309 37 0 0
308 37 0 0
224 37 0 0
223 37 0 0
222 37 0 0
221 37 0 0
220 37 0 0
219 37 0 0
218 37 0 0
315 36 0 0
314 36 0 0
313 36 0 0
312 36 0 0
311 36 0 0
310 36 0 0
309 36 0 0
308 36 0 0
307 36 0 0
224 36 0 0
223 36 0 0
222 36 0 0
221 36 0 0
220 36 0 0
219 36 0 0
313 35 0 0
312 35 0 0
311 35 0 0
310 35 0 0
309 35 0 0
308 35 0 0
307 35 0 0
306 35 0 0
226 35 0 0
225 35 0 0
224 35 0 0
223 35 0 0
222 35 0 0
221 35 0 0
220 35 0 0
312 34 0 0
311 34 0 0
310 34 0 0
309 34 0 0
308 34 0 0
307 34 0 0
306 34 0 0
305 34 0 0
227 34 0 0
226 34 0 0
225 34 0 0
224 34 0 0
223 34 0 0
222 34 0 0
221 34 0 0
220 34 0 0
310 33 0 0
309 33 0 0
308 33 0 0
307 33 0 0
306 33 0 0
305 33 0 0
304 33 0 0
228 33 0 0
227 33 0 0
226 33 0 0
225 33 0 0
224 33 0 0
223 33 0 0
222 33 0 0
221 33 0 0
309 32 0 0
308 32 0 0
307 32 0 0
306 32 0 0
305 32 0 0
304 32 0 0
303 32 0 0
302 32 0 0
229 32 0 0
228 32 0 0
227 32 0 0
226 32 0 0
225 32 0 0
224 32 0 0
223 32 0 0
222 32 0 0
308 31 0 0
307 31 0 0
306 31 0 0
305 31 0 0
304 31 0 0
303 31 0 0
302 31 0 0
301 31 0 0
231 31 0 0
230 31 0 0
229 31 0 0
228 31 0 0
227 31 0 0
226 31 0 0
225 31 0 0
224 31 0 0
223 31 0 0
307 30 0 0
306 30 0 0
305 30 0 0
304 30 0 0
303 30 0 0
302 30 0 0
301 30 0 0
300 30 0 0
299 30 0 0
232 30 0 0
231 30 0 0
230 30 0 0
229 30 0 0
228 30 0 0
227 30 0 0
226 30 0 0
225 30 0 0
224 30 0 0
306 29 0 0
305 29 0 0
304 29 0 0
303 29 0 0
302 29 0 0
301 29 0 0
300 29 0 0
299 29 0 0
298 29 0 0
234 29 0 0
233 29 0 0
232 29 0 0
231 29 0 0
230 29 0 0
229 29 0 0
228 29 0 0
227 29 0 0
226 29 0 0
305 28 0 0
304 28 0 0
303 28 0 0
302 28 0 0
301 28 0 0
300 28 0 0
299 28 0 0
298 28 0 0
297 28 0 0
296 28 0 0
236 28 0 0
235 28 0 0
234 28 0 0
233 28 0 0
232 28 0 0
231 28 0 0
230 28 0 0
229 28 0 0
228 28 0 0
227 28 0 0
303 27 0 0
302 27 0 0
301 27 0 0
300 27 0 0
299 27 0 0
298 27 0 0
297 27 0 0
296 27 0 0
295 27 0 0
294 27 0 0
293 27 0 0
238 27 0 0
237 27 0 0
236 27 0 0
235 27 0 0
234 27 0 0
233 27 0 0
232 27 0 0
231 27 0 0
230 27 0 0
229 27 0 0
228 27 0 0
302 26 0 0
301 26 0 0
300 26 0 0
299 26 0 0
298 26 0 0
297 26 0 0
296 26 0 0
295 26 0 0
294 26 0 0
293 26 0 0
292 26 0 0
291 26 0 0
241 26 0 0
240 26 0 0
239 26 0 0
238 26 0 0
237 26 0 0
236 26 0 0
235 26 0 0
234 26 0 0
233 26 0 0
232 26 0 0
231 26 0 0
230 26 0 0
300 25 0 0
299 25 0 0
298 25 0 0
297 25 0 0
296 25 0 0
295 25 0 0
294 25 0 0
293 25 0 0
292 25 0 0
291 25 0 0
290 25 0 0
289 25 0 0
288 25 0 0
244 25 0 0
243 25 0 0
242 25 0 0
241 25 0 0
240 25 0 0
239 25 0 0
238 25 0 0
237 25 0 0
236 25 0 0
235 25 0 0
234 25 0 0
233 25 0 0
232 25 0 0
231 25 0 0
299 24 0 0
298 24 0 0
297 24 0 0
296 24 0 0
295 24 0 0
294 24 0 0
293 24 0 0
292 24 0 0
291 24 0 0
290 24 0 0
289 24 0 0
288 24 0 0
287 24 0 0
286 24 0 0
285 24 0 0
284 24 0 0
248 24 0 0
247 24 0 0
246 24 0 0
245 24 0 0
244 24 0 0
243 24 0 0
242 24 0 0
241 24 0 0
240 24 0 0
239 24 0 0
238 24 0 0
237 24 0 0
236 24 0 0
235 24 0 0
234 24 0 0
233 24 0 0
296 23 0 0
295 23 0 0
294 23 0 0
293 23 0 0
292 23 0 0
291 23 0 0
290 23 0 0
289 23 0 0
288 23 0 0
287 23 0 0
286 23 0 0
285 23 0 0
284 23 0 0
283 23 0 0
282 23 0 0
281 23 0 0
280 23 0 0
279 23 0 0
254 23 0 0
253 23 0 0
252 23 0 0
251 23 0 0
250 23 0 0
249 23 0 0
248 23 0 0
247 23 0 0
246 23 0 0
245 23 0 0
244 23 0 0
243 23 0 0
242 23 0 0
241 23 0 0
240 23 0 0
239 23 0 0
238 23 0 0
237 23 0 0
236 23 0 0
235 23 0 0
294 22 0 0
293 22 0 0
292 22 0 0
291 22 0 0
290 22 0 0
289 22 0 0
288 22 0 0
287 22 0 0
286 22 0 0
285 22 0 0
284 22 0 0
283 22 0 0
282 22 0 0
281 22 0 0
280 22 0 0
279 22 0 0
278 22 0 0
277 22 0 0
276 22 0 0
275 22 0 0
274 22 0 0
273 22 0 0
272 22 0 0
271 22 0 0
270 22 0 0
269 22 0 0
268 22 0 0
267 22 0 0
266 22 0 0
265 22 0 0
264 22 0 0
263 22 0 0
262 22 0 0
261 22 0 0
260 22 0 0
259 22 0 0
258 22 0 0
257 22 0 0
256 22 0 0
255 22 0 0
254 22 0 0
253 22 0 0
252 22 0 0
251 22 0 0
250 22 0 0
249 22 0 0
248 22 0 0
247 22 0 0
246 22 0 0
245 22 0 0
244 22 0 0
243 22 0 0
242 22 0 0
241 22 0 0
240 22 0 0
239 22 0 0
238 22 0 0
291 21 0 0
290 21 0 0
289 21 0 0
288 21 0 0
287 21 0 0
286 21 0 0
285 21 0 0
284 21 0 0
283 21 0 0
282 21 0 0
281 21 0 0
280 21 0 0
279 21 0 0
278 21 0 0
277 21 0 0
276 21 0 0
275 21 0 0
274 21 0 0
273 21 0 0
272 21 0 0
271 21 0 0
270 21 0 0
269 21 0 0
268 21 0 0
267 21 0 0
266 21 0 0
265 21 0 0
264 21 0 0
263 21 0 0
262 21 0 0
261 21 0 0
260 21 0 0
259 21 0 0
258 21 0 0
257 21 0 0
256 21 0 0
255 21 0 0
254 21 0 0
253 21 0 0
252 21 0 0
251 21 0 0
250 21 0 0
249 21 0 0
248 21 0 0
247 21 0 0
246 21 0 0
245 21 0 0
244 21 0 0
243 21 0 0
242 21 0 0
241 21 0 0
240 21 0 0
289 20 0 0
288 20 0 0
287 20 0 0
286 20 0 0
285 20 0 0
284 20 0 0
283 20 0 0
282 20 0 0
281 20 0 0
280 20 0 0
279 20 0 0
278 20 0 0
277 20 0 0
276 20 0 0
275 20 0 0
274 20 0 0
273 20 0 0
272 20 0 0
271 20 0 0
270 20 0 0
269 20 0 0
268 20 0 0
267 20 0 0
266 20 0 0
265 20 0 0
264 20 0 0
263 20 0 0
262 20 0 0
261 20 0 0
260 20 0 0
259 20 0 0
258 20 0 0
257 20 0 0
256 20 0 0
255 20 0 0
254 20 0 0
253 20 0 0
252 20 0 0
251 20 0 0
250 20 0 0
249 20 0 0
248 20 0 0
247 20 0 0
246 20 0 0
245 20 0 0
244 20 0 0
284 19 0 0
283 19 0 0
282 19 0 0
281 19 0 0
280 19 0 0
279 19 0 0
278 19 0 0
277 19 0 0
276 19 0 0
275 19 0 0
274 19 0 0
273 19 0 0
272 19 0 0
271 19 0 0
270 19 0 0
269 19 0 0
268 19 0 0
267 19 0 0
266 19 0 0
265 19 0 0
264 19 0 0
263 19 0 0
262 19 0 0
261 19 0 0
260 19 0 0
259 19 0 0
258 19 0 0
257 19 0 0
256 19 0 0
255 19 0 0
254 19 0 0
253 19 0 0
252 19 0 0
251 19 0 0
250 19 0 0
249 19 0 0
248 19 0 0
