6354 321 481
56 445 0 1
55 445 0 1
54 445 0 1
53 445 0 1
52 445 0 1
51 445 0 1
50 445 0 1
49 445 0 1
48 445 0 1
47 445 0 1
46 445 0 1
45 445 0 1
44 445 0 1
43 445 0 1
42 445 0 1
41 445 0 1
40 445 0 1
39 445 0 1
38 445 0 1
37 445 0 1
36 445 0 1
35 445 0 1
34 445 0 1
33 445 0 1
32 445 0 1
31 445 0 1
30 445 0 1
29 445 0 1
28 445 0 1
27 445 0 1
26 445 0 1
25 445 0 1
57 444 0 1
56 444 0 1
55 444 0 1
54 444 0 1
53 444 0 1
52 444 0 1
51 444 0 1
50 444 0 1
49 444 0 1
48 444 0 1
47 444 0 1
46 444 0 1
45 444 0 1
44 444 0 1
43 444 0 1
42 444 0 1
41 444 0 1
40 444 0 1
39 444 0 1
38 444 0 1
37 444 0 1
36 444 0 1
35 444 0 1
34 444 0 1
33 444 0 1
32 444 0 1
31 444 0 1
30 444 0 1
29 444 0 1
28 444 0 1
27 444 0 1
26 444 0 1
25 444 0 1
294 443 0 1
293 443 0 1
292 443 0 1
291 443 0 1
290 443 0 1
289 443 0 1
288 443 0 1
287 443 0 1
286 443 0 1
285 443 0 1
284 443 0 1
283 443 0 1
282 443 0 1
281 443 0 1
280 443 0 1
279 443 0 1
278 443 0 1
277 443 0 1
276 443 0 1
275 443 0 1
274 443 0 1
273 443 0 1
58 443 0 1
57 443 0 1
56 443 0 1
55 443 0 1
54 443 0 1
53 443 0 1
52 443 0 1
51 443 0 1
50 443 0 1
49 443 0 1
48 443 0 1
47 443 0 1
46 443 0 1
45 443 0 1
44 443 0 1
43 443 0 1
42 443 0 1
41 443 0 1
40 443 0 1
39 443 0 1
38 443 0 1
37 443 0 1
36 443 0 1
35 443 0 1
34 443 0 1
33 443 0 1
32 443 0 1
31 443 0 1
30 443 0 1
29 443 0 1
28 443 0 1
27 443 0 1
26 443 0 1
25 443 0 1
294 442 0 1
293 442 0 1
292 442 0 1
291 442 0 1
290 442 0 1
289 442 0 1
288 442 0 1
287 442 0 1
286 442 0 1
285 442 0 1
284 442 0 1
283 442 0 1
282 442 0 1
281 442 0 1
280 442 0 1
279 442 0 1
278 442 0 1
277 442 0 1
276 442 0 1
275 442 0 1
274 442 0 1
273 442 0 1
272 442 0 1
271 442 0 1
270 442 0 1
269 442 0 1
268 442 0 1
59 442 0 1
58 442 0 1
57 442 0 1
56 442 0 1
55 442 0 1
54 442 0 1
53 442 0 1
52 442 0 1
51 442 0 1
50 442 0 1
49 442 0 1
48 442 0 1
47 442 0 1
46 442 0 1
45 442 0 1
44 442 0 1
43 442 0 1
42 442 0 1
41 442 0 1
40 442 0 1
39 442 0 1
38 442 0 1
37 442 0 1
36 442 0 1
35 442 0 1
34 442 0 1
33 442 0 1
32 442 0 1
31 442 0 1
30 442 0 1
29 442 0 1
28 442 0 1
27 442 0 1
26 442 0 1
25 442 0 1
294 441 0 1
293 441 0 1
292 441 0 1
291 441 0 1
290 441 0 1
289 441 0 1
288 441 0 1
287 441 0 1
286 441 0 1
285 441 0 1
284 441 0 1
283 441 0 1
282 441 0 1
281 441 0 1
280 441 0 1
279 441 0 1
278 441 0 1
277 441 0 1
276 441 0 1
275 441 0 1
274 441 0 1
273 441 0 1
272 441 0 1
271 441 0 1
270 441 0 1
269 441 0 1
268 441 0 1
267 441 0 1
266 441 0 1
265 441 0 1
59 441 0 1
58 441 0 1
57 441 0 1
56 441 0 1
55 441 0 1
54 441 0 1
53 441 0 1
294 440 0 1
293 440 0 1
292 440 0 1
291 440 0 1
290 440 0 1
289 440 0 1
288 440 0 1
287 440 0 1
286 440 0 1
285 440 0 1
284 440 0 1
283 440 0 1
282 440 0 1
281 440 0 1
280 440 0 1
279 440 0 1
278 440 0 1
277 440 0 1
276 440 0 1
275 440 0 1
274 440 0 1
273 440 0 1
272 440 0 1
271 440 0 1
270 440 0 1
269 440 0 1
268 440 0 1
267 440 0 1
266 440 0 1
265 440 0 1
264 440 0 1
263 440 0 1
262 440 0 1
61 440 0 1
60 440 0 1
59 440 0 1
58 440 0 1
57 440 0 1
56 440 0 1
55 440 0 1
279 439 0 1
278 439 0 1
277 439 0 1
276 439 0 1
275 439 0 1
274 439 0 1
273 439 0 1
272 439 0 1
271 439 0 1
270 439 0 1
269 439 0 1
268 439 0 1
267 439 0 1
266 439 0 1
265 439 0 1
264 439 0 1
263 439 0 1
262 439 0 1
261 439 0 1
62 439 0 1
61 439 0 1
60 439 0 1
59 439 0 1
58 439 0 1
57 439 0 1
56 439 0 1
273 438 0 1
272 438 0 1
271 438 0 1
270 438 0 1
269 438 0 1
268 438 0 1
267 438 0 1
266 438 0 1
265 438 0 1
264 438 0 1
263 438 0 1
262 438 0 1
261 438 0 1
260 438 0 1
259 438 0 1
64 438 0 1
63 438 0 1
62 438 0 1
61 438 0 1
60 438 0 1
59 438 0 1
58 438 0 1
57 438 0 1
56 438 0 1
269 437 0 1
268 437 0 1
267 437 0 1
266 437 0 1
265 437 0 1
264 437 0 1
263 437 0 1
262 437 0 1
261 437 0 1
260 437 0 1
259 437 0 1
258 437 0 1
65 437 0 1
64 437 0 1
63 437 0 1
62 437 0 1
61 437 0 1
60 437 0 1
59 437 0 1
58 437 0 1
57 437 0 1
266 436 0 1
265 436 0 1
264 436 0 1
263 436 0 1
262 436 0 1
261 436 0 1
260 436 0 1
259 436 0 1
258 436 0 1
257 436 0 1
256 436 0 1
66 436 0 1
65 436 0 1
64 436 0 1
63 436 0 1
62 436 0 1
61 436 0 1
60 436 0 1
59 436 0 1
263 435 0 1
262 435 0 1
261 435 0 1
260 435 0 1
259 435 0 1
258 435 0 1
257 435 0 1
256 435 0 1
255 435 0 1
68 435 0 1
67 435 0 1
66 435 0 1
65 435 0 1
64 435 0 1
63 435 0 1
62 435 0 1
61 435 0 1
60 435 0 1
262 434 0 1
261 434 0 1
260 434 0 1
259 434 0 1
258 434 0 1
257 434 0 1
256 434 0 1
255 434 0 1
254 434 0 1
69 434 0 1
68 434 0 1
67 434 0 1
66 434 0 1
65 434 0 1
64 434 0 1
63 434 0 1
62 434 0 1
61 434 0 1
260 433 0 1
259 433 0 1
258 433 0 1
257 433 0 1
256 433 0 1
255 433 0 1
254 433 0 1
253 433 0 1
252 433 0 1
71 433 0 1
70 433 0 1
69 433 0 1
68 433 0 1
67 433 0 1
66 433 0 1
65 433 0 1
64 433 0 1
63 433 0 1
259 432 0 1
258 432 0 1
257 432 0 1
256 432 0 1
255 432 0 1
254 432 0 1
253 432 0 1
252 432 0 1
251 432 0 1
72 432 0 1
71 432 0 1
70 432 0 1
69 432 0 1
68 432 0 1
67 432 0 1
66 432 0 1
65 432 0 1
64 432 0 1
257 431 0 1
256 431 0 1
255 431 0 1
254 431 0 1
253 431 0 1
252 431 0 1
251 431 0 1
250 431 0 1
249 431 0 1
73 431 0 1
72 431 0 1
71 431 0 1
70 431 0 1
69 431 0 1
68 431 0 1
67 431 0 1
66 431 0 1
256 430 0 1
255 430 0 1
254 430 0 1
253 430 0 1
252 430 0 1
251 430 0 1
250 430 0 1
249 430 0 1
248 430 0 1
247 430 0 1
74 430 0 1
73 430 0 1
72 430 0 1
71 430 0 1
70 430 0 1
69 430 0 1
68 430 0 1
67 430 0 1
255 429 0 1
254 429 0 1
253 429 0 1
252 429 0 1
251 429 0 1
250 429 0 1
249 429 0 1
248 429 0 1
247 429 0 1
246 429 0 1
75 429 0 1
74 429 0 1
73 429 0 1
72 429 0 1
71 429 0 1
70 429 0 1
69 429 0 1
253 428 0 1
252 428 0 1
251 428 0 1
250 428 0 1
249 428 0 1
248 428 0 1
247 428 0 1
246 428 0 1
245 428 0 1
76 428 0 1
75 428 0 1
74 428 0 1
73 428 0 1
72 428 0 1
71 428 0 1
70 428 0 1
252 427 0 1
251 427 0 1
250 427 0 1
249 427 0 1
248 427 0 1
247 427 0 1
246 427 0 1
245 427 0 1
244 427 0 1
77 427 0 1
76 427 0 1
75 427 0 1
74 427 0 1
73 427 0 1
72 427 0 1
71 427 0 1
250 426 0 1
249 426 0 1
248 426 0 1
247 426 0 1
246 426 0 1
245 426 0 1
244 426 0 1
243 426 0 1
78 426 0 1
77 426 0 1
76 426 0 1
75 426 0 1
74 426 0 1
73 426 0 1
72 426 0 1
248 425 0 1
247 425 0 1
246 425 0 1
245 425 0 1
244 425 0 1
243 425 0 1
79 425 0 1
78 425 0 1
77 425 0 1
76 425 0 1
75 425 0 1
74 425 0 1
73 425 0 1
248 424 0 1
247 424 0 1
246 424 0 1
245 424 0 1
244 424 0 1
243 424 0 1
242 424 0 1
79 424 0 1
78 424 0 1
77 424 0 1
76 424 0 1
75 424 0 1
74 424 0 1
247 423 0 1
246 423 0 1
245 423 0 1
244 423 0 1
243 423 0 1
242 423 0 1
241 423 0 1
240 423 0 1
80 423 0 1
79 423 0 1
78 423 0 1
77 423 0 1
76 423 0 1
75 423 0 1
74 423 0 1
246 422 0 1
245 422 0 1
244 422 0 1
243 422 0 1
242 422 0 1
241 422 0 1
240 422 0 1
239 422 0 1
82 422 0 1
81 422 0 1
80 422 0 1
79 422 0 1
78 422 0 1
77 422 0 1
76 422 0 1
75 422 0 1
245 421 0 1
244 421 0 1
243 421 0 1
242 421 0 1
241 421 0 1
240 421 0 1
239 421 0 1
238 421 0 1
83 421 0 1
82 421 0 1
81 421 0 1
80 421 0 1
79 421 0 1
78 421 0 1
77 421 0 1
76 421 0 1
244 420 0 1
243 420 0 1
242 420 0 1
241 420 0 1
240 420 0 1
239 420 0 1
238 420 0 1
237 420 0 1
236 420 0 1
85 420 0 1
84 420 0 1
83 420 0 1
82 420 0 1
81 420 0 1
80 420 0 1
79 420 0 1
78 420 0 1
77 420 0 1
243 419 0 1
242 419 0 1
241 419 0 1
240 419 0 1
239 419 0 1
238 419 0 1
237 419 0 1
236 419 0 1
235 419 0 1
86 419 0 1
85 419 0 1
84 419 0 1
83 419 0 1
82 419 0 1
81 419 0 1
80 419 0 1
79 419 0 1
78 419 0 1
241 418 0 1
240 418 0 1
239 418 0 1
238 418 0 1
237 418 0 1
236 418 0 1
235 418 0 1
234 418 0 1
88 418 0 1
87 418 0 1
86 418 0 1
85 418 0 1
84 418 0 1
83 418 0 1
82 418 0 1
81 418 0 1
80 418 0 1
240 417 0 1
239 417 0 1
238 417 0 1
237 417 0 1
236 417 0 1
235 417 0 1
234 417 0 1
233 417 0 1
89 417 0 1
88 417 0 1
87 417 0 1
86 417 0 1
85 417 0 1
84 417 0 1
83 417 0 1
82 417 0 1
81 417 0 1
239 416 0 1
238 416 0 1
237 416 0 1
236 416 0 1
235 416 0 1
234 416 0 1
233 416 0 1
232 416 0 1
90 416 0 1
89 416 0 1
88 416 0 1
87 416 0 1
86 416 0 1
85 416 0 1
84 416 0 1
83 416 0 1
238 415 0 1
237 415 0 1
236 415 0 1
235 415 0 1
234 415 0 1
233 415 0 1
232 415 0 1
231 415 0 1
91 415 0 1
90 415 0 1
89 415 0 1
88 415 0 1
87 415 0 1
86 415 0 1
85 415 0 1
84 415 0 1
237 414 0 1
236 414 0 1
235 414 0 1
234 414 0 1
233 414 0 1
232 414 0 1
231 414 0 1
230 414 0 1
93 414 0 1
92 414 0 1
91 414 0 1
90 414 0 1
89 414 0 1
88 414 0 1
87 414 0 1
86 414 0 1
85 414 0 1
235 413 0 1
234 413 0 1
233 413 0 1
232 413 0 1
231 413 0 1
230 413 0 1
229 413 0 1
228 413 0 1
94 413 0 1
93 413 0 1
92 413 0 1
91 413 0 1
90 413 0 1
89 413 0 1
88 413 0 1
87 413 0 1
86 413 0 1
234 412 0 1
233 412 0 1
232 412 0 1
231 412 0 1
230 412 0 1
229 412 0 1
228 412 0 1
227 412 0 1
96 412 0 1
95 412 0 1
94 412 0 1
93 412 0 1
92 412 0 1
91 412 0 1
90 412 0 1
89 412 0 1
88 412 0 1
233 411 0 1
232 411 0 1
231 411 0 1
230 411 0 1
229 411 0 1
228 411 0 1
227 411 0 1
226 411 0 1
97 411 0 1
96 411 0 1
95 411 0 1
94 411 0 1
93 411 0 1
92 411 0 1
91 411 0 1
90 411 0 1
89 411 0 1
232 410 0 1
231 410 0 1
230 410 0 1
229 410 0 1
228 410 0 1
227 410 0 1
226 410 0 1
225 410 0 1
98 410 0 1
97 410 0 1
96 410 0 1
95 410 0 1
94 410 0 1
93 410 0 1
92 410 0 1
91 410 0 1
90 410 0 1
231 409 0 1
230 409 0 1
229 409 0 1
228 409 0 1
227 409 0 1
226 409 0 1
225 409 0 1
224 409 0 1
223 409 0 1
99 409 0 1
98 409 0 1
97 409 0 1
96 409 0 1
95 409 0 1
94 409 0 1
93 409 0 1
92 409 0 1
230 408 0 1
229 408 0 1
228 408 0 1
227 408 0 1
226 408 0 1
225 408 0 1
224 408 0 1
223 408 0 1
222 408 0 1
221 408 0 1
220 408 0 1
100 408 0 1
99 408 0 1
98 408 0 1
97 408 0 1
96 408 0 1
95 408 0 1
94 408 0 1
93 408 0 1
229 407 0 1
228 407 0 1
227 407 0 1
226 407 0 1
225 407 0 1
224 407 0 1
223 407 0 1
222 407 0 1
221 407 0 1
220 407 0 1
219 407 0 1
101 407 0 1
100 407 0 1
99 407 0 1
98 407 0 1
97 407 0 1
96 407 0 1
95 407 0 1
227 406 0 1
226 406 0 1
225 406 0 1
224 406 0 1
223 406 0 1
222 406 0 1
221 406 0 1
220 406 0 1
219 406 0 1
218 406 0 1
102 406 0 1
101 406 0 1
100 406 0 1
99 406 0 1
98 406 0 1
97 406 0 1
96 406 0 1
226 405 0 1
225 405 0 1
224 405 0 1
223 405 0 1
222 405 0 1
221 405 0 1
220 405 0 1
219 405 0 1
218 405 0 1
217 405 0 1
103 405 0 1
102 405 0 1
101 405 0 1
100 405 0 1
99 405 0 1
98 405 0 1
97 405 0 1
223 404 0 1
222 404 0 1
221 404 0 1
220 404 0 1
219 404 0 1
218 404 0 1
217 404 0 1
104 404 0 1
103 404 0 1
102 404 0 1
101 404 0 1
100 404 0 1
99 404 0 1
98 404 0 1
221 403 0 1
220 403 0 1
219 403 0 1
218 403 0 1
217 403 0 1
216 403 0 1
105 403 0 1
104 403 0 1
103 403 0 1
102 403 0 1
101 403 0 1
100 403 0 1
99 403 0 1
221 402 0 1
220 402 0 1
219 402 0 1
218 402 0 1
217 402 0 1
216 402 0 1
215 402 0 1
105 402 0 1
104 402 0 1
103 402 0 1
102 402 0 1
101 402 0 1
100 402 0 1
220 401 0 1
219 401 0 1
218 401 0 1
217 401 0 1
216 401 0 1
215 401 0 1
214 401 0 1
106 401 0 1
105 401 0 1
104 401 0 1
103 401 0 1
102 401 0 1
101 401 0 1
219 400 0 1
218 400 0 1
217 400 0 1
216 400 0 1
215 400 0 1
214 400 0 1
213 400 0 1
106 400 0 1
105 400 0 1
104 400 0 1
103 400 0 1
102 400 0 1
101 400 0 1
218 399 0 1
217 399 0 1
216 399 0 1
215 399 0 1
214 399 0 1
213 399 0 1
107 399 0 1
106 399 0 1
105 399 0 1
104 399 0 1
103 399 0 1
102 399 0 1
217 398 0 1
216 398 0 1
215 398 0 1
214 398 0 1
213 398 0 1
212 398 0 1
107 398 0 1
106 398 0 1
105 398 0 1
104 398 0 1
103 398 0 1
217 397 0 1
216 397 0 1
215 397 0 1
214 397 0 1
213 397 0 1
212 397 0 1
108 397 0 1
107 397 0 1
106 397 0 1
105 397 0 1
104 397 0 1
103 397 0 1
216 396 0 1
215 396 0 1
214 396 0 1
213 396 0 1
212 396 0 1
211 396 0 1
109 396 0 1
108 396 0 1
107 396 0 1
106 396 0 1
105 396 0 1
104 396 0 1
216 395 0 1
215 395 0 1
214 395 0 1
213 395 0 1
212 395 0 1
211 395 0 1
109 395 0 1
108 395 0 1
107 395 0 1
106 395 0 1
105 395 0 1
104 395 0 1
215 394 0 1
214 394 0 1
213 394 0 1
212 394 0 1
211 394 0 1
110 394 0 1
109 394 0 1
108 394 0 1
107 394 0 1
106 394 0 1
105 394 0 1
215 393 0 1
214 393 0 1
213 393 0 1
212 393 0 1
211 393 0 1
110 393 0 1
109 393 0 1
108 393 0 1
107 393 0 1
106 393 0 1
105 393 0 1
215 392 0 1
214 392 0 1
213 392 0 1
212 392 0 1
211 392 0 1
111 392 0 1
110 392 0 1
109 392 0 1
108 392 0 1
107 392 0 1
106 392 0 1
215 391 0 1
214 391 0 1
213 391 0 1
212 391 0 1
211 391 0 1
111 391 0 1
110 391 0 1
109 391 0 1
108 391 0 1
107 391 0 1
106 391 0 1
214 390 0 1
213 390 0 1
212 390 0 1
211 390 0 1
112 390 0 1
111 390 0 1
110 390 0 1
109 390 0 1
108 390 0 1
107 390 0 1
214 389 0 1
213 389 0 1
212 389 0 1
211 389 0 1
112 389 0 1
111 389 0 1
110 389 0 1
109 389 0 1
108 389 0 1
107 389 0 1
214 388 0 1
213 388 0 1
212 388 0 1
211 388 0 1
113 388 0 1
112 388 0 1
111 388 0 1
110 388 0 1
109 388 0 1
108 388 0 1
214 387 0 1
213 387 0 1
212 387 0 1
211 387 0 1
113 387 0 1
112 387 0 1
111 387 0 1
110 387 0 1
109 387 0 1
108 387 0 1
214 386 0 1
213 386 0 1
212 386 0 1
211 386 0 1
114 386 0 1
113 386 0 1
112 386 0 1
111 386 0 1
110 386 0 1
109 386 0 1
214 385 0 1
213 385 0 1
212 385 0 1
211 385 0 1
114 385 0 1
113 385 0 1
112 385 0 1
111 385 0 1
110 385 0 1
109 385 0 1
214 384 0 1
213 384 0 1
212 384 0 1
211 384 0 1
210 384 0 1
114 384 0 1
113 384 0 1
112 384 0 1
111 384 0 1
110 384 0 1
214 383 0 1
213 383 0 1
212 383 0 1
211 383 0 1
210 383 0 1
114 383 0 1
113 383 0 1
112 383 0 1
111 383 0 1
110 383 0 1
214 382 0 1
213 382 0 1
212 382 0 1
211 382 0 1
210 382 0 1
114 382 0 1
113 382 0 1
112 382 0 1
111 382 0 1
214 381 0 1
213 381 0 1
212 381 0 1
211 381 0 1
210 381 0 1
114 381 0 1
113 381 0 1
112 381 0 1
111 381 0 1
214 380 0 1
213 380 0 1
212 380 0 1
211 380 0 1
210 380 0 1
114 380 0 1
113 380 0 1
112 380 0 1
111 380 0 1
214 379 0 1
213 379 0 1
212 379 0 1
211 379 0 1
210 379 0 1
114 379 0 1
113 379 0 1
112 379 0 1
111 379 0 1
213 378 0 1
212 378 0 1
211 378 0 1
210 378 0 1
114 378 0 1
113 378 0 1
112 378 0 1
111 378 0 1
213 377 0 1
212 377 0 1
211 377 0 1
210 377 0 1
114 377 0 1
113 377 0 1
112 377 0 1
111 377 0 1
213 376 0 1
212 376 0 1
211 376 0 1
210 376 0 1
114 376 0 1
113 376 0 1
112 376 0 1
111 376 0 1
213 375 0 1
212 375 0 1
211 375 0 1
210 375 0 1
114 375 0 1
113 375 0 1
112 375 0 1
111 375 0 1
213 374 0 1
212 374 0 1
211 374 0 1
210 374 0 1
114 374 0 1
113 374 0 1
112 374 0 1
111 374 0 1
213 373 0 1
212 373 0 1
211 373 0 1
210 373 0 1
114 373 0 1
113 373 0 1
112 373 0 1
111 373 0 1
213 372 0 1
212 372 0 1
211 372 0 1
210 372 0 1
114 372 0 1
113 372 0 1
112 372 0 1
111 372 0 1
213 371 0 1
212 371 0 1
211 371 0 1
210 371 0 1
114 371 0 1
113 371 0 1
112 371 0 1
111 371 0 1
71 371 0 0
70 371 0 0
69 371 0 0
68 371 0 0
213 370 0 1
212 370 0 1
211 370 0 1
210 370 0 1
114 370 0 1
113 370 0 1
112 370 0 1
111 370 0 1
71 370 0 0
70 370 0 0
69 370 0 0
68 370 0 0
67 370 0 0
213 369 0 1
212 369 0 1
211 369 0 1
210 369 0 1
114 369 0 1
113 369 0 1
112 369 0 1
111 369 0 1
71 369 0 0
70 369 0 0
69 369 0 0
68 369 0 0
67 369 0 0
213 368 0 1
212 368 0 1
211 368 0 1
210 368 0 1
114 368 0 1
113 368 0 1
112 368 0 1
111 368 0 1
110 368 0 1
71 368 0 0
70 368 0 0
69 368 0 0
68 368 0 0
67 368 0 0
66 368 0 0
269 367 0 0
268 367 0 0
267 367 0 0
266 367 0 0
213 367 0 1
212 367 0 1
211 367 0 1
210 367 0 1
114 367 0 1
113 367 0 1
112 367 0 1
111 367 0 1
110 367 0 1
71 367 0 0
70 367 0 0
69 367 0 0
68 367 0 0
67 367 0 0
66 367 0 0
269 366 0 0
268 366 0 0
267 366 0 0
266 366 0 0
213 366 0 1
212 366 0 1
211 366 0 1
210 366 0 1
114 366 0 1
113 366 0 1
112 366 0 1
111 366 0 1
110 366 0 1
70 366 0 0
69 366 0 0
68 366 0 0
67 366 0 0
66 366 0 0
65 366 0 0
269 365 0 0
268 365 0 0
267 365 0 0
266 365 0 0
213 365 0 1
212 365 0 1
211 365 0 1
210 365 0 1
114 365 0 1
113 365 0 1
112 365 0 1
111 365 0 1
110 365 0 1
70 365 0 0
69 365 0 0
68 365 0 0
67 365 0 0
66 365 0 0
65 365 0 0
269 364 0 0
268 364 0 0
267 364 0 0
266 364 0 0
213 364 0 1
212 364 0 1
211 364 0 1
210 364 0 1
114 364 0 1
113 364 0 1
112 364 0 1
111 364 0 1
110 364 0 1
69 364 0 0
68 364 0 0
67 364 0 0
66 364 0 0
65 364 0 0
64 364 0 0
269 363 0 0
268 363 0 0
267 363 0 0
266 363 0 0
214 363 0 1
213 363 0 1
212 363 0 1
211 363 0 1
210 363 0 1
114 363 0 1
113 363 0 1
112 363 0 1
111 363 0 1
110 363 0 1
69 363 0 0
68 363 0 0
67 363 0 0
66 363 0 0
65 363 0 0
64 363 0 0
269 362 0 0
268 362 0 0
267 362 0 0
266 362 0 0
214 362 0 1
213 362 0 1
212 362 0 1
211 362 0 1
210 362 0 1
114 362 0 1
113 362 0 1
112 362 0 1
111 362 0 1
110 362 0 1
68 362 0 0
67 362 0 0
66 362 0 0
65 362 0 0
64 362 0 0
63 362 0 0
269 361 0 0
268 361 0 0
267 361 0 0
266 361 0 0
214 361 0 1
213 361 0 1
212 361 0 1
211 361 0 1
210 361 0 1
113 361 0 1
112 361 0 1
111 361 0 1
110 361 0 1
109 361 0 1
68 361 0 0
67 361 0 0
66 361 0 0
65 361 0 0
64 361 0 0
63 361 0 0
269 360 0 0
268 360 0 0
267 360 0 0
266 360 0 0
214 360 0 1
213 360 0 1
212 360 0 1
211 360 0 1
210 360 0 1
113 360 0 1
112 360 0 1
111 360 0 1
110 360 0 1
109 360 0 1
67 360 0 0
66 360 0 0
65 360 0 0
64 360 0 0
63 360 0 0
62 360 0 0
269 359 0 0
268 359 0 0
267 359 0 0
266 359 0 0
214 359 0 1
213 359 0 1
212 359 0 1
211 359 0 1
210 359 0 1
113 359 0 1
112 359 0 1
111 359 0 1
110 359 0 1
109 359 0 1
67 359 0 0
66 359 0 0
65 359 0 0
64 359 0 0
63 359 0 0
62 359 0 0
269 358 0 0
268 358 0 0
267 358 0 0
266 358 0 0
214 358 0 1
213 358 0 1
212 358 0 1
211 358 0 1
210 358 0 1
113 358 0 1
112 358 0 1
111 358 0 1
110 358 0 1
109 358 0 1
66 358 0 0
65 358 0 0
64 358 0 0
63 358 0 0
62 358 0 0
61 358 0 0
269 357 0 0
268 357 0 0
267 357 0 0
266 357 0 0
214 357 0 1
213 357 0 1
212 357 0 1
211 357 0 1
210 357 0 1
113 357 0 1
112 357 0 1
111 357 0 1
110 357 0 1
109 357 0 1
66 357 0 0
65 357 0 0
64 357 0 0
63 357 0 0
62 357 0 0
61 357 0 0
269 356 0 0
268 356 0 0
267 356 0 0
266 356 0 0
215 356 0 1
214 356 0 1
213 356 0 1
212 356 0 1
211 356 0 1
210 356 0 1
113 356 0 1
112 356 0 1
111 356 0 1
110 356 0 1
109 356 0 1
65 356 0 0
64 356 0 0
63 356 0 0
62 356 0 0
61 356 0 0
60 356 0 0
269 355 0 0
268 355 0 0
267 355 0 0
266 355 0 0
215 355 0 1
214 355 0 1
213 355 0 1
212 355 0 1
211 355 0 1
113 355 0 1
112 355 0 1
111 355 0 1
110 355 0 1
109 355 0 1
65 355 0 0
64 355 0 0
63 355 0 0
62 355 0 0
61 355 0 0
60 355 0 0
59 355 0 0
269 354 0 0
268 354 0 0
267 354 0 0
266 354 0 0
215 354 0 1
214 354 0 1
213 354 0 1
212 354 0 1
211 354 0 1
112 354 0 1
111 354 0 1
110 354 0 1
109 354 0 1
108 354 0 1
64 354 0 0
63 354 0 0
62 354 0 0
61 354 0 0
60 354 0 0
59 354 0 0
58 354 0 0
269 353 0 0
268 353 0 0
267 353 0 0
266 353 0 0
215 353 0 1
214 353 0 1
213 353 0 1
212 353 0 1
211 353 0 1
112 353 0 1
111 353 0 1
110 353 0 1
109 353 0 1
108 353 0 1
63 353 0 0
62 353 0 0
61 353 0 0
60 353 0 0
59 353 0 0
58 353 0 0
57 353 0 0
270 352 0 0
269 352 0 0
268 352 0 0
267 352 0 0
266 352 0 0
215 352 0 1
214 352 0 1
213 352 0 1
212 352 0 1
211 352 0 1
112 352 0 1
111 352 0 1
110 352 0 1
109 352 0 1
108 352 0 1
62 352 0 0
61 352 0 0
60 352 0 0
59 352 0 0
58 352 0 0
57 352 0 0
56 352 0 0
270 351 0 0
269 351 0 0
268 351 0 0
267 351 0 0
266 351 0 0
215 351 0 1
214 351 0 1
213 351 0 1
212 351 0 1
211 351 0 1
112 351 0 1
111 351 0 1
110 351 0 1
109 351 0 1
108 351 0 1
61 351 0 0
60 351 0 0
59 351 0 0
58 351 0 0
57 351 0 0
56 351 0 0
55 351 0 0
270 350 0 0
269 350 0 0
268 350 0 0
267 350 0 0
266 350 0 0
216 350 0 1
215 350 0 1
214 350 0 1
213 350 0 1
212 350 0 1
211 350 0 1
112 350 0 1
111 350 0 1
110 350 0 1
109 350 0 1
108 350 0 1
60 350 0 0
59 350 0 0
58 350 0 0
57 350 0 0
56 350 0 0
55 350 0 0
54 350 0 0
270 349 0 0
269 349 0 0
268 349 0 0
267 349 0 0
266 349 0 0
216 349 0 1
215 349 0 1
214 349 0 1
213 349 0 1
212 349 0 1
112 349 0 1
111 349 0 1
110 349 0 1
109 349 0 1
108 349 0 1
59 349 0 0
58 349 0 0
57 349 0 0
56 349 0 0
55 349 0 0
54 349 0 0
270 348 0 0
269 348 0 0
268 348 0 0
267 348 0 0
266 348 0 0
216 348 0 1
215 348 0 1
214 348 0 1
213 348 0 1
212 348 0 1
112 348 0 1
111 348 0 1
110 348 0 1
109 348 0 1
108 348 0 1
58 348 0 0
57 348 0 0
56 348 0 0
55 348 0 0
54 348 0 0
53 348 0 0
271 347 0 0
270 347 0 0
269 347 0 0
268 347 0 0
267 347 0 0
266 347 0 0
216 347 0 1
215 347 0 1
214 347 0 1
213 347 0 1
212 347 0 1
112 347 0 1
111 347 0 1
110 347 0 1
109 347 0 1
108 347 0 1
58 347 0 0
57 347 0 0
56 347 0 0
55 347 0 0
54 347 0 0
53 347 0 0
52 347 0 0
271 346 0 0
270 346 0 0
269 346 0 0
268 346 0 0
267 346 0 0
216 346 0 1
215 346 0 1
214 346 0 1
213 346 0 1
212 346 0 1
111 346 0 1
110 346 0 1
109 346 0 1
108 346 0 1
107 346 0 1
57 346 0 0
56 346 0 0
55 346 0 0
54 346 0 0
53 346 0 0
52 346 0 0
271 345 0 0
270 345 0 0
269 345 0 0
268 345 0 0
267 345 0 0
217 345 0 1
216 345 0 1
215 345 0 1
214 345 0 1
213 345 0 1
212 345 0 1
111 345 0 1
110 345 0 1
109 345 0 1
108 345 0 1
107 345 0 1
56 345 0 0
55 345 0 0
54 345 0 0
53 345 0 0
52 345 0 0
51 345 0 0
271 344 0 0
270 344 0 0
269 344 0 0
268 344 0 0
267 344 0 0
217 344 0 1
216 344 0 1
215 344 0 1
214 344 0 1
213 344 0 1
111 344 0 1
110 344 0 1
109 344 0 1
108 344 0 1
107 344 0 1
56 344 0 0
55 344 0 0
54 344 0 0
53 344 0 0
52 344 0 0
51 344 0 0
50 344 0 0
272 343 0 0
271 343 0 0
270 343 0 0
269 343 0 0
268 343 0 0
267 343 0 0
217 343 0 1
216 343 0 1
215 343 0 1
214 343 0 1
213 343 0 1
111 343 0 1
110 343 0 1
109 343 0 1
108 343 0 1
107 343 0 1
55 343 0 0
54 343 0 0
53 343 0 0
52 343 0 0
51 343 0 0
50 343 0 0
272 342 0 0
271 342 0 0
270 342 0 0
269 342 0 0
268 342 0 0
217 342 0 1
216 342 0 1
215 342 0 1
214 342 0 1
213 342 0 1
111 342 0 1
110 342 0 1
109 342 0 1
108 342 0 1
107 342 0 1
54 342 0 0
53 342 0 0
52 342 0 0
51 342 0 0
50 342 0 0
49 342 0 0
272 341 0 0
271 341 0 0
270 341 0 0
269 341 0 0
268 341 0 0
217 341 0 1
216 341 0 1
215 341 0 1
214 341 0 1
213 341 0 1
111 341 0 1
110 341 0 1
109 341 0 1
108 341 0 1
107 341 0 1
54 341 0 0
53 341 0 0
52 341 0 0
51 341 0 0
50 341 0 0
49 341 0 0
48 341 0 0
272 340 0 0
271 340 0 0
270 340 0 0
269 340 0 0
268 340 0 0
218 340 0 1
217 340 0 1
216 340 0 1
215 340 0 1
214 340 0 1
213 340 0 1
111 340 0 1
110 340 0 1
109 340 0 1
108 340 0 1
107 340 0 1
53 340 0 0
52 340 0 0
51 340 0 0
50 340 0 0
49 340 0 0
48 340 0 0
47 340 0 0
273 339 0 0
272 339 0 0
271 339 0 0
270 339 0 0
269 339 0 0
268 339 0 0
218 339 0 1
217 339 0 1
216 339 0 1
215 339 0 1
214 339 0 1
111 339 0 1
110 339 0 1
109 339 0 1
108 339 0 1
107 339 0 1
52 339 0 0
51 339 0 0
50 339 0 0
49 339 0 0
48 339 0 0
47 339 0 0
273 338 0 0
272 338 0 0
271 338 0 0
270 338 0 0
269 338 0 0
268 338 0 0
218 338 0 1
217 338 0 1
216 338 0 1
215 338 0 1
214 338 0 1
110 338 0 1
109 338 0 1
108 338 0 1
107 338 0 1
106 338 0 1
51 338 0 0
50 338 0 0
49 338 0 0
48 338 0 0
47 338 0 0
46 338 0 0
274 337 0 0
273 337 0 0
272 337 0 0
271 337 0 0
270 337 0 0
269 337 0 0
218 337 0 1
217 337 0 1
216 337 0 1
215 337 0 1
214 337 0 1
110 337 0 1
109 337 0 1
108 337 0 1
107 337 0 1
106 337 0 1
51 337 0 0
50 337 0 0
49 337 0 0
48 337 0 0
47 337 0 0
46 337 0 0
45 337 0 0
274 336 0 0
273 336 0 0
272 336 0 0
271 336 0 0
270 336 0 0
269 336 0 0
218 336 0 1
217 336 0 1
216 336 0 1
215 336 0 1
214 336 0 1
110 336 0 1
109 336 0 1
108 336 0 1
107 336 0 1
106 336 0 1
50 336 0 0
49 336 0 0
48 336 0 0
47 336 0 0
46 336 0 0
45 336 0 0
275 335 0 0
274 335 0 0
273 335 0 0
272 335 0 0
271 335 0 0
270 335 0 0
219 335 0 1
218 335 0 1
217 335 0 1
216 335 0 1
215 335 0 1
214 335 0 1
110 335 0 1
109 335 0 1
108 335 0 1
107 335 0 1
106 335 0 1
49 335 0 0
48 335 0 0
47 335 0 0
46 335 0 0
45 335 0 0
44 335 0 0
275 334 0 0
274 334 0 0
273 334 0 0
272 334 0 0
271 334 0 0
270 334 0 0
219 334 0 1
218 334 0 1
217 334 0 1
216 334 0 1
215 334 0 1
110 334 0 1
109 334 0 1
108 334 0 1
107 334 0 1
106 334 0 1
49 334 0 0
48 334 0 0
47 334 0 0
46 334 0 0
45 334 0 0
44 334 0 0
43 334 0 0
276 333 0 0
275 333 0 0
274 333 0 0
273 333 0 0
272 333 0 0
271 333 0 0
219 333 0 1
218 333 0 1
217 333 0 1
216 333 0 1
215 333 0 1
110 333 0 1
109 333 0 1
108 333 0 1
107 333 0 1
106 333 0 1
48 333 0 0
47 333 0 0
46 333 0 0
45 333 0 0
44 333 0 0
43 333 0 0
276 332 0 0
275 332 0 0
274 332 0 0
273 332 0 0
272 332 0 0
271 332 0 0
219 332 0 1
218 332 0 1
217 332 0 1
216 332 0 1
215 332 0 1
110 332 0 1
109 332 0 1
108 332 0 1
107 332 0 1
106 332 0 1
47 332 0 0
46 332 0 0
45 332 0 0
44 332 0 0
43 332 0 0
42 332 0 0
277 331 0 0
276 331 0 0
275 331 0 0
274 331 0 0
273 331 0 0
272 331 0 0
219 331 0 1
218 331 0 1
217 331 0 1
216 331 0 1
215 331 0 1
110 331 0 1
109 331 0 1
108 331 0 1
107 331 0 1
106 331 0 1
47 331 0 0
46 331 0 0
45 331 0 0
44 331 0 0
43 331 0 0
42 331 0 0
41 331 0 0
277 330 0 0
276 330 0 0
275 330 0 0
274 330 0 0
273 330 0 0
272 330 0 0
220 330 0 1
219 330 0 1
218 330 0 1
217 330 0 1
216 330 0 1
215 330 0 1
110 330 0 1
109 330 0 1
108 330 0 1
107 330 0 1
106 330 0 1
46 330 0 0
45 330 0 0
44 330 0 0
43 330 0 0
42 330 0 0
41 330 0 0
40 330 0 0
278 329 0 0
277 329 0 0
276 329 0 0
275 329 0 0
274 329 0 0
273 329 0 0
220 329 0 1
219 329 0 1
218 329 0 1
217 329 0 1
216 329 0 1
110 329 0 1
109 329 0 1
108 329 0 1
107 329 0 1
106 329 0 1
45 329 0 0
44 329 0 0
43 329 0 0
42 329 0 0
41 329 0 0
40 329 0 0
39 329 0 0
278 328 0 0
277 328 0 0
276 328 0 0
275 328 0 0
274 328 0 0
273 328 0 0
220 328 0 1
219 328 0 1
218 328 0 1
217 328 0 1
216 328 0 1
109 328 0 1
108 328 0 1
107 328 0 1
106 328 0 1
105 328 0 1
44 328 0 0
43 328 0 0
42 328 0 0
41 328 0 0
40 328 0 0
39 328 0 0
38 328 0 0
279 327 0 0
278 327 0 0
277 327 0 0
276 327 0 0
275 327 0 0
274 327 0 0
220 327 0 1
219 327 0 1
218 327 0 1
217 327 0 1
216 327 0 1
109 327 0 1
108 327 0 1
107 327 0 1
106 327 0 1
105 327 0 1
43 327 0 0
42 327 0 0
41 327 0 0
40 327 0 0
39 327 0 0
38 327 0 0
37 327 0 0
279 326 0 0
278 326 0 0
277 326 0 0
276 326 0 0
275 326 0 0
274 326 0 0
221 326 0 1
220 326 0 1
219 326 0 1
218 326 0 1
217 326 0 1
216 326 0 1
109 326 0 1
108 326 0 1
107 326 0 1
106 326 0 1
105 326 0 1
42 326 0 0
41 326 0 0
40 326 0 0
39 326 0 0
38 326 0 0
37 326 0 0
36 326 0 0
279 325 0 0
278 325 0 0
277 325 0 0
276 325 0 0
275 325 0 0
221 325 0 1
220 325 0 1
219 325 0 1
218 325 0 1
217 325 0 1
109 325 0 1
108 325 0 1
107 325 0 1
106 325 0 1
105 325 0 1
41 325 0 0
40 325 0 0
39 325 0 0
38 325 0 0
37 325 0 0
36 325 0 0
35 325 0 0
280 324 0 0
279 324 0 0
278 324 0 0
277 324 0 0
276 324 0 0
275 324 0 0
221 324 0 1
220 324 0 1
219 324 0 1
218 324 0 1
217 324 0 1
109 324 0 1
108 324 0 1
107 324 0 1
106 324 0 1
105 324 0 1
40 324 0 0
39 324 0 0
38 324 0 0
37 324 0 0
36 324 0 0
35 324 0 0
34 324 0 0
280 323 0 0
279 323 0 0
278 323 0 0
277 323 0 0
276 323 0 0
221 323 0 1
220 323 0 1
219 323 0 1
218 323 0 1
217 323 0 1
109 323 0 1
108 323 0 1
107 323 0 1
106 323 0 1
105 323 0 1
39 323 0 0
38 323 0 0
37 323 0 0
36 323 0 0
35 323 0 0
34 323 0 0
33 323 0 0
281 322 0 0
280 322 0 0
279 322 0 0
278 322 0 0
277 322 0 0
276 322 0 0
222 322 0 1
221 322 0 1
220 322 0 1
219 322 0 1
218 322 0 1
217 322 0 1
109 322 0 1
108 322 0 1
107 322 0 1
106 322 0 1
105 322 0 1
38 322 0 0
37 322 0 0
36 322 0 0
35 322 0 0
34 322 0 0
33 322 0 0
32 322 0 0
281 321 0 0
280 321 0 0
279 321 0 0
278 321 0 0
277 321 0 0
222 321 0 1
221 321 0 1
220 321 0 1
219 321 0 1
218 321 0 1
109 321 0 1
108 321 0 1
107 321 0 1
106 321 0 1
105 321 0 1
37 321 0 0
36 321 0 0
35 321 0 0
34 321 0 0
33 321 0 0
32 321 0 0
31 321 0 0
282 320 0 0
281 320 0 0
280 320 0 0
279 320 0 0
278 320 0 0
277 320 0 0
222 320 0 1
221 320 0 1
220 320 0 1
219 320 0 1
218 320 0 1
109 320 0 1
108 320 0 1
107 320 0 1
106 320 0 1
105 320 0 1
104 320 0 1
36 320 0 0
35 320 0 0
34 320 0 0
33 320 0 0
32 320 0 0
31 320 0 0
30 320 0 0
282 319 0 0
281 319 0 0
280 319 0 0
279 319 0 0
278 319 0 0
277 319 0 0
223 319 0 1
222 319 0 1
221 319 0 1
220 319 0 1
219 319 0 1
218 319 0 1
108 319 0 1
107 319 0 1
106 319 0 1
105 319 0 1
104 319 0 1
35 319 0 0
34 319 0 0
33 319 0 0
32 319 0 0
31 319 0 0
30 319 0 0
29 319 0 0
283 318 0 0
282 318 0 0
281 318 0 0
280 318 0 0
279 318 0 0
278 318 0 0
223 318 0 1
222 318 0 1
221 318 0 1
220 318 0 1
219 318 0 1
218 318 0 1
108 318 0 1
107 318 0 1
106 318 0 1
105 318 0 1
104 318 0 1
34 318 0 0
33 318 0 0
32 318 0 0
31 318 0 0
30 318 0 0
29 318 0 0
28 318 0 0
283 317 0 0
282 317 0 0
281 317 0 0
280 317 0 0
279 317 0 0
278 317 0 0
224 317 0 1
223 317 0 1
222 317 0 1
221 317 0 1
220 317 0 1
219 317 0 1
108 317 0 1
107 317 0 1
106 317 0 1
105 317 0 1
104 317 0 1
33 317 0 0
32 317 0 0
31 317 0 0
30 317 0 0
29 317 0 0
28 317 0 0
27 317 0 0
283 316 0 0
282 316 0 0
281 316 0 0
280 316 0 0
279 316 0 0
224 316 0 1
223 316 0 1
222 316 0 1
221 316 0 1
220 316 0 1
219 316 0 1
108 316 0 1
107 316 0 1
106 316 0 1
105 316 0 1
104 316 0 1
32 316 0 0
31 316 0 0
30 316 0 0
29 316 0 0
28 316 0 0
27 316 0 0
26 316 0 0
284 315 0 0
283 315 0 0
282 315 0 0
281 315 0 0
280 315 0 0
279 315 0 0
225 315 0 1
224 315 0 1
223 315 0 1
222 315 0 1
221 315 0 1
220 315 0 1
108 315 0 1
107 315 0 1
106 315 0 1
105 315 0 1
104 315 0 1
103 315 0 1
31 315 0 0
30 315 0 0
29 315 0 0
28 315 0 0
27 315 0 0
26 315 0 0
25 315 0 0
284 314 0 0
283 314 0 0
282 314 0 0
281 314 0 0
280 314 0 0
225 314 0 1
224 314 0 1
223 314 0 1
222 314 0 1
221 314 0 1
220 314 0 1
107 314 0 1
106 314 0 1
105 314 0 1
104 314 0 1
103 314 0 1
30 314 0 0
29 314 0 0
28 314 0 0
27 314 0 0
26 314 0 0
25 314 0 0
24 314 0 0
285 313 0 0
284 313 0 0
283 313 0 0
282 313 0 0
281 313 0 0
280 313 0 0
226 313 0 1
225 313 0 1
224 313 0 1
223 313 0 1
222 313 0 1
221 313 0 1
107 313 0 1
106 313 0 1
105 313 0 1
104 313 0 1
103 313 0 1
29 313 0 0
28 313 0 0
27 313 0 0
26 313 0 0
25 313 0 0
24 313 0 0
23 313 0 0
285 312 0 0
284 312 0 0
283 312 0 0
282 312 0 0
281 312 0 0
280 312 0 0
226 312 0 1
225 312 0 1
224 312 0 1
223 312 0 1
222 312 0 1
221 312 0 1
107 312 0 1
106 312 0 1
105 312 0 1
104 312 0 1
103 312 0 1
28 312 0 0
27 312 0 0
26 312 0 0
25 312 0 0
24 312 0 0
23 312 0 0
285 311 0 0
284 311 0 0
283 311 0 0
282 311 0 0
281 311 0 0
226 311 0 1
225 311 0 1
224 311 0 1
223 311 0 1
222 311 0 1
107 311 0 1
106 311 0 1
105 311 0 1
104 311 0 1
103 311 0 1
27 311 0 0
26 311 0 0
25 311 0 0
24 311 0 0
23 311 0 0
22 311 0 0
286 310 0 0
285 310 0 0
284 310 0 0
283 310 0 0
282 310 0 0
281 310 0 0
227 310 0 1
226 310 0 1
225 310 0 1
224 310 0 1
223 310 0 1
222 310 0 1
107 310 0 1
106 310 0 1
105 310 0 1
104 310 0 1
103 310 0 1
102 310 0 1
27 310 0 0
26 310 0 0
25 310 0 0
24 310 0 0
23 310 0 0
22 310 0 0
21 310 0 0
286 309 0 0
285 309 0 0
284 309 0 0
283 309 0 0
282 309 0 0
227 309 0 1
226 309 0 1
225 309 0 1
224 309 0 1
223 309 0 1
106 309 0 1
105 309 0 1
104 309 0 1
103 309 0 1
102 309 0 1
26 309 0 0
25 309 0 0
24 309 0 0
23 309 0 0
22 309 0 0
21 309 0 0
287 308 0 0
286 308 0 0
285 308 0 0
284 308 0 0
283 308 0 0
282 308 0 0
228 308 0 1
227 308 0 1
226 308 0 1
225 308 0 1
224 308 0 1
223 308 0 1
106 308 0 1
105 308 0 1
104 308 0 1
103 308 0 1
102 308 0 1
25 308 0 0
24 308 0 0
23 308 0 0
22 308 0 0
21 308 0 0
20 308 0 0
287 307 0 0
286 307 0 0
285 307 0 0
284 307 0 0
283 307 0 0
282 307 0 0
228 307 0 1
227 307 0 1
226 307 0 1
225 307 0 1
224 307 0 1
106 307 0 1
105 307 0 1
104 307 0 1
103 307 0 1
102 307 0 1
25 307 0 0
24 307 0 0
23 307 0 0
22 307 0 0
21 307 0 0
20 307 0 0
19 307 0 0
287 306 0 0
286 306 0 0
285 306 0 0
284 306 0 0
283 306 0 0
229 306 0 1
228 306 0 1
227 306 0 1
226 306 0 1
225 306 0 1
224 306 0 1
106 306 0 1
105 306 0 1
104 306 0 1
103 306 0 1
102 306 0 1
24 306 0 0
23 306 0 0
22 306 0 0
21 306 0 0
20 306 0 0
19 306 0 0
287 305 0 0
286 305 0 0
285 305 0 0
284 305 0 0
283 305 0 0
229 305 0 1
228 305 0 1
227 305 0 1
226 305 0 1
225 305 0 1
224 305 0 1
106 305 0 1
105 305 0 1
104 305 0 1
103 305 0 1
102 305 0 1
23 305 0 0
22 305 0 0
21 305 0 0
20 305 0 0
19 305 0 0
18 305 0 0
287 304 0 0
286 304 0 0
285 304 0 0
284 304 0 0
283 304 0 0
230 304 0 1
229 304 0 1
228 304 0 1
227 304 0 1
226 304 0 1
225 304 0 1
106 304 0 1
105 304 0 1
104 304 0 1
103 304 0 1
102 304 0 1
23 304 0 0
22 304 0 0
21 304 0 0
20 304 0 0
19 304 0 0
18 304 0 0
288 303 0 0
287 303 0 0
286 303 0 0
285 303 0 0
284 303 0 0
283 303 0 0
230 303 0 1
229 303 0 1
228 303 0 1
227 303 0 1
226 303 0 1
225 303 0 1
106 303 0 1
105 303 0 1
104 303 0 1
103 303 0 1
102 303 0 1
22 303 0 0
21 303 0 0
20 303 0 0
19 303 0 0
18 303 0 0
17 303 0 0
288 302 0 0
287 302 0 0
286 302 0 0
285 302 0 0
284 302 0 0
231 302 0 1
230 302 0 1
229 302 0 1
228 302 0 1
227 302 0 1
226 302 0 1
106 302 0 1
105 302 0 1
104 302 0 1
103 302 0 1
102 302 0 1
22 302 0 0
21 302 0 0
20 302 0 0
19 302 0 0
18 302 0 0
17 302 0 0
288 301 0 0
287 301 0 0
286 301 0 0
285 301 0 0
284 301 0 0
231 301 0 1
230 301 0 1
229 301 0 1
228 301 0 1
227 301 0 1
226 301 0 1
106 301 0 1
105 301 0 1
104 301 0 1
103 301 0 1
102 301 0 1
21 301 0 0
20 301 0 0
19 301 0 0
18 301 0 0
17 301 0 0
16 301 0 0
15 301 0 0
288 300 0 0
287 300 0 0
286 300 0 0
285 300 0 0
284 300 0 0
232 300 0 1
231 300 0 1
230 300 0 1
229 300 0 1
228 300 0 1
227 300 0 1
105 300 0 1
104 300 0 1
103 300 0 1
102 300 0 1
101 300 0 1
21 300 0 0
20 300 0 0
19 300 0 0
18 300 0 0
17 300 0 0
16 300 0 0
15 300 0 0
14 300 0 0
289 299 0 0
288 299 0 0
287 299 0 0
286 299 0 0
285 299 0 0
284 299 0 0
232 299 0 1
231 299 0 1
230 299 0 1
229 299 0 1
228 299 0 1
227 299 0 1
105 299 0 1
104 299 0 1
103 299 0 1
102 299 0 1
101 299 0 1
20 299 0 0
19 299 0 0
18 299 0 0
17 299 0 0
16 299 0 0
15 299 0 0
14 299 0 0
13 299 0 0
289 298 0 0
288 298 0 0
287 298 0 0
286 298 0 0
285 298 0 0
284 298 0 0
232 298 0 1
231 298 0 1
230 298 0 1
229 298 0 1
228 298 0 1
105 298 0 1
104 298 0 1
103 298 0 1
102 298 0 1
101 298 0 1
19 298 0 0
18 298 0 0
17 298 0 0
16 298 0 0
15 298 0 0
14 298 0 0
13 298 0 0
289 297 0 0
288 297 0 0
287 297 0 0
286 297 0 0
285 297 0 0
233 297 0 1
232 297 0 1
231 297 0 1
230 297 0 1
229 297 0 1
228 297 0 1
105 297 0 1
104 297 0 1
103 297 0 1
102 297 0 1
101 297 0 1
17 297 0 0
16 297 0 0
15 297 0 0
14 297 0 0
13 297 0 0
289 296 0 0
288 296 0 0
287 296 0 0
286 296 0 0
285 296 0 0
233 296 0 1
232 296 0 1
231 296 0 1
230 296 0 1
229 296 0 1
228 296 0 1
105 296 0 1
104 296 0 1
103 296 0 1
102 296 0 1
101 296 0 1
17 296 0 0
16 296 0 0
15 296 0 0
14 296 0 0
13 296 0 0
290 295 0 0
289 295 0 0
288 295 0 0
287 295 0 0
286 295 0 0
285 295 0 0
233 295 0 1
232 295 0 1
231 295 0 1
230 295 0 1
229 295 0 1
105 295 0 1
104 295 0 1
103 295 0 1
102 295 0 1
101 295 0 1
16 295 0 0
15 295 0 0
14 295 0 0
13 295 0 0
12 295 0 0
290 294 0 0
289 294 0 0
288 294 0 0
287 294 0 0
286 294 0 0
234 294 0 1
233 294 0 1
232 294 0 1
231 294 0 1
230 294 0 1
229 294 0 1
105 294 0 1
104 294 0 1
103 294 0 1
102 294 0 1
101 294 0 1
16 294 0 0
15 294 0 0
14 294 0 0
13 294 0 0
12 294 0 0
290 293 0 0
289 293 0 0
288 293 0 0
287 293 0 0
286 293 0 0
234 293 0 1
233 293 0 1
232 293 0 1
231 293 0 1
230 293 0 1
229 293 0 1
105 293 0 1
104 293 0 1
103 293 0 1
102 293 0 1
101 293 0 1
16 293 0 0
15 293 0 0
14 293 0 0
13 293 0 0
12 293 0 0
11 293 0 0
291 292 0 0
290 292 0 0
289 292 0 0
288 292 0 0
287 292 0 0
286 292 0 0
234 292 0 1
233 292 0 1
232 292 0 1
231 292 0 1
230 292 0 1
105 292 0 1
104 292 0 1
103 292 0 1
102 292 0 1
101 292 0 1
16 292 0 0
15 292 0 0
14 292 0 0
13 292 0 0
12 292 0 0
11 292 0 0
291 291 0 0
290 291 0 0
289 291 0 0
288 291 0 0
287 291 0 0
234 291 0 1
233 291 0 1
232 291 0 1
231 291 0 1
230 291 0 1
105 291 0 1
104 291 0 1
103 291 0 1
102 291 0 1
101 291 0 1
100 291 0 1
15 291 0 0
14 291 0 0
13 291 0 0
12 291 0 0
11 291 0 0
10 291 0 0
291 290 0 0
290 290 0 0
289 290 0 0
288 290 0 0
287 290 0 0
234 290 0 1
233 290 0 1
232 290 0 1
231 290 0 1
230 290 0 1
104 290 0 1
103 290 0 1
102 290 0 1
101 290 0 1
100 290 0 1
14 290 0 0
13 290 0 0
12 290 0 0
11 290 0 0
10 290 0 0
9 290 0 0
292 289 0 0
291 289 0 0
290 289 0 0
289 289 0 0
288 289 0 0
287 289 0 0
235 289 0 1
234 289 0 1
233 289 0 1
232 289 0 1
231 289 0 1
230 289 0 1
104 289 0 1
103 289 0 1
102 289 0 1
101 289 0 1
100 289 0 1
14 289 0 0
13 289 0 0
12 289 0 0
11 289 0 0
10 289 0 0
9 289 0 0
292 288 0 0
291 288 0 0
290 288 0 0
289 288 0 0
288 288 0 0
287 288 0 0
235 288 0 1
234 288 0 1
233 288 0 1
232 288 0 1
231 288 0 1
104 288 0 1
103 288 0 1
102 288 0 1
101 288 0 1
100 288 0 1
13 288 0 0
12 288 0 0
11 288 0 0
10 288 0 0
9 288 0 0
8 288 0 0
292 287 0 0
291 287 0 0
290 287 0 0
289 287 0 0
288 287 0 0
235 287 0 1
234 287 0 1
233 287 0 1
232 287 0 1
231 287 0 1
104 287 0 1
103 287 0 1
102 287 0 1
101 287 0 1
100 287 0 1
13 287 0 0
12 287 0 0
11 287 0 0
10 287 0 0
9 287 0 0
8 287 0 0
292 286 0 0
291 286 0 0
290 286 0 0
289 286 0 0
288 286 0 0
235 286 0 1
234 286 0 1
233 286 0 1
232 286 0 1
231 286 0 1
104 286 0 1
103 286 0 1
102 286 0 1
101 286 0 1
100 286 0 1
99 286 0 1
12 286 0 0
11 286 0 0
10 286 0 0
9 286 0 0
8 286 0 0
7 286 0 0
293 285 0 0
292 285 0 0
291 285 0 0
290 285 0 0
289 285 0 0
288 285 0 0
236 285 0 1
235 285 0 1
234 285 0 1
233 285 0 1
232 285 0 1
231 285 0 1
103 285 0 1
102 285 0 1
101 285 0 1
100 285 0 1
99 285 0 1
12 285 0 0
11 285 0 0
10 285 0 0
9 285 0 0
8 285 0 0
7 285 0 0
6 285 0 0
293 284 0 0
292 284 0 0
291 284 0 0
290 284 0 0
289 284 0 0
236 284 0 1
235 284 0 1
234 284 0 1
233 284 0 1
232 284 0 1
231 284 0 1
103 284 0 1
102 284 0 1
101 284 0 1
100 284 0 1
99 284 0 1
11 284 0 0
10 284 0 0
9 284 0 0
8 284 0 0
7 284 0 0
6 284 0 0
293 283 0 0
292 283 0 0
291 283 0 0
290 283 0 0
289 283 0 0
237 283 0 1
236 283 0 1
235 283 0 1
234 283 0 1
233 283 0 1
232 283 0 1
103 283 0 1
102 283 0 1
101 283 0 1
100 283 0 1
99 283 0 1
11 283 0 0
10 283 0 0
9 283 0 0
8 283 0 0
7 283 0 0
6 283 0 0
294 282 0 0
293 282 0 0
292 282 0 0
291 282 0 0
290 282 0 0
289 282 0 0
237 282 0 1
236 282 0 1
235 282 0 1
234 282 0 1
233 282 0 1
232 282 0 1
103 282 0 1
102 282 0 1
101 282 0 1
100 282 0 1
99 282 0 1
10 282 0 0
9 282 0 0
8 282 0 0
7 282 0 0
6 282 0 0
294 281 0 0
293 281 0 0
292 281 0 0
291 281 0 0
290 281 0 0
289 281 0 0
238 281 0 1
237 281 0 1
236 281 0 1
235 281 0 1
234 281 0 1
233 281 0 1
103 281 0 1
102 281 0 1
101 281 0 1
100 281 0 1
99 281 0 1
294 280 0 0
293 280 0 0
292 280 0 0
291 280 0 0
290 280 0 0
238 280 0 1
237 280 0 1
236 280 0 1
235 280 0 1
234 280 0 1
233 280 0 1
102 280 0 1
101 280 0 1
100 280 0 1
99 280 0 1
98 280 0 1
294 279 0 0
293 279 0 0
292 279 0 0
291 279 0 0
290 279 0 0
239 279 0 1
238 279 0 1
237 279 0 1
236 279 0 1
235 279 0 1
234 279 0 1
102 279 0 1
101 279 0 1
100 279 0 1
99 279 0 1
98 279 0 1
294 278 0 0
293 278 0 0
292 278 0 0
291 278 0 0
290 278 0 0
239 278 0 1
238 278 0 1
237 278 0 1
236 278 0 1
235 278 0 1
234 278 0 1
102 278 0 1
101 278 0 1
100 278 0 1
99 278 0 1
98 278 0 1
295 277 0 0
294 277 0 0
293 277 0 0
292 277 0 0
291 277 0 0
290 277 0 0
239 277 0 1
238 277 0 1
237 277 0 1
236 277 0 1
235 277 0 1
102 277 0 1
101 277 0 1
100 277 0 1
99 277 0 1
98 277 0 1
97 277 0 1
295 276 0 0
294 276 0 0
293 276 0 0
292 276 0 0
291 276 0 0
240 276 0 1
239 276 0 1
238 276 0 1
237 276 0 1
236 276 0 1
235 276 0 1
101 276 0 1
100 276 0 1
99 276 0 1
98 276 0 1
97 276 0 1
295 275 0 0
294 275 0 0
293 275 0 0
292 275 0 0
291 275 0 0
241 275 0 1
240 275 0 1
239 275 0 1
238 275 0 1
237 275 0 1
236 275 0 1
235 275 0 1
101 275 0 1
100 275 0 1
99 275 0 1
98 275 0 1
97 275 0 1
96 275 0 1
295 274 0 0
294 274 0 0
293 274 0 0
292 274 0 0
291 274 0 0
242 274 0 1
241 274 0 1
240 274 0 1
239 274 0 1
238 274 0 1
237 274 0 1
236 274 0 1
101 274 0 1
100 274 0 1
99 274 0 1
98 274 0 1
97 274 0 1
96 274 0 1
296 273 0 0
295 273 0 0
294 273 0 0
293 273 0 0
292 273 0 0
291 273 0 0
242 273 0 1
241 273 0 1
240 273 0 1
239 273 0 1
238 273 0 1
237 273 0 1
100 273 0 1
99 273 0 1
98 273 0 1
97 273 0 1
96 273 0 1
296 272 0 0
295 272 0 0
294 272 0 0
293 272 0 0
292 272 0 0
291 272 0 0
244 272 0 1
243 272 0 1
242 272 0 1
241 272 0 1
240 272 0 1
239 272 0 1
238 272 0 1
237 272 0 1
100 272 0 1
99 272 0 1
98 272 0 1
97 272 0 1
96 272 0 1
296 271 0 0
295 271 0 0
294 271 0 0
293 271 0 0
292 271 0 0
244 271 0 1
243 271 0 1
242 271 0 1
241 271 0 1
240 271 0 1
239 271 0 1
238 271 0 1
100 271 0 1
99 271 0 1
98 271 0 1
97 271 0 1
96 271 0 1
95 271 0 1
297 270 0 0
296 270 0 0
295 270 0 0
294 270 0 0
293 270 0 0
292 270 0 0
245 270 0 1
244 270 0 1
243 270 0 1
242 270 0 1
241 270 0 1
240 270 0 1
239 270 0 1
99 270 0 1
98 270 0 1
97 270 0 1
96 270 0 1
95 270 0 1
297 269 0 0
296 269 0 0
295 269 0 0
294 269 0 0
293 269 0 0
292 269 0 0
246 269 0 1
245 269 0 1
244 269 0 1
243 269 0 1
242 269 0 1
241 269 0 1
240 269 0 1
99 269 0 1
98 269 0 1
97 269 0 1
96 269 0 1
95 269 0 1
297 268 0 0
296 268 0 0
295 268 0 0
294 268 0 0
293 268 0 0
247 268 0 1
246 268 0 1
245 268 0 1
244 268 0 1
243 268 0 1
242 268 0 1
241 268 0 1
99 268 0 1
98 268 0 1
97 268 0 1
96 268 0 1
95 268 0 1
298 267 0 0
297 267 0 0
296 267 0 0
295 267 0 0
294 267 0 0
293 267 0 0
247 267 0 1
246 267 0 1
245 267 0 1
244 267 0 1
243 267 0 1
242 267 0 1
99 267 0 1
98 267 0 1
97 267 0 1
96 267 0 1
95 267 0 1
94 267 0 1
298 266 0 0
297 266 0 0
296 266 0 0
295 266 0 0
294 266 0 0
293 266 0 0
248 266 0 1
247 266 0 1
246 266 0 1
245 266 0 1
244 266 0 1
243 266 0 1
242 266 0 1
98 266 0 1
97 266 0 1
96 266 0 1
95 266 0 1
94 266 0 1
298 265 0 0
297 265 0 0
296 265 0 0
295 265 0 0
294 265 0 0
249 265 0 1
248 265 0 1
247 265 0 1
246 265 0 1
245 265 0 1
244 265 0 1
243 265 0 1
98 265 0 1
97 265 0 1
96 265 0 1
95 265 0 1
94 265 0 1
299 264 0 0
298 264 0 0
297 264 0 0
296 264 0 0
295 264 0 0
294 264 0 0
249 264 0 1
248 264 0 1
247 264 0 1
246 264 0 1
245 264 0 1
244 264 0 1
98 264 0 1
97 264 0 1
96 264 0 1
95 264 0 1
94 264 0 1
299 263 0 0
298 263 0 0
297 263 0 0
296 263 0 0
295 263 0 0
294 263 0 0
250 263 0 1
249 263 0 1
248 263 0 1
247 263 0 1
246 263 0 1
245 263 0 1
98 263 0 1
97 263 0 1
96 263 0 1
95 263 0 1
94 263 0 1
299 262 0 0
298 262 0 0
297 262 0 0
296 262 0 0
295 262 0 0
250 262 0 1
249 262 0 1
248 262 0 1
247 262 0 1
246 262 0 1
245 262 0 1
98 262 0 1
97 262 0 1
96 262 0 1
95 262 0 1
94 262 0 1
299 261 0 0
298 261 0 0
297 261 0 0
296 261 0 0
295 261 0 0
251 261 0 1
250 261 0 1
249 261 0 1
248 261 0 1
247 261 0 1
246 261 0 1
98 261 0 1
97 261 0 1
96 261 0 1
95 261 0 1
94 261 0 1
300 260 0 0
299 260 0 0
298 260 0 0
297 260 0 0
296 260 0 0
295 260 0 0
252 260 0 1
251 260 0 1
250 260 0 1
249 260 0 1
248 260 0 1
247 260 0 1
246 260 0 1
98 260 0 1
97 260 0 1
96 260 0 1
95 260 0 1
94 260 0 1
300 259 0 0
299 259 0 0
298 259 0 0
297 259 0 0
296 259 0 0
252 259 0 1
251 259 0 1
250 259 0 1
249 259 0 1
248 259 0 1
247 259 0 1
97 259 0 1
96 259 0 1
95 259 0 1
94 259 0 1
300 258 0 0
299 258 0 0
298 258 0 0
297 258 0 0
296 258 0 0
253 258 0 1
252 258 0 1
251 258 0 1
250 258 0 1
249 258 0 1
248 258 0 1
97 258 0 1
96 258 0 1
95 258 0 1
94 258 0 1
301 257 0 0
300 257 0 0
299 257 0 0
298 257 0 0
297 257 0 0
296 257 0 0
254 257 0 1
253 257 0 1
252 257 0 1
251 257 0 1
250 257 0 1
249 257 0 1
248 257 0 1
97 257 0 1
96 257 0 1
95 257 0 1
94 257 0 1
301 256 0 0
300 256 0 0
299 256 0 0
298 256 0 0
297 256 0 0
296 256 0 0
254 256 0 1
253 256 0 1
252 256 0 1
251 256 0 1
250 256 0 1
249 256 0 1
97 256 0 1
96 256 0 1
95 256 0 1
94 256 0 1
301 255 0 0
300 255 0 0
299 255 0 0
298 255 0 0
297 255 0 0
255 255 0 1
254 255 0 1
253 255 0 1
252 255 0 1
251 255 0 1
250 255 0 1
97 255 0 1
96 255 0 1
95 255 0 1
94 255 0 1
301 254 0 0
300 254 0 0
299 254 0 0
298 254 0 0
297 254 0 0
256 254 0 1
255 254 0 1
254 254 0 1
253 254 0 1
252 254 0 1
251 254 0 1
250 254 0 1
97 254 0 1
96 254 0 1
95 254 0 1
94 254 0 1
301 253 0 0
300 253 0 0
299 253 0 0
298 253 0 0
297 253 0 0
256 253 0 1
255 253 0 1
254 253 0 1
253 253 0 1
252 253 0 1
251 253 0 1
97 253 0 1
96 253 0 1
95 253 0 1
94 253 0 1
302 252 0 0
301 252 0 0
300 252 0 0
299 252 0 0
298 252 0 0
297 252 0 0
256 252 0 1
255 252 0 1
254 252 0 1
253 252 0 1
252 252 0 1
97 252 0 1
96 252 0 1
95 252 0 1
94 252 0 1
302 251 0 0
301 251 0 0
300 251 0 0
299 251 0 0
298 251 0 0
256 251 0 1
255 251 0 1
254 251 0 1
253 251 0 1
252 251 0 1
97 251 0 1
96 251 0 1
95 251 0 1
94 251 0 1
302 250 0 0
301 250 0 0
300 250 0 0
299 250 0 0
298 250 0 0
256 250 0 1
255 250 0 1
254 250 0 1
253 250 0 1
97 250 0 1
96 250 0 1
95 250 0 1
94 250 0 1
302 249 0 0
301 249 0 0
300 249 0 0
299 249 0 0
298 249 0 0
256 249 0 1
255 249 0 1
254 249 0 1
253 249 0 1
97 249 0 1
96 249 0 1
95 249 0 1
94 249 0 1
302 248 0 0
301 248 0 0
300 248 0 0
299 248 0 0
298 248 0 0
256 248 0 1
255 248 0 1
254 248 0 1
253 248 0 1
97 248 0 1
96 248 0 1
95 248 0 1
94 248 0 1
303 247 0 0
302 247 0 0
301 247 0 0
300 247 0 0
299 247 0 0
298 247 0 0
256 247 0 1
255 247 0 1
254 247 0 1
253 247 0 1
97 247 0 1
96 247 0 1
95 247 0 1
94 247 0 1
303 246 0 0
302 246 0 0
301 246 0 0
300 246 0 0
299 246 0 0
256 246 0 1
255 246 0 1
254 246 0 1
253 246 0 1
97 246 0 1
96 246 0 1
95 246 0 1
94 246 0 1
303 245 0 0
302 245 0 0
301 245 0 0
300 245 0 0
299 245 0 0
257 245 0 1
256 245 0 1
255 245 0 1
254 245 0 1
253 245 0 1
97 245 0 1
96 245 0 1
95 245 0 1
94 245 0 1
303 244 0 0
302 244 0 0
301 244 0 0
300 244 0 0
299 244 0 0
257 244 0 1
256 244 0 1
255 244 0 1
254 244 0 1
253 244 0 1
97 244 0 1
96 244 0 1
95 244 0 1
94 244 0 1
303 243 0 0
302 243 0 0
301 243 0 0
300 243 0 0
299 243 0 0
257 243 0 1
256 243 0 1
255 243 0 1
254 243 0 1
253 243 0 1
97 243 0 1
96 243 0 1
95 243 0 1
94 243 0 1
303 242 0 0
302 242 0 0
301 242 0 0
300 242 0 0
299 242 0 0
257 242 0 1
256 242 0 1
255 242 0 1
254 242 0 1
253 242 0 1
97 242 0 1
96 242 0 1
95 242 0 1
94 242 0 1
303 241 0 0
302 241 0 0
301 241 0 0
300 241 0 0
299 241 0 0
257 241 0 1
256 241 0 1
255 241 0 1
254 241 0 1
97 241 0 1
96 241 0 1
95 241 0 1
94 241 0 1
303 240 0 0
302 240 0 0
301 240 0 0
300 240 0 0
299 240 0 0
257 240 0 1
256 240 0 1
255 240 0 1
254 240 0 1
97 240 0 1
96 240 0 1
95 240 0 1
94 240 0 1
303 239 0 0
302 239 0 0
301 239 0 0
300 239 0 0
299 239 0 0
257 239 0 1
256 239 0 1
255 239 0 1
254 239 0 1
97 239 0 1
96 239 0 1
95 239 0 1
94 239 0 1
304 238 0 0
303 238 0 0
302 238 0 0
301 238 0 0
300 238 0 0
257 238 0 1
256 238 0 1
255 238 0 1
254 238 0 1
97 238 0 1
96 238 0 1
95 238 0 1
94 238 0 1
304 237 0 0
303 237 0 0
302 237 0 0
301 237 0 0
300 237 0 0
257 237 0 1
256 237 0 1
255 237 0 1
254 237 0 1
97 237 0 1
96 237 0 1
95 237 0 1
94 237 0 1
304 236 0 0
303 236 0 0
302 236 0 0
301 236 0 0
300 236 0 0
257 236 0 1
256 236 0 1
255 236 0 1
254 236 0 1
97 236 0 1
96 236 0 1
95 236 0 1
94 236 0 1
304 235 0 0
303 235 0 0
302 235 0 0
301 235 0 0
300 235 0 0
257 235 0 1
256 235 0 1
255 235 0 1
254 235 0 1
97 235 0 1
96 235 0 1
95 235 0 1
94 235 0 1
304 234 0 0
303 234 0 0
302 234 0 0
301 234 0 0
300 234 0 0
257 234 0 1
256 234 0 1
255 234 0 1
254 234 0 1
97 234 0 1
96 234 0 1
95 234 0 1
94 234 0 1
304 233 0 0
303 233 0 0
302 233 0 0
301 233 0 0
300 233 0 0
257 233 0 1
256 233 0 1
255 233 0 1
254 233 0 1
97 233 0 1
96 233 0 1
95 233 0 1
94 233 0 1
304 232 0 0
303 232 0 0
302 232 0 0
301 232 0 0
257 232 0 1
256 232 0 1
255 232 0 1
254 232 0 1
97 232 0 1
96 232 0 1
95 232 0 1
94 232 0 1
304 231 0 0
303 231 0 0
302 231 0 0
301 231 0 0
257 231 0 1
256 231 0 1
255 231 0 1
254 231 0 1
97 231 0 1
96 231 0 1
95 231 0 1
94 231 0 1
304 230 0 0
303 230 0 0
302 230 0 0
301 230 0 0
257 230 0 1
256 230 0 1
255 230 0 1
254 230 0 1
97 230 0 1
96 230 0 1
95 230 0 1
94 230 0 1
304 229 0 0
303 229 0 0
302 229 0 0
301 229 0 0
257 229 0 1
256 229 0 1
255 229 0 1
254 229 0 1
97 229 0 1
96 229 0 1
95 229 0 1
94 229 0 1
304 228 0 0
303 228 0 0
302 228 0 0
301 228 0 0
257 228 0 1
256 228 0 1
255 228 0 1
254 228 0 1
97 228 0 1
96 228 0 1
95 228 0 1
94 228 0 1
304 227 0 0
303 227 0 0
302 227 0 0
301 227 0 0
257 227 0 1
256 227 0 1
255 227 0 1
254 227 0 1
97 227 0 1
96 227 0 1
95 227 0 1
94 227 0 1
304 226 0 0
303 226 0 0
302 226 0 0
301 226 0 0
257 226 0 1
256 226 0 1
255 226 0 1
254 226 0 1
97 226 0 1
96 226 0 1
95 226 0 1
94 226 0 1
304 225 0 0
303 225 0 0
302 225 0 0
301 225 0 0
257 225 0 1
256 225 0 1
255 225 0 1
254 225 0 1
97 225 0 1
96 225 0 1
95 225 0 1
94 225 0 1
304 224 0 0
303 224 0 0
302 224 0 0
301 224 0 0
257 224 0 1
256 224 0 1
255 224 0 1
254 224 0 1
97 224 0 1
96 224 0 1
95 224 0 1
94 224 0 1
304 223 0 0
303 223 0 0
302 223 0 0
301 223 0 0
257 223 0 1
256 223 0 1
255 223 0 1
254 223 0 1
253 223 0 1
97 223 0 1
96 223 0 1
95 223 0 1
94 223 0 1
304 222 0 0
303 222 0 0
302 222 0 0
301 222 0 0
257 222 0 1
256 222 0 1
255 222 0 1
254 222 0 1
253 222 0 1
97 222 0 1
96 222 0 1
95 222 0 1
94 222 0 1
304 221 0 0
303 221 0 0
302 221 0 0
301 221 0 0
257 221 0 1
256 221 0 1
255 221 0 1
254 221 0 1
253 221 0 1
97 221 0 1
96 221 0 1
95 221 0 1
94 221 0 1
304 220 0 0
303 220 0 0
302 220 0 0
301 220 0 0
257 220 0 1
256 220 0 1
255 220 0 1
254 220 0 1
253 220 0 1
97 220 0 1
96 220 0 1
95 220 0 1
94 220 0 1
304 219 0 0
303 219 0 0
302 219 0 0
301 219 0 0
257 219 0 1
256 219 0 1
255 219 0 1
254 219 0 1
253 219 0 1
97 219 0 1
96 219 0 1
95 219 0 1
94 219 0 1
304 218 0 0
303 218 0 0
302 218 0 0
301 218 0 0
257 218 0 1
256 218 0 1
255 218 0 1
254 218 0 1
253 218 0 1
97 218 0 1
96 218 0 1
95 218 0 1
94 218 0 1
304 217 0 0
303 217 0 0
302 217 0 0
301 217 0 0
257 217 0 1
256 217 0 1
255 217 0 1
254 217 0 1
253 217 0 1
97 217 0 1
96 217 0 1
95 217 0 1
94 217 0 1
304 216 0 0
303 216 0 0
302 216 0 0
301 216 0 0
257 216 0 1
256 216 0 1
255 216 0 1
254 216 0 1
253 216 0 1
97 216 0 1
96 216 0 1
95 216 0 1
94 216 0 1
304 215 0 0
303 215 0 0
302 215 0 0
301 215 0 0
256 215 0 1
255 215 0 1
254 215 0 1
253 215 0 1
97 215 0 1
96 215 0 1
95 215 0 1
94 215 0 1
304 214 0 0
303 214 0 0
302 214 0 0
301 214 0 0
256 214 0 1
255 214 0 1
254 214 0 1
253 214 0 1
97 214 0 1
96 214 0 1
95 214 0 1
94 214 0 1
304 213 0 0
303 213 0 0
302 213 0 0
301 213 0 0
256 213 0 1
255 213 0 1
254 213 0 1
253 213 0 1
97 213 0 1
96 213 0 1
95 213 0 1
94 213 0 1
304 212 0 0
303 212 0 0
302 212 0 0
301 212 0 0
256 212 0 1
255 212 0 1
254 212 0 1
253 212 0 1
252 212 0 1
97 212 0 1
96 212 0 1
95 212 0 1
94 212 0 1
304 211 0 0
303 211 0 0
302 211 0 0
301 211 0 0
256 211 0 1
255 211 0 1
254 211 0 1
253 211 0 1
252 211 0 1
97 211 0 1
96 211 0 1
95 211 0 1
94 211 0 1
304 210 0 0
303 210 0 0
302 210 0 0
301 210 0 0
256 210 0 1
255 210 0 1
254 210 0 1
253 210 0 1
252 210 0 1
97 210 0 1
96 210 0 1
95 210 0 1
94 210 0 1
304 209 0 0
303 209 0 0
302 209 0 0
301 209 0 0
256 209 0 1
255 209 0 1
254 209 0 1
253 209 0 1
252 209 0 1
97 209 0 1
96 209 0 1
95 209 0 1
94 209 0 1
304 208 0 0
303 208 0 0
302 208 0 0
301 208 0 0
256 208 0 1
255 208 0 1
254 208 0 1
253 208 0 1
252 208 0 1
97 208 0 1
96 208 0 1
95 208 0 1
94 208 0 1
304 207 0 0
303 207 0 0
302 207 0 0
301 207 0 0
256 207 0 1
255 207 0 1
254 207 0 1
253 207 0 1
252 207 0 1
251 207 0 1
97 207 0 1
96 207 0 1
95 207 0 1
94 207 0 1
304 206 0 0
303 206 0 0
302 206 0 0
301 206 0 0
255 206 0 1
254 206 0 1
253 206 0 1
252 206 0 1
251 206 0 1
97 206 0 1
96 206 0 1
95 206 0 1
94 206 0 1
304 205 0 0
303 205 0 0
302 205 0 0
301 205 0 0
255 205 0 1
254 205 0 1
253 205 0 1
252 205 0 1
251 205 0 1
97 205 0 1
96 205 0 1
95 205 0 1
94 205 0 1
304 204 0 0
303 204 0 0
302 204 0 0
301 204 0 0
255 204 0 1
254 204 0 1
253 204 0 1
252 204 0 1
251 204 0 1
97 204 0 1
96 204 0 1
95 204 0 1
94 204 0 1
304 203 0 0
303 203 0 0
302 203 0 0
301 203 0 0
255 203 0 1
254 203 0 1
253 203 0 1
252 203 0 1
251 203 0 1
97 203 0 1
96 203 0 1
95 203 0 1
94 203 0 1
304 202 0 0
303 202 0 0
302 202 0 0
301 202 0 0
255 202 0 1
254 202 0 1
253 202 0 1
252 202 0 1
251 202 0 1
97 202 0 1
96 202 0 1
95 202 0 1
94 202 0 1
304 201 0 0
303 201 0 0
302 201 0 0
301 201 0 0
255 201 0 1
254 201 0 1
253 201 0 1
252 201 0 1
251 201 0 1
97 201 0 1
96 201 0 1
95 201 0 1
94 201 0 1
304 200 0 0
303 200 0 0
302 200 0 0
301 200 0 0
254 200 0 1
253 200 0 1
252 200 0 1
251 200 0 1
97 200 0 1
96 200 0 1
95 200 0 1
94 200 0 1
304 199 0 0
303 199 0 0
302 199 0 0
301 199 0 0
254 199 0 1
253 199 0 1
252 199 0 1
251 199 0 1
250 199 0 1
97 199 0 1
96 199 0 1
95 199 0 1
94 199 0 1
304 198 0 0
303 198 0 0
302 198 0 0
301 198 0 0
254 198 0 1
253 198 0 1
252 198 0 1
251 198 0 1
250 198 0 1
97 198 0 1
96 198 0 1
95 198 0 1
94 198 0 1
304 197 0 0
303 197 0 0
302 197 0 0
301 197 0 0
254 197 0 1
253 197 0 1
252 197 0 1
251 197 0 1
250 197 0 1
97 197 0 1
96 197 0 1
95 197 0 1
94 197 0 1
304 196 0 0
303 196 0 0
302 196 0 0
301 196 0 0
254 196 0 1
253 196 0 1
252 196 0 1
251 196 0 1
250 196 0 1
97 196 0 1
96 196 0 1
95 196 0 1
94 196 0 1
304 195 0 0
303 195 0 0
302 195 0 0
301 195 0 0
254 195 0 1
253 195 0 1
252 195 0 1
251 195 0 1
250 195 0 1
97 195 0 1
96 195 0 1
95 195 0 1
94 195 0 1
304 194 0 0
303 194 0 0
302 194 0 0
301 194 0 0
253 194 0 1
252 194 0 1
251 194 0 1
250 194 0 1
97 194 0 1
96 194 0 1
95 194 0 1
94 194 0 1
304 193 0 0
303 193 0 0
302 193 0 0
301 193 0 0
253 193 0 1
252 193 0 1
251 193 0 1
250 193 0 1
249 193 0 1
248 193 0 1
97 193 0 1
96 193 0 1
95 193 0 1
94 193 0 1
304 192 0 0
303 192 0 0
302 192 0 0
301 192 0 0
300 192 0 0
253 192 0 1
252 192 0 1
251 192 0 1
250 192 0 1
249 192 0 1
248 192 0 1
97 192 0 1
96 192 0 1
95 192 0 1
94 192 0 1
304 191 0 0
303 191 0 0
302 191 0 0
301 191 0 0
300 191 0 0
253 191 0 1
252 191 0 1
251 191 0 1
250 191 0 1
249 191 0 1
248 191 0 1
97 191 0 1
96 191 0 1
95 191 0 1
94 191 0 1
304 190 0 0
303 190 0 0
302 190 0 0
301 190 0 0
300 190 0 0
253 190 0 1
252 190 0 1
251 190 0 1
250 190 0 1
249 190 0 1
248 190 0 1
247 190 0 1
97 190 0 1
96 190 0 1
95 190 0 1
94 190 0 1
304 189 0 0
303 189 0 0
302 189 0 0
301 189 0 0
300 189 0 0
251 189 0 1
250 189 0 1
249 189 0 1
248 189 0 1
247 189 0 1
97 189 0 1
96 189 0 1
95 189 0 1
94 189 0 1
304 188 0 0
303 188 0 0
302 188 0 0
301 188 0 0
300 188 0 0
251 188 0 1
250 188 0 1
249 188 0 1
248 188 0 1
247 188 0 1
97 188 0 1
96 188 0 1
95 188 0 1
94 188 0 1
304 187 0 0
303 187 0 0
302 187 0 0
301 187 0 0
300 187 0 0
251 187 0 1
250 187 0 1
249 187 0 1
248 187 0 1
247 187 0 1
246 187 0 1
97 187 0 1
96 187 0 1
95 187 0 1
94 187 0 1
304 186 0 0
303 186 0 0
302 186 0 0
301 186 0 0
300 186 0 0
299 186 0 0
251 186 0 1
250 186 0 1
249 186 0 1
248 186 0 1
247 186 0 1
246 186 0 1
97 186 0 1
96 186 0 1
95 186 0 1
94 186 0 1
303 185 0 0
302 185 0 0
301 185 0 0
300 185 0 0
299 185 0 0
250 185 0 1
249 185 0 1
248 185 0 1
247 185 0 1
246 185 0 1
97 185 0 1
96 185 0 1
95 185 0 1
94 185 0 1
303 184 0 0
302 184 0 0
301 184 0 0
300 184 0 0
299 184 0 0
250 184 0 1
249 184 0 1
248 184 0 1
247 184 0 1
246 184 0 1
245 184 0 1
97 184 0 1
96 184 0 1
95 184 0 1
94 184 0 1
303 183 0 0
302 183 0 0
301 183 0 0
300 183 0 0
299 183 0 0
249 183 0 1
248 183 0 1
247 183 0 1
246 183 0 1
245 183 0 1
97 183 0 1
96 183 0 1
95 183 0 1
94 183 0 1
303 182 0 0
302 182 0 0
301 182 0 0
300 182 0 0
299 182 0 0
249 182 0 1
248 182 0 1
247 182 0 1
246 182 0 1
245 182 0 1
244 182 0 1
97 182 0 1
96 182 0 1
95 182 0 1
94 182 0 1
302 181 0 0
301 181 0 0
300 181 0 0
299 181 0 0
249 181 0 1
248 181 0 1
247 181 0 1
246 181 0 1
245 181 0 1
244 181 0 1
97 181 0 1
96 181 0 1
95 181 0 1
94 181 0 1
302 180 0 0
301 180 0 0
300 180 0 0
299 180 0 0
248 180 0 1
247 180 0 1
246 180 0 1
245 180 0 1
244 180 0 1
97 180 0 1
96 180 0 1
95 180 0 1
94 180 0 1
248 179 0 1
247 179 0 1
246 179 0 1
245 179 0 1
244 179 0 1
97 179 0 1
96 179 0 1
95 179 0 1
94 179 0 1
248 178 0 1
247 178 0 1
246 178 0 1
245 178 0 1
244 178 0 1
243 178 0 1
97 178 0 1
96 178 0 1
95 178 0 1
94 178 0 1
248 177 0 1
247 177 0 1
246 177 0 1
245 177 0 1
244 177 0 1
243 177 0 1
97 177 0 1
96 177 0 1
95 177 0 1
94 177 0 1
247 176 0 1
246 176 0 1
245 176 0 1
244 176 0 1
243 176 0 1
97 176 0 1
96 176 0 1
95 176 0 1
94 176 0 1
247 175 0 1
246 175 0 1
245 175 0 1
244 175 0 1
243 175 0 1
242 175 0 1
97 175 0 1
96 175 0 1
95 175 0 1
94 175 0 1
247 174 0 1
246 174 0 1
245 174 0 1
244 174 0 1
243 174 0 1
242 174 0 1
97 174 0 1
96 174 0 1
95 174 0 1
94 174 0 1
246 173 0 1
245 173 0 1
244 173 0 1
243 173 0 1
242 173 0 1
97 173 0 1
96 173 0 1
95 173 0 1
94 173 0 1
246 172 0 1
245 172 0 1
244 172 0 1
243 172 0 1
242 172 0 1
241 172 0 1
97 172 0 1
96 172 0 1
95 172 0 1
94 172 0 1
246 171 0 1
245 171 0 1
244 171 0 1
243 171 0 1
242 171 0 1
241 171 0 1
97 171 0 1
96 171 0 1
95 171 0 1
94 171 0 1
245 170 0 1
244 170 0 1
243 170 0 1
242 170 0 1
241 170 0 1
97 170 0 1
96 170 0 1
95 170 0 1
94 170 0 1
245 169 0 1
244 169 0 1
243 169 0 1
242 169 0 1
241 169 0 1
240 169 0 1
97 169 0 1
96 169 0 1
95 169 0 1
94 169 0 1
245 168 0 1
244 168 0 1
243 168 0 1
242 168 0 1
241 168 0 1
240 168 0 1
97 168 0 1
96 168 0 1
95 168 0 1
94 168 0 1
244 167 0 1
243 167 0 1
242 167 0 1
241 167 0 1
240 167 0 1
239 167 0 1
97 167 0 1
96 167 0 1
95 167 0 1
94 167 0 1
244 166 0 1
243 166 0 1
242 166 0 1
241 166 0 1
240 166 0 1
239 166 0 1
97 166 0 1
96 166 0 1
95 166 0 1
94 166 0 1
243 165 0 1
242 165 0 1
241 165 0 1
240 165 0 1
239 165 0 1
97 165 0 1
96 165 0 1
95 165 0 1
94 165 0 1
243 164 0 1
242 164 0 1
241 164 0 1
240 164 0 1
239 164 0 1
238 164 0 1
97 164 0 1
96 164 0 1
95 164 0 1
94 164 0 1
242 163 0 1
241 163 0 1
240 163 0 1
239 163 0 1
238 163 0 1
97 163 0 1
96 163 0 1
95 163 0 1
94 163 0 1
242 162 0 1
241 162 0 1
240 162 0 1
239 162 0 1
238 162 0 1
237 162 0 1
97 162 0 1
96 162 0 1
95 162 0 1
94 162 0 1
242 161 0 1
241 161 0 1
240 161 0 1
239 161 0 1
238 161 0 1
237 161 0 1
97 161 0 1
96 161 0 1
95 161 0 1
94 161 0 1
241 160 0 1
240 160 0 1
239 160 0 1
238 160 0 1
237 160 0 1
236 160 0 1
97 160 0 1
96 160 0 1
95 160 0 1
94 160 0 1
241 159 0 1
240 159 0 1
239 159 0 1
238 159 0 1
237 159 0 1
236 159 0 1
97 159 0 1
96 159 0 1
95 159 0 1
94 159 0 1
240 158 0 1
239 158 0 1
238 158 0 1
237 158 0 1
236 158 0 1
235 158 0 1
97 158 0 1
96 158 0 1
95 158 0 1
94 158 0 1
240 157 0 1
239 157 0 1
238 157 0 1
237 157 0 1
236 157 0 1
235 157 0 1
97 157 0 1
96 157 0 1
95 157 0 1
94 157 0 1
239 156 0 1
238 156 0 1
237 156 0 1
236 156 0 1
235 156 0 1
234 156 0 1
97 156 0 1
96 156 0 1
95 156 0 1
94 156 0 1
239 155 0 1
238 155 0 1
237 155 0 1
236 155 0 1
235 155 0 1
234 155 0 1
97 155 0 1
96 155 0 1
95 155 0 1
94 155 0 1
238 154 0 1
237 154 0 1
236 154 0 1
235 154 0 1
234 154 0 1
233 154 0 1
97 154 0 1
96 154 0 1
95 154 0 1
94 154 0 1
238 153 0 1
237 153 0 1
236 153 0 1
235 153 0 1
234 153 0 1
233 153 0 1
97 153 0 1
96 153 0 1
95 153 0 1
94 153 0 1
237 152 0 1
236 152 0 1
235 152 0 1
234 152 0 1
233 152 0 1
232 152 0 1
97 152 0 1
96 152 0 1
95 152 0 1
94 152 0 1
237 151 0 1
236 151 0 1
235 151 0 1
234 151 0 1
233 151 0 1
232 151 0 1
97 151 0 1
96 151 0 1
95 151 0 1
94 151 0 1
236 150 0 1
235 150 0 1
234 150 0 1
233 150 0 1
232 150 0 1
231 150 0 1
97 150 0 1
96 150 0 1
95 150 0 1
94 150 0 1
236 149 0 1
235 149 0 1
234 149 0 1
233 149 0 1
232 149 0 1
231 149 0 1
97 149 0 1
96 149 0 1
95 149 0 1
94 149 0 1
235 148 0 1
234 148 0 1
233 148 0 1
232 148 0 1
231 148 0 1
230 148 0 1
97 148 0 1
96 148 0 1
95 148 0 1
94 148 0 1
235 147 0 1
234 147 0 1
233 147 0 1
232 147 0 1
231 147 0 1
230 147 0 1
97 147 0 1
96 147 0 1
95 147 0 1
94 147 0 1
234 146 0 1
233 146 0 1
232 146 0 1
231 146 0 1
230 146 0 1
229 146 0 1
97 146 0 1
96 146 0 1
95 146 0 1
94 146 0 1
234 145 0 1
233 145 0 1
232 145 0 1
231 145 0 1
230 145 0 1
229 145 0 1
97 145 0 1
96 145 0 1
95 145 0 1
94 145 0 1
233 144 0 1
232 144 0 1
231 144 0 1
230 144 0 1
229 144 0 1
228 144 0 1
97 144 0 1
96 144 0 1
95 144 0 1
94 144 0 1
233 143 0 1
232 143 0 1
231 143 0 1
230 143 0 1
229 143 0 1
228 143 0 1
97 143 0 1
96 143 0 1
95 143 0 1
94 143 0 1
232 142 0 1
231 142 0 1
230 142 0 1
229 142 0 1
228 142 0 1
227 142 0 1
97 142 0 1
96 142 0 1
95 142 0 1
94 142 0 1
232 141 0 1
231 141 0 1
230 141 0 1
229 141 0 1
228 141 0 1
227 141 0 1
97 141 0 1
96 141 0 1
95 141 0 1
94 141 0 1
231 140 0 1
230 140 0 1
229 140 0 1
228 140 0 1
227 140 0 1
226 140 0 1
97 140 0 1
96 140 0 1
95 140 0 1
94 140 0 1
231 139 0 1
230 139 0 1
229 139 0 1
228 139 0 1
227 139 0 1
226 139 0 1
97 139 0 1
96 139 0 1
95 139 0 1
94 139 0 1
230 138 0 1
229 138 0 1
228 138 0 1
227 138 0 1
226 138 0 1
225 138 0 1
97 138 0 1
96 138 0 1
95 138 0 1
94 138 0 1
230 137 0 1
229 137 0 1
228 137 0 1
227 137 0 1
226 137 0 1
225 137 0 1
97 137 0 1
96 137 0 1
95 137 0 1
94 137 0 1
24 137 0 0
23 137 0 0
22 137 0 0
21 137 0 0
229 136 0 1
228 136 0 1
227 136 0 1
226 136 0 1
225 136 0 1
224 136 0 1
97 136 0 1
96 136 0 1
95 136 0 1
94 136 0 1
24 136 0 0
23 136 0 0
22 136 0 0
21 136 0 0
229 135 0 1
228 135 0 1
227 135 0 1
226 135 0 1
225 135 0 1
224 135 0 1
97 135 0 1
96 135 0 1
95 135 0 1
94 135 0 1
24 135 0 0
23 135 0 0
22 135 0 0
21 135 0 0
228 134 0 1
227 134 0 1
226 134 0 1
225 134 0 1
224 134 0 1
223 134 0 1
97 134 0 1
96 134 0 1
95 134 0 1
94 134 0 1
24 134 0 0
23 134 0 0
22 134 0 0
21 134 0 0
227 133 0 1
226 133 0 1
225 133 0 1
224 133 0 1
223 133 0 1
222 133 0 1
97 133 0 1
96 133 0 1
95 133 0 1
94 133 0 1
24 133 0 0
23 133 0 0
22 133 0 0
21 133 0 0
227 132 0 1
226 132 0 1
225 132 0 1
224 132 0 1
223 132 0 1
222 132 0 1
97 132 0 1
96 132 0 1
95 132 0 1
94 132 0 1
24 132 0 0
23 132 0 0
22 132 0 0
21 132 0 0
226 131 0 1
225 131 0 1
224 131 0 1
223 131 0 1
222 131 0 1
221 131 0 1
97 131 0 1
96 131 0 1
95 131 0 1
94 131 0 1
24 131 0 0
23 131 0 0
22 131 0 0
21 131 0 0
226 130 0 1
225 130 0 1
224 130 0 1
223 130 0 1
222 130 0 1
221 130 0 1
97 130 0 1
96 130 0 1
95 130 0 1
94 130 0 1
24 130 0 0
23 130 0 0
22 130 0 0
21 130 0 0
225 129 0 1
224 129 0 1
223 129 0 1
222 129 0 1
221 129 0 1
220 129 0 1
97 129 0 1
96 129 0 1
95 129 0 1
94 129 0 1
24 129 0 0
23 129 0 0
22 129 0 0
21 129 0 0
225 128 0 1
224 128 0 1
223 128 0 1
222 128 0 1
221 128 0 1
220 128 0 1
97 128 0 1
96 128 0 1
95 128 0 1
94 128 0 1
24 128 0 0
23 128 0 0
22 128 0 0
21 128 0 0
224 127 0 1
223 127 0 1
222 127 0 1
221 127 0 1
220 127 0 1
97 127 0 1
96 127 0 1
95 127 0 1
94 127 0 1
24 127 0 0
23 127 0 0
22 127 0 0
21 127 0 0
224 126 0 1
223 126 0 1
222 126 0 1
221 126 0 1
220 126 0 1
219 126 0 1
97 126 0 1
96 126 0 1
95 126 0 1
94 126 0 1
25 126 0 0
24 126 0 0
23 126 0 0
22 126 0 0
21 126 0 0
223 125 0 1
222 125 0 1
221 125 0 1
220 125 0 1
219 125 0 1
97 125 0 1
96 125 0 1
95 125 0 1
94 125 0 1
25 125 0 0
24 125 0 0
23 125 0 0
22 125 0 0
21 125 0 0
223 124 0 1
222 124 0 1
221 124 0 1
220 124 0 1
219 124 0 1
218 124 0 1
97 124 0 1
96 124 0 1
95 124 0 1
94 124 0 1
25 124 0 0
24 124 0 0
23 124 0 0
22 124 0 0
21 124 0 0
223 123 0 1
222 123 0 1
221 123 0 1
220 123 0 1
219 123 0 1
218 123 0 1
97 123 0 1
96 123 0 1
95 123 0 1
94 123 0 1
25 123 0 0
24 123 0 0
23 123 0 0
22 123 0 0
21 123 0 0
222 122 0 1
221 122 0 1
220 122 0 1
219 122 0 1
218 122 0 1
97 122 0 1
96 122 0 1
95 122 0 1
94 122 0 1
25 122 0 0
24 122 0 0
23 122 0 0
22 122 0 0
21 122 0 0
222 121 0 1
221 121 0 1
220 121 0 1
219 121 0 1
218 121 0 1
217 121 0 1
97 121 0 1
96 121 0 1
95 121 0 1
94 121 0 1
25 121 0 0
24 121 0 0
23 121 0 0
22 121 0 0
21 121 0 0
221 120 0 1
220 120 0 1
219 120 0 1
218 120 0 1
217 120 0 1
97 120 0 1
96 120 0 1
95 120 0 1
94 120 0 1
25 120 0 0
24 120 0 0
23 120 0 0
22 120 0 0
21 120 0 0
221 119 0 1
220 119 0 1
219 119 0 1
218 119 0 1
217 119 0 1
216 119 0 1
97 119 0 1
96 119 0 1
95 119 0 1
94 119 0 1
25 119 0 0
24 119 0 0
23 119 0 0
22 119 0 0
21 119 0 0
221 118 0 1
220 118 0 1
219 118 0 1
218 118 0 1
217 118 0 1
216 118 0 1
97 118 0 1
96 118 0 1
95 118 0 1
94 118 0 1
25 118 0 0
24 118 0 0
23 118 0 0
22 118 0 0
220 117 0 1
219 117 0 1
218 117 0 1
217 117 0 1
216 117 0 1
215 117 0 1
97 117 0 1
96 117 0 1
95 117 0 1
94 117 0 1
25 117 0 0
24 117 0 0
23 117 0 0
22 117 0 0
219 116 0 1
218 116 0 1
217 116 0 1
216 116 0 1
215 116 0 1
214 116 0 1
97 116 0 1
96 116 0 1
95 116 0 1
94 116 0 1
25 116 0 0
24 116 0 0
23 116 0 0
22 116 0 0
219 115 0 1
218 115 0 1
217 115 0 1
216 115 0 1
215 115 0 1
214 115 0 1
97 115 0 1
96 115 0 1
95 115 0 1
94 115 0 1
25 115 0 0
24 115 0 0
23 115 0 0
22 115 0 0
218 114 0 1
217 114 0 1
216 114 0 1
215 114 0 1
214 114 0 1
213 114 0 1
97 114 0 1
96 114 0 1
95 114 0 1
94 114 0 1
25 114 0 0
24 114 0 0
23 114 0 0
22 114 0 0
217 113 0 1
216 113 0 1
215 113 0 1
214 113 0 1
213 113 0 1
212 113 0 1
97 113 0 1
96 113 0 1
95 113 0 1
94 113 0 1
25 113 0 0
24 113 0 0
23 113 0 0
22 113 0 0
217 112 0 1
216 112 0 1
215 112 0 1
214 112 0 1
213 112 0 1
212 112 0 1
97 112 0 1
96 112 0 1
95 112 0 1
94 112 0 1
25 112 0 0
24 112 0 0
23 112 0 0
22 112 0 0
216 111 0 1
215 111 0 1
214 111 0 1
213 111 0 1
212 111 0 1
97 111 0 1
96 111 0 1
95 111 0 1
94 111 0 1
93 111 0 1
25 111 0 0
24 111 0 0
23 111 0 0
22 111 0 0
216 110 0 1
215 110 0 1
214 110 0 1
213 110 0 1
212 110 0 1
211 110 0 1
97 110 0 1
96 110 0 1
95 110 0 1
94 110 0 1
93 110 0 1
25 110 0 0
24 110 0 0
23 110 0 0
22 110 0 0
216 109 0 1
215 109 0 1
214 109 0 1
213 109 0 1
212 109 0 1
211 109 0 1
97 109 0 1
96 109 0 1
95 109 0 1
94 109 0 1
93 109 0 1
25 109 0 0
24 109 0 0
23 109 0 0
22 109 0 0
215 108 0 1
214 108 0 1
213 108 0 1
212 108 0 1
211 108 0 1
97 108 0 1
96 108 0 1
95 108 0 1
94 108 0 1
93 108 0 1
25 108 0 0
24 108 0 0
23 108 0 0
22 108 0 0
215 107 0 1
214 107 0 1
213 107 0 1
212 107 0 1
211 107 0 1
210 107 0 1
97 107 0 1
96 107 0 1
95 107 0 1
94 107 0 1
93 107 0 1
26 107 0 0
25 107 0 0
24 107 0 0
23 107 0 0
22 107 0 0
215 106 0 1
214 106 0 1
213 106 0 1
212 106 0 1
211 106 0 1
210 106 0 1
209 106 0 1
97 106 0 1
96 106 0 1
95 106 0 1
94 106 0 1
93 106 0 1
26 106 0 0
25 106 0 0
24 106 0 0
23 106 0 0
22 106 0 0
214 105 0 1
213 105 0 1
212 105 0 1
211 105 0 1
210 105 0 1
209 105 0 1
97 105 0 1
96 105 0 1
95 105 0 1
94 105 0 1
93 105 0 1
26 105 0 0
25 105 0 0
24 105 0 0
23 105 0 0
22 105 0 0
213 104 0 1
212 104 0 1
211 104 0 1
210 104 0 1
209 104 0 1
208 104 0 1
97 104 0 1
96 104 0 1
95 104 0 1
94 104 0 1
93 104 0 1
26 104 0 0
25 104 0 0
24 104 0 0
23 104 0 0
22 104 0 0
213 103 0 1
212 103 0 1
211 103 0 1
210 103 0 1
209 103 0 1
208 103 0 1
207 103 0 1
97 103 0 1
96 103 0 1
95 103 0 1
94 103 0 1
93 103 0 1
26 103 0 0
25 103 0 0
24 103 0 0
23 103 0 0
22 103 0 0
212 102 0 1
211 102 0 1
210 102 0 1
209 102 0 1
208 102 0 1
207 102 0 1
97 102 0 1
96 102 0 1
95 102 0 1
94 102 0 1
93 102 0 1
26 102 0 0
25 102 0 0
24 102 0 0
23 102 0 0
22 102 0 0
211 101 0 1
210 101 0 1
209 101 0 1
208 101 0 1
207 101 0 1
97 101 0 1
96 101 0 1
95 101 0 1
94 101 0 1
93 101 0 1
26 101 0 0
25 101 0 0
24 101 0 0
23 101 0 0
22 101 0 0
211 100 0 1
210 100 0 1
209 100 0 1
208 100 0 1
207 100 0 1
97 100 0 1
96 100 0 1
95 100 0 1
94 100 0 1
93 100 0 1
26 100 0 0
25 100 0 0
24 100 0 0
23 100 0 0
22 100 0 0
97 99 0 1
96 99 0 1
95 99 0 1
94 99 0 1
93 99 0 1
26 99 0 0
25 99 0 0
24 99 0 0
23 99 0 0
96 98 0 1
95 98 0 1
94 98 0 1
93 98 0 1
26 98 0 0
25 98 0 0
24 98 0 0
23 98 0 0
96 97 0 1
95 97 0 1
94 97 0 1
93 97 0 1
26 97 0 0
25 97 0 0
24 97 0 0
23 97 0 0
96 96 0 1
95 96 0 1
94 96 0 1
93 96 0 1
26 96 0 0
25 96 0 0
24 96 0 0
23 96 0 0
96 95 0 1
95 95 0 1
94 95 0 1
93 95 0 1
26 95 0 0
25 95 0 0
24 95 0 0
23 95 0 0
96 94 0 1
95 94 0 1
94 94 0 1
93 94 0 1
27 94 0 0
26 94 0 0
25 94 0 0
24 94 0 0
23 94 0 0
96 93 0 1
95 93 0 1
94 93 0 1
93 93 0 1
27 93 0 0
26 93 0 0
25 93 0 0
24 93 0 0
23 93 0 0
96 92 0 1
95 92 0 1
94 92 0 1
93 92 0 1
27 92 0 0
26 92 0 0
25 92 0 0
24 92 0 0
23 92 0 0
96 91 0 1
95 91 0 1
94 91 0 1
93 91 0 1
27 91 0 0
26 91 0 0
25 91 0 0
24 91 0 0
23 91 0 0
96 90 0 1
95 90 0 1
94 90 0 1
93 90 0 1
27 90 0 0
26 90 0 0
25 90 0 0
24 90 0 0
23 90 0 0
96 89 0 1
95 89 0 1
94 89 0 1
93 89 0 1
27 89 0 0
26 89 0 0
25 89 0 0
24 89 0 0
23 89 0 0
96 88 0 1
95 88 0 1
94 88 0 1
93 88 0 1
28 88 0 0
27 88 0 0
26 88 0 0
25 88 0 0
24 88 0 0
23 88 0 0
96 87 0 1
95 87 0 1
94 87 0 1
93 87 0 1
28 87 0 0
27 87 0 0
26 87 0 0
25 87 0 0
24 87 0 0
96 86 0 1
95 86 0 1
94 86 0 1
93 86 0 1
28 86 0 0
27 86 0 0
26 86 0 0
25 86 0 0
24 86 0 0
96 85 0 1
95 85 0 1
94 85 0 1
93 85 0 1
28 85 0 0
27 85 0 0
26 85 0 0
25 85 0 0
24 85 0 0
96 84 0 1
95 84 0 1
94 84 0 1
93 84 0 1
29 84 0 0
28 84 0 0
27 84 0 0
26 84 0 0
25 84 0 0
24 84 0 0
96 83 0 1
95 83 0 1
94 83 0 1
93 83 0 1
29 83 0 0
28 83 0 0
27 83 0 0
26 83 0 0
25 83 0 0
96 82 0 1
95 82 0 1
94 82 0 1
93 82 0 1
29 82 0 0
28 82 0 0
27 82 0 0
26 82 0 0
25 82 0 0
96 81 0 1
95 81 0 1
94 81 0 1
93 81 0 1
30 81 0 0
29 81 0 0
28 81 0 0
27 81 0 0
26 81 0 0
25 81 0 0
96 80 0 1
95 80 0 1
94 80 0 1
93 80 0 1
30 80 0 0
29 80 0 0
28 80 0 0
27 80 0 0
26 80 0 0
25 80 0 0
96 79 0 1
95 79 0 1
94 79 0 1
93 79 0 1
30 79 0 0
29 79 0 0
28 79 0 0
27 79 0 0
26 79 0 0
96 78 0 1
95 78 0 1
94 78 0 1
93 78 0 1
30 78 0 0
29 78 0 0
28 78 0 0
27 78 0 0
26 78 0 0
96 77 0 1
95 77 0 1
94 77 0 1
93 77 0 1
30 77 0 0
29 77 0 0
28 77 0 0
27 77 0 0
26 77 0 0
96 76 0 1
95 76 0 1
94 76 0 1
93 76 0 1
30 76 0 0
29 76 0 0
28 76 0 0
27 76 0 0
26 76 0 0
96 75 0 1
95 75 0 1
94 75 0 1
93 75 0 1
31 75 0 0
30 75 0 0
29 75 0 0
28 75 0 0
27 75 0 0
26 75 0 0
96 74 0 1
95 74 0 1
94 74 0 1
93 74 0 1
31 74 0 0
30 74 0 0
29 74 0 0
28 74 0 0
27 74 0 0
96 73 0 1
95 73 0 1
94 73 0 1
93 73 0 1
31 73 0 0
30 73 0 0
29 73 0 0
28 73 0 0
27 73 0 0
96 72 0 1
95 72 0 1
94 72 0 1
93 72 0 1
31 72 0 0
30 72 0 0
29 72 0 0
28 72 0 0
27 72 0 0
96 71 0 1
95 71 0 1
94 71 0 1
93 71 0 1
32 71 0 0
31 71 0 0
30 71 0 0
29 71 0 0
28 71 0 0
27 71 0 0
96 70 0 1
95 70 0 1
94 70 0 1
93 70 0 1
32 70 0 0
31 70 0 0
30 70 0 0
29 70 0 0
28 70 0 0
27 70 0 0
96 69 0 1
95 69 0 1
94 69 0 1
93 69 0 1
32 69 0 0
31 69 0 0
30 69 0 0
29 69 0 0
28 69 0 0
96 68 0 1
95 68 0 1
94 68 0 1
93 68 0 1
33 68 0 0
32 68 0 0
31 68 0 0
30 68 0 0
29 68 0 0
28 68 0 0
96 67 0 1
95 67 0 1
94 67 0 1
93 67 0 1
33 67 0 0
32 67 0 0
31 67 0 0
30 67 0 0
29 67 0 0
28 67 0 0
96 66 0 1
95 66 0 1
94 66 0 1
93 66 0 1
33 66 0 0
32 66 0 0
31 66 0 0
30 66 0 0
29 66 0 0
96 65 0 1
95 65 0 1
94 65 0 1
93 65 0 1
34 65 0 0
33 65 0 0
32 65 0 0
31 65 0 0
30 65 0 0
29 65 0 0
96 64 0 1
95 64 0 1
94 64 0 1
93 64 0 1
34 64 0 0
33 64 0 0
32 64 0 0
31 64 0 0
30 64 0 0
29 64 0 0
96 63 0 1
95 63 0 1
94 63 0 1
93 63 0 1
34 63 0 0
33 63 0 0
32 63 0 0
31 63 0 0
30 63 0 0
96 62 0 1
95 62 0 1
94 62 0 1
93 62 0 1
35 62 0 0
34 62 0 0
33 62 0 0
32 62 0 0
31 62 0 0
30 62 0 0
96 61 0 1
95 61 0 1
94 61 0 1
93 61 0 1
35 61 0 0
34 61 0 0
33 61 0 0
32 61 0 0
31 61 0 0
30 61 0 0
96 60 0 1
95 60 0 1
94 60 0 1
93 60 0 1
35 60 0 0
34 60 0 0
33 60 0 0
32 60 0 0
31 60 0 0
96 59 0 1
95 59 0 1
94 59 0 1
93 59 0 1
36 59 0 0
35 59 0 0
34 59 0 0
33 59 0 0
32 59 0 0
31 59 0 0
96 58 0 1
95 58 0 1
94 58 0 1
93 58 0 1
36 58 0 0
35 58 0 0
34 58 0 0
33 58 0 0
32 58 0 0
31 58 0 0
96 57 0 1
95 57 0 1
94 57 0 1
93 57 0 1
36 57 0 0
35 57 0 0
34 57 0 0
33 57 0 0
32 57 0 0
96 56 0 1
95 56 0 1
94 56 0 1
93 56 0 1
37 56 0 0
36 56 0 0
35 56 0 0
34 56 0 0
33 56 0 0
32 56 0 0
96 55 0 1
95 55 0 1
94 55 0 1
93 55 0 1
37 55 0 0
36 55 0 0
35 55 0 0
34 55 0 0
33 55 0 0
32 55 0 0
96 54 0 1
95 54 0 1
94 54 0 1
93 54 0 1
37 54 0 0
36 54 0 0
35 54 0 0
34 54 0 0
33 54 0 0
96 53 0 1
95 53 0 1
94 53 0 1
93 53 0 1
38 53 0 0
37 53 0 0
36 53 0 0
35 53 0 0
34 53 0 0
33 53 0 0
96 52 0 1
95 52 0 1
94 52 0 1
93 52 0 1
38 52 0 0
37 52 0 0
36 52 0 0
35 52 0 0
34 52 0 0
33 52 0 0
96 51 0 1
95 51 0 1
94 51 0 1
93 51 0 1
39 51 0 0
38 51 0 0
37 51 0 0
36 51 0 0
35 51 0 0
34 51 0 0
96 50 0 1
95 50 0 1
94 50 0 1
93 50 0 1
39 50 0 0
38 50 0 0
37 50 0 0
36 50 0 0
35 50 0 0
34 50 0 0
96 49 0 1
95 49 0 1
94 49 0 1
93 49 0 1
40 49 0 0
39 49 0 0
38 49 0 0
37 49 0 0
36 49 0 0
35 49 0 0
96 48 0 1
95 48 0 1
94 48 0 1
93 48 0 1
40 48 0 0
39 48 0 0
38 48 0 0
37 48 0 0
36 48 0 0
35 48 0 0
96 47 0 1
95 47 0 1
94 47 0 1
93 47 0 1
41 47 0 0
40 47 0 0
39 47 0 0
38 47 0 0
37 47 0 0
36 47 0 0
96 46 0 1
95 46 0 1
94 46 0 1
93 46 0 1
41 46 0 0
40 46 0 0
39 46 0 0
38 46 0 0
37 46 0 0
36 46 0 0
96 45 0 1
95 45 0 1
94 45 0 1
93 45 0 1
41 45 0 0
40 45 0 0
39 45 0 0
38 45 0 0
37 45 0 0
96 44 0 1
95 44 0 1
94 44 0 1
93 44 0 1
42 44 0 0
41 44 0 0
40 44 0 0
39 44 0 0
38 44 0 0
37 44 0 0
96 43 0 1
95 43 0 1
94 43 0 1
93 43 0 1
42 43 0 0
41 43 0 0
40 43 0 0
39 43 0 0
38 43 0 0
37 43 0 0
96 42 0 1
95 42 0 1
94 42 0 1
93 42 0 1
42 42 0 0
41 42 0 0
40 42 0 0
39 42 0 0
38 42 0 0
96 41 0 1
95 41 0 1
94 41 0 1
93 41 0 1
43 41 0 0
42 41 0 0
41 41 0 0
40 41 0 0
39 41 0 0
38 41 0 0
96 40 0 1
95 40 0 1
94 40 0 1
93 40 0 1
43 40 0 0
42 40 0 0
41 40 0 0
40 40 0 0
39 40 0 0
38 40 0 0
96 39 0 1
95 39 0 1
94 39 0 1
93 39 0 1
43 39 0 0
42 39 0 0
41 39 0 0
40 39 0 0
39 39 0 0
96 38 0 1
95 38 0 1
94 38 0 1
93 38 0 1
43 38 0 0
42 38 0 0
41 38 0 0
40 38 0 0
39 38 0 0
96 37 0 1
95 37 0 1
94 37 0 1
93 37 0 1
44 37 0 0
43 37 0 0
42 37 0 0
41 37 0 0
40 37 0 0
39 37 0 0
96 36 0 1
95 36 0 1
94 36 0 1
93 36 0 1
44 36 0 0
43 36 0 0
42 36 0 0
41 36 0 0
40 36 0 0
96 35 0 1
95 35 0 1
94 35 0 1
93 35 0 1
44 35 0 0
43 35 0 0
42 35 0 0
41 35 0 0
40 35 0 0
45 34 0 0
44 34 0 0
43 34 0 0
42 34 0 0
41 34 0 0
40 34 0 0
45 33 0 0
44 33 0 0
43 33 0 0
42 33 0 0
41 33 0 0
40 33 0 0
45 32 0 0
44 32 0 0
43 32 0 0
42 32 0 0
41 32 0 0
46 31 0 0
45 31 0 0
44 31 0 0
43 31 0 0
42 31 0 0
41 31 0 0
46 30 0 0
45 30 0 0
44 30 0 0
43 30 0 0
42 30 0 0
47 29 0 0
46 29 0 0
45 29 0 0
44 29 0 0
43 29 0 0
42 29 0 0
47 28 0 0
46 28 0 0
45 28 0 0
44 28 0 0
43 28 0 0
42 28 0 0
47 27 0 0
46 27 0 0
45 27 0 0
44 27 0 0
43 27 0 0
48 26 0 0
47 26 0 0
46 26 0 0
45 26 0 0
44 26 0 0
43 26 0 0
48 25 0 0
47 25 0 0
46 25 0 0
45 25 0 0
44 25 0 0
49 24 0 0
48 24 0 0
47 24 0 0
46 24 0 0
45 24 0 0
44 24 0 0
49 23 0 0
48 23 0 0
47 23 0 0
46 23 0 0
45 23 0 0
44 23 0 0
49 22 0 0
48 22 0 0
47 22 0 0
46 22 0 0
45 22 0 0
49 21 0 0
48 21 0 0
47 21 0 0
46 21 0 0
45 21 0 0
49 20 0 0
48 20 0 0
47 20 0 0
46 20 0 0
45 20 0 0
50 19 0 0
49 19 0 0
48 19 0 0
47 19 0 0
46 19 0 0
45 19 0 0
50 18 0 0
49 18 0 0
48 18 0 0
47 18 0 0
46 18 0 0
45 18 0 0
51 17 0 0
50 17 0 0
49 17 0 0
48 17 0 0
47 17 0 0
46 17 0 0
51 16 0 0
50 16 0 0
49 16 0 0
48 16 0 0
47 16 0 0
46 16 0 0
52 15 0 0
51 15 0 0
50 15 0 0
49 15 0 0
48 15 0 0
47 15 0 0
52 14 0 0
51 14 0 0
50 14 0 0
49 14 0 0
48 14 0 0
47 14 0 0
52 13 0 0
51 13 0 0
50 13 0 0
49 13 0 0
48 13 0 0
52 12 0 0
51 12 0 0
50 12 0 0
49 12 0 0
48 12 0 0
52 11 0 0
51 11 0 0
50 11 0 0
49 11 0 0
48 11 0 0
52 10 0 0
51 10 0 0
50 10 0 0
49 10 0 0
48 10 0 0
52 9 0 0
51 9 0 0
50 9 0 0
49 9 0 0
48 9 0 0
52 8 0 0
51 8 0 0
50 8 0 0
49 8 0 0
52 7 0 0
51 7 0 0
50 7 0 0
49 7 0 0
52 6 0 0
51 6 0 0
50 6 0 0
49 6 0 0
52 5 0 0
51 5 0 0
50 5 0 0
49 5 0 0
