4340 450 600
286 520 0 0
285 520 0 0
284 520 0 0
283 520 0 0
282 520 0 0
286 519 0 0
285 519 0 0
284 519 0 0
283 519 0 0
282 519 0 0
286 518 0 0
285 518 0 0
284 518 0 0
283 518 0 0
282 518 0 0
281 518 0 0
286 517 0 0
285 517 0 0
284 517 0 0
283 517 0 0
282 517 0 0
281 517 0 0
285 516 0 0
284 516 0 0
283 516 0 0
282 516 0 0
281 516 0 0
284 515 0 0
283 515 0 0
282 515 0 0
281 515 0 0
280 515 0 0
284 514 0 0
283 514 0 0
282 514 0 0
281 514 0 0
280 514 0 0
284 513 0 0
283 513 0 0
282 513 0 0
281 513 0 0
280 513 0 0
279 513 0 0
284 512 0 0
283 512 0 0
282 512 0 0
281 512 0 0
280 512 0 0
279 512 0 0
283 511 0 0
282 511 0 0
281 511 0 0
280 511 0 0
279 511 0 0
283 510 0 0
282 510 0 0
281 510 0 0
280 510 0 0
279 510 0 0
278 510 0 0
283 509 0 0
282 509 0 0
281 509 0 0
280 509 0 0
279 509 0 0
278 509 0 0
282 508 0 0
281 508 0 0
280 508 0 0
279 508 0 0
278 508 0 0
277 508 0 0
282 507 0 0
281 507 0 0
280 507 0 0
279 507 0 0
278 507 0 0
277 507 0 0
281 506 0 0
280 506 0 0
279 506 0 0
278 506 0 0
277 506 0 0
281 505 0 0
280 505 0 0
279 505 0 0
278 505 0 0
277 505 0 0
276 505 0 0
280 504 0 0
279 504 0 0
278 504 0 0
277 504 0 0
276 504 0 0
280 503 0 0
279 503 0 0
278 503 0 0
277 503 0 0
276 503 0 0
275 503 0 0
280 502 0 0
279 502 0 0
278 502 0 0
277 502 0 0
276 502 0 0
275 502 0 0
279 501 0 0
278 501 0 0
277 501 0 0
276 501 0 0
275 501 0 0
279 500 0 0
278 500 0 0
277 500 0 0
276 500 0 0
275 500 0 0
279 499 0 0
278 499 0 0
277 499 0 0
276 499 0 0
275 499 0 0
274 499 0 0
278 498 0 0
277 498 0 0
276 498 0 0
275 498 0 0
274 498 0 0
278 497 0 0
277 497 0 0
276 497 0 0
275 497 0 0
274 497 0 0
278 496 0 0
277 496 0 0
276 496 0 0
275 496 0 0
274 496 0 0
278 495 0 0
277 495 0 0
276 495 0 0
275 495 0 0
274 495 0 0
278 494 0 0
277 494 0 0
276 494 0 0
275 494 0 0
274 494 0 0
278 493 0 0
277 493 0 0
276 493 0 0
275 493 0 0
274 493 0 0
273 493 0 0
277 492 0 0
276 492 0 0
275 492 0 0
274 492 0 0
273 492 0 0
277 491 0 0
276 491 0 0
275 491 0 0
274 491 0 0
273 491 0 0
277 490 0 0
276 490 0 0
275 490 0 0
274 490 0 0
273 490 0 0
277 489 0 0
276 489 0 0
275 489 0 0
274 489 0 0
273 489 0 0
143 489 0 0
142 489 0 0
141 489 0 0
140 489 0 0
277 488 0 0
276 488 0 0
275 488 0 0
274 488 0 0
273 488 0 0
272 488 0 0
144 488 0 0
143 488 0 0
142 488 0 0
141 488 0 0
140 488 0 0
276 487 0 0
275 487 0 0
274 487 0 0
273 487 0 0
272 487 0 0
144 487 0 0
143 487 0 0
142 487 0 0
141 487 0 0
140 487 0 0
276 486 0 0
275 486 0 0
274 486 0 0
273 486 0 0
272 486 0 0
145 486 0 0
144 486 0 0
143 486 0 0
142 486 0 0
141 486 0 0
140 486 0 0
276 485 0 0
275 485 0 0
274 485 0 0
273 485 0 0
272 485 0 0
145 485 0 0
144 485 0 0
143 485 0 0
142 485 0 0
141 485 0 0
276 484 0 0
275 484 0 0
274 484 0 0
273 484 0 0
272 484 0 0
271 484 0 0
146 484 0 0
145 484 0 0
144 484 0 0
143 484 0 0
142 484 0 0
141 484 0 0
276 483 0 0
275 483 0 0
274 483 0 0
273 483 0 0
272 483 0 0
271 483 0 0
146 483 0 0
145 483 0 0
144 483 0 0
143 483 0 0
142 483 0 0
141 483 0 0
275 482 0 0
274 482 0 0
273 482 0 0
272 482 0 0
271 482 0 0
147 482 0 0
146 482 0 0
145 482 0 0
144 482 0 0
143 482 0 0
142 482 0 0
275 481 0 0
274 481 0 0
273 481 0 0
272 481 0 0
271 481 0 0
270 481 0 0
147 481 0 0
146 481 0 0
145 481 0 0
144 481 0 0
143 481 0 0
142 481 0 0
274 480 0 0
273 480 0 0
272 480 0 0
271 480 0 0
270 480 0 0
147 480 0 0
146 480 0 0
145 480 0 0
144 480 0 0
143 480 0 0
274 479 0 0
273 479 0 0
272 479 0 0
271 479 0 0
270 479 0 0
269 479 0 0
148 479 0 0
147 479 0 0
146 479 0 0
145 479 0 0
144 479 0 0
143 479 0 0
273 478 0 0
272 478 0 0
271 478 0 0
270 478 0 0
269 478 0 0
148 478 0 0
147 478 0 0
146 478 0 0
145 478 0 0
144 478 0 0
273 477 0 0
272 477 0 0
271 477 0 0
270 477 0 0
269 477 0 0
268 477 0 0
149 477 0 0
148 477 0 0
147 477 0 0
146 477 0 0
145 477 0 0
144 477 0 0
273 476 0 0
272 476 0 0
271 476 0 0
270 476 0 0
269 476 0 0
268 476 0 0
149 476 0 0
148 476 0 0
147 476 0 0
146 476 0 0
145 476 0 0
144 476 0 0
272 475 0 0
271 475 0 0
270 475 0 0
269 475 0 0
268 475 0 0
149 475 0 0
148 475 0 0
147 475 0 0
146 475 0 0
145 475 0 0
272 474 0 0
271 474 0 0
270 474 0 0
269 474 0 0
268 474 0 0
267 474 0 0
150 474 0 0
149 474 0 0
148 474 0 0
147 474 0 0
146 474 0 0
145 474 0 0
271 473 0 0
270 473 0 0
269 473 0 0
268 473 0 0
267 473 0 0
150 473 0 0
149 473 0 0
148 473 0 0
147 473 0 0
146 473 0 0
271 472 0 0
270 472 0 0
269 472 0 0
268 472 0 0
267 472 0 0
266 472 0 0
150 472 0 0
149 472 0 0
148 472 0 0
147 472 0 0
146 472 0 0
271 471 0 0
270 471 0 0
269 471 0 0
268 471 0 0
267 471 0 0
266 471 0 0
151 471 0 0
150 471 0 0
149 471 0 0
148 471 0 0
147 471 0 0
146 471 0 0
270 470 0 0
269 470 0 0
268 470 0 0
267 470 0 0
266 470 0 0
151 470 0 0
150 470 0 0
149 470 0 0
148 470 0 0
147 470 0 0
270 469 0 0
269 469 0 0
268 469 0 0
267 469 0 0
266 469 0 0
265 469 0 0
152 469 0 0
151 469 0 0
150 469 0 0
149 469 0 0
148 469 0 0
147 469 0 0
270 468 0 0
269 468 0 0
268 468 0 0
267 468 0 0
266 468 0 0
265 468 0 0
152 468 0 0
151 468 0 0
150 468 0 0
149 468 0 0
148 468 0 0
269 467 0 0
268 467 0 0
267 467 0 0
266 467 0 0
265 467 0 0
153 467 0 0
152 467 0 0
151 467 0 0
150 467 0 0
149 467 0 0
148 467 0 0
269 466 0 0
268 466 0 0
267 466 0 0
266 466 0 0
265 466 0 0
264 466 0 0
153 466 0 0
152 466 0 0
151 466 0 0
150 466 0 0
149 466 0 0
148 466 0 0
269 465 0 0
268 465 0 0
267 465 0 0
266 465 0 0
265 465 0 0
264 465 0 0
154 465 0 0
153 465 0 0
152 465 0 0
151 465 0 0
150 465 0 0
149 465 0 0
268 464 0 0
267 464 0 0
266 464 0 0
265 464 0 0
264 464 0 0
154 464 0 0
153 464 0 0
152 464 0 0
151 464 0 0
150 464 0 0
149 464 0 0
268 463 0 0
267 463 0 0
266 463 0 0
265 463 0 0
264 463 0 0
263 463 0 0
155 463 0 0
154 463 0 0
153 463 0 0
152 463 0 0
151 463 0 0
150 463 0 0
268 462 0 0
267 462 0 0
266 462 0 0
265 462 0 0
264 462 0 0
263 462 0 0
155 462 0 0
154 462 0 0
153 462 0 0
152 462 0 0
151 462 0 0
150 462 0 0
267 461 0 0
266 461 0 0
265 461 0 0
264 461 0 0
263 461 0 0
156 461 0 0
155 461 0 0
154 461 0 0
153 461 0 0
152 461 0 0
151 461 0 0
267 460 0 0
266 460 0 0
265 460 0 0
264 460 0 0
263 460 0 0
156 460 0 0
155 460 0 0
154 460 0 0
153 460 0 0
152 460 0 0
151 460 0 0
267 459 0 0
266 459 0 0
265 459 0 0
264 459 0 0
263 459 0 0
262 459 0 0
157 459 0 0
156 459 0 0
155 459 0 0
154 459 0 0
153 459 0 0
152 459 0 0
266 458 0 0
265 458 0 0
264 458 0 0
263 458 0 0
262 458 0 0
157 458 0 0
156 458 0 0
155 458 0 0
154 458 0 0
153 458 0 0
152 458 0 0
266 457 0 0
265 457 0 0
264 457 0 0
263 457 0 0
262 457 0 0
239 457 0 1
238 457 0 1
237 457 0 1
236 457 0 1
157 457 0 0
156 457 0 0
155 457 0 0
154 457 0 0
153 457 0 0
266 456 0 0
265 456 0 0
264 456 0 0
263 456 0 0
262 456 0 0
239 456 0 1
238 456 0 1
237 456 0 1
236 456 0 1
235 456 0 1
234 456 0 1
157 456 0 0
156 456 0 0
155 456 0 0
154 456 0 0
153 456 0 0
266 455 0 0
265 455 0 0
264 455 0 0
263 455 0 0
262 455 0 0
239 455 0 1
238 455 0 1
237 455 0 1
236 455 0 1
235 455 0 1
234 455 0 1
158 455 0 0
157 455 0 0
156 455 0 0
155 455 0 0
154 455 0 0
153 455 0 0
266 454 0 0
265 454 0 0
264 454 0 0
263 454 0 0
262 454 0 0
239 454 0 1
238 454 0 1
237 454 0 1
236 454 0 1
235 454 0 1
234 454 0 1
233 454 0 1
158 454 0 0
157 454 0 0
156 454 0 0
155 454 0 0
154 454 0 0
153 454 0 0
266 453 0 0
265 453 0 0
264 453 0 0
263 453 0 0
262 453 0 0
238 453 0 1
237 453 0 1
236 453 0 1
235 453 0 1
234 453 0 1
233 453 0 1
158 453 0 0
157 453 0 0
156 453 0 0
155 453 0 0
154 453 0 0
265 452 0 0
264 452 0 0
263 452 0 0
262 452 0 0
261 452 0 0
237 452 0 1
236 452 0 1
235 452 0 1
234 452 0 1
233 452 0 1
158 452 0 0
157 452 0 0
156 452 0 0
155 452 0 0
154 452 0 0
265 451 0 0
264 451 0 0
263 451 0 0
262 451 0 0
261 451 0 0
237 451 0 1
236 451 0 1
235 451 0 1
234 451 0 1
233 451 0 1
232 451 0 1
159 451 0 0
158 451 0 0
157 451 0 0
156 451 0 0
155 451 0 0
154 451 0 0
265 450 0 0
264 450 0 0
263 450 0 0
262 450 0 0
261 450 0 0
236 450 0 1
235 450 0 1
234 450 0 1
233 450 0 1
232 450 0 1
159 450 0 0
158 450 0 0
157 450 0 0
156 450 0 0
155 450 0 0
154 450 0 0
265 449 0 0
264 449 0 0
263 449 0 0
262 449 0 0
261 449 0 0
236 449 0 1
235 449 0 1
234 449 0 1
233 449 0 1
232 449 0 1
159 449 0 0
158 449 0 0
157 449 0 0
156 449 0 0
155 449 0 0
265 448 0 0
264 448 0 0
263 448 0 0
262 448 0 0
261 448 0 0
236 448 0 1
235 448 0 1
234 448 0 1
233 448 0 1
232 448 0 1
160 448 0 0
159 448 0 0
158 448 0 0
157 448 0 0
156 448 0 0
155 448 0 0
265 447 0 0
264 447 0 0
263 447 0 0
262 447 0 0
261 447 0 0
235 447 0 1
234 447 0 1
233 447 0 1
232 447 0 1
231 447 0 1
160 447 0 0
159 447 0 0
158 447 0 0
157 447 0 0
156 447 0 0
265 446 0 0
264 446 0 0
263 446 0 0
262 446 0 0
261 446 0 0
235 446 0 1
234 446 0 1
233 446 0 1
232 446 0 1
231 446 0 1
161 446 0 0
160 446 0 0
159 446 0 0
158 446 0 0
157 446 0 0
156 446 0 0
265 445 0 0
264 445 0 0
263 445 0 0
262 445 0 0
261 445 0 0
235 445 0 1
234 445 0 1
233 445 0 1
232 445 0 1
231 445 0 1
161 445 0 0
160 445 0 0
159 445 0 0
158 445 0 0
157 445 0 0
156 445 0 0
265 444 0 0
264 444 0 0
263 444 0 0
262 444 0 0
261 444 0 0
235 444 0 1
234 444 0 1
233 444 0 1
232 444 0 1
231 444 0 1
161 444 0 0
160 444 0 0
159 444 0 0
158 444 0 0
157 444 0 0
265 443 0 0
264 443 0 0
263 443 0 0
262 443 0 0
261 443 0 0
235 443 0 1
234 443 0 1
233 443 0 1
232 443 0 1
231 443 0 1
162 443 0 0
161 443 0 0
160 443 0 0
159 443 0 0
158 443 0 0
157 443 0 0
265 442 0 0
264 442 0 0
263 442 0 0
262 442 0 0
261 442 0 0
260 442 0 0
235 442 0 1
234 442 0 1
233 442 0 1
232 442 0 1
231 442 0 1
162 442 0 0
161 442 0 0
160 442 0 0
159 442 0 0
158 442 0 0
264 441 0 0
263 441 0 0
262 441 0 0
261 441 0 0
260 441 0 0
234 441 0 1
233 441 0 1
232 441 0 1
231 441 0 1
163 441 0 0
162 441 0 0
161 441 0 0
160 441 0 0
159 441 0 0
158 441 0 0
264 440 0 0
263 440 0 0
262 440 0 0
261 440 0 0
260 440 0 0
234 440 0 1
233 440 0 1
232 440 0 1
231 440 0 1
230 440 0 1
163 440 0 0
162 440 0 0
161 440 0 0
160 440 0 0
159 440 0 0
158 440 0 0
264 439 0 0
263 439 0 0
262 439 0 0
261 439 0 0
260 439 0 0
259 439 0 0
234 439 0 1
233 439 0 1
232 439 0 1
231 439 0 1
230 439 0 1
163 439 0 0
162 439 0 0
161 439 0 0
160 439 0 0
159 439 0 0
264 438 0 0
263 438 0 0
262 438 0 0
261 438 0 0
260 438 0 0
259 438 0 0
234 438 0 1
233 438 0 1
232 438 0 1
231 438 0 1
230 438 0 1
163 438 0 0
162 438 0 0
161 438 0 0
160 438 0 0
159 438 0 0
263 437 0 0
262 437 0 0
261 437 0 0
260 437 0 0
259 437 0 0
234 437 0 1
233 437 0 1
232 437 0 1
231 437 0 1
230 437 0 1
164 437 0 0
163 437 0 0
162 437 0 0
161 437 0 0
160 437 0 0
159 437 0 0
263 436 0 0
262 436 0 0
261 436 0 0
260 436 0 0
259 436 0 0
258 436 0 0
234 436 0 1
233 436 0 1
232 436 0 1
231 436 0 1
230 436 0 1
164 436 0 0
163 436 0 0
162 436 0 0
161 436 0 0
160 436 0 0
263 435 0 0
262 435 0 0
261 435 0 0
260 435 0 0
259 435 0 0
258 435 0 0
234 435 0 1
233 435 0 1
232 435 0 1
231 435 0 1
230 435 0 1
164 435 0 0
163 435 0 0
162 435 0 0
161 435 0 0
160 435 0 0
262 434 0 0
261 434 0 0
260 434 0 0
259 434 0 0
258 434 0 0
234 434 0 1
233 434 0 1
232 434 0 1
231 434 0 1
230 434 0 1
164 434 0 0
163 434 0 0
162 434 0 0
161 434 0 0
160 434 0 0
262 433 0 0
261 433 0 0
260 433 0 0
259 433 0 0
258 433 0 0
233 433 0 1
232 433 0 1
231 433 0 1
230 433 0 1
229 433 0 1
165 433 0 0
164 433 0 0
163 433 0 0
162 433 0 0
161 433 0 0
160 433 0 0
262 432 0 0
261 432 0 0
260 432 0 0
259 432 0 0
258 432 0 0
233 432 0 1
232 432 0 1
231 432 0 1
230 432 0 1
229 432 0 1
165 432 0 0
164 432 0 0
163 432 0 0
162 432 0 0
161 432 0 0
261 431 0 0
260 431 0 0
259 431 0 0
258 431 0 0
233 431 0 1
232 431 0 1
231 431 0 1
230 431 0 1
229 431 0 1
165 431 0 0
164 431 0 0
163 431 0 0
162 431 0 0
161 431 0 0
261 430 0 0
260 430 0 0
259 430 0 0
258 430 0 0
233 430 0 1
232 430 0 1
231 430 0 1
230 430 0 1
229 430 0 1
166 430 0 0
165 430 0 0
164 430 0 0
163 430 0 0
162 430 0 0
161 430 0 0
261 429 0 0
260 429 0 0
259 429 0 0
258 429 0 0
233 429 0 1
232 429 0 1
231 429 0 1
230 429 0 1
229 429 0 1
166 429 0 0
165 429 0 0
164 429 0 0
163 429 0 0
162 429 0 0
161 429 0 0
261 428 0 0
260 428 0 0
259 428 0 0
258 428 0 0
233 428 0 1
232 428 0 1
231 428 0 1
230 428 0 1
229 428 0 1
228 428 0 1
166 428 0 0
165 428 0 0
164 428 0 0
163 428 0 0
162 428 0 0
261 427 0 0
260 427 0 0
259 427 0 0
258 427 0 0
232 427 0 1
231 427 0 1
230 427 0 1
229 427 0 1
228 427 0 1
167 427 0 0
166 427 0 0
165 427 0 0
164 427 0 0
163 427 0 0
162 427 0 0
261 426 0 0
260 426 0 0
259 426 0 0
258 426 0 0
232 426 0 1
231 426 0 1
230 426 0 1
229 426 0 1
228 426 0 1
227 426 0 1
167 426 0 0
166 426 0 0
165 426 0 0
164 426 0 0
163 426 0 0
261 425 0 0
260 425 0 0
259 425 0 0
258 425 0 0
232 425 0 1
231 425 0 1
230 425 0 1
229 425 0 1
228 425 0 1
227 425 0 1
168 425 0 0
167 425 0 0
166 425 0 0
165 425 0 0
164 425 0 0
163 425 0 0
261 424 0 0
260 424 0 0
259 424 0 0
258 424 0 0
231 424 0 1
230 424 0 1
229 424 0 1
228 424 0 1
227 424 0 1
226 424 0 1
168 424 0 0
167 424 0 0
166 424 0 0
165 424 0 0
164 424 0 0
163 424 0 0
261 423 0 0
260 423 0 0
259 423 0 0
258 423 0 0
230 423 0 1
229 423 0 1
228 423 0 1
227 423 0 1
226 423 0 1
225 423 0 1
168 423 0 0
167 423 0 0
166 423 0 0
165 423 0 0
164 423 0 0
261 422 0 0
260 422 0 0
259 422 0 0
258 422 0 0
230 422 0 1
229 422 0 1
228 422 0 1
227 422 0 1
226 422 0 1
225 422 0 1
224 422 0 1
169 422 0 0
168 422 0 0
167 422 0 0
166 422 0 0
165 422 0 0
164 422 0 0
261 421 0 0
260 421 0 0
259 421 0 0
258 421 0 0
229 421 0 1
228 421 0 1
227 421 0 1
226 421 0 1
225 421 0 1
224 421 0 1
223 421 0 1
169 421 0 0
168 421 0 0
167 421 0 0
166 421 0 0
165 421 0 0
261 420 0 0
260 420 0 0
259 420 0 0
258 420 0 0
228 420 0 1
227 420 0 1
226 420 0 1
225 420 0 1
224 420 0 1
223 420 0 1
222 420 0 1
170 420 0 0
169 420 0 0
168 420 0 0
167 420 0 0
166 420 0 0
165 420 0 0
261 419 0 0
260 419 0 0
259 419 0 0
258 419 0 0
227 419 0 1
226 419 0 1
225 419 0 1
224 419 0 1
223 419 0 1
222 419 0 1
170 419 0 0
169 419 0 0
168 419 0 0
167 419 0 0
166 419 0 0
165 419 0 0
261 418 0 0
260 418 0 0
259 418 0 0
258 418 0 0
226 418 0 1
225 418 0 1
224 418 0 1
223 418 0 1
222 418 0 1
221 418 0 1
171 418 0 0
170 418 0 0
169 418 0 0
168 418 0 0
167 418 0 0
166 418 0 0
261 417 0 0
260 417 0 0
259 417 0 0
258 417 0 0
226 417 0 1
225 417 0 1
224 417 0 1
223 417 0 1
222 417 0 1
221 417 0 1
220 417 0 1
171 417 0 0
170 417 0 0
169 417 0 0
168 417 0 0
167 417 0 0
166 417 0 0
261 416 0 0
260 416 0 0
259 416 0 0
258 416 0 0
225 416 0 1
224 416 0 1
223 416 0 1
222 416 0 1
221 416 0 1
220 416 0 1
219 416 0 1
172 416 0 0
171 416 0 0
170 416 0 0
169 416 0 0
168 416 0 0
167 416 0 0
261 415 0 0
260 415 0 0
259 415 0 0
258 415 0 0
224 415 0 1
223 415 0 1
222 415 0 1
221 415 0 1
220 415 0 1
219 415 0 1
172 415 0 0
171 415 0 0
170 415 0 0
169 415 0 0
168 415 0 0
167 415 0 0
261 414 0 0
260 414 0 0
259 414 0 0
258 414 0 0
223 414 0 1
222 414 0 1
221 414 0 1
220 414 0 1
219 414 0 1
173 414 0 0
172 414 0 0
171 414 0 0
170 414 0 0
169 414 0 0
168 414 0 0
261 413 0 0
260 413 0 0
259 413 0 0
258 413 0 0
223 413 0 1
222 413 0 1
221 413 0 1
220 413 0 1
219 413 0 1
218 413 0 1
173 413 0 0
172 413 0 0
171 413 0 0
170 413 0 0
169 413 0 0
223 412 0 1
222 412 0 1
221 412 0 1
220 412 0 1
219 412 0 1
218 412 0 1
174 412 0 0
173 412 0 0
172 412 0 0
171 412 0 0
170 412 0 0
169 412 0 0
222 411 0 1
221 411 0 1
220 411 0 1
219 411 0 1
218 411 0 1
217 411 0 1
175 411 0 0
174 411 0 0
173 411 0 0
172 411 0 0
171 411 0 0
170 411 0 0
221 410 0 1
220 410 0 1
219 410 0 1
218 410 0 1
217 410 0 1
216 410 0 1
175 410 0 0
174 410 0 0
173 410 0 0
172 410 0 0
171 410 0 0
170 410 0 0
221 409 0 1
220 409 0 1
219 409 0 1
218 409 0 1
217 409 0 1
216 409 0 1
176 409 0 0
175 409 0 0
174 409 0 0
173 409 0 0
172 409 0 0
171 409 0 0
220 408 0 1
219 408 0 1
218 408 0 1
217 408 0 1
216 408 0 1
215 408 0 1
176 408 0 0
175 408 0 0
174 408 0 0
173 408 0 0
172 408 0 0
171 408 0 0
219 407 0 1
218 407 0 1
217 407 0 1
216 407 0 1
215 407 0 1
214 407 0 1
177 407 0 0
176 407 0 0
175 407 0 0
174 407 0 0
173 407 0 0
172 407 0 0
219 406 0 1
218 406 0 1
217 406 0 1
216 406 0 1
215 406 0 1
214 406 0 1
177 406 0 0
176 406 0 0
175 406 0 0
174 406 0 0
173 406 0 0
172 406 0 0
218 405 0 1
217 405 0 1
216 405 0 1
215 405 0 1
214 405 0 1
177 405 0 0
176 405 0 0
175 405 0 0
174 405 0 0
173 405 0 0
218 404 0 1
217 404 0 1
216 404 0 1
215 404 0 1
214 404 0 1
178 404 0 0
177 404 0 0
176 404 0 0
175 404 0 0
174 404 0 0
173 404 0 0
218 403 0 1
217 403 0 1
216 403 0 1
215 403 0 1
214 403 0 1
213 403 0 1
178 403 0 0
177 403 0 0
176 403 0 0
175 403 0 0
174 403 0 0
218 402 0 1
217 402 0 1
216 402 0 1
215 402 0 1
214 402 0 1
213 402 0 1
179 402 0 0
178 402 0 0
177 402 0 0
176 402 0 0
175 402 0 0
174 402 0 0
217 401 0 1
216 401 0 1
215 401 0 1
214 401 0 1
213 401 0 1
212 401 0 1
179 401 0 0
178 401 0 0
177 401 0 0
176 401 0 0
175 401 0 0
217 400 0 1
216 400 0 1
215 400 0 1
214 400 0 1
213 400 0 1
212 400 0 1
179 400 0 0
178 400 0 0
177 400 0 0
176 400 0 0
175 400 0 0
216 399 0 1
215 399 0 1
214 399 0 1
213 399 0 1
212 399 0 1
179 399 0 0
178 399 0 0
177 399 0 0
176 399 0 0
175 399 0 0
216 398 0 1
215 398 0 1
214 398 0 1
213 398 0 1
212 398 0 1
211 398 0 1
179 398 0 0
178 398 0 0
177 398 0 0
176 398 0 0
215 397 0 1
214 397 0 1
213 397 0 1
212 397 0 1
211 397 0 1
179 397 0 0
178 397 0 0
177 397 0 0
176 397 0 0
215 396 0 1
214 396 0 1
213 396 0 1
212 396 0 1
211 396 0 1
210 396 0 1
179 396 0 0
178 396 0 0
177 396 0 0
176 396 0 0
215 395 0 1
214 395 0 1
213 395 0 1
212 395 0 1
211 395 0 1
210 395 0 1
179 395 0 0
178 395 0 0
177 395 0 0
176 395 0 0
214 394 0 1
213 394 0 1
212 394 0 1
211 394 0 1
210 394 0 1
179 394 0 0
178 394 0 0
177 394 0 0
176 394 0 0
214 393 0 1
213 393 0 1
212 393 0 1
211 393 0 1
210 393 0 1
209 393 0 1
179 393 0 0
178 393 0 0
177 393 0 0
176 393 0 0
213 392 0 1
212 392 0 1
211 392 0 1
210 392 0 1
209 392 0 1
179 392 0 0
178 392 0 0
177 392 0 0
176 392 0 0
213 391 0 1
212 391 0 1
211 391 0 1
210 391 0 1
209 391 0 1
208 391 0 1
179 391 0 0
178 391 0 0
177 391 0 0
176 391 0 0
213 390 0 1
212 390 0 1
211 390 0 1
210 390 0 1
209 390 0 1
208 390 0 1
179 390 0 0
178 390 0 0
177 390 0 0
176 390 0 0
212 389 0 1
211 389 0 1
210 389 0 1
209 389 0 1
208 389 0 1
179 389 0 0
178 389 0 0
177 389 0 0
176 389 0 0
212 388 0 1
211 388 0 1
210 388 0 1
209 388 0 1
208 388 0 1
179 388 0 0
178 388 0 0
177 388 0 0
176 388 0 0
212 387 0 1
211 387 0 1
210 387 0 1
209 387 0 1
208 387 0 1
207 387 0 1
179 387 0 0
178 387 0 0
177 387 0 0
176 387 0 0
212 386 0 1
211 386 0 1
210 386 0 1
209 386 0 1
208 386 0 1
207 386 0 1
211 385 0 1
210 385 0 1
209 385 0 1
208 385 0 1
207 385 0 1
206 385 0 1
211 384 0 1
210 384 0 1
209 384 0 1
208 384 0 1
207 384 0 1
206 384 0 1
210 383 0 1
209 383 0 1
208 383 0 1
207 383 0 1
206 383 0 1
205 383 0 1
210 382 0 1
209 382 0 1
208 382 0 1
207 382 0 1
206 382 0 1
205 382 0 1
209 381 0 1
208 381 0 1
207 381 0 1
206 381 0 1
205 381 0 1
209 380 0 1
208 380 0 1
207 380 0 1
206 380 0 1
205 380 0 1
204 380 0 1
209 379 0 1
208 379 0 1
207 379 0 1
206 379 0 1
205 379 0 1
204 379 0 1
208 378 0 1
207 378 0 1
206 378 0 1
205 378 0 1
204 378 0 1
208 377 0 1
207 377 0 1
206 377 0 1
205 377 0 1
204 377 0 1
208 376 0 1
207 376 0 1
206 376 0 1
205 376 0 1
204 376 0 1
207 375 0 1
206 375 0 1
205 375 0 1
204 375 0 1
207 374 0 1
206 374 0 1
205 374 0 1
204 374 0 1
207 373 0 1
206 373 0 1
205 373 0 1
204 373 0 1
203 373 0 1
207 372 0 1
206 372 0 1
205 372 0 1
204 372 0 1
203 372 0 1
207 371 0 1
206 371 0 1
205 371 0 1
204 371 0 1
203 371 0 1
207 370 0 1
206 370 0 1
205 370 0 1
204 370 0 1
203 370 0 1
202 370 0 1
207 369 0 1
206 369 0 1
205 369 0 1
204 369 0 1
203 369 0 1
202 369 0 1
206 368 0 1
205 368 0 1
204 368 0 1
203 368 0 1
202 368 0 1
206 367 0 1
205 367 0 1
204 367 0 1
203 367 0 1
202 367 0 1
205 366 0 1
204 366 0 1
203 366 0 1
202 366 0 1
205 365 0 1
204 365 0 1
203 365 0 1
202 365 0 1
205 364 0 1
204 364 0 1
203 364 0 1
202 364 0 1
205 363 0 1
204 363 0 1
203 363 0 1
202 363 0 1
205 362 0 1
204 362 0 1
203 362 0 1
202 362 0 1
205 361 0 1
204 361 0 1
203 361 0 1
202 361 0 1
205 360 0 1
204 360 0 1
203 360 0 1
202 360 0 1
205 359 0 1
204 359 0 1
203 359 0 1
202 359 0 1
205 358 0 1
204 358 0 1
203 358 0 1
202 358 0 1
205 357 0 1
204 357 0 1
203 357 0 1
202 357 0 1
205 356 0 1
204 356 0 1
203 356 0 1
202 356 0 1
304 355 0 1
303 355 0 1
302 355 0 1
301 355 0 1
205 355 0 1
204 355 0 1
203 355 0 1
202 355 0 1
201 355 0 1
304 354 0 1
303 354 0 1
302 354 0 1
301 354 0 1
205 354 0 1
204 354 0 1
203 354 0 1
202 354 0 1
201 354 0 1
304 353 0 1
303 353 0 1
302 353 0 1
301 353 0 1
205 353 0 1
204 353 0 1
203 353 0 1
202 353 0 1
201 353 0 1
304 352 0 1
303 352 0 1
302 352 0 1
301 352 0 1
205 352 0 1
204 352 0 1
203 352 0 1
202 352 0 1
201 352 0 1
304 351 0 1
303 351 0 1
302 351 0 1
301 351 0 1
205 351 0 1
204 351 0 1
203 351 0 1
202 351 0 1
201 351 0 1
304 350 0 1
303 350 0 1
302 350 0 1
301 350 0 1
205 350 0 1
204 350 0 1
203 350 0 1
202 350 0 1
201 350 0 1
304 349 0 1
303 349 0 1
302 349 0 1
301 349 0 1
204 349 0 1
203 349 0 1
202 349 0 1
201 349 0 1
304 348 0 1
303 348 0 1
302 348 0 1
301 348 0 1
204 348 0 1
203 348 0 1
202 348 0 1
201 348 0 1
200 348 0 1
304 347 0 1
303 347 0 1
302 347 0 1
301 347 0 1
204 347 0 1
203 347 0 1
202 347 0 1
201 347 0 1
200 347 0 1
304 346 0 1
303 346 0 1
302 346 0 1
301 346 0 1
204 346 0 1
203 346 0 1
202 346 0 1
201 346 0 1
200 346 0 1
304 345 0 1
303 345 0 1
302 345 0 1
301 345 0 1
204 345 0 1
203 345 0 1
202 345 0 1
201 345 0 1
200 345 0 1
304 344 0 1
303 344 0 1
302 344 0 1
301 344 0 1
204 344 0 1
203 344 0 1
202 344 0 1
201 344 0 1
200 344 0 1
304 343 0 1
303 343 0 1
302 343 0 1
301 343 0 1
204 343 0 1
203 343 0 1
202 343 0 1
201 343 0 1
200 343 0 1
304 342 0 1
303 342 0 1
302 342 0 1
301 342 0 1
300 342 0 1
203 342 0 1
202 342 0 1
201 342 0 1
200 342 0 1
304 341 0 1
303 341 0 1
302 341 0 1
301 341 0 1
300 341 0 1
203 341 0 1
202 341 0 1
201 341 0 1
200 341 0 1
199 341 0 1
304 340 0 1
303 340 0 1
302 340 0 1
301 340 0 1
300 340 0 1
299 340 0 1
203 340 0 1
202 340 0 1
201 340 0 1
200 340 0 1
199 340 0 1
304 339 0 1
303 339 0 1
302 339 0 1
301 339 0 1
300 339 0 1
299 339 0 1
203 339 0 1
202 339 0 1
201 339 0 1
200 339 0 1
199 339 0 1
303 338 0 1
302 338 0 1
301 338 0 1
300 338 0 1
299 338 0 1
298 338 0 1
203 338 0 1
202 338 0 1
201 338 0 1
200 338 0 1
199 338 0 1
303 337 0 1
302 337 0 1
301 337 0 1
300 337 0 1
299 337 0 1
298 337 0 1
203 337 0 1
202 337 0 1
201 337 0 1
200 337 0 1
199 337 0 1
302 336 0 1
301 336 0 1
300 336 0 1
299 336 0 1
298 336 0 1
297 336 0 1
203 336 0 1
202 336 0 1
201 336 0 1
200 336 0 1
199 336 0 1
198 336 0 1
302 335 0 1
301 335 0 1
300 335 0 1
299 335 0 1
298 335 0 1
297 335 0 1
203 335 0 1
202 335 0 1
201 335 0 1
200 335 0 1
199 335 0 1
198 335 0 1
197 335 0 1
301 334 0 1
300 334 0 1
299 334 0 1
298 334 0 1
297 334 0 1
296 334 0 1
202 334 0 1
201 334 0 1
200 334 0 1
199 334 0 1
198 334 0 1
197 334 0 1
196 334 0 1
301 333 0 1
300 333 0 1
299 333 0 1
298 333 0 1
297 333 0 1
296 333 0 1
201 333 0 1
200 333 0 1
199 333 0 1
198 333 0 1
197 333 0 1
196 333 0 1
195 333 0 1
300 332 0 1
299 332 0 1
298 332 0 1
297 332 0 1
296 332 0 1
295 332 0 1
200 332 0 1
199 332 0 1
198 332 0 1
197 332 0 1
196 332 0 1
195 332 0 1
300 331 0 1
299 331 0 1
298 331 0 1
297 331 0 1
296 331 0 1
295 331 0 1
294 331 0 1
199 331 0 1
198 331 0 1
197 331 0 1
196 331 0 1
195 331 0 1
299 330 0 1
298 330 0 1
297 330 0 1
296 330 0 1
295 330 0 1
294 330 0 1
199 330 0 1
198 330 0 1
197 330 0 1
196 330 0 1
195 330 0 1
194 330 0 1
298 329 0 1
297 329 0 1
296 329 0 1
295 329 0 1
294 329 0 1
293 329 0 1
199 329 0 1
198 329 0 1
197 329 0 1
196 329 0 1
195 329 0 1
194 329 0 1
298 328 0 1
297 328 0 1
296 328 0 1
295 328 0 1
294 328 0 1
293 328 0 1
292 328 0 1
198 328 0 1
197 328 0 1
196 328 0 1
195 328 0 1
194 328 0 1
297 327 0 1
296 327 0 1
295 327 0 1
294 327 0 1
293 327 0 1
292 327 0 1
198 327 0 1
197 327 0 1
196 327 0 1
195 327 0 1
194 327 0 1
296 326 0 1
295 326 0 1
294 326 0 1
293 326 0 1
292 326 0 1
291 326 0 1
198 326 0 1
197 326 0 1
196 326 0 1
195 326 0 1
194 326 0 1
296 325 0 1
295 325 0 1
294 325 0 1
293 325 0 1
292 325 0 1
291 325 0 1
290 325 0 1
198 325 0 1
197 325 0 1
196 325 0 1
195 325 0 1
194 325 0 1
193 325 0 1
295 324 0 1
294 324 0 1
293 324 0 1
292 324 0 1
291 324 0 1
290 324 0 1
198 324 0 1
197 324 0 1
196 324 0 1
195 324 0 1
194 324 0 1
193 324 0 1
294 323 0 1
293 323 0 1
292 323 0 1
291 323 0 1
290 323 0 1
289 323 0 1
197 323 0 1
196 323 0 1
195 323 0 1
194 323 0 1
193 323 0 1
192 323 0 1
294 322 0 1
293 322 0 1
292 322 0 1
291 322 0 1
290 322 0 1
289 322 0 1
288 322 0 1
196 322 0 1
195 322 0 1
194 322 0 1
193 322 0 1
192 322 0 1
191 322 0 1
293 321 0 1
292 321 0 1
291 321 0 1
290 321 0 1
289 321 0 1
288 321 0 1
196 321 0 1
195 321 0 1
194 321 0 1
193 321 0 1
192 321 0 1
191 321 0 1
292 320 0 1
291 320 0 1
290 320 0 1
289 320 0 1
288 320 0 1
287 320 0 1
195 320 0 1
194 320 0 1
193 320 0 1
192 320 0 1
191 320 0 1
292 319 0 1
291 319 0 1
290 319 0 1
289 319 0 1
288 319 0 1
287 319 0 1
286 319 0 1
195 319 0 1
194 319 0 1
193 319 0 1
192 319 0 1
191 319 0 1
190 319 0 1
291 318 0 1
290 318 0 1
289 318 0 1
288 318 0 1
287 318 0 1
286 318 0 1
285 318 0 1
194 318 0 1
193 318 0 1
192 318 0 1
191 318 0 1
190 318 0 1
290 317 0 1
289 317 0 1
288 317 0 1
287 317 0 1
286 317 0 1
285 317 0 1
284 317 0 1
194 317 0 1
193 317 0 1
192 317 0 1
191 317 0 1
190 317 0 1
189 317 0 1
289 316 0 1
288 316 0 1
287 316 0 1
286 316 0 1
285 316 0 1
284 316 0 1
283 316 0 1
194 316 0 1
193 316 0 1
192 316 0 1
191 316 0 1
190 316 0 1
189 316 0 1
288 315 0 1
287 315 0 1
286 315 0 1
285 315 0 1
284 315 0 1
283 315 0 1
282 315 0 1
193 315 0 1
192 315 0 1
191 315 0 1
190 315 0 1
189 315 0 1
188 315 0 1
287 314 0 1
286 314 0 1
285 314 0 1
284 314 0 1
283 314 0 1
282 314 0 1
281 314 0 1
193 314 0 1
192 314 0 1
191 314 0 1
190 314 0 1
189 314 0 1
188 314 0 1
286 313 0 1
285 313 0 1
284 313 0 1
283 313 0 1
282 313 0 1
281 313 0 1
280 313 0 1
192 313 0 1
191 313 0 1
190 313 0 1
189 313 0 1
188 313 0 1
187 313 0 1
285 312 0 1
284 312 0 1
283 312 0 1
282 312 0 1
281 312 0 1
280 312 0 1
192 312 0 1
191 312 0 1
190 312 0 1
189 312 0 1
188 312 0 1
187 312 0 1
284 311 0 1
283 311 0 1
282 311 0 1
281 311 0 1
280 311 0 1
279 311 0 1
191 311 0 1
190 311 0 1
189 311 0 1
188 311 0 1
187 311 0 1
186 311 0 1
283 310 0 1
282 310 0 1
281 310 0 1
280 310 0 1
279 310 0 1
278 310 0 1
277 310 0 1
190 310 0 1
189 310 0 1
188 310 0 1
187 310 0 1
186 310 0 1
185 310 0 1
283 309 0 1
282 309 0 1
281 309 0 1
280 309 0 1
279 309 0 1
278 309 0 1
277 309 0 1
276 309 0 1
190 309 0 1
189 309 0 1
188 309 0 1
187 309 0 1
186 309 0 1
185 309 0 1
282 308 0 1
281 308 0 1
280 308 0 1
279 308 0 1
278 308 0 1
277 308 0 1
276 308 0 1
275 308 0 1
189 308 0 1
188 308 0 1
187 308 0 1
186 308 0 1
185 308 0 1
281 307 0 1
280 307 0 1
279 307 0 1
278 307 0 1
277 307 0 1
276 307 0 1
275 307 0 1
274 307 0 1
189 307 0 1
188 307 0 1
187 307 0 1
186 307 0 1
185 307 0 1
184 307 0 1
280 306 0 1
279 306 0 1
278 306 0 1
277 306 0 1
276 306 0 1
275 306 0 1
274 306 0 1
273 306 0 1
189 306 0 1
188 306 0 1
187 306 0 1
186 306 0 1
185 306 0 1
184 306 0 1
278 305 0 1
277 305 0 1
276 305 0 1
275 305 0 1
274 305 0 1
273 305 0 1
272 305 0 1
188 305 0 1
187 305 0 1
186 305 0 1
185 305 0 1
184 305 0 1
277 304 0 1
276 304 0 1
275 304 0 1
274 304 0 1
273 304 0 1
272 304 0 1
188 304 0 1
187 304 0 1
186 304 0 1
185 304 0 1
184 304 0 1
276 303 0 1
275 303 0 1
274 303 0 1
273 303 0 1
272 303 0 1
271 303 0 1
188 303 0 1
187 303 0 1
186 303 0 1
185 303 0 1
184 303 0 1
275 302 0 1
274 302 0 1
273 302 0 1
272 302 0 1
271 302 0 1
270 302 0 1
188 302 0 1
187 302 0 1
186 302 0 1
185 302 0 1
184 302 0 1
183 302 0 1
275 301 0 1
274 301 0 1
273 301 0 1
272 301 0 1
271 301 0 1
270 301 0 1
188 301 0 1
187 301 0 1
186 301 0 1
185 301 0 1
184 301 0 1
183 301 0 1
274 300 0 1
273 300 0 1
272 300 0 1
271 300 0 1
270 300 0 1
269 300 0 1
187 300 0 1
186 300 0 1
185 300 0 1
184 300 0 1
183 300 0 1
273 299 0 1
272 299 0 1
271 299 0 1
270 299 0 1
269 299 0 1
268 299 0 1
187 299 0 1
186 299 0 1
185 299 0 1
184 299 0 1
183 299 0 1
273 298 0 1
272 298 0 1
271 298 0 1
270 298 0 1
269 298 0 1
268 298 0 1
187 298 0 1
186 298 0 1
185 298 0 1
184 298 0 1
183 298 0 1
182 298 0 1
272 297 0 1
271 297 0 1
270 297 0 1
269 297 0 1
268 297 0 1
267 297 0 1
186 297 0 1
185 297 0 1
184 297 0 1
183 297 0 1
182 297 0 1
272 296 0 1
271 296 0 1
270 296 0 1
269 296 0 1
268 296 0 1
267 296 0 1
186 296 0 1
185 296 0 1
184 296 0 1
183 296 0 1
182 296 0 1
271 295 0 1
270 295 0 1
269 295 0 1
268 295 0 1
267 295 0 1
266 295 0 1
186 295 0 1
185 295 0 1
184 295 0 1
183 295 0 1
182 295 0 1
181 295 0 1
271 294 0 1
270 294 0 1
269 294 0 1
268 294 0 1
267 294 0 1
266 294 0 1
186 294 0 1
185 294 0 1
184 294 0 1
183 294 0 1
182 294 0 1
181 294 0 1
270 293 0 1
269 293 0 1
268 293 0 1
267 293 0 1
266 293 0 1
265 293 0 1
185 293 0 1
184 293 0 1
183 293 0 1
182 293 0 1
181 293 0 1
270 292 0 1
269 292 0 1
268 292 0 1
267 292 0 1
266 292 0 1
265 292 0 1
264 292 0 1
185 292 0 1
184 292 0 1
183 292 0 1
182 292 0 1
181 292 0 1
269 291 0 1
268 291 0 1
267 291 0 1
266 291 0 1
265 291 0 1
264 291 0 1
263 291 0 1
185 291 0 1
184 291 0 1
183 291 0 1
182 291 0 1
181 291 0 1
268 290 0 1
267 290 0 1
266 290 0 1
265 290 0 1
264 290 0 1
263 290 0 1
185 290 0 1
184 290 0 1
183 290 0 1
182 290 0 1
181 290 0 1
180 290 0 1
267 289 0 1
266 289 0 1
265 289 0 1
264 289 0 1
263 289 0 1
262 289 0 1
184 289 0 1
183 289 0 1
182 289 0 1
181 289 0 1
180 289 0 1
266 288 0 1
265 288 0 1
264 288 0 1
263 288 0 1
262 288 0 1
261 288 0 1
184 288 0 1
183 288 0 1
182 288 0 1
181 288 0 1
180 288 0 1
266 287 0 1
265 287 0 1
264 287 0 1
263 287 0 1
262 287 0 1
261 287 0 1
184 287 0 1
183 287 0 1
182 287 0 1
181 287 0 1
180 287 0 1
265 286 0 1
264 286 0 1
263 286 0 1
262 286 0 1
261 286 0 1
184 286 0 1
183 286 0 1
182 286 0 1
181 286 0 1
180 286 0 1
179 286 0 1
265 285 0 1
264 285 0 1
263 285 0 1
262 285 0 1
261 285 0 1
260 285 0 1
184 285 0 1
183 285 0 1
182 285 0 1
181 285 0 1
180 285 0 1
179 285 0 1
265 284 0 1
264 284 0 1
263 284 0 1
262 284 0 1
261 284 0 1
260 284 0 1
259 284 0 1
183 284 0 1
182 284 0 1
181 284 0 1
180 284 0 1
179 284 0 1
264 283 0 1
263 283 0 1
262 283 0 1
261 283 0 1
260 283 0 1
259 283 0 1
258 283 0 1
183 283 0 1
182 283 0 1
181 283 0 1
180 283 0 1
179 283 0 1
263 282 0 1
262 282 0 1
261 282 0 1
260 282 0 1
259 282 0 1
258 282 0 1
257 282 0 1
183 282 0 1
182 282 0 1
181 282 0 1
180 282 0 1
179 282 0 1
178 282 0 1
262 281 0 1
261 281 0 1
260 281 0 1
259 281 0 1
258 281 0 1
257 281 0 1
256 281 0 1
182 281 0 1
181 281 0 1
180 281 0 1
179 281 0 1
178 281 0 1
261 280 0 1
260 280 0 1
259 280 0 1
258 280 0 1
257 280 0 1
256 280 0 1
255 280 0 1
182 280 0 1
181 280 0 1
180 280 0 1
179 280 0 1
178 280 0 1
260 279 0 1
259 279 0 1
258 279 0 1
257 279 0 1
256 279 0 1
255 279 0 1
182 279 0 1
181 279 0 1
180 279 0 1
179 279 0 1
178 279 0 1
259 278 0 1
258 278 0 1
257 278 0 1
256 278 0 1
255 278 0 1
254 278 0 1
182 278 0 1
181 278 0 1
180 278 0 1
179 278 0 1
178 278 0 1
259 277 0 1
258 277 0 1
257 277 0 1
256 277 0 1
255 277 0 1
254 277 0 1
253 277 0 1
252 277 0 1
251 277 0 1
181 277 0 1
180 277 0 1
179 277 0 1
178 277 0 1
258 276 0 1
257 276 0 1
256 276 0 1
255 276 0 1
254 276 0 1
253 276 0 1
252 276 0 1
251 276 0 1
250 276 0 1
181 276 0 1
180 276 0 1
179 276 0 1
178 276 0 1
257 275 0 1
256 275 0 1
255 275 0 1
254 275 0 1
253 275 0 1
252 275 0 1
251 275 0 1
250 275 0 1
249 275 0 1
181 275 0 1
180 275 0 1
179 275 0 1
178 275 0 1
256 274 0 1
255 274 0 1
254 274 0 1
253 274 0 1
252 274 0 1
251 274 0 1
250 274 0 1
249 274 0 1
248 274 0 1
181 274 0 1
180 274 0 1
179 274 0 1
178 274 0 1
177 274 0 1
255 273 0 1
254 273 0 1
253 273 0 1
252 273 0 1
251 273 0 1
250 273 0 1
249 273 0 1
248 273 0 1
247 273 0 1
181 273 0 1
180 273 0 1
179 273 0 1
178 273 0 1
177 273 0 1
252 272 0 1
251 272 0 1
250 272 0 1
249 272 0 1
248 272 0 1
247 272 0 1
246 272 0 1
181 272 0 1
180 272 0 1
179 272 0 1
178 272 0 1
177 272 0 1
251 271 0 1
250 271 0 1
249 271 0 1
248 271 0 1
247 271 0 1
246 271 0 1
245 271 0 1
181 271 0 1
180 271 0 1
179 271 0 1
178 271 0 1
177 271 0 1
250 270 0 1
249 270 0 1
248 270 0 1
247 270 0 1
246 270 0 1
245 270 0 1
244 270 0 1
181 270 0 1
180 270 0 1
179 270 0 1
178 270 0 1
177 270 0 1
249 269 0 1
248 269 0 1
247 269 0 1
246 269 0 1
245 269 0 1
244 269 0 1
243 269 0 1
242 269 0 1
181 269 0 1
180 269 0 1
179 269 0 1
178 269 0 1
177 269 0 1
248 268 0 1
247 268 0 1
246 268 0 1
245 268 0 1
244 268 0 1
243 268 0 1
242 268 0 1
241 268 0 1
181 268 0 1
180 268 0 1
179 268 0 1
178 268 0 1
177 268 0 1
247 267 0 1
246 267 0 1
245 267 0 1
244 267 0 1
243 267 0 1
242 267 0 1
241 267 0 1
240 267 0 1
181 267 0 1
180 267 0 1
179 267 0 1
178 267 0 1
177 267 0 1
246 266 0 1
245 266 0 1
244 266 0 1
243 266 0 1
242 266 0 1
241 266 0 1
240 266 0 1
239 266 0 1
181 266 0 1
180 266 0 1
179 266 0 1
178 266 0 1
177 266 0 1
245 265 0 1
244 265 0 1
243 265 0 1
242 265 0 1
241 265 0 1
240 265 0 1
239 265 0 1
238 265 0 1
181 265 0 1
180 265 0 1
179 265 0 1
178 265 0 1
177 265 0 1
243 264 0 1
242 264 0 1
241 264 0 1
240 264 0 1
239 264 0 1
238 264 0 1
237 264 0 1
181 264 0 1
180 264 0 1
179 264 0 1
178 264 0 1
177 264 0 1
242 263 0 1
241 263 0 1
240 263 0 1
239 263 0 1
238 263 0 1
237 263 0 1
236 263 0 1
181 263 0 1
180 263 0 1
179 263 0 1
178 263 0 1
177 263 0 1
241 262 0 1
240 262 0 1
239 262 0 1
238 262 0 1
237 262 0 1
236 262 0 1
235 262 0 1
181 262 0 1
180 262 0 1
179 262 0 1
178 262 0 1
177 262 0 1
240 261 0 1
239 261 0 1
238 261 0 1
237 261 0 1
236 261 0 1
235 261 0 1
234 261 0 1
181 261 0 1
180 261 0 1
179 261 0 1
178 261 0 1
177 261 0 1
239 260 0 1
238 260 0 1
237 260 0 1
236 260 0 1
235 260 0 1
234 260 0 1
180 260 0 1
179 260 0 1
178 260 0 1
177 260 0 1
238 259 0 1
237 259 0 1
236 259 0 1
235 259 0 1
234 259 0 1
233 259 0 1
180 259 0 1
179 259 0 1
178 259 0 1
177 259 0 1
237 258 0 1
236 258 0 1
235 258 0 1
234 258 0 1
233 258 0 1
232 258 0 1
180 258 0 1
179 258 0 1
178 258 0 1
177 258 0 1
237 257 0 1
236 257 0 1
235 257 0 1
234 257 0 1
233 257 0 1
232 257 0 1
231 257 0 1
180 257 0 1
179 257 0 1
178 257 0 1
177 257 0 1
236 256 0 1
235 256 0 1
234 256 0 1
233 256 0 1
232 256 0 1
231 256 0 1
230 256 0 1
180 256 0 1
179 256 0 1
178 256 0 1
177 256 0 1
235 255 0 1
234 255 0 1
233 255 0 1
232 255 0 1
231 255 0 1
230 255 0 1
229 255 0 1
180 255 0 1
179 255 0 1
178 255 0 1
177 255 0 1
234 254 0 1
233 254 0 1
232 254 0 1
231 254 0 1
230 254 0 1
229 254 0 1
228 254 0 1
180 254 0 1
179 254 0 1
178 254 0 1
177 254 0 1
233 253 0 1
232 253 0 1
231 253 0 1
230 253 0 1
229 253 0 1
228 253 0 1
227 253 0 1
180 253 0 1
179 253 0 1
178 253 0 1
177 253 0 1
232 252 0 1
231 252 0 1
230 252 0 1
229 252 0 1
228 252 0 1
227 252 0 1
226 252 0 1
180 252 0 1
179 252 0 1
178 252 0 1
177 252 0 1
282 251 0 0
281 251 0 0
280 251 0 0
279 251 0 0
278 251 0 0
231 251 0 1
230 251 0 1
229 251 0 1
228 251 0 1
227 251 0 1
226 251 0 1
225 251 0 1
224 251 0 1
223 251 0 1
180 251 0 1
179 251 0 1
178 251 0 1
177 251 0 1
282 250 0 0
281 250 0 0
280 250 0 0
279 250 0 0
278 250 0 0
277 250 0 0
230 250 0 1
229 250 0 1
228 250 0 1
227 250 0 1
226 250 0 1
225 250 0 1
224 250 0 1
223 250 0 1
222 250 0 1
221 250 0 1
180 250 0 1
179 250 0 1
178 250 0 1
177 250 0 1
282 249 0 0
281 249 0 0
280 249 0 0
279 249 0 0
278 249 0 0
277 249 0 0
276 249 0 0
275 249 0 0
229 249 0 1
228 249 0 1
227 249 0 1
226 249 0 1
225 249 0 1
224 249 0 1
223 249 0 1
222 249 0 1
221 249 0 1
220 249 0 1
180 249 0 1
179 249 0 1
178 249 0 1
177 249 0 1
282 248 0 0
281 248 0 0
280 248 0 0
279 248 0 0
278 248 0 0
277 248 0 0
276 248 0 0
275 248 0 0
274 248 0 0
228 248 0 1
227 248 0 1
226 248 0 1
225 248 0 1
224 248 0 1
223 248 0 1
222 248 0 1
221 248 0 1
220 248 0 1
219 248 0 1
218 248 0 1
217 248 0 1
180 248 0 1
179 248 0 1
178 248 0 1
177 248 0 1
280 247 0 0
279 247 0 0
278 247 0 0
277 247 0 0
276 247 0 0
275 247 0 0
274 247 0 0
273 247 0 0
227 247 0 1
226 247 0 1
225 247 0 1
224 247 0 1
223 247 0 1
222 247 0 1
221 247 0 1
220 247 0 1
219 247 0 1
218 247 0 1
217 247 0 1
216 247 0 1
215 247 0 1
214 247 0 1
213 247 0 1
212 247 0 1
211 247 0 1
180 247 0 1
179 247 0 1
178 247 0 1
177 247 0 1
279 246 0 0
278 246 0 0
277 246 0 0
276 246 0 0
275 246 0 0
274 246 0 0
273 246 0 0
272 246 0 0
224 246 0 1
223 246 0 1
222 246 0 1
221 246 0 1
220 246 0 1
219 246 0 1
218 246 0 1
217 246 0 1
216 246 0 1
215 246 0 1
214 246 0 1
213 246 0 1
212 246 0 1
211 246 0 1
180 246 0 1
179 246 0 1
178 246 0 1
177 246 0 1
278 245 0 0
277 245 0 0
276 245 0 0
275 245 0 0
274 245 0 0
273 245 0 0
272 245 0 0
271 245 0 0
222 245 0 1
221 245 0 1
220 245 0 1
219 245 0 1
218 245 0 1
217 245 0 1
216 245 0 1
215 245 0 1
214 245 0 1
213 245 0 1
212 245 0 1
211 245 0 1
180 245 0 1
179 245 0 1
178 245 0 1
177 245 0 1
276 244 0 0
275 244 0 0
274 244 0 0
273 244 0 0
272 244 0 0
271 244 0 0
270 244 0 0
269 244 0 0
268 244 0 0
219 244 0 1
218 244 0 1
217 244 0 1
216 244 0 1
215 244 0 1
214 244 0 1
213 244 0 1
212 244 0 1
211 244 0 1
180 244 0 1
179 244 0 1
178 244 0 1
177 244 0 1
275 243 0 0
274 243 0 0
273 243 0 0
272 243 0 0
271 243 0 0
270 243 0 0
269 243 0 0
268 243 0 0
267 243 0 0
180 243 0 1
179 243 0 1
178 243 0 1
177 243 0 1
274 242 0 0
273 242 0 0
272 242 0 0
271 242 0 0
270 242 0 0
269 242 0 0
268 242 0 0
267 242 0 0
266 242 0 0
265 242 0 0
180 242 0 1
179 242 0 1
178 242 0 1
177 242 0 1
273 241 0 0
272 241 0 0
271 241 0 0
270 241 0 0
269 241 0 0
268 241 0 0
267 241 0 0
266 241 0 0
265 241 0 0
264 241 0 0
180 241 0 1
179 241 0 1
178 241 0 1
177 241 0 1
272 240 0 0
271 240 0 0
270 240 0 0
269 240 0 0
268 240 0 0
267 240 0 0
266 240 0 0
265 240 0 0
264 240 0 0
180 240 0 1
179 240 0 1
178 240 0 1
177 240 0 1
269 239 0 0
268 239 0 0
267 239 0 0
266 239 0 0
265 239 0 0
264 239 0 0
263 239 0 0
180 239 0 1
179 239 0 1
178 239 0 1
177 239 0 1
268 238 0 0
267 238 0 0
266 238 0 0
265 238 0 0
264 238 0 0
263 238 0 0
262 238 0 0
180 238 0 1
179 238 0 1
178 238 0 1
177 238 0 1
267 237 0 0
266 237 0 0
265 237 0 0
264 237 0 0
263 237 0 0
262 237 0 0
261 237 0 0
180 237 0 1
179 237 0 1
178 237 0 1
177 237 0 1
266 236 0 0
265 236 0 0
264 236 0 0
263 236 0 0
262 236 0 0
261 236 0 0
260 236 0 0
180 236 0 1
179 236 0 1
178 236 0 1
177 236 0 1
265 235 0 0
264 235 0 0
263 235 0 0
262 235 0 0
261 235 0 0
260 235 0 0
259 235 0 0
180 235 0 1
179 235 0 1
178 235 0 1
177 235 0 1
264 234 0 0
263 234 0 0
262 234 0 0
261 234 0 0
260 234 0 0
259 234 0 0
258 234 0 0
180 234 0 1
179 234 0 1
178 234 0 1
177 234 0 1
263 233 0 0
262 233 0 0
261 233 0 0
260 233 0 0
259 233 0 0
258 233 0 0
257 233 0 0
180 233 0 1
179 233 0 1
178 233 0 1
177 233 0 1
262 232 0 0
261 232 0 0
260 232 0 0
259 232 0 0
258 232 0 0
257 232 0 0
180 232 0 1
179 232 0 1
178 232 0 1
177 232 0 1
261 231 0 0
260 231 0 0
259 231 0 0
258 231 0 0
257 231 0 0
256 231 0 0
180 231 0 1
179 231 0 1
178 231 0 1
177 231 0 1
261 230 0 0
260 230 0 0
259 230 0 0
258 230 0 0
257 230 0 0
256 230 0 0
255 230 0 0
254 230 0 0
180 230 0 1
179 230 0 1
178 230 0 1
177 230 0 1
260 229 0 0
259 229 0 0
258 229 0 0
257 229 0 0
256 229 0 0
255 229 0 0
254 229 0 0
253 229 0 0
180 229 0 1
179 229 0 1
178 229 0 1
177 229 0 1
259 228 0 0
258 228 0 0
257 228 0 0
256 228 0 0
255 228 0 0
254 228 0 0
253 228 0 0
252 228 0 0
180 228 0 1
179 228 0 1
178 228 0 1
177 228 0 1
258 227 0 0
257 227 0 0
256 227 0 0
255 227 0 0
254 227 0 0
253 227 0 0
252 227 0 0
251 227 0 0
180 227 0 1
179 227 0 1
178 227 0 1
177 227 0 1
257 226 0 0
256 226 0 0
255 226 0 0
254 226 0 0
253 226 0 0
252 226 0 0
251 226 0 0
250 226 0 0
180 226 0 1
179 226 0 1
178 226 0 1
177 226 0 1
256 225 0 0
255 225 0 0
254 225 0 0
253 225 0 0
252 225 0 0
251 225 0 0
250 225 0 0
249 225 0 0
254 224 0 0
253 224 0 0
252 224 0 0
251 224 0 0
250 224 0 0
249 224 0 0
253 223 0 0
252 223 0 0
251 223 0 0
250 223 0 0
249 223 0 0
248 223 0 0
253 222 0 0
252 222 0 0
251 222 0 0
250 222 0 0
249 222 0 0
248 222 0 0
247 222 0 0
246 222 0 0
252 221 0 0
251 221 0 0
250 221 0 0
249 221 0 0
248 221 0 0
247 221 0 0
246 221 0 0
245 221 0 0
251 220 0 0
250 220 0 0
249 220 0 0
248 220 0 0
247 220 0 0
246 220 0 0
245 220 0 0
244 220 0 0
250 219 0 0
249 219 0 0
248 219 0 0
247 219 0 0
246 219 0 0
245 219 0 0
244 219 0 0
243 219 0 0
249 218 0 0
248 218 0 0
247 218 0 0
246 218 0 0
245 218 0 0
244 218 0 0
243 218 0 0
242 218 0 0
248 217 0 0
247 217 0 0
246 217 0 0
245 217 0 0
244 217 0 0
243 217 0 0
242 217 0 0
241 217 0 0
246 216 0 0
245 216 0 0
244 216 0 0
243 216 0 0
242 216 0 0
241 216 0 0
240 216 0 0
245 215 0 0
244 215 0 0
243 215 0 0
242 215 0 0
241 215 0 0
240 215 0 0
239 215 0 0
244 214 0 0
243 214 0 0
242 214 0 0
241 214 0 0
240 214 0 0
239 214 0 0
238 214 0 0
243 213 0 0
242 213 0 0
241 213 0 0
240 213 0 0
239 213 0 0
238 213 0 0
237 213 0 0
242 212 0 0
241 212 0 0
240 212 0 0
239 212 0 0
238 212 0 0
237 212 0 0
236 212 0 0
235 212 0 0
241 211 0 0
240 211 0 0
239 211 0 0
238 211 0 0
237 211 0 0
236 211 0 0
235 211 0 0
234 211 0 0
240 210 0 0
239 210 0 0
238 210 0 0
237 210 0 0
236 210 0 0
235 210 0 0
234 210 0 0
233 210 0 0
239 209 0 0
238 209 0 0
237 209 0 0
236 209 0 0
235 209 0 0
234 209 0 0
233 209 0 0
232 209 0 0
238 208 0 0
237 208 0 0
236 208 0 0
235 208 0 0
234 208 0 0
233 208 0 0
232 208 0 0
231 208 0 0
237 207 0 0
236 207 0 0
235 207 0 0
234 207 0 0
233 207 0 0
232 207 0 0
231 207 0 0
230 207 0 0
235 206 0 0
234 206 0 0
233 206 0 0
232 206 0 0
231 206 0 0
230 206 0 0
229 206 0 0
234 205 0 0
233 205 0 0
232 205 0 0
231 205 0 0
230 205 0 0
229 205 0 0
228 205 0 0
233 204 0 0
232 204 0 0
231 204 0 0
230 204 0 0
229 204 0 0
228 204 0 0
227 204 0 0
232 203 0 0
231 203 0 0
230 203 0 0
229 203 0 0
228 203 0 0
227 203 0 0
226 203 0 0
231 202 0 0
230 202 0 0
229 202 0 0
228 202 0 0
227 202 0 0
226 202 0 0
225 202 0 0
230 201 0 0
229 201 0 0
228 201 0 0
227 201 0 0
226 201 0 0
225 201 0 0
224 201 0 0
229 200 0 0
228 200 0 0
227 200 0 0
226 200 0 0
225 200 0 0
224 200 0 0
223 200 0 0
228 199 0 0
227 199 0 0
226 199 0 0
225 199 0 0
224 199 0 0
223 199 0 0
222 199 0 0
227 198 0 0
226 198 0 0
225 198 0 0
224 198 0 0
223 198 0 0
222 198 0 0
221 198 0 0
226 197 0 0
225 197 0 0
224 197 0 0
223 197 0 0
222 197 0 0
221 197 0 0
220 197 0 0
225 196 0 0
224 196 0 0
223 196 0 0
222 196 0 0
221 196 0 0
220 196 0 0
219 196 0 0
224 195 0 0
223 195 0 0
222 195 0 0
221 195 0 0
220 195 0 0
219 195 0 0
218 195 0 0
223 194 0 0
222 194 0 0
221 194 0 0
220 194 0 0
219 194 0 0
218 194 0 0
217 194 0 0
222 193 0 0
221 193 0 0
220 193 0 0
219 193 0 0
218 193 0 0
217 193 0 0
216 193 0 0
221 192 0 0
220 192 0 0
219 192 0 0
218 192 0 0
217 192 0 0
216 192 0 0
215 192 0 0
221 191 0 0
220 191 0 0
219 191 0 0
218 191 0 0
217 191 0 0
216 191 0 0
215 191 0 0
220 190 0 0
219 190 0 0
218 190 0 0
217 190 0 0
216 190 0 0
215 190 0 0
214 190 0 0
219 189 0 0
218 189 0 0
217 189 0 0
216 189 0 0
215 189 0 0
214 189 0 0
213 189 0 0
218 188 0 0
217 188 0 0
216 188 0 0
215 188 0 0
214 188 0 0
213 188 0 0
212 188 0 0
211 188 0 0
217 187 0 0
216 187 0 0
215 187 0 0
214 187 0 0
213 187 0 0
212 187 0 0
211 187 0 0
210 187 0 0
216 186 0 0
215 186 0 0
214 186 0 0
213 186 0 0
212 186 0 0
211 186 0 0
210 186 0 0
209 186 0 0
215 185 0 0
214 185 0 0
213 185 0 0
212 185 0 0
211 185 0 0
210 185 0 0
209 185 0 0
208 185 0 0
214 184 0 0
213 184 0 0
212 184 0 0
211 184 0 0
210 184 0 0
209 184 0 0
208 184 0 0
207 184 0 0
213 183 0 0
212 183 0 0
211 183 0 0
210 183 0 0
209 183 0 0
208 183 0 0
207 183 0 0
206 183 0 0
211 182 0 0
210 182 0 0
209 182 0 0
208 182 0 0
207 182 0 0
206 182 0 0
205 182 0 0
204 182 0 0
210 181 0 0
209 181 0 0
208 181 0 0
207 181 0 0
206 181 0 0
205 181 0 0
204 181 0 0
203 181 0 0
209 180 0 0
208 180 0 0
207 180 0 0
206 180 0 0
205 180 0 0
204 180 0 0
203 180 0 0
202 180 0 0
208 179 0 0
207 179 0 0
206 179 0 0
205 179 0 0
204 179 0 0
203 179 0 0
202 179 0 0
201 179 0 0
207 178 0 0
206 178 0 0
205 178 0 0
204 178 0 0
203 178 0 0
202 178 0 0
201 178 0 0
200 178 0 0
206 177 0 0
205 177 0 0
204 177 0 0
203 177 0 0
202 177 0 0
201 177 0 0
200 177 0 0
199 177 0 0
205 176 0 0
204 176 0 0
203 176 0 0
202 176 0 0
201 176 0 0
200 176 0 0
199 176 0 0
198 176 0 0
197 176 0 0
203 175 0 0
202 175 0 0
201 175 0 0
200 175 0 0
199 175 0 0
198 175 0 0
197 175 0 0
196 175 0 0
202 174 0 0
201 174 0 0
200 174 0 0
199 174 0 0
198 174 0 0
197 174 0 0
196 174 0 0
195 174 0 0
194 174 0 0
201 173 0 0
200 173 0 0
199 173 0 0
198 173 0 0
197 173 0 0
196 173 0 0
195 173 0 0
194 173 0 0
193 173 0 0
199 172 0 0
198 172 0 0
197 172 0 0
196 172 0 0
195 172 0 0
194 172 0 0
193 172 0 0
192 172 0 0
198 171 0 0
197 171 0 0
196 171 0 0
195 171 0 0
194 171 0 0
193 171 0 0
192 171 0 0
191 171 0 0
196 170 0 0
195 170 0 0
194 170 0 0
193 170 0 0
192 170 0 0
191 170 0 0
190 170 0 0
195 169 0 0
194 169 0 0
193 169 0 0
192 169 0 0
191 169 0 0
190 169 0 0
189 169 0 0
194 168 0 0
193 168 0 0
192 168 0 0
191 168 0 0
190 168 0 0
189 168 0 0
188 168 0 0
193 167 0 0
192 167 0 0
191 167 0 0
190 167 0 0
189 167 0 0
188 167 0 0
187 167 0 0
192 166 0 0
191 166 0 0
190 166 0 0
189 166 0 0
188 166 0 0
187 166 0 0
186 166 0 0
191 165 0 0
190 165 0 0
189 165 0 0
188 165 0 0
187 165 0 0
186 165 0 0
185 165 0 0
190 164 0 0
189 164 0 0
188 164 0 0
187 164 0 0
186 164 0 0
185 164 0 0
184 164 0 0
189 163 0 0
188 163 0 0
187 163 0 0
186 163 0 0
185 163 0 0
184 163 0 0
183 163 0 0
188 162 0 0
187 162 0 0
186 162 0 0
185 162 0 0
184 162 0 0
183 162 0 0
182 162 0 0
187 161 0 0
186 161 0 0
185 161 0 0
184 161 0 0
183 161 0 0
182 161 0 0
181 161 0 0
186 160 0 0
185 160 0 0
184 160 0 0
183 160 0 0
182 160 0 0
181 160 0 0
180 160 0 0
185 159 0 0
184 159 0 0
183 159 0 0
182 159 0 0
181 159 0 0
180 159 0 0
179 159 0 0
184 158 0 0
183 158 0 0
182 158 0 0
181 158 0 0
180 158 0 0
179 158 0 0
178 158 0 0
183 157 0 0
182 157 0 0
181 157 0 0
180 157 0 0
179 157 0 0
178 157 0 0
177 157 0 0
183 156 0 0
182 156 0 0
181 156 0 0
180 156 0 0
179 156 0 0
178 156 0 0
177 156 0 0
176 156 0 0
182 155 0 0
181 155 0 0
180 155 0 0
179 155 0 0
178 155 0 0
177 155 0 0
176 155 0 0
181 154 0 0
180 154 0 0
179 154 0 0
178 154 0 0
177 154 0 0
176 154 0 0
175 154 0 0
180 153 0 0
179 153 0 0
178 153 0 0
177 153 0 0
176 153 0 0
175 153 0 0
174 153 0 0
179 152 0 0
178 152 0 0
177 152 0 0
176 152 0 0
175 152 0 0
174 152 0 0
173 152 0 0
178 151 0 0
177 151 0 0
176 151 0 0
175 151 0 0
174 151 0 0
173 151 0 0
172 151 0 0
177 150 0 0
176 150 0 0
175 150 0 0
174 150 0 0
173 150 0 0
172 150 0 0
171 150 0 0
176 149 0 0
175 149 0 0
174 149 0 0
173 149 0 0
172 149 0 0
171 149 0 0
170 149 0 0
175 148 0 0
174 148 0 0
173 148 0 0
172 148 0 0
171 148 0 0
170 148 0 0
169 148 0 0
175 147 0 0
174 147 0 0
173 147 0 0
172 147 0 0
171 147 0 0
170 147 0 0
169 147 0 0
168 147 0 0
174 146 0 0
173 146 0 0
172 146 0 0
171 146 0 0
170 146 0 0
169 146 0 0
168 146 0 0
167 146 0 0
173 145 0 0
172 145 0 0
171 145 0 0
170 145 0 0
169 145 0 0
168 145 0 0
167 145 0 0
172 144 0 0
171 144 0 0
170 144 0 0
169 144 0 0
168 144 0 0
167 144 0 0
166 144 0 0
171 143 0 0
170 143 0 0
169 143 0 0
168 143 0 0
167 143 0 0
166 143 0 0
165 143 0 0
170 142 0 0
169 142 0 0
168 142 0 0
167 142 0 0
166 142 0 0
165 142 0 0
164 142 0 0
169 141 0 0
168 141 0 0
167 141 0 0
166 141 0 0
165 141 0 0
164 141 0 0
163 141 0 0
168 140 0 0
167 140 0 0
166 140 0 0
165 140 0 0
164 140 0 0
163 140 0 0
162 140 0 0
167 139 0 0
166 139 0 0
165 139 0 0
164 139 0 0
163 139 0 0
162 139 0 0
161 139 0 0
166 138 0 0
165 138 0 0
164 138 0 0
163 138 0 0
162 138 0 0
161 138 0 0
160 138 0 0
165 137 0 0
164 137 0 0
163 137 0 0
162 137 0 0
161 137 0 0
160 137 0 0
159 137 0 0
164 136 0 0
163 136 0 0
162 136 0 0
161 136 0 0
160 136 0 0
159 136 0 0
158 136 0 0
164 135 0 0
163 135 0 0
162 135 0 0
161 135 0 0
160 135 0 0
159 135 0 0
158 135 0 0
157 135 0 0
163 134 0 0
162 134 0 0
161 134 0 0
160 134 0 0
159 134 0 0
158 134 0 0
157 134 0 0
156 134 0 0
162 133 0 0
161 133 0 0
160 133 0 0
159 133 0 0
158 133 0 0
157 133 0 0
156 133 0 0
155 133 0 0
161 132 0 0
160 132 0 0
159 132 0 0
158 132 0 0
157 132 0 0
156 132 0 0
155 132 0 0
160 131 0 0
159 131 0 0
158 131 0 0
157 131 0 0
156 131 0 0
155 131 0 0
154 131 0 0
159 130 0 0
158 130 0 0
157 130 0 0
156 130 0 0
155 130 0 0
154 130 0 0
153 130 0 0
158 129 0 0
157 129 0 0
156 129 0 0
155 129 0 0
154 129 0 0
153 129 0 0
152 129 0 0
157 128 0 0
156 128 0 0
155 128 0 0
154 128 0 0
153 128 0 0
152 128 0 0
151 128 0 0
156 127 0 0
155 127 0 0
154 127 0 0
153 127 0 0
152 127 0 0
151 127 0 0
150 127 0 0
155 126 0 0
154 126 0 0
153 126 0 0
152 126 0 0
151 126 0 0
150 126 0 0
149 126 0 0
154 125 0 0
153 125 0 0
152 125 0 0
151 125 0 0
150 125 0 0
149 125 0 0
153 124 0 0
152 124 0 0
151 124 0 0
150 124 0 0
149 124 0 0
148 124 0 0
153 123 0 0
152 123 0 0
151 123 0 0
150 123 0 0
149 123 0 0
148 123 0 0
147 123 0 0
152 122 0 0
151 122 0 0
150 122 0 0
149 122 0 0
148 122 0 0
147 122 0 0
146 122 0 0
151 121 0 0
150 121 0 0
149 121 0 0
148 121 0 0
147 121 0 0
146 121 0 0
151 120 0 0
150 120 0 0
149 120 0 0
148 120 0 0
147 120 0 0
146 120 0 0
145 120 0 0
150 119 0 0
149 119 0 0
148 119 0 0
147 119 0 0
146 119 0 0
145 119 0 0
144 119 0 0
149 118 0 0
148 118 0 0
147 118 0 0
146 118 0 0
145 118 0 0
144 118 0 0
148 117 0 0
147 117 0 0
146 117 0 0
145 117 0 0
144 117 0 0
143 117 0 0
148 116 0 0
147 116 0 0
146 116 0 0
145 116 0 0
144 116 0 0
143 116 0 0
142 116 0 0
147 115 0 0
146 115 0 0
145 115 0 0
144 115 0 0
143 115 0 0
142 115 0 0
141 115 0 0
146 114 0 0
145 114 0 0
144 114 0 0
143 114 0 0
142 114 0 0
141 114 0 0
140 114 0 0
145 113 0 0
144 113 0 0
143 113 0 0
142 113 0 0
141 113 0 0
140 113 0 0
145 112 0 0
144 112 0 0
143 112 0 0
142 112 0 0
141 112 0 0
140 112 0 0
139 112 0 0
144 111 0 0
143 111 0 0
142 111 0 0
141 111 0 0
140 111 0 0
139 111 0 0
138 111 0 0
143 110 0 0
142 110 0 0
141 110 0 0
140 110 0 0
139 110 0 0
138 110 0 0
137 110 0 0
142 109 0 0
141 109 0 0
140 109 0 0
139 109 0 0
138 109 0 0
137 109 0 0
142 108 0 0
141 108 0 0
140 108 0 0
139 108 0 0
138 108 0 0
137 108 0 0
136 108 0 0
141 107 0 0
140 107 0 0
139 107 0 0
138 107 0 0
137 107 0 0
136 107 0 0
135 107 0 0
140 106 0 0
139 106 0 0
138 106 0 0
137 106 0 0
136 106 0 0
135 106 0 0
134 106 0 0
139 105 0 0
138 105 0 0
137 105 0 0
136 105 0 0
135 105 0 0
134 105 0 0
133 105 0 0
138 104 0 0
137 104 0 0
136 104 0 0
135 104 0 0
134 104 0 0
133 104 0 0
138 103 0 0
137 103 0 0
136 103 0 0
135 103 0 0
134 103 0 0
133 103 0 0
132 103 0 0
137 102 0 0
136 102 0 0
135 102 0 0
134 102 0 0
133 102 0 0
132 102 0 0
131 102 0 0
136 101 0 0
135 101 0 0
134 101 0 0
133 101 0 0
132 101 0 0
131 101 0 0
130 101 0 0
135 100 0 0
134 100 0 0
133 100 0 0
132 100 0 0
131 100 0 0
130 100 0 0
135 99 0 0
134 99 0 0
133 99 0 0
132 99 0 0
131 99 0 0
130 99 0 0
129 99 0 0
134 98 0 0
133 98 0 0
132 98 0 0
131 98 0 0
130 98 0 0
129 98 0 0
128 98 0 0
133 97 0 0
132 97 0 0
131 97 0 0
130 97 0 0
129 97 0 0
128 97 0 0
127 97 0 0
132 96 0 0
131 96 0 0
130 96 0 0
129 96 0 0
128 96 0 0
127 96 0 0
126 96 0 0
131 95 0 0
130 95 0 0
129 95 0 0
128 95 0 0
127 95 0 0
126 95 0 0
125 95 0 0
130 94 0 0
129 94 0 0
128 94 0 0
127 94 0 0
126 94 0 0
125 94 0 0
130 93 0 0
129 93 0 0
128 93 0 0
127 93 0 0
126 93 0 0
125 93 0 0
124 93 0 0
129 92 0 0
128 92 0 0
127 92 0 0
126 92 0 0
125 92 0 0
124 92 0 0
123 92 0 0
128 91 0 0
127 91 0 0
126 91 0 0
125 91 0 0
124 91 0 0
123 91 0 0
122 91 0 0
127 90 0 0
126 90 0 0
125 90 0 0
124 90 0 0
123 90 0 0
122 90 0 0
121 90 0 0
126 89 0 0
125 89 0 0
124 89 0 0
123 89 0 0
122 89 0 0
121 89 0 0
120 89 0 0
125 88 0 0
124 88 0 0
123 88 0 0
122 88 0 0
121 88 0 0
120 88 0 0
119 88 0 0
124 87 0 0
123 87 0 0
122 87 0 0
121 87 0 0
120 87 0 0
119 87 0 0
124 86 0 0
123 86 0 0
122 86 0 0
121 86 0 0
120 86 0 0
119 86 0 0
118 86 0 0
123 85 0 0
122 85 0 0
121 85 0 0
120 85 0 0
119 85 0 0
118 85 0 0
117 85 0 0
122 84 0 0
121 84 0 0
120 84 0 0
119 84 0 0
118 84 0 0
117 84 0 0
116 84 0 0
121 83 0 0
120 83 0 0
119 83 0 0
118 83 0 0
117 83 0 0
116 83 0 0
115 83 0 0
120 82 0 0
119 82 0 0
118 82 0 0
117 82 0 0
116 82 0 0
115 82 0 0
114 82 0 0
119 81 0 0
118 81 0 0
117 81 0 0
116 81 0 0
115 81 0 0
114 81 0 0
113 81 0 0
118 80 0 0
117 80 0 0
116 80 0 0
115 80 0 0
114 80 0 0
113 80 0 0
112 80 0 0
117 79 0 0
116 79 0 0
115 79 0 0
114 79 0 0
113 79 0 0
112 79 0 0
111 79 0 0
116 78 0 0
115 78 0 0
114 78 0 0
113 78 0 0
112 78 0 0
111 78 0 0
115 77 0 0
114 77 0 0
113 77 0 0
112 77 0 0
111 77 0 0
115 76 0 0
114 76 0 0
113 76 0 0
112 76 0 0
111 76 0 0
114 75 0 0
113 75 0 0
112 75 0 0
111 75 0 0
114 74 0 0
113 74 0 0
112 74 0 0
111 74 0 0
