5218 500 472
266 464 0 0
265 464 0 0
264 464 0 0
263 464 0 0
262 464 0 0
261 464 0 0
260 464 0 0
259 464 0 0
258 464 0 0
257 464 0 0
256 464 0 0
255 464 0 0
254 464 0 0
253 464 0 0
252 464 0 0
251 464 0 0
250 464 0 0
249 464 0 0
248 464 0 0
247 464 0 0
246 464 0 0
245 464 0 0
244 464 0 0
273 463 0 0
272 463 0 0
271 463 0 0
270 463 0 0
269 463 0 0
268 463 0 0
267 463 0 0
266 463 0 0
265 463 0 0
264 463 0 0
263 463 0 0
262 463 0 0
261 463 0 0
260 463 0 0
259 463 0 0
258 463 0 0
257 463 0 0
256 463 0 0
255 463 0 0
254 463 0 0
253 463 0 0
252 463 0 0
251 463 0 0
250 463 0 0
249 463 0 0
248 463 0 0
247 463 0 0
246 463 0 0
245 463 0 0
244 463 0 0
243 463 0 0
276 462 0 0
275 462 0 0
274 462 0 0
273 462 0 0
272 462 0 0
271 462 0 0
270 462 0 0
269 462 0 0
268 462 0 0
267 462 0 0
266 462 0 0
265 462 0 0
264 462 0 0
263 462 0 0
262 462 0 0
261 462 0 0
260 462 0 0
259 462 0 0
258 462 0 0
257 462 0 0
256 462 0 0
255 462 0 0
254 462 0 0
253 462 0 0
252 462 0 0
251 462 0 0
250 462 0 0
249 462 0 0
248 462 0 0
247 462 0 0
246 462 0 0
245 462 0 0
244 462 0 0
243 462 0 0
242 462 0 0
241 462 0 0
277 461 0 0
276 461 0 0
275 461 0 0
274 461 0 0
273 461 0 0
272 461 0 0
271 461 0 0
270 461 0 0
269 461 0 0
268 461 0 0
267 461 0 0
266 461 0 0
265 461 0 0
264 461 0 0
263 461 0 0
262 461 0 0
261 461 0 0
260 461 0 0
259 461 0 0
258 461 0 0
257 461 0 0
256 461 0 0
255 461 0 0
254 461 0 0
253 461 0 0
252 461 0 0
251 461 0 0
250 461 0 0
249 461 0 0
248 461 0 0
247 461 0 0
246 461 0 0
245 461 0 0
244 461 0 0
243 461 0 0
242 461 0 0
241 461 0 0
240 461 0 0
239 461 0 0
279 460 0 0
278 460 0 0
277 460 0 0
276 460 0 0
275 460 0 0
274 460 0 0
273 460 0 0
272 460 0 0
271 460 0 0
270 460 0 0
269 460 0 0
268 460 0 0
267 460 0 0
266 460 0 0
265 460 0 0
264 460 0 0
263 460 0 0
247 460 0 0
246 460 0 0
245 460 0 0
244 460 0 0
243 460 0 0
242 460 0 0
241 460 0 0
240 460 0 0
239 460 0 0
238 460 0 0
237 460 0 0
280 459 0 0
279 459 0 0
278 459 0 0
277 459 0 0
276 459 0 0
275 459 0 0
274 459 0 0
273 459 0 0
272 459 0 0
271 459 0 0
245 459 0 0
244 459 0 0
243 459 0 0
242 459 0 0
241 459 0 0
240 459 0 0
239 459 0 0
238 459 0 0
237 459 0 0
236 459 0 0
281 458 0 0
280 458 0 0
279 458 0 0
278 458 0 0
277 458 0 0
276 458 0 0
275 458 0 0
274 458 0 0
243 458 0 0
242 458 0 0
241 458 0 0
240 458 0 0
239 458 0 0
238 458 0 0
237 458 0 0
236 458 0 0
235 458 0 0
234 458 0 0
282 457 0 0
281 457 0 0
280 457 0 0
279 457 0 0
278 457 0 0
277 457 0 0
276 457 0 0
275 457 0 0
242 457 0 0
241 457 0 0
240 457 0 0
239 457 0 0
238 457 0 0
237 457 0 0
236 457 0 0
235 457 0 0
234 457 0 0
233 457 0 0
232 457 0 0
282 456 0 0
281 456 0 0
280 456 0 0
279 456 0 0
278 456 0 0
277 456 0 0
276 456 0 0
240 456 0 0
239 456 0 0
238 456 0 0
237 456 0 0
236 456 0 0
235 456 0 0
234 456 0 0
233 456 0 0
232 456 0 0
231 456 0 0
230 456 0 0
229 456 0 0
228 456 0 0
282 455 0 0
281 455 0 0
280 455 0 0
279 455 0 0
278 455 0 0
238 455 0 0
237 455 0 0
236 455 0 0
235 455 0 0
234 455 0 0
233 455 0 0
232 455 0 0
231 455 0 0
230 455 0 0
229 455 0 0
228 455 0 0
227 455 0 0
226 455 0 0
225 455 0 0
282 454 0 0
281 454 0 0
280 454 0 0
279 454 0 0
278 454 0 0
237 454 0 0
236 454 0 0
235 454 0 0
234 454 0 0
233 454 0 0
232 454 0 0
231 454 0 0
230 454 0 0
229 454 0 0
228 454 0 0
227 454 0 0
226 454 0 0
225 454 0 0
224 454 0 0
223 454 0 0
222 454 0 0
221 454 0 0
220 454 0 0
219 454 0 0
218 454 0 0
282 453 0 0
281 453 0 0
280 453 0 0
279 453 0 0
235 453 0 0
234 453 0 0
233 453 0 0
232 453 0 0
231 453 0 0
230 453 0 0
229 453 0 0
228 453 0 0
227 453 0 0
226 453 0 0
225 453 0 0
224 453 0 0
223 453 0 0
222 453 0 0
221 453 0 0
220 453 0 0
219 453 0 0
218 453 0 0
217 453 0 0
216 453 0 0
215 453 0 0
214 453 0 0
213 453 0 0
212 453 0 0
211 453 0 0
210 453 0 0
209 453 0 0
208 453 0 0
207 453 0 0
282 452 0 0
281 452 0 0
280 452 0 0
279 452 0 0
232 452 0 0
231 452 0 0
230 452 0 0
229 452 0 0
228 452 0 0
227 452 0 0
226 452 0 0
225 452 0 0
224 452 0 0
223 452 0 0
222 452 0 0
221 452 0 0
220 452 0 0
219 452 0 0
218 452 0 0
217 452 0 0
216 452 0 0
215 452 0 0
214 452 0 0
213 452 0 0
212 452 0 0
211 452 0 0
210 452 0 0
209 452 0 0
208 452 0 0
207 452 0 0
206 452 0 0
205 452 0 0
204 452 0 0
203 452 0 0
202 452 0 0
282 451 0 0
281 451 0 0
280 451 0 0
279 451 0 0
229 451 0 0
228 451 0 0
227 451 0 0
226 451 0 0
225 451 0 0
224 451 0 0
223 451 0 0
222 451 0 0
221 451 0 0
220 451 0 0
219 451 0 0
218 451 0 0
217 451 0 0
216 451 0 0
215 451 0 0
214 451 0 0
213 451 0 0
212 451 0 0
211 451 0 0
210 451 0 0
209 451 0 0
208 451 0 0
207 451 0 0
206 451 0 0
205 451 0 0
204 451 0 0
203 451 0 0
202 451 0 0
201 451 0 0
200 451 0 0
282 450 0 0
281 450 0 0
280 450 0 0
279 450 0 0
221 450 0 0
220 450 0 0
219 450 0 0
218 450 0 0
217 450 0 0
216 450 0 0
215 450 0 0
214 450 0 0
213 450 0 0
212 450 0 0
211 450 0 0
210 450 0 0
209 450 0 0
208 450 0 0
207 450 0 0
206 450 0 0
205 450 0 0
204 450 0 0
203 450 0 0
202 450 0 0
201 450 0 0
200 450 0 0
199 450 0 0
198 450 0 0
197 450 0 0
196 450 0 0
195 450 0 0
194 450 0 0
193 450 0 0
192 450 0 0
191 450 0 0
190 450 0 0
189 450 0 0
282 449 0 0
281 449 0 0
280 449 0 0
279 449 0 0
211 449 0 0
210 449 0 0
209 449 0 0
208 449 0 0
207 449 0 0
206 449 0 0
205 449 0 0
204 449 0 0
203 449 0 0
202 449 0 0
201 449 0 0
200 449 0 0
199 449 0 0
198 449 0 0
197 449 0 0
196 449 0 0
195 449 0 0
194 449 0 0
193 449 0 0
192 449 0 0
191 449 0 0
190 449 0 0
189 449 0 0
188 449 0 0
187 449 0 0
186 449 0 0
185 449 0 0
184 449 0 0
183 449 0 0
282 448 0 0
281 448 0 0
280 448 0 0
279 448 0 0
206 448 0 0
205 448 0 0
204 448 0 0
203 448 0 0
202 448 0 0
201 448 0 0
200 448 0 0
199 448 0 0
198 448 0 0
197 448 0 0
196 448 0 0
195 448 0 0
194 448 0 0
193 448 0 0
192 448 0 0
191 448 0 0
190 448 0 0
189 448 0 0
188 448 0 0
187 448 0 0
186 448 0 0
185 448 0 0
184 448 0 0
183 448 0 0
182 448 0 0
181 448 0 0
180 448 0 0
179 448 0 0
178 448 0 0
282 447 0 0
281 447 0 0
280 447 0 0
279 447 0 0
203 447 0 0
202 447 0 0
201 447 0 0
200 447 0 0
199 447 0 0
198 447 0 0
197 447 0 0
196 447 0 0
195 447 0 0
194 447 0 0
193 447 0 0
192 447 0 0
191 447 0 0
190 447 0 0
189 447 0 0
188 447 0 0
187 447 0 0
186 447 0 0
185 447 0 0
184 447 0 0
183 447 0 0
182 447 0 0
181 447 0 0
180 447 0 0
179 447 0 0
178 447 0 0
177 447 0 0
282 446 0 0
281 446 0 0
280 446 0 0
279 446 0 0
193 446 0 0
192 446 0 0
191 446 0 0
190 446 0 0
189 446 0 0
188 446 0 0
187 446 0 0
186 446 0 0
185 446 0 0
184 446 0 0
183 446 0 0
182 446 0 0
181 446 0 0
180 446 0 0
179 446 0 0
178 446 0 0
177 446 0 0
282 445 0 0
281 445 0 0
280 445 0 0
279 445 0 0
278 445 0 0
186 445 0 0
185 445 0 0
184 445 0 0
183 445 0 0
182 445 0 0
181 445 0 0
180 445 0 0
179 445 0 0
178 445 0 0
177 445 0 0
176 445 0 0
282 444 0 0
281 444 0 0
280 444 0 0
279 444 0 0
278 444 0 0
180 444 0 0
179 444 0 0
178 444 0 0
177 444 0 0
176 444 0 0
175 444 0 0
282 443 0 0
281 443 0 0
280 443 0 0
279 443 0 0
278 443 0 0
259 443 0 1
258 443 0 1
257 443 0 1
256 443 0 1
180 443 0 0
179 443 0 0
178 443 0 0
177 443 0 0
176 443 0 0
175 443 0 0
282 442 0 0
281 442 0 0
280 442 0 0
279 442 0 0
278 442 0 0
259 442 0 1
258 442 0 1
257 442 0 1
256 442 0 1
179 442 0 0
178 442 0 0
177 442 0 0
176 442 0 0
175 442 0 0
282 441 0 0
281 441 0 0
280 441 0 0
279 441 0 0
278 441 0 0
259 441 0 1
258 441 0 1
257 441 0 1
256 441 0 1
179 441 0 0
178 441 0 0
177 441 0 0
176 441 0 0
175 441 0 0
282 440 0 0
281 440 0 0
280 440 0 0
279 440 0 0
278 440 0 0
259 440 0 1
258 440 0 1
257 440 0 1
256 440 0 1
178 440 0 0
177 440 0 0
176 440 0 0
175 440 0 0
281 439 0 0
280 439 0 0
279 439 0 0
278 439 0 0
259 439 0 1
258 439 0 1
257 439 0 1
256 439 0 1
178 439 0 0
177 439 0 0
176 439 0 0
175 439 0 0
281 438 0 0
280 438 0 0
279 438 0 0
278 438 0 0
259 438 0 1
258 438 0 1
257 438 0 1
256 438 0 1
255 438 0 1
178 438 0 0
177 438 0 0
176 438 0 0
175 438 0 0
281 437 0 0
280 437 0 0
279 437 0 0
278 437 0 0
259 437 0 1
258 437 0 1
257 437 0 1
256 437 0 1
255 437 0 1
178 437 0 0
177 437 0 0
176 437 0 0
175 437 0 0
281 436 0 0
280 436 0 0
279 436 0 0
278 436 0 0
259 436 0 1
258 436 0 1
257 436 0 1
256 436 0 1
255 436 0 1
178 436 0 0
177 436 0 0
176 436 0 0
175 436 0 0
281 435 0 0
280 435 0 0
279 435 0 0
278 435 0 0
259 435 0 1
258 435 0 1
257 435 0 1
256 435 0 1
255 435 0 1
178 435 0 0
177 435 0 0
176 435 0 0
175 435 0 0
281 434 0 0
280 434 0 0
279 434 0 0
278 434 0 0
259 434 0 1
258 434 0 1
257 434 0 1
256 434 0 1
255 434 0 1
178 434 0 0
177 434 0 0
176 434 0 0
175 434 0 0
281 433 0 0
280 433 0 0
279 433 0 0
278 433 0 0
259 433 0 1
258 433 0 1
257 433 0 1
256 433 0 1
255 433 0 1
254 433 0 1
179 433 0 0
178 433 0 0
177 433 0 0
176 433 0 0
175 433 0 0
281 432 0 0
280 432 0 0
279 432 0 0
278 432 0 0
258 432 0 1
257 432 0 1
256 432 0 1
255 432 0 1
254 432 0 1
179 432 0 0
178 432 0 0
177 432 0 0
176 432 0 0
175 432 0 0
281 431 0 0
280 431 0 0
279 431 0 0
278 431 0 0
258 431 0 1
257 431 0 1
256 431 0 1
255 431 0 1
254 431 0 1
179 431 0 0
178 431 0 0
177 431 0 0
176 431 0 0
175 431 0 0
281 430 0 0
280 430 0 0
279 430 0 0
278 430 0 0
258 430 0 1
257 430 0 1
256 430 0 1
255 430 0 1
254 430 0 1
180 430 0 0
179 430 0 0
178 430 0 0
177 430 0 0
176 430 0 0
281 429 0 0
280 429 0 0
279 429 0 0
278 429 0 0
258 429 0 1
257 429 0 1
256 429 0 1
255 429 0 1
254 429 0 1
210 429 0 1
209 429 0 1
208 429 0 1
207 429 0 1
181 429 0 0
180 429 0 0
179 429 0 0
178 429 0 0
177 429 0 0
176 429 0 0
281 428 0 0
280 428 0 0
279 428 0 0
278 428 0 0
258 428 0 1
257 428 0 1
256 428 0 1
255 428 0 1
254 428 0 1
253 428 0 1
210 428 0 1
209 428 0 1
208 428 0 1
207 428 0 1
181 428 0 0
180 428 0 0
179 428 0 0
178 428 0 0
177 428 0 0
176 428 0 0
281 427 0 0
280 427 0 0
279 427 0 0
278 427 0 0
257 427 0 1
256 427 0 1
255 427 0 1
254 427 0 1
253 427 0 1
210 427 0 1
209 427 0 1
208 427 0 1
207 427 0 1
182 427 0 0
181 427 0 0
180 427 0 0
179 427 0 0
178 427 0 0
177 427 0 0
281 426 0 0
280 426 0 0
279 426 0 0
278 426 0 0
257 426 0 1
256 426 0 1
255 426 0 1
254 426 0 1
253 426 0 1
210 426 0 1
209 426 0 1
208 426 0 1
207 426 0 1
183 426 0 0
182 426 0 0
181 426 0 0
180 426 0 0
179 426 0 0
178 426 0 0
177 426 0 0
281 425 0 0
280 425 0 0
279 425 0 0
278 425 0 0
257 425 0 1
256 425 0 1
255 425 0 1
254 425 0 1
253 425 0 1
210 425 0 1
209 425 0 1
208 425 0 1
207 425 0 1
184 425 0 0
183 425 0 0
182 425 0 0
181 425 0 0
180 425 0 0
179 425 0 0
178 425 0 0
281 424 0 0
280 424 0 0
279 424 0 0
278 424 0 0
257 424 0 1
256 424 0 1
255 424 0 1
254 424 0 1
253 424 0 1
252 424 0 1
210 424 0 1
209 424 0 1
208 424 0 1
207 424 0 1
185 424 0 0
184 424 0 0
183 424 0 0
182 424 0 0
181 424 0 0
180 424 0 0
179 424 0 0
257 423 0 1
256 423 0 1
255 423 0 1
254 423 0 1
253 423 0 1
252 423 0 1
210 423 0 1
209 423 0 1
208 423 0 1
207 423 0 1
186 423 0 0
185 423 0 0
184 423 0 0
183 423 0 0
182 423 0 0
181 423 0 0
180 423 0 0
256 422 0 1
255 422 0 1
254 422 0 1
253 422 0 1
252 422 0 1
251 422 0 1
210 422 0 1
209 422 0 1
208 422 0 1
207 422 0 1
186 422 0 0
185 422 0 0
184 422 0 0
183 422 0 0
182 422 0 0
181 422 0 0
256 421 0 1
255 421 0 1
254 421 0 1
253 421 0 1
252 421 0 1
251 421 0 1
210 421 0 1
209 421 0 1
208 421 0 1
207 421 0 1
187 421 0 0
186 421 0 0
185 421 0 0
184 421 0 0
183 421 0 0
182 421 0 0
255 420 0 1
254 420 0 1
253 420 0 1
252 420 0 1
251 420 0 1
210 420 0 1
209 420 0 1
208 420 0 1
207 420 0 1
187 420 0 0
186 420 0 0
185 420 0 0
184 420 0 0
183 420 0 0
182 420 0 0
255 419 0 1
254 419 0 1
253 419 0 1
252 419 0 1
251 419 0 1
210 419 0 1
209 419 0 1
208 419 0 1
207 419 0 1
188 419 0 0
187 419 0 0
186 419 0 0
185 419 0 0
184 419 0 0
183 419 0 0
254 418 0 1
253 418 0 1
252 418 0 1
251 418 0 1
210 418 0 1
209 418 0 1
208 418 0 1
207 418 0 1
188 418 0 0
187 418 0 0
186 418 0 0
185 418 0 0
184 418 0 0
183 418 0 0
254 417 0 1
253 417 0 1
252 417 0 1
251 417 0 1
250 417 0 1
210 417 0 1
209 417 0 1
208 417 0 1
207 417 0 1
189 417 0 0
188 417 0 0
187 417 0 0
186 417 0 0
185 417 0 0
184 417 0 0
254 416 0 1
253 416 0 1
252 416 0 1
251 416 0 1
250 416 0 1
210 416 0 1
209 416 0 1
208 416 0 1
207 416 0 1
190 416 0 0
189 416 0 0
188 416 0 0
187 416 0 0
186 416 0 0
185 416 0 0
184 416 0 0
254 415 0 1
253 415 0 1
252 415 0 1
251 415 0 1
250 415 0 1
210 415 0 1
209 415 0 1
208 415 0 1
207 415 0 1
191 415 0 0
190 415 0 0
189 415 0 0
188 415 0 0
187 415 0 0
186 415 0 0
185 415 0 0
253 414 0 1
252 414 0 1
251 414 0 1
250 414 0 1
210 414 0 1
209 414 0 1
208 414 0 1
207 414 0 1
191 414 0 0
190 414 0 0
189 414 0 0
188 414 0 0
187 414 0 0
186 414 0 0
210 413 0 1
209 413 0 1
208 413 0 1
207 413 0 1
192 413 0 0
191 413 0 0
190 413 0 0
189 413 0 0
188 413 0 0
187 413 0 0
210 412 0 1
209 412 0 1
208 412 0 1
207 412 0 1
192 412 0 0
191 412 0 0
190 412 0 0
189 412 0 0
188 412 0 0
187 412 0 0
210 411 0 1
209 411 0 1
208 411 0 1
207 411 0 1
193 411 0 0
192 411 0 0
191 411 0 0
190 411 0 0
189 411 0 0
188 411 0 0
210 410 0 1
209 410 0 1
208 410 0 1
207 410 0 1
193 410 0 0
192 410 0 0
191 410 0 0
190 410 0 0
189 410 0 0
188 410 0 0
210 409 0 1
209 409 0 1
208 409 0 1
207 409 0 1
193 409 0 0
192 409 0 0
191 409 0 0
190 409 0 0
189 409 0 0
210 408 0 1
209 408 0 1
208 408 0 1
207 408 0 1
193 408 0 0
192 408 0 0
191 408 0 0
190 408 0 0
189 408 0 0
210 407 0 1
209 407 0 1
208 407 0 1
207 407 0 1
193 407 0 0
192 407 0 0
191 407 0 0
190 407 0 0
210 406 0 1
209 406 0 1
208 406 0 1
207 406 0 1
193 406 0 0
192 406 0 0
191 406 0 0
190 406 0 0
210 405 0 1
209 405 0 1
208 405 0 1
207 405 0 1
193 405 0 0
192 405 0 0
191 405 0 0
190 405 0 0
210 404 0 1
209 404 0 1
208 404 0 1
207 404 0 1
193 404 0 0
192 404 0 0
191 404 0 0
190 404 0 0
210 403 0 1
209 403 0 1
208 403 0 1
207 403 0 1
193 403 0 0
192 403 0 0
191 403 0 0
190 403 0 0
210 402 0 1
209 402 0 1
208 402 0 1
207 402 0 1
193 402 0 0
192 402 0 0
191 402 0 0
190 402 0 0
210 401 0 1
209 401 0 1
208 401 0 1
207 401 0 1
193 401 0 0
192 401 0 0
191 401 0 0
190 401 0 0
210 400 0 1
209 400 0 1
208 400 0 1
207 400 0 1
193 400 0 0
192 400 0 0
191 400 0 0
190 400 0 0
210 399 0 1
209 399 0 1
208 399 0 1
207 399 0 1
193 399 0 0
192 399 0 0
191 399 0 0
190 399 0 0
210 398 0 1
209 398 0 1
208 398 0 1
207 398 0 1
193 398 0 0
192 398 0 0
191 398 0 0
190 398 0 0
210 397 0 1
209 397 0 1
208 397 0 1
207 397 0 1
193 397 0 0
192 397 0 0
191 397 0 0
190 397 0 0
210 396 0 1
209 396 0 1
208 396 0 1
207 396 0 1
193 396 0 0
192 396 0 0
191 396 0 0
190 396 0 0
210 395 0 1
209 395 0 1
208 395 0 1
207 395 0 1
193 395 0 0
192 395 0 0
191 395 0 0
190 395 0 0
210 394 0 1
209 394 0 1
208 394 0 1
207 394 0 1
193 394 0 0
192 394 0 0
191 394 0 0
190 394 0 0
210 393 0 1
209 393 0 1
208 393 0 1
207 393 0 1
193 393 0 0
192 393 0 0
191 393 0 0
190 393 0 0
210 392 0 1
209 392 0 1
208 392 0 1
207 392 0 1
193 392 0 0
192 392 0 0
191 392 0 0
190 392 0 0
210 391 0 1
209 391 0 1
208 391 0 1
207 391 0 1
193 391 0 0
192 391 0 0
191 391 0 0
190 391 0 0
210 390 0 1
209 390 0 1
208 390 0 1
207 390 0 1
193 390 0 0
192 390 0 0
191 390 0 0
190 390 0 0
211 389 0 1
210 389 0 1
209 389 0 1
208 389 0 1
207 389 0 1
193 389 0 0
192 389 0 0
191 389 0 0
190 389 0 0
211 388 0 1
210 388 0 1
209 388 0 1
208 388 0 1
207 388 0 1
193 388 0 0
192 388 0 0
191 388 0 0
190 388 0 0
211 387 0 1
210 387 0 1
209 387 0 1
208 387 0 1
207 387 0 1
193 387 0 0
192 387 0 0
191 387 0 0
190 387 0 0
211 386 0 1
210 386 0 1
209 386 0 1
208 386 0 1
193 386 0 0
192 386 0 0
191 386 0 0
190 386 0 0
211 385 0 1
210 385 0 1
209 385 0 1
208 385 0 1
193 385 0 0
192 385 0 0
191 385 0 0
190 385 0 0
211 384 0 1
210 384 0 1
209 384 0 1
208 384 0 1
193 384 0 0
192 384 0 0
191 384 0 0
190 384 0 0
211 383 0 1
210 383 0 1
209 383 0 1
208 383 0 1
193 383 0 0
192 383 0 0
191 383 0 0
190 383 0 0
212 382 0 1
211 382 0 1
210 382 0 1
209 382 0 1
208 382 0 1
193 382 0 0
192 382 0 0
191 382 0 0
190 382 0 0
212 381 0 1
211 381 0 1
210 381 0 1
209 381 0 1
208 381 0 1
193 381 0 0
192 381 0 0
191 381 0 0
190 381 0 0
212 380 0 1
211 380 0 1
210 380 0 1
209 380 0 1
208 380 0 1
193 380 0 0
192 380 0 0
191 380 0 0
190 380 0 0
212 379 0 1
211 379 0 1
210 379 0 1
209 379 0 1
208 379 0 1
193 379 0 0
192 379 0 0
191 379 0 0
190 379 0 0
212 378 0 1
211 378 0 1
210 378 0 1
209 378 0 1
193 378 0 0
192 378 0 0
191 378 0 0
190 378 0 0
212 377 0 1
211 377 0 1
210 377 0 1
209 377 0 1
193 377 0 0
192 377 0 0
191 377 0 0
190 377 0 0
212 376 0 1
211 376 0 1
210 376 0 1
209 376 0 1
193 376 0 0
192 376 0 0
191 376 0 0
190 376 0 0
213 375 0 1
212 375 0 1
211 375 0 1
210 375 0 1
209 375 0 1
193 375 0 0
192 375 0 0
191 375 0 0
190 375 0 0
213 374 0 1
212 374 0 1
211 374 0 1
210 374 0 1
209 374 0 1
193 374 0 0
192 374 0 0
191 374 0 0
190 374 0 0
213 373 0 1
212 373 0 1
211 373 0 1
210 373 0 1
209 373 0 1
193 373 0 0
192 373 0 0
191 373 0 0
190 373 0 0
213 372 0 1
212 372 0 1
211 372 0 1
210 372 0 1
209 372 0 1
193 372 0 0
192 372 0 0
191 372 0 0
190 372 0 0
213 371 0 1
212 371 0 1
211 371 0 1
210 371 0 1
209 371 0 1
193 371 0 0
192 371 0 0
191 371 0 0
190 371 0 0
189 371 0 0
213 370 0 1
212 370 0 1
211 370 0 1
210 370 0 1
209 370 0 1
193 370 0 0
192 370 0 0
191 370 0 0
190 370 0 0
189 370 0 0
213 369 0 1
212 369 0 1
211 369 0 1
210 369 0 1
209 369 0 1
193 369 0 0
192 369 0 0
191 369 0 0
190 369 0 0
189 369 0 0
188 369 0 0
213 368 0 1
212 368 0 1
211 368 0 1
210 368 0 1
209 368 0 1
193 368 0 0
192 368 0 0
191 368 0 0
190 368 0 0
189 368 0 0
188 368 0 0
213 367 0 1
212 367 0 1
211 367 0 1
210 367 0 1
192 367 0 0
191 367 0 0
190 367 0 0
189 367 0 0
188 367 0 0
213 366 0 1
212 366 0 1
211 366 0 1
210 366 0 1
192 366 0 0
191 366 0 0
190 366 0 0
189 366 0 0
188 366 0 0
214 365 0 1
213 365 0 1
212 365 0 1
211 365 0 1
210 365 0 1
191 365 0 0
190 365 0 0
189 365 0 0
188 365 0 0
214 364 0 1
213 364 0 1
212 364 0 1
211 364 0 1
210 364 0 1
191 364 0 0
190 364 0 0
189 364 0 0
188 364 0 0
293 363 0 0
292 363 0 0
291 363 0 0
290 363 0 0
214 363 0 1
213 363 0 1
212 363 0 1
211 363 0 1
210 363 0 1
191 363 0 0
190 363 0 0
189 363 0 0
188 363 0 0
293 362 0 0
292 362 0 0
291 362 0 0
290 362 0 0
214 362 0 1
213 362 0 1
212 362 0 1
211 362 0 1
210 362 0 1
191 362 0 0
190 362 0 0
189 362 0 0
188 362 0 0
293 361 0 0
292 361 0 0
291 361 0 0
290 361 0 0
214 361 0 1
213 361 0 1
212 361 0 1
211 361 0 1
210 361 0 1
191 361 0 0
190 361 0 0
189 361 0 0
188 361 0 0
293 360 0 0
292 360 0 0
291 360 0 0
290 360 0 0
214 360 0 1
213 360 0 1
212 360 0 1
211 360 0 1
210 360 0 1
191 360 0 0
190 360 0 0
189 360 0 0
188 360 0 0
293 359 0 0
292 359 0 0
291 359 0 0
290 359 0 0
214 359 0 1
213 359 0 1
212 359 0 1
211 359 0 1
191 359 0 0
190 359 0 0
189 359 0 0
188 359 0 0
293 358 0 0
292 358 0 0
291 358 0 0
290 358 0 0
214 358 0 1
213 358 0 1
212 358 0 1
211 358 0 1
191 358 0 0
190 358 0 0
189 358 0 0
188 358 0 0
293 357 0 0
292 357 0 0
291 357 0 0
290 357 0 0
214 357 0 1
213 357 0 1
212 357 0 1
211 357 0 1
191 357 0 0
190 357 0 0
189 357 0 0
188 357 0 0
187 357 0 0
293 356 0 0
292 356 0 0
291 356 0 0
290 356 0 0
215 356 0 1
214 356 0 1
213 356 0 1
212 356 0 1
211 356 0 1
191 356 0 0
190 356 0 0
189 356 0 0
188 356 0 0
187 356 0 0
293 355 0 0
292 355 0 0
291 355 0 0
290 355 0 0
215 355 0 1
214 355 0 1
213 355 0 1
212 355 0 1
211 355 0 1
191 355 0 0
190 355 0 0
189 355 0 0
188 355 0 0
187 355 0 0
186 355 0 0
293 354 0 0
292 354 0 0
291 354 0 0
290 354 0 0
215 354 0 1
214 354 0 1
213 354 0 1
212 354 0 1
211 354 0 1
191 354 0 0
190 354 0 0
189 354 0 0
188 354 0 0
187 354 0 0
186 354 0 0
293 353 0 0
292 353 0 0
291 353 0 0
290 353 0 0
215 353 0 1
214 353 0 1
213 353 0 1
212 353 0 1
211 353 0 1
190 353 0 0
189 353 0 0
188 353 0 0
187 353 0 0
186 353 0 0
293 352 0 0
292 352 0 0
291 352 0 0
290 352 0 0
216 352 0 1
215 352 0 1
214 352 0 1
213 352 0 1
212 352 0 1
211 352 0 1
190 352 0 0
189 352 0 0
188 352 0 0
187 352 0 0
186 352 0 0
293 351 0 0
292 351 0 0
291 351 0 0
290 351 0 0
216 351 0 1
215 351 0 1
214 351 0 1
213 351 0 1
212 351 0 1
211 351 0 1
189 351 0 0
188 351 0 0
187 351 0 0
186 351 0 0
293 350 0 0
292 350 0 0
291 350 0 0
290 350 0 0
216 350 0 1
215 350 0 1
214 350 0 1
213 350 0 1
212 350 0 1
189 350 0 0
188 350 0 0
187 350 0 0
186 350 0 0
293 349 0 0
292 349 0 0
291 349 0 0
290 349 0 0
217 349 0 1
216 349 0 1
215 349 0 1
214 349 0 1
213 349 0 1
212 349 0 1
189 349 0 0
188 349 0 0
187 349 0 0
186 349 0 0
185 349 0 0
293 348 0 0
292 348 0 0
291 348 0 0
290 348 0 0
217 348 0 1
216 348 0 1
215 348 0 1
214 348 0 1
213 348 0 1
212 348 0 1
189 348 0 0
188 348 0 0
187 348 0 0
186 348 0 0
185 348 0 0
293 347 0 0
292 347 0 0
291 347 0 0
290 347 0 0
217 347 0 1
216 347 0 1
215 347 0 1
214 347 0 1
213 347 0 1
189 347 0 0
188 347 0 0
187 347 0 0
186 347 0 0
185 347 0 0
184 347 0 0
293 346 0 0
292 346 0 0
291 346 0 0
290 346 0 0
217 346 0 1
216 346 0 1
215 346 0 1
214 346 0 1
213 346 0 1
189 346 0 0
188 346 0 0
187 346 0 0
186 346 0 0
185 346 0 0
184 346 0 0
293 345 0 0
292 345 0 0
291 345 0 0
290 345 0 0
217 345 0 1
216 345 0 1
215 345 0 1
214 345 0 1
213 345 0 1
188 345 0 0
187 345 0 0
186 345 0 0
185 345 0 0
184 345 0 0
183 345 0 0
293 344 0 0
292 344 0 0
291 344 0 0
290 344 0 0
218 344 0 1
217 344 0 1
216 344 0 1
215 344 0 1
214 344 0 1
213 344 0 1
188 344 0 0
187 344 0 0
186 344 0 0
185 344 0 0
184 344 0 0
183 344 0 0
293 343 0 0
292 343 0 0
291 343 0 0
290 343 0 0
218 343 0 1
217 343 0 1
216 343 0 1
215 343 0 1
214 343 0 1
213 343 0 1
187 343 0 0
186 343 0 0
185 343 0 0
184 343 0 0
183 343 0 0
182 343 0 0
181 343 0 0
293 342 0 0
292 342 0 0
291 342 0 0
290 342 0 0
218 342 0 1
217 342 0 1
216 342 0 1
215 342 0 1
214 342 0 1
187 342 0 0
186 342 0 0
185 342 0 0
184 342 0 0
183 342 0 0
182 342 0 0
181 342 0 0
293 341 0 0
292 341 0 0
291 341 0 0
290 341 0 0
218 341 0 1
217 341 0 1
216 341 0 1
215 341 0 1
214 341 0 1
186 341 0 0
185 341 0 0
184 341 0 0
183 341 0 0
182 341 0 0
181 341 0 0
293 340 0 0
292 340 0 0
291 340 0 0
290 340 0 0
218 340 0 1
217 340 0 1
216 340 0 1
215 340 0 1
214 340 0 1
185 340 0 0
184 340 0 0
183 340 0 0
182 340 0 0
181 340 0 0
293 339 0 0
292 339 0 0
291 339 0 0
290 339 0 0
218 339 0 1
217 339 0 1
216 339 0 1
215 339 0 1
214 339 0 1
293 338 0 0
292 338 0 0
291 338 0 0
290 338 0 0
218 338 0 1
217 338 0 1
216 338 0 1
215 338 0 1
214 338 0 1
293 337 0 0
292 337 0 0
291 337 0 0
290 337 0 0
218 337 0 1
217 337 0 1
216 337 0 1
215 337 0 1
293 336 0 0
292 336 0 0
291 336 0 0
290 336 0 0
218 336 0 1
217 336 0 1
216 336 0 1
215 336 0 1
293 335 0 0
292 335 0 0
291 335 0 0
290 335 0 0
218 335 0 1
217 335 0 1
216 335 0 1
215 335 0 1
293 334 0 0
292 334 0 0
291 334 0 0
290 334 0 0
218 334 0 1
217 334 0 1
216 334 0 1
215 334 0 1
293 333 0 0
292 333 0 0
291 333 0 0
290 333 0 0
218 333 0 1
217 333 0 1
216 333 0 1
215 333 0 1
293 332 0 0
292 332 0 0
291 332 0 0
290 332 0 0
218 332 0 1
217 332 0 1
216 332 0 1
215 332 0 1
293 331 0 0
292 331 0 0
291 331 0 0
290 331 0 0
219 331 0 1
218 331 0 1
217 331 0 1
216 331 0 1
215 331 0 1
293 330 0 0
292 330 0 0
291 330 0 0
290 330 0 0
219 330 0 1
218 330 0 1
217 330 0 1
216 330 0 1
215 330 0 1
293 329 0 0
292 329 0 0
291 329 0 0
290 329 0 0
219 329 0 1
218 329 0 1
217 329 0 1
216 329 0 1
215 329 0 1
293 328 0 0
292 328 0 0
291 328 0 0
290 328 0 0
219 328 0 1
218 328 0 1
217 328 0 1
216 328 0 1
215 328 0 1
293 327 0 0
292 327 0 0
291 327 0 0
290 327 0 0
219 327 0 1
218 327 0 1
217 327 0 1
216 327 0 1
215 327 0 1
293 326 0 0
292 326 0 0
291 326 0 0
290 326 0 0
219 326 0 1
218 326 0 1
217 326 0 1
216 326 0 1
215 326 0 1
293 325 0 0
292 325 0 0
291 325 0 0
290 325 0 0
219 325 0 1
218 325 0 1
217 325 0 1
216 325 0 1
293 324 0 0
292 324 0 0
291 324 0 0
290 324 0 0
219 324 0 1
218 324 0 1
217 324 0 1
216 324 0 1
293 323 0 0
292 323 0 0
291 323 0 0
290 323 0 0
219 323 0 1
218 323 0 1
217 323 0 1
216 323 0 1
293 322 0 0
292 322 0 0
291 322 0 0
290 322 0 0
219 322 0 1
218 322 0 1
217 322 0 1
216 322 0 1
293 321 0 0
292 321 0 0
291 321 0 0
290 321 0 0
219 321 0 1
218 321 0 1
217 321 0 1
216 321 0 1
293 320 0 0
292 320 0 0
291 320 0 0
290 320 0 0
219 320 0 1
218 320 0 1
217 320 0 1
216 320 0 1
293 319 0 0
292 319 0 0
291 319 0 0
290 319 0 0
220 319 0 1
219 319 0 1
218 319 0 1
217 319 0 1
216 319 0 1
293 318 0 0
292 318 0 0
291 318 0 0
290 318 0 0
220 318 0 1
219 318 0 1
218 318 0 1
217 318 0 1
216 318 0 1
293 317 0 0
292 317 0 0
291 317 0 0
290 317 0 0
220 317 0 1
219 317 0 1
218 317 0 1
217 317 0 1
216 317 0 1
293 316 0 0
292 316 0 0
291 316 0 0
290 316 0 0
220 316 0 1
219 316 0 1
218 316 0 1
217 316 0 1
216 316 0 1
293 315 0 0
292 315 0 0
291 315 0 0
290 315 0 0
221 315 0 1
220 315 0 1
219 315 0 1
218 315 0 1
217 315 0 1
293 314 0 0
292 314 0 0
291 314 0 0
290 314 0 0
221 314 0 1
220 314 0 1
219 314 0 1
218 314 0 1
217 314 0 1
293 313 0 0
292 313 0 0
291 313 0 0
290 313 0 0
222 313 0 1
221 313 0 1
220 313 0 1
219 313 0 1
218 313 0 1
217 313 0 1
293 312 0 0
292 312 0 0
291 312 0 0
290 312 0 0
222 312 0 1
221 312 0 1
220 312 0 1
219 312 0 1
218 312 0 1
217 312 0 1
293 311 0 0
292 311 0 0
291 311 0 0
290 311 0 0
223 311 0 1
222 311 0 1
221 311 0 1
220 311 0 1
219 311 0 1
218 311 0 1
293 310 0 0
292 310 0 0
291 310 0 0
290 310 0 0
224 310 0 1
223 310 0 1
222 310 0 1
221 310 0 1
220 310 0 1
219 310 0 1
293 309 0 0
292 309 0 0
291 309 0 0
290 309 0 0
224 309 0 1
223 309 0 1
222 309 0 1
221 309 0 1
220 309 0 1
219 309 0 1
293 308 0 0
292 308 0 0
291 308 0 0
290 308 0 0
224 308 0 1
223 308 0 1
222 308 0 1
221 308 0 1
220 308 0 1
293 307 0 0
292 307 0 0
291 307 0 0
290 307 0 0
225 307 0 1
224 307 0 1
223 307 0 1
222 307 0 1
221 307 0 1
220 307 0 1
293 306 0 0
292 306 0 0
291 306 0 0
290 306 0 0
225 306 0 1
224 306 0 1
223 306 0 1
222 306 0 1
221 306 0 1
293 305 0 0
292 305 0 0
291 305 0 0
290 305 0 0
225 305 0 1
224 305 0 1
223 305 0 1
222 305 0 1
221 305 0 1
294 304 0 0
293 304 0 0
292 304 0 0
291 304 0 0
290 304 0 0
226 304 0 1
225 304 0 1
224 304 0 1
223 304 0 1
222 304 0 1
221 304 0 1
294 303 0 0
293 303 0 0
292 303 0 0
291 303 0 0
290 303 0 0
226 303 0 1
225 303 0 1
224 303 0 1
223 303 0 1
222 303 0 1
221 303 0 1
294 302 0 0
293 302 0 0
292 302 0 0
291 302 0 0
290 302 0 0
226 302 0 1
225 302 0 1
224 302 0 1
223 302 0 1
222 302 0 1
294 301 0 0
293 301 0 0
292 301 0 0
291 301 0 0
290 301 0 0
226 301 0 1
225 301 0 1
224 301 0 1
223 301 0 1
222 301 0 1
295 300 0 0
294 300 0 0
293 300 0 0
292 300 0 0
291 300 0 0
290 300 0 0
227 300 0 1
226 300 0 1
225 300 0 1
224 300 0 1
223 300 0 1
295 299 0 0
294 299 0 0
293 299 0 0
292 299 0 0
291 299 0 0
290 299 0 0
227 299 0 1
226 299 0 1
225 299 0 1
224 299 0 1
223 299 0 1
295 298 0 0
294 298 0 0
293 298 0 0
292 298 0 0
291 298 0 0
228 298 0 1
227 298 0 1
226 298 0 1
225 298 0 1
224 298 0 1
223 298 0 1
295 297 0 0
294 297 0 0
293 297 0 0
292 297 0 0
291 297 0 0
228 297 0 1
227 297 0 1
226 297 0 1
225 297 0 1
224 297 0 1
223 297 0 1
295 296 0 0
294 296 0 0
293 296 0 0
292 296 0 0
291 296 0 0
228 296 0 1
227 296 0 1
226 296 0 1
225 296 0 1
224 296 0 1
295 295 0 0
294 295 0 0
293 295 0 0
292 295 0 0
291 295 0 0
229 295 0 1
228 295 0 1
227 295 0 1
226 295 0 1
225 295 0 1
224 295 0 1
295 294 0 0
294 294 0 0
293 294 0 0
292 294 0 0
229 294 0 1
228 294 0 1
227 294 0 1
226 294 0 1
225 294 0 1
224 294 0 1
296 293 0 0
295 293 0 0
294 293 0 0
293 293 0 0
292 293 0 0
230 293 0 1
229 293 0 1
228 293 0 1
227 293 0 1
226 293 0 1
225 293 0 1
296 292 0 0
295 292 0 0
294 292 0 0
293 292 0 0
292 292 0 0
230 292 0 1
229 292 0 1
228 292 0 1
227 292 0 1
226 292 0 1
225 292 0 1
296 291 0 0
295 291 0 0
294 291 0 0
293 291 0 0
292 291 0 0
231 291 0 1
230 291 0 1
229 291 0 1
228 291 0 1
227 291 0 1
226 291 0 1
296 290 0 0
295 290 0 0
294 290 0 0
293 290 0 0
292 290 0 0
231 290 0 1
230 290 0 1
229 290 0 1
228 290 0 1
227 290 0 1
226 290 0 1
296 289 0 0
295 289 0 0
294 289 0 0
293 289 0 0
292 289 0 0
232 289 0 1
231 289 0 1
230 289 0 1
229 289 0 1
228 289 0 1
227 289 0 1
296 288 0 0
295 288 0 0
294 288 0 0
293 288 0 0
232 288 0 1
231 288 0 1
230 288 0 1
229 288 0 1
228 288 0 1
227 288 0 1
296 287 0 0
295 287 0 0
294 287 0 0
293 287 0 0
232 287 0 1
231 287 0 1
230 287 0 1
229 287 0 1
228 287 0 1
296 286 0 0
295 286 0 0
294 286 0 0
293 286 0 0
232 286 0 1
231 286 0 1
230 286 0 1
229 286 0 1
228 286 0 1
296 285 0 0
295 285 0 0
294 285 0 0
293 285 0 0
232 285 0 1
231 285 0 1
230 285 0 1
229 285 0 1
228 285 0 1
296 284 0 0
295 284 0 0
294 284 0 0
293 284 0 0
233 284 0 1
232 284 0 1
231 284 0 1
230 284 0 1
229 284 0 1
228 284 0 1
296 283 0 0
295 283 0 0
294 283 0 0
293 283 0 0
233 283 0 1
232 283 0 1
231 283 0 1
230 283 0 1
229 283 0 1
228 283 0 1
296 282 0 0
295 282 0 0
294 282 0 0
293 282 0 0
234 282 0 1
233 282 0 1
232 282 0 1
231 282 0 1
230 282 0 1
229 282 0 1
296 281 0 0
295 281 0 0
294 281 0 0
293 281 0 0
234 281 0 1
233 281 0 1
232 281 0 1
231 281 0 1
230 281 0 1
229 281 0 1
296 280 0 0
295 280 0 0
294 280 0 0
293 280 0 0
235 280 0 1
234 280 0 1
233 280 0 1
232 280 0 1
231 280 0 1
230 280 0 1
296 279 0 0
295 279 0 0
294 279 0 0
293 279 0 0
235 279 0 1
234 279 0 1
233 279 0 1
232 279 0 1
231 279 0 1
230 279 0 1
296 278 0 0
295 278 0 0
294 278 0 0
293 278 0 0
235 278 0 1
234 278 0 1
233 278 0 1
232 278 0 1
231 278 0 1
296 277 0 0
295 277 0 0
294 277 0 0
293 277 0 0
236 277 0 1
235 277 0 1
234 277 0 1
233 277 0 1
232 277 0 1
231 277 0 1
296 276 0 0
295 276 0 0
294 276 0 0
293 276 0 0
236 276 0 1
235 276 0 1
234 276 0 1
233 276 0 1
232 276 0 1
296 275 0 0
295 275 0 0
294 275 0 0
293 275 0 0
237 275 0 1
236 275 0 1
235 275 0 1
234 275 0 1
233 275 0 1
232 275 0 1
296 274 0 0
295 274 0 0
294 274 0 0
293 274 0 0
237 274 0 1
236 274 0 1
235 274 0 1
234 274 0 1
233 274 0 1
232 274 0 1
296 273 0 0
295 273 0 0
294 273 0 0
293 273 0 0
238 273 0 1
237 273 0 1
236 273 0 1
235 273 0 1
234 273 0 1
233 273 0 1
296 272 0 0
295 272 0 0
294 272 0 0
293 272 0 0
238 272 0 1
237 272 0 1
236 272 0 1
235 272 0 1
234 272 0 1
233 272 0 1
296 271 0 0
295 271 0 0
294 271 0 0
293 271 0 0
238 271 0 1
237 271 0 1
236 271 0 1
235 271 0 1
234 271 0 1
296 270 0 0
295 270 0 0
294 270 0 0
293 270 0 0
238 270 0 1
237 270 0 1
236 270 0 1
235 270 0 1
234 270 0 1
296 269 0 0
295 269 0 0
294 269 0 0
293 269 0 0
238 269 0 1
237 269 0 1
236 269 0 1
235 269 0 1
296 268 0 0
295 268 0 0
294 268 0 0
293 268 0 0
239 268 0 1
238 268 0 1
237 268 0 1
236 268 0 1
235 268 0 1
296 267 0 0
295 267 0 0
294 267 0 0
293 267 0 0
239 267 0 1
238 267 0 1
237 267 0 1
236 267 0 1
235 267 0 1
296 266 0 0
295 266 0 0
294 266 0 0
293 266 0 0
239 266 0 1
238 266 0 1
237 266 0 1
236 266 0 1
235 266 0 1
296 265 0 0
295 265 0 0
294 265 0 0
293 265 0 0
239 265 0 1
238 265 0 1
237 265 0 1
236 265 0 1
296 264 0 0
295 264 0 0
294 264 0 0
293 264 0 0
240 264 0 1
239 264 0 1
238 264 0 1
237 264 0 1
236 264 0 1
296 263 0 0
295 263 0 0
294 263 0 0
293 263 0 0
240 263 0 1
239 263 0 1
238 263 0 1
237 263 0 1
236 263 0 1
296 262 0 0
295 262 0 0
294 262 0 0
293 262 0 0
240 262 0 1
239 262 0 1
238 262 0 1
237 262 0 1
236 262 0 1
296 261 0 0
295 261 0 0
294 261 0 0
293 261 0 0
241 261 0 1
240 261 0 1
239 261 0 1
238 261 0 1
237 261 0 1
236 261 0 1
296 260 0 0
295 260 0 0
294 260 0 0
293 260 0 0
241 260 0 1
240 260 0 1
239 260 0 1
238 260 0 1
237 260 0 1
236 260 0 1
296 259 0 0
295 259 0 0
294 259 0 0
293 259 0 0
241 259 0 1
240 259 0 1
239 259 0 1
238 259 0 1
237 259 0 1
296 258 0 0
295 258 0 0
294 258 0 0
293 258 0 0
242 258 0 1
241 258 0 1
240 258 0 1
239 258 0 1
238 258 0 1
237 258 0 1
296 257 0 0
295 257 0 0
294 257 0 0
293 257 0 0
242 257 0 1
241 257 0 1
240 257 0 1
239 257 0 1
238 257 0 1
237 257 0 1
296 256 0 0
295 256 0 0
294 256 0 0
293 256 0 0
242 256 0 1
241 256 0 1
240 256 0 1
239 256 0 1
238 256 0 1
296 255 0 0
295 255 0 0
294 255 0 0
293 255 0 0
243 255 0 1
242 255 0 1
241 255 0 1
240 255 0 1
239 255 0 1
238 255 0 1
296 254 0 0
295 254 0 0
294 254 0 0
293 254 0 0
243 254 0 1
242 254 0 1
241 254 0 1
240 254 0 1
239 254 0 1
296 253 0 0
295 253 0 0
294 253 0 0
293 253 0 0
244 253 0 1
243 253 0 1
242 253 0 1
241 253 0 1
240 253 0 1
239 253 0 1
297 252 0 0
296 252 0 0
295 252 0 0
294 252 0 0
293 252 0 0
244 252 0 1
243 252 0 1
242 252 0 1
241 252 0 1
240 252 0 1
239 252 0 1
297 251 0 0
296 251 0 0
295 251 0 0
294 251 0 0
293 251 0 0
244 251 0 1
243 251 0 1
242 251 0 1
241 251 0 1
240 251 0 1
297 250 0 0
296 250 0 0
295 250 0 0
294 250 0 0
293 250 0 0
245 250 0 1
244 250 0 1
243 250 0 1
242 250 0 1
241 250 0 1
240 250 0 1
297 249 0 0
296 249 0 0
295 249 0 0
294 249 0 0
293 249 0 0
245 249 0 1
244 249 0 1
243 249 0 1
242 249 0 1
241 249 0 1
297 248 0 0
296 248 0 0
295 248 0 0
294 248 0 0
293 248 0 0
246 248 0 1
245 248 0 1
244 248 0 1
243 248 0 1
242 248 0 1
241 248 0 1
297 247 0 0
296 247 0 0
295 247 0 0
294 247 0 0
246 247 0 1
245 247 0 1
244 247 0 1
243 247 0 1
242 247 0 1
241 247 0 1
298 246 0 0
297 246 0 0
296 246 0 0
295 246 0 0
294 246 0 0
246 246 0 1
245 246 0 1
244 246 0 1
243 246 0 1
242 246 0 1
298 245 0 0
297 245 0 0
296 245 0 0
295 245 0 0
294 245 0 0
247 245 0 1
246 245 0 1
245 245 0 1
244 245 0 1
243 245 0 1
242 245 0 1
298 244 0 0
297 244 0 0
296 244 0 0
295 244 0 0
294 244 0 0
247 244 0 1
246 244 0 1
245 244 0 1
244 244 0 1
243 244 0 1
298 243 0 0
297 243 0 0
296 243 0 0
295 243 0 0
294 243 0 0
248 243 0 1
247 243 0 1
246 243 0 1
245 243 0 1
244 243 0 1
243 243 0 1
298 242 0 0
297 242 0 0
296 242 0 0
295 242 0 0
294 242 0 0
248 242 0 1
247 242 0 1
246 242 0 1
245 242 0 1
244 242 0 1
243 242 0 1
298 241 0 0
297 241 0 0
296 241 0 0
295 241 0 0
249 241 0 1
248 241 0 1
247 241 0 1
246 241 0 1
245 241 0 1
244 241 0 1
298 240 0 0
297 240 0 0
296 240 0 0
295 240 0 0
250 240 0 1
249 240 0 1
248 240 0 1
247 240 0 1
246 240 0 1
245 240 0 1
299 239 0 0
298 239 0 0
297 239 0 0
296 239 0 0
295 239 0 0
250 239 0 1
249 239 0 1
248 239 0 1
247 239 0 1
246 239 0 1
245 239 0 1
299 238 0 0
298 238 0 0
297 238 0 0
296 238 0 0
295 238 0 0
251 238 0 1
250 238 0 1
249 238 0 1
248 238 0 1
247 238 0 1
246 238 0 1
299 237 0 0
298 237 0 0
297 237 0 0
296 237 0 0
295 237 0 0
252 237 0 1
251 237 0 1
250 237 0 1
249 237 0 1
248 237 0 1
247 237 0 1
299 236 0 0
298 236 0 0
297 236 0 0
296 236 0 0
295 236 0 0
252 236 0 1
251 236 0 1
250 236 0 1
249 236 0 1
248 236 0 1
247 236 0 1
300 235 0 0
299 235 0 0
298 235 0 0
297 235 0 0
296 235 0 0
295 235 0 0
253 235 0 1
252 235 0 1
251 235 0 1
250 235 0 1
249 235 0 1
248 235 0 1
300 234 0 0
299 234 0 0
298 234 0 0
297 234 0 0
296 234 0 0
295 234 0 0
253 234 0 1
252 234 0 1
251 234 0 1
250 234 0 1
249 234 0 1
248 234 0 1
300 233 0 0
299 233 0 0
298 233 0 0
297 233 0 0
296 233 0 0
254 233 0 1
253 233 0 1
252 233 0 1
251 233 0 1
250 233 0 1
249 233 0 1
301 232 0 0
300 232 0 0
299 232 0 0
298 232 0 0
297 232 0 0
296 232 0 0
255 232 0 1
254 232 0 1
253 232 0 1
252 232 0 1
251 232 0 1
250 232 0 1
302 231 0 0
301 231 0 0
300 231 0 0
299 231 0 0
298 231 0 0
297 231 0 0
296 231 0 0
255 231 0 1
254 231 0 1
253 231 0 1
252 231 0 1
251 231 0 1
250 231 0 1
302 230 0 0
301 230 0 0
300 230 0 0
299 230 0 0
298 230 0 0
297 230 0 0
256 230 0 1
255 230 0 1
254 230 0 1
253 230 0 1
252 230 0 1
251 230 0 1
302 229 0 0
301 229 0 0
300 229 0 0
299 229 0 0
298 229 0 0
256 229 0 1
255 229 0 1
254 229 0 1
253 229 0 1
252 229 0 1
251 229 0 1
302 228 0 0
301 228 0 0
300 228 0 0
299 228 0 0
257 228 0 1
256 228 0 1
255 228 0 1
254 228 0 1
253 228 0 1
252 228 0 1
257 227 0 1
256 227 0 1
255 227 0 1
254 227 0 1
253 227 0 1
252 227 0 1
257 226 0 1
256 226 0 1
255 226 0 1
254 226 0 1
253 226 0 1
257 225 0 1
256 225 0 1
255 225 0 1
254 225 0 1
253 225 0 1
257 224 0 1
256 224 0 1
255 224 0 1
254 224 0 1
257 223 0 1
256 223 0 1
255 223 0 1
254 223 0 1
258 222 0 1
257 222 0 1
256 222 0 1
255 222 0 1
254 222 0 1
258 221 0 1
257 221 0 1
256 221 0 1
255 221 0 1
254 221 0 1
237 221 0 1
236 221 0 1
235 221 0 1
234 221 0 1
258 220 0 1
257 220 0 1
256 220 0 1
255 220 0 1
254 220 0 1
237 220 0 1
236 220 0 1
235 220 0 1
234 220 0 1
259 219 0 1
258 219 0 1
257 219 0 1
256 219 0 1
255 219 0 1
254 219 0 1
238 219 0 1
237 219 0 1
236 219 0 1
235 219 0 1
234 219 0 1
260 218 0 1
259 218 0 1
258 218 0 1
257 218 0 1
256 218 0 1
255 218 0 1
254 218 0 1
238 218 0 1
237 218 0 1
236 218 0 1
235 218 0 1
234 218 0 1
261 217 0 1
260 217 0 1
259 217 0 1
258 217 0 1
257 217 0 1
256 217 0 1
255 217 0 1
238 217 0 1
237 217 0 1
236 217 0 1
235 217 0 1
234 217 0 1
263 216 0 1
262 216 0 1
261 216 0 1
260 216 0 1
259 216 0 1
258 216 0 1
257 216 0 1
256 216 0 1
255 216 0 1
238 216 0 1
237 216 0 1
236 216 0 1
235 216 0 1
234 216 0 1
265 215 0 1
264 215 0 1
263 215 0 1
262 215 0 1
261 215 0 1
260 215 0 1
259 215 0 1
258 215 0 1
257 215 0 1
256 215 0 1
238 215 0 1
237 215 0 1
236 215 0 1
235 215 0 1
266 214 0 1
265 214 0 1
264 214 0 1
263 214 0 1
262 214 0 1
261 214 0 1
260 214 0 1
259 214 0 1
258 214 0 1
239 214 0 1
238 214 0 1
237 214 0 1
236 214 0 1
235 214 0 1
268 213 0 1
267 213 0 1
266 213 0 1
265 213 0 1
264 213 0 1
263 213 0 1
262 213 0 1
261 213 0 1
260 213 0 1
259 213 0 1
239 213 0 1
238 213 0 1
237 213 0 1
236 213 0 1
235 213 0 1
269 212 0 1
268 212 0 1
267 212 0 1
266 212 0 1
265 212 0 1
264 212 0 1
263 212 0 1
262 212 0 1
261 212 0 1
260 212 0 1
240 212 0 1
239 212 0 1
238 212 0 1
237 212 0 1
236 212 0 1
235 212 0 1
270 211 0 1
269 211 0 1
268 211 0 1
267 211 0 1
266 211 0 1
265 211 0 1
264 211 0 1
263 211 0 1
262 211 0 1
241 211 0 1
240 211 0 1
239 211 0 1
238 211 0 1
237 211 0 1
236 211 0 1
235 211 0 1
271 210 0 1
270 210 0 1
269 210 0 1
268 210 0 1
267 210 0 1
266 210 0 1
265 210 0 1
264 210 0 1
241 210 0 1
240 210 0 1
239 210 0 1
238 210 0 1
237 210 0 1
236 210 0 1
272 209 0 1
271 209 0 1
270 209 0 1
269 209 0 1
268 209 0 1
267 209 0 1
266 209 0 1
265 209 0 1
241 209 0 1
240 209 0 1
239 209 0 1
238 209 0 1
237 209 0 1
273 208 0 1
272 208 0 1
271 208 0 1
270 208 0 1
269 208 0 1
268 208 0 1
267 208 0 1
241 208 0 1
240 208 0 1
239 208 0 1
238 208 0 1
237 208 0 1
274 207 0 1
273 207 0 1
272 207 0 1
271 207 0 1
270 207 0 1
269 207 0 1
268 207 0 1
241 207 0 1
240 207 0 1
239 207 0 1
238 207 0 1
275 206 0 1
274 206 0 1
273 206 0 1
272 206 0 1
271 206 0 1
270 206 0 1
269 206 0 1
242 206 0 1
241 206 0 1
240 206 0 1
239 206 0 1
238 206 0 1
276 205 0 1
275 205 0 1
274 205 0 1
273 205 0 1
272 205 0 1
271 205 0 1
270 205 0 1
242 205 0 1
241 205 0 1
240 205 0 1
239 205 0 1
238 205 0 1
277 204 0 1
276 204 0 1
275 204 0 1
274 204 0 1
273 204 0 1
272 204 0 1
271 204 0 1
243 204 0 1
242 204 0 1
241 204 0 1
240 204 0 1
239 204 0 1
238 204 0 1
278 203 0 1
277 203 0 1
276 203 0 1
275 203 0 1
274 203 0 1
273 203 0 1
272 203 0 1
243 203 0 1
242 203 0 1
241 203 0 1
240 203 0 1
239 203 0 1
279 202 0 1
278 202 0 1
277 202 0 1
276 202 0 1
275 202 0 1
274 202 0 1
273 202 0 1
243 202 0 1
242 202 0 1
241 202 0 1
240 202 0 1
239 202 0 1
280 201 0 1
279 201 0 1
278 201 0 1
277 201 0 1
276 201 0 1
275 201 0 1
274 201 0 1
243 201 0 1
242 201 0 1
241 201 0 1
240 201 0 1
239 201 0 1
280 200 0 1
279 200 0 1
278 200 0 1
277 200 0 1
276 200 0 1
275 200 0 1
243 200 0 1
242 200 0 1
241 200 0 1
240 200 0 1
239 200 0 1
281 199 0 1
280 199 0 1
279 199 0 1
278 199 0 1
277 199 0 1
276 199 0 1
243 199 0 1
242 199 0 1
241 199 0 1
240 199 0 1
239 199 0 1
282 198 0 1
281 198 0 1
280 198 0 1
279 198 0 1
278 198 0 1
277 198 0 1
276 198 0 1
244 198 0 1
243 198 0 1
242 198 0 1
241 198 0 1
240 198 0 1
239 198 0 1
283 197 0 1
282 197 0 1
281 197 0 1
280 197 0 1
279 197 0 1
278 197 0 1
277 197 0 1
244 197 0 1
243 197 0 1
242 197 0 1
241 197 0 1
240 197 0 1
284 196 0 1
283 196 0 1
282 196 0 1
281 196 0 1
280 196 0 1
279 196 0 1
278 196 0 1
244 196 0 1
243 196 0 1
242 196 0 1
241 196 0 1
240 196 0 1
285 195 0 1
284 195 0 1
283 195 0 1
282 195 0 1
281 195 0 1
280 195 0 1
279 195 0 1
244 195 0 1
243 195 0 1
242 195 0 1
241 195 0 1
240 195 0 1
286 194 0 1
285 194 0 1
284 194 0 1
283 194 0 1
282 194 0 1
281 194 0 1
280 194 0 1
244 194 0 1
243 194 0 1
242 194 0 1
241 194 0 1
240 194 0 1
288 193 0 1
287 193 0 1
286 193 0 1
285 193 0 1
284 193 0 1
283 193 0 1
282 193 0 1
281 193 0 1
244 193 0 1
243 193 0 1
242 193 0 1
241 193 0 1
240 193 0 1
289 192 0 1
288 192 0 1
287 192 0 1
286 192 0 1
285 192 0 1
284 192 0 1
283 192 0 1
282 192 0 1
244 192 0 1
243 192 0 1
242 192 0 1
241 192 0 1
290 191 0 1
289 191 0 1
288 191 0 1
287 191 0 1
286 191 0 1
285 191 0 1
284 191 0 1
283 191 0 1
244 191 0 1
243 191 0 1
242 191 0 1
241 191 0 1
290 190 0 1
289 190 0 1
288 190 0 1
287 190 0 1
286 190 0 1
285 190 0 1
284 190 0 1
244 190 0 1
243 190 0 1
242 190 0 1
241 190 0 1
292 189 0 1
291 189 0 1
290 189 0 1
289 189 0 1
288 189 0 1
287 189 0 1
286 189 0 1
244 189 0 1
243 189 0 1
242 189 0 1
241 189 0 1
294 188 0 1
293 188 0 1
292 188 0 1
291 188 0 1
290 188 0 1
289 188 0 1
288 188 0 1
287 188 0 1
286 188 0 1
244 188 0 1
243 188 0 1
242 188 0 1
241 188 0 1
296 187 0 1
295 187 0 1
294 187 0 1
293 187 0 1
292 187 0 1
291 187 0 1
290 187 0 1
289 187 0 1
288 187 0 1
287 187 0 1
286 187 0 1
244 187 0 1
243 187 0 1
242 187 0 1
241 187 0 1
297 186 0 1
296 186 0 1
295 186 0 1
294 186 0 1
293 186 0 1
292 186 0 1
291 186 0 1
290 186 0 1
289 186 0 1
288 186 0 1
287 186 0 1
244 186 0 1
243 186 0 1
242 186 0 1
241 186 0 1
298 185 0 1
297 185 0 1
296 185 0 1
295 185 0 1
294 185 0 1
293 185 0 1
292 185 0 1
291 185 0 1
290 185 0 1
289 185 0 1
244 185 0 1
243 185 0 1
242 185 0 1
241 185 0 1
163 185 0 0
162 185 0 0
161 185 0 0
160 185 0 0
298 184 0 1
297 184 0 1
296 184 0 1
295 184 0 1
294 184 0 1
293 184 0 1
292 184 0 1
291 184 0 1
244 184 0 1
243 184 0 1
242 184 0 1
241 184 0 1
163 184 0 0
162 184 0 0
161 184 0 0
160 184 0 0
299 183 0 1
298 183 0 1
297 183 0 1
296 183 0 1
295 183 0 1
294 183 0 1
293 183 0 1
244 183 0 1
243 183 0 1
242 183 0 1
241 183 0 1
163 183 0 0
162 183 0 0
161 183 0 0
160 183 0 0
159 183 0 0
300 182 0 1
299 182 0 1
298 182 0 1
297 182 0 1
296 182 0 1
295 182 0 1
244 182 0 1
243 182 0 1
242 182 0 1
241 182 0 1
163 182 0 0
162 182 0 0
161 182 0 0
160 182 0 0
159 182 0 0
301 181 0 1
300 181 0 1
299 181 0 1
298 181 0 1
297 181 0 1
296 181 0 1
295 181 0 1
244 181 0 1
243 181 0 1
242 181 0 1
241 181 0 1
227 181 0 0
226 181 0 0
225 181 0 0
224 181 0 0
163 181 0 0
162 181 0 0
161 181 0 0
160 181 0 0
159 181 0 0
302 180 0 1
301 180 0 1
300 180 0 1
299 180 0 1
298 180 0 1
297 180 0 1
296 180 0 1
295 180 0 1
244 180 0 1
243 180 0 1
242 180 0 1
241 180 0 1
227 180 0 0
226 180 0 0
225 180 0 0
224 180 0 0
163 180 0 0
162 180 0 0
161 180 0 0
160 180 0 0
159 180 0 0
158 180 0 0
303 179 0 1
302 179 0 1
301 179 0 1
300 179 0 1
299 179 0 1
298 179 0 1
297 179 0 1
296 179 0 1
244 179 0 1
243 179 0 1
242 179 0 1
241 179 0 1
227 179 0 0
226 179 0 0
225 179 0 0
224 179 0 0
223 179 0 0
222 179 0 0
163 179 0 0
162 179 0 0
161 179 0 0
160 179 0 0
159 179 0 0
158 179 0 0
303 178 0 1
302 178 0 1
301 178 0 1
300 178 0 1
299 178 0 1
298 178 0 1
271 178 0 0
270 178 0 0
269 178 0 0
268 178 0 0
246 178 0 1
245 178 0 1
244 178 0 1
243 178 0 1
242 178 0 1
241 178 0 1
227 178 0 0
226 178 0 0
225 178 0 0
224 178 0 0
223 178 0 0
222 178 0 0
162 178 0 0
161 178 0 0
160 178 0 0
159 178 0 0
158 178 0 0
303 177 0 1
302 177 0 1
301 177 0 1
300 177 0 1
299 177 0 1
271 177 0 0
270 177 0 0
269 177 0 0
268 177 0 0
246 177 0 1
245 177 0 1
244 177 0 1
243 177 0 1
242 177 0 1
241 177 0 1
227 177 0 0
226 177 0 0
225 177 0 0
224 177 0 0
223 177 0 0
222 177 0 0
221 177 0 0
162 177 0 0
161 177 0 0
160 177 0 0
159 177 0 0
158 177 0 0
304 176 0 1
303 176 0 1
302 176 0 1
301 176 0 1
300 176 0 1
299 176 0 1
271 176 0 0
270 176 0 0
269 176 0 0
268 176 0 0
247 176 0 1
246 176 0 1
245 176 0 1
244 176 0 1
243 176 0 1
226 176 0 0
225 176 0 0
224 176 0 0
223 176 0 0
222 176 0 0
221 176 0 0
220 176 0 0
162 176 0 0
161 176 0 0
160 176 0 0
159 176 0 0
158 176 0 0
304 175 0 1
303 175 0 1
302 175 0 1
301 175 0 1
300 175 0 1
299 175 0 1
271 175 0 0
270 175 0 0
269 175 0 0
268 175 0 0
247 175 0 1
246 175 0 1
245 175 0 1
244 175 0 1
243 175 0 1
225 175 0 0
224 175 0 0
223 175 0 0
222 175 0 0
221 175 0 0
220 175 0 0
219 175 0 0
162 175 0 0
161 175 0 0
160 175 0 0
159 175 0 0
158 175 0 0
305 174 0 1
304 174 0 1
303 174 0 1
302 174 0 1
301 174 0 1
300 174 0 1
272 174 0 0
271 174 0 0
270 174 0 0
269 174 0 0
268 174 0 0
248 174 0 1
247 174 0 1
246 174 0 1
245 174 0 1
244 174 0 1
243 174 0 1
225 174 0 0
224 174 0 0
223 174 0 0
222 174 0 0
221 174 0 0
220 174 0 0
219 174 0 0
218 174 0 0
161 174 0 0
160 174 0 0
159 174 0 0
158 174 0 0
305 173 0 1
304 173 0 1
303 173 0 1
302 173 0 1
301 173 0 1
300 173 0 1
272 173 0 0
271 173 0 0
270 173 0 0
269 173 0 0
268 173 0 0
249 173 0 1
248 173 0 1
247 173 0 1
246 173 0 1
245 173 0 1
244 173 0 1
243 173 0 1
224 173 0 0
223 173 0 0
222 173 0 0
221 173 0 0
220 173 0 0
219 173 0 0
218 173 0 0
217 173 0 0
161 173 0 0
160 173 0 0
159 173 0 0
158 173 0 0
157 173 0 0
306 172 0 1
305 172 0 1
304 172 0 1
303 172 0 1
302 172 0 1
301 172 0 1
272 172 0 0
271 172 0 0
270 172 0 0
269 172 0 0
268 172 0 0
249 172 0 1
248 172 0 1
247 172 0 1
246 172 0 1
245 172 0 1
244 172 0 1
222 172 0 0
221 172 0 0
220 172 0 0
219 172 0 0
218 172 0 0
217 172 0 0
161 172 0 0
160 172 0 0
159 172 0 0
158 172 0 0
157 172 0 0
306 171 0 1
305 171 0 1
304 171 0 1
303 171 0 1
302 171 0 1
301 171 0 1
273 171 0 0
272 171 0 0
271 171 0 0
270 171 0 0
269 171 0 0
268 171 0 0
249 171 0 1
248 171 0 1
247 171 0 1
246 171 0 1
245 171 0 1
222 171 0 0
221 171 0 0
220 171 0 0
219 171 0 0
218 171 0 0
217 171 0 0
216 171 0 0
161 171 0 0
160 171 0 0
159 171 0 0
158 171 0 0
157 171 0 0
306 170 0 1
305 170 0 1
304 170 0 1
303 170 0 1
302 170 0 1
274 170 0 0
273 170 0 0
272 170 0 0
271 170 0 0
270 170 0 0
269 170 0 0
249 170 0 1
248 170 0 1
247 170 0 1
246 170 0 1
245 170 0 1
220 170 0 0
219 170 0 0
218 170 0 0
217 170 0 0
216 170 0 0
161 170 0 0
160 170 0 0
159 170 0 0
158 170 0 0
157 170 0 0
156 170 0 0
307 169 0 1
306 169 0 1
305 169 0 1
304 169 0 1
303 169 0 1
302 169 0 1
274 169 0 0
273 169 0 0
272 169 0 0
271 169 0 0
270 169 0 0
269 169 0 0
250 169 0 1
249 169 0 1
248 169 0 1
247 169 0 1
246 169 0 1
245 169 0 1
220 169 0 0
219 169 0 0
218 169 0 0
217 169 0 0
216 169 0 0
160 169 0 0
159 169 0 0
158 169 0 0
157 169 0 0
156 169 0 0
307 168 0 1
306 168 0 1
305 168 0 1
304 168 0 1
303 168 0 1
302 168 0 1
275 168 0 0
274 168 0 0
273 168 0 0
272 168 0 0
271 168 0 0
270 168 0 0
250 168 0 1
249 168 0 1
248 168 0 1
247 168 0 1
246 168 0 1
245 168 0 1
219 168 0 0
218 168 0 0
217 168 0 0
216 168 0 0
160 168 0 0
159 168 0 0
158 168 0 0
157 168 0 0
156 168 0 0
307 167 0 1
306 167 0 1
305 167 0 1
304 167 0 1
303 167 0 1
275 167 0 0
274 167 0 0
273 167 0 0
272 167 0 0
271 167 0 0
270 167 0 0
250 167 0 1
249 167 0 1
248 167 0 1
247 167 0 1
246 167 0 1
219 167 0 0
218 167 0 0
217 167 0 0
216 167 0 0
160 167 0 0
159 167 0 0
158 167 0 0
157 167 0 0
156 167 0 0
307 166 0 1
306 166 0 1
305 166 0 1
304 166 0 1
303 166 0 1
275 166 0 0
274 166 0 0
273 166 0 0
272 166 0 0
271 166 0 0
251 166 0 1
250 166 0 1
249 166 0 1
248 166 0 1
247 166 0 1
246 166 0 1
219 166 0 0
218 166 0 0
217 166 0 0
216 166 0 0
160 166 0 0
159 166 0 0
158 166 0 0
157 166 0 0
156 166 0 0
307 165 0 1
306 165 0 1
305 165 0 1
304 165 0 1
275 165 0 0
274 165 0 0
273 165 0 0
272 165 0 0
271 165 0 0
251 165 0 1
250 165 0 1
249 165 0 1
248 165 0 1
247 165 0 1
246 165 0 1
219 165 0 0
218 165 0 0
217 165 0 0
216 165 0 0
159 165 0 0
158 165 0 0
157 165 0 0
156 165 0 0
307 164 0 1
306 164 0 1
305 164 0 1
304 164 0 1
276 164 0 0
275 164 0 0
274 164 0 0
273 164 0 0
272 164 0 0
271 164 0 0
251 164 0 1
250 164 0 1
249 164 0 1
248 164 0 1
247 164 0 1
219 164 0 0
218 164 0 0
217 164 0 0
216 164 0 0
159 164 0 0
158 164 0 0
157 164 0 0
156 164 0 0
155 164 0 0
307 163 0 1
306 163 0 1
305 163 0 1
304 163 0 1
276 163 0 0
275 163 0 0
274 163 0 0
273 163 0 0
272 163 0 0
271 163 0 0
252 163 0 1
251 163 0 1
250 163 0 1
249 163 0 1
248 163 0 1
247 163 0 1
219 163 0 0
218 163 0 0
217 163 0 0
216 163 0 0
159 163 0 0
158 163 0 0
157 163 0 0
156 163 0 0
155 163 0 0
307 162 0 1
306 162 0 1
305 162 0 1
304 162 0 1
276 162 0 0
275 162 0 0
274 162 0 0
273 162 0 0
272 162 0 0
252 162 0 1
251 162 0 1
250 162 0 1
249 162 0 1
248 162 0 1
247 162 0 1
219 162 0 0
218 162 0 0
217 162 0 0
216 162 0 0
159 162 0 0
158 162 0 0
157 162 0 0
156 162 0 0
155 162 0 0
307 161 0 1
306 161 0 1
305 161 0 1
304 161 0 1
276 161 0 0
275 161 0 0
274 161 0 0
273 161 0 0
272 161 0 0
252 161 0 1
251 161 0 1
250 161 0 1
249 161 0 1
248 161 0 1
219 161 0 0
218 161 0 0
217 161 0 0
216 161 0 0
159 161 0 0
158 161 0 0
157 161 0 0
156 161 0 0
155 161 0 0
307 160 0 1
306 160 0 1
305 160 0 1
304 160 0 1
276 160 0 0
275 160 0 0
274 160 0 0
273 160 0 0
252 160 0 1
251 160 0 1
250 160 0 1
249 160 0 1
248 160 0 1
219 160 0 0
218 160 0 0
217 160 0 0
216 160 0 0
159 160 0 0
158 160 0 0
157 160 0 0
156 160 0 0
155 160 0 0
307 159 0 1
306 159 0 1
305 159 0 1
304 159 0 1
276 159 0 0
275 159 0 0
274 159 0 0
273 159 0 0
252 159 0 1
251 159 0 1
250 159 0 1
249 159 0 1
248 159 0 1
219 159 0 0
218 159 0 0
217 159 0 0
216 159 0 0
159 159 0 0
158 159 0 0
157 159 0 0
156 159 0 0
155 159 0 0
307 158 0 1
306 158 0 1
305 158 0 1
304 158 0 1
276 158 0 0
275 158 0 0
274 158 0 0
273 158 0 0
253 158 0 1
252 158 0 1
251 158 0 1
250 158 0 1
249 158 0 1
248 158 0 1
219 158 0 0
218 158 0 0
217 158 0 0
216 158 0 0
159 158 0 0
158 158 0 0
157 158 0 0
156 158 0 0
155 158 0 0
307 157 0 1
306 157 0 1
305 157 0 1
304 157 0 1
276 157 0 0
275 157 0 0
274 157 0 0
273 157 0 0
253 157 0 1
252 157 0 1
251 157 0 1
250 157 0 1
249 157 0 1
219 157 0 0
218 157 0 0
217 157 0 0
216 157 0 0
158 157 0 0
157 157 0 0
156 157 0 0
155 157 0 0
307 156 0 1
306 156 0 1
305 156 0 1
304 156 0 1
276 156 0 0
275 156 0 0
274 156 0 0
273 156 0 0
253 156 0 1
252 156 0 1
251 156 0 1
250 156 0 1
249 156 0 1
219 156 0 0
218 156 0 0
217 156 0 0
216 156 0 0
158 156 0 0
157 156 0 0
156 156 0 0
155 156 0 0
307 155 0 1
306 155 0 1
305 155 0 1
304 155 0 1
276 155 0 0
275 155 0 0
274 155 0 0
273 155 0 0
253 155 0 1
252 155 0 1
251 155 0 1
250 155 0 1
249 155 0 1
219 155 0 0
218 155 0 0
217 155 0 0
216 155 0 0
158 155 0 0
157 155 0 0
156 155 0 0
155 155 0 0
307 154 0 1
306 154 0 1
305 154 0 1
304 154 0 1
276 154 0 0
275 154 0 0
274 154 0 0
273 154 0 0
254 154 0 1
253 154 0 1
252 154 0 1
251 154 0 1
250 154 0 1
249 154 0 1
219 154 0 0
218 154 0 0
217 154 0 0
216 154 0 0
158 154 0 0
157 154 0 0
156 154 0 0
155 154 0 0
307 153 0 1
306 153 0 1
305 153 0 1
304 153 0 1
276 153 0 0
275 153 0 0
274 153 0 0
273 153 0 0
254 153 0 1
253 153 0 1
252 153 0 1
251 153 0 1
250 153 0 1
249 153 0 1
219 153 0 0
218 153 0 0
217 153 0 0
216 153 0 0
158 153 0 0
157 153 0 0
156 153 0 0
155 153 0 0
307 152 0 1
306 152 0 1
305 152 0 1
304 152 0 1
276 152 0 0
275 152 0 0
274 152 0 0
273 152 0 0
254 152 0 1
253 152 0 1
252 152 0 1
251 152 0 1
250 152 0 1
219 152 0 0
218 152 0 0
217 152 0 0
216 152 0 0
158 152 0 0
157 152 0 0
156 152 0 0
155 152 0 0
307 151 0 1
306 151 0 1
305 151 0 1
304 151 0 1
276 151 0 0
275 151 0 0
274 151 0 0
273 151 0 0
254 151 0 1
253 151 0 1
252 151 0 1
251 151 0 1
250 151 0 1
220 151 0 0
219 151 0 0
218 151 0 0
217 151 0 0
216 151 0 0
158 151 0 0
157 151 0 0
156 151 0 0
155 151 0 0
154 151 0 0
307 150 0 1
306 150 0 1
305 150 0 1
304 150 0 1
276 150 0 0
275 150 0 0
274 150 0 0
273 150 0 0
254 150 0 1
253 150 0 1
252 150 0 1
251 150 0 1
250 150 0 1
220 150 0 0
219 150 0 0
218 150 0 0
217 150 0 0
216 150 0 0
158 150 0 0
157 150 0 0
156 150 0 0
155 150 0 0
154 150 0 0
307 149 0 1
306 149 0 1
305 149 0 1
304 149 0 1
276 149 0 0
275 149 0 0
274 149 0 0
273 149 0 0
254 149 0 1
253 149 0 1
252 149 0 1
251 149 0 1
250 149 0 1
220 149 0 0
219 149 0 0
218 149 0 0
217 149 0 0
216 149 0 0
158 149 0 0
157 149 0 0
156 149 0 0
155 149 0 0
154 149 0 0
307 148 0 1
306 148 0 1
305 148 0 1
304 148 0 1
276 148 0 0
275 148 0 0
274 148 0 0
273 148 0 0
254 148 0 1
253 148 0 1
252 148 0 1
251 148 0 1
221 148 0 0
220 148 0 0
219 148 0 0
218 148 0 0
217 148 0 0
157 148 0 0
156 148 0 0
155 148 0 0
154 148 0 0
307 147 0 1
306 147 0 1
305 147 0 1
304 147 0 1
276 147 0 0
275 147 0 0
274 147 0 0
273 147 0 0
254 147 0 1
253 147 0 1
252 147 0 1
251 147 0 1
221 147 0 0
220 147 0 0
219 147 0 0
218 147 0 0
217 147 0 0
157 147 0 0
156 147 0 0
155 147 0 0
154 147 0 0
307 146 0 1
306 146 0 1
305 146 0 1
304 146 0 1
276 146 0 0
275 146 0 0
274 146 0 0
273 146 0 0
254 146 0 1
253 146 0 1
252 146 0 1
251 146 0 1
221 146 0 0
220 146 0 0
219 146 0 0
218 146 0 0
217 146 0 0
157 146 0 0
156 146 0 0
155 146 0 0
154 146 0 0
153 146 0 0
307 145 0 1
306 145 0 1
305 145 0 1
304 145 0 1
276 145 0 0
275 145 0 0
274 145 0 0
273 145 0 0
272 145 0 0
254 145 0 1
253 145 0 1
252 145 0 1
251 145 0 1
222 145 0 0
221 145 0 0
220 145 0 0
219 145 0 0
218 145 0 0
217 145 0 0
157 145 0 0
156 145 0 0
155 145 0 0
154 145 0 0
153 145 0 0
307 144 0 1
306 144 0 1
305 144 0 1
304 144 0 1
276 144 0 0
275 144 0 0
274 144 0 0
273 144 0 0
272 144 0 0
222 144 0 0
221 144 0 0
220 144 0 0
219 144 0 0
218 144 0 0
217 144 0 0
157 144 0 0
156 144 0 0
155 144 0 0
154 144 0 0
153 144 0 0
152 144 0 0
307 143 0 1
306 143 0 1
305 143 0 1
304 143 0 1
276 143 0 0
275 143 0 0
274 143 0 0
273 143 0 0
272 143 0 0
271 143 0 0
222 143 0 0
221 143 0 0
220 143 0 0
219 143 0 0
218 143 0 0
157 143 0 0
156 143 0 0
155 143 0 0
154 143 0 0
153 143 0 0
152 143 0 0
307 142 0 1
306 142 0 1
305 142 0 1
304 142 0 1
275 142 0 0
274 142 0 0
273 142 0 0
272 142 0 0
271 142 0 0
270 142 0 0
222 142 0 0
221 142 0 0
220 142 0 0
219 142 0 0
218 142 0 0
156 142 0 0
155 142 0 0
154 142 0 0
153 142 0 0
152 142 0 0
307 141 0 1
306 141 0 1
305 141 0 1
304 141 0 1
275 141 0 0
274 141 0 0
273 141 0 0
272 141 0 0
271 141 0 0
270 141 0 0
223 141 0 0
222 141 0 0
221 141 0 0
220 141 0 0
219 141 0 0
218 141 0 0
156 141 0 0
155 141 0 0
154 141 0 0
153 141 0 0
152 141 0 0
307 140 0 1
306 140 0 1
305 140 0 1
304 140 0 1
303 140 0 1
274 140 0 0
273 140 0 0
272 140 0 0
271 140 0 0
270 140 0 0
224 140 0 0
223 140 0 0
222 140 0 0
221 140 0 0
220 140 0 0
219 140 0 0
155 140 0 0
154 140 0 0
153 140 0 0
152 140 0 0
307 139 0 1
306 139 0 1
305 139 0 1
304 139 0 1
303 139 0 1
274 139 0 0
273 139 0 0
272 139 0 0
271 139 0 0
270 139 0 0
269 139 0 0
225 139 0 0
224 139 0 0
223 139 0 0
222 139 0 0
221 139 0 0
220 139 0 0
219 139 0 0
155 139 0 0
154 139 0 0
153 139 0 0
152 139 0 0
151 139 0 0
307 138 0 1
306 138 0 1
305 138 0 1
304 138 0 1
303 138 0 1
273 138 0 0
272 138 0 0
271 138 0 0
270 138 0 0
269 138 0 0
268 138 0 0
267 138 0 0
226 138 0 0
225 138 0 0
224 138 0 0
223 138 0 0
222 138 0 0
221 138 0 0
220 138 0 0
219 138 0 0
155 138 0 0
154 138 0 0
153 138 0 0
152 138 0 0
151 138 0 0
307 137 0 1
306 137 0 1
305 137 0 1
304 137 0 1
303 137 0 1
273 137 0 0
272 137 0 0
271 137 0 0
270 137 0 0
269 137 0 0
268 137 0 0
267 137 0 0
266 137 0 0
265 137 0 0
226 137 0 0
225 137 0 0
224 137 0 0
223 137 0 0
222 137 0 0
221 137 0 0
220 137 0 0
155 137 0 0
154 137 0 0
153 137 0 0
152 137 0 0
151 137 0 0
306 136 0 1
305 136 0 1
304 136 0 1
303 136 0 1
273 136 0 0
272 136 0 0
271 136 0 0
270 136 0 0
269 136 0 0
268 136 0 0
267 136 0 0
266 136 0 0
265 136 0 0
264 136 0 0
263 136 0 0
227 136 0 0
226 136 0 0
225 136 0 0
224 136 0 0
223 136 0 0
222 136 0 0
154 136 0 0
153 136 0 0
152 136 0 0
151 136 0 0
150 136 0 0
306 135 0 1
305 135 0 1
304 135 0 1
303 135 0 1
272 135 0 0
271 135 0 0
270 135 0 0
269 135 0 0
268 135 0 0
267 135 0 0
266 135 0 0
265 135 0 0
264 135 0 0
263 135 0 0
262 135 0 0
261 135 0 0
260 135 0 0
259 135 0 0
229 135 0 0
228 135 0 0
227 135 0 0
226 135 0 0
225 135 0 0
224 135 0 0
223 135 0 0
222 135 0 0
154 135 0 0
153 135 0 0
152 135 0 0
151 135 0 0
150 135 0 0
306 134 0 1
305 134 0 1
304 134 0 1
303 134 0 1
269 134 0 0
268 134 0 0
267 134 0 0
266 134 0 0
265 134 0 0
264 134 0 0
263 134 0 0
262 134 0 0
261 134 0 0
260 134 0 0
259 134 0 0
258 134 0 0
257 134 0 0
256 134 0 0
232 134 0 0
231 134 0 0
230 134 0 0
229 134 0 0
228 134 0 0
227 134 0 0
226 134 0 0
225 134 0 0
224 134 0 0
223 134 0 0
154 134 0 0
153 134 0 0
152 134 0 0
151 134 0 0
150 134 0 0
306 133 0 1
305 133 0 1
304 133 0 1
303 133 0 1
302 133 0 1
267 133 0 0
266 133 0 0
265 133 0 0
264 133 0 0
263 133 0 0
262 133 0 0
261 133 0 0
260 133 0 0
259 133 0 0
258 133 0 0
257 133 0 0
256 133 0 0
255 133 0 0
254 133 0 0
253 133 0 0
252 133 0 0
251 133 0 0
250 133 0 0
249 133 0 0
248 133 0 0
247 133 0 0
246 133 0 0
245 133 0 0
244 133 0 0
243 133 0 0
242 133 0 0
241 133 0 0
240 133 0 0
239 133 0 0
238 133 0 0
237 133 0 0
236 133 0 0
235 133 0 0
234 133 0 0
233 133 0 0
232 133 0 0
231 133 0 0
230 133 0 0
229 133 0 0
228 133 0 0
227 133 0 0
226 133 0 0
225 133 0 0
224 133 0 0
154 133 0 0
153 133 0 0
152 133 0 0
151 133 0 0
150 133 0 0
306 132 0 1
305 132 0 1
304 132 0 1
303 132 0 1
302 132 0 1
265 132 0 0
264 132 0 0
263 132 0 0
262 132 0 0
261 132 0 0
260 132 0 0
259 132 0 0
258 132 0 0
257 132 0 0
256 132 0 0
255 132 0 0
254 132 0 0
253 132 0 0
252 132 0 0
251 132 0 0
250 132 0 0
249 132 0 0
248 132 0 0
247 132 0 0
246 132 0 0
245 132 0 0
244 132 0 0
243 132 0 0
242 132 0 0
241 132 0 0
240 132 0 0
239 132 0 0
238 132 0 0
237 132 0 0
236 132 0 0
235 132 0 0
234 132 0 0
233 132 0 0
232 132 0 0
231 132 0 0
230 132 0 0
229 132 0 0
228 132 0 0
227 132 0 0
226 132 0 0
225 132 0 0
153 132 0 0
152 132 0 0
151 132 0 0
150 132 0 0
306 131 0 1
305 131 0 1
304 131 0 1
303 131 0 1
302 131 0 1
301 131 0 1
264 131 0 0
263 131 0 0
262 131 0 0
261 131 0 0
260 131 0 0
259 131 0 0
258 131 0 0
257 131 0 0
256 131 0 0
255 131 0 0
254 131 0 0
253 131 0 0
252 131 0 0
251 131 0 0
250 131 0 0
249 131 0 0
248 131 0 0
247 131 0 0
246 131 0 0
245 131 0 0
244 131 0 0
243 131 0 0
242 131 0 0
241 131 0 0
240 131 0 0
239 131 0 0
238 131 0 0
237 131 0 0
236 131 0 0
235 131 0 0
234 131 0 0
233 131 0 0
232 131 0 0
231 131 0 0
230 131 0 0
229 131 0 0
228 131 0 0
227 131 0 0
226 131 0 0
153 131 0 0
152 131 0 0
151 131 0 0
150 131 0 0
306 130 0 1
305 130 0 1
304 130 0 1
303 130 0 1
302 130 0 1
301 130 0 1
260 130 0 0
259 130 0 0
258 130 0 0
257 130 0 0
256 130 0 0
255 130 0 0
254 130 0 0
253 130 0 0
252 130 0 0
251 130 0 0
250 130 0 0
249 130 0 0
248 130 0 0
247 130 0 0
246 130 0 0
245 130 0 0
244 130 0 0
243 130 0 0
242 130 0 0
241 130 0 0
240 130 0 0
239 130 0 0
238 130 0 0
237 130 0 0
236 130 0 0
235 130 0 0
234 130 0 0
233 130 0 0
232 130 0 0
231 130 0 0
230 130 0 0
229 130 0 0
153 130 0 0
152 130 0 0
151 130 0 0
150 130 0 0
305 129 0 1
304 129 0 1
303 129 0 1
302 129 0 1
301 129 0 1
153 129 0 0
152 129 0 0
151 129 0 0
150 129 0 0
305 128 0 1
304 128 0 1
303 128 0 1
302 128 0 1
301 128 0 1
153 128 0 0
152 128 0 0
151 128 0 0
150 128 0 0
304 127 0 1
303 127 0 1
302 127 0 1
301 127 0 1
153 127 0 0
152 127 0 0
151 127 0 0
150 127 0 0
149 127 0 0
148 127 0 0
304 126 0 1
303 126 0 1
302 126 0 1
301 126 0 1
153 126 0 0
152 126 0 0
151 126 0 0
150 126 0 0
149 126 0 0
148 126 0 0
147 126 0 0
304 125 0 1
303 125 0 1
302 125 0 1
301 125 0 1
153 125 0 0
152 125 0 0
151 125 0 0
150 125 0 0
149 125 0 0
148 125 0 0
147 125 0 0
146 125 0 0
304 124 0 1
303 124 0 1
302 124 0 1
301 124 0 1
152 124 0 0
151 124 0 0
150 124 0 0
149 124 0 0
148 124 0 0
147 124 0 0
146 124 0 0
145 124 0 0
304 123 0 1
303 123 0 1
302 123 0 1
301 123 0 1
151 123 0 0
150 123 0 0
149 123 0 0
148 123 0 0
147 123 0 0
146 123 0 0
145 123 0 0
144 123 0 0
304 122 0 1
303 122 0 1
302 122 0 1
301 122 0 1
149 122 0 0
148 122 0 0
147 122 0 0
146 122 0 0
145 122 0 0
144 122 0 0
143 122 0 0
304 121 0 1
303 121 0 1
302 121 0 1
301 121 0 1
148 121 0 0
147 121 0 0
146 121 0 0
145 121 0 0
144 121 0 0
143 121 0 0
142 121 0 0
304 120 0 1
303 120 0 1
302 120 0 1
301 120 0 1
147 120 0 0
146 120 0 0
145 120 0 0
144 120 0 0
143 120 0 0
142 120 0 0
141 120 0 0
140 120 0 0
139 120 0 0
138 120 0 0
304 119 0 1
303 119 0 1
302 119 0 1
301 119 0 1
146 119 0 0
145 119 0 0
144 119 0 0
143 119 0 0
142 119 0 0
141 119 0 0
140 119 0 0
139 119 0 0
138 119 0 0
137 119 0 0
304 118 0 1
303 118 0 1
302 118 0 1
301 118 0 1
145 118 0 0
144 118 0 0
143 118 0 0
142 118 0 0
141 118 0 0
140 118 0 0
139 118 0 0
138 118 0 0
137 118 0 0
304 117 0 1
303 117 0 1
302 117 0 1
301 117 0 1
144 117 0 0
143 117 0 0
142 117 0 0
141 117 0 0
140 117 0 0
139 117 0 0
138 117 0 0
137 117 0 0
142 116 0 0
141 116 0 0
140 116 0 0
139 116 0 0
138 116 0 0
137 116 0 0
143 115 0 0
142 115 0 0
141 115 0 0
140 115 0 0
139 115 0 0
138 115 0 0
137 115 0 0
145 114 0 0
144 114 0 0
143 114 0 0
142 114 0 0
141 114 0 0
140 114 0 0
139 114 0 0
138 114 0 0
137 114 0 0
149 113 0 0
148 113 0 0
147 113 0 0
146 113 0 0
145 113 0 0
144 113 0 0
143 113 0 0
142 113 0 0
141 113 0 0
140 113 0 0
139 113 0 0
138 113 0 0
151 112 0 0
150 112 0 0
149 112 0 0
148 112 0 0
147 112 0 0
146 112 0 0
145 112 0 0
144 112 0 0
143 112 0 0
142 112 0 0
141 112 0 0
140 112 0 0
139 112 0 0
154 111 0 0
153 111 0 0
152 111 0 0
151 111 0 0
150 111 0 0
149 111 0 0
148 111 0 0
147 111 0 0
146 111 0 0
145 111 0 0
144 111 0 0
143 111 0 0
142 111 0 0
141 111 0 0
140 111 0 0
156 110 0 0
155 110 0 0
154 110 0 0
153 110 0 0
152 110 0 0
151 110 0 0
150 110 0 0
149 110 0 0
148 110 0 0
147 110 0 0
146 110 0 0
145 110 0 0
144 110 0 0
143 110 0 0
142 110 0 0
159 109 0 0
158 109 0 0
157 109 0 0
156 109 0 0
155 109 0 0
154 109 0 0
153 109 0 0
152 109 0 0
151 109 0 0
150 109 0 0
149 109 0 0
148 109 0 0
147 109 0 0
162 108 0 0
161 108 0 0
160 108 0 0
159 108 0 0
158 108 0 0
157 108 0 0
156 108 0 0
155 108 0 0
154 108 0 0
153 108 0 0
152 108 0 0
151 108 0 0
150 108 0 0
149 108 0 0
195 107 0 0
194 107 0 0
193 107 0 0
192 107 0 0
191 107 0 0
190 107 0 0
189 107 0 0
188 107 0 0
187 107 0 0
186 107 0 0
185 107 0 0
184 107 0 0
183 107 0 0
182 107 0 0
181 107 0 0
180 107 0 0
179 107 0 0
178 107 0 0
177 107 0 0
176 107 0 0
175 107 0 0
174 107 0 0
173 107 0 0
172 107 0 0
171 107 0 0
170 107 0 0
169 107 0 0
168 107 0 0
167 107 0 0
166 107 0 0
165 107 0 0
164 107 0 0
163 107 0 0
162 107 0 0
161 107 0 0
160 107 0 0
159 107 0 0
158 107 0 0
157 107 0 0
156 107 0 0
155 107 0 0
154 107 0 0
153 107 0 0
152 107 0 0
151 107 0 0
150 107 0 0
195 106 0 0
194 106 0 0
193 106 0 0
192 106 0 0
191 106 0 0
190 106 0 0
189 106 0 0
188 106 0 0
187 106 0 0
186 106 0 0
185 106 0 0
184 106 0 0
183 106 0 0
182 106 0 0
181 106 0 0
180 106 0 0
179 106 0 0
178 106 0 0
177 106 0 0
176 106 0 0
175 106 0 0
174 106 0 0
173 106 0 0
172 106 0 0
171 106 0 0
170 106 0 0
169 106 0 0
168 106 0 0
167 106 0 0
166 106 0 0
165 106 0 0
164 106 0 0
163 106 0 0
162 106 0 0
161 106 0 0
160 106 0 0
159 106 0 0
158 106 0 0
157 106 0 0
156 106 0 0
155 106 0 0
154 106 0 0
153 106 0 0
195 105 0 0
194 105 0 0
193 105 0 0
192 105 0 0
191 105 0 0
190 105 0 0
189 105 0 0
188 105 0 0
187 105 0 0
186 105 0 0
185 105 0 0
184 105 0 0
183 105 0 0
182 105 0 0
181 105 0 0
180 105 0 0
179 105 0 0
178 105 0 0
177 105 0 0
176 105 0 0
175 105 0 0
174 105 0 0
173 105 0 0
172 105 0 0
171 105 0 0
170 105 0 0
169 105 0 0
168 105 0 0
167 105 0 0
166 105 0 0
165 105 0 0
164 105 0 0
163 105 0 0
162 105 0 0
161 105 0 0
160 105 0 0
159 105 0 0
158 105 0 0
157 105 0 0
156 105 0 0
155 105 0 0
195 104 0 0
194 104 0 0
193 104 0 0
192 104 0 0
191 104 0 0
190 104 0 0
189 104 0 0
188 104 0 0
187 104 0 0
186 104 0 0
185 104 0 0
184 104 0 0
183 104 0 0
182 104 0 0
181 104 0 0
180 104 0 0
179 104 0 0
178 104 0 0
177 104 0 0
176 104 0 0
175 104 0 0
174 104 0 0
173 104 0 0
172 104 0 0
171 104 0 0
170 104 0 0
169 104 0 0
168 104 0 0
167 104 0 0
166 104 0 0
165 104 0 0
164 104 0 0
163 104 0 0
162 104 0 0
161 104 0 0
160 104 0 0
159 104 0 0
158 104 0 0
