5903 450 600
385 515 0 1
384 515 0 1
383 515 0 1
382 515 0 1
386 514 0 1
385 514 0 1
384 514 0 1
383 514 0 1
382 514 0 1
387 513 0 1
386 513 0 1
385 513 0 1
384 513 0 1
383 513 0 1
382 513 0 1
389 512 0 1
388 512 0 1
387 512 0 1
386 512 0 1
385 512 0 1
384 512 0 1
383 512 0 1
382 512 0 1
390 511 0 1
389 511 0 1
388 511 0 1
387 511 0 1
386 511 0 1
385 511 0 1
384 511 0 1
383 511 0 1
391 510 0 1
390 510 0 1
389 510 0 1
388 510 0 1
387 510 0 1
386 510 0 1
385 510 0 1
384 510 0 1
393 509 0 1
392 509 0 1
391 509 0 1
390 509 0 1
389 509 0 1
388 509 0 1
387 509 0 1
386 509 0 1
385 509 0 1
395 508 0 1
394 508 0 1
393 508 0 1
392 508 0 1
391 508 0 1
390 508 0 1
389 508 0 1
388 508 0 1
387 508 0 1
386 508 0 1
398 507 0 1
397 507 0 1
396 507 0 1
395 507 0 1
394 507 0 1
393 507 0 1
392 507 0 1
391 507 0 1
390 507 0 1
389 507 0 1
388 507 0 1
402 506 0 1
401 506 0 1
400 506 0 1
399 506 0 1
398 506 0 1
397 506 0 1
396 506 0 1
395 506 0 1
394 506 0 1
393 506 0 1
392 506 0 1
391 506 0 1
390 506 0 1
389 506 0 1
19 506 0 1
18 506 0 1
17 506 0 1
16 506 0 1
405 505 0 1
404 505 0 1
403 505 0 1
402 505 0 1
401 505 0 1
400 505 0 1
399 505 0 1
398 505 0 1
397 505 0 1
396 505 0 1
395 505 0 1
394 505 0 1
393 505 0 1
392 505 0 1
391 505 0 1
35 505 0 1
34 505 0 1
33 505 0 1
32 505 0 1
31 505 0 1
30 505 0 1
29 505 0 1
28 505 0 1
27 505 0 1
26 505 0 1
25 505 0 1
24 505 0 1
23 505 0 1
22 505 0 1
21 505 0 1
20 505 0 1
19 505 0 1
18 505 0 1
17 505 0 1
16 505 0 1
408 504 0 1
407 504 0 1
406 504 0 1
405 504 0 1
404 504 0 1
403 504 0 1
402 504 0 1
401 504 0 1
400 504 0 1
399 504 0 1
398 504 0 1
397 504 0 1
396 504 0 1
395 504 0 1
394 504 0 1
393 504 0 1
392 504 0 1
44 504 0 1
43 504 0 1
42 504 0 1
41 504 0 1
40 504 0 1
39 504 0 1
38 504 0 1
37 504 0 1
36 504 0 1
35 504 0 1
34 504 0 1
33 504 0 1
32 504 0 1
31 504 0 1
30 504 0 1
29 504 0 1
28 504 0 1
27 504 0 1
26 504 0 1
25 504 0 1
24 504 0 1
23 504 0 1
22 504 0 1
21 504 0 1
20 504 0 1
19 504 0 1
18 504 0 1
17 504 0 1
16 504 0 1
410 503 0 1
409 503 0 1
408 503 0 1
407 503 0 1
406 503 0 1
405 503 0 1
404 503 0 1
403 503 0 1
402 503 0 1
401 503 0 1
400 503 0 1
399 503 0 1
398 503 0 1
397 503 0 1
396 503 0 1
395 503 0 1
52 503 0 1
51 503 0 1
50 503 0 1
49 503 0 1
48 503 0 1
47 503 0 1
46 503 0 1
45 503 0 1
44 503 0 1
43 503 0 1
42 503 0 1
41 503 0 1
40 503 0 1
39 503 0 1
38 503 0 1
37 503 0 1
36 503 0 1
35 503 0 1
34 503 0 1
33 503 0 1
32 503 0 1
31 503 0 1
30 503 0 1
29 503 0 1
28 503 0 1
27 503 0 1
26 503 0 1
25 503 0 1
24 503 0 1
23 503 0 1
22 503 0 1
21 503 0 1
20 503 0 1
19 503 0 1
18 503 0 1
17 503 0 1
16 503 0 1
413 502 0 1
412 502 0 1
411 502 0 1
410 502 0 1
409 502 0 1
408 502 0 1
407 502 0 1
406 502 0 1
405 502 0 1
404 502 0 1
403 502 0 1
402 502 0 1
401 502 0 1
400 502 0 1
399 502 0 1
398 502 0 1
397 502 0 1
60 502 0 1
59 502 0 1
58 502 0 1
57 502 0 1
56 502 0 1
55 502 0 1
54 502 0 1
53 502 0 1
52 502 0 1
51 502 0 1
50 502 0 1
49 502 0 1
48 502 0 1
47 502 0 1
46 502 0 1
45 502 0 1
44 502 0 1
43 502 0 1
42 502 0 1
41 502 0 1
40 502 0 1
39 502 0 1
38 502 0 1
37 502 0 1
36 502 0 1
35 502 0 1
34 502 0 1
33 502 0 1
32 502 0 1
31 502 0 1
30 502 0 1
29 502 0 1
28 502 0 1
27 502 0 1
26 502 0 1
25 502 0 1
24 502 0 1
23 502 0 1
22 502 0 1
21 502 0 1
20 502 0 1
19 502 0 1
18 502 0 1
17 502 0 1
16 502 0 1
416 501 0 1
415 501 0 1
414 501 0 1
413 501 0 1
412 501 0 1
411 501 0 1
410 501 0 1
409 501 0 1
408 501 0 1
407 501 0 1
406 501 0 1
405 501 0 1
404 501 0 1
403 501 0 1
402 501 0 1
401 501 0 1
67 501 0 1
66 501 0 1
65 501 0 1
64 501 0 1
63 501 0 1
62 501 0 1
61 501 0 1
60 501 0 1
59 501 0 1
58 501 0 1
57 501 0 1
56 501 0 1
55 501 0 1
54 501 0 1
53 501 0 1
52 501 0 1
51 501 0 1
50 501 0 1
49 501 0 1
48 501 0 1
47 501 0 1
46 501 0 1
45 501 0 1
44 501 0 1
43 501 0 1
42 501 0 1
41 501 0 1
40 501 0 1
39 501 0 1
38 501 0 1
37 501 0 1
36 501 0 1
35 501 0 1
34 501 0 1
33 501 0 1
32 501 0 1
31 501 0 1
30 501 0 1
29 501 0 1
28 501 0 1
419 500 0 1
418 500 0 1
417 500 0 1
416 500 0 1
415 500 0 1
414 500 0 1
413 500 0 1
412 500 0 1
411 500 0 1
410 500 0 1
409 500 0 1
408 500 0 1
407 500 0 1
406 500 0 1
405 500 0 1
404 500 0 1
85 500 0 1
84 500 0 1
83 500 0 1
82 500 0 1
81 500 0 1
80 500 0 1
79 500 0 1
78 500 0 1
77 500 0 1
76 500 0 1
75 500 0 1
74 500 0 1
73 500 0 1
72 500 0 1
71 500 0 1
70 500 0 1
69 500 0 1
68 500 0 1
67 500 0 1
66 500 0 1
65 500 0 1
64 500 0 1
63 500 0 1
62 500 0 1
61 500 0 1
60 500 0 1
59 500 0 1
58 500 0 1
57 500 0 1
56 500 0 1
55 500 0 1
54 500 0 1
53 500 0 1
52 500 0 1
51 500 0 1
50 500 0 1
49 500 0 1
48 500 0 1
47 500 0 1
46 500 0 1
45 500 0 1
44 500 0 1
43 500 0 1
42 500 0 1
41 500 0 1
40 500 0 1
39 500 0 1
38 500 0 1
37 500 0 1
36 500 0 1
422 499 0 1
421 499 0 1
420 499 0 1
419 499 0 1
418 499 0 1
417 499 0 1
416 499 0 1
415 499 0 1
414 499 0 1
413 499 0 1
412 499 0 1
411 499 0 1
410 499 0 1
409 499 0 1
408 499 0 1
407 499 0 1
109 499 0 1
108 499 0 1
107 499 0 1
106 499 0 1
105 499 0 1
104 499 0 1
103 499 0 1
102 499 0 1
101 499 0 1
100 499 0 1
99 499 0 1
98 499 0 1
97 499 0 1
96 499 0 1
95 499 0 1
94 499 0 1
93 499 0 1
92 499 0 1
91 499 0 1
90 499 0 1
89 499 0 1
88 499 0 1
87 499 0 1
86 499 0 1
85 499 0 1
84 499 0 1
83 499 0 1
82 499 0 1
81 499 0 1
80 499 0 1
79 499 0 1
78 499 0 1
77 499 0 1
76 499 0 1
75 499 0 1
74 499 0 1
73 499 0 1
72 499 0 1
71 499 0 1
70 499 0 1
69 499 0 1
68 499 0 1
67 499 0 1
66 499 0 1
65 499 0 1
64 499 0 1
63 499 0 1
62 499 0 1
61 499 0 1
60 499 0 1
59 499 0 1
58 499 0 1
57 499 0 1
56 499 0 1
55 499 0 1
54 499 0 1
53 499 0 1
52 499 0 1
51 499 0 1
50 499 0 1
49 499 0 1
48 499 0 1
47 499 0 1
46 499 0 1
45 499 0 1
428 498 0 1
427 498 0 1
426 498 0 1
425 498 0 1
424 498 0 1
423 498 0 1
422 498 0 1
421 498 0 1
420 498 0 1
419 498 0 1
418 498 0 1
417 498 0 1
416 498 0 1
415 498 0 1
414 498 0 1
413 498 0 1
412 498 0 1
411 498 0 1
410 498 0 1
117 498 0 1
116 498 0 1
115 498 0 1
114 498 0 1
113 498 0 1
112 498 0 1
111 498 0 1
110 498 0 1
109 498 0 1
108 498 0 1
107 498 0 1
106 498 0 1
105 498 0 1
104 498 0 1
103 498 0 1
102 498 0 1
101 498 0 1
100 498 0 1
99 498 0 1
98 498 0 1
97 498 0 1
96 498 0 1
95 498 0 1
94 498 0 1
93 498 0 1
92 498 0 1
91 498 0 1
90 498 0 1
89 498 0 1
88 498 0 1
87 498 0 1
86 498 0 1
85 498 0 1
84 498 0 1
83 498 0 1
82 498 0 1
81 498 0 1
80 498 0 1
79 498 0 1
78 498 0 1
77 498 0 1
76 498 0 1
75 498 0 1
74 498 0 1
73 498 0 1
72 498 0 1
71 498 0 1
70 498 0 1
69 498 0 1
68 498 0 1
67 498 0 1
66 498 0 1
65 498 0 1
64 498 0 1
63 498 0 1
62 498 0 1
61 498 0 1
60 498 0 1
59 498 0 1
58 498 0 1
57 498 0 1
56 498 0 1
55 498 0 1
54 498 0 1
53 498 0 1
428 497 0 1
427 497 0 1
426 497 0 1
425 497 0 1
424 497 0 1
423 497 0 1
422 497 0 1
421 497 0 1
420 497 0 1
419 497 0 1
418 497 0 1
417 497 0 1
416 497 0 1
415 497 0 1
414 497 0 1
413 497 0 1
123 497 0 1
122 497 0 1
121 497 0 1
120 497 0 1
119 497 0 1
118 497 0 1
117 497 0 1
116 497 0 1
115 497 0 1
114 497 0 1
113 497 0 1
112 497 0 1
111 497 0 1
110 497 0 1
109 497 0 1
108 497 0 1
107 497 0 1
106 497 0 1
105 497 0 1
104 497 0 1
103 497 0 1
102 497 0 1
101 497 0 1
100 497 0 1
99 497 0 1
98 497 0 1
97 497 0 1
96 497 0 1
95 497 0 1
94 497 0 1
93 497 0 1
92 497 0 1
91 497 0 1
90 497 0 1
89 497 0 1
88 497 0 1
87 497 0 1
86 497 0 1
85 497 0 1
84 497 0 1
83 497 0 1
82 497 0 1
81 497 0 1
80 497 0 1
79 497 0 1
78 497 0 1
77 497 0 1
76 497 0 1
75 497 0 1
74 497 0 1
73 497 0 1
72 497 0 1
71 497 0 1
70 497 0 1
69 497 0 1
68 497 0 1
67 497 0 1
66 497 0 1
65 497 0 1
64 497 0 1
63 497 0 1
62 497 0 1
61 497 0 1
428 496 0 1
427 496 0 1
426 496 0 1
425 496 0 1
424 496 0 1
423 496 0 1
422 496 0 1
421 496 0 1
420 496 0 1
419 496 0 1
418 496 0 1
417 496 0 1
416 496 0 1
415 496 0 1
128 496 0 1
127 496 0 1
126 496 0 1
125 496 0 1
124 496 0 1
123 496 0 1
122 496 0 1
121 496 0 1
120 496 0 1
119 496 0 1
118 496 0 1
117 496 0 1
116 496 0 1
115 496 0 1
114 496 0 1
113 496 0 1
112 496 0 1
111 496 0 1
110 496 0 1
109 496 0 1
108 496 0 1
107 496 0 1
106 496 0 1
105 496 0 1
104 496 0 1
103 496 0 1
102 496 0 1
101 496 0 1
100 496 0 1
99 496 0 1
98 496 0 1
97 496 0 1
96 496 0 1
95 496 0 1
94 496 0 1
93 496 0 1
92 496 0 1
91 496 0 1
90 496 0 1
89 496 0 1
88 496 0 1
87 496 0 1
86 496 0 1
85 496 0 1
84 496 0 1
83 496 0 1
82 496 0 1
81 496 0 1
80 496 0 1
79 496 0 1
78 496 0 1
77 496 0 1
76 496 0 1
75 496 0 1
428 495 0 1
427 495 0 1
426 495 0 1
425 495 0 1
424 495 0 1
423 495 0 1
422 495 0 1
421 495 0 1
420 495 0 1
419 495 0 1
418 495 0 1
133 495 0 1
132 495 0 1
131 495 0 1
130 495 0 1
129 495 0 1
128 495 0 1
127 495 0 1
126 495 0 1
125 495 0 1
124 495 0 1
123 495 0 1
122 495 0 1
121 495 0 1
120 495 0 1
119 495 0 1
118 495 0 1
117 495 0 1
116 495 0 1
115 495 0 1
114 495 0 1
113 495 0 1
112 495 0 1
111 495 0 1
110 495 0 1
109 495 0 1
108 495 0 1
107 495 0 1
106 495 0 1
105 495 0 1
104 495 0 1
103 495 0 1
102 495 0 1
101 495 0 1
138 494 0 1
137 494 0 1
136 494 0 1
135 494 0 1
134 494 0 1
133 494 0 1
132 494 0 1
131 494 0 1
130 494 0 1
129 494 0 1
128 494 0 1
127 494 0 1
126 494 0 1
125 494 0 1
124 494 0 1
123 494 0 1
122 494 0 1
121 494 0 1
120 494 0 1
119 494 0 1
118 494 0 1
117 494 0 1
116 494 0 1
115 494 0 1
114 494 0 1
113 494 0 1
112 494 0 1
111 494 0 1
110 494 0 1
109 494 0 1
142 493 0 1
141 493 0 1
140 493 0 1
139 493 0 1
138 493 0 1
137 493 0 1
136 493 0 1
135 493 0 1
134 493 0 1
133 493 0 1
132 493 0 1
131 493 0 1
130 493 0 1
129 493 0 1
128 493 0 1
127 493 0 1
126 493 0 1
125 493 0 1
124 493 0 1
123 493 0 1
122 493 0 1
121 493 0 1
120 493 0 1
119 493 0 1
118 493 0 1
146 492 0 1
145 492 0 1
144 492 0 1
143 492 0 1
142 492 0 1
141 492 0 1
140 492 0 1
139 492 0 1
138 492 0 1
137 492 0 1
136 492 0 1
135 492 0 1
134 492 0 1
133 492 0 1
132 492 0 1
131 492 0 1
130 492 0 1
129 492 0 1
128 492 0 1
127 492 0 1
126 492 0 1
125 492 0 1
124 492 0 1
123 492 0 1
150 491 0 1
149 491 0 1
148 491 0 1
147 491 0 1
146 491 0 1
145 491 0 1
144 491 0 1
143 491 0 1
142 491 0 1
141 491 0 1
140 491 0 1
139 491 0 1
138 491 0 1
137 491 0 1
136 491 0 1
135 491 0 1
134 491 0 1
133 491 0 1
132 491 0 1
131 491 0 1
130 491 0 1
129 491 0 1
128 491 0 1
154 490 0 1
153 490 0 1
152 490 0 1
151 490 0 1
150 490 0 1
149 490 0 1
148 490 0 1
147 490 0 1
146 490 0 1
145 490 0 1
144 490 0 1
143 490 0 1
142 490 0 1
141 490 0 1
140 490 0 1
139 490 0 1
138 490 0 1
137 490 0 1
136 490 0 1
135 490 0 1
134 490 0 1
133 490 0 1
165 489 0 1
164 489 0 1
163 489 0 1
162 489 0 1
161 489 0 1
160 489 0 1
159 489 0 1
158 489 0 1
157 489 0 1
156 489 0 1
155 489 0 1
154 489 0 1
153 489 0 1
152 489 0 1
151 489 0 1
150 489 0 1
149 489 0 1
148 489 0 1
147 489 0 1
146 489 0 1
145 489 0 1
144 489 0 1
143 489 0 1
142 489 0 1
141 489 0 1
140 489 0 1
139 489 0 1
138 489 0 1
176 488 0 1
175 488 0 1
174 488 0 1
173 488 0 1
172 488 0 1
171 488 0 1
170 488 0 1
169 488 0 1
168 488 0 1
167 488 0 1
166 488 0 1
165 488 0 1
164 488 0 1
163 488 0 1
162 488 0 1
161 488 0 1
160 488 0 1
159 488 0 1
158 488 0 1
157 488 0 1
156 488 0 1
155 488 0 1
154 488 0 1
153 488 0 1
152 488 0 1
151 488 0 1
150 488 0 1
149 488 0 1
148 488 0 1
147 488 0 1
146 488 0 1
145 488 0 1
144 488 0 1
143 488 0 1
142 488 0 1
182 487 0 1
181 487 0 1
180 487 0 1
179 487 0 1
178 487 0 1
177 487 0 1
176 487 0 1
175 487 0 1
174 487 0 1
173 487 0 1
172 487 0 1
171 487 0 1
170 487 0 1
169 487 0 1
168 487 0 1
167 487 0 1
166 487 0 1
165 487 0 1
164 487 0 1
163 487 0 1
162 487 0 1
161 487 0 1
160 487 0 1
159 487 0 1
158 487 0 1
157 487 0 1
156 487 0 1
155 487 0 1
154 487 0 1
153 487 0 1
152 487 0 1
151 487 0 1
150 487 0 1
149 487 0 1
148 487 0 1
147 487 0 1
146 487 0 1
188 486 0 1
187 486 0 1
186 486 0 1
185 486 0 1
184 486 0 1
183 486 0 1
182 486 0 1
181 486 0 1
180 486 0 1
179 486 0 1
178 486 0 1
177 486 0 1
176 486 0 1
175 486 0 1
174 486 0 1
173 486 0 1
172 486 0 1
171 486 0 1
170 486 0 1
169 486 0 1
168 486 0 1
167 486 0 1
166 486 0 1
165 486 0 1
164 486 0 1
163 486 0 1
162 486 0 1
161 486 0 1
160 486 0 1
159 486 0 1
158 486 0 1
157 486 0 1
156 486 0 1
155 486 0 1
154 486 0 1
153 486 0 1
152 486 0 1
151 486 0 1
150 486 0 1
194 485 0 1
193 485 0 1
192 485 0 1
191 485 0 1
190 485 0 1
189 485 0 1
188 485 0 1
187 485 0 1
186 485 0 1
185 485 0 1
184 485 0 1
183 485 0 1
182 485 0 1
181 485 0 1
180 485 0 1
179 485 0 1
178 485 0 1
177 485 0 1
176 485 0 1
175 485 0 1
174 485 0 1
173 485 0 1
172 485 0 1
171 485 0 1
170 485 0 1
169 485 0 1
168 485 0 1
167 485 0 1
166 485 0 1
165 485 0 1
164 485 0 1
163 485 0 1
162 485 0 1
161 485 0 1
160 485 0 1
159 485 0 1
158 485 0 1
157 485 0 1
156 485 0 1
155 485 0 1
154 485 0 1
200 484 0 1
199 484 0 1
198 484 0 1
197 484 0 1
196 484 0 1
195 484 0 1
194 484 0 1
193 484 0 1
192 484 0 1
191 484 0 1
190 484 0 1
189 484 0 1
188 484 0 1
187 484 0 1
186 484 0 1
185 484 0 1
184 484 0 1
183 484 0 1
182 484 0 1
181 484 0 1
180 484 0 1
179 484 0 1
178 484 0 1
177 484 0 1
176 484 0 1
175 484 0 1
174 484 0 1
173 484 0 1
172 484 0 1
171 484 0 1
170 484 0 1
169 484 0 1
168 484 0 1
167 484 0 1
166 484 0 1
165 484 0 1
206 483 0 1
205 483 0 1
204 483 0 1
203 483 0 1
202 483 0 1
201 483 0 1
200 483 0 1
199 483 0 1
198 483 0 1
197 483 0 1
196 483 0 1
195 483 0 1
194 483 0 1
193 483 0 1
192 483 0 1
191 483 0 1
190 483 0 1
189 483 0 1
188 483 0 1
187 483 0 1
186 483 0 1
185 483 0 1
184 483 0 1
183 483 0 1
182 483 0 1
181 483 0 1
180 483 0 1
179 483 0 1
178 483 0 1
177 483 0 1
211 482 0 1
210 482 0 1
209 482 0 1
208 482 0 1
207 482 0 1
206 482 0 1
205 482 0 1
204 482 0 1
203 482 0 1
202 482 0 1
201 482 0 1
200 482 0 1
199 482 0 1
198 482 0 1
197 482 0 1
196 482 0 1
195 482 0 1
194 482 0 1
193 482 0 1
192 482 0 1
191 482 0 1
190 482 0 1
189 482 0 1
188 482 0 1
187 482 0 1
186 482 0 1
185 482 0 1
184 482 0 1
183 482 0 1
216 481 0 1
215 481 0 1
214 481 0 1
213 481 0 1
212 481 0 1
211 481 0 1
210 481 0 1
209 481 0 1
208 481 0 1
207 481 0 1
206 481 0 1
205 481 0 1
204 481 0 1
203 481 0 1
202 481 0 1
201 481 0 1
200 481 0 1
199 481 0 1
198 481 0 1
197 481 0 1
196 481 0 1
195 481 0 1
194 481 0 1
193 481 0 1
192 481 0 1
191 481 0 1
190 481 0 1
189 481 0 1
221 480 0 1
220 480 0 1
219 480 0 1
218 480 0 1
217 480 0 1
216 480 0 1
215 480 0 1
214 480 0 1
213 480 0 1
212 480 0 1
211 480 0 1
210 480 0 1
209 480 0 1
208 480 0 1
207 480 0 1
206 480 0 1
205 480 0 1
204 480 0 1
203 480 0 1
202 480 0 1
201 480 0 1
200 480 0 1
199 480 0 1
198 480 0 1
197 480 0 1
196 480 0 1
195 480 0 1
227 479 0 1
226 479 0 1
225 479 0 1
224 479 0 1
223 479 0 1
222 479 0 1
221 479 0 1
220 479 0 1
219 479 0 1
218 479 0 1
217 479 0 1
216 479 0 1
215 479 0 1
214 479 0 1
213 479 0 1
212 479 0 1
211 479 0 1
210 479 0 1
209 479 0 1
208 479 0 1
207 479 0 1
206 479 0 1
205 479 0 1
204 479 0 1
203 479 0 1
202 479 0 1
201 479 0 1
240 478 0 1
239 478 0 1
238 478 0 1
237 478 0 1
236 478 0 1
235 478 0 1
234 478 0 1
233 478 0 1
232 478 0 1
231 478 0 1
230 478 0 1
229 478 0 1
228 478 0 1
227 478 0 1
226 478 0 1
225 478 0 1
224 478 0 1
223 478 0 1
222 478 0 1
221 478 0 1
220 478 0 1
219 478 0 1
218 478 0 1
217 478 0 1
216 478 0 1
215 478 0 1
214 478 0 1
213 478 0 1
212 478 0 1
211 478 0 1
210 478 0 1
209 478 0 1
208 478 0 1
207 478 0 1
206 478 0 1
253 477 0 1
252 477 0 1
251 477 0 1
250 477 0 1
249 477 0 1
248 477 0 1
247 477 0 1
246 477 0 1
245 477 0 1
244 477 0 1
243 477 0 1
242 477 0 1
241 477 0 1
240 477 0 1
239 477 0 1
238 477 0 1
237 477 0 1
236 477 0 1
235 477 0 1
234 477 0 1
233 477 0 1
232 477 0 1
231 477 0 1
230 477 0 1
229 477 0 1
228 477 0 1
227 477 0 1
226 477 0 1
225 477 0 1
224 477 0 1
223 477 0 1
222 477 0 1
221 477 0 1
220 477 0 1
219 477 0 1
218 477 0 1
217 477 0 1
216 477 0 1
215 477 0 1
214 477 0 1
213 477 0 1
212 477 0 1
211 477 0 1
259 476 0 1
258 476 0 1
257 476 0 1
256 476 0 1
255 476 0 1
254 476 0 1
253 476 0 1
252 476 0 1
251 476 0 1
250 476 0 1
249 476 0 1
248 476 0 1
247 476 0 1
246 476 0 1
245 476 0 1
244 476 0 1
243 476 0 1
242 476 0 1
241 476 0 1
240 476 0 1
239 476 0 1
238 476 0 1
237 476 0 1
236 476 0 1
235 476 0 1
234 476 0 1
233 476 0 1
232 476 0 1
231 476 0 1
230 476 0 1
229 476 0 1
228 476 0 1
227 476 0 1
226 476 0 1
225 476 0 1
224 476 0 1
223 476 0 1
222 476 0 1
221 476 0 1
220 476 0 1
219 476 0 1
218 476 0 1
217 476 0 1
216 476 0 1
265 475 0 1
264 475 0 1
263 475 0 1
262 475 0 1
261 475 0 1
260 475 0 1
259 475 0 1
258 475 0 1
257 475 0 1
256 475 0 1
255 475 0 1
254 475 0 1
253 475 0 1
252 475 0 1
251 475 0 1
250 475 0 1
249 475 0 1
248 475 0 1
247 475 0 1
246 475 0 1
245 475 0 1
244 475 0 1
243 475 0 1
242 475 0 1
241 475 0 1
240 475 0 1
239 475 0 1
238 475 0 1
237 475 0 1
236 475 0 1
235 475 0 1
234 475 0 1
233 475 0 1
232 475 0 1
231 475 0 1
230 475 0 1
229 475 0 1
228 475 0 1
227 475 0 1
226 475 0 1
225 475 0 1
224 475 0 1
223 475 0 1
222 475 0 1
221 475 0 1
271 474 0 1
270 474 0 1
269 474 0 1
268 474 0 1
267 474 0 1
266 474 0 1
265 474 0 1
264 474 0 1
263 474 0 1
262 474 0 1
261 474 0 1
260 474 0 1
259 474 0 1
258 474 0 1
257 474 0 1
256 474 0 1
255 474 0 1
254 474 0 1
253 474 0 1
252 474 0 1
251 474 0 1
250 474 0 1
249 474 0 1
248 474 0 1
247 474 0 1
246 474 0 1
245 474 0 1
244 474 0 1
243 474 0 1
242 474 0 1
241 474 0 1
240 474 0 1
239 474 0 1
238 474 0 1
237 474 0 1
236 474 0 1
235 474 0 1
234 474 0 1
233 474 0 1
232 474 0 1
231 474 0 1
230 474 0 1
229 474 0 1
228 474 0 1
227 474 0 1
276 473 0 1
275 473 0 1
274 473 0 1
273 473 0 1
272 473 0 1
271 473 0 1
270 473 0 1
269 473 0 1
268 473 0 1
267 473 0 1
266 473 0 1
265 473 0 1
264 473 0 1
263 473 0 1
262 473 0 1
261 473 0 1
260 473 0 1
259 473 0 1
258 473 0 1
257 473 0 1
256 473 0 1
255 473 0 1
254 473 0 1
253 473 0 1
252 473 0 1
251 473 0 1
250 473 0 1
249 473 0 1
248 473 0 1
247 473 0 1
246 473 0 1
245 473 0 1
244 473 0 1
243 473 0 1
242 473 0 1
241 473 0 1
240 473 0 1
282 472 0 1
281 472 0 1
280 472 0 1
279 472 0 1
278 472 0 1
277 472 0 1
276 472 0 1
275 472 0 1
274 472 0 1
273 472 0 1
272 472 0 1
271 472 0 1
270 472 0 1
269 472 0 1
268 472 0 1
267 472 0 1
266 472 0 1
265 472 0 1
264 472 0 1
263 472 0 1
262 472 0 1
261 472 0 1
260 472 0 1
259 472 0 1
258 472 0 1
257 472 0 1
256 472 0 1
255 472 0 1
254 472 0 1
287 471 0 1
286 471 0 1
285 471 0 1
284 471 0 1
283 471 0 1
282 471 0 1
281 471 0 1
280 471 0 1
279 471 0 1
278 471 0 1
277 471 0 1
276 471 0 1
275 471 0 1
274 471 0 1
273 471 0 1
272 471 0 1
271 471 0 1
270 471 0 1
269 471 0 1
268 471 0 1
267 471 0 1
266 471 0 1
265 471 0 1
264 471 0 1
263 471 0 1
262 471 0 1
261 471 0 1
260 471 0 1
259 471 0 1
292 470 0 1
291 470 0 1
290 470 0 1
289 470 0 1
288 470 0 1
287 470 0 1
286 470 0 1
285 470 0 1
284 470 0 1
283 470 0 1
282 470 0 1
281 470 0 1
280 470 0 1
279 470 0 1
278 470 0 1
277 470 0 1
276 470 0 1
275 470 0 1
274 470 0 1
273 470 0 1
272 470 0 1
271 470 0 1
270 470 0 1
269 470 0 1
268 470 0 1
267 470 0 1
266 470 0 1
265 470 0 1
297 469 0 1
296 469 0 1
295 469 0 1
294 469 0 1
293 469 0 1
292 469 0 1
291 469 0 1
290 469 0 1
289 469 0 1
288 469 0 1
287 469 0 1
286 469 0 1
285 469 0 1
284 469 0 1
283 469 0 1
282 469 0 1
281 469 0 1
280 469 0 1
279 469 0 1
278 469 0 1
277 469 0 1
276 469 0 1
275 469 0 1
274 469 0 1
273 469 0 1
272 469 0 1
271 469 0 1
301 468 0 1
300 468 0 1
299 468 0 1
298 468 0 1
297 468 0 1
296 468 0 1
295 468 0 1
294 468 0 1
293 468 0 1
292 468 0 1
291 468 0 1
290 468 0 1
289 468 0 1
288 468 0 1
287 468 0 1
286 468 0 1
285 468 0 1
284 468 0 1
283 468 0 1
282 468 0 1
281 468 0 1
280 468 0 1
279 468 0 1
278 468 0 1
277 468 0 1
276 468 0 1
306 467 0 1
305 467 0 1
304 467 0 1
303 467 0 1
302 467 0 1
301 467 0 1
300 467 0 1
299 467 0 1
298 467 0 1
297 467 0 1
296 467 0 1
295 467 0 1
294 467 0 1
293 467 0 1
292 467 0 1
291 467 0 1
290 467 0 1
289 467 0 1
288 467 0 1
287 467 0 1
286 467 0 1
285 467 0 1
284 467 0 1
283 467 0 1
282 467 0 1
310 466 0 1
309 466 0 1
308 466 0 1
307 466 0 1
306 466 0 1
305 466 0 1
304 466 0 1
303 466 0 1
302 466 0 1
301 466 0 1
300 466 0 1
299 466 0 1
298 466 0 1
297 466 0 1
296 466 0 1
295 466 0 1
294 466 0 1
293 466 0 1
292 466 0 1
291 466 0 1
290 466 0 1
289 466 0 1
288 466 0 1
287 466 0 1
314 465 0 1
313 465 0 1
312 465 0 1
311 465 0 1
310 465 0 1
309 465 0 1
308 465 0 1
307 465 0 1
306 465 0 1
305 465 0 1
304 465 0 1
303 465 0 1
302 465 0 1
301 465 0 1
300 465 0 1
299 465 0 1
298 465 0 1
297 465 0 1
296 465 0 1
295 465 0 1
294 465 0 1
293 465 0 1
292 465 0 1
318 464 0 1
317 464 0 1
316 464 0 1
315 464 0 1
314 464 0 1
313 464 0 1
312 464 0 1
311 464 0 1
310 464 0 1
309 464 0 1
308 464 0 1
307 464 0 1
306 464 0 1
305 464 0 1
304 464 0 1
303 464 0 1
302 464 0 1
301 464 0 1
300 464 0 1
299 464 0 1
298 464 0 1
297 464 0 1
296 464 0 1
322 463 0 1
321 463 0 1
320 463 0 1
319 463 0 1
318 463 0 1
317 463 0 1
316 463 0 1
315 463 0 1
314 463 0 1
313 463 0 1
312 463 0 1
311 463 0 1
310 463 0 1
309 463 0 1
308 463 0 1
307 463 0 1
306 463 0 1
305 463 0 1
304 463 0 1
303 463 0 1
302 463 0 1
301 463 0 1
325 462 0 1
324 462 0 1
323 462 0 1
322 462 0 1
321 462 0 1
320 462 0 1
319 462 0 1
318 462 0 1
317 462 0 1
316 462 0 1
315 462 0 1
314 462 0 1
313 462 0 1
312 462 0 1
311 462 0 1
310 462 0 1
309 462 0 1
308 462 0 1
307 462 0 1
306 462 0 1
305 462 0 1
328 461 0 1
327 461 0 1
326 461 0 1
325 461 0 1
324 461 0 1
323 461 0 1
322 461 0 1
321 461 0 1
320 461 0 1
319 461 0 1
318 461 0 1
317 461 0 1
316 461 0 1
315 461 0 1
314 461 0 1
313 461 0 1
312 461 0 1
311 461 0 1
310 461 0 1
309 461 0 1
331 460 0 1
330 460 0 1
329 460 0 1
328 460 0 1
327 460 0 1
326 460 0 1
325 460 0 1
324 460 0 1
323 460 0 1
322 460 0 1
321 460 0 1
320 460 0 1
319 460 0 1
318 460 0 1
317 460 0 1
316 460 0 1
315 460 0 1
314 460 0 1
313 460 0 1
334 459 0 1
333 459 0 1
332 459 0 1
331 459 0 1
330 459 0 1
329 459 0 1
328 459 0 1
327 459 0 1
326 459 0 1
325 459 0 1
324 459 0 1
323 459 0 1
322 459 0 1
321 459 0 1
320 459 0 1
319 459 0 1
318 459 0 1
317 459 0 1
339 458 0 1
338 458 0 1
337 458 0 1
336 458 0 1
335 458 0 1
334 458 0 1
333 458 0 1
332 458 0 1
331 458 0 1
330 458 0 1
329 458 0 1
328 458 0 1
327 458 0 1
326 458 0 1
325 458 0 1
324 458 0 1
323 458 0 1
322 458 0 1
321 458 0 1
345 457 0 1
344 457 0 1
343 457 0 1
342 457 0 1
341 457 0 1
340 457 0 1
339 457 0 1
338 457 0 1
337 457 0 1
336 457 0 1
335 457 0 1
334 457 0 1
333 457 0 1
332 457 0 1
331 457 0 1
330 457 0 1
329 457 0 1
328 457 0 1
327 457 0 1
326 457 0 1
325 457 0 1
324 457 0 1
350 456 0 1
349 456 0 1
348 456 0 1
347 456 0 1
346 456 0 1
345 456 0 1
344 456 0 1
343 456 0 1
342 456 0 1
341 456 0 1
340 456 0 1
339 456 0 1
338 456 0 1
337 456 0 1
336 456 0 1
335 456 0 1
334 456 0 1
333 456 0 1
332 456 0 1
331 456 0 1
330 456 0 1
329 456 0 1
328 456 0 1
327 456 0 1
355 455 0 1
354 455 0 1
353 455 0 1
352 455 0 1
351 455 0 1
350 455 0 1
349 455 0 1
348 455 0 1
347 455 0 1
346 455 0 1
345 455 0 1
344 455 0 1
343 455 0 1
342 455 0 1
341 455 0 1
340 455 0 1
339 455 0 1
338 455 0 1
337 455 0 1
336 455 0 1
335 455 0 1
334 455 0 1
333 455 0 1
332 455 0 1
331 455 0 1
330 455 0 1
358 454 0 1
357 454 0 1
356 454 0 1
355 454 0 1
354 454 0 1
353 454 0 1
352 454 0 1
351 454 0 1
350 454 0 1
349 454 0 1
348 454 0 1
347 454 0 1
346 454 0 1
345 454 0 1
344 454 0 1
343 454 0 1
342 454 0 1
341 454 0 1
340 454 0 1
339 454 0 1
338 454 0 1
337 454 0 1
336 454 0 1
335 454 0 1
334 454 0 1
361 453 0 1
360 453 0 1
359 453 0 1
358 453 0 1
357 453 0 1
356 453 0 1
355 453 0 1
354 453 0 1
353 453 0 1
352 453 0 1
351 453 0 1
350 453 0 1
349 453 0 1
348 453 0 1
347 453 0 1
346 453 0 1
345 453 0 1
344 453 0 1
343 453 0 1
342 453 0 1
341 453 0 1
340 453 0 1
366 452 0 1
365 452 0 1
364 452 0 1
363 452 0 1
362 452 0 1
361 452 0 1
360 452 0 1
359 452 0 1
358 452 0 1
357 452 0 1
356 452 0 1
355 452 0 1
354 452 0 1
353 452 0 1
352 452 0 1
351 452 0 1
350 452 0 1
349 452 0 1
348 452 0 1
347 452 0 1
346 452 0 1
345 452 0 1
366 451 0 1
365 451 0 1
364 451 0 1
363 451 0 1
362 451 0 1
361 451 0 1
360 451 0 1
359 451 0 1
358 451 0 1
357 451 0 1
356 451 0 1
355 451 0 1
354 451 0 1
353 451 0 1
352 451 0 1
351 451 0 1
350 451 0 1
366 450 0 1
365 450 0 1
364 450 0 1
363 450 0 1
362 450 0 1
361 450 0 1
360 450 0 1
359 450 0 1
358 450 0 1
357 450 0 1
356 450 0 1
355 450 0 1
354 450 0 1
366 449 0 1
365 449 0 1
364 449 0 1
363 449 0 1
362 449 0 1
361 449 0 1
360 449 0 1
359 449 0 1
358 449 0 1
357 449 0 1
174 409 0 1
173 409 0 1
172 409 0 1
171 409 0 1
170 409 0 1
169 409 0 1
168 409 0 1
167 409 0 1
166 409 0 1
165 409 0 1
164 409 0 1
163 409 0 1
162 409 0 1
161 409 0 1
160 409 0 1
159 409 0 1
158 409 0 1
157 409 0 1
156 409 0 1
155 409 0 1
154 409 0 1
153 409 0 1
152 409 0 1
151 409 0 1
150 409 0 1
149 409 0 1
148 409 0 1
147 409 0 1
146 409 0 1
145 409 0 1
144 409 0 1
143 409 0 1
142 409 0 1
141 409 0 1
140 409 0 1
139 409 0 1
138 409 0 1
137 409 0 1
136 409 0 1
135 409 0 1
134 409 0 1
133 409 0 1
132 409 0 1
131 409 0 1
180 408 0 1
179 408 0 1
178 408 0 1
177 408 0 1
176 408 0 1
175 408 0 1
174 408 0 1
173 408 0 1
172 408 0 1
171 408 0 1
170 408 0 1
169 408 0 1
168 408 0 1
167 408 0 1
166 408 0 1
165 408 0 1
164 408 0 1
163 408 0 1
162 408 0 1
161 408 0 1
160 408 0 1
159 408 0 1
158 408 0 1
157 408 0 1
156 408 0 1
155 408 0 1
154 408 0 1
153 408 0 1
152 408 0 1
151 408 0 1
150 408 0 1
149 408 0 1
148 408 0 1
147 408 0 1
146 408 0 1
145 408 0 1
144 408 0 1
143 408 0 1
142 408 0 1
141 408 0 1
140 408 0 1
139 408 0 1
138 408 0 1
137 408 0 1
136 408 0 1
135 408 0 1
134 408 0 1
133 408 0 1
132 408 0 1
131 408 0 1
186 407 0 1
185 407 0 1
184 407 0 1
183 407 0 1
182 407 0 1
181 407 0 1
180 407 0 1
179 407 0 1
178 407 0 1
177 407 0 1
176 407 0 1
175 407 0 1
174 407 0 1
173 407 0 1
172 407 0 1
171 407 0 1
170 407 0 1
169 407 0 1
168 407 0 1
167 407 0 1
166 407 0 1
165 407 0 1
164 407 0 1
163 407 0 1
162 407 0 1
161 407 0 1
160 407 0 1
159 407 0 1
158 407 0 1
157 407 0 1
156 407 0 1
155 407 0 1
154 407 0 1
153 407 0 1
152 407 0 1
151 407 0 1
150 407 0 1
149 407 0 1
148 407 0 1
147 407 0 1
146 407 0 1
145 407 0 1
144 407 0 1
143 407 0 1
142 407 0 1
141 407 0 1
140 407 0 1
139 407 0 1
138 407 0 1
137 407 0 1
136 407 0 1
135 407 0 1
134 407 0 1
133 407 0 1
132 407 0 1
131 407 0 1
190 406 0 1
189 406 0 1
188 406 0 1
187 406 0 1
186 406 0 1
185 406 0 1
184 406 0 1
183 406 0 1
182 406 0 1
181 406 0 1
180 406 0 1
179 406 0 1
178 406 0 1
177 406 0 1
176 406 0 1
175 406 0 1
174 406 0 1
173 406 0 1
172 406 0 1
171 406 0 1
170 406 0 1
169 406 0 1
168 406 0 1
167 406 0 1
166 406 0 1
165 406 0 1
164 406 0 1
163 406 0 1
162 406 0 1
161 406 0 1
160 406 0 1
159 406 0 1
158 406 0 1
157 406 0 1
156 406 0 1
155 406 0 1
154 406 0 1
153 406 0 1
152 406 0 1
151 406 0 1
150 406 0 1
149 406 0 1
148 406 0 1
147 406 0 1
146 406 0 1
145 406 0 1
144 406 0 1
143 406 0 1
142 406 0 1
141 406 0 1
140 406 0 1
139 406 0 1
138 406 0 1
137 406 0 1
136 406 0 1
135 406 0 1
134 406 0 1
133 406 0 1
132 406 0 1
131 406 0 1
193 405 0 1
192 405 0 1
191 405 0 1
190 405 0 1
189 405 0 1
188 405 0 1
187 405 0 1
186 405 0 1
185 405 0 1
184 405 0 1
183 405 0 1
182 405 0 1
181 405 0 1
180 405 0 1
179 405 0 1
178 405 0 1
177 405 0 1
176 405 0 1
175 405 0 1
174 405 0 1
173 405 0 1
172 405 0 1
171 405 0 1
170 405 0 1
169 405 0 1
168 405 0 1
198 404 0 1
197 404 0 1
196 404 0 1
195 404 0 1
194 404 0 1
193 404 0 1
192 404 0 1
191 404 0 1
190 404 0 1
189 404 0 1
188 404 0 1
187 404 0 1
186 404 0 1
185 404 0 1
184 404 0 1
183 404 0 1
182 404 0 1
181 404 0 1
180 404 0 1
179 404 0 1
178 404 0 1
177 404 0 1
176 404 0 1
175 404 0 1
203 403 0 1
202 403 0 1
201 403 0 1
200 403 0 1
199 403 0 1
198 403 0 1
197 403 0 1
196 403 0 1
195 403 0 1
194 403 0 1
193 403 0 1
192 403 0 1
191 403 0 1
190 403 0 1
189 403 0 1
188 403 0 1
187 403 0 1
186 403 0 1
185 403 0 1
184 403 0 1
183 403 0 1
182 403 0 1
181 403 0 1
208 402 0 1
207 402 0 1
206 402 0 1
205 402 0 1
204 402 0 1
203 402 0 1
202 402 0 1
201 402 0 1
200 402 0 1
199 402 0 1
198 402 0 1
197 402 0 1
196 402 0 1
195 402 0 1
194 402 0 1
193 402 0 1
192 402 0 1
191 402 0 1
190 402 0 1
189 402 0 1
188 402 0 1
187 402 0 1
186 402 0 1
209 401 0 1
208 401 0 1
207 401 0 1
206 401 0 1
205 401 0 1
204 401 0 1
203 401 0 1
202 401 0 1
201 401 0 1
200 401 0 1
199 401 0 1
198 401 0 1
197 401 0 1
196 401 0 1
195 401 0 1
194 401 0 1
193 401 0 1
192 401 0 1
191 401 0 1
190 401 0 1
189 401 0 1
211 400 0 1
210 400 0 1
209 400 0 1
208 400 0 1
207 400 0 1
206 400 0 1
205 400 0 1
204 400 0 1
203 400 0 1
202 400 0 1
201 400 0 1
200 400 0 1
199 400 0 1
198 400 0 1
197 400 0 1
196 400 0 1
195 400 0 1
194 400 0 1
193 400 0 1
192 400 0 1
212 399 0 1
211 399 0 1
210 399 0 1
209 399 0 1
208 399 0 1
207 399 0 1
206 399 0 1
205 399 0 1
204 399 0 1
203 399 0 1
202 399 0 1
201 399 0 1
200 399 0 1
199 399 0 1
198 399 0 1
197 399 0 1
214 398 0 1
213 398 0 1
212 398 0 1
211 398 0 1
210 398 0 1
209 398 0 1
208 398 0 1
207 398 0 1
206 398 0 1
205 398 0 1
204 398 0 1
203 398 0 1
202 398 0 1
215 397 0 1
214 397 0 1
213 397 0 1
212 397 0 1
211 397 0 1
210 397 0 1
209 397 0 1
208 397 0 1
207 397 0 1
216 396 0 1
215 396 0 1
214 396 0 1
213 396 0 1
212 396 0 1
211 396 0 1
210 396 0 1
209 396 0 1
217 395 0 1
216 395 0 1
215 395 0 1
214 395 0 1
213 395 0 1
212 395 0 1
211 395 0 1
210 395 0 1
218 394 0 1
217 394 0 1
216 394 0 1
215 394 0 1
214 394 0 1
213 394 0 1
212 394 0 1
211 394 0 1
219 393 0 1
218 393 0 1
217 393 0 1
216 393 0 1
215 393 0 1
214 393 0 1
213 393 0 1
221 392 0 1
220 392 0 1
219 392 0 1
218 392 0 1
217 392 0 1
216 392 0 1
215 392 0 1
214 392 0 1
222 391 0 1
221 391 0 1
220 391 0 1
219 391 0 1
218 391 0 1
217 391 0 1
216 391 0 1
215 391 0 1
268 390 0 0
267 390 0 0
266 390 0 0
265 390 0 0
223 390 0 1
222 390 0 1
221 390 0 1
220 390 0 1
219 390 0 1
218 390 0 1
217 390 0 1
216 390 0 1
268 389 0 0
267 389 0 0
266 389 0 0
265 389 0 0
223 389 0 1
222 389 0 1
221 389 0 1
220 389 0 1
219 389 0 1
218 389 0 1
217 389 0 1
268 388 0 0
267 388 0 0
266 388 0 0
265 388 0 0
224 388 0 1
223 388 0 1
222 388 0 1
221 388 0 1
220 388 0 1
219 388 0 1
268 387 0 0
267 387 0 0
266 387 0 0
265 387 0 0
225 387 0 1
224 387 0 1
223 387 0 1
222 387 0 1
221 387 0 1
220 387 0 1
269 386 0 0
268 386 0 0
267 386 0 0
266 386 0 0
265 386 0 0
225 386 0 1
224 386 0 1
223 386 0 1
222 386 0 1
221 386 0 1
220 386 0 1
269 385 0 0
268 385 0 0
267 385 0 0
266 385 0 0
265 385 0 0
225 385 0 1
224 385 0 1
223 385 0 1
222 385 0 1
221 385 0 1
269 384 0 0
268 384 0 0
267 384 0 0
266 384 0 0
265 384 0 0
225 384 0 1
224 384 0 1
223 384 0 1
222 384 0 1
221 384 0 1
270 383 0 0
269 383 0 0
268 383 0 0
267 383 0 0
266 383 0 0
265 383 0 0
225 383 0 1
224 383 0 1
223 383 0 1
222 383 0 1
221 383 0 1
270 382 0 0
269 382 0 0
268 382 0 0
267 382 0 0
266 382 0 0
265 382 0 0
225 382 0 1
224 382 0 1
223 382 0 1
222 382 0 1
221 382 0 1
270 381 0 0
269 381 0 0
268 381 0 0
267 381 0 0
266 381 0 0
225 381 0 1
224 381 0 1
223 381 0 1
222 381 0 1
270 380 0 0
269 380 0 0
268 380 0 0
267 380 0 0
266 380 0 0
225 380 0 1
224 380 0 1
223 380 0 1
222 380 0 1
270 379 0 0
269 379 0 0
268 379 0 0
267 379 0 0
266 379 0 0
225 379 0 1
224 379 0 1
223 379 0 1
222 379 0 1
271 378 0 0
270 378 0 0
269 378 0 0
268 378 0 0
267 378 0 0
266 378 0 0
225 378 0 1
224 378 0 1
223 378 0 1
222 378 0 1
271 377 0 0
270 377 0 0
269 377 0 0
268 377 0 0
267 377 0 0
266 377 0 0
225 377 0 1
224 377 0 1
223 377 0 1
222 377 0 1
271 376 0 0
270 376 0 0
269 376 0 0
268 376 0 0
267 376 0 0
225 376 0 1
224 376 0 1
223 376 0 1
222 376 0 1
272 375 0 0
271 375 0 0
270 375 0 0
269 375 0 0
268 375 0 0
267 375 0 0
225 375 0 1
224 375 0 1
223 375 0 1
222 375 0 1
272 374 0 0
271 374 0 0
270 374 0 0
269 374 0 0
268 374 0 0
267 374 0 0
225 374 0 1
224 374 0 1
223 374 0 1
222 374 0 1
272 373 0 0
271 373 0 0
270 373 0 0
269 373 0 0
268 373 0 0
225 373 0 1
224 373 0 1
223 373 0 1
222 373 0 1
272 372 0 0
271 372 0 0
270 372 0 0
269 372 0 0
268 372 0 0
225 372 0 1
224 372 0 1
223 372 0 1
222 372 0 1
273 371 0 0
272 371 0 0
271 371 0 0
270 371 0 0
269 371 0 0
268 371 0 0
225 371 0 1
224 371 0 1
223 371 0 1
222 371 0 1
273 370 0 0
272 370 0 0
271 370 0 0
270 370 0 0
269 370 0 0
225 370 0 1
224 370 0 1
223 370 0 1
222 370 0 1
273 369 0 0
272 369 0 0
271 369 0 0
270 369 0 0
269 369 0 0
225 369 0 1
224 369 0 1
223 369 0 1
222 369 0 1
274 368 0 0
273 368 0 0
272 368 0 0
271 368 0 0
270 368 0 0
269 368 0 0
225 368 0 1
224 368 0 1
223 368 0 1
222 368 0 1
274 367 0 0
273 367 0 0
272 367 0 0
271 367 0 0
270 367 0 0
269 367 0 0
225 367 0 1
224 367 0 1
223 367 0 1
222 367 0 1
274 366 0 0
273 366 0 0
272 366 0 0
271 366 0 0
270 366 0 0
225 366 0 1
224 366 0 1
223 366 0 1
222 366 0 1
275 365 0 0
274 365 0 0
273 365 0 0
272 365 0 0
271 365 0 0
270 365 0 0
225 365 0 1
224 365 0 1
223 365 0 1
222 365 0 1
275 364 0 0
274 364 0 0
273 364 0 0
272 364 0 0
271 364 0 0
225 364 0 1
224 364 0 1
223 364 0 1
222 364 0 1
276 363 0 0
275 363 0 0
274 363 0 0
273 363 0 0
272 363 0 0
271 363 0 0
225 363 0 1
224 363 0 1
223 363 0 1
222 363 0 1
276 362 0 0
275 362 0 0
274 362 0 0
273 362 0 0
272 362 0 0
271 362 0 0
225 362 0 1
224 362 0 1
223 362 0 1
222 362 0 1
276 361 0 0
275 361 0 0
274 361 0 0
273 361 0 0
272 361 0 0
225 361 0 1
224 361 0 1
223 361 0 1
222 361 0 1
276 360 0 0
275 360 0 0
274 360 0 0
273 360 0 0
272 360 0 0
225 360 0 1
224 360 0 1
223 360 0 1
222 360 0 1
277 359 0 0
276 359 0 0
275 359 0 0
274 359 0 0
273 359 0 0
272 359 0 0
225 359 0 1
224 359 0 1
223 359 0 1
222 359 0 1
277 358 0 0
276 358 0 0
275 358 0 0
274 358 0 0
273 358 0 0
225 358 0 1
224 358 0 1
223 358 0 1
222 358 0 1
277 357 0 0
276 357 0 0
275 357 0 0
274 357 0 0
273 357 0 0
225 357 0 1
224 357 0 1
223 357 0 1
222 357 0 1
278 356 0 0
277 356 0 0
276 356 0 0
275 356 0 0
274 356 0 0
273 356 0 0
225 356 0 1
224 356 0 1
223 356 0 1
222 356 0 1
278 355 0 0
277 355 0 0
276 355 0 0
275 355 0 0
274 355 0 0
273 355 0 0
225 355 0 1
224 355 0 1
223 355 0 1
222 355 0 1
278 354 0 0
277 354 0 0
276 354 0 0
275 354 0 0
274 354 0 0
225 354 0 1
224 354 0 1
223 354 0 1
222 354 0 1
279 353 0 0
278 353 0 0
277 353 0 0
276 353 0 0
275 353 0 0
274 353 0 0
225 353 0 1
224 353 0 1
223 353 0 1
222 353 0 1
279 352 0 0
278 352 0 0
277 352 0 0
276 352 0 0
275 352 0 0
225 352 0 1
224 352 0 1
223 352 0 1
222 352 0 1
185 352 0 0
184 352 0 0
183 352 0 0
182 352 0 0
279 351 0 0
278 351 0 0
277 351 0 0
276 351 0 0
275 351 0 0
225 351 0 1
224 351 0 1
223 351 0 1
222 351 0 1
185 351 0 0
184 351 0 0
183 351 0 0
182 351 0 0
280 350 0 0
279 350 0 0
278 350 0 0
277 350 0 0
276 350 0 0
275 350 0 0
225 350 0 1
224 350 0 1
223 350 0 1
222 350 0 1
185 350 0 0
184 350 0 0
183 350 0 0
182 350 0 0
280 349 0 0
279 349 0 0
278 349 0 0
277 349 0 0
276 349 0 0
225 349 0 1
224 349 0 1
223 349 0 1
222 349 0 1
185 349 0 0
184 349 0 0
183 349 0 0
182 349 0 0
280 348 0 0
279 348 0 0
278 348 0 0
277 348 0 0
276 348 0 0
225 348 0 1
224 348 0 1
223 348 0 1
222 348 0 1
185 348 0 0
184 348 0 0
183 348 0 0
182 348 0 0
281 347 0 0
280 347 0 0
279 347 0 0
278 347 0 0
277 347 0 0
276 347 0 0
225 347 0 1
224 347 0 1
223 347 0 1
222 347 0 1
185 347 0 0
184 347 0 0
183 347 0 0
182 347 0 0
281 346 0 0
280 346 0 0
279 346 0 0
278 346 0 0
277 346 0 0
225 346 0 1
224 346 0 1
223 346 0 1
222 346 0 1
185 346 0 0
184 346 0 0
183 346 0 0
182 346 0 0
281 345 0 0
280 345 0 0
279 345 0 0
278 345 0 0
277 345 0 0
225 345 0 1
224 345 0 1
223 345 0 1
222 345 0 1
185 345 0 0
184 345 0 0
183 345 0 0
182 345 0 0
281 344 0 0
280 344 0 0
279 344 0 0
278 344 0 0
277 344 0 0
225 344 0 1
224 344 0 1
223 344 0 1
222 344 0 1
185 344 0 0
184 344 0 0
183 344 0 0
182 344 0 0
281 343 0 0
280 343 0 0
279 343 0 0
278 343 0 0
277 343 0 0
225 343 0 1
224 343 0 1
223 343 0 1
222 343 0 1
185 343 0 0
184 343 0 0
183 343 0 0
182 343 0 0
282 342 0 0
281 342 0 0
280 342 0 0
279 342 0 0
278 342 0 0
277 342 0 0
225 342 0 1
224 342 0 1
223 342 0 1
222 342 0 1
185 342 0 0
184 342 0 0
183 342 0 0
182 342 0 0
282 341 0 0
281 341 0 0
280 341 0 0
279 341 0 0
278 341 0 0
225 341 0 1
224 341 0 1
223 341 0 1
222 341 0 1
185 341 0 0
184 341 0 0
183 341 0 0
182 341 0 0
282 340 0 0
281 340 0 0
280 340 0 0
279 340 0 0
278 340 0 0
225 340 0 1
224 340 0 1
223 340 0 1
222 340 0 1
185 340 0 0
184 340 0 0
183 340 0 0
182 340 0 0
282 339 0 0
281 339 0 0
280 339 0 0
279 339 0 0
278 339 0 0
225 339 0 1
224 339 0 1
223 339 0 1
222 339 0 1
185 339 0 0
184 339 0 0
183 339 0 0
182 339 0 0
282 338 0 0
281 338 0 0
280 338 0 0
279 338 0 0
278 338 0 0
225 338 0 1
224 338 0 1
223 338 0 1
222 338 0 1
185 338 0 0
184 338 0 0
183 338 0 0
182 338 0 0
283 337 0 0
282 337 0 0
281 337 0 0
280 337 0 0
279 337 0 0
278 337 0 0
225 337 0 1
224 337 0 1
223 337 0 1
222 337 0 1
185 337 0 0
184 337 0 0
183 337 0 0
182 337 0 0
283 336 0 0
282 336 0 0
281 336 0 0
280 336 0 0
279 336 0 0
225 336 0 1
224 336 0 1
223 336 0 1
222 336 0 1
185 336 0 0
184 336 0 0
183 336 0 0
182 336 0 0
283 335 0 0
282 335 0 0
281 335 0 0
280 335 0 0
279 335 0 0
225 335 0 1
224 335 0 1
223 335 0 1
222 335 0 1
185 335 0 0
184 335 0 0
183 335 0 0
182 335 0 0
283 334 0 0
282 334 0 0
281 334 0 0
280 334 0 0
279 334 0 0
225 334 0 1
224 334 0 1
223 334 0 1
222 334 0 1
185 334 0 0
184 334 0 0
183 334 0 0
182 334 0 0
284 333 0 0
283 333 0 0
282 333 0 0
281 333 0 0
280 333 0 0
279 333 0 0
225 333 0 1
224 333 0 1
223 333 0 1
222 333 0 1
185 333 0 0
184 333 0 0
183 333 0 0
182 333 0 0
284 332 0 0
283 332 0 0
282 332 0 0
281 332 0 0
280 332 0 0
225 332 0 1
224 332 0 1
223 332 0 1
222 332 0 1
185 332 0 0
184 332 0 0
183 332 0 0
182 332 0 0
284 331 0 0
283 331 0 0
282 331 0 0
281 331 0 0
280 331 0 0
225 331 0 1
224 331 0 1
223 331 0 1
222 331 0 1
185 331 0 0
184 331 0 0
183 331 0 0
182 331 0 0
284 330 0 0
283 330 0 0
282 330 0 0
281 330 0 0
280 330 0 0
225 330 0 1
224 330 0 1
223 330 0 1
222 330 0 1
185 330 0 0
184 330 0 0
183 330 0 0
182 330 0 0
285 329 0 0
284 329 0 0
283 329 0 0
282 329 0 0
281 329 0 0
280 329 0 0
225 329 0 1
224 329 0 1
223 329 0 1
222 329 0 1
185 329 0 0
184 329 0 0
183 329 0 0
182 329 0 0
285 328 0 0
284 328 0 0
283 328 0 0
282 328 0 0
281 328 0 0
225 328 0 1
224 328 0 1
223 328 0 1
222 328 0 1
185 328 0 0
184 328 0 0
183 328 0 0
182 328 0 0
285 327 0 0
284 327 0 0
283 327 0 0
282 327 0 0
281 327 0 0
225 327 0 1
224 327 0 1
223 327 0 1
222 327 0 1
185 327 0 0
184 327 0 0
183 327 0 0
182 327 0 0
286 326 0 0
285 326 0 0
284 326 0 0
283 326 0 0
282 326 0 0
281 326 0 0
225 326 0 1
224 326 0 1
223 326 0 1
222 326 0 1
185 326 0 0
184 326 0 0
183 326 0 0
182 326 0 0
286 325 0 0
285 325 0 0
284 325 0 0
283 325 0 0
282 325 0 0
281 325 0 0
225 325 0 1
224 325 0 1
223 325 0 1
222 325 0 1
185 325 0 0
184 325 0 0
183 325 0 0
182 325 0 0
286 324 0 0
285 324 0 0
284 324 0 0
283 324 0 0
282 324 0 0
225 324 0 1
224 324 0 1
223 324 0 1
222 324 0 1
185 324 0 0
184 324 0 0
183 324 0 0
182 324 0 0
287 323 0 0
286 323 0 0
285 323 0 0
284 323 0 0
283 323 0 0
282 323 0 0
225 323 0 1
224 323 0 1
223 323 0 1
222 323 0 1
185 323 0 0
184 323 0 0
183 323 0 0
182 323 0 0
287 322 0 0
286 322 0 0
285 322 0 0
284 322 0 0
283 322 0 0
225 322 0 1
224 322 0 1
223 322 0 1
222 322 0 1
185 322 0 0
184 322 0 0
183 322 0 0
182 322 0 0
288 321 0 0
287 321 0 0
286 321 0 0
285 321 0 0
284 321 0 0
283 321 0 0
225 321 0 1
224 321 0 1
223 321 0 1
222 321 0 1
185 321 0 0
184 321 0 0
183 321 0 0
182 321 0 0
288 320 0 0
287 320 0 0
286 320 0 0
285 320 0 0
284 320 0 0
283 320 0 0
225 320 0 1
224 320 0 1
223 320 0 1
222 320 0 1
185 320 0 0
184 320 0 0
183 320 0 0
182 320 0 0
288 319 0 0
287 319 0 0
286 319 0 0
285 319 0 0
284 319 0 0
225 319 0 1
224 319 0 1
223 319 0 1
222 319 0 1
185 319 0 0
184 319 0 0
183 319 0 0
182 319 0 0
289 318 0 0
288 318 0 0
287 318 0 0
286 318 0 0
285 318 0 0
284 318 0 0
225 318 0 1
224 318 0 1
223 318 0 1
222 318 0 1
185 318 0 0
184 318 0 0
183 318 0 0
182 318 0 0
289 317 0 0
288 317 0 0
287 317 0 0
286 317 0 0
285 317 0 0
284 317 0 0
225 317 0 1
224 317 0 1
223 317 0 1
222 317 0 1
185 317 0 0
184 317 0 0
183 317 0 0
182 317 0 0
289 316 0 0
288 316 0 0
287 316 0 0
286 316 0 0
285 316 0 0
225 316 0 1
224 316 0 1
223 316 0 1
222 316 0 1
185 316 0 0
184 316 0 0
183 316 0 0
182 316 0 0
290 315 0 0
289 315 0 0
288 315 0 0
287 315 0 0
286 315 0 0
285 315 0 0
225 315 0 1
224 315 0 1
223 315 0 1
222 315 0 1
185 315 0 0
184 315 0 0
183 315 0 0
182 315 0 0
290 314 0 0
289 314 0 0
288 314 0 0
287 314 0 0
286 314 0 0
225 314 0 1
224 314 0 1
223 314 0 1
222 314 0 1
185 314 0 0
184 314 0 0
183 314 0 0
182 314 0 0
291 313 0 0
290 313 0 0
289 313 0 0
288 313 0 0
287 313 0 0
286 313 0 0
225 313 0 1
224 313 0 1
223 313 0 1
222 313 0 1
185 313 0 0
184 313 0 0
183 313 0 0
182 313 0 0
291 312 0 0
290 312 0 0
289 312 0 0
288 312 0 0
287 312 0 0
286 312 0 0
225 312 0 1
224 312 0 1
223 312 0 1
222 312 0 1
185 312 0 0
184 312 0 0
183 312 0 0
182 312 0 0
291 311 0 0
290 311 0 0
289 311 0 0
288 311 0 0
287 311 0 0
225 311 0 1
224 311 0 1
223 311 0 1
222 311 0 1
185 311 0 0
184 311 0 0
183 311 0 0
182 311 0 0
291 310 0 0
290 310 0 0
289 310 0 0
288 310 0 0
287 310 0 0
225 310 0 1
224 310 0 1
223 310 0 1
222 310 0 1
185 310 0 0
184 310 0 0
183 310 0 0
182 310 0 0
292 309 0 0
291 309 0 0
290 309 0 0
289 309 0 0
288 309 0 0
287 309 0 0
225 309 0 1
224 309 0 1
223 309 0 1
222 309 0 1
185 309 0 0
184 309 0 0
183 309 0 0
182 309 0 0
292 308 0 0
291 308 0 0
290 308 0 0
289 308 0 0
288 308 0 0
225 308 0 1
224 308 0 1
223 308 0 1
222 308 0 1
185 308 0 0
184 308 0 0
183 308 0 0
182 308 0 0
292 307 0 0
291 307 0 0
290 307 0 0
289 307 0 0
288 307 0 0
225 307 0 1
224 307 0 1
223 307 0 1
222 307 0 1
185 307 0 0
184 307 0 0
183 307 0 0
182 307 0 0
292 306 0 0
291 306 0 0
290 306 0 0
289 306 0 0
288 306 0 0
225 306 0 1
224 306 0 1
223 306 0 1
222 306 0 1
185 306 0 0
184 306 0 0
183 306 0 0
182 306 0 0
293 305 0 0
292 305 0 0
291 305 0 0
290 305 0 0
289 305 0 0
288 305 0 0
225 305 0 1
224 305 0 1
223 305 0 1
222 305 0 1
185 305 0 0
184 305 0 0
183 305 0 0
182 305 0 0
293 304 0 0
292 304 0 0
291 304 0 0
290 304 0 0
289 304 0 0
225 304 0 1
224 304 0 1
223 304 0 1
222 304 0 1
185 304 0 0
184 304 0 0
183 304 0 0
182 304 0 0
293 303 0 0
292 303 0 0
291 303 0 0
290 303 0 0
289 303 0 0
225 303 0 1
224 303 0 1
223 303 0 1
222 303 0 1
185 303 0 0
184 303 0 0
183 303 0 0
182 303 0 0
293 302 0 0
292 302 0 0
291 302 0 0
290 302 0 0
289 302 0 0
225 302 0 1
224 302 0 1
223 302 0 1
222 302 0 1
185 302 0 0
184 302 0 0
183 302 0 0
182 302 0 0
294 301 0 0
293 301 0 0
292 301 0 0
291 301 0 0
290 301 0 0
289 301 0 0
225 301 0 1
224 301 0 1
223 301 0 1
222 301 0 1
185 301 0 0
184 301 0 0
183 301 0 0
182 301 0 0
294 300 0 0
293 300 0 0
292 300 0 0
291 300 0 0
290 300 0 0
225 300 0 1
224 300 0 1
223 300 0 1
222 300 0 1
185 300 0 0
184 300 0 0
183 300 0 0
182 300 0 0
294 299 0 0
293 299 0 0
292 299 0 0
291 299 0 0
290 299 0 0
225 299 0 1
224 299 0 1
223 299 0 1
222 299 0 1
185 299 0 0
184 299 0 0
183 299 0 0
182 299 0 0
295 298 0 0
294 298 0 0
293 298 0 0
292 298 0 0
291 298 0 0
290 298 0 0
225 298 0 1
224 298 0 1
223 298 0 1
222 298 0 1
185 298 0 0
184 298 0 0
183 298 0 0
182 298 0 0
295 297 0 0
294 297 0 0
293 297 0 0
292 297 0 0
291 297 0 0
290 297 0 0
225 297 0 1
224 297 0 1
223 297 0 1
222 297 0 1
185 297 0 0
184 297 0 0
183 297 0 0
182 297 0 0
295 296 0 0
294 296 0 0
293 296 0 0
292 296 0 0
291 296 0 0
225 296 0 1
224 296 0 1
223 296 0 1
222 296 0 1
185 296 0 0
184 296 0 0
183 296 0 0
182 296 0 0
295 295 0 0
294 295 0 0
293 295 0 0
292 295 0 0
291 295 0 0
225 295 0 1
224 295 0 1
223 295 0 1
222 295 0 1
185 295 0 0
184 295 0 0
183 295 0 0
182 295 0 0
296 294 0 0
295 294 0 0
294 294 0 0
293 294 0 0
292 294 0 0
291 294 0 0
225 294 0 1
224 294 0 1
223 294 0 1
222 294 0 1
185 294 0 0
184 294 0 0
183 294 0 0
182 294 0 0
296 293 0 0
295 293 0 0
294 293 0 0
293 293 0 0
292 293 0 0
291 293 0 0
225 293 0 1
224 293 0 1
223 293 0 1
222 293 0 1
185 293 0 0
184 293 0 0
183 293 0 0
182 293 0 0
296 292 0 0
295 292 0 0
294 292 0 0
293 292 0 0
292 292 0 0
225 292 0 1
224 292 0 1
223 292 0 1
222 292 0 1
185 292 0 0
184 292 0 0
183 292 0 0
182 292 0 0
296 291 0 0
295 291 0 0
294 291 0 0
293 291 0 0
292 291 0 0
225 291 0 1
224 291 0 1
223 291 0 1
222 291 0 1
185 291 0 0
184 291 0 0
183 291 0 0
182 291 0 0
297 290 0 0
296 290 0 0
295 290 0 0
294 290 0 0
293 290 0 0
292 290 0 0
225 290 0 1
224 290 0 1
223 290 0 1
222 290 0 1
185 290 0 0
184 290 0 0
183 290 0 0
182 290 0 0
297 289 0 0
296 289 0 0
295 289 0 0
294 289 0 0
293 289 0 0
292 289 0 0
225 289 0 1
224 289 0 1
223 289 0 1
222 289 0 1
185 289 0 0
184 289 0 0
183 289 0 0
182 289 0 0
297 288 0 0
296 288 0 0
295 288 0 0
294 288 0 0
293 288 0 0
225 288 0 1
224 288 0 1
223 288 0 1
222 288 0 1
185 288 0 0
184 288 0 0
183 288 0 0
182 288 0 0
297 287 0 0
296 287 0 0
295 287 0 0
294 287 0 0
293 287 0 0
225 287 0 1
224 287 0 1
223 287 0 1
222 287 0 1
185 287 0 0
184 287 0 0
183 287 0 0
182 287 0 0
298 286 0 0
297 286 0 0
296 286 0 0
295 286 0 0
294 286 0 0
293 286 0 0
225 286 0 1
224 286 0 1
223 286 0 1
222 286 0 1
185 286 0 0
184 286 0 0
183 286 0 0
182 286 0 0
181 286 0 0
298 285 0 0
297 285 0 0
296 285 0 0
295 285 0 0
294 285 0 0
293 285 0 0
225 285 0 1
224 285 0 1
223 285 0 1
222 285 0 1
185 285 0 0
184 285 0 0
183 285 0 0
182 285 0 0
181 285 0 0
298 284 0 0
297 284 0 0
296 284 0 0
295 284 0 0
294 284 0 0
225 284 0 1
224 284 0 1
223 284 0 1
222 284 0 1
185 284 0 0
184 284 0 0
183 284 0 0
182 284 0 0
181 284 0 0
298 283 0 0
297 283 0 0
296 283 0 0
295 283 0 0
294 283 0 0
225 283 0 1
224 283 0 1
223 283 0 1
222 283 0 1
185 283 0 0
184 283 0 0
183 283 0 0
182 283 0 0
181 283 0 0
299 282 0 0
298 282 0 0
297 282 0 0
296 282 0 0
295 282 0 0
294 282 0 0
225 282 0 1
224 282 0 1
223 282 0 1
222 282 0 1
185 282 0 0
184 282 0 0
183 282 0 0
182 282 0 0
181 282 0 0
299 281 0 0
298 281 0 0
297 281 0 0
296 281 0 0
295 281 0 0
294 281 0 0
225 281 0 1
224 281 0 1
223 281 0 1
222 281 0 1
221 281 0 1
185 281 0 0
184 281 0 0
183 281 0 0
182 281 0 0
181 281 0 0
299 280 0 0
298 280 0 0
297 280 0 0
296 280 0 0
295 280 0 0
225 280 0 1
224 280 0 1
223 280 0 1
222 280 0 1
221 280 0 1
185 280 0 0
184 280 0 0
183 280 0 0
182 280 0 0
181 280 0 0
299 279 0 0
298 279 0 0
297 279 0 0
296 279 0 0
295 279 0 0
225 279 0 1
224 279 0 1
223 279 0 1
222 279 0 1
221 279 0 1
185 279 0 0
184 279 0 0
183 279 0 0
182 279 0 0
181 279 0 0
300 278 0 0
299 278 0 0
298 278 0 0
297 278 0 0
296 278 0 0
295 278 0 0
225 278 0 1
224 278 0 1
223 278 0 1
222 278 0 1
221 278 0 1
185 278 0 0
184 278 0 0
183 278 0 0
182 278 0 0
181 278 0 0
300 277 0 0
299 277 0 0
298 277 0 0
297 277 0 0
296 277 0 0
225 277 0 1
224 277 0 1
223 277 0 1
222 277 0 1
221 277 0 1
185 277 0 0
184 277 0 0
183 277 0 0
182 277 0 0
181 277 0 0
300 276 0 0
299 276 0 0
298 276 0 0
297 276 0 0
296 276 0 0
225 276 0 1
224 276 0 1
223 276 0 1
222 276 0 1
221 276 0 1
185 276 0 0
184 276 0 0
183 276 0 0
182 276 0 0
181 276 0 0
300 275 0 0
299 275 0 0
298 275 0 0
297 275 0 0
296 275 0 0
225 275 0 1
224 275 0 1
223 275 0 1
222 275 0 1
221 275 0 1
185 275 0 0
184 275 0 0
183 275 0 0
182 275 0 0
181 275 0 0
301 274 0 0
300 274 0 0
299 274 0 0
298 274 0 0
297 274 0 0
296 274 0 0
225 274 0 1
224 274 0 1
223 274 0 1
222 274 0 1
221 274 0 1
185 274 0 0
184 274 0 0
183 274 0 0
182 274 0 0
181 274 0 0
301 273 0 0
300 273 0 0
299 273 0 0
298 273 0 0
297 273 0 0
225 273 0 1
224 273 0 1
223 273 0 1
222 273 0 1
221 273 0 1
185 273 0 0
184 273 0 0
183 273 0 0
182 273 0 0
181 273 0 0
301 272 0 0
300 272 0 0
299 272 0 0
298 272 0 0
297 272 0 0
224 272 0 1
223 272 0 1
222 272 0 1
221 272 0 1
185 272 0 0
184 272 0 0
183 272 0 0
182 272 0 0
181 272 0 0
301 271 0 0
300 271 0 0
299 271 0 0
298 271 0 0
297 271 0 0
224 271 0 1
223 271 0 1
222 271 0 1
221 271 0 1
185 271 0 0
184 271 0 0
183 271 0 0
182 271 0 0
181 271 0 0
302 270 0 0
301 270 0 0
300 270 0 0
299 270 0 0
298 270 0 0
297 270 0 0
224 270 0 1
223 270 0 1
222 270 0 1
221 270 0 1
185 270 0 0
184 270 0 0
183 270 0 0
182 270 0 0
181 270 0 0
302 269 0 0
301 269 0 0
300 269 0 0
299 269 0 0
298 269 0 0
224 269 0 1
223 269 0 1
222 269 0 1
221 269 0 1
184 269 0 0
183 269 0 0
182 269 0 0
181 269 0 0
180 269 0 0
302 268 0 0
301 268 0 0
300 268 0 0
299 268 0 0
298 268 0 0
224 268 0 1
223 268 0 1
222 268 0 1
221 268 0 1
184 268 0 0
183 268 0 0
182 268 0 0
181 268 0 0
180 268 0 0
303 267 0 0
302 267 0 0
301 267 0 0
300 267 0 0
299 267 0 0
298 267 0 0
224 267 0 1
223 267 0 1
222 267 0 1
221 267 0 1
184 267 0 0
183 267 0 0
182 267 0 0
181 267 0 0
180 267 0 0
303 266 0 0
302 266 0 0
301 266 0 0
300 266 0 0
299 266 0 0
298 266 0 0
224 266 0 1
223 266 0 1
222 266 0 1
221 266 0 1
184 266 0 0
183 266 0 0
182 266 0 0
181 266 0 0
180 266 0 0
303 265 0 0
302 265 0 0
301 265 0 0
300 265 0 0
299 265 0 0
224 265 0 1
223 265 0 1
222 265 0 1
221 265 0 1
184 265 0 0
183 265 0 0
182 265 0 0
181 265 0 0
180 265 0 0
304 264 0 0
303 264 0 0
302 264 0 0
301 264 0 0
300 264 0 0
299 264 0 0
224 264 0 1
223 264 0 1
222 264 0 1
221 264 0 1
184 264 0 0
183 264 0 0
182 264 0 0
181 264 0 0
180 264 0 0
304 263 0 0
303 263 0 0
302 263 0 0
301 263 0 0
300 263 0 0
299 263 0 0
224 263 0 1
223 263 0 1
222 263 0 1
221 263 0 1
184 263 0 0
183 263 0 0
182 263 0 0
181 263 0 0
180 263 0 0
304 262 0 0
303 262 0 0
302 262 0 0
301 262 0 0
300 262 0 0
224 262 0 1
223 262 0 1
222 262 0 1
221 262 0 1
184 262 0 0
183 262 0 0
182 262 0 0
181 262 0 0
180 262 0 0
305 261 0 0
304 261 0 0
303 261 0 0
302 261 0 0
301 261 0 0
300 261 0 0
224 261 0 1
223 261 0 1
222 261 0 1
221 261 0 1
184 261 0 0
183 261 0 0
182 261 0 0
181 261 0 0
180 261 0 0
305 260 0 0
304 260 0 0
303 260 0 0
302 260 0 0
301 260 0 0
300 260 0 0
224 260 0 1
223 260 0 1
222 260 0 1
221 260 0 1
184 260 0 0
183 260 0 0
182 260 0 0
181 260 0 0
180 260 0 0
305 259 0 0
304 259 0 0
303 259 0 0
302 259 0 0
301 259 0 0
224 259 0 1
223 259 0 1
222 259 0 1
221 259 0 1
184 259 0 0
183 259 0 0
182 259 0 0
181 259 0 0
180 259 0 0
306 258 0 0
305 258 0 0
304 258 0 0
303 258 0 0
302 258 0 0
301 258 0 0
224 258 0 1
223 258 0 1
222 258 0 1
221 258 0 1
184 258 0 0
183 258 0 0
182 258 0 0
181 258 0 0
180 258 0 0
306 257 0 0
305 257 0 0
304 257 0 0
303 257 0 0
302 257 0 0
301 257 0 0
224 257 0 1
223 257 0 1
222 257 0 1
221 257 0 1
220 257 0 1
219 257 0 1
184 257 0 0
183 257 0 0
182 257 0 0
181 257 0 0
180 257 0 0
306 256 0 0
305 256 0 0
304 256 0 0
303 256 0 0
302 256 0 0
224 256 0 1
223 256 0 1
222 256 0 1
221 256 0 1
220 256 0 1
219 256 0 1
184 256 0 0
183 256 0 0
182 256 0 0
181 256 0 0
180 256 0 0
306 255 0 0
305 255 0 0
304 255 0 0
303 255 0 0
302 255 0 0
224 255 0 1
223 255 0 1
222 255 0 1
221 255 0 1
220 255 0 1
219 255 0 1
184 255 0 0
183 255 0 0
182 255 0 0
181 255 0 0
180 255 0 0
306 254 0 0
305 254 0 0
304 254 0 0
303 254 0 0
302 254 0 0
224 254 0 1
223 254 0 1
222 254 0 1
221 254 0 1
220 254 0 1
219 254 0 1
184 254 0 0
183 254 0 0
182 254 0 0
181 254 0 0
180 254 0 0
306 253 0 0
305 253 0 0
304 253 0 0
303 253 0 0
184 253 0 0
183 253 0 0
182 253 0 0
181 253 0 0
180 253 0 0
306 252 0 0
305 252 0 0
304 252 0 0
303 252 0 0
183 252 0 0
182 252 0 0
181 252 0 0
180 252 0 0
179 252 0 0
306 251 0 0
305 251 0 0
304 251 0 0
303 251 0 0
183 251 0 0
182 251 0 0
181 251 0 0
180 251 0 0
179 251 0 0
306 250 0 0
305 250 0 0
304 250 0 0
303 250 0 0
183 250 0 0
182 250 0 0
181 250 0 0
180 250 0 0
179 250 0 0
306 249 0 0
305 249 0 0
304 249 0 0
303 249 0 0
183 249 0 0
182 249 0 0
181 249 0 0
180 249 0 0
179 249 0 0
306 248 0 0
305 248 0 0
304 248 0 0
303 248 0 0
183 248 0 0
182 248 0 0
181 248 0 0
180 248 0 0
179 248 0 0
306 247 0 0
305 247 0 0
304 247 0 0
303 247 0 0
183 247 0 0
182 247 0 0
181 247 0 0
180 247 0 0
179 247 0 0
306 246 0 0
305 246 0 0
304 246 0 0
303 246 0 0
183 246 0 0
182 246 0 0
181 246 0 0
180 246 0 0
179 246 0 0
306 245 0 0
305 245 0 0
304 245 0 0
303 245 0 0
183 245 0 0
182 245 0 0
181 245 0 0
180 245 0 0
179 245 0 0
306 244 0 0
305 244 0 0
304 244 0 0
303 244 0 0
183 244 0 0
182 244 0 0
181 244 0 0
180 244 0 0
179 244 0 0
306 243 0 0
305 243 0 0
304 243 0 0
303 243 0 0
183 243 0 0
182 243 0 0
181 243 0 0
180 243 0 0
179 243 0 0
178 243 0 0
306 242 0 0
305 242 0 0
304 242 0 0
303 242 0 0
182 242 0 0
181 242 0 0
180 242 0 0
179 242 0 0
178 242 0 0
306 241 0 0
305 241 0 0
304 241 0 0
303 241 0 0
182 241 0 0
181 241 0 0
180 241 0 0
179 241 0 0
178 241 0 0
306 240 0 0
305 240 0 0
304 240 0 0
303 240 0 0
182 240 0 0
181 240 0 0
180 240 0 0
179 240 0 0
178 240 0 0
306 239 0 0
305 239 0 0
304 239 0 0
303 239 0 0
182 239 0 0
181 239 0 0
180 239 0 0
179 239 0 0
178 239 0 0
306 238 0 0
305 238 0 0
304 238 0 0
303 238 0 0
182 238 0 0
181 238 0 0
180 238 0 0
179 238 0 0
178 238 0 0
306 237 0 0
305 237 0 0
304 237 0 0
303 237 0 0
182 237 0 0
181 237 0 0
180 237 0 0
179 237 0 0
178 237 0 0
306 236 0 0
305 236 0 0
304 236 0 0
303 236 0 0
182 236 0 0
181 236 0 0
180 236 0 0
179 236 0 0
178 236 0 0
306 235 0 0
305 235 0 0
304 235 0 0
303 235 0 0
182 235 0 0
181 235 0 0
180 235 0 0
179 235 0 0
178 235 0 0
306 234 0 0
305 234 0 0
304 234 0 0
303 234 0 0
182 234 0 0
181 234 0 0
180 234 0 0
179 234 0 0
178 234 0 0
177 234 0 0
306 233 0 0
305 233 0 0
304 233 0 0
303 233 0 0
181 233 0 0
180 233 0 0
179 233 0 0
178 233 0 0
177 233 0 0
306 232 0 0
305 232 0 0
304 232 0 0
303 232 0 0
181 232 0 0
180 232 0 0
179 232 0 0
178 232 0 0
177 232 0 0
306 231 0 0
305 231 0 0
304 231 0 0
303 231 0 0
181 231 0 0
180 231 0 0
179 231 0 0
178 231 0 0
177 231 0 0
181 230 0 0
180 230 0 0
179 230 0 0
178 230 0 0
177 230 0 0
181 229 0 0
180 229 0 0
179 229 0 0
178 229 0 0
177 229 0 0
181 228 0 0
180 228 0 0
179 228 0 0
178 228 0 0
177 228 0 0
181 227 0 0
180 227 0 0
179 227 0 0
178 227 0 0
177 227 0 0
181 226 0 0
180 226 0 0
179 226 0 0
178 226 0 0
177 226 0 0
181 225 0 0
180 225 0 0
179 225 0 0
178 225 0 0
177 225 0 0
176 225 0 0
180 224 0 0
179 224 0 0
178 224 0 0
177 224 0 0
176 224 0 0
180 223 0 0
179 223 0 0
178 223 0 0
177 223 0 0
176 223 0 0
180 222 0 0
179 222 0 0
178 222 0 0
177 222 0 0
176 222 0 0
180 221 0 0
179 221 0 0
178 221 0 0
177 221 0 0
176 221 0 0
180 220 0 0
179 220 0 0
178 220 0 0
177 220 0 0
176 220 0 0
180 219 0 0
179 219 0 0
178 219 0 0
177 219 0 0
176 219 0 0
180 218 0 0
179 218 0 0
178 218 0 0
177 218 0 0
176 218 0 0
180 217 0 0
179 217 0 0
178 217 0 0
177 217 0 0
176 217 0 0
180 216 0 0
179 216 0 0
178 216 0 0
177 216 0 0
176 216 0 0
179 215 0 0
178 215 0 0
177 215 0 0
176 215 0 0
175 215 0 0
179 214 0 0
178 214 0 0
177 214 0 0
176 214 0 0
175 214 0 0
179 213 0 0
178 213 0 0
177 213 0 0
176 213 0 0
175 213 0 0
179 212 0 0
178 212 0 0
177 212 0 0
176 212 0 0
175 212 0 0
179 211 0 0
178 211 0 0
177 211 0 0
176 211 0 0
175 211 0 0
179 210 0 0
178 210 0 0
177 210 0 0
176 210 0 0
175 210 0 0
179 209 0 0
178 209 0 0
177 209 0 0
176 209 0 0
175 209 0 0
174 209 0 0
178 208 0 0
177 208 0 0
176 208 0 0
175 208 0 0
174 208 0 0
178 207 0 0
177 207 0 0
176 207 0 0
175 207 0 0
174 207 0 0
178 206 0 0
177 206 0 0
176 206 0 0
175 206 0 0
174 206 0 0
178 205 0 0
177 205 0 0
176 205 0 0
175 205 0 0
174 205 0 0
178 204 0 0
177 204 0 0
176 204 0 0
175 204 0 0
174 204 0 0
178 203 0 0
177 203 0 0
176 203 0 0
175 203 0 0
174 203 0 0
173 203 0 0
177 202 0 0
176 202 0 0
175 202 0 0
174 202 0 0
173 202 0 0
177 201 0 0
176 201 0 0
175 201 0 0
174 201 0 0
173 201 0 0
177 200 0 0
176 200 0 0
175 200 0 0
174 200 0 0
173 200 0 0
177 199 0 0
176 199 0 0
175 199 0 0
174 199 0 0
173 199 0 0
177 198 0 0
176 198 0 0
175 198 0 0
174 198 0 0
173 198 0 0
177 197 0 0
176 197 0 0
175 197 0 0
174 197 0 0
173 197 0 0
172 197 0 0
176 196 0 0
175 196 0 0
174 196 0 0
173 196 0 0
172 196 0 0
176 195 0 0
175 195 0 0
174 195 0 0
173 195 0 0
172 195 0 0
176 194 0 0
175 194 0 0
174 194 0 0
173 194 0 0
172 194 0 0
176 193 0 0
175 193 0 0
174 193 0 0
173 193 0 0
172 193 0 0
176 192 0 0
175 192 0 0
174 192 0 0
173 192 0 0
172 192 0 0
176 191 0 0
175 191 0 0
174 191 0 0
173 191 0 0
172 191 0 0
171 191 0 0
175 190 0 0
174 190 0 0
173 190 0 0
172 190 0 0
171 190 0 0
175 189 0 0
174 189 0 0
173 189 0 0
172 189 0 0
171 189 0 0
175 188 0 0
174 188 0 0
173 188 0 0
172 188 0 0
171 188 0 0
175 187 0 0
174 187 0 0
173 187 0 0
172 187 0 0
171 187 0 0
175 186 0 0
174 186 0 0
173 186 0 0
172 186 0 0
171 186 0 0
175 185 0 0
174 185 0 0
173 185 0 0
172 185 0 0
171 185 0 0
174 184 0 0
173 184 0 0
172 184 0 0
171 184 0 0
170 184 0 0
174 183 0 0
173 183 0 0
172 183 0 0
171 183 0 0
170 183 0 0
174 182 0 0
173 182 0 0
172 182 0 0
171 182 0 0
170 182 0 0
174 181 0 0
173 181 0 0
172 181 0 0
171 181 0 0
170 181 0 0
174 180 0 0
173 180 0 0
172 180 0 0
171 180 0 0
170 180 0 0
174 179 0 0
173 179 0 0
172 179 0 0
171 179 0 0
170 179 0 0
173 178 0 0
172 178 0 0
171 178 0 0
170 178 0 0
169 178 0 0
173 177 0 0
172 177 0 0
171 177 0 0
170 177 0 0
169 177 0 0
173 176 0 0
172 176 0 0
171 176 0 0
170 176 0 0
169 176 0 0
173 175 0 0
172 175 0 0
171 175 0 0
170 175 0 0
169 175 0 0
173 174 0 0
172 174 0 0
171 174 0 0
170 174 0 0
169 174 0 0
173 173 0 0
172 173 0 0
171 173 0 0
170 173 0 0
169 173 0 0
172 172 0 0
171 172 0 0
170 172 0 0
169 172 0 0
168 172 0 0
172 171 0 0
171 171 0 0
170 171 0 0
169 171 0 0
168 171 0 0
172 170 0 0
171 170 0 0
170 170 0 0
169 170 0 0
168 170 0 0
172 169 0 0
171 169 0 0
170 169 0 0
169 169 0 0
168 169 0 0
172 168 0 0
171 168 0 0
170 168 0 0
169 168 0 0
168 168 0 0
172 167 0 0
171 167 0 0
170 167 0 0
169 167 0 0
168 167 0 0
167 167 0 0
171 166 0 0
170 166 0 0
169 166 0 0
168 166 0 0
167 166 0 0
171 165 0 0
170 165 0 0
169 165 0 0
168 165 0 0
167 165 0 0
171 164 0 0
170 164 0 0
169 164 0 0
168 164 0 0
167 164 0 0
171 163 0 0
170 163 0 0
169 163 0 0
168 163 0 0
167 163 0 0
166 163 0 0
170 162 0 0
169 162 0 0
168 162 0 0
167 162 0 0
166 162 0 0
170 161 0 0
169 161 0 0
168 161 0 0
167 161 0 0
166 161 0 0
170 160 0 0
169 160 0 0
168 160 0 0
167 160 0 0
166 160 0 0
170 159 0 0
169 159 0 0
168 159 0 0
167 159 0 0
166 159 0 0
165 159 0 0
169 158 0 0
168 158 0 0
167 158 0 0
166 158 0 0
165 158 0 0
169 157 0 0
168 157 0 0
167 157 0 0
166 157 0 0
165 157 0 0
169 156 0 0
168 156 0 0
167 156 0 0
166 156 0 0
165 156 0 0
164 156 0 0
169 155 0 0
168 155 0 0
167 155 0 0
166 155 0 0
165 155 0 0
164 155 0 0
168 154 0 0
167 154 0 0
166 154 0 0
165 154 0 0
164 154 0 0
163 154 0 0
167 153 0 0
166 153 0 0
165 153 0 0
164 153 0 0
163 153 0 0
162 153 0 0
167 152 0 0
166 152 0 0
165 152 0 0
164 152 0 0
163 152 0 0
162 152 0 0
166 151 0 0
165 151 0 0
164 151 0 0
163 151 0 0
162 151 0 0
166 150 0 0
165 150 0 0
164 150 0 0
163 150 0 0
162 150 0 0
346 117 0 0
345 117 0 0
344 117 0 0
343 117 0 0
342 117 0 0
346 116 0 0
345 116 0 0
344 116 0 0
343 116 0 0
342 116 0 0
341 116 0 0
346 115 0 0
345 115 0 0
344 115 0 0
343 115 0 0
342 115 0 0
341 115 0 0
340 115 0 0
339 115 0 0
346 114 0 0
345 114 0 0
344 114 0 0
343 114 0 0
342 114 0 0
341 114 0 0
340 114 0 0
339 114 0 0
338 114 0 0
345 113 0 0
344 113 0 0
343 113 0 0
342 113 0 0
341 113 0 0
340 113 0 0
339 113 0 0
338 113 0 0
337 113 0 0
336 113 0 0
343 112 0 0
342 112 0 0
341 112 0 0
340 112 0 0
339 112 0 0
338 112 0 0
337 112 0 0
336 112 0 0
335 112 0 0
334 112 0 0
342 111 0 0
341 111 0 0
340 111 0 0
339 111 0 0
338 111 0 0
337 111 0 0
336 111 0 0
335 111 0 0
334 111 0 0
333 111 0 0
332 111 0 0
331 111 0 0
340 110 0 0
339 110 0 0
338 110 0 0
337 110 0 0
336 110 0 0
335 110 0 0
334 110 0 0
333 110 0 0
332 110 0 0
331 110 0 0
330 110 0 0
329 110 0 0
339 109 0 0
338 109 0 0
337 109 0 0
336 109 0 0
335 109 0 0
334 109 0 0
333 109 0 0
332 109 0 0
331 109 0 0
330 109 0 0
329 109 0 0
328 109 0 0
336 108 0 0
335 108 0 0
334 108 0 0
333 108 0 0
332 108 0 0
331 108 0 0
330 108 0 0
329 108 0 0
328 108 0 0
327 108 0 0
326 108 0 0
334 107 0 0
333 107 0 0
332 107 0 0
331 107 0 0
330 107 0 0
329 107 0 0
328 107 0 0
327 107 0 0
326 107 0 0
325 107 0 0
324 107 0 0
332 106 0 0
331 106 0 0
330 106 0 0
329 106 0 0
328 106 0 0
327 106 0 0
326 106 0 0
325 106 0 0
324 106 0 0
323 106 0 0
330 105 0 0
329 105 0 0
328 105 0 0
327 105 0 0
326 105 0 0
325 105 0 0
324 105 0 0
323 105 0 0
322 105 0 0
328 104 0 0
327 104 0 0
326 104 0 0
325 104 0 0
324 104 0 0
323 104 0 0
322 104 0 0
321 104 0 0
327 103 0 0
326 103 0 0
325 103 0 0
324 103 0 0
323 103 0 0
322 103 0 0
321 103 0 0
320 103 0 0
325 102 0 0
324 102 0 0
323 102 0 0
322 102 0 0
321 102 0 0
320 102 0 0
319 102 0 0
324 101 0 0
323 101 0 0
322 101 0 0
321 101 0 0
320 101 0 0
319 101 0 0
318 101 0 0
323 100 0 0
322 100 0 0
321 100 0 0
320 100 0 0
319 100 0 0
318 100 0 0
317 100 0 0
322 99 0 0
321 99 0 0
320 99 0 0
319 99 0 0
318 99 0 0
317 99 0 0
316 99 0 0
315 99 0 0
321 98 0 0
320 98 0 0
319 98 0 0
318 98 0 0
317 98 0 0
316 98 0 0
315 98 0 0
314 98 0 0
320 97 0 0
319 97 0 0
318 97 0 0
317 97 0 0
316 97 0 0
315 97 0 0
314 97 0 0
313 97 0 0
312 97 0 0
319 96 0 0
318 96 0 0
317 96 0 0
316 96 0 0
315 96 0 0
314 96 0 0
313 96 0 0
312 96 0 0
311 96 0 0
318 95 0 0
317 95 0 0
316 95 0 0
315 95 0 0
314 95 0 0
313 95 0 0
312 95 0 0
311 95 0 0
310 95 0 0
316 94 0 0
315 94 0 0
314 94 0 0
313 94 0 0
312 94 0 0
311 94 0 0
310 94 0 0
309 94 0 0
308 94 0 0
315 93 0 0
314 93 0 0
313 93 0 0
312 93 0 0
311 93 0 0
310 93 0 0
309 93 0 0
308 93 0 0
307 93 0 0
270 93 0 1
269 93 0 1
268 93 0 1
267 93 0 1
313 92 0 0
312 92 0 0
311 92 0 0
310 92 0 0
309 92 0 0
308 92 0 0
307 92 0 0
306 92 0 0
270 92 0 1
269 92 0 1
268 92 0 1
267 92 0 1
266 92 0 1
265 92 0 1
264 92 0 1
263 92 0 1
262 92 0 1
261 92 0 1
260 92 0 1
259 92 0 1
258 92 0 1
312 91 0 0
311 91 0 0
310 91 0 0
309 91 0 0
308 91 0 0
307 91 0 0
306 91 0 0
305 91 0 0
304 91 0 0
270 91 0 1
269 91 0 1
268 91 0 1
267 91 0 1
266 91 0 1
265 91 0 1
264 91 0 1
263 91 0 1
262 91 0 1
261 91 0 1
260 91 0 1
259 91 0 1
258 91 0 1
257 91 0 1
256 91 0 1
255 91 0 1
311 90 0 0
310 90 0 0
309 90 0 0
308 90 0 0
307 90 0 0
306 90 0 0
305 90 0 0
304 90 0 0
303 90 0 0
270 90 0 1
269 90 0 1
268 90 0 1
267 90 0 1
266 90 0 1
265 90 0 1
264 90 0 1
263 90 0 1
262 90 0 1
261 90 0 1
260 90 0 1
259 90 0 1
258 90 0 1
257 90 0 1
256 90 0 1
255 90 0 1
254 90 0 1
253 90 0 1
252 90 0 1
251 90 0 1
309 89 0 0
308 89 0 0
307 89 0 0
306 89 0 0
305 89 0 0
304 89 0 0
303 89 0 0
302 89 0 0
269 89 0 1
268 89 0 1
267 89 0 1
266 89 0 1
265 89 0 1
264 89 0 1
263 89 0 1
262 89 0 1
261 89 0 1
260 89 0 1
259 89 0 1
258 89 0 1
257 89 0 1
256 89 0 1
255 89 0 1
254 89 0 1
253 89 0 1
252 89 0 1
251 89 0 1
250 89 0 1
249 89 0 1
308 88 0 0
307 88 0 0
306 88 0 0
305 88 0 0
304 88 0 0
303 88 0 0
302 88 0 0
301 88 0 0
300 88 0 0
262 88 0 1
261 88 0 1
260 88 0 1
259 88 0 1
258 88 0 1
257 88 0 1
256 88 0 1
255 88 0 1
254 88 0 1
253 88 0 1
252 88 0 1
251 88 0 1
250 88 0 1
249 88 0 1
248 88 0 1
247 88 0 1
307 87 0 0
306 87 0 0
305 87 0 0
304 87 0 0
303 87 0 0
302 87 0 0
301 87 0 0
300 87 0 0
299 87 0 0
259 87 0 1
258 87 0 1
257 87 0 1
256 87 0 1
255 87 0 1
254 87 0 1
253 87 0 1
252 87 0 1
251 87 0 1
250 87 0 1
249 87 0 1
248 87 0 1
247 87 0 1
246 87 0 1
245 87 0 1
244 87 0 1
305 86 0 0
304 86 0 0
303 86 0 0
302 86 0 0
301 86 0 0
300 86 0 0
299 86 0 0
298 86 0 0
256 86 0 1
255 86 0 1
254 86 0 1
253 86 0 1
252 86 0 1
251 86 0 1
250 86 0 1
249 86 0 1
248 86 0 1
247 86 0 1
246 86 0 1
245 86 0 1
244 86 0 1
243 86 0 1
242 86 0 1
241 86 0 1
240 86 0 1
304 85 0 0
303 85 0 0
302 85 0 0
301 85 0 0
300 85 0 0
299 85 0 0
298 85 0 0
297 85 0 0
252 85 0 1
251 85 0 1
250 85 0 1
249 85 0 1
248 85 0 1
247 85 0 1
246 85 0 1
245 85 0 1
244 85 0 1
243 85 0 1
242 85 0 1
241 85 0 1
240 85 0 1
239 85 0 1
238 85 0 1
303 84 0 0
302 84 0 0
301 84 0 0
300 84 0 0
299 84 0 0
298 84 0 0
297 84 0 0
296 84 0 0
295 84 0 0
250 84 0 1
249 84 0 1
248 84 0 1
247 84 0 1
246 84 0 1
245 84 0 1
244 84 0 1
243 84 0 1
242 84 0 1
241 84 0 1
240 84 0 1
239 84 0 1
238 84 0 1
237 84 0 1
301 83 0 0
300 83 0 0
299 83 0 0
298 83 0 0
297 83 0 0
296 83 0 0
295 83 0 0
294 83 0 0
248 83 0 1
247 83 0 1
246 83 0 1
245 83 0 1
244 83 0 1
243 83 0 1
242 83 0 1
241 83 0 1
240 83 0 1
239 83 0 1
238 83 0 1
237 83 0 1
236 83 0 1
300 82 0 0
299 82 0 0
298 82 0 0
297 82 0 0
296 82 0 0
295 82 0 0
294 82 0 0
293 82 0 0
245 82 0 1
244 82 0 1
243 82 0 1
242 82 0 1
241 82 0 1
240 82 0 1
239 82 0 1
238 82 0 1
237 82 0 1
236 82 0 1
235 82 0 1
299 81 0 0
298 81 0 0
297 81 0 0
296 81 0 0
295 81 0 0
294 81 0 0
293 81 0 0
292 81 0 0
241 81 0 1
240 81 0 1
239 81 0 1
238 81 0 1
237 81 0 1
236 81 0 1
235 81 0 1
234 81 0 1
298 80 0 0
297 80 0 0
296 80 0 0
295 80 0 0
294 80 0 0
293 80 0 0
292 80 0 0
291 80 0 0
290 80 0 0
239 80 0 1
238 80 0 1
237 80 0 1
236 80 0 1
235 80 0 1
234 80 0 1
233 80 0 1
297 79 0 0
296 79 0 0
295 79 0 0
294 79 0 0
293 79 0 0
292 79 0 0
291 79 0 0
290 79 0 0
289 79 0 0
238 79 0 1
237 79 0 1
236 79 0 1
235 79 0 1
234 79 0 1
233 79 0 1
295 78 0 0
294 78 0 0
293 78 0 0
292 78 0 0
291 78 0 0
290 78 0 0
289 78 0 0
288 78 0 0
287 78 0 0
237 78 0 1
236 78 0 1
235 78 0 1
234 78 0 1
233 78 0 1
232 78 0 1
294 77 0 0
293 77 0 0
292 77 0 0
291 77 0 0
290 77 0 0
289 77 0 0
288 77 0 0
287 77 0 0
286 77 0 0
285 77 0 0
237 77 0 1
236 77 0 1
235 77 0 1
234 77 0 1
233 77 0 1
232 77 0 1
231 77 0 1
293 76 0 0
292 76 0 0
291 76 0 0
290 76 0 0
289 76 0 0
288 76 0 0
287 76 0 0
286 76 0 0
285 76 0 0
284 76 0 0
283 76 0 0
236 76 0 1
235 76 0 1
234 76 0 1
233 76 0 1
232 76 0 1
231 76 0 1
230 76 0 1
291 75 0 0
290 75 0 0
289 75 0 0
288 75 0 0
287 75 0 0
286 75 0 0
285 75 0 0
284 75 0 0
283 75 0 0
282 75 0 0
235 75 0 1
234 75 0 1
233 75 0 1
232 75 0 1
231 75 0 1
230 75 0 1
229 75 0 1
289 74 0 0
288 74 0 0
287 74 0 0
286 74 0 0
285 74 0 0
284 74 0 0
283 74 0 0
282 74 0 0
281 74 0 0
280 74 0 0
234 74 0 1
233 74 0 1
232 74 0 1
231 74 0 1
230 74 0 1
229 74 0 1
288 73 0 0
287 73 0 0
286 73 0 0
285 73 0 0
284 73 0 0
283 73 0 0
282 73 0 0
281 73 0 0
280 73 0 0
279 73 0 0
278 73 0 0
233 73 0 1
232 73 0 1
231 73 0 1
230 73 0 1
229 73 0 1
228 73 0 1
286 72 0 0
285 72 0 0
284 72 0 0
283 72 0 0
282 72 0 0
281 72 0 0
280 72 0 0
279 72 0 0
278 72 0 0
277 72 0 0
233 72 0 1
232 72 0 1
231 72 0 1
230 72 0 1
229 72 0 1
228 72 0 1
284 71 0 0
283 71 0 0
282 71 0 0
281 71 0 0
280 71 0 0
279 71 0 0
278 71 0 0
277 71 0 0
276 71 0 0
275 71 0 0
232 71 0 1
231 71 0 1
230 71 0 1
229 71 0 1
228 71 0 1
227 71 0 1
282 70 0 0
281 70 0 0
280 70 0 0
279 70 0 0
278 70 0 0
277 70 0 0
276 70 0 0
275 70 0 0
274 70 0 0
232 70 0 1
231 70 0 1
230 70 0 1
229 70 0 1
228 70 0 1
227 70 0 1
281 69 0 0
280 69 0 0
279 69 0 0
278 69 0 0
277 69 0 0
276 69 0 0
275 69 0 0
274 69 0 0
273 69 0 0
231 69 0 1
230 69 0 1
229 69 0 1
228 69 0 1
227 69 0 1
279 68 0 0
278 68 0 0
277 68 0 0
276 68 0 0
275 68 0 0
274 68 0 0
273 68 0 0
272 68 0 0
231 68 0 1
230 68 0 1
229 68 0 1
228 68 0 1
227 68 0 1
278 67 0 0
277 67 0 0
276 67 0 0
275 67 0 0
274 67 0 0
273 67 0 0
272 67 0 0
271 67 0 0
270 67 0 0
230 67 0 1
229 67 0 1
228 67 0 1
227 67 0 1
226 67 0 1
277 66 0 0
276 66 0 0
275 66 0 0
274 66 0 0
273 66 0 0
272 66 0 0
271 66 0 0
270 66 0 0
269 66 0 0
230 66 0 1
229 66 0 1
228 66 0 1
227 66 0 1
226 66 0 1
275 65 0 0
274 65 0 0
273 65 0 0
272 65 0 0
271 65 0 0
270 65 0 0
269 65 0 0
268 65 0 0
230 65 0 1
229 65 0 1
228 65 0 1
227 65 0 1
226 65 0 1
274 64 0 0
273 64 0 0
272 64 0 0
271 64 0 0
270 64 0 0
269 64 0 0
268 64 0 0
267 64 0 0
229 64 0 1
228 64 0 1
227 64 0 1
226 64 0 1
273 63 0 0
272 63 0 0
271 63 0 0
270 63 0 0
269 63 0 0
268 63 0 0
267 63 0 0
266 63 0 0
229 63 0 1
228 63 0 1
227 63 0 1
226 63 0 1
225 63 0 1
271 62 0 0
270 62 0 0
269 62 0 0
268 62 0 0
267 62 0 0
266 62 0 0
265 62 0 0
229 62 0 1
228 62 0 1
227 62 0 1
226 62 0 1
225 62 0 1
270 61 0 0
269 61 0 0
268 61 0 0
267 61 0 0
266 61 0 0
265 61 0 0
264 61 0 0
229 61 0 1
228 61 0 1
227 61 0 1
226 61 0 1
225 61 0 1
269 60 0 0
268 60 0 0
267 60 0 0
266 60 0 0
265 60 0 0
264 60 0 0
263 60 0 0
228 60 0 1
227 60 0 1
226 60 0 1
225 60 0 1
268 59 0 0
267 59 0 0
266 59 0 0
265 59 0 0
264 59 0 0
263 59 0 0
262 59 0 0
228 59 0 1
227 59 0 1
226 59 0 1
225 59 0 1
224 59 0 1
267 58 0 0
266 58 0 0
265 58 0 0
264 58 0 0
263 58 0 0
262 58 0 0
261 58 0 0
228 58 0 1
227 58 0 1
226 58 0 1
225 58 0 1
224 58 0 1
266 57 0 0
265 57 0 0
264 57 0 0
263 57 0 0
262 57 0 0
261 57 0 0
260 57 0 0
228 57 0 1
227 57 0 1
226 57 0 1
225 57 0 1
224 57 0 1
223 57 0 1
265 56 0 0
264 56 0 0
263 56 0 0
262 56 0 0
261 56 0 0
260 56 0 0
259 56 0 0
228 56 0 1
227 56 0 1
226 56 0 1
225 56 0 1
224 56 0 1
223 56 0 1
264 55 0 0
263 55 0 0
262 55 0 0
261 55 0 0
260 55 0 0
259 55 0 0
258 55 0 0
227 55 0 1
226 55 0 1
225 55 0 1
224 55 0 1
223 55 0 1
263 54 0 0
262 54 0 0
261 54 0 0
260 54 0 0
259 54 0 0
258 54 0 0
257 54 0 0
227 54 0 1
226 54 0 1
225 54 0 1
224 54 0 1
223 54 0 1
262 53 0 0
261 53 0 0
260 53 0 0
259 53 0 0
258 53 0 0
257 53 0 0
256 53 0 0
226 53 0 1
225 53 0 1
224 53 0 1
223 53 0 1
261 52 0 0
260 52 0 0
259 52 0 0
258 52 0 0
257 52 0 0
256 52 0 0
255 52 0 0
226 52 0 1
225 52 0 1
224 52 0 1
223 52 0 1
222 52 0 1
260 51 0 0
259 51 0 0
258 51 0 0
257 51 0 0
256 51 0 0
255 51 0 0
254 51 0 0
226 51 0 1
225 51 0 1
224 51 0 1
223 51 0 1
222 51 0 1
259 50 0 0
258 50 0 0
257 50 0 0
256 50 0 0
255 50 0 0
254 50 0 0
253 50 0 0
226 50 0 1
225 50 0 1
224 50 0 1
223 50 0 1
222 50 0 1
258 49 0 0
257 49 0 0
256 49 0 0
255 49 0 0
254 49 0 0
253 49 0 0
252 49 0 0
226 49 0 1
225 49 0 1
224 49 0 1
223 49 0 1
222 49 0 1
221 49 0 1
257 48 0 0
256 48 0 0
255 48 0 0
254 48 0 0
253 48 0 0
252 48 0 0
226 48 0 1
225 48 0 1
224 48 0 1
223 48 0 1
222 48 0 1
221 48 0 1
256 47 0 0
255 47 0 0
254 47 0 0
253 47 0 0
252 47 0 0
251 47 0 0
225 47 0 1
224 47 0 1
223 47 0 1
222 47 0 1
221 47 0 1
255 46 0 0
254 46 0 0
253 46 0 0
252 46 0 0
251 46 0 0
225 46 0 1
224 46 0 1
223 46 0 1
222 46 0 1
221 46 0 1
255 45 0 0
254 45 0 0
253 45 0 0
252 45 0 0
251 45 0 0
225 45 0 1
224 45 0 1
223 45 0 1
222 45 0 1
221 45 0 1
254 44 0 0
253 44 0 0
252 44 0 0
251 44 0 0
224 44 0 1
223 44 0 1
222 44 0 1
221 44 0 1
254 43 0 0
253 43 0 0
252 43 0 0
251 43 0 0
224 43 0 1
223 43 0 1
222 43 0 1
221 43 0 1
224 42 0 1
223 42 0 1
222 42 0 1
221 42 0 1
224 41 0 1
223 41 0 1
222 41 0 1
221 41 0 1
224 40 0 1
223 40 0 1
222 40 0 1
221 40 0 1
224 39 0 1
223 39 0 1
222 39 0 1
221 39 0 1
224 38 0 1
223 38 0 1
222 38 0 1
221 38 0 1
224 37 0 1
223 37 0 1
222 37 0 1
221 37 0 1
224 36 0 1
223 36 0 1
222 36 0 1
221 36 0 1
224 35 0 1
223 35 0 1
222 35 0 1
221 35 0 1
224 34 0 1
223 34 0 1
222 34 0 1
221 34 0 1
224 33 0 1
223 33 0 1
222 33 0 1
221 33 0 1
224 32 0 1
223 32 0 1
222 32 0 1
221 32 0 1
224 31 0 1
223 31 0 1
222 31 0 1
221 31 0 1
224 30 0 1
223 30 0 1
222 30 0 1
221 30 0 1
224 29 0 1
223 29 0 1
222 29 0 1
221 29 0 1
224 28 0 1
223 28 0 1
222 28 0 1
221 28 0 1
224 27 0 1
223 27 0 1
222 27 0 1
221 27 0 1
